3500.0			1.0
3500.9			1.0
3501.8			1.0
3502.7			1.0
3503.6			1.0
3504.5			1.0
3505.4			1.0
3506.3			1.0
3507.2			1.0
3508.1			1.0
3509.0			1.0
3509.9			1.0
3510.8			1.0
3511.7			1.0
3512.6			1.0
3513.5			1.0
3514.4			1.0
3515.3			1.0
3516.2			1.0
3517.1			1.0
3518.0			1.0
3518.9			1.0
3519.8			1.0
3520.7			1.0
3521.6			1.0
3522.5			1.0
3523.4			1.0
3524.3			1.0
3525.2			1.0
3526.1			1.0
3527.0			1.0
3527.9			1.0
3528.8			1.0
3529.7			1.0
3530.6			1.0
3531.5			1.0
3532.4			1.0
3533.3			1.0
3534.2			1.0
3535.1			1.0
3536.0			1.0
3536.9			1.0
3537.8			1.0
3538.7			1.0
3539.6			1.0
3540.5			1.0
3541.4			1.0
3542.3			1.0
3543.2			1.0
3544.1			1.0
3545.0			1.0
3545.9			1.0
3546.8			1.0
3547.7			1.0
3548.6			1.0
3549.5			1.0
3550.4			1.0
3551.3			1.0
3552.2			1.0
3553.1			1.0
3554.0			1.0
3554.9			1.0
3555.8			1.0
3556.7			1.0
3557.6			1.0
3558.5			1.0
3559.4			1.0
3560.3			1.0
3561.2			1.0
3562.1			1.0
3563.0			1.0
3563.9			1.0
3564.8			1.0
3565.7			1.0
3566.6			1.0
3567.5			1.0
3568.4			1.0
3569.3			1.0
3570.2			1.0
3571.1			1.0
3572.0			1.0
3572.9			1.0
3573.8			1.0
3574.7			1.0
3575.6			1.0
3576.5			1.0
3577.4			1.0
3578.3			1.0
3579.2			1.0
3580.1			1.0
3581.0			1.0
3581.9			1.0
3582.8			1.0
3583.7			1.0
3584.6			1.0
3585.5			1.0
3586.4			1.0
3587.3			1.0
3588.2			1.0
3589.1			1.0
3590.0			1.0
3590.9			1.0
3591.8			1.0
3592.7			1.0
3593.6			1.0
3594.5			1.0
3595.4			1.0
3596.3			1.0
3597.2			1.0
3598.1			1.0
3599.0			1.0
3599.9			1.0
3600.8			1.0
3601.7			1.0
3602.6			1.0
3603.5			1.0
3604.4			1.0
3605.3			1.0
3606.2			1.0
3607.1			1.0
3608.0			1.0
3608.9			1.0
3609.8			1.0
3610.7			1.0
3611.6			1.0
3612.5			1.0
3613.4			1.0
3614.3			1.0
3615.2			1.0
3616.1			1.0
3617.0			1.0
3617.9			1.0
3618.8			1.0
3619.7			1.0
3620.6			1.0
3621.5			1.0
3622.4			1.0
3623.3			1.0
3624.2			1.0
3625.1			1.0
3626.0			1.0
3626.9			1.0
3627.8			1.0
3628.7			1.0
3629.6			1.0
3630.5			1.0
3631.4			1.0
3632.3			1.0
3633.2			1.0
3634.1			1.0
3635.0			1.0
3635.9			1.0
3636.8			1.0
3637.7			1.0
3638.6			1.0
3639.5			1.0
3640.4			1.0
3641.3			1.0
3642.2			1.0
3643.1			1.0
3644.0			1.0
3644.9			1.0
3645.8			1.0
3646.7			1.0
3647.6			1.0
3648.5			1.0
3649.4			1.0
3650.3			1.0
3651.2			1.0
3652.1			1.0
3653.0			1.0
3653.9			1.0
3654.8			1.0
3655.7			1.0
3656.6			1.0
3657.5			1.0
3658.4			1.0
3659.3			1.0
3660.2			1.0
3661.1			1.0
3662.0			1.0
3662.9			1.0
3663.8			1.0
3664.7			1.0
3665.6			1.0
3666.5			1.0
3667.4			1.0
3668.3			1.0
3669.2			1.0
3670.1			1.0
3671.0			1.0
3671.9			1.0
3672.8			1.0
3673.7			1.0
3674.6			1.0
3675.5			1.0
3676.4			1.0
3677.3			1.0
3678.2			1.0
3679.1			1.0
3680.0			1.0
3680.9			1.0
3681.8			1.0
3682.7			1.0
3683.6			1.0
3684.5			1.0
3685.4			1.0
3686.3			1.0
3687.2			1.0
3688.1			1.0
3689.0			1.0
3689.9			1.0
3690.8			1.0
3691.7			1.0
3692.6			1.0
3693.5			1.0
3694.4			1.0
3695.3			1.0
3696.2			1.0
3697.1			1.0
3698.0			1.0
3698.9			1.0
3699.8			1.0
3700.7			1.0
3701.6			1.0
3702.5			1.0
3703.4			1.0
3704.3			1.0
3705.2			1.0
3706.1			1.0
3707.0			1.0
3707.9			1.0
3708.8			1.0
3709.7			1.0
3710.6			1.0
3711.5			1.0
3712.4			1.0
3713.3			1.0
3714.2			1.0
3715.1			1.0
3716.0			1.0
3716.9			1.0
3717.8			1.0
3718.7			1.0
3719.6			1.0
3720.5			1.0
3721.4			1.0
3722.3			1.0
3723.2			1.0
3724.1			1.0
3725.0			1.0
3725.9			1.0
3726.8			1.0
3727.7			1.0
3728.6			1.0
3729.5			1.0
3730.4			1.0
3731.3			1.0
3732.2			1.0
3733.1			1.0
3734.0			1.0
3734.9			1.0
3735.8			1.0
3736.7			1.0
3737.6			1.0
3738.5			1.0
3739.4			1.0
3740.3			1.0
3741.2			1.0
3742.1			1.0
3743.0			1.0
3743.9			1.0
3744.8			1.0
3745.7			1.0
3746.6			1.0
3747.5			1.0
3748.4			1.0
3749.3			1.0
3750.2			1.0
3751.1			1.0
3752.0			1.0
3752.9			1.0
3753.8			1.0
3754.7			1.0
3755.6			1.0
3756.5			1.0
3757.4			1.0
3758.3			1.0
3759.2			1.0
3760.1			1.0
3761.0			1.0
3761.9			1.0
3762.8			1.0
3763.7			1.0
3764.6			1.0
3765.5			1.0
3766.4			1.0
3767.3			1.0
3768.2			1.0
3769.1			1.0
3770.0			1.0
3770.9			1.0
3771.8			1.0
3772.7			1.0
3773.6			1.0
3774.5			1.0
3775.4			1.0
3776.3			1.0
3777.2			1.0
3778.1			1.0
3779.0			1.0
3779.9			1.0
3780.8			1.0
3781.7			1.0
3782.6			1.0
3783.5			1.0
3784.4			1.0
3785.3			1.0
3786.2			1.0
3787.1			1.0
3788.0			1.0
3788.9			1.0
3789.8			1.0
3790.7			1.0
3791.6			1.0
3792.5			1.0
3793.4			1.0
3794.3			1.0
3795.2			1.0
3796.1			1.0
3797.0			1.0
3797.9			1.0
3798.8			1.0
3799.7			1.0
3800.6			1.0
3801.5			1.0
3802.4			1.0
3803.3			1.0
3804.2			1.0
3805.1			1.0
3806.0			1.0
3806.9			1.0
3807.8			1.0
3808.7			1.0
3809.6			1.0
3810.5			1.0
3811.4			1.0
3812.3			1.0
3813.2			1.0
3814.1			1.0
3815.0			1.0
3815.9			1.0
3816.8			1.0
3817.7			1.0
3818.6			1.0
3819.5			1.0
3820.4			1.0
3821.3			1.0
3822.2			1.0
3823.1			1.0
3824.0			1.0
3824.9			1.0
3825.8			1.0
3826.7			1.0
3827.6			1.0
3828.5			1.0
3829.4			1.0
3830.3			1.0
3831.2			1.0
3832.1			1.0
3833.0			1.0
3833.9			1.0
3834.8			1.0
3835.7			1.0
3836.6			1.0
3837.5			1.0
3838.4			1.0
3839.3			1.0
3840.2			1.0
3841.1			1.0
3842.0			1.0
3842.9			1.0
3843.8			1.0
3844.7			1.0
3845.6			1.0
3846.5			1.0
3847.4			1.0
3848.3			1.0
3849.2			1.0
3850.1			1.0
3851.0			1.0
3851.9			1.0
3852.8			1.0
3853.7			1.0
3854.6			1.0
3855.5			1.0
3856.4			1.0
3857.3			1.0
3858.2			1.0
3859.1			1.0
3860.0			1.0
3860.9			1.0
3861.8			1.0
3862.7			1.0
3863.6			1.0
3864.5			1.0
3865.4			1.0
3866.3			1.0
3867.2			1.0
3868.1			1.0
3869.0			1.0
3869.9			1.0
3870.8			1.0
3871.7			1.0
3872.6			1.0
3873.5			1.0
3874.4			1.0
3875.3			1.0
3876.2			1.0
3877.1			1.0
3878.0			1.0
3878.9			1.0
3879.8			1.0
3880.7			1.0
3881.6			1.0
3882.5			1.0
3883.4			1.0
3884.3			1.0
3885.2			1.0
3886.1			1.0
3887.0			1.0
3887.9			1.0
3888.8			1.0
3889.7			1.0
3890.6			1.0
3891.5			1.0
3892.4			1.0
3893.3			1.0
3894.2			1.0
3895.1			1.0
3896.0			1.0
3896.9			1.0
3897.8			1.0
3898.7			1.0
3899.6			1.0
3900.5			1.0
3901.4			1.0
3902.3			1.0
3903.2			1.0
3904.1			1.0
3905.0			1.0
3905.9			1.0
3906.8			1.0
3907.7			1.0
3908.6			1.0
3909.5			1.0
3910.4			1.0
3911.3			1.0
3912.2			1.0
3913.1			1.0
3914.0			1.0
3914.9			1.0
3915.8			1.0
3916.7			1.0
3917.6			1.0
3918.5			1.0
3919.4			1.0
3920.3			1.0
3921.2			1.0
3922.1			1.0
3923.0			1.0
3923.9			1.0
3924.8			1.0
3925.7			1.0
3926.6			1.0
3927.5			1.0
3928.4			1.0
3929.3			1.0
3930.2			1.0
3931.1			1.0
3932.0			1.0
3932.9			1.0
3933.8			1.0
3934.7			1.0
3935.6			1.0
3936.5			1.0
3937.4			1.0
3938.3			1.0
3939.2			1.0
3940.1			1.0
3941.0			1.0
3941.9			1.0
3942.8			1.0
3943.7			1.0
3944.6			1.0
3945.5			1.0
3946.4			1.0
3947.3			1.0
3948.2			1.0
3949.1			1.0
3950.0			1.0
3950.9			1.0
3951.8			1.0
3952.7			1.0
3953.6			1.0
3954.5			1.0
3955.4			1.0
3956.3			1.0
3957.2			1.0
3958.1			1.0
3959.0			1.0
3959.9			1.0
3960.8			1.0
3961.7			1.0
3962.6			1.0
3963.5			1.0
3964.4			1.0
3965.3			1.0
3966.2			1.0
3967.1			1.0
3968.0			1.0
3968.9			1.0
3969.8			1.0
3970.7			1.0
3971.6			1.0
3972.5			1.0
3973.4			1.0
3974.3			1.0
3975.2			1.0
3976.1			1.0
3977.0			1.0
3977.9			1.0
3978.8			1.0
3979.7			1.0
3980.6			1.0
3981.5			1.0
3982.4			1.0
3983.3			1.0
3984.2			1.0
3985.1			1.0
3986.0			1.0
3986.9			1.0
3987.8			1.0
3988.7			1.0
3989.6			1.0
3990.5			1.0
3991.4			1.0
3992.3			1.0
3993.2			1.0
3994.1			1.0
3995.0			1.0
3995.9			1.0
3996.8			1.0
3997.7			1.0
3998.6			1.0
3999.5			1.0
4000.4			1.0
4001.3			1.0
4002.2			1.0
4003.1			1.045929667773825
4004.0			0.9964870671895987
4004.9			0.8490888864926249
4005.8			0.7627962953409331
4006.7			0.8133099241770694
4007.6			0.931590028555586
4008.5			1.002007015927025
4009.4			1.0
4010.3			1.0
4011.2			1.0
4012.1			1.0
4013.0			1.0
4013.9			1.0
4014.8			1.0
4015.7			1.0
4016.6			1.0
4017.5			1.0
4018.4			1.0
4019.3			1.0
4020.2			1.0
4021.1			1.0
4022.0			1.0
4022.9			1.0
4023.8			1.0
4024.7			1.0
4025.6			1.0
4026.5			1.048376663050885
4027.4			1.0730941143927168
4028.3			1.0652879814861305
4029.2			0.993248053281461
4030.1			0.8585327740705444
4031.0			0.7536983619964327
4031.9			0.7327964955531806
4032.8			0.7359817033973893
4033.7			0.7426117854930092
4034.6			0.7821089092397144
4035.5			0.8415016631797644
4036.4			0.9184726617464762
4037.3			0.9973150044201234
4038.2			1.0
4039.1			1.0
4040.0			1.0
4040.9			1.0
4041.8			1.0058821387224044
4042.7			1.0286233959296867
4043.6			0.9618453383627581
4044.5			0.7859451694751343
4045.4			0.63007740841333
4046.3			0.6305046392897479
4047.2			0.7810728504119295
4048.1			0.9321418248867421
4049.0			0.999360398665407
4049.9			1.0
4050.8			1.0
4051.7			1.0
4052.6			1.0
4053.5			1.0
4054.4			1.0
4055.3			1.0
4056.2			1.0
4057.1			1.0
4058.0			1.0
4058.9			1.0
4059.8			1.0987480234768574
4060.7			1.1537620637204762
4061.6			1.0856707585510343
4062.5			0.9271677472778753
4063.4			0.7964866705629381
4064.3			0.8144095174813457
4065.2			0.9393976813350257
4066.1			1.0074243726841692
4067.0			0.9999776079727606
4067.9			1.0
4068.8			1.0
4069.7			1.0
4070.6			1.0
4071.5			1.0
4072.4			1.0
4073.3			1.0
4074.2			1.055444000489443
4075.1			1.0023463569970137
4076.0			0.8898739573576137
4076.9			0.7882821045655337
4077.8			0.7561120320331279
4078.7			0.7945567641356858
4079.6			0.858866061676706
4080.5			0.9336995459408338
4081.4			0.983835577315784
4082.3			1.0
4083.2			1.0
4084.1			1.0
4085.0			1.0
4085.9			1.0
4086.8			1.0
4087.7			1.0
4088.6			1.0
4089.5			1.0
4090.4			1.0
4091.3			1.0
4092.2			1.0
4093.1			1.0
4094.0			1.032770548819356
4094.9			0.9937276146406696
4095.8			0.9189360880462316
4096.7			0.8792245275481423
4097.6			0.8848197398003276
4098.5			0.9087789580109659
4099.4			0.9111007467098038
4100.3			0.8638076770640942
4101.2			0.8017016887195405
4102.1			0.7959643139705863
4103.0			0.8581351937972926
4103.9			0.9270473730052708
4104.8			0.9723709653006682
4105.7			1.0145275273937036
4106.6			1.0451829348689317
4107.5			1.051178811197709
4108.4			1.035674402757114
4109.3			1.0064275881285731
4110.2			0.9970740790143489
4111.1			1.0
4112.0			1.0
4112.9			1.0
4113.8			1.0
4114.7			1.0
4115.6			1.0
4116.5			1.0
4117.4			1.0
4118.3			1.0
4119.2			1.0
4120.1			1.0
4121.0			1.0
4121.9			1.0
4122.8			1.0
4123.7			1.0
4124.6			1.0
4125.5			1.0
4126.4			1.0
4127.3			1.0
4128.2			1.0
4129.1			1.0087048952667437
4130.0			1.0082246722226977
4130.9			0.9643415952326505
4131.8			0.8778165083624055
4132.7			0.8102437143905615
4133.6			0.8091974958866233
4134.5			0.8632901518187402
4135.4			0.946527763211848
4136.3			1.0035399020735452
4137.2			1.0
4138.1			1.0
4139.0			1.0
4139.9			1.0
4140.8			0.9895152860708052
4141.7			0.9263654960524267
4142.6			0.8170468287566731
4143.5			0.7421481179705172
4144.4			0.7870705925715697
4145.3			0.9082979599301199
4146.2			0.9925668951714098
4147.1			1.0
4148.0			1.0
4148.9			1.0
4149.8			1.0
4150.7			1.0
4151.6			1.0
4152.5			1.0
4153.4			1.0
4154.3			1.0
4155.2			1.0
4156.1			1.0
4157.0			1.0
4157.9			1.0
4158.8			1.0
4159.7			1.0
4160.6			1.0
4161.5			1.0
4162.4			1.0
4163.3			1.0
4164.2			1.0
4165.1			1.0
4166.0			0.9834307319152299
4166.9			0.9330048327061546
4167.8			0.9045480753543521
4168.7			0.9368685871334623
4169.6			0.9727688124901496
4170.5			0.9554647919225127
4171.4			0.8748538548533454
4172.3			0.7896380666929221
4173.2			0.7728802419097269
4174.1			0.8161557221485073
4175.0			0.8628803930081601
4175.9			0.8867949663506861
4176.8			0.88983489698853
4177.7			0.8911530728420449
4178.6			0.9163449352390107
4179.5			0.9738358289105723
4180.4			1.0024562206715664
4181.3			1.0
4182.2			1.0
4183.1			1.0
4184.0			1.0
4184.9			1.0404214045940765
4185.8			1.025597811902539
4186.7			0.9251302788735402
4187.6			0.8457042955096549
4188.5			0.8824246714183995
4189.4			0.9682949053777956
4190.3			1.0
4191.2			0.9708302628609898
4192.1			0.984297598449848
4193.0			1.063576113162093
4193.9			1.090483186422907
4194.8			1.0161971838293729
4195.7			0.9255461090133049
4196.6			0.8880851462986666
4197.5			0.863702407293115
4198.4			0.8151780734414226
4199.3			0.7995997720704714
4200.2			0.825726091683035
4201.1			0.8248446378784955
4202.0			0.8116247804260162
4202.9			0.8558202031778005
4203.8			0.9281468480130506
4204.7			0.9634240224761088
4205.6			0.9785222118697483
4206.5			0.9902877179719626
4207.4			0.9985776948791097
4208.3			1.0
4209.2			1.0
4210.1			1.0
4211.0			1.0
4211.9			1.0
4212.8			1.0
4213.7			0.9905530910431178
4214.6			0.9335822547334233
4215.5			0.8636513933469575
4216.4			0.8522364469492021
4217.3			0.9141010209623724
4218.2			0.9796600463076688
4219.1			1.0109146750400633
4220.0			1.0
4220.9			1.0
4221.8			1.0
4222.7			0.9518259529465894
4223.6			0.8745789030599136
4224.5			0.7769031107705868
4225.4			0.6570521967314211
4226.3			0.5428881118820098
4227.2			0.5376698485812549
4228.1			0.6822525352110668
4229.0			1.0
4229.9			1.098147697306903
4230.8			1.1374817173896314
4231.7			1.132508230034907
4232.6			1.0691590923326193
4233.5			1.0171866627817958
4234.4			1.0035778042354175
4235.3			0.9572927517140453
4236.2			0.896431513323782
4237.1			0.8977545072616266
4238.0			0.9270804611612458
4238.9			0.9269513354012611
4239.8			0.9267906824023938
4240.7			0.969992223010856
4241.6			1.009658913210531
4242.5			0.9941375254154671
4243.4			1.0
4244.3			1.0
4245.2			1.0
4246.1			1.0
4247.0			0.9409338659300964
4247.9			0.897097330433191
4248.8			0.8837883183363089
4249.7			0.8509160948670098
4250.6			0.8443301492988396
4251.5			0.9600065486112593
4252.4			1.0938308571922633
4253.3			1.0917576337045523
4254.2			1.0063460215910727
4255.1			1.0
4256.0			1.0
4256.9			1.0
4257.8			0.9950927418067079
4258.7			0.9043121880285961
4259.6			0.7957300480424397
4260.5			0.7331292696796858
4261.4			0.7777862071791264
4262.3			0.9037133209250751
4263.2			1.0005045456708048
4264.1			1.0
4265.0			1.0
4265.9			1.0
4266.8			0.9812742937457885
4267.7			0.9321579153337227
4268.6			0.9017847872526047
4269.5			0.868692010115272
4270.4			0.7818853692237692
4271.3			0.6694818517025319
4272.2			0.6433668393151818
4273.1			0.705705793469392
4274.0			0.7344209892601807
4274.9			0.7394845397434212
4275.8			0.8116760997104582
4276.7			0.924431826879544
4277.6			0.9998401480857696
4278.5			1.0
4279.4			1.0
4280.3			1.0
4281.2			1.0
4282.1			1.0
4283.0			1.0
4283.9			1.0
4284.8			1.0
4285.7			1.0
4286.6			1.0
4287.5			0.9995930299324987
4288.4			0.9446520094594163
4289.3			0.832363698189991
4290.2			0.7666032470464476
4291.1			0.8156277702786605
4292.0			1.0
4292.9			1.088452707569684
4293.8			1.0830836305690783
4294.7			1.0412621103785278
4295.6			1.0287542734382051
4296.5			1.012009685843511
4297.4			0.9490136494855637
4298.3			0.8526557330443277
4299.2			0.7455088375677335
4300.1			0.6925264864577525
4301.0			0.7271760461089793
4301.9			0.7699814268836995
4302.8			0.7790335442286148
4303.7			0.7949779634849193
4304.6			0.8151613623069792
4305.5			0.8092982217560014
4306.4			0.7767711870288267
4307.3			0.715927806231071
4308.2			0.657596072999182
4309.1			0.6629608262043056
4310.0			0.7260434347706753
4310.9			0.7913715592793581
4311.8			0.8436258639866293
4312.7			0.9040926363173188
4313.6			0.9678986935229225
4314.5			1.0243937148462503
4315.4			1.1240857333983287
4316.3			1.2705317868969168
4317.2			1.3482986272685709
4318.1			1.3225682621699133
4319.0			1.2836086497699075
4319.9			1.2614011143735147
4320.8			1.0
4321.7			0.9723295283187019
4322.6			0.9144895376140257
4323.5			0.8063243672156941
4324.4			0.686299850639394
4325.3			0.6126017376100812
4326.2			0.6378143789684517
4327.1			0.7671708471045912
4328.0			0.9177814838505041
4328.9			1.001797592514295
4329.8			1.0
4330.7			1.0
4331.6			1.0
4332.5			1.0247549130681324
4333.4			1.0394628212753638
4334.3			1.0396346875662328
4335.2			1.033205635767268
4336.1			0.993488319227637
4337.0			0.9040545963505187
4337.9			0.8218293961986659
4338.8			0.7848968333815384
4339.7			0.7639605427547699
4340.6			0.7676369646803425
4341.5			0.8256427932587195
4342.4			0.8948506838107905
4343.3			0.9118777985799196
4344.2			0.9121539027520278
4345.1			0.9514510850204899
4346.0			0.9919802872914757
4346.9			1.0014002726689422
4347.8			1.0
4348.7			1.0
4349.6			1.0331059919222845
4350.5			0.966729303837776
4351.4			0.8385612395205618
4352.3			0.7844126016924234
4353.2			0.8583970273116684
4354.1			0.9589319685737954
4355.0			1.0010867660507101
4355.9			1.0
4356.8			1.0
4357.7			1.0
4358.6			1.0
4359.5			1.0
4360.4			1.0
4361.3			1.0
4362.2			1.0
4363.1			1.0
4364.0			1.0
4364.9			1.0
4365.8			1.0
4366.7			1.0
4367.6			1.0
4368.5			1.0
4369.4			1.0
4370.3			1.0
4371.2			1.0
4372.1			1.003883304435434
4373.0			0.9772182431390541
4373.9			0.9096754572872676
4374.8			0.8598504215347862
4375.7			0.8722304335237376
4376.6			0.9307551306805018
4377.5			0.9994565080783538
4378.4			1.0
4379.3			1.0
4380.2			0.9855733726755685
4381.1			0.9686780771373723
4382.0			0.889844699569761
4382.9			0.7272154687902803
4383.8			0.6037272771752904
4384.7			0.6458199257499349
4385.6			0.8120586554052345
4386.5			0.9592531175799726
4387.4			1.0013105935835995
4388.3			1.0
4389.2			1.0
4390.1			1.0
4391.0			1.0
4391.9			1.0
4392.8			1.0
4393.7			1.0
4394.6			1.0
4395.5			1.0
4396.4			1.0
4397.3			1.0
4398.2			1.0
4399.1			1.0
4400.0			1.0
4400.9			1.0
4401.8			1.0249023071312795
4402.7			1.0532186022605048
4403.6			0.9616947185580933
4404.5			0.8260848295300117
4405.4			0.8182030680075404
4406.3			0.9281675004316515
4407.2			0.9860985456928044
4408.1			0.9700694671708125
4409.0			0.9984680100924122
4409.9			1.0
4410.8			1.0
4411.7			1.0
4412.6			1.0149084520280443
4413.5			0.9863233073737557
4414.4			0.8946830603893451
4415.3			0.8191776798792694
4416.2			0.8461690887153998
4417.1			0.9296750013206727
4418.0			1.0005778509334
4418.9			1.0
4419.8			1.0
4420.7			1.0
4421.6			1.0
4422.5			1.0
4423.4			1.0
4424.3			1.0
4425.2			1.0
4426.1			1.0
4427.0			1.0
4427.9			1.0
4428.8			1.0
4429.7			1.0
4430.6			1.0
4431.5			0.9924990362916072
4432.4			0.9891766576157454
4433.3			0.93691532796796
4434.2			0.8572876019733608
4435.1			0.7996248625801275
4436.0			0.8213649464640232
4436.9			0.907400305353279
4437.8			0.9775752327740748
4438.7			0.9922324098768859
4439.6			1.0
4440.5			1.0
4441.4			1.0
4442.3			1.0
4443.2			1.0
4444.1			1.0
4445.0			1.0
4445.9			1.0
4446.8			0.9760772063412321
4447.7			0.9527140062406159
4448.6			0.9779509674433347
4449.5			0.9978854004526211
4450.4			0.975698160992759
4451.3			0.9622952669642335
4452.2			0.9690943036294237
4453.1			0.9404429094190443
4454.0			0.8560675957311388
4454.9			0.7727972370959264
4455.8			0.7664336357503603
4456.7			0.8171061940938561
4457.6			0.84343955671385
4458.5			0.8330171570563843
4459.4			0.8358533766196534
4460.3			0.8537195015179722
4461.2			0.8479609995795292
4462.1			0.8584422820695098
4463.0			0.9275861096544131
4463.9			0.9900594196205682
4464.8			0.9990643913955778
4465.7			1.0
4466.6			1.0
4467.5			1.0
4468.4			1.0
4469.3			1.0
4470.2			1.0
4471.1			1.0
4472.0			1.0
4472.9			1.0
4473.8			1.0
4474.7			1.0
4475.6			1.0
4476.5			1.0
4477.4			1.0
4478.3			1.0078855057310854
4479.2			0.949065581186349
4480.1			0.8685720200933711
4481.0			0.8147113427587842
4481.9			0.8042656853015521
4482.8			0.8506848216411526
4483.7			0.9253657110205266
4484.6			0.9773108124819824
4485.5			1.0006823868070527
4486.4			1.0
4487.3			1.0
4488.2			1.0
4489.1			1.0
4490.0			1.0
4490.9			1.0
4491.8			1.0332457614908408
4492.7			1.0416742156033876
4493.6			1.001190074577387
4494.5			0.9310312613984669
4495.4			0.897909123624359
4496.3			0.9113592993499875
4497.2			0.9461317056926092
4498.1			0.9816654003151277
4499.0			0.9883673612949447
4499.9			1.0
4500.8			1.0
4501.7			1.0
4502.6			1.0
4503.5			1.0
4504.4			1.0
4505.3			1.0
4506.2			1.0
4507.1			1.0
4508.0			1.0
4508.9			1.0
4509.8			1.0
4510.7			1.0
4511.6			1.0
4512.5			1.0
4513.4			1.0
4514.3			1.0
4515.2			1.0
4516.1			1.0
4517.0			1.0
4517.9			1.0
4518.8			1.0
4519.7			1.0
4520.6			1.0
4521.5			1.0
4522.4			1.0
4523.3			0.9668001048236402
4524.2			0.9620914244026098
4525.1			0.9481019032590629
4526.0			0.9059069238782282
4526.9			0.8611400692670443
4527.8			0.8356821482861894
4528.7			0.828655822691216
4529.6			0.8423014425880249
4530.5			0.8701974636246791
4531.4			0.8954187764647147
4532.3			0.9102132350942473
4533.2			0.8914596242959614
4534.1			0.8486172084647194
4535.0			0.8320233457927227
4535.9			0.8797263504130757
4536.8			1.0
4537.7			1.0825476227908732
4538.6			1.087904528681344
4539.5			1.049014274333993
4540.4			1.0091822264560628
4541.3			0.9931853856457559
4542.2			1.011385253488514
4543.1			1.0323884666868304
4544.0			1.013866445572974
4544.9			0.9739573908903434
4545.8			0.9575640212776438
4546.7			0.960432012471028
4547.6			0.95579479532613
4548.5			0.9257373788757631
4549.4			0.8939194192411005
4550.3			0.9055897077643351
4551.2			0.9423049780984569
4552.1			0.9562515734703133
4553.0			0.9401591201848462
4553.9			0.9096834342048201
4554.8			0.8881756897403099
4555.7			0.8986841891251933
4556.6			0.9417213794592105
4557.5			0.9876946524427622
4558.4			1.0087217460755955
4559.3			1.0094619715319204
4560.2			1.0022048606963452
4561.1			0.9983750802473822
4562.0			1.0
4562.9			0.982008967313981
4563.8			0.9432847779358023
4564.7			0.9103207847753289
4565.6			0.9063975977894196
4566.5			0.9390150811524646
4567.4			0.9825420695159861
4568.3			1.000066497191002
4569.2			1.0
4570.1			1.0
4571.0			1.0
4571.9			1.0
4572.8			1.0345555150269268
4573.7			1.0753012207528643
4574.6			1.0724810406362577
4575.5			1.056421263787323
4576.4			1.0523731699188588
4577.3			1.0450136372559724
4578.2			1.0197990320383923
4579.1			0.9744646983042826
4580.0			0.9249017334704213
4580.9			0.9019324615572445
4581.8			0.9197834156838107
4582.7			0.9452565460023223
4583.6			0.9433310037655485
4584.5			1.0
4585.4			0.9788103138879127
4586.3			0.976699470114252
4587.2			1.0183272477346645
4588.1			1.0664889028382687
4589.0			1.088612580779279
4589.9			1.0787256161148988
4590.8			1.0373460133871089
4591.7			0.9902077244617703
4592.6			0.9735246959713257
4593.5			0.9945185359306385
4594.4			1.0115487292179957
4595.3			1.0030446903757233
4596.2			0.996612589258623
4597.1			0.9914463282791731
4598.0			0.9831238504258345
4598.9			0.9859879228449958
4599.8			0.9725610924686557
4600.7			0.9512981597203196
4601.6			0.958415682302177
4602.5			0.9751479027563004
4603.4			0.9870608399161279
4604.3			0.9884776022944718
4605.2			0.9806497130413155
4606.1			0.9871789398351819
4607.0			1.0104230231563502
4607.9			1.0402195991577998
4608.8			1.0705594139175776
4609.7			1.0717966974621325
4610.6			1.03333217797129
4611.5			0.9962349965142449
4612.4			0.9831844675887292
4613.3			0.9773985246732385
4614.2			0.9906658279675372
4615.1			1.0067744959158929
4616.0			0.9981898421777708
4616.9			1.0
4617.8			1.0
4618.7			1.0
4619.6			1.0
4620.5			1.0
4621.4			1.0
4622.3			1.0
4623.2			1.0
4624.1			1.0
4625.0			1.0
4625.9			1.0
4626.8			1.0
4627.7			1.0
4628.6			1.0
4629.5			1.0
4630.4			1.0
4631.3			1.0
4632.2			1.0
4633.1			1.0
4634.0			1.0
4634.9			1.0
4635.8			1.0
4636.7			1.0
4637.6			1.0
4638.5			1.0
4639.4			1.0
4640.3			1.0
4641.2			1.0
4642.1			1.02471767257779
4643.0			1.0143927812009679
4643.9			0.9940580172047203
4644.8			0.9774630463055412
4645.7			0.9419712475547458
4646.6			0.9010065192660438
4647.5			0.8903503038809973
4648.4			0.9082509483825898
4649.3			0.9443066107922149
4650.2			0.9796868562328872
4651.1			0.9866513025176004
4652.0			0.987477558480555
4652.9			0.9993741058444232
4653.8			1.0
4654.7			1.0
4655.6			1.0
4656.5			1.0
4657.4			1.0
4658.3			1.0
4659.2			1.0
4660.1			1.0
4661.0			1.0
4661.9			1.0
4662.8			1.0
4663.7			0.9880549985273673
4664.6			0.9756875587956642
4665.5			0.9390019905038156
4666.4			0.8658723625636398
4667.3			0.7989125351905293
4668.2			0.8045725051747904
4669.1			0.8811903100648905
4670.0			0.9614466955931927
4670.9			1.000980477625241
4671.8			1.0
4672.7			1.0
4673.6			1.0
4674.5			1.0
4675.4			1.027015003980135
4676.3			1.047084694560474
4677.2			1.034816973747108
4678.1			0.9845092324761816
4679.0			0.9377491848635734
4679.9			0.9239724442525485
4680.8			0.9282030237614218
4681.7			0.9371299836261294
4682.6			0.9589930797331057
4683.5			0.9885924933890093
4684.4			1.0002090334016907
4685.3			1.0
4686.2			1.0
4687.1			1.0
4688.0			1.0
4688.9			1.0
4689.8			1.0
4690.7			1.0
4691.6			1.0017883673964292
4692.5			1.0230211788873111
4693.4			1.0444450114790715
4694.3			1.0593436429393905
4695.2			1.0783991519692506
4696.1			1.086227894142973
4697.0			1.0623535119639458
4697.9			1.014438940839116
4698.8			0.9732491879958344
4699.7			0.9667434056882819
4700.6			0.9775607635859079
4701.5			0.9651029429358244
4702.4			0.9283000464436462
4703.3			0.9166363633190419
4704.2			0.9546294284015624
4705.1			0.9967154294478684
4706.0			0.9992641567578375
4706.9			0.971332800984557
4707.8			0.9451869057391252
4708.7			0.9376457885733763
4709.6			0.9560797097346538
4710.5			1.001720676140009
4711.4			1.0488892445821305
4712.3			1.0645785398149437
4713.2			1.0403831146480886
4714.1			1.0033732813309344
4715.0			1.0000090827054682
4715.9			1.0
4716.8			1.0
4717.7			1.0
4718.6			1.0
4719.5			1.0
4720.4			1.0
4721.3			1.0
4722.2			1.0
4723.1			1.0090914522592518
4724.0			1.0363792516564074
4724.9			1.058256039882776
4725.8			1.045531108079473
4726.7			0.9905978823991556
4727.6			0.9356413795046227
4728.5			0.9200537425217056
4729.4			0.9273635626148532
4730.3			0.9356589286309508
4731.2			0.952520777594519
4732.1			0.9799470370502507
4733.0			0.9965405977906832
4733.9			1.0020307630817147
4734.8			1.0
4735.7			1.0
4736.6			1.0
4737.5			1.0
4738.4			1.0
4739.3			1.0
4740.2			1.0
4741.1			1.0
4742.0			1.0
4742.9			1.0
4743.8			1.0
4744.7			1.0
4745.6			1.0
4746.5			1.0
4747.4			1.0
4748.3			1.0
4749.2			1.0
4750.1			1.0
4751.0			1.0
4751.9			1.0
4752.8			1.0
4753.7			1.0
4754.6			1.0
4755.5			1.0
4756.4			1.0
4757.3			1.0
4758.2			1.0
4759.1			1.0231743716866766
4760.0			1.032224400125703
4760.9			1.0059601962254916
4761.8			0.9579855465443723
4762.7			0.9358190242593865
4763.6			0.944377246943256
4764.5			0.9389720117720929
4765.4			0.9146254427856616
4766.3			0.9089857581797749
4767.2			0.9345384391689919
4768.1			0.9690861531963225
4769.0			0.998566487837029
4769.9			1.0144142585366163
4770.8			0.9975240625216512
4771.7			0.9661565562694167
4772.6			0.9654184369089871
4773.5			1.0000214744591955
4774.4			1.0
4775.3			1.0
4776.2			1.0
4777.1			1.0
4778.0			1.0
4778.9			0.9834912908289767
4779.8			0.9685998946255414
4780.7			0.9732980268097172
4781.6			0.9719717920515977
4782.5			0.9422604240921771
4783.4			0.9140973607889948
4784.3			0.9213300357838135
4785.2			0.9266885244744396
4786.1			0.8987546288311024
4787.0			0.8821031172423944
4787.9			0.8930850430725156
4788.8			0.8918742947722016
4789.7			0.889141056234336
4790.6			0.9101872697357865
4791.5			0.930073704935034
4792.4			0.941041539227194
4793.3			0.9630296492719671
4794.2			0.9886690005232784
4795.1			0.9997632349886175
4796.0			1.0
4796.9			1.0
4797.8			1.0
4798.7			1.0
4799.6			1.0
4800.5			1.0
4801.4			1.0
4802.3			1.0
4803.2			1.0
4804.1			1.0
4805.0			1.0
4805.9			1.0
4806.8			1.0
4807.7			1.0
4808.6			1.0
4809.5			1.0
4810.4			1.0
4811.3			1.0
4812.2			1.0
4813.1			1.0
4814.0			1.0
4814.9			1.0
4815.8			1.0
4816.7			1.0
4817.6			1.0
4818.5			1.0
4819.4			1.0
4820.3			1.0
4821.2			1.0
4822.1			0.9756746241615837
4823.0			0.9301889664821306
4823.9			0.9124316711680526
4824.8			0.949613645262496
4825.7			0.9980756767192883
4826.6			1.0
4827.5			1.0
4828.4			1.0
4829.3			1.0
4830.2			1.0
4831.1			1.0
4832.0			1.0
4832.9			1.0
4833.8			1.0
4834.7			1.0
4835.6			1.0
4836.5			1.0
4837.4			1.0
4838.3			1.0
4839.2			1.0
4840.1			1.0
4841.0			1.0
4841.9			1.0
4842.8			1.0
4843.7			1.0
4844.6			1.0
4845.5			1.0
4846.4			1.0
4847.3			1.0
4848.2			1.0
4849.1			1.0
4850.0			1.0
4850.9			1.0
4851.8			1.0
4852.7			1.0
4853.6			1.0
4854.5			0.9570558963657934
4855.4			0.9141836509940218
4856.3			0.9184546211374024
4857.2			0.956513295714216
4858.1			0.9630683135158324
4859.0			0.9134278232579359
4859.9			0.8425442930989455
4860.8			0.797193033323741
4861.7			0.8064656945468213
4862.6			0.85940998487
4863.5			0.9083838073747795
4864.4			0.9401822383176578
4865.3			0.9671017452072793
4866.2			0.9880629782665865
4867.1			1.0017011703130478
4868.0			1.0
4868.9			1.001126322957546
4869.8			0.9646481644226198
4870.7			0.8812414642678836
4871.6			0.8226914226913176
4872.5			0.8614619832864996
4873.4			0.9510420565507455
4874.3			1.0025120431997339
4875.2			1.0
4876.1			1.0
4877.0			1.0
4877.9			1.0
4878.8			1.0
4879.7			1.0
4880.6			1.0
4881.5			1.0
4882.4			1.0
4883.3			1.0
4884.2			1.0
4885.1			0.9525346212928322
4886.0			0.9152428258801174
4886.9			0.9106450900203672
4887.8			0.9205884242716178
4888.7			0.9185492962433107
4889.6			0.8831019737085803
4890.5			0.8163295988442418
4891.4			0.7915006930541272
4892.3			0.8613493531415419
4893.2			0.9640151331005447
4894.1			1.024808062111073
4895.0			1.0410077892779261
4895.9			1.0350427443605617
4896.8			1.0196099233208689
4897.7			1.005121052175603
4898.6			1.0
4899.5			1.0
4900.4			1.0
4901.3			1.0
4902.2			1.0
4903.1			1.0
4904.0			1.0
4904.9			1.0
4905.8			1.0
4906.7			1.0
4907.6			0.9814792503946987
4908.5			0.9520201016121621
4909.4			0.9148777964094684
4910.3			0.8936401453725719
4911.2			0.913365986524153
4912.1			0.9574172261325553
4913.0			0.9943189781895814
4913.9			1.0
4914.8			1.0
4915.7			1.0
4916.6			0.9823571497813348
4917.5			0.9168279525498155
4918.4			0.8280861290549361
4919.3			0.7642372076082692
4920.2			0.7621321625032913
4921.1			0.8337549297512953
4922.0			0.9342019748018531
4922.9			0.9900404302235499
4923.8			0.9941145953513217
4924.7			1.0
4925.6			1.0
4926.5			1.0
4927.4			1.0
4928.3			1.0
4929.2			1.0
4930.1			1.0
4931.0			1.0
4931.9			1.0
4932.8			1.0
4933.7			1.0
4934.6			1.0
4935.5			1.0
4936.4			0.9937068788758817
4937.3			0.9411957373533018
4938.2			0.8745352876091462
4939.1			0.8516667937947875
4940.0			0.9049312729269214
4940.9			0.976749543031597
4941.8			1.0046855486968234
4942.7			1.0
4943.6			1.0
4944.5			1.0
4945.4			1.0
4946.3			1.0
4947.2			1.0
4948.1			1.0
4949.0			1.0
4949.9			1.0
4950.8			1.0
4951.7			1.0
4952.6			1.0
4953.5			1.0
4954.4			1.0
4955.3			0.9754216779537676
4956.2			0.8930787301408183
4957.1			0.7833684228120443
4958.0			0.7737123370568291
4958.9			0.8757842966781175
4959.8			0.97200427903951
4960.7			0.9995653077813877
4961.6			1.0
4962.5			1.0
4963.4			1.0
4964.3			1.0
4965.2			1.0
4966.1			1.0
4967.0			1.0
4967.9			1.0
4968.8			1.0
4969.7			1.0
4970.6			1.0
4971.5			1.0
4972.4			1.0
4973.3			1.0
4974.2			1.0
4975.1			1.0
4976.0			1.0
4976.9			1.0
4977.8			1.0
4978.7			0.967737343695049
4979.6			0.9542879315287586
4980.5			0.9455705354818079
4981.4			0.9013031255503255
4982.3			0.8346838879129131
4983.2			0.8063950226974979
4984.1			0.8247844631652138
4985.0			0.8577182319076725
4985.9			0.907737813779515
4986.8			0.9691455573413903
4987.7			1.000014344984424
4988.6			1.0
4989.5			1.0
4990.4			1.0
4991.3			1.0
4992.2			1.0
4993.1			1.0
4994.0			1.0
4994.9			1.0
4995.8			1.0
4996.7			1.0
4997.6			1.0
4998.5			1.0
4999.4			1.0
5000.3			1.0
5001.2			1.0
5002.1			1.0
5003.0			1.0
5003.9			0.9990515802136628
5004.8			0.9485684241340544
5005.7			0.8741547017379473
5006.6			0.8562971239084117
5007.5			0.9198037437822786
5008.4			0.9903945991546891
5009.3			1.0075158821336863
5010.2			1.0
5011.1			1.0
5012.0			1.0
5012.9			1.0
5013.8			1.0
5014.7			1.0
5015.6			1.0
5016.5			1.0
5017.4			1.0
5018.3			1.0
5019.2			1.0
5020.1			1.0
5021.0			1.0
5021.9			1.0
5022.8			1.0
5023.7			1.0
5024.6			1.0
5025.5			1.0
5026.4			1.0
5027.3			1.0
5028.2			1.0
5029.1			1.0
5030.0			1.0
5030.9			1.0
5031.8			1.0
5032.7			1.0
5033.6			1.0
5034.5			1.0
5035.4			1.0
5036.3			1.0
5037.2			1.0178908927650452
5038.1			1.015712239011695
5039.0			0.9655519190899944
5039.9			0.8921795018328218
5040.8			0.8244400028608645
5041.7			0.8278287875664077
5042.6			0.9077855909456034
5043.5			0.9761487073347481
5044.4			1.0
5045.3			1.0289433358263127
5046.2			1.0381644922907085
5047.1			1.0079831312973497
5048.0			0.9481111643738726
5048.9			0.9021210520811352
5049.8			0.8991401941390545
5050.7			0.9123472640198057
5051.6			0.9201644169705564
5052.5			0.9420181866859612
5053.4			0.9754669516344993
5054.3			1.0009413777802525
5055.2			1.0
5056.1			1.0
5057.0			1.0
5057.9			1.0
5058.8			1.0
5059.7			1.0
5060.6			1.0
5061.5			1.0
5062.4			1.0
5063.3			1.0
5064.2			1.0
5065.1			1.0
5066.0			1.0
5066.9			1.0
5067.8			1.0
5068.7			1.0
5069.6			1.0
5070.5			1.0
5071.4			1.0
5072.3			1.0
5073.2			1.0
5074.1			1.0
5075.0			1.0
5075.9			1.003539246568704
5076.8			1.018561173951457
5077.7			1.0086732912983303
5078.6			0.9383664836372251
5079.5			0.8550777674895799
5080.4			0.8469799602991692
5081.3			0.9033208653989504
5082.2			0.9460602174058198
5083.1			0.9534892866800668
5084.0			0.9660777902584939
5084.9			1.0003213960143285
5085.8			1.0
5086.7			1.0
5087.6			1.0
5088.5			1.0
5089.4			1.0
5090.3			1.0
5091.2			1.0
5092.1			1.0
5093.0			1.0
5093.9			1.0
5094.8			1.0
5095.7			0.9783828948924452
5096.6			0.9407967700766109
5097.5			0.8958970166500585
5098.4			0.852388064269789
5099.3			0.8444740479130289
5100.2			0.8963773412376578
5101.1			0.9675416794577361
5102.0			1.0
5102.9			0.9921804744446859
5103.8			0.9687251879288986
5104.7			0.9585681019006621
5105.6			0.9529120665500547
5106.5			0.9304663291930806
5107.4			0.9018511800480765
5108.3			0.8973975345287368
5109.2			0.9019904700007578
5110.1			0.901770803419198
5111.0			0.9243776058471653
5111.9			0.9662178786631153
5112.8			0.9926126298338334
5113.7			0.9999231140886365
5114.6			1.0
5115.5			1.0
5116.4			1.0082550148313933
5117.3			1.0258119259240521
5118.2			1.0381631884174605
5119.1			1.0321548919373025
5120.0			1.0104835951748037
5120.9			0.9893972450496148
5121.8			0.9789236979909609
5122.7			0.9626829529841155
5123.6			0.9333133097070415
5124.5			0.9155205104671008
5125.4			0.9193613072690154
5126.3			0.9340317613057623
5127.2			0.9481041721906588
5128.1			0.9573207305389271
5129.0			0.960506511737057
5129.9			0.967289873951663
5130.8			1.0
5131.7			1.014728148109264
5132.6			1.0096594716330372
5133.5			1.006060358355594
5134.4			1.0336397793837815
5135.3			1.0621281502883633
5136.2			1.0387568218243999
5137.1			0.9857276801610395
5138.0			0.9448259044066335
5138.9			0.9203413356874156
5139.8			0.9350732506136054
5140.7			0.975828593847063
5141.6			0.9707248154379907
5142.5			0.9389955380150672
5143.4			0.9597664416310422
5144.3			1.0068507932359643
5145.2			1.0171740046196958
5146.1			0.9993705850042208
5147.0			1.0
5147.9			1.0
5148.8			1.0
5149.7			1.0
5150.6			1.0
5151.5			1.0
5152.4			1.0
5153.3			1.0
5154.2			1.0
5155.1			1.0
5156.0			1.0
5156.9			1.0
5157.8			1.0
5158.7			1.0
5159.6			1.0
5160.5			1.0
5161.4			1.0
5162.3			1.0
5163.2			1.0
5164.1			1.0
5165.0			1.0
5165.9			1.0
5166.8			1.0
5167.7			1.0
5168.6			1.0
5169.5			1.0809942378581123
5170.4			1.0745259639619658
5171.3			0.9265629364728262
5172.2			0.755585314887558
5173.1			0.7264979180651615
5174.0			0.8415404146803854
5174.9			0.957917247423939
5175.8			0.9910567063920018
5176.7			0.9718229848440563
5177.6			1.0
5178.5			1.0
5179.4			0.9874122821448763
5180.3			0.9610023636643515
5181.2			0.9068547985439712
5182.1			0.7991628043896922
5183.0			0.6705475342731412
5183.9			0.6309068454683983
5184.8			0.7347765744751428
5185.7			0.891594629382344
5186.6			0.9913722756867436
5187.5			1.012574301999673
5188.4			1.0025869247774775
5189.3			1.0
5190.2			1.0
5191.1			1.0
5192.0			1.0
5192.9			1.0
5193.8			1.0
5194.7			1.0
5195.6			1.0
5196.5			1.0
5197.4			1.0
5198.3			1.0
5199.2			1.0151471689969747
5200.1			1.0256593478059777
5201.0			1.0095316394632816
5201.9			0.9776527881837596
5202.8			0.9489018970980209
5203.7			0.9074595642144152
5204.6			0.8453970990639831
5205.5			0.8017618656948775
5206.4			0.803992710398214
5207.3			0.8136881502633564
5208.2			0.8073380121868733
5209.1			0.8281311474472315
5210.0			0.8889599749313
5210.9			0.9516965235569507
5211.8			0.9967479912089876
5212.7			1.0
5213.6			0.9892753299337453
5214.5			0.9440943496942201
5215.4			0.8961927638768696
5216.3			0.880295849631672
5217.2			0.9017484535949226
5218.1			0.9474535944043957
5219.0			0.9975428773123066
5219.9			1.0
5220.8			1.0
5221.7			1.0
5222.6			1.0
5223.5			0.9717601547015521
5224.4			0.9268588768461347
5225.3			0.8649022964931161
5226.2			0.8017589110104549
5227.1			0.7916867403951855
5228.0			0.8603879008777346
5228.9			0.940959583396183
5229.8			0.982089819285294
5230.7			0.9997712861607584
5231.6			1.0
5232.5			1.0
5233.4			1.0
5234.3			1.0
5235.2			1.0
5236.1			1.0
5237.0			1.0
5237.9			1.0
5238.8			1.0
5239.7			1.0
5240.6			1.0
5241.5			1.0
5242.4			1.0
5243.3			1.0
5244.2			1.0
5245.1			1.0
5246.0			1.0
5246.9			1.0
5247.8			1.0
5248.7			1.0
5249.6			1.0
5250.5			1.0
5251.4			1.0
5252.3			1.0
5253.2			1.0
5254.1			1.0
5255.0			1.0
5255.9			1.0
5256.8			1.0
5257.7			1.0
5258.6			1.0
5259.5			1.0
5260.4			0.964351115302323
5261.3			0.9078348431671285
5262.2			0.8473497270930345
5263.1			0.8026782352243753
5264.0			0.7769078069228784
5264.9			0.7554261455487172
5265.8			0.7438101909302086
5266.7			0.7763708825082448
5267.6			0.8273977287749077
5268.5			0.8071126884690609
5269.4			0.7296481800049709
5270.3			0.7288400937560556
5271.2			0.8277742733790172
5272.1			0.9081329992255411
5273.0			0.9241293383322288
5273.9			0.9202826912659121
5274.8			0.9070583935840757
5275.7			0.9057045077332713
5276.6			0.9563566812903864
5277.5			1.0257659651299762
5278.4			1.0
5279.3			0.9803553809540112
5280.2			0.941952601483984
5281.1			0.9022246057252036
5282.0			0.8732080081673762
5282.9			0.8534654352614125
5283.8			0.8532705328880712
5284.7			0.8993266820529885
5285.6			0.9676230516740613
5286.5			1.0016392059803414
5287.4			1.0
5288.3			1.0
5289.2			1.0
5290.1			1.0
5291.0			1.0
5291.9			1.0
5292.8			1.0
5293.7			1.0
5294.6			0.9973680121116608
5295.5			0.9760060577694223
5296.4			0.9198747023630313
5297.3			0.8583597498623577
5298.2			0.85458362664554
5299.1			0.9195985793679254
5300.0			0.984633226207116
5300.9			1.0034866789954513
5301.8			1.001835018242838
5302.7			1.0
5303.6			1.0
5304.5			1.0
5305.4			1.0
5306.3			1.0
5307.2			1.0
5308.1			1.0
5309.0			1.0
5309.9			1.0
5310.8			1.0
5311.7			1.0
5312.6			1.0
5313.5			1.0
5314.4			1.0
5315.3			1.0
5316.2			1.0
5317.1			1.0
5318.0			1.0
5318.9			1.0
5319.8			1.0
5320.7			1.0
5321.6			1.0
5322.5			1.0
5323.4			1.0
5324.3			1.0
5325.2			1.0074214476326546
5326.1			1.0141460563323057
5327.0			0.9370939805016537
5327.9			0.8237870366539995
5328.8			0.8037076381213912
5329.7			0.895141612156705
5330.6			0.9922691945230685
5331.5			1.0199327120589357
5332.4			0.9979055632483997
5333.3			1.0
5334.2			1.0
5335.1			1.0
5336.0			1.0
5336.9			1.0
5337.8			0.9961417233131884
5338.7			0.9742762501209551
5339.6			0.9208626801704591
5340.5			0.8852860885146943
5341.4			0.9129245423044382
5342.3			0.9678271101467629
5343.2			1.0000646734348377
5344.1			1.0
5345.0			1.0
5345.9			1.0
5346.8			1.0
5347.7			1.0
5348.6			1.0
5349.5			1.0
5350.4			1.0
5351.3			1.0
5352.2			1.0
5353.1			1.0
5354.0			1.0
5354.9			1.0
5355.8			1.0
5356.7			1.0
5357.6			1.0
5358.5			1.0
5359.4			1.0
5360.3			1.0
5361.2			1.0
5362.1			1.0
5363.0			1.0
5363.9			1.0
5364.8			1.0
5365.7			1.0
5366.6			1.0
5367.5			0.9907033479565263
5368.4			0.9702210777380579
5369.3			0.9255057371923566
5370.2			0.8666760926463399
5371.1			0.8425306006519077
5372.0			0.8789170181553325
5372.9			0.9424637346771982
5373.8			0.9846008604412635
5374.7			1.0049255511788546
5375.6			1.0
5376.5			1.0
5377.4			1.0
5378.3			1.0
5379.2			1.0
5380.1			1.0
5381.0			1.0
5381.9			1.0
5382.8			1.0
5383.7			1.0
5384.6			1.0
5385.5			1.0
5386.4			1.0
5387.3			1.0
5388.2			1.0
5389.1			1.0
5390.0			1.0
5390.9			1.0
5391.8			1.0
5392.7			1.0
5393.6			1.0
5394.5			1.0
5395.4			1.0
5396.3			1.0
5397.2			1.0
5398.1			1.0
5399.0			1.0
5399.9			1.0
5400.8			1.0093703174688107
5401.7			1.0318795728212542
5402.6			1.0253370606761132
5403.5			0.9681973614871124
5404.4			0.905394276282113
5405.3			0.8864780456147155
5406.2			0.9245806111917555
5407.1			0.9954447344054265
5408.0			1.0425812173417717
5408.9			1.0308284346157666
5409.8			0.9997579364446676
5410.7			1.0
5411.6			1.0
5412.5			1.0
5413.4			1.0
5414.3			1.0
5415.2			1.0
5416.1			1.0
5417.0			1.0
5417.9			1.0
5418.8			1.0
5419.7			1.0
5420.6			1.0
5421.5			1.0
5422.4			1.0
5423.3			1.0
5424.2			1.0
5425.1			1.0
5426.0			1.0
5426.9			1.029670741065513
5427.8			1.0065681845866534
5428.7			0.9405457865213381
5429.6			0.8961063020550019
5430.5			0.9337293944554171
5431.4			0.9943655283135204
5432.3			1.003265564742628
5433.2			1.0
5434.1			1.0
5435.0			1.0
5435.9			1.0
5436.8			1.0
5437.7			1.0
5438.6			1.0
5439.5			1.0
5440.4			1.0
5441.3			1.0
5442.2			1.0
5443.1			1.0
5444.0			0.9640330449746385
5444.9			0.9088082452331565
5445.8			0.8522969719983908
5446.7			0.8347057582764679
5447.6			0.8829425245644907
5448.5			0.9578986366156801
5449.4			1.0003887057117535
5450.3			1.0
5451.2			1.0
5452.1			1.0
5453.0			0.9821239301163592
5453.9			0.9400922669629643
5454.8			0.8816093965486111
5455.7			0.8656527493561854
5456.6			0.9156134362538614
5457.5			0.9753705192382344
5458.4			0.998575086609732
5459.3			1.0
5460.2			1.0
5461.1			1.0
5462.0			1.0
5462.9			1.0
5463.8			1.0
5464.7			1.0
5465.6			1.0
5466.5			1.0
5467.4			1.0
5468.3			1.0
5469.2			1.0
5470.1			1.0
5471.0			1.0
5471.9			1.0
5472.8			0.9811975952021971
5473.7			0.9694057249310657
5474.6			0.9673138346188134
5475.5			0.9354203645679976
5476.4			0.8907285255433008
5477.3			0.9059422293907913
5478.2			0.9732734176975837
5479.1			1.016586305776904
5480.0			1.0025998968425676
5480.9			1.0
5481.8			1.0
5482.7			1.0
5483.6			1.0
5484.5			1.0
5485.4			1.0
5486.3			1.0
5487.2			1.0
5488.1			1.0
5489.0			1.0
5489.9			1.0
5490.8			1.0
5491.7			1.0
5492.6			1.0
5493.5			1.0
5494.4			1.0
5495.3			1.0
5496.2			1.0
5497.1			1.0
5498.0			1.0
5498.9			1.0
5499.8			1.0
5500.7			1.0
5501.6			1.0
5502.5			1.0
5503.4			1.0
5504.3			1.0
5505.2			1.0
5506.1			1.0
5507.0			1.0
5507.9			1.0283788279329094
5508.8			1.0400276300186029
5509.7			1.025013664546611
5510.6			0.999001112271404
5511.5			0.9650572162873653
5512.4			0.9403218315337711
5513.3			0.9422811652309477
5514.2			0.9603987614570062
5515.1			0.9775226658934987
5516.0			0.9882412594648975
5516.9			0.9969685669868626
5517.8			1.0
5518.7			1.0
5519.6			1.0
5520.5			1.0
5521.4			1.0
5522.3			1.0
5523.2			1.0
5524.1			0.994543636157386
5525.0			0.9777224423880698
5525.9			0.9548175704300557
5526.8			0.9216765080869418
5527.7			0.890086103769609
5528.6			0.900414341950174
5529.5			0.9548757037627569
5530.4			0.9969710281289909
5531.3			1.0012817556458833
5532.2			1.0
5533.1			1.0
5534.0			1.0
5534.9			1.0
5535.8			1.0
5536.7			1.0
5537.6			1.0
5538.5			1.0
5539.4			1.0
5540.3			1.0
5541.2			1.0
5542.1			1.0
5543.0			1.0
5543.9			1.0
5544.8			1.0
5545.7			1.0
5546.6			1.0
5547.5			1.0
5548.4			1.0
5549.3			1.0
5550.200000000001			1.0
5551.1			1.0
5552.0			1.0
5552.9			1.0
5553.8			1.0
5554.700000000001			1.0
5555.6			1.0
5556.5			1.0
5557.4			1.0
5558.3			1.0
5559.200000000001			1.0
5560.1			1.0
5561.0			1.0
5561.9			1.0
5562.8			1.0
5563.700000000001			1.0
5564.6			1.0
5565.5			0.9781275660591268
5566.4			0.9585071367684239
5567.3			0.9589516056349584
5568.200000000001			0.9411460445644669
5569.1			0.9170718547037033
5570.0			0.9320178751960901
5570.9			0.957492152134475
5571.8			0.9358377704731392
5572.700000000001			0.9094954886565043
5573.6			0.9502974704543856
5574.5			0.9952626561391508
5575.4			0.9818915538452222
5576.3			0.97785061221203
5577.200000000001			1.0011187952760037
5578.1			1.0026733091180458
5579.0			1.0
5579.9			1.0034450946702713
5580.8			0.9841989247797098
5581.700000000001			0.9568535726480141
5582.6			0.964116566237868
5583.5			0.994979643385503
5584.4			1.0047533976221552
5585.3			0.9594779066934548
5586.200000000001			0.885671384404683
5587.1			0.8488367116337497
5588.0			0.8475018082017653
5588.9			0.8538126307083038
5589.8			0.8861712369898019
5590.700000000001			0.930775218582692
5591.6			0.9497805608289577
5592.5			0.9478585569432785
5593.4			0.9483900459258453
5594.3			0.9645190904363244
5595.200000000001			0.9911369046570973
5596.1			0.9997926912978315
5597.0			1.0
5597.9			1.0
5598.8			1.0
5599.700000000001			1.0
5600.6			0.9728123372187018
5601.5			0.9118356244989895
5602.4			0.8762951641370061
5603.3			0.9154652763582448
5604.200000000001			1.002002052839127
5605.1			1.0
5606.0			1.0
5606.9			1.0
5607.8			1.0
5608.700000000001			1.0
5609.6			1.0
5610.5			1.0
5611.4			1.0
5612.3			0.992589063662828
5613.200000000001			0.9699664357540317
5614.1			0.9072259753358672
5615.0			0.8501339200107261
5615.9			0.8699734129135256
5616.8			0.9498326582285694
5617.700000000001			0.9998031494804096
5618.6			1.0
5619.5			1.0
5620.4			1.0
5621.3			1.0
5622.200000000001			1.0
5623.1			1.0
5624.0			1.0
5624.9			1.0
5625.8			1.0
5626.700000000001			1.0
5627.6			1.0
5628.5			1.0
5629.4			1.0
5630.3			1.0
5631.200000000001			1.0
5632.1			1.0
5633.0			1.0
5633.9			1.0
5634.8			1.0
5635.700000000001			1.0
5636.6			1.0
5637.5			1.0
5638.4			1.0
5639.3			1.0
5640.200000000001			1.0
5641.1			1.0
5642.0			1.0
5642.9			1.0
5643.8			1.0
5644.700000000001			1.0
5645.6			1.0
5646.5			1.0
5647.4			1.0
5648.3			1.0
5649.200000000001			1.0
5650.1			1.0
5651.0			1.0
5651.9			1.0
5652.8			1.0
5653.700000000001			1.0
5654.6			1.0
5655.5			1.0087977283393081
5656.4			1.018300617921415
5657.3			0.9767043486462549
5658.200000000001			0.9223407555859496
5659.1			0.9226167754272997
5660.0			0.9679789036468047
5660.9			0.9971162805181796
5661.8			1.0
5662.700000000001			1.0
5663.6			1.0
5664.5			1.0
5665.4			1.0
5666.3			1.0
5667.200000000001			1.0
5668.1			1.0
5669.0			1.0
5669.9			1.0
5670.8			1.0
5671.700000000001			1.0
5672.6			1.0
5673.5			1.0
5674.4			1.0
5675.3			1.0
5676.200000000001			1.0
5677.1			1.0
5678.0			1.0
5678.9			1.0
5679.8			1.0
5680.700000000001			1.0
5681.6			1.0
5682.5			1.0
5683.4			1.0
5684.3			1.0
5685.200000000001			1.0
5686.1			1.0
5687.0			1.0
5687.9			1.0
5688.8			1.0
5689.700000000001			1.0
5690.6			1.0
5691.5			1.0
5692.4			1.0
5693.3			1.0
5694.200000000001			1.0
5695.1			1.0
5696.0			1.0
5696.9			1.0
5697.8			1.0
5698.700000000001			1.0
5699.6			1.0
5700.5			1.0
5701.4			1.0
5702.3			1.019904477613754
5703.200000000001			1.043548814673004
5704.1			1.049215183094354
5705.0			1.0356218210721169
5705.9			1.0011777567129625
5706.8			0.9551454343794238
5707.700000000001			0.9333661919306029
5708.6			0.9305457807989728
5709.5			0.9140465695486887
5710.4			0.8957755067162543
5711.3			0.8981461244641193
5712.200000000001			0.9277339309839971
5713.1			0.9661877967924298
5714.0			0.9815847448450289
5714.9			0.9920728614097875
5715.8			1.0135926367717458
5716.700000000001			1.0137889690201831
5717.6			1.0023467767955245
5718.5			1.0012579996164914
5719.4			1.0
5720.3			1.0
5721.200000000001			1.0
5722.1			1.0
5723.0			1.0
5723.9			1.0
5724.8			1.0
5725.700000000001			1.0
5726.6			1.0
5727.5			1.0
5728.4			1.0
5729.3			1.0
5730.200000000001			1.0
5731.1			1.0
5732.0			1.0
5732.9			1.0
5733.8			1.0
5734.700000000001			1.0
5735.6			1.0
5736.5			1.0
5737.4			1.0
5738.3			1.0
5739.200000000001			1.0
5740.1			1.0
5741.0			1.0
5741.9			1.0
5742.8			1.0
5743.700000000001			1.0
5744.6			1.0
5745.5			1.0
5746.4			1.0
5747.3			1.0
5748.200000000001			1.0
5749.1			1.0
5750.0			1.0
5750.9			0.9897496320151137
5751.8			0.9573310430454453
5752.700000000001			0.9202503943423431
5753.6			0.9008573786153319
5754.5			0.9135260950826077
5755.4			0.9567654378256848
5756.3			1.0010061605912008
5757.200000000001			1.0
5758.1			0.9902891597549996
5759.0			0.9793348396498204
5759.9			0.9689200859093983
5760.8			0.9484262709270762
5761.700000000001			0.9203238413118748
5762.6			0.9015805029865415
5763.5			0.9154312641670005
5764.4			0.9478255162005174
5765.3			0.9725929320037326
5766.200000000001			0.9956757096573767
5767.1			1.0024377185891304
5768.0			1.0
5768.9			1.0
5769.8			1.0
5770.700000000001			1.0
5771.6			1.0
5772.5			1.0
5773.4			0.9823138093346542
5774.3			0.9546361863805652
5775.200000000001			0.9587175324391969
5776.1			0.9980515483812213
5777.0			1.0244542257124176
5777.9			1.0167839944931882
5778.8			0.9904177273546213
5779.700000000001			0.9565927371347557
5780.6			0.9284551375235561
5781.5			0.9348052935456423
5782.4			0.9655826901916215
5783.3			0.9725468892186674
5784.200000000001			0.9574619153314194
5785.1			0.9648204435324758
5786.0			0.9957279463543979
5786.9			1.0074310402133309
5787.8			1.0028231114269082
5788.700000000001			1.0
5789.6			1.0
5790.5			1.0
5791.4			1.0
5792.3			1.0
5793.200000000001			1.0
5794.1			1.0
5795.0			1.0
5795.9			1.0
5796.8			1.0
5797.700000000001			1.0
5798.6			1.0
5799.5			1.0
5800.4			1.0
5801.3			1.0
5802.200000000001			1.0
5803.1			1.0
5804.0			1.0
5804.9			1.0
5805.8			1.0
5806.700000000001			1.0
5807.6			1.0
5808.5			1.0
5809.4			1.0
5810.3			1.0
5811.200000000001			1.0
5812.1			1.0
5813.0			1.0
5813.9			1.0
5814.8			1.0
5815.700000000001			1.0
5816.6			1.0
5817.5			1.0
5818.4			1.0
5819.3			1.0
5820.200000000001			1.0
5821.1			1.0
5822.0			1.0
5822.9			1.0
5823.8			1.0
5824.700000000001			1.0
5825.6			1.0
5826.5			1.0
5827.4			1.0
5828.3			1.0
5829.200000000001			1.0
5830.1			1.0
5831.0			1.0
5831.9			1.0
5832.8			1.0
5833.700000000001			1.0
5834.6			1.0
5835.5			1.0
5836.4			1.0
5837.3			1.0
5838.200000000001			1.0
5839.1			1.0
5840.0			1.0
5840.9			1.0
5841.8			1.0
5842.700000000001			1.0
5843.6			1.0
5844.5			1.0
5845.4			1.0
5846.3			1.0
5847.200000000001			1.0
5848.1			1.0
5849.0			1.0
5849.9			1.0
5850.8			1.0
5851.700000000001			1.0
5852.6			1.0
5853.5			0.979015191291901
5854.4			0.9880637883845212
5855.3			0.9876192778725502
5856.200000000001			0.9643265885653438
5857.1			0.9298258316644105
5858.0			0.9105776701681633
5858.9			0.924409150342758
5859.8			0.9551827879913748
5860.700000000001			0.9874708437380233
5861.6			1.0025646441722507
5862.5			1.0004158160518128
5863.4			1.0
5864.3			1.0
5865.200000000001			1.0
5866.1			1.0
5867.0			1.0
5867.9			1.0
5868.8			1.0
5869.700000000001			1.0
5870.6			1.0
5871.5			1.0
5872.4			1.0
5873.3			1.0
5874.200000000001			1.0
5875.1			1.0
5876.0			1.0
5876.9			1.0
5877.8			1.0
5878.700000000001			1.0
5879.6			1.0
5880.5			1.0
5881.4			1.0
5882.3			1.0
5883.200000000001			1.0
5884.1			1.0
5885.0			1.0
5885.9			1.0076921223879063
5886.8			1.00834924448145
5887.700000000001			0.9644701328644647
5888.6			0.8575170977520165
5889.5			0.7607223247056345
5890.4			0.7654351996420383
5891.3			0.8725174827313958
5892.200000000001			1.0061160740935895
5893.1			1.087771167963947
5894.0			1.080890199663648
5894.9			1.0051543965324947
5895.8			1.0
5896.700000000001			1.0
5897.6			1.0
5898.5			1.0
5899.4			1.0
5900.3			1.0
5901.200000000001			1.0
5902.1			1.0
5903.0			1.0
5903.9			1.0
5904.8			1.0
5905.700000000001			1.0
5906.6			1.0
5907.5			1.0
5908.4			1.0
5909.3			1.0
5910.200000000001			1.0
5911.1			1.0
5912.0			1.0
5912.9			1.0
5913.8			1.0
5914.700000000001			1.0
5915.6			1.0
5916.5			1.0
5917.4			1.0
5918.3			1.0
5919.200000000001			1.0
5920.1			1.0
5921.0			1.0
5921.9			1.0
5922.8			1.0
5923.700000000001			1.0
5924.6			1.0
5925.5			1.0131839504016777
5926.4			1.0031704124562457
5927.3			0.9742229652106342
5928.200000000001			0.9599847925386376
5929.1			0.9584403800292614
5930.0			0.9546880252755365
5930.9			0.9726499006442391
5931.8			1.0222226477900889
5932.700000000001			1.0374253242785905
5933.6			1.0024702619137447
5934.5			0.997381156528961
5935.4			1.0
5936.3			1.0
5937.200000000001			1.0
5938.1			1.0
5939.0			1.0
5939.9			1.0
5940.8			1.0
5941.700000000001			1.0
5942.6			1.0
5943.5			1.0
5944.4			1.0
5945.3			1.0
5946.200000000001			1.0
5947.1			1.0
5948.0			1.0
5948.9			1.0
5949.8			1.0
5950.700000000001			1.0
5951.6			1.0
5952.5			1.0
5953.4			1.0
5954.3			1.0
5955.200000000001			1.0
5956.1			1.0
5957.0			1.0
5957.9			1.0
5958.8			1.0
5959.700000000001			1.0
5960.6			1.0
5961.5			1.0
5962.4			1.0
5963.3			1.0
5964.200000000001			1.0
5965.1			1.0
5966.0			1.0
5966.9			1.0
5967.8			1.0
5968.700000000001			1.0
5969.6			1.0
5970.5			1.0
5971.4			1.0
5972.3			1.0
5973.200000000001			1.0
5974.1			1.0
5975.0			1.0
5975.9			1.0
5976.8			1.0
5977.700000000001			1.0
5978.6			1.0
5979.5			1.0
5980.4			1.0
5981.3			1.0
5982.200000000001			1.0
5983.1			1.0
5984.0			1.0
5984.9			1.0
5985.8			1.0
5986.700000000001			1.0
5987.6			1.0
5988.5			1.0
5989.4			1.0
5990.3			1.0
5991.200000000001			1.0
5992.1			1.0
5993.0			1.0
5993.9			1.0
5994.8			1.0
5995.700000000001			1.0
5996.6			1.0
5997.5			1.0
5998.4			1.0
5999.3			1.0
6000.200000000001			1.0
6001.1			1.0
6002.0			1.0
6002.9			1.0
6003.8			1.0
6004.700000000001			1.0214267890597093
6005.6			1.0078766525169707
6006.5			0.9706536148420585
6007.4			0.9371665828376692
6008.3			0.9347193345395238
6009.200000000001			0.9732024959852532
6010.1			1.0022019804447337
6011.0			1.0
6011.9			1.0
6012.8			1.0
6013.700000000001			1.0
6014.6			1.0
6015.5			1.0
6016.4			1.0
6017.3			1.0
6018.200000000001			1.0
6019.1			1.0
6020.0			1.0
6020.9			1.0
6021.8			1.0
6022.700000000001			1.0
6023.6			1.0
6024.5			1.0
6025.4			1.0
6026.3			1.0
6027.200000000001			1.0
6028.1			1.0
6029.0			1.0
6029.9			1.0
6030.8			1.0
6031.700000000001			1.0
6032.6			1.0
6033.5			1.0
6034.4			1.0
6035.3			1.0
6036.200000000001			1.0
6037.1			1.0
6038.0			1.0
6038.9			1.0
6039.8			1.0
6040.700000000001			1.0
6041.6			1.0
6042.5			1.0
6043.4			1.0
6044.3			1.0
6045.200000000001			1.0
6046.1			1.0
6047.0			1.0
6047.9			1.0
6048.8			1.0
6049.700000000001			1.0
6050.6			1.0
6051.5			1.0
6052.4			1.0
6053.3			1.0
6054.200000000001			1.0
6055.1			1.0
6056.0			1.0
6056.9			1.0
6057.8			1.0
6058.700000000001			1.0
6059.6			1.0
6060.5			1.0
6061.4			1.0
6062.3			1.0
6063.200000000001			1.0
6064.1			1.0
6065.0			1.0
6065.9			1.0
6066.8			1.0
6067.700000000001			1.0
6068.6			0.9964320449325214
6069.5			1.0104958087965965
6070.4			1.011667802315517
6071.3			0.9929217646305998
6072.200000000001			0.9769631848968858
6073.1			0.9766044846081674
6074.0			0.980573466042107
6074.9			0.9894351651670275
6075.8			1.0036196879785297
6076.700000000001			0.9906870651218738
6077.6			0.9477531664682581
6078.5			0.928777514758936
6079.4			0.951469130739033
6080.3			0.9752987641876694
6081.200000000001			0.9621519575279728
6082.1			0.9478615473009792
6083.0			0.9548062554804161
6083.9			0.9625584452693773
6084.8			0.9564983853132637
6085.700000000001			0.9410642805623359
6086.6			0.942317329263166
6087.5			0.9755384842307855
6088.4			0.999752172210972
6089.3			1.0
6090.200000000001			1.0
6091.1			1.0
6092.0			1.0
6092.9			1.0
6093.8			1.0
6094.700000000001			1.0
6095.6			1.0
6096.5			1.0
6097.4			1.0
6098.3			1.0
6099.200000000001			1.0
6100.1			1.0
6101.0			0.9663265191571616
6101.9			0.8967728362662832
6102.8			0.8553677434363833
6103.700000000001			0.9159568824620189
6104.6			0.9903534687881008
6105.5			1.0
6106.4			1.0
6107.3			1.0
6108.200000000001			1.0
6109.1			1.0
6110.0			1.0
6110.9			1.0
6111.8			1.0
6112.700000000001			1.0
6113.6			1.0
6114.5			1.0
6115.4			1.0
6116.3			1.0
6117.200000000001			1.0
6118.1			1.0
6119.0			1.0
6119.9			0.9829812831978989
6120.8			0.934767879868214
6121.700000000001			0.86366925917199
6122.6			0.8566470067370074
6123.5			0.9405876836876421
6124.4			1.0042578310370418
6125.3			1.0027672032191723
6126.200000000001			1.0
6127.1			1.0
6128.0			1.0
6128.9			1.0
6129.8			1.0
6130.700000000001			1.0
6131.6			1.0
6132.5			1.0
6133.4			1.0
6134.3			1.0027738556287622
6135.200000000001			0.9776282781085351
6136.1			0.9175235565828465
6137.0			0.8692274311838717
6137.9			0.8913953071045784
6138.8			0.9567177204953305
6139.700000000001			0.9949063091745648
6140.6			1.0
6141.5			1.0
6142.4			1.0
6143.3			1.0
6144.200000000001			1.0
6145.1			1.0
6146.0			1.0
6146.9			1.0
6147.8			1.0
6148.700000000001			1.0
6149.6			1.0
6150.5			1.0
6151.4			1.0
6152.3			1.0
6153.200000000001			1.0
6154.1			1.0
6155.0			1.0
6155.9			1.0
6156.8			1.0
6157.700000000001			1.0097569986557784
6158.6			1.0133277226797788
6159.5			0.9939329706619763
6160.4			0.9110378284444903
6161.3			0.8090697947029737
6162.200000000001			0.7862448430502015
6163.1			0.8528579798320167
6164.0			0.9343975707117754
6164.9			0.9734535446894121
6165.8			0.9853331332468209
6166.700000000001			1.0051651809475215
6167.6			1.0
6168.5			1.0
6169.4			1.0
6170.3			1.0
6171.200000000001			1.0
6172.1			1.0
6173.0			1.0
6173.9			1.0
6174.8			1.0
6175.700000000001			1.0
6176.6			1.0
6177.5			1.0
6178.4			1.0
6179.3			1.0
6180.200000000001			1.0
6181.1			1.0
6182.0			1.0
6182.9			1.0
6183.8			1.0
6184.700000000001			1.0
6185.6			1.0
6186.5			1.0
6187.4			1.0
6188.3			0.988035370400811
6189.200000000001			0.9714620608465895
6190.1			0.9420889120043728
6191.0			0.9155659948407386
6191.9			0.9421643322955787
6192.8			0.9904189848288191
6193.700000000001			0.9972553235021057
6194.6			1.0
6195.5			1.0
6196.4			1.0
6197.3			1.0
6198.200000000001			1.0
6199.1			1.0
6200.0			1.0
6200.9			1.0
6201.8			1.0
6202.700000000001			1.0
6203.6			1.0
6204.5			1.0
6205.4			1.0
6206.3			1.0
6207.200000000001			1.0
6208.1			1.0
6209.0			1.0
6209.9			1.0
6210.8			1.0
6211.700000000001			1.0
6212.6			1.0
6213.5			1.0
6214.4			1.0
6215.3			1.0
6216.200000000001			1.0
6217.1			1.0
6218.0			1.0
6218.9			1.0
6219.8			1.0
6220.700000000001			1.0
6221.6			1.0
6222.5			1.0
6223.4			1.0
6224.3			1.0
6225.200000000001			1.0
6226.1			1.0
6227.0			1.0
6227.9			1.0
6228.8			0.9841609763204674
6229.700000000001			0.9376199010335267
6230.6			0.9134355819138479
6231.5			0.951918448287215
6232.4			0.9985631439329773
6233.3			1.0
6234.200000000001			1.0
6235.1			1.0
6236.0			1.0
6236.9			1.0
6237.8			1.0
6238.700000000001			1.0
6239.6			0.9868961186473032
6240.5			0.958243166434507
6241.4			0.9696436527872917
6242.3			0.9821561644148934
6243.200000000001			0.9411507868963995
6244.1			0.914476912883668
6245.0			0.932142488925619
6245.9			0.9403435482278364
6246.8			0.9471606540104437
6247.700000000001			0.9821449881473796
6248.6			1.0084500606800266
6249.5			1.001884685343411
6250.4			1.0032427014223673
6251.3			0.998384885061873
6252.200000000001			0.9614400670591756
6253.1			0.919840025558858
6254.0			0.8980745023686826
6254.9			0.897670704833266
6255.8			0.9183170612286752
6256.700000000001			0.9310871585664228
6257.6			0.9122123552677054
6258.5			0.9126438840293031
6259.4			0.95344487463678
6260.3			0.9723919465789005
6261.200000000001			0.9480211560783827
6262.1			0.9355626607352354
6263.0			0.9551892807652032
6263.9			0.9626904349139831
6264.8			0.9461324549619431
6265.700000000001			0.9586746450719807
6266.6			1.0030081292200195
6267.5			1.0193546507874427
6268.4			0.999282720917517
6269.3			1.0
6270.200000000001			1.0
6271.1			1.0
6272.0			1.0
6272.9			1.0
6273.8			1.0
6274.700000000001			1.0
6275.6			1.0
6276.5			1.0
6277.4			1.0
6278.3			1.0
6279.200000000001			1.0
6280.1			1.0
6281.0			1.0
6281.9			1.0
6282.8			1.0
6283.700000000001			1.0
6284.6			1.0
6285.5			1.0024500252772346
6286.4			1.0041977980119372
6287.3			0.9864132960994327
6288.200000000001			0.9811027142031246
6289.1			0.9956214458282249
6290.0			0.9810270845786039
6290.9			0.9478679816353724
6291.8			0.9442368706104307
6292.700000000001			0.9428971531575007
6293.6			0.9322767413131102
6294.5			0.9266023066527235
6295.4			0.9100026292093739
6296.3			0.9020500443301144
6297.200000000001			0.9163725321380263
6298.1			0.921532890858152
6299.0			0.9264434587492306
6299.9			0.9386158346830503
6300.8			0.9337262225220294
6301.700000000001			0.9216687401343138
6302.6			0.9452860521979697
6303.5			0.9931153885227559
6304.4			1.015905173774569
6305.3			1.0114545727178241
6306.200000000001			1.001859618479937
6307.1			1.0011448845004975
6308.0			1.0
6308.9			1.0
6309.8			1.0
6310.700000000001			1.0
6311.6			1.001178804040313
6312.5			1.0008269549287325
6313.4			0.9687302401011898
6314.3			0.9176274120679648
6315.200000000001			0.905708092030346
6316.1			0.9738684781054494
6317.0			1.032661863274001
6317.9			1.0141956554748428
6318.8			1.008113748792373
6319.700000000001			1.0
6320.6			1.0
6321.5			1.0
6322.4			1.0
6323.3			1.0
6324.200000000001			1.0
6325.1			1.0
6326.0			1.0
6326.9			1.0
6327.8			1.0
6328.700000000001			1.0
6329.6			1.0
6330.5			1.0079496161551875
6331.4			1.0058784738773487
6332.3			1.0105971026828977
6333.200000000001			1.017386356900105
6334.1			0.99135240907857
6335.0			0.9311663599522219
6335.9			0.8869536127125891
6336.8			0.88789168842346
6337.700000000001			0.926041253157876
6338.6			0.9572437205595924
6339.5			0.9517848534669395
6340.4			0.964624425404193
6341.3			0.9999708700522209
6342.200000000001			1.0
6343.1			1.0
6344.0			1.0
6344.9			1.0
6345.8			1.0
6346.700000000001			1.0
6347.6			1.0
6348.5			1.0116568749621242
6349.4			1.0154749597944064
6350.3			1.0049917007896425
6351.200000000001			1.0020475351357452
6352.1			0.996940522241766
6353.0			0.9726360097447807
6353.9			0.9391193818865327
6354.8			0.9298235549188709
6355.700000000001			0.9612036379614416
6356.6			0.9726490326729165
6357.5			0.9289557691812422
6358.4			0.8996180906265479
6359.3			0.9155554670872267
6360.200000000001			0.9230544488979202
6361.1			0.9132757914800657
6362.0			0.9178727069310644
6362.9			0.9249670593275199
6363.8			0.9121151153551135
6364.700000000001			0.9098844510256918
6365.6			0.9351554871333871
6366.5			0.9520067590266689
6367.4			0.9638495903388435
6368.3			1.000053559976297
6369.200000000001			1.0
6370.1			1.0
6371.0			1.0
6371.9			1.0
6372.8			1.0
6373.700000000001			1.0
6374.6			1.0
6375.5			1.0
6376.4			1.0
6377.3			1.0
6378.200000000001			1.0
6379.1			1.0
6380.0			1.0
6380.9			1.0
6381.8			1.0
6382.700000000001			1.0
6383.6			1.0
6384.5			1.0
6385.4			1.0
6386.3			1.0
6387.200000000001			1.0
6388.1			1.0
6389.0			1.0
6389.9			1.0
6390.8			1.0
6391.700000000001			1.0
6392.6			1.0
6393.5			1.0
6394.4			1.0
6395.3			1.0
6396.200000000001			0.9989046138680133
6397.1			0.9815568285993853
6398.0			0.9300451806629899
6398.9			0.8631837918153955
6399.8			0.8554528457507024
6400.700000000001			0.9108586580837903
6401.6			0.9754853829285857
6402.5			0.9900738942042023
6403.4			1.0001374298649448
6404.3			1.0
6405.200000000001			1.0
6406.1			1.0
6407.0			1.0
6407.9			1.0
6408.8			1.0166006768389382
6409.700000000001			1.0235661024770308
6410.6			0.9697693911032867
6411.5			0.9199151423201126
6412.4			0.9411401796827903
6413.3			0.9911892313721515
6414.200000000001			0.9948617591244817
6415.1			1.0
6416.0			1.0
6416.9			1.0
6417.8			1.0
6418.700000000001			1.0
6419.6			1.0
6420.5			1.0
6421.4			1.0
6422.3			1.0
6423.200000000001			1.0
6424.1			1.0
6425.0			1.0
6425.9			0.9846263731435307
6426.8			0.9759257944692233
6427.700000000001			0.9632713508358688
6428.6			0.9383892038421408
6429.5			0.9114399381289807
6430.4			0.8782065581747078
6431.3			0.8713421700616549
6432.200000000001			0.9015724671085568
6433.1			0.9272810279944974
6434.0			0.9504137242289228
6434.9			0.9820266370291034
6435.8			1.0093035281832137
6436.700000000001			1.0023085341052804
6437.6			1.0
6438.5			1.0
6439.4			1.0
6440.3			1.0
6441.200000000001			1.0
6442.1			1.0
6443.0			1.0
6443.9			1.0
6444.8			1.0
6445.700000000001			1.0136184460656246
6446.6			1.046929573312588
6447.5			1.051170245359335
6448.4			0.9966670151545929
6449.3			0.9218597339792709
6450.200000000001			0.9072804176250334
6451.1			0.9544272404992793
6452.0			0.97091532731991
6452.9			0.9719380875613132
6453.8			1.0008019958410492
6454.700000000001			1.0004554349918235
6455.6			1.0
6456.5			1.0
6457.4			1.0
6458.3			1.0
6459.200000000001			1.0
6460.1			1.0
6461.0			0.9487542158556602
6461.9			0.8801405450779876
6462.8			0.8737055130424264
6463.700000000001			0.9401821727826725
6464.6			0.9976955474795184
6465.5			1.0
6466.4			1.0
6467.3			1.0
6468.200000000001			1.0
6469.1			1.0
6470.0			1.0
6470.9			1.0
6471.8			1.0
6472.700000000001			1.0
6473.6			1.0
6474.5			1.0
6475.4			1.0
6476.3			1.0
6477.200000000001			1.0
6478.1			1.0
6479.0			1.0
6479.9			1.0
6480.8			1.0
6481.700000000001			1.0
6482.6			1.0
6483.5			1.0
6484.4			1.0
6485.3			1.0
6486.200000000001			1.0
6487.1			1.0
6488.0			1.0
6488.9			0.9867209089993846
6489.8			0.9622625610561237
6490.700000000001			0.9572202730601395
6491.6			0.9850616650294616
6492.5			0.9772407913843625
6493.4			0.890597960892968
6494.3			0.8001973006623108
6495.200000000001			0.7838508453782211
6496.1			0.8094912836418495
6497.0			0.8457287078631047
6497.9			0.8662751350411114
6498.8			0.8834067568913169
6499.700000000001			0.9106053288996881
6500.6			0.9582984342490096
6501.5			0.9995061427929065
6502.4			1.0
6503.3			1.0
6504.200000000001			1.0
6505.1			1.0
6506.0			1.0
6506.9			1.0
6507.8			1.0
6508.700000000001			1.0
6509.6			1.0
6510.5			1.0
6511.4			1.0
6512.3			1.0
6513.200000000001			1.0
6514.1			1.0
6515.0			1.0
6515.9			1.0
6516.8			1.0
6517.700000000001			1.0
6518.6			1.0
6519.5			1.0
6520.4			1.0
6521.3			1.0
6522.200000000001			1.0
6523.1			1.0
6524.0			1.0
6524.9			1.0
6525.8			1.0
6526.700000000001			1.0
6527.6			1.0
6528.5			1.0
6529.4			1.0
6530.3			1.0
6531.200000000001			1.0
6532.1			1.0
6533.0			1.0
6533.9			1.0
6534.8			1.0
6535.700000000001			1.0
6536.6			1.0
6537.5			1.0
6538.4			1.0
6539.3			1.0
6540.200000000001			1.0
6541.1			1.0
6542.0			1.0
6542.9			1.0
6543.8			1.0205938105013341
6544.700000000001			0.9728468882069295
6545.6			0.894699213059882
6546.5			0.8956356577403511
6547.4			0.9518659538510413
6548.3			0.9799000110105853
6549.200000000001			1.0009484320106674
6550.1			1.0
6551.0			1.0
6551.9			1.0
6552.8			1.0
6553.700000000001			1.0
6554.6			1.0
6555.5			1.0
6556.4			1.0
6557.3			1.0
6558.200000000001			0.9730227218964289
6559.1			0.9514159718065665
6560.0			0.9559686306389353
6560.9			0.9574861752134273
6561.8			0.929432832142274
6562.700000000001			0.8875539487199204
6563.6			0.8742624897955781
6564.5			0.930582755346111
6565.4			1.0063322454379817
6566.3			1.0315194643470256
6567.200000000001			1.0211301914349675
6568.1			1.0165130156066082
6569.0			0.9968942794402682
6569.9			1.0
6570.8			1.0
6571.700000000001			1.0
6572.6			1.0
6573.5			1.0
6574.4			1.0
6575.3			1.0
6576.200000000001			1.0
6577.1			1.0
6578.0			1.0
6578.9			1.0
6579.8			1.0
6580.700000000001			1.0
6581.6			1.0
6582.5			1.0
6583.4			1.0
6584.3			1.0
6585.200000000001			1.0
6586.1			1.0
6587.0			1.0
6587.9			1.0
6588.8			1.01397957803125
6589.700000000001			1.024201907651548
6590.6			1.009604886049756
6591.5			0.995728824162553
6592.4			0.9703367633072552
6593.3			0.9303073020842892
6594.200000000001			0.9424503702125784
6595.1			1.0026888727009062
6596.0			1.0490570614065737
6596.9			1.035523313208954
6597.8			1.002267635525718
6598.700000000001			1.0
6599.6			1.0
6600.5			1.0
6601.4			1.0
6602.3			1.0
6603.200000000001			1.0
6604.1			1.0
6605.0			1.0
6605.9			1.0
6606.8			1.0
6607.700000000001			1.0
6608.6			1.0
6609.5			1.0
6610.4			1.0
6611.3			1.0
6612.200000000001			1.0
6613.1			1.0
6614.0			1.0
6614.9			1.0
6615.8			1.0
6616.700000000001			1.0
6617.6			1.0
6618.5			1.0
6619.4			1.0
6620.3			1.0
6621.200000000001			1.0
6622.1			1.0
6623.0			1.0
6623.9			1.0
6624.8			1.0
6625.700000000001			1.0
6626.6			1.0
6627.5			1.0
6628.4			1.0
6629.3			1.0
6630.200000000001			1.0127850872910247
6631.1			1.0161163387825976
6632.0			0.9827917843831618
6632.9			0.9300479717577754
6633.8			0.9101638603725948
6634.700000000001			0.9178761603593429
6635.6			0.9365399294158858
6636.5			0.9772570029788971
6637.4			0.9958673763690572
6638.3			1.0
6639.200000000001			1.0
6640.1			1.0
6641.0			1.0
6641.9			1.0
6642.8			1.0
6643.700000000001			1.0
6644.6			1.0
6645.5			1.0
6646.4			1.0
6647.3			1.0
6648.200000000001			1.0
6649.1			1.0
6650.0			1.0
6650.9			1.0
6651.8			1.0
6652.700000000001			1.0
6653.6			1.0
6654.5			1.0321436372877646
6655.4			1.0582836490825938
6656.3			1.0332835308280834
6657.200000000001			1.0260664821340038
6658.1			1.0660227586559665
6659.0			1.0239734156258415
6659.9			0.97590841429968
6660.8			0.9769984953481583
6661.700000000001			0.9644850481322503
6662.6			0.8958559281963314
6663.5			0.8921847954813563
6664.4			0.9230387008331383
6665.3			0.9378641925403294
6666.200000000001			0.9460422777423628
6667.1			0.9465826812225602
6668.0			0.9355572358691616
6668.9			0.9453436800441593
6669.8			0.9703836274825717
6670.700000000001			1.002398903102582
6671.6			1.0
6672.5			1.0
6673.4			1.0
6674.3			1.0
6675.200000000001			1.0
6676.1			1.0
6677.0			1.0
6677.9			1.0
6678.8			1.0
6679.700000000001			1.0
6680.6			1.0
6681.5			1.0
6682.4			1.0
6683.3			1.0
6684.200000000001			1.0
6685.1			1.0
6686.0			1.0
6686.9			1.0
6687.8			1.0
6688.700000000001			1.0
6689.6			1.0
6690.5			1.0
6691.4			1.0
6692.3			1.0
6693.200000000001			1.0
6694.1			1.0
6695.0			1.0
6695.9			1.0
6696.8			1.0
6697.700000000001			1.0
6698.6			1.0
6699.5			1.0
6700.4			1.0
6701.3			1.0
6702.200000000001			1.0
6703.1			1.0
6704.0			1.0
6704.9			1.0
6705.8			1.0
6706.700000000001			1.0
6707.6			1.0
6708.5			1.0
6709.4			1.0
6710.3			1.0
6711.200000000001			1.0
6712.1			1.0
6713.0			1.0
6713.9			1.0322646252431011
6714.8			1.026111520923681
6715.700000000001			0.9750502934331463
6716.6			0.935185817834575
6717.5			0.9499909803975426
6718.4			0.9840575521699413
6719.3			1.0000469405445525
6720.200000000001			1.0
6721.1			1.0
6722.0			1.0
6722.9			1.0
6723.8			1.0
6724.700000000001			1.0
6725.6			1.0
6726.5			1.0
6727.4			1.0
6728.3			1.0
6729.200000000001			1.0
6730.1			1.0
6731.0			1.0
6731.9			1.0
6732.8			1.0
6733.700000000001			1.0
6734.6			1.0
6735.5			1.0
6736.4			1.0
6737.3			1.0
6738.200000000001			1.0
6739.1			1.0
6740.0			1.0
6740.9			1.0
6741.8			1.0
6742.700000000001			1.0
6743.6			1.0
6744.5			1.0
6745.4			1.0
6746.3			1.0
6747.200000000001			1.0
6748.1			1.0
6749.0			1.0
6749.9			1.0
6750.8			1.0
6751.700000000001			1.0
6752.6			1.0
6753.5			1.0
6754.4			1.0
6755.3			1.0
6756.200000000001			1.0
6757.1			1.0
6758.0			1.0
6758.9			1.0
6759.8			1.0
6760.700000000001			1.0
6761.6			1.0
6762.5			1.0
6763.4			1.0
6764.3			1.0
6765.200000000001			1.0
6766.1			1.0
6767.0			1.0
6767.9			1.0
6768.8			1.0
6769.700000000001			1.0
6770.6			1.0
6771.5			1.0
6772.4			1.0
6773.3			1.0
6774.200000000001			1.0
6775.1			1.0
6776.0			1.0
6776.9			1.0
6777.8			1.0
6778.700000000001			1.0
6779.6			1.0
6780.5			1.0
6781.4			1.0
6782.3			1.0
6783.200000000001			1.0
6784.1			1.0
6785.0			1.0
6785.9			1.0
6786.8			1.0
6787.700000000001			1.0
6788.6			1.0
6789.5			1.0
6790.4			1.0
6791.3			1.0
6792.200000000001			1.0
6793.1			1.0
6794.0			1.0
6794.9			1.0
6795.8			1.0
6796.700000000001			1.0
6797.6			1.0
6798.5			1.0
6799.4			1.0
6800.3			1.0
6801.200000000001			1.0
6802.1			1.0
6803.0			1.0
6803.9			1.0
6804.8			1.0
6805.700000000001			1.0
6806.6			1.0
6807.5			1.0
6808.4			1.0
6809.3			1.0
6810.200000000001			1.0
6811.1			1.0
6812.0			1.0
6812.9			1.0
6813.8			1.0
6814.700000000001			1.0
6815.6			1.0
6816.5			1.0
6817.4			1.0
6818.3			1.0
6819.200000000001			1.0
6820.1			1.0
6821.0			1.0
6821.9			1.0
6822.8			1.0
6823.700000000001			1.0
6824.6			1.0
6825.5			1.0
6826.4			1.0
6827.3			1.0
6828.200000000001			1.0
6829.1			1.0
6830.0			1.0
6830.9			1.0
6831.8			0.9978261748975814
6832.700000000001			0.9969201628831742
6833.6			0.9889903132790513
6834.5			1.0001619269487674
6835.4			1.0379612560597502
6836.3			1.0571634352232642
6837.200000000001			1.0259438761955118
6838.1			0.9821571633837857
6839.0			0.9594342350934656
6839.9			0.9518874215060842
6840.8			0.9482368228065681
6841.700000000001			0.9365552026909398
6842.6			0.9452526603336564
6843.5			0.9866043301710828
6844.4			1.0220807716295979
6845.3			1.0284713359942501
6846.200000000001			1.0164856087251637
6847.1			1.002312007319708
6848.0			0.9991754162885993
6848.9			1.0182067735124154
6849.8			1.0352472820590142
6850.700000000001			1.0274993407931734
6851.6			0.9984289352009845
6852.5			1.0023437971767788
6853.4			1.0105967121408765
6854.3			0.9672703353144098
6855.200000000001			0.9192047804223009
6856.1			0.9204218352054367
6857.0			0.9560057398500954
6857.9			0.9660328802303948
6858.8			0.9681340827533865
6859.700000000001			0.9747853491611845
6860.6			0.9543669407656211
6861.5			0.9229505091914103
6862.4			0.9374119427884569
6863.3			0.9909534808648207
6864.200000000001			1.011178710644963
6865.1			0.9901036276324632
6866.0			0.9848132485925671
6866.9			0.9933791856132028
6867.8			0.9891683086871975
6868.700000000001			0.9889269806631978
6869.6			0.9825554387455655
6870.5			0.9666264343339396
6871.4			0.9736377523235868
6872.3			0.9646445202151741
6873.200000000001			0.9463826214579877
6874.1			0.9978786323009393
6875.0			1.0351569603939905
6875.9			1.0146205184346786
6876.8			1.0168626396461027
6877.700000000001			1.0102445301503955
6878.6			1.0001478717175518
6879.5			1.0
6880.4			1.0
6881.3			1.0
6882.200000000001			1.0
6883.1			1.0
6884.0			1.0
6884.9			1.0
6885.8			1.0
6886.700000000001			1.0
6887.6			1.0
6888.5			1.0
6889.4			1.0
6890.3			1.0
6891.200000000001			1.0
6892.1			1.0
6893.0			1.0
6893.9			1.0
6894.8			1.0
6895.700000000001			1.0
6896.6			1.0
6897.5			1.0
6898.4			1.0
6899.3			1.0
6900.200000000001			1.0
6901.1			1.0
6902.0			1.0
6902.9			1.0
6903.8			1.0
6904.700000000001			1.0
6905.6			1.0
6906.5			1.0
6907.4			1.0
6908.3			1.0
6909.200000000001			1.0
6910.1			1.0
6911.0			1.0
6911.9			1.0
6912.8			1.0
6913.700000000001			1.0
6914.6			1.0
6915.5			1.0
6916.4			1.0
6917.3			1.0
6918.200000000001			1.0
6919.1			1.0
6920.0			1.0
6920.9			1.0
6921.8			1.0
6922.700000000001			1.0
6923.6			1.0
6924.5			1.0
6925.4			1.0
6926.3			1.0
6927.200000000001			1.0
6928.1			1.0
6929.0			1.0
6929.9			1.0
6930.8			1.0
6931.700000000001			1.0
6932.6			1.0
6933.5			1.0
6934.4			1.0
6935.3			1.0
6936.200000000001			1.0
6937.1			1.0
6938.0			1.0
6938.9			1.0
6939.8			1.0
6940.700000000001			1.0
6941.6			1.0
6942.5			1.0
6943.4			1.0
6944.3			1.0
6945.200000000001			1.0
6946.1			1.0
6947.0			1.0
6947.9			1.0
6948.8			1.0
6949.700000000001			1.0
6950.6			1.0
6951.5			1.0
6952.4			1.0
6953.3			1.0
6954.200000000001			1.0
6955.1			1.0
6956.0			1.0
6956.9			1.0
6957.8			0.9813570265139271
6958.700000000001			1.0076976368541297
6959.6			1.0289341822610523
6960.5			1.0165983805231067
6961.4			0.9963656776306105
6962.3			0.9463860968522998
6963.200000000001			0.922730902643554
6964.1			0.9404951894757193
6965.0			0.9506051088086761
6965.9			0.943789990065775
6966.8			0.9531258450622717
6967.700000000001			0.9802596166507502
6968.6			1.0003197065673561
6969.5			1.0
6970.4			1.0
6971.3			1.0
6972.200000000001			1.0
6973.1			1.0364773835205814
6974.0			1.0551137148762844
6974.9			1.039410935571217
6975.8			1.0130580125231419
6976.700000000001			0.9803345131368221
6977.6			0.9601640898628193
6978.5			0.9160087725307933
6979.4			0.9233225362939982
6980.3			0.9667206448640818
6981.200000000001			0.9778631166954188
6982.1			0.9815931475349395
6983.0			0.9973000248067699
6983.9			0.998384859917179
6984.8			1.0
6985.700000000001			1.0
6986.6			1.0
6987.5			1.0
6988.4			1.0
6989.3			1.0
6990.200000000001			1.0
6991.1			1.0
6992.0			1.0
6992.9			1.0
6993.8			1.0
6994.700000000001			1.0
6995.6			1.0
6996.5			1.0
6997.4			1.0
6998.3			1.0
6999.200000000001			1.0
7000.1			1.0
7001.0			1.0
7001.9			1.0
7002.8			1.0
7003.700000000001			1.0
7004.6			1.0
7005.5			1.0
7006.4			1.0
7007.3			1.0
7008.200000000001			1.0
7009.1			1.0
7010.0			1.0
7010.9			1.0
7011.8			1.0
7012.700000000001			1.0
7013.6			1.0
7014.5			1.0
7015.4			1.0
7016.3			1.0
7017.200000000001			1.0
7018.1			1.0
7019.0			1.0
7019.9			1.0
7020.8			1.0
7021.700000000001			1.0
7022.6			1.0
7023.5			1.0
7024.4			1.0
7025.3			1.0
7026.200000000001			1.0
7027.1			1.0
7028.0			1.0
7028.9			1.0
7029.8			1.0
7030.700000000001			1.0
7031.6			1.0
7032.5			1.0
7033.4			1.0
7034.3			1.0
7035.200000000001			1.0
7036.1			1.0
7037.0			1.0
7037.9			1.0
7038.8			1.0
7039.700000000001			1.0
7040.6			1.0
7041.5			1.0
7042.4			1.0
7043.3			1.0
7044.200000000001			1.0
7045.1			1.0
7046.0			1.0
7046.9			1.0
7047.8			1.0
7048.700000000001			1.0
7049.6			1.0
7050.5			1.0
7051.4			1.0
7052.3			1.0
7053.200000000001			1.0
7054.1			1.0
7055.0			1.0
7055.9			1.0
7056.8			1.0
7057.700000000001			1.0
7058.6			1.0
7059.5			1.0
7060.4			1.0
7061.3			1.0
7062.200000000001			1.0
7063.1			1.0
7064.0			1.0
7064.9			1.0
7065.8			1.0
7066.700000000001			1.0
7067.6			1.0
7068.5			1.0
7069.4			1.0
7070.3			1.0
7071.200000000001			1.0
7072.1			1.0
7073.0			1.0
7073.9			1.0
7074.8			1.0
7075.700000000001			1.0
7076.6			1.0
7077.5			1.0
7078.4			1.0
7079.3			1.0
7080.200000000001			1.0
7081.1			1.0
7082.0			1.0
7082.9			1.0
7083.8			1.0
7084.700000000001			1.0
7085.6			1.0
7086.5			1.0
7087.4			1.0
7088.3			1.0
7089.200000000001			1.0
7090.1			1.0
7091.0			1.0
7091.9			1.0
7092.8			1.0
7093.700000000001			1.0
7094.6			1.0
7095.5			1.0
7096.4			1.0
7097.3			1.0
7098.200000000001			1.0
7099.1			1.0
7100.0			1.0
7100.9			1.0
7101.8			1.0
7102.700000000001			1.0
7103.6			1.0
7104.5			1.0
7105.4			1.0
7106.3			1.0
7107.200000000001			1.0
7108.1			1.0
7109.0			1.0
7109.9			1.0
7110.8			1.0
7111.700000000001			1.0
7112.6			1.0
7113.5			1.0
7114.4			1.0
7115.3			1.0
7116.200000000001			1.0
7117.1			1.0
7118.0			1.0
7118.9			1.0
7119.8			1.0
7120.700000000001			1.0
7121.6			1.0
7122.5			1.0
7123.4			1.0
7124.3			1.0
7125.200000000001			1.0
7126.1			1.0
7127.0			1.0
7127.9			1.0
7128.8			1.0
7129.700000000001			1.0
7130.6			1.0
7131.5			1.0
7132.4			1.0
7133.3			1.0
7134.200000000001			1.0
7135.1			1.0
7136.0			1.0
7136.9			1.0
7137.8			1.0
7138.700000000001			1.0
7139.6			1.0
7140.5			1.0
7141.4			1.0
7142.3			1.0
7143.200000000001			1.0
7144.1			1.0
7145.0			1.0
7145.9			1.0
7146.8			1.0
7147.700000000001			1.0
7148.6			1.0
7149.5			1.0
7150.4			1.0
7151.3			1.0
7152.200000000001			1.0
7153.1			1.0
7154.0			1.0
7154.9			1.0
7155.8			1.0
7156.700000000001			1.0
7157.6			1.0
7158.5			1.0
7159.4			1.0
7160.3			1.0
7161.200000000001			1.0
7162.1			1.0
7163.0			1.0
7163.9			1.0
7164.8			1.0
7165.700000000001			1.0
7166.6			1.0
7167.5			1.0
7168.4			1.0
7169.3			1.0
7170.200000000001			1.0
7171.1			1.0
7172.0			1.0
7172.9			1.0
7173.8			1.0
7174.700000000001			1.0
7175.6			1.0
7176.5			1.0
7177.4			1.0
7178.3			1.0
7179.200000000001			1.0
7180.1			1.0
7181.0			1.0
7181.9			1.0
7182.8			1.0
7183.700000000001			1.0
7184.6			1.0
7185.5			1.0
7186.4			1.0
7187.3			1.0
7188.200000000001			1.0
7189.1			1.0
7190.0			1.0
7190.9			1.0
7191.8			1.0
7192.700000000001			1.0
7193.6			1.0
7194.5			1.0
7195.4			1.0
7196.3			1.0
7197.200000000001			1.0
7198.1			1.0
7199.0			1.0
7199.9			1.0
7200.8			1.0
7201.700000000001			1.0
7202.6			1.0
7203.5			1.0
7204.4			1.0
7205.3			1.0
7206.200000000001			1.0
7207.1			1.0
7208.0			1.0
7208.9			1.0
7209.8			1.0
7210.700000000001			1.0
7211.6			1.0
7212.5			1.0
7213.4			1.0
7214.3			1.0
7215.200000000001			1.0
7216.1			1.0
7217.0			1.0
7217.9			1.0
7218.8			1.0
7219.700000000001			1.0
7220.6			1.0
7221.5			1.0
7222.4			1.0
7223.3			1.0
7224.200000000001			1.0
7225.1			1.0
7226.0			1.0
7226.9			1.0
7227.8			1.0
7228.700000000001			1.0
7229.6			1.0
7230.5			1.0
7231.4			1.0
7232.3			1.0
7233.200000000001			1.0
7234.1			1.0
7235.0			1.0
7235.9			1.0
7236.8			1.0
7237.700000000001			1.0
7238.6			1.0
7239.5			1.0
7240.4			1.0
7241.3			1.0
7242.200000000001			1.0
7243.1			1.0
7244.0			1.0
7244.9			1.0
7245.8			1.0
7246.700000000001			1.0
7247.6			1.0
7248.5			1.0
7249.4			1.0
7250.3			1.0
7251.200000000001			1.0
7252.1			1.0
7253.0			1.0
7253.9			1.0
7254.8			1.0
7255.700000000001			1.0
7256.6			1.0
7257.5			1.0
7258.4			1.0
7259.3			1.0
7260.200000000001			1.0
7261.1			1.0
7262.0			1.0
7262.9			1.0
7263.8			1.0
7264.700000000001			1.0
7265.6			1.0
7266.5			1.0
7267.4			1.0
7268.3			1.0
7269.200000000001			1.0
7270.1			1.0
7271.0			1.0
7271.9			1.0
7272.8			1.0
7273.700000000001			1.0
7274.6			1.0
7275.5			1.0
7276.4			1.0
7277.3			1.0
7278.200000000001			1.0
7279.1			1.0
7280.0			1.0
7280.9			1.0
7281.8			1.0
7282.700000000001			1.0
7283.6			1.0
7284.5			1.0
7285.4			1.0
7286.3			1.0
7287.200000000001			1.0
7288.1			1.0
7289.0			1.0
7289.9			1.0
7290.8			1.0
7291.700000000001			1.0
7292.6			1.0
7293.5			1.0
7294.4			1.0
7295.3			1.0
7296.200000000001			1.0
7297.1			1.0
7298.0			1.0
7298.9			1.0
7299.8			1.0
7300.700000000001			1.0
7301.6			1.0
7302.5			1.0
7303.4			1.0
7304.3			1.0
7305.200000000001			1.0
7306.1			1.0
7307.0			1.0
7307.9			1.0
7308.8			1.0
7309.700000000001			1.0
7310.6			1.0
7311.5			1.0
7312.4			1.0
7313.3			1.0
7314.200000000001			1.0
7315.1			1.0
7316.0			1.0
7316.9			1.0
7317.8			1.0
7318.700000000001			1.0
7319.6			1.0
7320.5			1.0
7321.4			1.0
7322.3			1.0
7323.200000000001			1.0
7324.1			1.0
7325.0			1.0
7325.9			1.0
7326.8			1.0
7327.700000000001			1.0
7328.6			1.0
7329.5			1.0
7330.4			1.0
7331.3			1.0
7332.200000000001			1.0
7333.1			1.0
7334.0			1.0
7334.9			1.0
7335.8			1.0
7336.700000000001			1.0
7337.6			1.0
7338.5			1.0
7339.4			1.0
7340.3			1.0
7341.200000000001			1.0
7342.1			1.0
7343.0			1.0
7343.9			1.0
7344.8			1.0
7345.700000000001			1.0
7346.6			1.0
7347.5			1.0
7348.4			1.0
7349.3			1.0
7350.200000000001			1.0
7351.1			1.0
7352.0			1.0
7352.9			1.0
7353.8			1.0
7354.700000000001			1.0
7355.6			1.0
7356.5			1.0
7357.4			1.0
7358.3			1.0
7359.200000000001			1.0
7360.1			1.0
7361.0			1.0
7361.9			1.0
7362.8			1.0
7363.700000000001			1.0
7364.6			1.0
7365.5			1.0
7366.4			1.0
7367.3			1.0
7368.200000000001			1.0
7369.1			1.0
7370.0			1.0
7370.9			1.0
7371.8			1.0
7372.700000000001			1.0
7373.6			1.0
7374.5			1.0
7375.4			1.0
7376.3			1.0
7377.200000000001			1.0
7378.1			1.0
7379.0			1.0
7379.9			1.0
7380.8			1.0
7381.700000000001			1.0
7382.6			1.0
7383.5			1.0
7384.4			1.0
7385.3			1.0
7386.200000000001			1.0
7387.1			1.0
7388.0			1.0
7388.9			1.0
7389.8			1.0
7390.700000000001			1.0
7391.6			1.0
7392.5			1.0
7393.4			1.0
7394.3			1.0
7395.200000000001			1.0
7396.1			1.0
7397.0			1.0
7397.9			1.0
7398.8			1.0
7399.700000000001			1.0
7400.6			1.0
7401.5			1.0
7402.4			1.0
7403.3			1.0
7404.200000000001			1.0
7405.1			1.0
7406.0			1.0
7406.9			1.0
7407.8			1.0
7408.700000000001			1.0
7409.6			1.0
7410.5			1.0
7411.4			1.0
7412.3			1.0
7413.200000000001			1.0
7414.1			1.0
7415.0			1.0
7415.9			1.0
7416.8			1.0
7417.700000000001			1.0
7418.6			1.0
7419.5			1.0
7420.4			1.0
7421.3			1.0
7422.200000000001			1.0
7423.1			1.0
7424.0			1.0
7424.9			1.0
7425.8			1.0
7426.700000000001			1.0
7427.6			1.0
7428.5			1.0
7429.4			1.0
