3500.0			1.0
3500.9			1.0
3501.8			1.0
3502.7			1.0
3503.6			1.0
3504.5			1.0
3505.4			1.0
3506.3			1.0
3507.2			1.0
3508.1			1.0
3509.0			1.0
3509.9			1.0
3510.8			1.0
3511.7			1.0
3512.6			1.0
3513.5			1.0
3514.4			1.0
3515.3			1.0
3516.2			1.0
3517.1			1.0
3518.0			1.0
3518.9			1.0
3519.8			1.0
3520.7			1.0
3521.6			1.0
3522.5			1.0
3523.4			1.0
3524.3			1.0
3525.2			1.0
3526.1			1.0
3527.0			1.0
3527.9			1.0
3528.8			1.0
3529.7			1.0
3530.6			1.0
3531.5			1.0
3532.4			1.0
3533.3			1.0
3534.2			1.0
3535.1			1.0
3536.0			1.0
3536.9			1.0
3537.8			1.0
3538.7			1.0
3539.6			1.0
3540.5			1.0
3541.4			1.0
3542.3			1.0
3543.2			1.0
3544.1			1.0
3545.0			1.0
3545.9			1.0
3546.8			1.0
3547.7			1.0
3548.6			1.0
3549.5			1.0
3550.4			1.0
3551.3			1.0
3552.2			1.0
3553.1			1.0
3554.0			1.0
3554.9			1.0
3555.8			1.0
3556.7			1.0
3557.6			1.0
3558.5			1.0
3559.4			1.0
3560.3			1.0
3561.2			1.0
3562.1			1.0
3563.0			1.0
3563.9			1.0
3564.8			1.0
3565.7			1.0
3566.6			1.0
3567.5			1.0
3568.4			1.0
3569.3			1.0
3570.2			1.0
3571.1			1.0
3572.0			1.0
3572.9			1.0
3573.8			1.0
3574.7			1.0
3575.6			1.0
3576.5			1.0
3577.4			1.0
3578.3			1.0
3579.2			1.0
3580.1			1.0
3581.0			1.0
3581.9			1.0
3582.8			1.0
3583.7			1.0
3584.6			1.0
3585.5			1.0
3586.4			1.0
3587.3			1.0
3588.2			1.0
3589.1			1.0
3590.0			1.0
3590.9			1.0
3591.8			1.0
3592.7			1.0
3593.6			1.0
3594.5			1.0
3595.4			1.0
3596.3			1.0
3597.2			1.0
3598.1			1.0
3599.0			1.0
3599.9			1.0
3600.8			1.0
3601.7			1.0
3602.6			1.0
3603.5			1.0
3604.4			1.0
3605.3			1.0
3606.2			1.0
3607.1			1.0
3608.0			1.0
3608.9			1.0
3609.8			1.0
3610.7			1.0
3611.6			1.0
3612.5			1.0
3613.4			1.0
3614.3			1.0
3615.2			1.0
3616.1			1.0
3617.0			1.0
3617.9			1.0
3618.8			1.0
3619.7			1.0
3620.6			1.0
3621.5			1.0
3622.4			1.0
3623.3			1.0
3624.2			1.0
3625.1			1.0
3626.0			1.0
3626.9			1.0
3627.8			1.0
3628.7			1.0
3629.6			1.0
3630.5			1.0
3631.4			1.0
3632.3			1.0
3633.2			1.0
3634.1			1.0
3635.0			1.0
3635.9			1.0
3636.8			1.0
3637.7			1.0
3638.6			1.0
3639.5			1.0
3640.4			1.0
3641.3			1.0
3642.2			1.0
3643.1			1.0
3644.0			1.0
3644.9			1.0
3645.8			1.0
3646.7			1.0
3647.6			1.0
3648.5			1.0
3649.4			1.0
3650.3			1.0
3651.2			1.0
3652.1			1.0
3653.0			1.0
3653.9			1.0
3654.8			1.0
3655.7			1.0
3656.6			1.0
3657.5			1.0
3658.4			1.0
3659.3			1.0
3660.2			1.0
3661.1			1.0
3662.0			1.0
3662.9			1.0
3663.8			1.0
3664.7			1.0
3665.6			1.0
3666.5			1.0
3667.4			1.0
3668.3			1.0
3669.2			1.0
3670.1			1.0
3671.0			1.0
3671.9			1.0
3672.8			1.0
3673.7			1.0
3674.6			1.0
3675.5			1.0
3676.4			1.0
3677.3			1.0
3678.2			1.0
3679.1			1.0
3680.0			1.0
3680.9			1.0
3681.8			1.0
3682.7			1.0
3683.6			1.0
3684.5			1.0
3685.4			1.0
3686.3			1.0
3687.2			1.0
3688.1			1.0
3689.0			1.0
3689.9			1.0
3690.8			1.0
3691.7			1.0
3692.6			1.0
3693.5			1.0
3694.4			1.0
3695.3			1.0
3696.2			1.0
3697.1			1.0
3698.0			1.0
3698.9			1.0
3699.8			1.0
3700.7			1.0
3701.6			1.0
3702.5			1.0
3703.4			1.0
3704.3			1.0
3705.2			1.0
3706.1			1.0
3707.0			1.0
3707.9			1.0
3708.8			1.0
3709.7			1.0
3710.6			1.0
3711.5			1.0
3712.4			1.0
3713.3			1.0
3714.2			1.0
3715.1			1.0
3716.0			1.0
3716.9			1.0
3717.8			1.0
3718.7			1.0
3719.6			1.0
3720.5			1.0
3721.4			1.0
3722.3			1.0
3723.2			1.0
3724.1			1.0
3725.0			1.0
3725.9			1.0
3726.8			1.0
3727.7			1.0
3728.6			1.0
3729.5			1.0
3730.4			1.0
3731.3			1.0
3732.2			1.0
3733.1			1.0
3734.0			1.0
3734.9			1.0
3735.8			1.0
3736.7			1.0
3737.6			1.0
3738.5			1.0
3739.4			1.0
3740.3			1.0
3741.2			1.0
3742.1			1.0
3743.0			1.0
3743.9			1.0
3744.8			1.0
3745.7			1.0
3746.6			1.0
3747.5			1.0
3748.4			1.0
3749.3			1.0
3750.2			1.0
3751.1			1.0
3752.0			1.0
3752.9			1.0
3753.8			1.0
3754.7			1.0
3755.6			1.0
3756.5			1.0
3757.4			1.0
3758.3			1.0
3759.2			1.0
3760.1			1.0
3761.0			1.0
3761.9			1.0
3762.8			1.0
3763.7			1.0
3764.6			1.0
3765.5			1.0
3766.4			1.0
3767.3			1.0
3768.2			1.0
3769.1			1.0
3770.0			1.0
3770.9			1.0
3771.8			1.0
3772.7			1.0
3773.6			1.0
3774.5			1.0
3775.4			1.0
3776.3			1.0
3777.2			1.0
3778.1			1.0
3779.0			1.0
3779.9			1.0
3780.8			1.0
3781.7			1.0
3782.6			1.0
3783.5			1.0
3784.4			1.0
3785.3			1.0
3786.2			1.0
3787.1			1.0
3788.0			1.0
3788.9			1.0
3789.8			1.0
3790.7			1.0
3791.6			1.0
3792.5			1.0
3793.4			1.0
3794.3			1.0
3795.2			1.0
3796.1			1.0
3797.0			1.0
3797.9			1.0
3798.8			1.0
3799.7			1.0
3800.6			1.0
3801.5			1.0
3802.4			1.0
3803.3			1.0
3804.2			1.0
3805.1			1.0
3806.0			1.0
3806.9			1.0
3807.8			1.0
3808.7			1.0
3809.6			1.0
3810.5			1.0
3811.4			1.0
3812.3			1.0
3813.2			1.0
3814.1			1.0
3815.0			1.0
3815.9			1.0
3816.8			1.0
3817.7			1.0
3818.6			1.0
3819.5			1.0
3820.4			1.0
3821.3			1.0
3822.2			1.0
3823.1			1.0
3824.0			1.0
3824.9			1.0
3825.8			1.0
3826.7			1.0
3827.6			1.0
3828.5			1.0
3829.4			1.0
3830.3			1.0
3831.2			1.0
3832.1			1.0
3833.0			1.0
3833.9			1.0
3834.8			1.0
3835.7			1.0
3836.6			1.0
3837.5			1.0
3838.4			1.0
3839.3			1.0
3840.2			1.0
3841.1			1.0
3842.0			1.0
3842.9			1.0
3843.8			1.0
3844.7			1.0
3845.6			1.0
3846.5			1.0
3847.4			1.0
3848.3			1.0
3849.2			1.0
3850.1			1.0
3851.0			1.0
3851.9			1.0
3852.8			1.0
3853.7			1.0
3854.6			1.0
3855.5			1.0
3856.4			1.0
3857.3			1.0
3858.2			1.0
3859.1			1.0
3860.0			1.0
3860.9			1.0
3861.8			1.0
3862.7			1.0
3863.6			1.0
3864.5			1.0
3865.4			1.0
3866.3			1.0
3867.2			1.0
3868.1			1.0
3869.0			1.0
3869.9			1.0
3870.8			1.0
3871.7			1.0
3872.6			1.0
3873.5			1.0
3874.4			1.0
3875.3			1.0
3876.2			1.0
3877.1			1.0
3878.0			1.0
3878.9			1.0
3879.8			1.0
3880.7			1.0
3881.6			1.0
3882.5			1.0
3883.4			1.0
3884.3			1.0
3885.2			1.0
3886.1			1.0
3887.0			1.0
3887.9			1.0
3888.8			1.0
3889.7			1.0
3890.6			1.0
3891.5			1.0
3892.4			1.0
3893.3			1.0
3894.2			1.0
3895.1			1.0
3896.0			1.0
3896.9			1.0
3897.8			1.0
3898.7			1.0
3899.6			1.0
3900.5			1.0
3901.4			1.0
3902.3			1.0
3903.2			1.0
3904.1			1.0
3905.0			1.0
3905.9			1.0
3906.8			1.0
3907.7			1.0
3908.6			1.0
3909.5			1.0
3910.4			1.0
3911.3			1.0
3912.2			1.0
3913.1			1.0
3914.0			1.0
3914.9			1.0
3915.8			1.0
3916.7			1.0
3917.6			1.0
3918.5			1.0
3919.4			1.0
3920.3			1.0
3921.2			1.0
3922.1			1.0
3923.0			1.0
3923.9			1.0
3924.8			1.0
3925.7			1.0
3926.6			1.0
3927.5			1.0
3928.4			1.0
3929.3			1.0
3930.2			1.0
3931.1			1.0
3932.0			1.0
3932.9			1.0
3933.8			1.0
3934.7			1.0
3935.6			1.0
3936.5			1.0
3937.4			1.0
3938.3			1.0
3939.2			1.0
3940.1			1.0
3941.0			1.0
3941.9			1.0
3942.8			1.0
3943.7			1.0
3944.6			1.0
3945.5			1.0
3946.4			1.0
3947.3			1.0
3948.2			1.0
3949.1			1.0
3950.0			1.0
3950.9			1.0
3951.8			1.0
3952.7			1.0
3953.6			1.0
3954.5			1.0
3955.4			1.0
3956.3			1.0
3957.2			1.0
3958.1			1.0
3959.0			1.0
3959.9			1.0
3960.8			1.0
3961.7			1.0
3962.6			1.0
3963.5			1.0
3964.4			1.0
3965.3			1.0
3966.2			1.0
3967.1			1.0
3968.0			1.0
3968.9			1.0
3969.8			1.0
3970.7			1.0
3971.6			1.0
3972.5			1.0
3973.4			1.0
3974.3			1.0
3975.2			1.0
3976.1			1.0
3977.0			1.0
3977.9			1.0
3978.8			1.0
3979.7			1.0
3980.6			1.0
3981.5			1.0
3982.4			1.0
3983.3			1.0
3984.2			1.0
3985.1			1.0
3986.0			1.0
3986.9			1.0
3987.8			1.0
3988.7			1.0
3989.6			1.0
3990.5			1.0
3991.4			1.0
3992.3			1.0
3993.2			1.0
3994.1			1.0
3995.0			1.0
3995.9			1.0
3996.8			1.0
3997.7			1.0
3998.6			1.0
3999.5			1.0
4000.4			1.0
4001.3			1.0
4002.2			1.0
4003.1			1.0
4004.0			1.0
4004.9			1.0
4005.8			1.0
4006.7			1.0
4007.6			1.0
4008.5			1.0
4009.4			1.0
4010.3			1.0
4011.2			1.0
4012.1			1.0
4013.0			1.0
4013.9			1.0
4014.8			1.0
4015.7			1.0
4016.6			1.0
4017.5			1.0
4018.4			1.0
4019.3			1.0
4020.2			1.0
4021.1			1.0
4022.0			1.0
4022.9			1.0
4023.8			1.0
4024.7			1.0
4025.6			1.0
4026.5			1.0
4027.4			1.0
4028.3			1.066658571726226
4029.2			1.0184757969956306
4030.1			0.7980308866545629
4031.0			0.5768062342601696
4031.9			0.5216241416029684
4032.8			0.5108351323245158
4033.7			0.4920092660067125
4034.6			0.5592339760658018
4035.5			0.7180321132902587
4036.4			0.9062365372266086
4037.3			1.034340943568257
4038.2			1.051276999213956
4039.1			0.9983347450582817
4040.0			1.0
4040.9			1.0
4041.8			1.0
4042.7			0.9890852600564802
4043.6			0.8611098260504311
4044.5			0.645317261703387
4045.4			0.47354834178476113
4046.3			0.46557711658891837
4047.2			0.6335859296984032
4048.1			0.835347999161536
4049.0			0.9482288755100772
4049.9			1.0012535478280604
4050.8			1.0
4051.7			1.0
4052.6			1.0
4053.5			1.0
4054.4			1.0
4055.3			1.0
4056.2			1.0
4057.1			1.0
4058.0			1.0
4058.9			1.0
4059.8			1.0
4060.7			1.0839574462634949
4061.6			1.0520064201661237
4062.5			0.8523573116662306
4063.4			0.6266007637304246
4064.3			0.6244331625782117
4065.2			0.843130991487019
4066.1			1.0093386103880682
4067.0			1.00194582151599
4067.9			1.006141668263238
4068.8			1.0
4069.7			1.0
4070.6			1.0
4071.5			1.0
4072.4			1.0
4073.3			1.0
4074.2			1.0
4075.1			0.9239790924510928
4076.0			0.7411865690584293
4076.9			0.572951683554618
4077.8			0.5309975543015258
4078.7			0.6479147252552464
4079.6			0.8273374021771704
4080.5			1.0036414350807679
4081.4			1.0
4082.3			1.0
4083.2			1.0
4084.1			1.0
4085.0			1.0
4085.9			1.0
4086.8			1.0
4087.7			1.0
4088.6			1.0
4089.5			1.0
4090.4			1.0
4091.3			1.0
4092.2			1.0
4093.1			1.0095468260161602
4094.0			1.0746621235492675
4094.9			1.0031171457647432
4095.8			0.8393646578262182
4096.7			0.7564908761658555
4097.6			0.7929366068532817
4098.5			0.8270505122400333
4099.4			0.8018408933756608
4100.3			0.7073764670841616
4101.2			0.6250094668131048
4102.1			0.6619752766065702
4103.0			0.7815356368675149
4103.9			0.8591658909647636
4104.8			0.9058684138326172
4105.7			1.0224553126496552
4106.6			1.1200831798421416
4107.5			1.1107371416039413
4108.4			1.0674548150373353
4109.3			1.0031416246816978
4110.2			1.0
4111.1			1.0
4112.0			1.0
4112.9			1.0
4113.8			1.0
4114.7			1.0
4115.6			1.0
4116.5			1.0
4117.4			1.0
4118.3			1.0
4119.2			1.0
4120.1			1.0
4121.0			1.0
4121.9			1.0
4122.8			1.0
4123.7			1.0
4124.6			1.0
4125.5			1.0
4126.4			1.0
4127.3			1.0
4128.2			1.0
4129.1			1.0
4130.0			1.0
4130.9			1.0
4131.8			1.0
4132.7			1.0
4133.6			1.0
4134.5			1.0
4135.4			1.0
4136.3			1.0
4137.2			1.0
4138.1			1.0
4139.0			1.0103433595568052
4139.9			0.9927810736243505
4140.8			0.9766727814028959
4141.7			0.8808722070859142
4142.6			0.667828757642772
4143.5			0.5178462052581577
4144.4			0.5859902535404214
4145.3			0.7958642845077252
4146.2			0.9582927607950003
4147.1			1.0128851797178509
4148.0			1.0010887662943078
4148.9			1.0
4149.8			1.0
4150.7			1.0
4151.6			1.0
4152.5			1.0
4153.4			1.0
4154.3			1.0
4155.2			1.0
4156.1			1.0
4157.0			1.0
4157.9			1.0
4158.8			1.0
4159.7			1.0
4160.6			1.0
4161.5			1.0
4162.4			1.0
4163.3			1.0
4164.2			1.0
4165.1			1.0
4166.0			0.9999576116164507
4166.9			0.9881213400917032
4167.8			0.9459302665091008
4168.7			0.9745080998435153
4169.6			1.0221840278313858
4170.5			1.0626459068834062
4171.4			0.9627242968053507
4172.3			0.7607333818890794
4173.2			0.669268314524963
4174.1			0.7138685468460305
4175.0			0.8095174609960621
4175.9			0.8839475800275024
4176.8			0.8817576848481133
4177.7			0.8431849714753593
4178.6			0.8964340867627583
4179.5			0.9801112851170795
4180.4			0.996436328829209
4181.3			1.0
4182.2			1.0
4183.1			1.0
4184.0			1.0
4184.9			1.0
4185.8			1.0
4186.7			1.0
4187.6			1.0
4188.5			1.0
4189.4			1.0
4190.3			1.0
4191.2			1.0
4192.1			1.0
4193.0			1.0
4193.9			1.0
4194.8			1.0
4195.7			1.0
4196.6			1.0
4197.5			1.0
4198.4			1.0
4199.3			1.0
4200.2			1.0
4201.1			1.0
4202.0			1.0
4202.9			1.0
4203.8			1.0
4204.7			1.0
4205.6			1.0
4206.5			1.0
4207.4			1.0
4208.3			1.0
4209.2			1.0
4210.1			1.0
4211.0			1.0
4211.9			1.0
4212.8			0.9503164842582137
4213.7			0.8272121056989674
4214.6			0.6745632762548873
4215.5			0.6021516272025982
4216.4			0.7149394801364942
4217.3			0.9034731213341235
4218.2			0.9819108102529083
4219.1			1.0
4220.0			1.0
4220.9			1.0
4221.8			0.9417421439051332
4222.7			0.8017843780926897
4223.6			0.650516196113413
4224.5			0.5062214146137435
4225.4			0.35078762667507196
4226.3			0.22947612059292474
4227.2			0.21560476586899346
4228.1			0.3414965015343039
4229.0			0.545336915961093
4229.9			0.766879883656303
4230.8			0.9860419668749812
4231.7			1.0803152938549085
4232.6			0.9897711437133015
4233.5			1.0
4234.4			1.0
4235.3			1.0
4236.2			1.0
4237.1			1.0
4238.0			1.0
4238.9			1.0
4239.8			1.0
4240.7			1.0
4241.6			1.0
4242.5			1.0
4243.4			1.0
4244.3			1.0
4245.2			1.0
4246.1			1.0
4247.0			1.0
4247.9			0.9581927745272405
4248.8			0.9487486384538563
4249.7			0.8599304515770542
4250.6			0.7232277190676026
4251.5			0.7090802484926052
4252.4			0.7761628578693989
4253.3			0.7490766274552974
4254.2			0.6185315980270942
4255.1			0.6183402240043938
4256.0			0.7978712802263012
4256.9			0.994730809512079
4257.8			1.0332926975516392
4258.7			0.9236793691310677
4259.6			0.8244782409393566
4260.5			0.7564024929403812
4261.4			0.8167545558545221
4262.3			0.9970605740607067
4263.2			1.0
4264.1			1.0
4265.0			1.0
4265.9			1.0035621507289403
4266.8			0.9679636725500873
4267.7			0.8760558174562243
4268.6			0.7938318463276087
4269.5			0.7184638033180725
4270.4			0.5910177594481478
4271.3			0.4341098534806102
4272.2			0.38544402079488704
4273.1			0.45582567153686165
4274.0			0.4839822831659856
4274.9			0.46755049312813335
4275.8			0.5693523190321869
4276.7			0.757913978989987
4277.6			0.9117282150969684
4278.5			0.9986447724802178
4279.4			1.0
4280.3			1.0
4281.2			1.0
4282.1			1.0
4283.0			1.0
4283.9			1.0
4284.8			1.0
4285.7			1.0
4286.6			1.0
4287.5			0.985035899793504
4288.4			0.8603526231951684
4289.3			0.6584289126542983
4290.2			0.5392665016530275
4291.1			0.6177165323331425
4292.0			0.8041452866924037
4292.9			0.9955308142091571
4293.8			1.0
4294.7			1.0
4295.6			1.0
4296.5			1.04781048273297
4297.4			0.9893332077921485
4298.3			0.8452499800812243
4299.2			0.6434457773916198
4300.1			0.5498117081830094
4301.0			0.6164919231158489
4301.9			0.6854646000740119
4302.8			0.6891936512794808
4303.7			0.7255725914811517
4304.6			0.7369002678158796
4305.5			0.6417336439969645
4306.4			0.5250018055353474
4307.3			0.44463945952229006
4308.2			0.40935908941847504
4309.1			0.4636753407196595
4310.0			0.5977081388343438
4310.9			0.7590132129853904
4311.8			0.8732831358914432
4312.7			0.8948983505568601
4313.6			0.8427775295945427
4314.5			0.801547196953917
4315.4			0.9291452860086663
4316.3			1.1671798626086147
4317.2			1.262566937938668
4318.1			1.2021732984619657
4319.0			1.092895938128705
4319.9			1.0006488136548093
4320.8			1.0
4321.7			1.0
4322.6			1.0006040033120107
4323.5			0.887397471456582
4324.4			0.6820167377938813
4325.3			0.4928304979990045
4326.2			0.46275811307280723
4327.1			0.6627042285242601
4328.0			0.9404303392751002
4328.9			1.071038661396511
4329.8			1.0019581146955243
4330.7			1.0
4331.6			1.0
4332.5			1.0
4333.4			1.0
4334.3			1.0
4335.2			1.0722338175483486
4336.1			1.023131058869648
4337.0			0.8038684252959285
4337.9			0.6320014611378488
4338.8			0.6143177828784105
4339.7			0.5958210246354247
4340.6			0.5808534681216863
4341.5			0.7028205101080538
4342.4			0.8802093830921696
4343.3			0.9284570709269172
4344.2			0.9134737335537204
4345.1			0.9731446554665989
4346.0			1.0082097805058872
4346.9			1.0
4347.8			1.0
4348.7			1.1557954547914813
4349.6			1.1870976387114884
4350.5			0.969554756081819
4351.4			0.7131010579084107
4352.3			0.6688052622348295
4353.2			0.7802205586155393
4354.1			0.8728646328903377
4355.0			0.9175894379988447
4355.9			0.9974514548225728
4356.8			1.0
4357.7			1.0
4358.6			1.0
4359.5			1.0
4360.4			1.0
4361.3			1.0
4362.2			1.0
4363.1			1.0
4364.0			1.0
4364.9			1.0
4365.8			1.0
4366.7			1.0
4367.6			1.0
4368.5			1.0
4369.4			1.0
4370.3			1.0
4371.2			1.0
4372.1			0.9825015922147413
4373.0			0.8924130638669852
4373.9			0.7584931308195598
4374.8			0.6631173689630437
4375.7			0.6834336030745243
4376.6			0.8447876092617661
4377.5			1.0029654624408366
4378.4			1.0
4379.3			0.9516420736241578
4380.2			0.8754605674074577
4381.1			0.8156823437058337
4382.0			0.6936968659982604
4382.9			0.48487343422458823
4383.8			0.3476168162631219
4384.7			0.4239439042538531
4385.6			0.6838809395710478
4386.5			0.9279139026990086
4387.4			0.9936484949914387
4388.3			1.00950144893862
4389.2			1.0
4390.1			1.0
4391.0			1.0
4391.9			1.0
4392.8			1.0
4393.7			1.0
4394.6			1.0
4395.5			1.0
4396.4			1.0
4397.3			1.0
4398.2			1.0
4399.1			1.0
4400.0			0.8706059736477156
4400.9			0.8380068274087308
4401.8			0.9714754171380308
4402.7			1.013251047118544
4403.6			0.7732117389557729
4404.5			0.5010060673858209
4405.4			0.44480237302139397
4406.3			0.5523763253578485
4407.2			0.6190185150642324
4408.1			0.6081429549719432
4409.0			0.6762471794213033
4409.9			0.8674810439676056
4410.8			1.0010644749766944
4411.7			1.0
4412.6			1.0093937819769547
4413.5			0.946397311999722
4414.4			0.7610949055114937
4415.3			0.6395585862801114
4416.2			0.7140339658527846
4417.1			0.860015858773215
4418.0			1.0017107386400117
4418.9			1.0
4419.8			1.0
4420.7			1.0
4421.6			1.0
4422.5			1.0
4423.4			1.0
4424.3			1.0
4425.2			1.0
4426.1			1.0
4427.0			1.0
4427.9			1.0
4428.8			1.0
4429.7			1.0
4430.6			1.0
4431.5			1.0
4432.4			1.0592674157966575
4433.3			0.9501900465257752
4434.2			0.7738682952817723
4435.1			0.6636260269441192
4436.0			0.6970750691088451
4436.9			0.8496908553197363
4437.8			0.9946801509402938
4438.7			1.0
4439.6			1.0
4440.5			1.0
4441.4			1.0
4442.3			1.0
4443.2			1.0
4444.1			1.0
4445.0			1.0
4445.9			1.0
4446.8			1.0
4447.7			1.0
4448.6			1.0
4449.5			1.0
4450.4			1.0
4451.3			1.0690583911371587
4452.2			1.0987064216154676
4453.1			1.009915632524838
4454.0			0.9017316089245921
4454.9			0.8159639613185385
4455.8			0.8008807623439298
4456.7			0.852280923480924
4457.6			0.8721663140426374
4458.5			0.8343967257728292
4459.4			0.7935950126413209
4460.3			0.7700192758139355
4461.2			0.7197504424578945
4462.1			0.7298259785774196
4463.0			0.9083832377470724
4463.9			1.0649095520391945
4464.8			1.0326583156272284
4465.7			0.9608577522877395
4466.6			0.9645316660630323
4467.5			0.9839862764805165
4468.4			0.9400256526763912
4469.3			0.9065895336673425
4470.2			0.951911359282898
4471.1			1.0009982802242876
4472.0			1.0
4472.9			1.0
4473.8			1.0
4474.7			1.0
4475.6			1.0
4476.5			1.0
4477.4			1.0
4478.3			0.9772372484671585
4479.2			0.876924644654621
4480.1			0.7567138878971038
4481.0			0.6952218819490728
4481.9			0.6852232933322318
4482.8			0.7550508327319176
4483.7			0.8739665721065797
4484.6			0.9505180174326314
4485.5			0.9994072587723177
4486.4			1.0
4487.3			1.0
4488.2			1.0
4489.1			1.0
4490.0			1.0
4490.9			1.0724032459536832
4491.8			1.1473783595912144
4492.7			1.1304023785961579
4493.6			0.9837153639107201
4494.5			0.8051308982155496
4495.4			0.7277916999070374
4496.3			0.7181622041590636
4497.2			0.7891372756769653
4498.1			0.9101876163973796
4499.0			0.9845664799226275
4499.9			0.9810013278049878
4500.8			1.0
4501.7			1.0
4502.6			1.0
4503.5			1.0
4504.4			1.0
4505.3			1.0
4506.2			1.0
4507.1			1.0
4508.0			1.0
4508.9			1.0
4509.8			1.0
4510.7			1.0100900452207107
4511.6			0.9710616137012781
4512.5			0.9062977960339599
4513.4			0.8771032715271131
4514.3			1.0
4515.2			1.037859716198825
4516.1			1.079579605441425
4517.0			1.0582024536908856
4517.9			0.989441603435248
4518.8			1.020758473079045
4519.7			1.1327800320128747
4520.6			1.2272691278238945
4521.5			1.2499755473527887
4522.4			1.0897891431874478
4523.3			0.9649694513964768
4524.2			0.9938877335946026
4525.1			0.977933786968803
4526.0			0.8795691836318644
4526.9			0.7768507867412228
4527.8			0.7215477068464818
4528.7			0.7126316584164724
4529.6			0.7659172649992468
4530.5			0.8119914958589839
4531.4			0.8559763582809193
4532.3			0.9480358486368251
4533.2			0.9223764650166386
4534.1			0.8112046928204002
4535.0			0.7458780855696829
4535.9			0.819920537494702
4536.8			1.061356686464316
4537.7			1.2041470801622014
4538.6			1.0
4539.5			0.8938252379470881
4540.4			0.7968231706828267
4541.3			0.7915406027265212
4542.2			0.897171660742076
4543.1			0.995186099339475
4544.0			1.0
4544.9			1.0
4545.8			1.0
4546.7			1.0
4547.6			1.0
4548.5			1.0
4549.4			1.0
4550.3			1.0313683828248392
4551.2			1.059383937607735
4552.1			0.9472816241249649
4553.0			0.8103946605924733
4553.9			0.7394161284305674
4554.8			0.7220898959508062
4555.7			0.7968899513066559
4556.6			0.9189299144026566
4557.5			0.9955415027026735
4558.4			1.0
4559.3			1.0
4560.2			1.0
4561.1			1.0
4562.0			1.0082995518222637
4562.9			0.9251889378161123
4563.8			0.8117100731885755
4564.7			0.7761636835429236
4565.6			0.812616227696121
4566.5			0.9078984631408173
4567.4			1.007766158966333
4568.3			1.0
4569.2			1.0
4570.1			1.0
4571.0			1.0
4571.9			1.0
4572.8			1.0
4573.7			1.0
4574.6			1.0
4575.5			1.0
4576.4			1.0198062753802175
4577.3			1.020282433857153
4578.2			0.9635918510246457
4579.1			0.8704009111261646
4580.0			0.8189281984517759
4580.9			0.8669303546689848
4581.8			0.9713062852582685
4582.7			1.0260696370260425
4583.6			1.0004271784756151
4584.5			1.0
4585.4			1.0
4586.3			1.0
4587.2			1.0
4588.1			1.0
4589.0			1.0
4589.9			1.0
4590.8			0.9156844703619371
4591.7			0.8467626674798258
4592.6			0.8269575655938097
4593.5			0.8059932477224343
4594.4			0.7674189139084663
4595.3			0.7735085508093495
4596.2			0.8159422991898936
4597.1			0.8318623413154049
4598.0			0.8381288750232849
4598.9			0.8645399007383026
4599.8			0.8505159996081462
4600.7			0.8065292790200361
4601.6			0.8178815264102187
4602.5			0.8282865311774454
4603.4			0.8052329501564772
4604.3			0.7806417452616223
4605.2			0.7426923781007587
4606.1			0.7392945444555274
4607.0			0.834437623641119
4607.9			0.9992389706543774
4608.8			1.1006012807970487
4609.7			1.0754684263081276
4610.6			0.9982516224729177
4611.5			0.9366079317940994
4612.4			0.9042060361139426
4613.3			0.8963464397446625
4614.2			0.9405181500697147
4615.1			0.9920808886013088
4616.0			0.996261349599732
4616.9			1.02486502648219
4617.8			1.055723985764264
4618.7			0.996865141851105
4619.6			0.9245817057958057
4620.5			0.9550362397882889
4621.4			1.0024265958750394
4622.3			1.0
4623.2			1.0
4624.1			1.0
4625.0			1.0
4625.9			1.0
4626.8			1.0
4627.7			1.0
4628.6			1.0
4629.5			1.0
4630.4			1.0
4631.3			1.0
4632.2			1.0
4633.1			1.0
4634.0			1.0
4634.9			1.0
4635.8			1.0
4636.7			1.0
4637.6			1.0
4638.5			1.0
4639.4			1.0
4640.3			1.0
4641.2			1.1107805814865281
4642.1			1.2112553613012815
4643.0			1.171535605262893
4643.9			1.0843955470328668
4644.8			0.9947991140620048
4645.7			0.8539754026798735
4646.6			0.7530074628357353
4647.5			0.7734251414294958
4648.4			0.8536996105502216
4649.3			0.9278186511327814
4650.2			0.9786044940191008
4651.1			1.0020080710085715
4652.0			1.0
4652.9			0.9948862305070126
4653.8			0.9233323500564263
4654.7			0.8243492721822883
4655.6			0.7785772541680397
4656.5			0.7903161877668634
4657.4			0.8788850934689796
4658.3			0.9915317238545628
4659.2			1.0
4660.1			1.028783083106508
4661.0			0.9895701308753942
4661.9			0.9006317014466116
4662.8			0.8318549554327432
4663.7			0.8259764864291589
4664.6			0.8619386006583674
4665.5			0.8557582947268375
4666.4			0.758320720387787
4667.3			0.6592180589070811
4668.2			0.6735955321738603
4669.1			0.7794084236910336
4670.0			0.8967873276826371
4670.9			0.9951100039508793
4671.8			1.0409418004148527
4672.7			1.0332695415239093
4673.6			1.011972740786516
4674.5			0.9880529427818403
4675.4			1.0
4676.3			1.0
4677.2			1.0
4678.1			0.965412077006856
4679.0			0.9167349253359738
4679.9			0.8657424363697441
4680.8			0.8259375678494841
4681.7			0.8321078435282216
4682.6			0.9031516548752968
4683.5			0.9909420196520231
4684.4			1.002379642987953
4685.3			0.9995926211316456
4686.2			1.0
4687.1			1.0
4688.0			1.0
4688.9			1.0
4689.8			1.0
4690.7			1.0
4691.6			0.9774578964218059
4692.5			1.0120113092570078
4693.4			1.0436396815851356
4694.3			1.0976057951528206
4695.2			1.1775011324404496
4696.1			1.2073283250945859
4697.0			1.1368064173517187
4697.9			1.0017202957201277
4698.8			0.897512153847895
4699.7			0.9198308120918296
4700.6			0.9731366944085138
4701.5			0.9835986314610229
4702.4			0.9737521153056892
4703.3			0.9670194922033823
4704.2			1.0
4705.1			1.022329438935252
4706.0			0.9795625434960527
4706.9			0.9094475546271541
4707.8			0.8675335682626572
4708.7			0.8532907369510365
4709.6			0.8576489312019813
4710.5			0.9376664935651758
4711.4			1.0226121457140467
4712.3			0.9953610033950561
4713.2			1.0
4714.1			1.0
4715.0			1.0
4715.9			1.0
4716.8			1.0
4717.7			1.0
4718.6			1.0
4719.5			1.0
4720.4			1.0
4721.3			1.0
4722.2			1.0
4723.1			0.9857011208777758
4724.0			1.0638085402919673
4724.9			1.1238483915682198
4725.8			1.0993399467495157
4726.7			0.9668289413537786
4727.6			0.8071835185577353
4728.5			0.7443996736976594
4729.4			0.7866815963646177
4730.3			0.8490484675911468
4731.2			0.8863098577714589
4732.1			0.9301805472464554
4733.0			0.9773462056702708
4733.9			0.9964738739503632
4734.8			1.0
4735.7			1.0
4736.6			1.0
4737.5			1.0
4738.4			1.0
4739.3			1.0154830416833118
4740.2			0.9585385995524633
4741.1			0.9150922494589403
4742.0			0.9045293438388884
4742.9			0.9491615065827824
4743.8			1.0006071719556928
4744.7			0.9919957759245036
4745.6			1.0
4746.5			1.0
4747.4			1.0
4748.3			1.0
4749.2			1.0
4750.1			1.0
4751.0			1.0
4751.9			1.0
4752.8			1.0
4753.7			1.0
4754.6			1.0
4755.5			1.0
4756.4			1.0
4757.3			1.0
4758.2			1.0
4759.1			1.0
4760.0			1.0507564021179145
4760.9			1.0574947672817903
4761.8			1.0000023521225183
4762.7			0.9636396462081773
4763.6			0.950891660977378
4764.5			0.9236188414467718
4765.4			0.8832339759400327
4766.3			0.8716142555856017
4767.2			0.9250140806760162
4768.1			1.0001942477983934
4769.0			1.06810620880978
4769.9			1.1125687427879376
4770.8			1.0779530150878696
4771.7			1.0093556788902558
4772.6			1.0
4773.5			1.058463484102845
4774.4			1.1320067333596895
4775.3			1.1398504780760133
4776.2			1.0984570908026048
4777.1			1.0924651751499823
4778.0			1.0901168122778901
4778.9			1.0590553543086914
4779.8			1.0281857295511814
4780.7			1.0031903453105
4781.6			0.9567828653792338
4782.5			0.8884937240538253
4783.4			0.8465463914705182
4784.3			0.8673500931926585
4785.2			0.8963207573258984
4786.1			0.8660214607408113
4787.0			0.8521889213584904
4787.9			0.8793800889260138
4788.8			0.8616779794992364
4789.7			0.8289478594502976
4790.6			0.8471862949633054
4791.5			0.8848349173772669
4792.4			0.9335344979322963
4793.3			1.0027727982882517
4794.2			1.0
4795.1			1.0
4796.0			0.9524951766588784
4796.9			0.8964325448100923
4797.8			0.8547888442585309
4798.7			0.8110063327803203
4799.6			0.7917009057266724
4800.5			0.8335123119469038
4801.4			0.9185243314623613
4802.3			0.9880159336528044
4803.2			0.9999339858580432
4804.1			1.0
4805.0			1.0
4805.9			1.0
4806.8			1.0
4807.7			1.0
4808.6			1.0
4809.5			1.0
4810.4			1.0
4811.3			1.0
4812.2			1.0
4813.1			1.0
4814.0			1.0
4814.9			1.0
4815.8			1.0
4816.7			1.0
4817.6			1.0
4818.5			1.0
4819.4			1.0
4820.3			1.0
4821.2			1.0
4822.1			1.0
4823.0			1.0
4823.9			1.0
4824.8			1.0
4825.7			1.0
4826.6			1.0
4827.5			1.0
4828.4			1.0
4829.3			1.0
4830.2			1.0258444885852158
4831.1			0.9527645889171039
4832.0			0.8521013069611353
4832.9			0.8842777086052803
4833.8			1.00084750966371
4834.7			1.0
4835.6			1.0
4836.5			1.0
4837.4			1.0
4838.3			1.0
4839.2			1.0
4840.1			1.0
4841.0			1.0
4841.9			1.0
4842.8			1.0
4843.7			1.0
4844.6			1.0
4845.5			1.0
4846.4			1.0093772077075231
4847.3			0.9501050663907576
4848.2			0.8894725269817448
4849.1			0.90912514648223
4850.0			0.9996696271609272
4850.9			1.0
4851.8			1.0
4852.7			1.0
4853.6			1.0
4854.5			0.9003072170547005
4855.4			0.8546321739933644
4856.3			0.9379445135948904
4857.2			1.0380466272874578
4858.1			1.0354814448297973
4859.0			0.9536227018868321
4859.9			0.8447068602642229
4860.8			0.7449072746106731
4861.7			0.747918501036782
4862.6			0.8671859506690344
4863.5			0.9343355844736724
4864.4			0.9223815068801738
4865.3			0.9478363164341523
4866.2			0.9947308654075471
4867.1			1.0022279501260793
4868.0			1.0
4868.9			1.0
4869.8			0.9960624446318342
4870.7			0.8995443568269448
4871.6			0.8342943932727518
4872.5			0.9005955377376593
4873.4			0.9990806074394939
4874.3			1.0
4875.2			1.0
4876.1			1.0
4877.0			1.0
4877.9			1.0
4878.8			1.0
4879.7			1.0
4880.6			0.9153056017394626
4881.5			0.8669766270231349
4882.4			1.0
4883.3			1.0746582982188
4884.2			1.0431329774529552
4885.1			0.9362876648719892
4886.0			0.8720056175240992
4886.9			0.9039978371855631
4887.8			0.9653612183704959
4888.7			0.9708429056602131
4889.6			0.9141456539667421
4890.5			0.822894733381694
4891.4			0.8046757509430229
4892.3			0.9166259562446812
4893.2			1.032272826245538
4894.1			1.1049155466228706
4895.0			1.1716283794012037
4895.9			1.2002928429463158
4896.8			1.1900954142504123
4897.7			1.1700258219726327
4898.6			1.1062496817802272
4899.5			0.994395214502737
4900.4			1.0
4901.3			1.0
4902.2			1.0
4903.1			1.0
4904.0			1.0
4904.9			1.071581394789963
4905.8			1.145333685747193
4906.7			1.1256816125538258
4907.6			1.0284033205148908
4908.5			0.9332165617818926
4909.4			0.8737833142556706
4910.3			0.8601111037698265
4911.2			0.8874729421863632
4912.1			0.9142544530515962
4913.0			0.9183773988133807
4913.9			0.9248313502945009
4914.8			1.0
4915.7			1.0637143231325759
4916.6			1.0683458587865504
4917.5			0.9958103069280269
4918.4			0.8703137736955366
4919.3			0.7593598241938296
4920.2			0.7280420656699746
4921.1			0.8096744759990804
4922.0			0.9634864391950599
4922.9			1.0692585692899244
4923.8			1.0604182222227223
4924.7			1.0182959822839817
4925.6			1.0
4926.5			1.0
4927.4			1.0
4928.3			1.0
4929.2			1.0
4930.1			1.0
4931.0			1.0
4931.9			1.0
4932.8			1.0
4933.7			1.0
4934.6			1.041989031960627
4935.5			1.1241369842289737
4936.4			1.0822081822158778
4937.3			0.9366102103040238
4938.2			0.8106834082943295
4939.1			0.8029788964393808
4940.0			0.8961041748924878
4940.9			0.9843948990441619
4941.8			0.9933476201102523
4942.7			1.0
4943.6			1.0
4944.5			1.0
4945.4			1.0
4946.3			1.0
4947.2			1.0
4948.1			1.0
4949.0			1.0
4949.9			1.0
4950.8			1.0
4951.7			1.0
4952.6			1.0
4953.5			1.0
4954.4			1.0
4955.3			0.9802892940860798
4956.2			0.8825343855323158
4957.1			0.7298426010193757
4958.0			0.700871736725166
4958.9			0.837533854699359
4959.8			0.9695350136943373
4960.7			0.9988381153115874
4961.6			1.0
4962.5			1.0
4963.4			1.0
4964.3			1.0
4965.2			1.0
4966.1			1.0
4967.0			1.0
4967.9			1.0
4968.8			1.0
4969.7			1.0
4970.6			1.0
4971.5			1.0
4972.4			1.0
4973.3			1.0
4974.2			1.0
4975.1			1.0
4976.0			1.0
4976.9			1.0
4977.8			0.9511832969642018
4978.7			0.9192426701133865
4979.6			0.9362102692580623
4980.5			0.9248874758525919
4981.4			0.8383944559830624
4982.3			0.7606582349238853
4983.2			0.7924229657300237
4984.1			0.8786178723440331
4985.0			0.9264573571052045
4985.9			0.9495306516671367
4986.8			1.011057542608584
4987.7			1.0
4988.6			1.0
4989.5			1.0
4990.4			1.0
4991.3			1.0
4992.2			1.0
4993.1			1.0
4994.0			1.0
4994.9			1.0
4995.8			1.0
4996.7			1.0
4997.6			1.0
4998.5			1.0
4999.4			1.0
5000.3			1.0
5001.2			1.0455434056368003
5002.1			1.0719284384266126
5003.0			1.0603167554468682
5003.9			1.0249272321307952
5004.8			0.9719161204691101
5005.7			0.9174342470974165
5006.6			0.9254649732114577
5007.5			1.0292253698167042
5008.4			1.1170729997170448
5009.3			1.114026802200036
5010.2			1.080552627614445
5011.1			1.029735702724777
5012.0			0.922650766172745
5012.9			0.8341734805623009
5013.8			0.7871235919052607
5014.7			0.8105506626359621
5015.6			0.9139247106822702
5016.5			0.9763835493569596
5017.4			0.971585842649921
5018.3			0.9653094212082723
5019.2			0.9735006371155907
5020.1			0.9676843291103915
5021.0			0.9354156745632429
5021.9			0.8792940426473139
5022.8			0.8874249280405933
5023.7			0.9771115500026811
5024.6			1.0242724973180366
5025.5			1.023674106683345
5026.4			0.9997624006400113
5027.3			1.0
5028.2			1.0
5029.1			1.0
5030.0			1.0
5030.9			1.0
5031.8			1.0
5032.7			1.0
5033.6			1.0
5034.5			1.0
5035.4			1.0
5036.3			0.9233053672645976
5037.2			0.958585738012115
5038.1			0.9315436605982584
5039.0			0.8012911875475155
5039.9			0.6661535111982787
5040.8			0.5902559475941498
5041.7			0.6521418525250817
5042.6			0.8026087161690261
5043.5			1.0
5044.4			1.0638600214361857
5045.3			1.1277762361044665
5046.2			1.1395154164780872
5047.1			1.07375565549427
5048.0			0.948813099225123
5048.9			0.8557683111962276
5049.8			0.8371613199061122
5050.7			0.8474126803319925
5051.6			0.8481600561433885
5052.5			0.8642991236795368
5053.4			0.9192050454598989
5054.3			0.9750406412495282
5055.2			1.003055272336764
5056.1			1.0
5057.0			1.0
5057.9			1.0
5058.8			1.0
5059.7			1.0
5060.6			1.0
5061.5			1.0
5062.4			1.0
5063.3			0.9216001889401696
5064.2			0.8033864241319697
5065.1			0.7930248670925527
5066.0			0.9086780817900886
5066.9			0.9825287663539634
5067.8			1.0
5068.7			1.0
5069.6			1.0
5070.5			1.0
5071.4			1.0
5072.3			1.0
5073.2			1.0654660149793487
5074.1			1.1191209934006996
5075.0			1.064153656883146
5075.9			0.9974450203144468
5076.8			1.018241145580082
5077.7			1.0359044749326316
5078.6			0.9179458488511991
5079.5			0.779383899917114
5080.4			0.780545126766396
5081.3			0.8622626828426893
5082.2			0.9003906461950646
5083.1			0.8996930172755645
5084.0			0.9312578827391996
5084.9			0.9799469327502741
5085.8			0.9990819219030591
5086.7			1.0
5087.6			1.0
5088.5			1.0
5089.4			1.0
5090.3			1.0
5091.2			1.0
5092.1			1.0
5093.0			1.0
5093.9			1.0
5094.8			0.9495207298775988
5095.7			0.9158176416320465
5096.6			0.9163764507080475
5097.5			0.9082743598082175
5098.4			0.8503965460165093
5099.3			0.8284756037022678
5100.2			0.9130168346653296
5101.1			1.0013284386859773
5102.0			1.0
5102.9			0.9731952762839552
5103.8			0.9396206386474335
5104.7			0.9192246607358409
5105.6			0.9102923778573353
5106.5			0.8869720497612937
5107.4			0.8433643586197103
5108.3			0.8345010976845609
5109.2			0.8280662887107111
5110.1			0.7994618808812558
5111.0			0.816926843015677
5111.9			0.8480280763398311
5112.8			0.8443233675350773
5113.7			1.0
5114.6			1.0691751930947648
5115.5			1.0992179410715852
5116.4			1.119342267972136
5117.3			1.1569625401872965
5118.2			1.1457851361932845
5119.1			1.0925616128205653
5120.0			1.046420016068729
5120.9			0.9996243665302428
5121.8			0.9363595463835582
5122.7			0.8407329398187465
5123.6			0.7719753316686354
5124.5			0.8153647706308665
5125.4			0.8939466038987951
5126.3			0.8973844956494358
5127.2			0.861005783698725
5128.1			0.8476348739326062
5129.0			0.8526593895590775
5129.9			0.864082513017541
5130.8			0.9305931358959963
5131.7			0.9908984829496665
5132.6			0.999695639449756
5133.5			1.0
5134.4			1.0
5135.3			1.0
5136.2			1.0
5137.1			1.0
5138.0			1.0
5138.9			1.0
5139.8			1.0515722067214293
5140.7			1.1263426664510838
5141.6			1.0571567899636078
5142.5			0.9529449959163573
5143.4			0.9824518244261528
5144.3			1.0498333154317752
5145.2			1.0200403723604254
5146.1			0.969054300294645
5147.0			0.9658150109936775
5147.9			0.9940714791751356
5148.8			1.0374576176700294
5149.7			1.0381768002204181
5150.6			0.9905276851396266
5151.5			0.9473981402179842
5152.4			0.9324538294601794
5153.3			0.9490069538352401
5154.2			1.0018919805373034
5155.1			1.103378089489751
5156.0			1.2096012274742305
5156.9			1.281081359260878
5157.8			1.3069484948333914
5158.7			1.2689475845940075
5159.6			1.243677508222386
5160.5			1.2847026124875482
5161.4			1.0
5162.3			0.9717194817860657
5163.2			0.9633129751319323
5164.1			0.937834734292653
5165.0			0.8154258085951256
5165.9			0.6607171856961097
5166.8			0.5590991613939258
5167.7			0.5634972153955315
5168.6			0.6830592822900824
5169.5			0.8343105825387757
5170.4			0.8712871656598621
5171.3			0.7351699516248391
5172.2			0.5917969656733648
5173.1			0.6378901114456165
5174.0			0.860641407147292
5174.9			1.063786399577676
5175.8			1.1413843124889165
5176.7			1.1872825223326144
5177.6			1.2409652172665373
5178.5			1.2583114558562989
5179.4			1.0
5180.3			0.9394436521898282
5181.2			0.8473091658234855
5182.1			0.7066685388440208
5183.0			0.5803493083620769
5183.9			0.6101851093952512
5184.8			0.8092883634691865
5185.7			1.000447414834236
5186.6			1.0
5187.5			1.0
5188.4			1.0
5189.3			1.0430647401318796
5190.2			1.0402188368108276
5191.1			0.900285719043265
5192.0			0.7487684970746173
5192.9			0.7447065240077522
5193.8			0.8311513715657662
5194.7			0.8816686469877237
5195.6			0.9190580601871043
5196.5			0.9976777529584112
5197.4			1.0
5198.3			1.0
5199.2			1.0
5200.1			1.0
5201.0			1.0
5201.9			0.9690528133364584
5202.8			0.925571091843637
5203.7			0.8250573828583536
5204.6			0.6832821178544803
5205.5			0.6118111892119226
5206.4			0.6296419432938944
5207.3			0.629868007087753
5208.2			0.5903059168636876
5209.1			0.6072158334996491
5210.0			0.6999816123857994
5210.9			0.8179948400661324
5211.8			0.9419855343524576
5212.7			1.0181826001502703
5213.6			1.0361555612126003
5214.5			1.0028239343915957
5215.4			1.0
5216.3			1.0
5217.2			1.0
5218.1			1.0
5219.0			1.0
5219.9			1.0
5220.8			1.0
5221.7			1.0
5222.6			0.933231955029573
5223.5			0.8243277551304861
5224.4			0.7162956762982206
5225.3			0.6531902381361684
5226.2			0.6364918056460604
5227.1			0.6953457077763245
5228.0			0.8465352345770812
5228.9			0.9729092199144989
5229.8			1.00141972718555
5230.7			1.0
5231.6			1.0
5232.5			1.0
5233.4			1.0
5234.3			1.0
5235.2			1.0
5236.1			1.0
5237.0			1.0
5237.9			1.0
5238.8			1.0
5239.7			0.9899349800489751
5240.6			1.016126107574796
5241.5			1.0521835784680527
5242.4			1.0717504733806675
5243.3			1.102972503108291
5244.2			1.1422167873541758
5245.1			1.0866059491056566
5246.0			0.907069185382248
5246.9			0.7789831676862504
5247.8			0.8326133535357676
5248.7			0.9216474295177334
5249.6			0.883747323273823
5250.5			0.8214547517324933
5251.4			0.8766782866310825
5252.3			0.9883058467342093
5253.2			1.0411633750098856
5254.1			1.0071086804656266
5255.0			1.0
5255.9			1.0
5256.8			1.0
5257.7			1.0
5258.6			1.0
5259.5			1.0
5260.4			0.9427581315596263
5261.3			0.8763070125919983
5262.2			0.7887662029360119
5263.1			0.7083230707482747
5264.0			0.6569665821159097
5264.9			0.6309545436810007
5265.8			0.6445777613147659
5266.7			0.7232469673659508
5267.6			0.7601620573416678
5268.5			0.6364062307517521
5269.4			0.49962120988127817
5270.3			0.5484786128373045
5271.2			0.7212018867482507
5272.1			0.8355864462538631
5273.0			0.8557903136150165
5273.9			0.8383045157631938
5274.8			0.8086064488037625
5275.7			0.8141102907787808
5276.6			0.8927324138500814
5277.5			0.9761236583651105
5278.4			1.0
5279.3			0.9641276527062891
5280.2			0.9021610009631662
5281.1			0.849123094318555
5282.0			0.8131492244357379
5282.9			0.7902928026226044
5283.8			0.80488311831656
5284.7			0.8849437749821086
5285.6			0.9807117983090652
5286.5			1.0023896008188138
5287.4			1.0
5288.3			1.0
5289.2			1.0
5290.1			1.0
5291.0			1.0137439107389707
5291.9			0.990920505246736
5292.8			0.9594359191902175
5293.7			0.9531305594151467
5294.6			0.9417302509787617
5295.5			0.8691586205829279
5296.4			0.7526531544836953
5297.3			0.6813005527818999
5298.2			0.7232151652956659
5299.1			0.8228063827941755
5300.0			0.8597244281192981
5300.9			0.8362081943806059
5301.8			0.8493034597978418
5302.7			0.9173242657968602
5303.6			0.9996819495659853
5304.5			1.0
5305.4			1.0
5306.3			1.0
5307.2			1.0
5308.1			1.0
5309.0			1.0
5309.9			1.0
5310.8			1.0
5311.7			1.0
5312.6			1.0
5313.5			1.0
5314.4			1.0
5315.3			1.0
5316.2			1.0
5317.1			1.0
5318.0			1.0
5318.9			1.0
5319.8			1.0
5320.7			1.0
5321.6			1.0
5322.5			1.0
5323.4			1.0
5324.3			0.9929404002903203
5325.2			1.018086910821284
5326.1			0.9602904878917886
5327.0			0.7803426931968326
5327.9			0.6319575796401369
5328.8			0.6730726993731155
5329.7			0.8408552868096133
5330.6			0.9640849127311142
5331.5			0.9990401184044305
5332.4			1.0
5333.3			1.0
5334.2			1.0
5335.1			1.0
5336.0			1.0
5336.9			1.0
5337.8			1.0002644142394836
5338.7			0.9552603403787684
5339.6			0.8587535492862383
5340.5			0.8142004498472586
5341.4			0.884554795702178
5342.3			0.9763421661370432
5343.2			1.000820641182514
5344.1			1.0
5345.0			1.0
5345.9			1.0
5346.8			1.0
5347.7			1.0
5348.6			1.0
5349.5			1.0
5350.4			1.0
5351.3			1.0
5352.2			1.0
5353.1			1.0
5354.0			1.0
5354.9			1.0
5355.8			1.0
5356.7			1.0
5357.6			1.0
5358.5			1.0
5359.4			1.0
5360.3			1.0
5361.2			1.0
5362.1			1.0
5363.0			1.0
5363.9			1.0
5364.8			1.0
5365.7			1.0
5366.6			1.0
5367.5			0.9863483065910752
5368.4			0.9409022265190075
5369.3			0.8442545180116515
5370.2			0.7379251476901871
5371.1			0.709256583518886
5372.0			0.7941506262115311
5372.9			0.9220284565171318
5373.8			0.9923176316575637
5374.7			0.9904825362426899
5375.6			1.0
5376.5			1.0
5377.4			1.0
5378.3			1.0
5379.2			1.0
5380.1			1.0
5381.0			1.0
5381.9			1.0
5382.8			1.0
5383.7			1.0
5384.6			1.0
5385.5			1.0
5386.4			1.0
5387.3			1.0
5388.2			1.0
5389.1			1.0
5390.0			1.0
5390.9			1.0
5391.8			1.0
5392.7			1.0
5393.6			1.0
5394.5			1.0
5395.4			1.0
5396.3			1.0
5397.2			1.0
5398.1			1.1287208007065963
5399.0			1.2212793601497698
5399.9			1.1942127379346126
5400.8			1.153327093448736
5401.7			1.1525348992597995
5402.6			1.125058854000855
5403.5			1.015524729406068
5404.4			0.8707045197795359
5405.3			0.7885607514540438
5406.2			0.8190910563415135
5407.1			0.8960333388542593
5408.0			0.9053606341914556
5408.9			0.8391461602276974
5409.8			0.8141832120616728
5410.7			0.890475887942014
5411.6			0.9812904644927737
5412.5			1.0089040219923604
5413.4			1.0
5414.3			1.0
5415.2			1.0
5416.1			1.0
5417.0			1.0
5417.9			1.0
5418.8			1.0
5419.7			1.0
5420.6			0.9975762320019478
5421.5			1.0370346490093438
5422.4			1.055819795346193
5423.3			1.0118772184514466
5424.2			0.9737919376921208
5425.1			1.0006510097332308
5426.0			1.0559988467403523
5426.9			1.07669141041621
5427.8			1.0072888694478008
5428.7			0.8678667767836821
5429.6			0.8028543904681894
5430.5			0.8640821774217311
5431.4			0.9103364704644077
5432.3			0.8733500475965805
5433.2			0.8220034807063739
5434.1			0.7934424407465321
5435.0			0.7922565778015367
5435.9			0.8162895124387343
5436.8			0.8601190102545473
5437.7			0.9295857166564232
5438.6			0.9986911294696733
5439.5			1.0
5440.4			1.0
5441.3			1.0
5442.2			1.0
5443.1			1.0
5444.0			0.9775265409544799
5444.9			0.8940045982170253
5445.8			0.7806000857634272
5446.7			0.7307935806715229
5447.6			0.8003508397241006
5448.5			0.9137728399517111
5449.4			0.9923581856670652
5450.3			1.0
5451.2			1.0
5452.1			1.0
5453.0			0.9564907022174005
5453.9			0.8791825254446914
5454.8			0.7986780366918148
5455.7			0.787945719958669
5456.6			0.8710398237437791
5457.5			0.9664819956361899
5458.4			1.0014979722715407
5459.3			1.0
5460.2			1.0
5461.1			1.0
5462.0			1.0
5462.9			1.0
5463.8			1.0
5464.7			1.0
5465.6			1.0
5466.5			1.0
5467.4			1.0
5468.3			1.0
5469.2			1.0
5470.1			1.0
5471.0			1.0096001225782536
5471.9			1.0177252932813128
5472.8			0.9833709711376153
5473.7			0.9678195412386138
5474.6			0.9916336788992671
5475.5			0.9729929997813793
5476.4			0.9256713054820942
5477.3			0.9764022807791274
5478.2			1.1132231224659024
5479.1			1.1776749804900735
5480.0			1.1074368966038304
5480.9			1.0053452123857072
5481.8			1.0
5482.7			1.055513522140534
5483.6			1.1188655930873883
5484.5			1.1560085999543959
5485.4			1.1403238956976758
5486.3			1.0682466094149787
5487.2			0.9998410209041636
5488.1			0.994295056377497
5489.0			1.0041799462815886
5489.9			0.9806346399579886
5490.8			0.9774507786077422
5491.7			0.9933198959433663
5492.6			1.0
5493.5			1.0
5494.4			1.0
5495.3			1.0
5496.2			1.0
5497.1			1.0
5498.0			1.0
5498.9			1.0
5499.8			1.0
5500.7			1.0
5501.6			1.0
5502.5			1.0
5503.4			1.0
5504.3			1.0
5505.2			1.0
5506.1			1.0
5507.0			1.0
5507.9			1.0679914802653274
5508.8			1.0851325640575427
5509.7			1.0500077118458697
5510.6			0.9855417496285771
5511.5			0.9010431256960673
5512.4			0.8444218178058881
5513.3			0.8314749730632115
5514.2			0.8289470625809804
5515.1			0.8393155006849793
5516.0			0.8712322785682878
5516.9			0.9146862031055778
5517.8			0.9722113895642316
5518.7			1.004449665900001
5519.6			1.0
5520.5			1.0
5521.4			1.0
5522.3			1.0
5523.2			1.0
5524.1			1.0
5525.0			0.9877877934489295
5525.9			0.9548464559266479
5526.8			0.910688727866942
5527.7			0.879813106015988
5528.6			0.9000867445610732
5529.5			0.9620259900708249
5530.4			0.9990683717309788
5531.3			1.0
5532.2			1.0
5533.1			1.0
5534.0			1.0
5534.9			1.0
5535.8			1.0
5536.7			1.0
5537.6			1.0
5538.5			1.0
5539.4			1.0
5540.3			1.0
5541.2			0.9899934978994475
5542.1			0.9527840061158591
5543.0			0.9255015861169695
5543.9			0.9240336067966511
5544.8			0.9221574873862972
5545.7			0.9093007816778634
5546.6			0.9194813353519219
5547.5			0.9647643640325159
5548.4			1.0001263374949059
5549.3			1.0042421028008282
5550.200000000001			1.0004269737390268
5551.1			1.0
5552.0			1.0
5552.9			1.0
5553.8			1.0
5554.700000000001			1.0
5555.6			1.0
5556.5			1.0
5557.4			1.0
5558.3			1.0
5559.200000000001			1.0
5560.1			1.0
5561.0			1.0
5561.9			0.979095127508656
5562.8			0.9770525058857249
5563.700000000001			0.9928506824026306
5564.6			0.9820267437341528
5565.5			0.9369552809088204
5566.4			0.9165635949704626
5567.3			0.9352103666056155
5568.200000000001			0.9516527978590383
5569.1			0.9465440357750197
5570.0			0.9641109158617982
5570.9			1.0012697435000817
5571.8			1.0
5572.700000000001			1.0
5573.6			1.0
5574.5			1.0
5575.4			1.0
5576.3			1.0
5577.200000000001			1.0
5578.1			1.0
5579.0			1.0
5579.9			1.0227574755108682
5580.8			1.0228840412583098
5581.700000000001			0.9946095362679017
5582.6			0.9861383678507881
5583.5			0.9781656719895792
5584.4			0.9506916089794296
5585.3			0.9202877884494888
5586.200000000001			0.8697904049817254
5587.1			0.8098193681673624
5588.0			0.7820112454216542
5588.9			0.7919924859124111
5589.8			0.8242622602007833
5590.700000000001			0.8571326752456508
5591.6			0.8673402364108672
5592.5			0.8637632794770786
5593.4			0.8726046603504989
5594.3			0.8992288996219091
5595.200000000001			1.0
5596.1			1.0446197950191267
5597.0			1.0094918957344574
5597.9			0.9341000004945033
5598.8			0.9003512666254284
5599.700000000001			0.8963941782538236
5600.6			0.8762672636736726
5601.5			0.8573634201100728
5602.4			0.8519107299329852
5603.3			0.8683993402348276
5604.200000000001			0.9176737574476489
5605.1			0.9738833957537217
5606.0			1.0174842506340531
5606.9			1.0331019491137734
5607.8			1.0220773796278797
5608.700000000001			0.999788468435401
5609.6			1.0
5610.5			1.0
5611.4			1.0
5612.3			1.0
5613.200000000001			1.0078636590830452
5614.1			0.9410836263807553
5615.0			0.8665386810677935
5615.9			0.8938481591641703
5616.8			0.9871047746109238
5617.700000000001			1.0
5618.6			1.0
5619.5			1.0
5620.4			1.0
5621.3			1.0567774557803735
5622.200000000001			1.0636861053031272
5623.1			0.9905335992534494
5624.0			0.8934199020546745
5624.9			0.864852641014856
5625.8			1.0
5626.700000000001			1.0551618538186431
5627.6			1.067069537050426
5628.5			1.087776156612556
5629.4			1.121730378856231
5630.3			1.1400278729723494
5631.200000000001			1.1414609996447544
5632.1			1.131886914103128
5633.0			1.1247175418372113
5633.9			1.1161139389182044
5634.8			1.0838216172383874
5635.700000000001			1.0340255302802535
5636.6			0.9964910158267705
5637.5			0.9901295437963855
5638.4			1.0030827884865452
5639.3			1.0087918570611023
5640.200000000001			0.9888170136662144
5641.1			0.9639154285747585
5642.0			0.9723511301508502
5642.9			0.9941182630705857
5643.8			0.9940264533161649
5644.700000000001			0.9908742059779466
5645.6			0.9893314940980275
5646.5			0.9886229721124291
5647.4			0.9889544158546171
5648.3			0.9799224236396332
5649.200000000001			0.9750334041317626
5650.1			0.9941777364834545
5651.0			1.030145151252138
5651.9			1.0554463256930662
5652.8			1.0589066563188916
5653.700000000001			1.0277066971113809
5654.6			1.0
5655.5			1.0148320166736793
5656.4			1.0130957480317777
5657.3			0.9171134843151851
5658.200000000001			0.8267588684972943
5659.1			0.8747240871054763
5660.0			0.9820751475517457
5660.9			1.0011694743052817
5661.8			1.0
5662.700000000001			1.0
5663.6			1.0
5664.5			1.0421906101021357
5665.4			1.062501194149696
5666.3			1.0393303962303186
5667.200000000001			0.982778177339821
5668.1			0.9526381206056308
5669.0			0.9676595831508091
5669.9			0.9800234686392892
5670.8			0.9733827065655349
5671.700000000001			1.003288254106517
5672.6			1.0
5673.5			1.0
5674.4			1.0
5675.3			1.0
5676.200000000001			1.0
5677.1			1.0
5678.0			1.0
5678.9			1.0
5679.8			1.0
5680.700000000001			1.0
5681.6			1.0
5682.5			1.0
5683.4			1.0
5684.3			1.030265647290328
5685.200000000001			1.0269883322172368
5686.1			0.9768397452876031
5687.0			0.9240585780155359
5687.9			0.9064684487303625
5688.8			0.9173041687677289
5689.700000000001			0.9535882310825646
5690.6			0.9815811378628541
5691.5			0.9994381686982975
5692.4			1.0
5693.3			1.0
5694.200000000001			1.0
5695.1			1.0
5696.0			1.0
5696.9			1.0
5697.8			1.0
5698.700000000001			1.0
5699.6			1.0
5700.5			1.0
5701.4			0.9525892464278439
5702.3			0.9470301068069051
5703.200000000001			0.9908343781954985
5704.1			1.0368947195773222
5705.0			1.0301126694659721
5705.9			0.9664377711772986
5706.8			0.9028345870623047
5707.700000000001			0.8530890705193135
5708.6			0.8272062603521159
5709.5			0.860402813410818
5710.4			0.9003169101407144
5711.3			0.8807832335595212
5712.200000000001			0.8816186360091308
5713.1			0.9496042845153382
5714.0			0.9993913239180227
5714.9			1.0017421071009927
5715.8			0.9974692674629203
5716.700000000001			1.0
5717.6			1.0
5718.5			1.0
5719.4			1.0
5720.3			1.0
5721.200000000001			1.0
5722.1			1.0
5723.0			1.0
5723.9			1.0
5724.8			0.9901951431576563
5725.700000000001			0.9576391112293078
5726.6			0.9041465270886802
5727.5			0.9026052938784954
5728.4			0.9732860029362191
5729.3			1.027066647244247
5730.200000000001			1.0044115474522366
5731.1			1.0
5732.0			1.0
5732.9			1.0
5733.8			1.0
5734.700000000001			1.0
5735.6			1.0
5736.5			1.0
5737.4			1.0
5738.3			1.0
5739.200000000001			1.0
5740.1			1.0
5741.0			1.0
5741.9			1.0
5742.8			1.0
5743.700000000001			1.0
5744.6			1.0
5745.5			1.0
5746.4			0.9828394346710627
5747.3			0.9216133931658919
5748.200000000001			0.8890276892125635
5749.1			0.9338499361167686
5750.0			1.0007500708274277
5750.9			1.0
5751.8			1.0
5752.700000000001			1.0
5753.6			1.0
5754.5			1.0
5755.4			1.0
5756.3			1.0
5757.200000000001			1.0
5758.1			0.9925502884659072
5759.0			0.9577335786856087
5759.9			0.9004531325633075
5760.8			0.842942378375584
5761.700000000001			0.8136585900541748
5762.6			0.8377709661923056
5763.5			0.9111443757704363
5764.4			0.9782790962735748
5765.3			0.9993976150905299
5766.200000000001			1.0
5767.1			1.0
5768.0			1.0
5768.9			1.0
5769.8			1.0
5770.700000000001			1.0
5771.6			1.0
5772.5			1.0
5773.4			1.0
5774.3			0.9901503140232472
5775.200000000001			0.9893889764149517
5776.1			0.9982391263339921
5777.0			1.0101608569581415
5777.9			1.0229159188146153
5778.8			1.014898665313317
5779.700000000001			0.9505700180303193
5780.6			0.8535695991231176
5781.5			0.8118575128590894
5782.4			0.8423812628824763
5783.3			0.8717201726744862
5784.200000000001			0.848491994309668
5785.1			0.823508418842179
5786.0			0.8629206166042679
5786.9			0.933698108718776
5787.8			0.9780988090402722
5788.700000000001			0.999634452079718
5789.6			1.0
5790.5			1.0
5791.4			1.0
5792.3			1.0
5793.200000000001			1.0
5794.1			1.0
5795.0			1.0
5795.9			0.9626899702898677
5796.8			0.8893897709868587
5797.700000000001			0.8500548670181602
5798.6			0.9060965254160243
5799.5			0.9967530645577931
5800.4			1.0
5801.3			1.0
5802.200000000001			1.0
5803.1			1.0
5804.0			1.0
5804.9			1.0
5805.8			1.0
5806.700000000001			1.0
5807.6			1.0
5808.5			1.0
5809.4			1.0
5810.3			1.0
5811.200000000001			1.0
5812.1			0.9875456533323762
5813.0			0.9757664283790294
5813.9			0.9566840187286647
5814.8			0.9259008181265257
5815.700000000001			0.8971086796800662
5816.6			0.9031079846839263
5817.5			0.9441037412653107
5818.4			0.9830346173773725
5819.3			1.0027072423404617
5820.200000000001			1.0
5821.1			1.0
5822.0			1.0
5822.9			1.0
5823.8			1.0
5824.700000000001			1.0
5825.6			1.0
5826.5			1.0
5827.4			1.0
5828.3			1.0
5829.200000000001			1.0
5830.1			1.0
5831.0			1.0
5831.9			0.999280222728336
5832.8			0.989427566503186
5833.700000000001			0.9589818976737201
5834.6			0.9445571055693929
5835.5			0.9784118853039155
5836.4			1.0153038573455322
5837.3			1.001143902676533
5838.200000000001			1.0
5839.1			1.0
5840.0			1.0
5840.9			1.0
5841.8			1.0
5842.700000000001			1.0
5843.6			1.0
5844.5			1.0
5845.4			1.0
5846.3			1.0
5847.200000000001			1.0
5848.1			1.0
5849.0			1.0
5849.9			1.0
5850.8			1.0
5851.700000000001			1.0
5852.6			1.0
5853.5			1.0
5854.4			1.0439236211433256
5855.3			1.0521235212919486
5856.200000000001			0.9998485893492838
5857.1			0.9374201627127992
5858.0			0.9266747150374195
5858.9			0.9604376224370941
5859.8			0.9991853273951973
5860.700000000001			1.0217072996660923
5861.6			0.9978161175543565
5862.5			1.0
5863.4			1.0
5864.3			1.003370302979719
5865.200000000001			0.9752555544545768
5866.1			0.9269627111187058
5867.0			0.9113728017433401
5867.9			0.9364389158858624
5868.8			0.9734918149270273
5869.700000000001			0.9928548752637951
5870.6			1.0
5871.5			1.0
5872.4			1.0
5873.3			1.0
5874.200000000001			1.0
5875.1			1.0
5876.0			1.0
5876.9			1.0
5877.8			1.0
5878.700000000001			0.9547421147526359
5879.6			0.8978388071278132
5880.5			0.8990184880931986
5881.4			0.9601780881535418
5882.3			0.9995370943964528
5883.200000000001			1.0
5884.1			1.0
5885.0			1.0286821932542531
5885.9			1.0592836052259884
5886.8			1.0372740413476305
5887.700000000001			0.9046052138678755
5888.6			0.675178909926196
5889.5			0.5031822678793874
5890.4			0.5615406722491385
5891.3			0.7862938938504271
5892.200000000001			0.9684013455418247
5893.1			1.0478218627336182
5894.0			1.0113382392699646
5894.9			1.0
5895.8			1.0
5896.700000000001			1.0
5897.6			1.0
5898.5			1.0
5899.4			1.0
5900.3			1.0
5901.200000000001			1.0
5902.1			1.0
5903.0			1.0
5903.9			1.0
5904.8			1.0
5905.700000000001			1.0
5906.6			1.0
5907.5			1.0
5908.4			1.0
5909.3			1.0
5910.200000000001			1.0
5911.1			1.0
5912.0			0.9862433820080677
5912.9			0.9395800320327697
5913.8			0.8996111469708115
5914.700000000001			0.885777933393998
5915.6			0.886637219695299
5916.5			0.9192842134578524
5917.4			0.963514261476698
5918.3			0.9760340931960859
5919.200000000001			0.9958919602338061
5920.1			1.0
5921.0			1.0
5921.9			1.0
5922.8			1.0
5923.700000000001			1.0
5924.6			1.0
5925.5			1.0
5926.4			1.0
5927.3			1.0
5928.200000000001			1.0
5929.1			1.0
5930.0			1.0
5930.9			1.0
5931.8			1.0329634448175586
5932.700000000001			1.0169001221643226
5933.6			0.9585825177300534
5934.5			0.910687514871655
5935.4			0.9279663865194847
5936.3			0.9738680067239408
5937.200000000001			0.9978777072753192
5938.1			1.0
5939.0			1.0
5939.9			1.0
5940.8			1.0
5941.700000000001			1.0
5942.6			1.0
5943.5			1.0
5944.4			1.0
5945.3			1.0
5946.200000000001			1.0
5947.1			1.0
5948.0			1.0
5948.9			1.0
5949.8			1.0225934518296522
5950.700000000001			1.0514482246148473
5951.6			1.0247576261275126
5952.5			0.9756307927343749
5953.4			0.9730073779985313
5954.3			0.996139548325058
5955.200000000001			0.9813120282182021
5956.1			0.9454092942766273
5957.0			0.9327677867046178
5957.9			0.9548203232182152
5958.8			0.9832456810341951
5959.700000000001			1.0160595358998232
5960.6			1.046093713431381
5961.5			1.055053695855498
5962.4			1.0405537162749978
5963.3			1.020346680001953
5964.200000000001			0.9982770293932691
5965.1			1.0
5966.0			1.0
5966.9			1.0
5967.8			1.0
5968.700000000001			1.0
5969.6			1.0
5970.5			1.0
5971.4			1.0
5972.3			1.0
5973.200000000001			1.0
5974.1			1.0
5975.0			1.0
5975.9			1.0
5976.8			1.0
5977.700000000001			1.0
5978.6			1.0
5979.5			1.0
5980.4			1.0
5981.3			0.9914129466464127
5982.200000000001			0.9632872817219851
5983.1			0.9099288706532545
5984.0			0.8742369933647673
5984.9			0.9096629208797793
5985.8			0.9779603712655166
5986.700000000001			1.000437312075327
5987.6			1.0
5988.5			1.0
5989.4			1.0
5990.3			1.0
5991.200000000001			1.0
5992.1			1.0
5993.0			1.0
5993.9			1.0
5994.8			1.0
5995.700000000001			1.0
5996.6			1.0
5997.5			1.0
5998.4			1.0
5999.3			1.0
6000.200000000001			1.0
6001.1			1.0
6002.0			1.0
6002.9			1.0
6003.8			1.033013704469017
6004.700000000001			1.037421590042427
6005.6			1.0053054046319945
6006.5			0.9660016627624297
6007.4			0.92677515271216
6008.3			0.9224538549197933
6009.200000000001			0.9712985945173441
6010.1			1.0
6011.0			0.9946599747604734
6011.9			0.9509314937175288
6012.8			0.9192416976728939
6013.700000000001			0.9365726165560113
6014.6			0.9639398439160998
6015.5			0.9495485010156032
6016.4			0.9200880898498324
6017.3			0.9169804383652151
6018.200000000001			0.9364258974124903
6019.1			0.9510741341176543
6020.0			0.957493646423955
6020.9			0.9697927139997986
6021.8			0.9861605735610016
6022.700000000001			0.9962985965541274
6023.6			0.9996309007841633
6024.5			1.0
6025.4			1.0
6026.3			1.0
6027.200000000001			1.0
6028.1			1.0
6029.0			1.0
6029.9			1.0
6030.8			1.0
6031.700000000001			1.0
6032.6			1.0
6033.5			1.0
6034.4			1.0
6035.3			1.0
6036.200000000001			1.0
6037.1			1.0
6038.0			1.0
6038.9			1.0
6039.8			1.0
6040.700000000001			1.0
6041.6			1.0
6042.5			1.0
6043.4			1.0
6044.3			1.0
6045.200000000001			1.0
6046.1			1.0
6047.0			1.0
6047.9			1.0
6048.8			1.0
6049.700000000001			1.0
6050.6			1.0
6051.5			1.0
6052.4			1.0
6053.3			1.0
6054.200000000001			1.0
6055.1			1.0
6056.0			1.0
6056.9			1.0
6057.8			1.0
6058.700000000001			1.0
6059.6			1.0
6060.5			1.0
6061.4			0.9796211918770321
6062.3			0.9406787328245836
6063.200000000001			0.9059212354221006
6064.1			0.8749981036669091
6065.0			0.8534281040482226
6065.9			0.8918152698395552
6066.8			0.9607795102073379
6067.700000000001			0.9948560453587357
6068.6			0.9958740533512759
6069.5			1.0
6070.4			1.0
6071.3			1.0
6072.200000000001			1.0
6073.1			1.0
6074.0			1.0
6074.9			1.0
6075.8			1.0
6076.700000000001			1.0
6077.6			1.0
6078.5			1.0
6079.4			1.0
6080.3			1.0
6081.200000000001			1.0
6082.1			1.0
6083.0			1.0
6083.9			1.0
6084.8			1.0
6085.700000000001			0.9872671482543158
6086.6			1.002478808442234
6087.5			1.019079195138943
6088.4			1.0046490203016913
6089.3			0.9492982042568363
6090.200000000001			0.9064995776692595
6091.1			0.9132224099930626
6092.0			0.9233555356091626
6092.9			0.9210822066338951
6093.8			0.9526366257560844
6094.700000000001			1.0015360213364575
6095.6			1.0
6096.5			1.0
6097.4			1.0
6098.3			1.0
6099.200000000001			1.0
6100.1			1.0172103642024106
6101.0			0.9733254469509324
6101.9			0.8840159665678928
6102.8			0.8506290841224173
6103.700000000001			0.9176658050777607
6104.6			0.9869994060804277
6105.5			1.005545009624068
6106.4			1.0
6107.3			1.0
6108.200000000001			1.0
6109.1			1.0
6110.0			1.0
6110.9			1.0
6111.8			1.0
6112.700000000001			1.0
6113.6			1.0
6114.5			1.0
6115.4			1.0
6116.3			1.0
6117.200000000001			1.0
6118.1			1.005326209658883
6119.0			0.9583144134164697
6119.9			0.9018443908978078
6120.8			0.8718007425113374
6121.700000000001			0.8641071744091191
6122.6			0.9190132072134986
6123.5			1.0105555645947781
6124.4			1.0349918110193272
6125.3			1.0009216050434044
6126.200000000001			1.0
6127.1			1.0
6128.0			1.0
6128.9			1.0
6129.8			1.0
6130.700000000001			1.0
6131.6			1.0
6132.5			1.0
6133.4			0.9713739851071816
6134.3			0.8996788983019982
6135.200000000001			0.8140406751973813
6136.1			0.7419019140875861
6137.0			0.7290082023498717
6137.9			0.8307445378771385
6138.8			0.9757177348783378
6139.700000000001			1.040237267735675
6140.6			1.009458721986568
6141.5			1.0
6142.4			1.0
6143.3			1.0
6144.200000000001			1.0
6145.1			1.0
6146.0			1.0
6146.9			0.9942411562399507
6147.8			0.9800867989353483
6148.700000000001			0.946050995006654
6149.6			0.9135149836096349
6150.5			0.9201070747677809
6151.4			0.9635030898559724
6152.3			1.0012994135688469
6153.200000000001			1.0
6154.1			1.0
6155.0			1.0
6155.9			1.0
6156.8			1.0
6157.700000000001			1.0
6158.6			0.9973900925073763
6159.5			0.9638658795434147
6160.4			0.8807877796791069
6161.3			0.7981833747543359
6162.200000000001			0.7902253788493107
6163.1			0.8486374979717712
6164.0			0.9217213597649426
6164.9			0.9726229969510004
6165.8			0.996616017205678
6166.700000000001			1.0
6167.6			1.0
6168.5			1.0
6169.4			1.0
6170.3			1.0
6171.200000000001			1.0
6172.1			1.0
6173.0			1.0
6173.9			1.0
6174.8			1.0
6175.700000000001			1.0
6176.6			1.0
6177.5			1.0
6178.4			1.0
6179.3			1.0
6180.200000000001			1.0
6181.1			1.0
6182.0			1.0
6182.9			1.0
6183.8			1.0
6184.700000000001			1.0
6185.6			1.0
6186.5			0.9515320519424384
6187.4			0.9297379775886292
6188.3			0.9144532588852494
6189.200000000001			0.892979926251456
6190.1			0.8504840235406561
6191.0			0.7965629577103329
6191.9			0.8110678614473968
6192.8			0.892465441274228
6193.700000000001			0.9544632986144221
6194.6			0.9865323766146723
6195.5			1.001396582348154
6196.4			1.0
6197.3			0.9875295179661657
6198.200000000001			0.9296992095860616
6199.1			0.8653887405674332
6200.0			0.8604427217200179
6200.9			0.9157425817675398
6201.8			0.9734180024131962
6202.700000000001			1.0010634573257922
6203.6			1.0
6204.5			1.0
6205.4			1.0
6206.3			1.0
6207.200000000001			1.0
6208.1			1.0
6209.0			1.0
6209.9			1.0
6210.8			0.9835836844691462
6211.700000000001			0.9749833715161953
6212.6			0.9190566628063747
6213.5			0.8511883924789407
6214.4			0.8425400864966376
6215.3			0.8735091548159561
6216.200000000001			0.9180733313425598
6217.1			0.9782517133393087
6218.0			1.0068602607736152
6218.9			1.0
6219.8			1.0
6220.700000000001			1.0
6221.6			1.0
6222.5			1.0
6223.4			1.0
6224.3			1.0
6225.200000000001			1.0
6226.1			1.0193440230728041
6227.0			1.0107309748538402
6227.9			0.9844014780186627
6228.8			0.9217333775969998
6229.700000000001			0.8353044302059646
6230.6			0.7907856990204079
6231.5			0.8118463962639455
6232.4			0.849576293443955
6233.3			0.8972248561624725
6234.200000000001			0.9648087354187795
6235.1			1.0
6236.0			0.9977507645550912
6236.9			0.9761503829645267
6237.8			0.9343212680594216
6238.700000000001			0.8645526619008587
6239.6			0.8068204180385421
6240.5			0.8326273106140681
6241.4			0.880213817287863
6242.3			0.8485580648631441
6243.200000000001			0.8182949484660799
6244.1			0.8644778724973553
6245.0			1.0
6245.9			1.0258241539977455
6246.8			1.0804655486391503
6247.700000000001			1.1212628983662323
6248.6			1.1119680595888544
6249.5			1.085479354769515
6250.4			1.0560997488284791
6251.3			1.0007655983388983
6252.200000000001			0.9522350053526653
6253.1			0.9601319214389398
6254.0			0.9833858347386754
6254.9			0.9804178249102425
6255.8			0.9305079647405373
6256.700000000001			0.8424426033761502
6257.6			0.7801151821421761
6258.5			0.7987330612950484
6259.4			0.9056184776865612
6260.3			0.9793906627399779
6261.200000000001			0.9922804437601646
6262.1			1.038099992290746
6263.0			1.0911759117325557
6263.9			1.067309132322148
6264.8			0.9929662527756995
6265.700000000001			0.968531634924219
6266.6			1.0028443297313208
6267.5			1.0187747580107345
6268.4			0.9973027930555785
6269.3			0.9983362160616673
6270.200000000001			1.0
6271.1			1.0
6272.0			1.0
6272.9			1.0
6273.8			1.0
6274.700000000001			1.0
6275.6			1.0
6276.5			1.0
6277.4			1.0
6278.3			1.0180363775460652
6279.200000000001			0.983671494016218
6280.1			0.92091020462711
6281.0			0.904004678270567
6281.9			0.9326304862196063
6282.8			0.9714314510112109
6283.700000000001			0.9986703178714078
6284.6			1.0
6285.5			1.0
6286.4			1.0
6287.3			1.0
6288.200000000001			1.0
6289.1			1.0
6290.0			1.0
6290.9			1.0
6291.8			1.0
6292.700000000001			0.9834675535233757
6293.6			0.9980521990449471
6294.5			0.9980388867567198
6295.4			0.9410078420404128
6296.3			0.8823418708194001
6297.200000000001			0.8841388479331659
6298.1			0.937772149861103
6299.0			0.9911340970109467
6299.9			1.00085052392368
6300.8			1.0
6301.700000000001			1.0
6302.6			1.0
6303.5			1.0
6304.4			1.0
6305.3			1.0
6306.200000000001			1.0
6307.1			1.0
6308.0			1.025096413824592
6308.9			1.0071274487766706
6309.8			0.9713803123779419
6310.700000000001			0.933769675958052
6311.6			0.9082895262971297
6312.5			0.9167000778253916
6313.4			0.9377205895157825
6314.3			0.9252153649181136
6315.200000000001			0.9161130771732977
6316.1			0.9318545220026683
6317.0			0.9140647740628005
6317.9			0.872283267759213
6318.8			0.8763884328622282
6319.700000000001			0.9179243459982237
6320.6			0.9483696086664887
6321.5			0.961584651544629
6322.4			0.9677200461841892
6323.3			0.986645795412181
6324.200000000001			0.9928115220512901
6325.1			0.9822801313840176
6326.0			0.982749156633727
6326.9			0.9790466857314023
6327.8			0.9998220421263634
6328.700000000001			1.0
6329.6			1.0
6330.5			1.0
6331.4			1.0
6332.3			1.0
6333.200000000001			1.010507867557113
6334.1			0.9650111952916501
6335.0			0.8894010547596516
6335.9			0.8682631405190719
6336.8			0.929699021867798
6337.700000000001			0.9938537603931358
6338.6			1.0086196526397133
6339.5			1.0
6340.4			1.0
6341.3			1.0
6342.200000000001			1.0
6343.1			1.0
6344.0			1.0
6344.9			1.0
6345.8			1.0
6346.700000000001			1.0
6347.6			1.0
6348.5			1.0
6349.4			1.0
6350.3			1.0105661440022653
6351.200000000001			1.0204543576309797
6352.1			1.009251440127249
6353.0			0.9751035729524621
6353.9			0.927525282566204
6354.8			0.9076902078858589
6355.700000000001			0.9241439906913557
6356.6			0.9260172522725816
6357.5			0.8780643786292571
6358.4			0.8248513826274678
6359.3			0.8132488470935892
6360.200000000001			0.8307375622896851
6361.1			0.8305463163059171
6362.0			0.8164012085268828
6362.9			0.8233635931896652
6363.8			0.8501040192549796
6364.700000000001			0.8738815640693439
6365.6			0.9007464345787792
6366.5			0.9313259370363285
6367.4			0.9760033931361394
6368.3			0.9993023931342805
6369.200000000001			1.0
6370.1			1.0
6371.0			1.0
6371.9			1.0
6372.8			1.0
6373.700000000001			1.0
6374.6			1.0
6375.5			1.005492906954336
6376.4			1.0089930293709688
6377.3			0.9868671742687405
6378.200000000001			0.9448158269407059
6379.1			0.9330069332576
6380.0			0.9503441553990635
6380.9			0.9597538378259767
6381.8			0.979203290451633
6382.700000000001			1.0010514769482
6383.6			1.0
6384.5			1.0
6385.4			1.0
6386.3			1.0
6387.200000000001			1.0
6388.1			1.0
6389.0			1.0
6389.9			1.0
6390.8			0.9846912624735656
6391.700000000001			0.9439526656271394
6392.6			0.8742088328308655
6393.5			0.8481064059444511
6394.4			0.900425404654027
6395.3			0.9639105947286616
6396.200000000001			1.000022009737213
6397.1			1.0
6398.0			1.0
6398.9			1.0
6399.8			1.0
6400.700000000001			1.0
6401.6			1.0
6402.5			1.0
6403.4			1.0
6404.3			1.0
6405.200000000001			1.0
6406.1			1.0
6407.0			1.0
6407.9			1.0
6408.8			1.0
6409.700000000001			1.0
6410.6			1.0
6411.5			1.0
6412.4			1.0
6413.3			1.0
6414.200000000001			1.0
6415.1			1.0
6416.0			1.0
6416.9			0.9851703630776437
6417.8			0.955513481557375
6418.700000000001			0.9250378013333861
6419.6			0.891296678519017
6420.5			0.8754493778523491
6421.4			0.9043903306498052
6422.3			0.9747807391464666
6423.200000000001			1.0150114413958844
6424.1			0.9991905086528904
6425.0			1.0
6425.9			1.0
6426.8			1.0
6427.700000000001			1.0090323704605435
6428.6			0.9773488829598552
6429.5			0.909678826101561
6430.4			0.8470844443791796
6431.3			0.8654717651072152
6432.200000000001			0.945655241813299
6433.1			1.0005759050366037
6434.0			1.0
6434.9			1.0
6435.8			1.0
6436.700000000001			1.0
6437.6			1.0
6438.5			1.0
6439.4			1.0
6440.3			1.0
6441.200000000001			1.0
6442.1			1.0
6443.0			1.0
6443.9			1.0
6444.8			1.0
6445.700000000001			1.0
6446.6			1.0
6447.5			0.9775066857581722
6448.4			0.8910142470329857
6449.3			0.7879869281674096
6450.200000000001			0.7647119666823793
6451.1			0.8372229088773208
6452.0			0.9243892110615672
6452.9			0.9936798585455645
6453.8			1.0
6454.700000000001			1.0
6455.6			1.0
6456.5			1.0
6457.4			1.0
6458.3			1.0
6459.200000000001			1.0
6460.1			1.0
6461.0			0.9721602445144953
6461.9			0.903570179649932
6462.8			0.8734626079232766
6463.700000000001			0.9239601752145441
6464.6			0.9867346073424405
6465.5			1.0
6466.4			1.0
6467.3			1.0
6468.200000000001			1.0
6469.1			1.0
6470.0			1.0
6470.9			1.0
6471.8			1.0
6472.700000000001			1.0
6473.6			1.0
6474.5			1.0
6475.4			1.0
6476.3			1.0
6477.200000000001			1.0
6478.1			1.0
6479.0			1.0
6479.9			0.9961156402996315
6480.8			0.9524934533621089
6481.700000000001			0.888168948055063
6482.6			0.8727781389874094
6483.5			0.9170764925838697
6484.4			0.9718088632526986
6485.3			1.0017204710008687
6486.200000000001			1.0
6487.1			1.0
6488.0			1.0026528725475896
6488.9			0.9832820965330159
6489.8			0.959048291945356
6490.700000000001			0.9556516121253823
6491.6			0.9633378953236919
6492.5			0.9345101194950024
6493.4			0.8463291830304394
6494.3			0.7607734563388594
6495.200000000001			0.7424337546450298
6496.1			0.769903372727477
6497.0			0.8013853775489707
6497.9			0.833334637904441
6498.8			0.8562774111128361
6499.700000000001			0.897185229686362
6500.6			0.9452812416686142
6501.5			0.9753984925478374
6502.4			1.0019011330010503
6503.3			1.0
6504.200000000001			1.0
6505.1			1.0
6506.0			1.0
6506.9			0.9832961944278732
6507.8			0.9484413926484044
6508.700000000001			0.9352416441918026
6509.6			0.96174916229826
6510.5			0.9995348039609591
6511.4			1.0
6512.3			1.0
6513.200000000001			1.0
6514.1			1.0
6515.0			1.0
6515.9			1.0
6516.8			1.0
6517.700000000001			1.0
6518.6			1.0
6519.5			1.0
6520.4			1.0
6521.3			1.0
6522.200000000001			1.0
6523.1			1.0
6524.0			1.0
6524.9			1.0
6525.8			1.0
6526.700000000001			1.0
6527.6			1.0
6528.5			1.0
6529.4			1.0146471676781819
6530.3			1.005394989934452
6531.200000000001			0.9705105150102954
6532.1			0.9406408938955947
6533.0			0.9418870269238998
6533.9			0.9708440237990986
6534.8			1.002423185208471
6535.700000000001			1.0
6536.6			1.0
6537.5			1.0
6538.4			1.0
6539.3			1.0
6540.200000000001			1.0
6541.1			1.0
6542.0			1.0
6542.9			1.0
6543.8			1.0
6544.700000000001			0.98853794875606
6545.6			0.9513919095580886
6546.5			0.9336668668221687
6547.4			0.9606386604361409
6548.3			0.9999164295188187
6549.200000000001			1.0
6550.1			1.0
6551.0			1.0
6551.9			1.0
6552.8			1.0
6553.700000000001			1.0
6554.6			1.0
6555.5			1.0
6556.4			1.0
6557.3			1.0
6558.200000000001			1.0
6559.1			1.0
6560.0			0.9951568166983342
6560.9			0.9157557988529396
6561.8			0.7366077514638986
6562.700000000001			0.6082388930016147
6563.6			0.6937351757626673
6564.5			0.8839556320687906
6565.4			0.9994524999289109
6566.3			1.0
6567.200000000001			1.0
6568.1			1.0
6569.0			1.0
6569.9			1.0
6570.8			1.0083068055817936
6571.700000000001			0.9838505337564752
6572.6			0.9266219393870959
6573.5			0.8818931925664888
6574.4			0.8686966496223956
6575.3			0.893420232180151
6576.200000000001			0.9472858974854098
6577.1			0.9892335776617501
6578.0			0.9985304753852857
6578.9			1.0
6579.8			1.0
6580.700000000001			1.0
6581.6			1.0
6582.5			1.0
6583.4			1.0
6584.3			1.0
6585.200000000001			1.0
6586.1			1.0
6587.0			1.0
6587.9			1.0
6588.8			1.0
6589.700000000001			1.0
6590.6			0.9882861345970152
6591.5			0.9366640188363066
6592.4			0.8652755370946191
6593.3			0.8439814543681113
6594.200000000001			0.899849028685567
6595.1			0.9697996897605919
6596.0			1.0005401788278991
6596.9			1.0
6597.8			1.0
6598.700000000001			1.0
6599.6			1.0
6600.5			1.0
6601.4			1.0
6602.3			1.0
6603.200000000001			1.0
6604.1			0.9768510853410177
6605.0			0.9543555762662987
6605.9			0.9391368102281035
6606.8			0.9280428212425968
6607.700000000001			0.9073214236654862
6608.6			0.885315108972362
6609.5			0.9051834206884684
6610.4			0.9762028294897876
6611.3			1.0342488796431386
6612.200000000001			1.0316209184535388
6613.1			0.9976073307111132
6614.0			1.0
6614.9			1.0
6615.8			1.0
6616.700000000001			1.0
6617.6			1.0
6618.5			1.0
6619.4			1.0
6620.3			1.0
6621.200000000001			1.0
6622.1			0.9770384286373549
6623.0			0.9363301244867412
6623.9			0.8940982112440948
6624.8			0.8884915367304227
6625.700000000001			0.9388105307963649
6626.6			0.9911609121884775
6627.5			1.005018910641804
6628.4			1.0
6629.3			1.0
6630.200000000001			0.9856493694281105
6631.1			0.9772868049163665
6632.0			0.9519675613676707
6632.9			0.919430423363639
6633.8			0.9114891976291543
6634.700000000001			0.9387977903883982
6635.6			0.9742719790499246
6636.5			0.9943101729265925
6637.4			0.9962002001083593
6638.3			1.0
6639.200000000001			1.0
6640.1			1.0
6641.0			1.0
6641.9			1.0
6642.8			1.0
6643.700000000001			1.0
6644.6			1.0
6645.5			1.0
6646.4			1.0
6647.3			1.0
6648.200000000001			1.0
6649.1			1.0
6650.0			1.0
6650.9			1.0
6651.8			1.0
6652.700000000001			1.0
6653.6			1.0
6654.5			1.0
6655.4			1.0
6656.3			0.9865990579919706
6657.200000000001			0.98184670028571
6658.1			0.9878543198078142
6659.0			0.9807941744334405
6659.9			0.9688735835563447
6660.8			0.9639097996764568
6661.700000000001			0.9522588356759227
6662.6			0.9203232735792569
6663.5			0.9068456991101641
6664.4			0.9277549445601764
6665.3			0.9271919088199527
6666.200000000001			0.9102319637979756
6667.1			0.9047254133256021
6668.0			0.9235062205115171
6668.9			0.9597644029077151
6669.8			0.988787179303209
6670.700000000001			0.9996609453714773
6671.6			1.0
6672.5			1.0
6673.4			1.0
6674.3			1.0
6675.200000000001			1.0031938509012066
6676.1			0.9783594272385475
6677.0			0.9086437498022858
6677.9			0.8534975273625952
6678.8			0.8926337129795215
6679.700000000001			0.9714325712965701
6680.6			0.9990990641198422
6681.5			1.0
6682.4			1.0
6683.3			1.0
6684.200000000001			1.0
6685.1			1.0
6686.0			1.0
6686.9			1.0
6687.8			1.0
6688.700000000001			1.0
6689.6			1.0
6690.5			1.0
6691.4			1.0
6692.3			1.0
6693.200000000001			0.9881858328528622
6694.1			0.9811140753813666
6695.0			0.9620297120197809
6695.9			0.9340222688898785
6696.8			0.9274240195569815
6697.700000000001			0.9411002842341657
6698.6			0.9594264894665766
6699.5			0.9847087465154245
6700.4			0.9999126252713582
6701.3			1.0
6702.200000000001			1.0
6703.1			1.0
6704.0			1.0
6704.9			1.0
6705.8			1.0
6706.700000000001			1.0
6707.6			1.0
6708.5			1.0
6709.4			1.0
6710.3			1.0
6711.200000000001			1.0
6712.1			1.0086106678412405
6713.0			0.9980616756634507
6713.9			0.9841525141336754
6714.8			0.9640349660758905
6715.700000000001			0.9375953429153459
6716.6			0.9155727250776022
6717.5			0.9180706090493106
6718.4			0.9650368126786856
6719.3			1.0079343791081725
6720.200000000001			1.014728305689133
6721.1			1.0004180649723537
6722.0			1.0
6722.9			1.0
6723.8			1.0
6724.700000000001			1.0
6725.6			1.0
6726.5			1.0
6727.4			1.0
6728.3			1.0
6729.200000000001			1.0
6730.1			1.0
6731.0			1.0
6731.9			1.0
6732.8			1.0
6733.700000000001			1.0
6734.6			1.0
6735.5			1.0
6736.4			1.0
6737.3			1.0
6738.200000000001			1.0
6739.1			1.0
6740.0			1.0
6740.9			1.0
6741.8			1.0
6742.700000000001			1.0
6743.6			1.0
6744.5			1.0165092962770421
6745.4			1.006767975256885
6746.3			0.9902933450744357
6747.200000000001			0.9873787288004637
6748.1			0.9901528909172451
6749.0			0.9809443686191323
6749.9			0.9708158588268929
6750.8			0.9767892516919419
6751.700000000001			0.9561071928897226
6752.6			0.9113401833464941
6753.5			0.9165664432607592
6754.4			0.9564114817363409
6755.3			0.9814265936699618
6756.200000000001			0.998658461493139
6757.1			1.0154993677873874
6758.0			1.0253207924453769
6758.9			1.0315265802764493
6759.8			1.0
6760.700000000001			0.9818486382934674
6761.6			0.9559855585280971
6762.5			0.9532475066325179
6763.4			0.9723823434487373
6764.3			0.9818444734840326
6765.200000000001			0.961955078650542
6766.1			0.91910335067328
6767.0			0.8990948504589227
6767.9			0.9184805175138429
6768.8			0.9458158013395577
6769.700000000001			0.9484634527517092
6770.6			0.9365939077480834
6771.5			0.9474361274990235
6772.4			0.9768039893001618
6773.3			0.9995422409231866
6774.200000000001			1.0
6775.1			1.0
6776.0			1.0
6776.9			1.0
6777.8			1.0
6778.700000000001			1.0
6779.6			1.0153712067114604
6780.5			1.0108543764039586
6781.4			0.9890486982233362
6782.3			0.9499873333444429
6783.200000000001			0.906368814773974
6784.1			0.8898736797330523
6785.0			0.9053306760687659
6785.9			0.934332502198242
6786.8			0.9735448632820531
6787.700000000001			1.007231681040721
6788.6			1.0040641719130114
6789.5			1.0
6790.4			1.0
6791.3			1.0
6792.200000000001			1.0
6793.1			1.0
6794.0			1.0
6794.9			1.0
6795.8			1.0
6796.700000000001			1.0
6797.6			1.0
6798.5			1.0
6799.4			1.0
6800.3			1.0
6801.200000000001			1.0
6802.1			1.0
6803.0			1.0
6803.9			1.0
6804.8			1.0
6805.700000000001			1.0
6806.6			1.0
6807.5			1.0
6808.4			1.0
6809.3			1.0
6810.200000000001			1.0
6811.1			1.0
6812.0			1.0
6812.9			1.0
6813.8			1.0
6814.700000000001			1.0
6815.6			1.0
6816.5			1.0
6817.4			1.0
6818.3			1.0
6819.200000000001			1.0
6820.1			1.0
6821.0			1.0
6821.9			1.0
6822.8			1.0
6823.700000000001			1.0
6824.6			1.0
6825.5			1.0
6826.4			1.0
6827.3			1.0
6828.200000000001			0.9753109223180226
6829.1			0.9771087339980198
6830.0			0.9998735701768316
6830.9			1.0140534706282884
6831.8			0.9978068501866958
6832.700000000001			0.9760867505398397
6833.6			0.9868727587052383
6834.5			1.01742998115559
6835.4			1.032932276585048
6836.3			1.0287074132050609
6837.200000000001			1.0198826230784146
6838.1			1.0041610942564103
6839.0			0.9746475451091254
6839.9			0.9447392657608896
6840.8			0.9233064101533763
6841.700000000001			0.9199406526388152
6842.6			0.9441445629343189
6843.5			0.9789587433188096
6844.4			1.0030631993216361
6845.3			1.005774261928348
6846.200000000001			0.9971332036263082
6847.1			1.0047905454649582
6848.0			1.0228995061684918
6848.9			1.0205134136353156
6849.8			1.0043323885841349
6850.700000000001			0.999649534267458
6851.6			1.008878517768492
6852.5			1.0215320813718127
6853.4			1.012691156348274
6854.3			0.9760351235060253
6855.200000000001			0.9511522854105461
6856.1			0.9627869828015412
6857.0			0.9837418108141902
6857.9			0.9958143661732808
6858.8			0.9977762282124113
6859.700000000001			0.9732258752263409
6860.6			0.9314952447810791
6861.5			0.9188282122206467
6862.4			0.9569427587709051
6863.3			1.0139788409023525
6864.200000000001			1.0434593246494497
6865.1			1.03155338187761
6866.0			0.9786987501560269
6866.9			0.9142476371333887
6867.8			0.9023639540996921
6868.700000000001			0.9685747887320526
6869.6			1.0198281869493608
6870.5			0.9963854714233299
6871.4			0.9538258087954044
6872.3			0.9403769012782137
6873.200000000001			0.9558440477982463
6874.1			0.9707474403178316
6875.0			0.9734284748827814
6875.9			0.979240053844895
6876.8			1.0012687654966208
6877.700000000001			1.027699871321731
6878.6			1.0327318209645873
6879.5			1.026890552501255
6880.4			1.009326334825148
6881.3			0.968718407115997
6882.200000000001			0.9370717024809294
6883.1			0.9491213771890493
6884.0			0.9921452525183373
6884.9			1.0085714066471994
6885.8			1.00296504377017
6886.700000000001			1.0247296724000814
6887.6			1.0326423464834797
6888.5			1.0194113567676562
6889.4			1.0391860844064638
6890.3			1.0705047203362021
6891.200000000001			1.0486907881863048
6892.1			1.0141629968949093
6893.0			1.037724545361026
6893.9			1.061431724880213
6894.8			1.0242384213837636
6895.700000000001			0.9930957601243354
6896.6			1.0245871821652053
6897.5			1.0601418378408933
6898.4			1.0329129232379286
6899.3			0.9862072617666217
6900.200000000001			0.9890504648458343
6901.1			1.047246391071902
6902.0			1.0688661785602014
6902.9			1.0289139203423237
6903.8			1.0063468599773775
6904.700000000001			1.0342144523691976
6905.6			1.063721557822904
6906.5			1.0537486949513366
6907.4			1.0313718837399548
6908.3			1.033845324710479
6909.200000000001			1.064392557929705
6910.1			1.064940670278825
6911.0			1.0229073748053712
6911.9			0.9894509049418133
6912.8			0.978107199221084
6913.700000000001			0.9803827744388293
6914.6			1.0048273410674053
6915.5			1.0240054822049576
6916.4			1.010206474181629
6917.3			1.0062877957413627
6918.200000000001			1.0414148347652343
6919.1			1.0767486933203776
6920.0			1.0876133151818226
6920.9			1.0804551163915923
6921.8			1.0707906988116116
6922.700000000001			1.052088015180362
6923.6			1.0155174824475433
6924.5			0.9736594880670693
6925.4			0.9519815881000736
6926.3			0.9657174112253802
6927.200000000001			0.9997623460327145
6928.1			1.0207532392057876
6929.0			1.034178306854503
6929.9			1.0426300117825822
6930.8			1.0319433429506129
6931.700000000001			1.0107031152025208
6932.6			0.9871608666515236
6933.5			0.9834715207468014
6934.4			1.0118959451015268
6935.3			1.0259622554291248
6936.200000000001			1.0206887706829701
6937.1			1.0125218810450054
6938.0			1.0133187776284602
6938.9			1.0313963953541203
6939.8			1.0570472723846513
6940.700000000001			1.0691645802406815
6941.6			1.0543239045334234
6942.5			1.0219773245507633
6943.4			0.9832031254934438
6944.3			0.9545444811332622
6945.200000000001			0.9460662526907463
6946.1			0.979300131693329
6947.0			1.0175238955009198
6947.9			1.0360043468483875
6948.8			1.0429740432721653
6949.700000000001			1.0294872116210583
6950.6			0.9969644175593853
6951.5			0.9726139605819488
6952.4			0.9686261715994442
6953.3			0.9554399235633348
6954.200000000001			0.9492603818026754
6955.1			0.9761847583268232
6956.0			1.021602031535021
6956.9			1.0426030610053851
6957.8			1.0366503504774023
6958.700000000001			1.0332799063204918
6959.6			1.0360832010521357
6960.5			1.0428193088422697
6961.4			1.051816787256602
6962.3			1.0482104111057562
6963.200000000001			1.047613824250769
6964.1			1.054912791056196
6965.0			1.0400883299970123
6965.9			1.0167703855577255
6966.8			1.0260683941488533
6967.700000000001			1.0554218430373508
6968.6			1.0681921565894736
6969.5			1.0526151129278734
6970.4			1.0181383374790751
6971.3			1.0136590856110463
6972.200000000001			1.04665810539947
6973.1			1.0638974955924894
6974.0			1.0361264141904505
6974.9			1.0055420949491296
6975.8			0.9955809714470701
6976.700000000001			0.963938482604281
6977.6			0.8960104301748215
6978.5			0.8445015718549467
6979.4			0.8797369715925837
6980.3			0.9523670464387864
6981.200000000001			0.9978270467503446
6982.1			1.0290612035467102
6983.0			1.047032649999299
6983.9			1.0482678456171388
6984.8			1.046453877242812
6985.700000000001			1.0494307777121623
6986.6			1.0523179838998749
6987.5			1.043744602898155
6988.4			1.0194142142497804
6989.3			0.9983324418451459
6990.200000000001			0.9956750642562006
6991.1			1.0230339571252178
6992.0			1.0500815912301054
6992.9			1.0539020206140426
6993.8			1.038884057002779
6994.700000000001			1.0287527065412068
6995.6			1.0378032602165024
6996.5			1.037706877931008
6997.4			1.035338122268878
6998.3			1.0204922292240264
6999.200000000001			0.9882421203407529
7000.1			1.0
7001.0			1.0
7001.9			1.0
7002.8			1.0
7003.700000000001			1.0
7004.6			1.0
7005.5			1.0
7006.4			1.0
7007.3			1.0
7008.200000000001			1.0
7009.1			1.0
7010.0			1.0
7010.9			1.0
7011.8			1.0
7012.700000000001			1.0
7013.6			1.0
7014.5			1.0
7015.4			1.0
7016.3			1.0
7017.200000000001			1.0
7018.1			1.0
7019.0			1.0
7019.9			1.0
7020.8			1.0
7021.700000000001			1.0
7022.6			1.0
7023.5			1.0
7024.4			1.0
7025.3			1.0
7026.200000000001			1.0
7027.1			1.0
7028.0			1.0
7028.9			1.0
7029.8			1.0
7030.700000000001			1.0
7031.6			1.0
7032.5			1.0
7033.4			1.0
7034.3			1.0
7035.200000000001			1.0
7036.1			1.0
7037.0			1.0
7037.9			1.0
7038.8			1.0
7039.700000000001			1.0
7040.6			1.0
7041.5			1.0
7042.4			1.0
7043.3			1.0
7044.200000000001			1.0
7045.1			1.0
7046.0			1.0
7046.9			1.0
7047.8			1.0
7048.700000000001			1.0
7049.6			1.0
7050.5			1.0
7051.4			1.0
7052.3			1.0
7053.200000000001			1.0
7054.1			1.0
7055.0			1.0
7055.9			1.0
7056.8			1.0
7057.700000000001			1.0
7058.6			1.0
7059.5			1.0
7060.4			1.0
7061.3			1.0
7062.200000000001			1.0
7063.1			1.0
7064.0			1.0
7064.9			1.0
7065.8			1.0
7066.700000000001			1.0
7067.6			1.0
7068.5			1.0
7069.4			1.0
7070.3			1.0
7071.200000000001			1.0
7072.1			1.0
7073.0			1.0
7073.9			1.0
7074.8			1.0
7075.700000000001			1.0
7076.6			1.0
7077.5			1.0
7078.4			1.0
7079.3			1.0
7080.200000000001			1.0
7081.1			1.0
7082.0			1.0
7082.9			1.0
7083.8			1.0
7084.700000000001			1.0
7085.6			1.0
7086.5			1.0
7087.4			1.0
7088.3			1.0
7089.200000000001			1.0
7090.1			1.0
7091.0			1.0
7091.9			1.0
7092.8			1.0
7093.700000000001			1.0
7094.6			1.0
7095.5			1.0
7096.4			1.0
7097.3			1.0
7098.200000000001			1.0
7099.1			1.0
7100.0			1.0
7100.9			1.0
7101.8			1.0
7102.700000000001			1.0
7103.6			1.0
7104.5			1.0
7105.4			1.0
7106.3			1.0
7107.200000000001			1.0
7108.1			1.0
7109.0			1.0
7109.9			1.0
7110.8			1.0
7111.700000000001			1.0
7112.6			1.0
7113.5			1.0
7114.4			1.0
7115.3			1.0
7116.200000000001			1.0
7117.1			1.0
7118.0			1.0
7118.9			1.0
7119.8			1.0
7120.700000000001			1.0
7121.6			1.0
7122.5			1.0
7123.4			1.0
7124.3			1.0
7125.200000000001			1.0
7126.1			1.0
7127.0			1.0
7127.9			1.0
7128.8			1.0
7129.700000000001			1.0
7130.6			1.0
7131.5			1.0
7132.4			1.0
7133.3			1.0
7134.200000000001			1.0
7135.1			1.0
7136.0			1.0
7136.9			1.0
7137.8			1.0
7138.700000000001			1.0
7139.6			1.0
7140.5			1.0
7141.4			1.0
7142.3			1.0
7143.200000000001			1.0
7144.1			1.0
7145.0			1.0
7145.9			1.0
7146.8			1.0
7147.700000000001			1.0
7148.6			1.0
7149.5			1.0
7150.4			1.0
7151.3			1.0
7152.200000000001			1.0
7153.1			1.0
7154.0			1.0
7154.9			1.0
7155.8			1.0
7156.700000000001			1.0
7157.6			1.0
7158.5			1.0
7159.4			1.0
7160.3			1.0
7161.200000000001			1.0
7162.1			1.0
7163.0			1.0
7163.9			1.0
7164.8			1.0
7165.700000000001			1.0
7166.6			1.0
7167.5			1.0
7168.4			1.0
7169.3			1.0
7170.200000000001			1.0
7171.1			1.0
7172.0			1.0
7172.9			1.0
7173.8			1.0
7174.700000000001			1.0
7175.6			1.0
7176.5			1.0
7177.4			1.0
7178.3			1.0
7179.200000000001			1.0
7180.1			1.0
7181.0			1.0
7181.9			1.0
7182.8			1.0
7183.700000000001			1.0
7184.6			1.0
7185.5			1.0
7186.4			1.0
7187.3			1.0
7188.200000000001			1.0
7189.1			1.0
7190.0			1.0
7190.9			1.0
7191.8			1.0
7192.700000000001			1.0
7193.6			1.0
7194.5			1.0
7195.4			1.0
7196.3			1.0
7197.200000000001			1.0
7198.1			1.0
7199.0			1.0
7199.9			1.0
7200.8			1.0
7201.700000000001			1.0
7202.6			1.0
7203.5			1.0
7204.4			1.0
7205.3			1.0
7206.200000000001			1.0
7207.1			1.0
7208.0			1.0
7208.9			1.0
7209.8			1.0
7210.700000000001			1.0
7211.6			1.0
7212.5			1.0
7213.4			1.0
7214.3			1.0
7215.200000000001			1.0
7216.1			1.0
7217.0			1.0
7217.9			1.0
7218.8			1.0
7219.700000000001			1.0
7220.6			1.0
7221.5			1.0
7222.4			1.0
7223.3			1.0
7224.200000000001			1.0
7225.1			1.0
7226.0			1.0
7226.9			1.0
7227.8			1.0
7228.700000000001			1.0
7229.6			1.0
7230.5			1.0
7231.4			1.0
7232.3			1.0
7233.200000000001			1.0
7234.1			1.0
7235.0			1.0
7235.9			1.0
7236.8			1.0
7237.700000000001			1.0
7238.6			1.0
7239.5			1.0
7240.4			1.0
7241.3			1.0
7242.200000000001			1.0
7243.1			1.0
7244.0			1.0
7244.9			1.0
7245.8			1.0
7246.700000000001			1.0
7247.6			1.0
7248.5			1.0
7249.4			1.0
7250.3			1.0
7251.200000000001			1.0
7252.1			1.0
7253.0			1.0
7253.9			1.0
7254.8			1.0
7255.700000000001			1.0
7256.6			1.0
7257.5			1.0
7258.4			1.0
7259.3			1.0
7260.200000000001			1.0
7261.1			1.0
7262.0			1.0
7262.9			1.0
7263.8			1.0
7264.700000000001			1.0
7265.6			1.0
7266.5			1.0
7267.4			1.0
7268.3			1.0
7269.200000000001			1.0
7270.1			1.0
7271.0			1.0
7271.9			1.0
7272.8			1.0
7273.700000000001			1.0
7274.6			1.0
7275.5			1.0
7276.4			1.0
7277.3			1.0
7278.200000000001			1.0
7279.1			1.0
7280.0			1.0
7280.9			1.0
7281.8			1.0
7282.700000000001			1.0
7283.6			1.0
7284.5			1.0
7285.4			1.0
7286.3			1.0
7287.200000000001			1.0
7288.1			1.0
7289.0			1.0
7289.9			1.0
7290.8			1.0
7291.700000000001			1.0
7292.6			1.0
7293.5			1.0
7294.4			1.0
7295.3			1.0
7296.200000000001			1.0
7297.1			1.0
7298.0			1.0
7298.9			1.0
7299.8			1.0
7300.700000000001			1.0
7301.6			1.0
7302.5			1.0
7303.4			1.0
7304.3			1.0
7305.200000000001			1.0
7306.1			1.0
7307.0			1.0
7307.9			1.0
7308.8			1.0
7309.700000000001			1.0
7310.6			1.0
7311.5			1.0
7312.4			1.0
7313.3			1.0
7314.200000000001			1.0
7315.1			1.0
7316.0			1.0
7316.9			1.0
7317.8			1.0
7318.700000000001			1.0
7319.6			1.0
7320.5			1.0
7321.4			1.0
7322.3			1.0
7323.200000000001			1.0
7324.1			1.0
7325.0			1.0
7325.9			1.0
7326.8			1.0
7327.700000000001			1.0
7328.6			1.0
7329.5			1.0
7330.4			1.0
7331.3			1.0
7332.200000000001			1.0
7333.1			1.0
7334.0			1.0
7334.9			1.0
7335.8			1.0
7336.700000000001			1.0
7337.6			1.0
7338.5			1.0
7339.4			1.0
7340.3			1.0
7341.200000000001			1.0
7342.1			1.0
7343.0			1.0
7343.9			1.0
7344.8			1.0
7345.700000000001			1.0
7346.6			1.0
7347.5			1.0
7348.4			1.0
7349.3			1.0
7350.200000000001			1.0
7351.1			1.0
7352.0			1.0
7352.9			1.0
7353.8			1.0
7354.700000000001			1.0
7355.6			1.0
7356.5			1.0
7357.4			1.0
7358.3			1.0
7359.200000000001			1.0
7360.1			1.0
7361.0			1.0
7361.9			1.0
7362.8			1.0
7363.700000000001			1.0
7364.6			1.0
7365.5			1.0
7366.4			1.0
7367.3			1.0
7368.200000000001			1.0
7369.1			1.0
7370.0			1.0
7370.9			1.0
7371.8			1.0
7372.700000000001			1.0
7373.6			1.0
7374.5			1.0
7375.4			1.0
7376.3			1.0
7377.200000000001			1.0
7378.1			1.0
7379.0			1.0
7379.9			1.0
7380.8			1.0
7381.700000000001			1.0
7382.6			1.0
7383.5			1.0
7384.4			1.0
7385.3			1.0
7386.200000000001			1.0
7387.1			1.0
7388.0			1.0
7388.9			1.0
7389.8			1.0
7390.700000000001			1.0
7391.6			1.0
7392.5			1.0
7393.4			1.0
7394.3			1.0
7395.200000000001			1.0
7396.1			1.0
7397.0			1.0
7397.9			1.0
7398.8			1.0
7399.700000000001			1.0
7400.6			1.0
7401.5			1.0
7402.4			1.0
7403.3			1.0
7404.200000000001			1.0
7405.1			1.0
7406.0			1.0
7406.9			1.0
7407.8			1.0
7408.700000000001			1.0
7409.6			1.0
7410.5			1.0
7411.4			1.0
7412.3			1.0
7413.200000000001			1.0
7414.1			1.0
7415.0			1.0
7415.9			1.0
7416.8			1.0
7417.700000000001			1.0
7418.6			1.0
7419.5			1.0
7420.4			1.0
7421.3			1.0
7422.200000000001			1.0
7423.1			1.0
7424.0			1.0
7424.9			1.0
7425.8			1.0
7426.700000000001			1.0
7427.6			1.0
7428.5			1.0
7429.4			1.0
