3500.0			1.0
3500.9			1.0
3501.8			1.0
3502.7			1.0
3503.6			1.0
3504.5			1.0
3505.4			1.0
3506.3			1.0
3507.2			1.0
3508.1			1.0
3509.0			1.0
3509.9			1.0
3510.8			1.0
3511.7			1.0
3512.6			1.0
3513.5			1.0
3514.4			1.0
3515.3			1.0
3516.2			1.0
3517.1			1.0
3518.0			1.0
3518.9			1.0
3519.8			1.0
3520.7			1.0
3521.6			1.0
3522.5			1.0
3523.4			1.0
3524.3			1.0
3525.2			1.0
3526.1			1.0
3527.0			1.0
3527.9			1.0
3528.8			1.0
3529.7			1.0
3530.6			1.0
3531.5			1.0
3532.4			1.0
3533.3			1.0
3534.2			1.0
3535.1			1.0
3536.0			1.0
3536.9			1.0
3537.8			1.0
3538.7			1.0
3539.6			1.0
3540.5			1.0
3541.4			1.0
3542.3			1.0
3543.2			1.0
3544.1			1.0
3545.0			1.0
3545.9			1.0
3546.8			1.0
3547.7			1.0
3548.6			1.0
3549.5			1.0
3550.4			1.0
3551.3			1.0
3552.2			1.0
3553.1			1.0
3554.0			1.0
3554.9			1.0
3555.8			1.0
3556.7			1.0
3557.6			1.0
3558.5			1.0
3559.4			1.0
3560.3			1.0
3561.2			1.0
3562.1			1.0
3563.0			1.0
3563.9			1.0
3564.8			1.0
3565.7			1.0
3566.6			1.0
3567.5			1.0
3568.4			1.0
3569.3			1.0
3570.2			1.0
3571.1			1.0
3572.0			1.0
3572.9			1.0
3573.8			1.0
3574.7			1.0
3575.6			1.0
3576.5			1.0
3577.4			1.0
3578.3			1.0
3579.2			1.0
3580.1			1.0
3581.0			1.0
3581.9			1.0
3582.8			1.0
3583.7			1.0
3584.6			1.0
3585.5			1.0
3586.4			1.0
3587.3			1.0
3588.2			1.0
3589.1			1.0
3590.0			1.0
3590.9			1.0
3591.8			1.0
3592.7			1.0
3593.6			1.0
3594.5			1.0
3595.4			1.0
3596.3			1.0
3597.2			1.0
3598.1			1.0
3599.0			1.0
3599.9			1.0
3600.8			1.0
3601.7			1.0
3602.6			1.0
3603.5			1.0
3604.4			1.0
3605.3			1.0
3606.2			1.0
3607.1			1.0
3608.0			1.0
3608.9			1.0
3609.8			1.0
3610.7			1.0
3611.6			1.0
3612.5			1.0
3613.4			1.0
3614.3			1.0
3615.2			1.0
3616.1			1.0
3617.0			1.0
3617.9			1.0
3618.8			1.0
3619.7			1.0
3620.6			1.0
3621.5			1.0
3622.4			1.0
3623.3			1.0
3624.2			1.0
3625.1			1.0
3626.0			1.0
3626.9			1.0
3627.8			1.0
3628.7			1.0
3629.6			1.0
3630.5			1.0
3631.4			1.0
3632.3			1.0
3633.2			1.0
3634.1			1.0
3635.0			1.0
3635.9			1.0
3636.8			1.0
3637.7			1.0
3638.6			1.0
3639.5			1.0
3640.4			1.0
3641.3			1.0
3642.2			1.0
3643.1			1.0
3644.0			1.0
3644.9			1.0
3645.8			1.0
3646.7			1.0
3647.6			1.0
3648.5			1.0
3649.4			1.0
3650.3			1.0
3651.2			1.0
3652.1			1.0
3653.0			1.0
3653.9			1.0
3654.8			1.0
3655.7			1.0
3656.6			1.0
3657.5			1.0
3658.4			1.0
3659.3			1.0
3660.2			1.0
3661.1			1.0
3662.0			1.0
3662.9			1.0
3663.8			1.0
3664.7			1.0
3665.6			1.0
3666.5			1.0
3667.4			1.0
3668.3			1.0
3669.2			1.0
3670.1			1.0
3671.0			1.0
3671.9			1.0
3672.8			1.0
3673.7			1.0
3674.6			1.0
3675.5			1.0
3676.4			1.0
3677.3			1.0
3678.2			1.0
3679.1			1.0
3680.0			1.0
3680.9			1.0
3681.8			1.0
3682.7			1.0
3683.6			1.0
3684.5			1.0
3685.4			1.0
3686.3			1.0
3687.2			1.0
3688.1			1.0
3689.0			1.0
3689.9			1.0
3690.8			1.0
3691.7			1.0
3692.6			1.0
3693.5			1.0
3694.4			1.0
3695.3			1.0
3696.2			1.0
3697.1			1.0
3698.0			1.0
3698.9			1.0
3699.8			1.0
3700.7			1.0
3701.6			1.0
3702.5			1.0
3703.4			1.0
3704.3			1.0
3705.2			1.0
3706.1			1.0
3707.0			1.0
3707.9			1.0
3708.8			1.0
3709.7			1.0
3710.6			1.0
3711.5			1.0
3712.4			1.0
3713.3			1.0
3714.2			1.0
3715.1			1.0
3716.0			1.0
3716.9			1.0
3717.8			1.0
3718.7			1.0
3719.6			1.0
3720.5			1.0
3721.4			1.0
3722.3			1.0
3723.2			1.0
3724.1			1.0
3725.0			1.0
3725.9			1.0
3726.8			1.0
3727.7			1.0
3728.6			1.0
3729.5			1.0
3730.4			1.0
3731.3			1.0
3732.2			1.0
3733.1			1.0
3734.0			1.0
3734.9			1.0
3735.8			1.0
3736.7			1.0
3737.6			1.0
3738.5			1.0
3739.4			1.0
3740.3			1.0
3741.2			1.0
3742.1			1.0
3743.0			1.0
3743.9			1.0
3744.8			1.0
3745.7			1.0
3746.6			1.0
3747.5			1.0
3748.4			1.0
3749.3			1.0
3750.2			1.0
3751.1			1.0
3752.0			1.0
3752.9			1.0
3753.8			1.0
3754.7			1.0
3755.6			1.0
3756.5			1.0
3757.4			1.0
3758.3			1.0
3759.2			1.0
3760.1			1.0
3761.0			1.0
3761.9			1.0
3762.8			1.0
3763.7			1.0
3764.6			1.0
3765.5			1.0
3766.4			1.0
3767.3			1.0
3768.2			1.0
3769.1			1.0
3770.0			1.0
3770.9			1.0
3771.8			1.0
3772.7			1.0
3773.6			1.0
3774.5			1.0
3775.4			1.0
3776.3			1.0
3777.2			1.0
3778.1			1.0
3779.0			1.0
3779.9			1.0
3780.8			1.0
3781.7			1.0
3782.6			1.0
3783.5			1.0
3784.4			1.0
3785.3			1.0
3786.2			1.0
3787.1			1.0
3788.0			1.0
3788.9			1.0
3789.8			1.0
3790.7			1.0
3791.6			1.0
3792.5			1.0
3793.4			1.0
3794.3			1.0
3795.2			1.0
3796.1			1.0
3797.0			1.0
3797.9			1.0
3798.8			1.0
3799.7			1.0
3800.6			1.0
3801.5			1.0
3802.4			1.0
3803.3			1.0
3804.2			1.0
3805.1			1.0
3806.0			1.0
3806.9			1.0
3807.8			1.0
3808.7			1.0
3809.6			1.0
3810.5			1.0
3811.4			1.0
3812.3			1.0
3813.2			1.0
3814.1			1.0
3815.0			1.0
3815.9			1.0
3816.8			1.0
3817.7			1.0
3818.6			1.0
3819.5			1.0
3820.4			1.0
3821.3			1.0
3822.2			1.0
3823.1			1.0
3824.0			1.0
3824.9			1.0
3825.8			1.0
3826.7			1.0
3827.6			1.0
3828.5			1.0
3829.4			1.0
3830.3			1.0
3831.2			1.0
3832.1			1.0
3833.0			1.0
3833.9			1.0
3834.8			1.0
3835.7			1.0
3836.6			1.0
3837.5			1.0
3838.4			1.0
3839.3			1.0
3840.2			1.0
3841.1			1.0
3842.0			1.0
3842.9			1.0
3843.8			1.0
3844.7			1.0
3845.6			1.0
3846.5			1.0
3847.4			1.0
3848.3			1.0
3849.2			1.0
3850.1			1.0
3851.0			1.0
3851.9			1.0
3852.8			1.0
3853.7			1.0
3854.6			1.0
3855.5			1.0
3856.4			1.0
3857.3			1.0
3858.2			1.0
3859.1			1.0
3860.0			1.0
3860.9			1.0
3861.8			1.0
3862.7			1.0
3863.6			1.0
3864.5			1.0
3865.4			1.0
3866.3			1.0
3867.2			1.0
3868.1			1.0
3869.0			1.0
3869.9			1.0
3870.8			1.0
3871.7			1.0
3872.6			1.0
3873.5			1.0
3874.4			1.0
3875.3			1.0
3876.2			1.0
3877.1			1.0
3878.0			1.0
3878.9			1.0
3879.8			1.0
3880.7			1.0
3881.6			1.0
3882.5			1.0
3883.4			1.0
3884.3			1.0
3885.2			1.0
3886.1			1.0
3887.0			1.0
3887.9			1.0
3888.8			1.0
3889.7			1.0
3890.6			1.0
3891.5			1.0
3892.4			1.0
3893.3			1.0
3894.2			1.0
3895.1			1.0
3896.0			1.0
3896.9			1.0
3897.8			1.0
3898.7			1.0
3899.6			1.0
3900.5			1.0
3901.4			1.0
3902.3			1.0
3903.2			1.0
3904.1			1.0
3905.0			1.0
3905.9			1.0
3906.8			1.0
3907.7			1.0
3908.6			1.0
3909.5			1.0
3910.4			1.0
3911.3			1.0
3912.2			1.0
3913.1			1.0
3914.0			1.0
3914.9			1.0
3915.8			1.0
3916.7			1.0
3917.6			1.0
3918.5			1.0
3919.4			1.0
3920.3			1.0
3921.2			1.0
3922.1			1.0
3923.0			1.0
3923.9			1.0
3924.8			1.0
3925.7			1.0
3926.6			1.0
3927.5			1.0
3928.4			1.0
3929.3			1.0
3930.2			1.0
3931.1			1.0
3932.0			1.0
3932.9			1.0
3933.8			1.0
3934.7			1.0
3935.6			1.0
3936.5			1.0
3937.4			1.0
3938.3			1.0
3939.2			1.0
3940.1			1.0
3941.0			1.0
3941.9			1.0
3942.8			1.0
3943.7			1.0
3944.6			1.0
3945.5			1.0
3946.4			1.0
3947.3			1.0
3948.2			1.0
3949.1			1.0
3950.0			1.0
3950.9			1.0
3951.8			1.0
3952.7			1.0
3953.6			1.0
3954.5			1.0
3955.4			1.0
3956.3			1.0
3957.2			1.0
3958.1			1.0
3959.0			1.0
3959.9			1.0
3960.8			1.0
3961.7			1.0
3962.6			1.0
3963.5			1.0
3964.4			1.0
3965.3			1.0
3966.2			1.0
3967.1			1.0
3968.0			1.0
3968.9			1.0
3969.8			1.0
3970.7			1.0
3971.6			1.0
3972.5			1.0
3973.4			1.0
3974.3			1.0
3975.2			1.0
3976.1			1.0
3977.0			1.0
3977.9			1.0
3978.8			1.0
3979.7			1.0
3980.6			1.0
3981.5			1.0
3982.4			1.0
3983.3			1.0
3984.2			1.0
3985.1			1.0
3986.0			1.0
3986.9			1.0
3987.8			1.0
3988.7			1.0
3989.6			1.0
3990.5			1.0
3991.4			1.0
3992.3			1.0
3993.2			1.0
3994.1			1.0
3995.0			1.0
3995.9			1.0
3996.8			1.0
3997.7			1.0
3998.6			1.0
3999.5			1.0
4000.4			1.0
4001.3			1.0
4002.2			1.0
4003.1			1.0364091746948838
4004.0			0.9543489917128067
4004.9			0.7809336677775198
4005.8			0.6987515788423508
4006.7			0.7788716022224283
4007.6			0.9085071768692609
4008.5			0.9988269515134329
4009.4			1.0
4010.3			1.0
4011.2			1.0
4012.1			1.0
4013.0			1.0
4013.9			1.0
4014.8			1.0
4015.7			1.0
4016.6			1.0
4017.5			1.0
4018.4			1.0
4019.3			1.0
4020.2			1.0
4021.1			1.0
4022.0			1.0
4022.9			1.0
4023.8			1.0
4024.7			1.0
4025.6			1.0
4026.5			1.0
4027.4			1.0
4028.3			1.0452838313884543
4029.2			0.9762246899727296
4030.1			0.7877799232762566
4031.0			0.6399462668273548
4031.9			0.6039967336606574
4032.8			0.5865674391482535
4033.7			0.5757385845790964
4034.6			0.6334343023412514
4035.5			0.7601103734313324
4036.4			0.9024908906840858
4037.3			1.002229171012241
4038.2			1.0303605494094614
4039.1			1.0003764553013041
4040.0			1.0
4040.9			1.0
4041.8			1.0236354748551266
4042.7			1.0265806518916767
4043.6			0.8944699746796686
4044.5			0.6585744410468075
4045.4			0.47280300241415285
4046.3			0.4826575665283121
4047.2			0.6788866412685443
4048.1			0.8887401468367709
4049.0			0.9998588681046573
4049.9			1.0
4050.8			1.0
4051.7			1.0
4052.6			1.0
4053.5			1.0
4054.4			1.0
4055.3			1.0
4056.2			1.0
4057.1			1.0
4058.0			1.0
4058.9			1.0
4059.8			1.1179146697466968
4060.7			1.1875744322982429
4061.6			1.1207099256181425
4062.5			0.9010637350178933
4063.4			0.6885762280187523
4064.3			0.7166282693810685
4065.2			0.9310311837594621
4066.1			1.0381107933714628
4067.0			0.9991466263374543
4067.9			1.0
4068.8			1.0
4069.7			1.0
4070.6			1.0
4071.5			1.0
4072.4			1.0
4073.3			1.0
4074.2			1.1109567397827567
4075.1			1.0270242547136488
4076.0			0.8406289258644697
4076.9			0.6889316103316901
4077.8			0.6911129497699252
4078.7			0.830366604556572
4079.6			1.001014293811548
4080.5			1.0
4081.4			1.0
4082.3			1.0
4083.2			1.0
4084.1			1.0
4085.0			1.0
4085.9			1.0
4086.8			1.0
4087.7			1.0
4088.6			1.0
4089.5			1.0
4090.4			1.0
4091.3			1.0
4092.2			1.0
4093.1			1.0113208759325996
4094.0			1.033595211466315
4094.9			0.9736144795420681
4095.8			0.8564372838872977
4096.7			0.8064117805635133
4097.6			0.8442441078116871
4098.5			0.8980632023286377
4099.4			0.9000694738523458
4100.3			0.8287650050115357
4101.2			0.7618862155254976
4102.1			0.7919085892832971
4103.0			0.8720937567726724
4103.9			0.9158202512873359
4104.8			0.957370806890635
4105.7			1.0479512905890833
4106.6			1.1211807922491805
4107.5			1.114433120031441
4108.4			1.0628408690913382
4109.3			0.9952116207808868
4110.2			1.0
4111.1			1.0
4112.0			1.0
4112.9			1.0
4113.8			1.0
4114.7			1.0
4115.6			1.0
4116.5			1.0
4117.4			1.0
4118.3			1.0
4119.2			1.0
4120.1			1.0
4121.0			1.0
4121.9			1.0
4122.8			1.0
4123.7			1.0
4124.6			1.0
4125.5			1.0
4126.4			0.9941377169912365
4127.3			0.9524408805178256
4128.2			0.9049085545109989
4129.1			0.8655645558163642
4130.0			0.8354884218479667
4130.9			0.8055576795184255
4131.8			0.7517151883901132
4132.7			0.7140457368250129
4133.6			0.7323371069594437
4134.5			0.7898645094450888
4135.4			0.8858855504795783
4136.3			0.9626791671475544
4137.2			0.9734442153572076
4138.1			0.9617537107547408
4139.0			0.95534235408659
4139.9			0.9561025573826116
4140.8			0.9450795091844376
4141.7			0.8498258527153622
4142.6			0.662342476121218
4143.5			0.5317218074545952
4144.4			0.5872897278090934
4145.3			0.7521159810993869
4146.2			0.8682456521417721
4147.1			0.8950442537196378
4148.0			0.8736589538348837
4148.9			0.8156299772796127
4149.8			0.7410066564383107
4150.7			0.7041279070121657
4151.6			0.7089394926394821
4152.5			0.7366119347329847
4153.4			0.7706716649191301
4154.3			0.7821458551636511
4155.2			0.7726452284797086
4156.1			0.7445515263700272
4157.0			0.7454857891581148
4157.9			0.8389827849426167
4158.8			0.9710067349423597
4159.7			1.028933957753552
4160.6			1.0000817511136793
4161.5			1.0
4162.4			1.0
4163.3			1.0088544666925403
4164.2			0.9407300266057845
4165.1			0.886395630636432
4166.0			0.8635905401084811
4166.9			0.8285122796819837
4167.8			0.8328472738794125
4168.7			0.9122080286275778
4169.6			0.9935516210150854
4170.5			1.0175402082158354
4171.4			0.937836723385847
4172.3			0.7812534581274262
4173.2			0.7017021229230672
4174.1			0.7531681401096375
4175.0			0.832367015958119
4175.9			0.8613601599479145
4176.8			0.845340586693579
4177.7			0.8238156908435553
4178.6			0.8433104013802806
4179.5			0.8742158276970877
4180.4			0.8641454819300357
4181.3			0.8563073296047873
4182.2			0.903336686204982
4183.1			0.9983997112076012
4184.0			1.0
4184.9			1.0
4185.8			1.0
4186.7			1.0
4187.6			1.0
4188.5			1.0530828301471515
4189.4			1.1376195393590394
4190.3			1.1259438651068518
4191.2			1.076345192258321
4192.1			1.087034288855339
4193.0			1.1462631577939555
4193.9			1.1477468589547795
4194.8			1.0469187017882673
4195.7			0.9081240720231477
4196.6			0.8186472486882216
4197.5			0.806959110504641
4198.4			0.8392539165911025
4199.3			0.8858124763484614
4200.2			0.9089912283396799
4201.1			0.8581217168946617
4202.0			0.7984185060972426
4202.9			0.8323298649256868
4203.8			0.9017346989008056
4204.7			0.921683639810473
4205.6			0.944826538203487
4206.5			1.006701509599141
4207.4			1.0
4208.3			1.0
4209.2			1.0
4210.1			1.0
4211.0			1.0
4211.9			1.0
4212.8			0.913968476968576
4213.7			0.7675610541878881
4214.6			0.6146500476726643
4215.5			0.5669986750453292
4216.4			0.694699113676461
4217.3			0.8815772935329138
4218.2			0.968707104207505
4219.1			1.0
4220.0			1.0
4220.9			1.0
4221.8			0.9597596372083124
4222.7			0.8515704120206249
4223.6			0.7301983216598201
4224.5			0.6030148565147239
4225.4			0.4390301441230583
4226.3			0.2915606845268503
4227.2			0.2971186036276485
4228.1			0.49031144610508465
4229.0			1.0
4229.9			1.1952883180338771
4230.8			1.2952040187424367
4231.7			1.2696235614722577
4232.6			1.1238382259982533
4233.5			1.0136478748158162
4234.4			0.9966629091277535
4235.3			0.9585697294273341
4236.2			0.8944276853222375
4237.1			0.8908974687654501
4238.0			0.9204958430278507
4238.9			0.9308580480376821
4239.8			0.9452761965781659
4240.7			0.9828414180330663
4241.6			1.0084066314245415
4242.5			1.0104851830328072
4243.4			1.0
4244.3			1.1019900698325904
4245.2			1.1456655068078463
4246.1			1.0874903290172584
4247.0			0.9838541181502704
4247.9			0.8993632006252795
4248.8			0.8376878500834077
4249.7			0.7532704279013898
4250.6			0.6905327119834769
4251.5			0.7386178340382358
4252.4			0.8306051870369561
4253.3			0.822168639201201
4254.2			0.7330718644761959
4255.1			0.7229527429604063
4256.0			1.0
4256.9			1.120873020324058
4257.8			1.0900495905602023
4258.7			0.9333670806748806
4259.6			0.7742248599912787
4260.5			0.6788877293243867
4261.4			0.7084921640700391
4262.3			0.8488230722332085
4263.2			0.9727996821026506
4264.1			1.0062513359737277
4265.0			1.0
4265.9			1.017856966856972
4266.8			0.9804320495970165
4267.7			0.8863368603303478
4268.6			0.8061116282770092
4269.5			0.7374056511621674
4270.4			0.6206080807350288
4271.3			0.4857558320231453
4272.2			0.45831442506745823
4273.1			0.5376896424067455
4274.0			0.5814878187255796
4274.9			0.5916922662910237
4275.8			0.6816044373565765
4276.7			0.8308983743870824
4277.6			0.9545041839953406
4278.5			1.0044347888664713
4279.4			1.0
4280.3			1.0
4281.2			1.0
4282.1			1.0
4283.0			1.0
4283.9			1.0
4284.8			1.0
4285.7			1.0
4286.6			1.0
4287.5			1.0375328052713881
4288.4			0.9642852536416054
4289.3			0.7998369606642416
4290.2			0.7083334104415896
4291.1			0.7655212272199463
4292.0			0.8979566392043371
4292.9			1.0
4293.8			0.9858229389461778
4294.7			0.936820094004943
4295.6			0.9503555346906576
4296.5			0.956237745491062
4297.4			0.8966032848672335
4298.3			0.7840260272785367
4299.2			0.6442040801364989
4300.1			0.5747886285856525
4301.0			0.6217471765081196
4301.9			0.6788713311254977
4302.8			0.6828046062666531
4303.7			0.679522783723985
4304.6			0.668290842631072
4305.5			0.6181614024307801
4306.4			0.5505508423386688
4307.3			0.48074351366053875
4308.2			0.4363920666752469
4309.1			0.4668381837593613
4310.0			0.5574006438740312
4310.9			0.657452209866642
4311.8			0.7428688257379152
4312.7			0.8115178702623063
4313.6			0.8612294122887462
4314.5			0.9233919376485795
4315.4			1.075496455993884
4316.3			1.2714334416001976
4317.2			1.3582093962070292
4318.1			1.3183241028345436
4319.0			1.2431731828061658
4319.9			1.165793654846462
4320.8			1.0
4321.7			0.9591570992403196
4322.6			0.9048990340618596
4323.5			0.7653357946178833
4324.4			0.5805695296922835
4325.3			0.45032356368665194
4326.2			0.4721147450719038
4327.1			0.6664139758669152
4328.0			0.8985974038476362
4328.9			1.008090153084265
4329.8			1.0
4330.7			1.0
4331.6			1.0
4332.5			1.0
4333.4			1.0
4334.3			1.0
4335.2			1.0565140451950532
4336.1			1.0260871568746321
4337.0			0.87849873669162
4337.9			0.7384297055137425
4338.8			0.689491023479027
4339.7			0.6706901912602359
4340.6			0.6809882874472402
4341.5			0.7891814880790503
4342.4			0.9296871866119979
4343.3			0.9790466945588402
4344.2			0.9906203147132999
4345.1			1.0
4346.0			1.0
4346.9			1.0
4347.8			1.0
4348.7			1.0999827391064132
4349.6			1.1257728905594149
4350.5			0.9769951919670382
4351.4			0.7760098107977782
4352.3			0.7150933054605578
4353.2			0.8061234412672561
4354.1			0.9071772985035462
4355.0			0.9536878549808083
4355.9			1.0012524852598372
4356.8			1.0
4357.7			1.0
4358.6			1.0
4359.5			1.0
4360.4			1.0
4361.3			1.0
4362.2			1.0
4363.1			1.0
4364.0			1.0
4364.9			1.0
4365.8			1.0
4366.7			1.0
4367.6			1.0
4368.5			1.0
4369.4			1.0
4370.3			1.0
4371.2			1.0
4372.1			0.9965154014517001
4373.0			0.9327864516625336
4373.9			0.8191394018337386
4374.8			0.7344363117306294
4375.7			0.753931131830755
4376.6			0.8747137654366393
4377.5			1.000924101524296
4378.4			1.0
4379.3			1.0
4380.2			0.9484929234201526
4381.1			0.8895800807890785
4382.0			0.7604418053626103
4382.9			0.5417877990865841
4383.8			0.39213519904591104
4384.7			0.4671986202750807
4385.6			0.7139397467226132
4386.5			0.9249751471394604
4387.4			0.9847862455504954
4388.3			1.0
4389.2			1.0
4390.1			1.0
4391.0			1.0
4391.9			1.0
4392.8			1.0
4393.7			1.0
4394.6			1.0
4395.5			1.0
4396.4			1.0
4397.3			1.0
4398.2			1.0
4399.1			1.0
4400.0			0.8965964382740448
4400.9			0.8668641995214585
4401.8			0.9484467117045736
4402.7			0.977710394726366
4403.6			0.8043476877366724
4404.5			0.5837966516690541
4405.4			0.5474651474388976
4406.3			0.6568153187925025
4407.2			0.7227323779622621
4408.1			0.7188854724770196
4409.0			0.7675278864977666
4409.9			0.8945010258885886
4410.8			0.997905683881807
4411.7			1.0
4412.6			1.0169344475015278
4413.5			0.9551191723290114
4414.4			0.8062389839247801
4415.3			0.709125148815059
4416.2			0.7620571612823291
4417.1			0.8861900193739225
4418.0			0.9968161059144652
4418.9			1.0
4419.8			1.0
4420.7			1.0
4421.6			1.0
4422.5			1.0
4423.4			1.0
4424.3			1.0
4425.2			1.0
4426.1			1.0
4427.0			1.0
4427.9			1.0
4428.8			1.0
4429.7			1.0
4430.6			1.0
4431.5			1.0
4432.4			1.05701184397634
4433.3			0.9971468708197614
4434.2			0.8648541228725207
4435.1			0.7759960701609295
4436.0			0.7963897478667549
4436.9			0.8982051599369865
4437.8			1.0056322543304372
4438.7			1.0
4439.6			1.0
4440.5			1.0
4441.4			1.0
4442.3			1.0
4443.2			1.0
4444.1			1.0
4445.0			1.0
4445.9			1.0
4446.8			1.0
4447.7			1.0
4448.6			1.0
4449.5			1.0
4450.4			1.0
4451.3			1.0
4452.2			1.0194210025902344
4453.1			0.9810100747693679
4454.0			0.9045189379181842
4454.9			0.8390550902156836
4455.8			0.8305113779393868
4456.7			0.866061125512779
4457.6			0.8773086129537445
4458.5			0.8474138703032249
4459.4			0.8197361116750456
4460.3			0.7973853455696829
4461.2			0.7616486734205657
4462.1			0.7755086453804353
4463.0			0.8957255504768733
4463.9			1.0204855763012326
4464.8			1.0430014590250598
4465.7			1.0181010208427088
4466.6			1.0203609395557123
4467.5			1.0306142432169234
4468.4			1.0133634088858294
4469.3			0.9882286760924203
4470.2			0.9994394840467584
4471.1			1.0
4472.0			1.0
4472.9			1.0
4473.8			1.0
4474.7			1.0
4475.6			1.0
4476.5			1.0
4477.4			1.0465229926979285
4478.3			1.0254763457427636
4479.2			0.9325784954401155
4480.1			0.8281059675699763
4481.0			0.7719312813976503
4481.9			0.7746438274883388
4482.8			0.8315986230332013
4483.7			0.9215544451866725
4484.6			0.9999693603820902
4485.5			1.0
4486.4			1.0
4487.3			1.0
4488.2			1.0
4489.1			1.0
4490.0			1.0
4490.9			1.0
4491.8			1.065342040110593
4492.7			1.0564300409320242
4493.6			0.947198346741045
4494.5			0.8242639963390993
4495.4			0.7858988792892436
4496.3			0.8318502247675031
4497.2			0.9125601127142339
4498.1			0.9798426907428275
4499.0			1.0104358083803275
4499.9			1.0
4500.8			1.0
4501.7			1.0
4502.6			1.0
4503.5			1.0
4504.4			1.0
4505.3			1.0
4506.2			1.0
4507.1			1.0
4508.0			0.9876386755340195
4508.9			1.0074462016640588
4509.8			1.0370878836465267
4510.7			1.0444002041781824
4511.6			1.0068997087077367
4512.5			0.9433458406867217
4513.4			0.8882998906264673
4514.3			0.8635684865730061
4515.2			0.8814412450476877
4516.1			1.0
4517.0			0.9988402289229256
4517.9			0.9707030395789408
4518.8			0.991480366112108
4519.7			1.0660788164617168
4520.6			1.1359105962057316
4521.5			1.1400420212644704
4522.4			1.0727368254693526
4523.3			1.0222833349801723
4524.2			1.016053831423752
4525.1			0.9793841423527555
4526.0			0.9027457308283955
4526.9			0.8316723290683328
4527.8			0.7848046898966837
4528.7			0.7726580239585624
4529.6			0.802580061858795
4530.5			0.8442930168515657
4531.4			0.899648046866578
4532.3			0.9699580417864472
4533.2			0.9844264769628885
4534.1			0.9270572295174067
4535.0			0.8763109287209663
4535.9			0.9276708649581873
4536.8			1.0790687450765875
4537.7			1.1843435640793518
4538.6			1.159965353734849
4539.5			1.0727502361305064
4540.4			1.0011564649805007
4541.3			1.0
4542.2			1.0623797059760258
4543.1			1.1168932269170129
4544.0			1.0886990960760738
4544.9			1.0241923426303194
4545.8			1.0176383983235888
4546.7			1.0620691948329435
4547.6			1.085494687459535
4548.5			1.054140665965073
4549.4			1.0149266146456348
4550.3			1.0430961280272086
4551.2			1.085376991417757
4552.1			1.0552456319927765
4553.0			1.0069082586911913
4553.9			0.9891818750014756
4554.8			0.9910334980340226
4555.7			1.0412569447251394
4556.6			1.141253738037559
4557.5			1.223345240883859
4558.4			1.252268738277267
4559.3			1.2413472609115739
4560.2			1.2109841299485726
4561.1			1.0
4562.0			1.0042211244466726
4562.9			0.9614520877830354
4563.8			0.872407546513432
4564.7			0.8106807001374262
4565.6			0.8254323018386491
4566.5			0.909952645060663
4567.4			1.000734357421947
4568.3			1.0
4569.2			1.0
4570.1			1.0
4571.0			1.0
4571.9			0.971847506543128
4572.8			1.0521980391327685
4573.7			1.1139717392793675
4574.6			1.080045102980049
4575.5			1.038415799383237
4576.4			1.038260931498692
4577.3			1.0297731693986665
4578.2			0.982597407951601
4579.1			1.0
4580.0			0.9359201320349426
4580.9			0.9388762138000952
4581.8			0.9951222007790881
4582.7			1.0339591527970229
4583.6			1.0268143427418328
4584.5			1.0006202541665712
4585.4			0.9732843912020618
4586.3			0.9670957406856049
4587.2			1.0147459493945616
4588.1			1.0872634034879942
4589.0			1.1284618062223355
4589.9			1.1122196541517329
4590.8			1.0440684971362513
4591.7			0.9713954482651904
4592.6			0.9362564660136373
4593.5			0.9186009872687076
4594.4			0.8886890912253231
4595.3			0.8623663127769988
4596.2			0.8609510192584011
4597.1			0.8709252287445165
4598.0			0.8907123902180788
4598.9			0.9143593825011068
4599.8			0.9020509891395212
4600.7			0.8726211634866375
4601.6			0.8803612122740241
4602.5			0.897877065249445
4603.4			0.8848196287824283
4604.3			0.8501601181803911
4605.2			0.8196346315137298
4606.1			0.8353228274477351
4607.0			0.9144100006424447
4607.9			1.015260665049294
4608.8			1.0760690622411362
4609.7			1.0620377458977612
4610.6			0.995112077523249
4611.5			1.0
4612.4			1.0
4613.3			1.0
4614.2			1.0
4615.1			1.0
4616.0			1.0
4616.9			1.0
4617.8			1.0
4618.7			1.0
4619.6			1.0
4620.5			1.0
4621.4			1.0
4622.3			1.0
4623.2			1.0
4624.1			1.0
4625.0			1.0
4625.9			1.0
4626.8			1.0
4627.7			1.0
4628.6			1.0
4629.5			1.0
4630.4			1.0
4631.3			1.0
4632.2			1.0
4633.1			1.0
4634.0			1.0
4634.9			1.0
4635.8			1.0
4636.7			1.0
4637.6			1.0
4638.5			1.0
4639.4			1.0
4640.3			0.9924836768108689
4641.2			1.0434027793162712
4642.1			1.082318271367411
4643.0			1.0519959633623128
4643.9			0.990159080431885
4644.8			0.9279598429029722
4645.7			0.8524120690207633
4646.6			0.7894523910573129
4647.5			0.7863196842344211
4648.4			0.8322030005565376
4649.3			0.887606348029353
4650.2			0.9412593234721944
4651.1			0.9883288107254693
4652.0			1.0
4652.9			0.9962664865001147
4653.8			0.9433565706778458
4654.7			0.8733239881084092
4655.6			0.8342220856058719
4656.5			0.8460411213619035
4657.4			0.9102578662366734
4658.3			0.9994335769546282
4659.2			1.0
4660.1			1.0
4661.0			1.0
4661.9			1.0
4662.8			0.9329634752693593
4663.7			0.9197716906841601
4664.6			0.9284336050125425
4665.5			0.8829000453102767
4666.4			0.7748723477860278
4667.3			0.6959395833313146
4668.2			0.7192056969225006
4669.1			0.8140294950042788
4670.0			0.9139064116629937
4670.9			0.9828667135563706
4671.8			1.0011445019122382
4672.7			1.0
4673.6			1.0
4674.5			1.0
4675.4			1.0
4676.3			1.0
4677.2			1.0044358310217352
4678.1			0.9612081460018144
4679.0			0.9184398043076659
4679.9			0.8899994918985836
4680.8			0.8683083257171188
4681.7			0.8728587313670939
4682.6			0.9216486834472283
4683.5			0.9785500534112601
4684.4			0.9972185947171598
4685.3			1.0
4686.2			1.0
4687.1			1.0
4688.0			1.0
4688.9			1.0
4689.8			1.0
4690.7			1.0
4691.6			0.9760994261942239
4692.5			0.9763779112849282
4693.4			0.9972241150561625
4694.3			1.0388626200217053
4695.2			1.0939037011812682
4696.1			1.1195753460574331
4697.0			1.074485295259306
4697.9			0.9756797911599987
4698.8			0.9066227630752005
4699.7			0.9127265174071093
4700.6			0.9418767429495447
4701.5			0.9492891230513134
4702.4			0.9445047351613431
4703.3			0.954196199594247
4704.2			0.987780976644791
4705.1			1.0122715269654112
4706.0			0.9997099094073773
4706.9			1.0
4707.8			1.0
4708.7			1.0
4709.6			1.0
4710.5			1.0
4711.4			1.0
4712.3			1.0
4713.2			1.0
4714.1			1.0
4715.0			1.0
4715.9			1.0
4716.8			1.0
4717.7			1.0
4718.6			1.0
4719.5			1.0
4720.4			1.0
4721.3			1.0
4722.2			1.0
4723.1			0.9995211429111118
4724.0			1.0424786455732487
4724.9			1.0815487759631337
4725.8			1.0577064467025883
4726.7			0.9548212202397866
4727.6			0.837292030789536
4728.5			0.7882957815244827
4729.4			0.8097585759265048
4730.3			0.8510557874125828
4731.2			0.896275634142692
4732.1			0.9467119511843752
4733.0			0.9802416330877806
4733.9			0.9998505962077788
4734.8			1.0
4735.7			1.0
4736.6			1.0
4737.5			1.0
4738.4			1.0
4739.3			1.0
4740.2			1.0
4741.1			1.0
4742.0			1.0
4742.9			1.0
4743.8			1.0
4744.7			1.0
4745.6			1.0
4746.5			1.0
4747.4			1.0
4748.3			1.0
4749.2			1.0
4750.1			1.0
4751.0			1.0
4751.9			1.0
4752.8			1.0
4753.7			1.0
4754.6			1.0
4755.5			1.0
4756.4			1.0
4757.3			1.0
4758.2			1.0
4759.1			1.0
4760.0			1.0
4760.9			0.9810584137420205
4761.8			0.9360778166853994
4762.7			0.9148397413653829
4763.6			0.9107017845030636
4764.5			0.8847708711801167
4765.4			0.8470582557398305
4766.3			0.8432500682700067
4767.2			0.8911499147822942
4768.1			0.9624727202135921
4769.0			1.0313311085474517
4769.9			1.0702049389896136
4770.8			1.045889895654415
4771.7			0.9973843627147144
4772.6			1.0
4773.5			1.0
4774.4			1.0
4775.3			1.0
4776.2			0.9838692688981031
4777.1			0.9985035971796267
4778.0			1.0193341127105586
4778.9			1.0114919989256317
4779.8			0.9940847231840984
4780.7			0.9815531082850975
4781.6			0.9563458056256565
4782.5			0.9144166180150001
4783.4			0.8933289125028956
4784.3			0.9154281611357675
4785.2			0.9293313035690497
4786.1			0.9049685046204107
4787.0			0.9028100221631296
4787.9			0.9316907670186426
4788.8			0.9312682527936617
4789.7			0.9124868844325743
4790.6			0.9205826305445005
4791.5			0.951443570204044
4792.4			0.9971593975885847
4793.3			1.058806747813687
4794.2			1.1130769280274655
4795.1			1.0
4796.0			0.9694447610932526
4796.9			0.9275371756549415
4797.8			0.8890184542374634
4798.7			0.8535301516159305
4799.6			0.8393854278847608
4800.5			0.870814270811562
4801.4			0.9382058556970564
4802.3			0.9931331432849388
4803.2			0.999469489376046
4804.1			1.0
4805.0			1.0
4805.9			1.0
4806.8			1.0
4807.7			1.0
4808.6			1.0
4809.5			1.0
4810.4			1.0
4811.3			1.0
4812.2			1.0
4813.1			1.0
4814.0			1.0
4814.9			1.0
4815.8			1.0
4816.7			1.0
4817.6			1.0
4818.5			1.0
4819.4			1.0
4820.3			1.0
4821.2			1.0
4822.1			0.958243435354246
4823.0			0.8960224697211757
4823.9			0.8747830131555175
4824.8			0.9268833471391842
4825.7			0.9935541974082422
4826.6			1.0
4827.5			1.0
4828.4			1.0
4829.3			1.0
4830.2			1.0
4831.1			1.0
4832.0			1.0
4832.9			1.0
4833.8			1.0
4834.7			1.0313463893086285
4835.6			1.0211804504715936
4836.5			1.0059373317428433
4837.4			0.9956043855773828
4838.3			0.9644157941264037
4839.2			0.9202766058445762
4840.1			0.9059504916442813
4841.0			0.9269765575944463
4841.9			0.9357493910483434
4842.8			0.9121744896900772
4843.7			0.9072506406340864
4844.6			0.9525810960374028
4845.5			1.001962668227401
4846.4			1.0
4847.3			1.0
4848.2			1.0
4849.1			1.0
4850.0			1.0
4850.9			1.0
4851.8			1.0
4852.7			1.0
4853.6			1.0
4854.5			0.9194742102898082
4855.4			0.8648680083666808
4856.3			0.9026771880158558
4857.2			0.9765647240267886
4858.1			0.9915801135541804
4859.0			0.9332855785841984
4859.9			0.8382823250761112
4860.8			0.760608250337116
4861.7			0.7696154161008633
4862.6			0.8554343978420398
4863.5			0.917341149696016
4864.4			0.9326147015986754
4865.3			0.9604107080897868
4866.2			0.9972024147090496
4867.1			1.0015077620967066
4868.0			1.0
4868.9			1.0043752468605962
4869.8			0.9807521486105963
4870.7			0.8971398467604452
4871.6			0.8373402766283109
4872.5			0.8802157248761096
4873.4			0.9660166824326302
4874.3			1.0035376494629704
4875.2			1.0
4876.1			1.0
4877.0			1.0
4877.9			1.0
4878.8			1.0
4879.7			1.0
4880.6			1.0
4881.5			1.0
4882.4			1.0
4883.3			1.0301499670680492
4884.2			0.9953487032464824
4885.1			0.916020339361697
4886.0			0.870962697317271
4886.9			0.8891339926826145
4887.8			0.932622222611634
4888.7			0.9482869731784171
4889.6			0.9062333737731499
4890.5			0.8287845594063492
4891.4			0.8120752006360965
4892.3			0.9054328740030333
4893.2			1.0265719061069605
4894.1			1.103565119234434
4895.0			1.140006516611423
4895.9			1.13945924400918
4896.8			1.117035902946342
4897.7			1.0946460454440952
4898.6			1.0542867176312927
4899.5			0.9963748470740948
4900.4			1.0
4901.3			1.0
4902.2			1.0
4903.1			1.0
4904.0			1.0
4904.9			1.0
4905.8			1.0523806850928927
4906.7			1.047165457758329
4907.6			0.9874116024467163
4908.5			0.9184439750140816
4909.4			0.8678370221345255
4910.3			0.8478477814020488
4911.2			0.8671107757051741
4912.1			0.9077775057518284
4913.0			0.940997587561351
4913.9			0.9668686541043945
4914.8			1.0
4915.7			1.0374366165205993
4916.6			1.0267937238036127
4917.5			0.9529979490859991
4918.4			0.8434961251452493
4919.3			0.7529387683551336
4920.2			0.7361479157757672
4921.1			0.8105535552340417
4922.0			0.9272068403098236
4922.9			1.0010026246975696
4923.8			1.0031325281915324
4924.7			0.9983235330218587
4925.6			1.0
4926.5			1.0
4927.4			1.0
4928.3			1.0
4929.2			1.0
4930.1			1.0
4931.0			1.0
4931.9			1.0
4932.8			1.0
4933.7			1.0
4934.6			1.017797638393676
4935.5			1.0506479046794153
4936.4			1.0054376238800118
4937.3			0.8952768234347314
4938.2			0.8051555623828239
4939.1			0.8004989619573454
4940.0			0.8765629576299426
4940.9			0.9606183706760171
4941.8			0.9956588723610378
4942.7			1.0
4943.6			1.0
4944.5			1.0
4945.4			1.0
4946.3			1.0
4947.2			1.0
4948.1			1.0
4949.0			1.0
4949.9			1.0
4950.8			1.0
4951.7			1.0
4952.6			1.0
4953.5			1.0
4954.4			1.0
4955.3			0.9860563658560701
4956.2			0.8908972305566702
4957.1			0.7610413951020295
4958.0			0.7368629134615603
4958.9			0.8486291595466919
4959.8			0.9655797306080431
4960.7			0.9944049002337015
4961.6			1.0
4962.5			1.0
4963.4			1.0
4964.3			1.0
4965.2			1.0
4966.1			1.0
4967.0			1.0
4967.9			1.0
4968.8			1.0
4969.7			1.0
4970.6			1.0
4971.5			1.0
4972.4			1.0
4973.3			1.0
4974.2			1.0
4975.1			1.0
4976.0			1.0
4976.9			1.0
4977.8			1.0
4978.7			0.9643180082860695
4979.6			0.963522566593735
4980.5			0.9606007319617207
4981.4			0.9111975265919239
4982.3			0.8397461179205082
4983.2			0.8113584751282839
4984.1			0.8358411596611575
4985.0			0.8715515950934066
4985.9			0.9095661453095315
4986.8			0.9607451212123621
4987.7			0.9985166807880448
4988.6			1.0
4989.5			1.0
4990.4			1.0
4991.3			1.0
4992.2			1.0
4993.1			1.0
4994.0			1.0
4994.9			1.0
4995.8			1.0
4996.7			1.0
4997.6			1.0
4998.5			1.0
4999.4			1.0
5000.3			0.972545356140523
5001.2			0.9775422791901183
5002.1			0.9905789146395896
5003.0			0.9924433681322739
5003.9			0.9708091365790853
5004.8			0.9200308530789041
5005.7			0.8720697855796709
5006.6			0.8900560960531169
5007.5			0.9844726293422787
5008.4			1.0731790099922611
5009.3			1.0888762846126163
5010.2			1.059652715038099
5011.1			1.015240772606197
5012.0			0.9509369699001228
5012.9			0.8870490548448872
5013.8			0.8610738249096068
5014.7			0.8949488780645378
5015.6			0.9623300143921858
5016.5			0.9962824655099254
5017.4			0.9799568152332607
5018.3			0.9655428469103744
5019.2			0.9827456534413912
5020.1			0.9985657166101012
5021.0			0.9825640445915648
5021.9			0.959394950694947
5022.8			0.978560864003549
5023.7			1.0352032714461852
5024.6			1.077139532453612
5025.5			1.0819785187374893
5026.4			1.0479055619497266
5027.3			1.0015475039495798
5028.2			1.0
5029.1			1.0
5030.0			1.0
5030.9			1.0
5031.8			1.0
5032.7			1.0
5033.6			1.0
5034.5			1.0
5035.4			1.0
5036.3			0.9384164944225744
5037.2			0.9482294198258044
5038.1			0.9398262956986998
5039.0			0.8641996540220392
5039.9			0.753114525633388
5040.8			0.6746515115517601
5041.7			0.7015785392852192
5042.6			0.8123971302882617
5043.5			1.0
5044.4			1.0614975491809833
5045.3			1.1057854595610515
5046.2			1.11748518501718
5047.1			1.0569267383397025
5048.0			0.9504882634593266
5048.9			0.8785170588108686
5049.8			0.8724390737723704
5050.7			0.8862589760143376
5051.6			0.8856828170318292
5052.5			0.8931934338872626
5053.4			0.931201492738621
5054.3			0.9803062059366676
5055.2			1.005143165792327
5056.1			1.0
5057.0			1.0
5057.9			1.0
5058.8			1.0
5059.7			1.0
5060.6			1.0
5061.5			1.0
5062.4			1.0
5063.3			0.9573352784664161
5064.2			0.8868573357811598
5065.1			0.8654222765871419
5066.0			0.9182889225081963
5066.9			0.9723601902957593
5067.8			1.0
5068.7			1.0
5069.6			1.0
5070.5			1.0
5071.4			1.0
5072.3			1.0
5073.2			1.0
5074.1			1.0
5075.0			0.9958878331369209
5075.9			0.9840801913134049
5076.8			1.0019828776537199
5077.7			0.9959432169532695
5078.6			0.9074971350779786
5079.5			0.8027987237767561
5080.4			0.7886940753913463
5081.3			0.855412694635996
5082.2			0.9135576238722171
5083.1			0.9305528584603123
5084.0			0.9464596153248487
5084.9			0.9774846112643676
5085.8			0.999614622517816
5086.7			1.0
5087.6			1.0
5088.5			1.0
5089.4			1.0
5090.3			1.0
5091.2			1.0
5092.1			1.0
5093.0			1.0
5093.9			1.0
5094.8			1.0
5095.7			0.9690637918224503
5096.6			0.9333207576425778
5097.5			0.8798139414705926
5098.4			0.8221720596788263
5099.3			0.8204241035660804
5100.2			0.8987837666933667
5101.1			0.9880621834718748
5102.0			1.020199200628163
5102.9			1.0
5103.8			0.9665020667884803
5104.7			0.9540846202368415
5105.6			0.949745635398895
5106.5			0.9246049451856558
5107.4			0.8893039231713679
5108.3			0.8749239571375788
5109.2			0.869987626122319
5110.1			0.8661379337762258
5111.0			0.8893735406672957
5111.9			0.9247443564606048
5112.8			0.9401645179158075
5113.7			0.9512658031425615
5114.6			1.0
5115.5			1.0172979935187343
5116.4			1.0420925669605368
5117.3			1.0729163361274607
5118.2			1.0851093819830526
5119.1			1.0693556348975324
5120.0			1.0346805930666227
5120.9			0.9934382979077347
5121.8			0.9441844053410727
5122.7			0.8790360505453685
5123.6			0.8311122521492305
5124.5			0.8405798180072528
5125.4			0.8843631029939171
5126.3			0.9104490316971287
5127.2			0.9084645614800315
5128.1			0.9000073457616244
5129.0			0.9005646578150132
5129.9			0.9196821756869623
5130.8			0.9596668755473581
5131.7			1.0
5132.6			1.015388658883979
5133.5			1.024134945899425
5134.4			1.050249912814932
5135.3			1.064140847293288
5136.2			1.0281573697935222
5137.1			0.9712540051180026
5138.0			0.9262819176300796
5138.9			0.9034709924460709
5139.8			0.9314437177643313
5140.7			0.9734064252906409
5141.6			0.9456338236724049
5142.5			0.8914562717536944
5143.4			0.9039960511631688
5144.3			0.9449861768655327
5145.2			0.9402099524353573
5146.1			0.9048632764046629
5147.0			0.8820379919190552
5147.9			0.8874866634808347
5148.8			0.9128546762005052
5149.7			0.924802470519912
5150.6			0.9070814688075901
5151.5			0.8863251651322271
5152.4			0.8824481545227116
5153.3			0.888020194533229
5154.2			0.9063112875053219
5155.1			0.9420365972392714
5156.0			0.9813367133505602
5156.9			1.0125242347911345
5157.8			1.0264026415074456
5158.7			1.0199187954955953
5159.6			1.0173915800899012
5160.5			1.0220598566420804
5161.4			0.9990298256748603
5162.3			1.0
5163.2			1.0
5164.1			1.0
5165.0			1.0
5165.9			1.0
5166.8			1.0
5167.7			1.0
5168.6			1.0
5169.5			1.144027733432892
5170.4			1.148669581203026
5171.3			0.9456473895112385
5172.2			0.7213951950125908
5173.1			0.7001701484809758
5174.0			0.8676171271499201
5174.9			1.0205102566466655
5175.8			1.0
5176.7			1.0
5177.6			1.0
5178.5			1.0
5179.4			1.0
5180.3			0.96432360703894
5181.2			0.8883659587537632
5182.1			0.7432840961173546
5183.0			0.5848585362229938
5183.9			0.5555448685874657
5184.8			0.7002269621181291
5185.7			0.8874334334327053
5186.6			0.989712113801712
5187.5			1.0
5188.4			0.9998999076974766
5189.3			1.0327514787253667
5190.2			1.0391829489237165
5191.1			0.9439703980150246
5192.0			0.8289790327665492
5192.9			0.8201780197771373
5193.8			0.8849376072136997
5194.7			0.9189521386356545
5195.6			0.9261195395674079
5196.5			0.9569677920090098
5197.4			1.0014877063990548
5198.3			1.0
5199.2			1.0
5200.1			1.0
5201.0			1.0
5201.9			0.9888294727317765
5202.8			0.9777188623152859
5203.7			0.9307921716636897
5204.6			0.8392066192028259
5205.5			0.7719941451665497
5206.4			0.769061428982497
5207.3			0.7700805359848354
5208.2			0.7465063818287969
5209.1			0.762028870396717
5210.0			0.833295228941854
5210.9			0.9137828305105693
5211.8			0.982716094582123
5212.7			1.030392644713859
5213.6			1.0392484001617115
5214.5			1.0006675123039797
5215.4			1.0
5216.3			1.0
5217.2			1.0
5218.1			1.0
5219.0			1.0
5219.9			1.0
5220.8			1.0
5221.7			1.0
5222.6			0.9626636333123947
5223.5			0.8967666266426703
5224.4			0.8207549389185793
5225.3			0.7502444401083881
5226.2			0.6997150955245415
5227.1			0.7158932842171123
5228.0			0.823944335643064
5228.9			0.9444997364554621
5229.8			0.9997261377409448
5230.7			1.0
5231.6			1.0
5232.5			1.0
5233.4			1.0
5234.3			1.0
5235.2			1.0
5236.1			1.0
5237.0			1.0
5237.9			1.0
5238.8			1.0
5239.7			1.0
5240.6			1.0088147170287656
5241.5			1.0193691447267925
5242.4			1.0160875581873967
5243.3			1.0247315369125907
5244.2			1.055882412368792
5245.1			1.0499594749970897
5246.0			0.9628766673523124
5246.9			0.8664347011239637
5247.8			0.8543467049392852
5248.7			0.8867582126790976
5249.6			0.8718673257862841
5250.5			0.8374958916652946
5251.4			0.8595262402528515
5252.3			0.9174912062610688
5253.2			0.9419312818100115
5254.1			0.9083997919008602
5255.0			0.8715666226390956
5255.9			0.9112156595483446
5256.8			1.0069002721344567
5257.7			1.0711808113699723
5258.6			1.079263514987633
5259.5			1.0
5260.4			0.9512684247208307
5261.3			0.8866110825888439
5262.2			0.8118631342103357
5263.1			0.7443196919707115
5264.0			0.6962699464229298
5264.9			0.6600016791586399
5265.8			0.6526519016425584
5266.7			0.7104730873587308
5267.6			0.7668032146897167
5268.5			0.7069333618846869
5269.4			0.5916981014211967
5270.3			0.5948340398371967
5271.2			0.7261296863989068
5272.1			0.8401569636227014
5273.0			0.8684452079405677
5273.9			0.8515038382779347
5274.8			0.8245030544010409
5275.7			0.8258233825716983
5276.6			0.8903795279210663
5277.5			0.9713116147218731
5278.4			1.0
5279.3			0.9729285461494157
5280.2			0.9208250039859195
5281.1			0.8786735332914388
5282.0			0.8553221689764838
5282.9			0.833337853482354
5283.8			0.8278156087357394
5284.7			0.8833722621200154
5285.6			0.9794495167097951
5286.5			1.0366212335504612
5287.4			1.0274206209993932
5288.3			1.0005952860185061
5289.2			1.0
5290.1			1.0
5291.0			1.0
5291.9			0.9819591395393653
5292.8			0.9477361689099963
5293.7			0.9301171510713274
5294.6			0.9251937026787338
5295.5			0.8917442194453983
5296.4			0.8142484881308452
5297.3			0.7370161121049686
5298.2			0.7302161061989577
5299.1			0.7994557364116814
5300.0			0.8583867536773598
5300.9			0.8588931214076669
5301.8			0.853934466815952
5302.7			0.8903152436072397
5303.6			0.9508371068340068
5304.5			1.0005013335752615
5305.4			1.0
5306.3			1.0
5307.2			1.0
5308.1			1.0
5309.0			1.0
5309.9			1.0
5310.8			1.0
5311.7			1.0
5312.6			1.0
5313.5			1.0
5314.4			1.0
5315.3			1.0
5316.2			1.0
5317.1			1.0
5318.0			1.0
5318.9			1.0
5319.8			1.0
5320.7			1.0
5321.6			1.0
5322.5			1.0
5323.4			1.0
5324.3			1.0
5325.2			1.0082175651869352
5326.1			0.9924309797408573
5327.0			0.8759051771407024
5327.9			0.7314137022566215
5328.8			0.7178248954846587
5329.7			0.8487890070270198
5330.6			0.9803247754734074
5331.5			1.0186345984991858
5332.4			0.9983426157206671
5333.3			1.0
5334.2			1.0
5335.1			1.0
5336.0			1.0
5336.9			1.0
5337.8			0.9943702645613045
5338.7			0.9638217490667703
5339.6			0.8893724252884427
5340.5			0.8336878940430095
5341.4			0.8667479375318008
5342.3			0.9497077946406096
5343.2			1.0009704929424958
5344.1			1.0
5345.0			0.9668737519344017
5345.9			0.9380464315437858
5346.8			0.9346432527356119
5347.7			0.9235132423493478
5348.6			0.8878134427384732
5349.5			0.8742759032035659
5350.4			0.9103546716168758
5351.3			0.9594565859931705
5352.2			0.9797046644498751
5353.1			0.9811085628644585
5354.0			0.9974786262191149
5354.9			1.0
5355.8			1.0
5356.7			1.0
5357.6			1.0
5358.5			1.0
5359.4			1.0
5360.3			1.0
5361.2			1.0
5362.1			1.0
5363.0			1.0
5363.9			1.0
5364.8			1.0
5365.7			1.0
5366.6			1.0
5367.5			0.9886226584423854
5368.4			0.9613083105898678
5369.3			0.8991620162707423
5370.2			0.8137480359374806
5371.1			0.7672487288746774
5372.0			0.8107885501226536
5372.9			0.907417235496756
5373.8			0.97558578434002
5374.7			0.9929499619463183
5375.6			1.0
5376.5			1.0
5377.4			1.0
5378.3			1.0
5379.2			1.0
5380.1			1.0
5381.0			1.0
5381.9			1.0
5382.8			1.0
5383.7			1.0
5384.6			1.0
5385.5			1.0
5386.4			1.0
5387.3			1.0
5388.2			1.0
5389.1			1.0
5390.0			1.0
5390.9			1.0
5391.8			1.0
5392.7			1.0
5393.6			1.0
5394.5			1.0
5395.4			1.0
5396.3			1.0
5397.2			1.0
5398.1			1.0468168991915423
5399.0			1.1234476474050772
5399.9			1.1339036079834357
5400.8			1.1126335124887878
5401.7			1.115761090517089
5402.6			1.1074850372039229
5403.5			1.0327564249113734
5404.4			0.9138588011517651
5405.3			0.8288353106284134
5406.2			0.8304802907970467
5407.1			0.8952116637892386
5408.0			0.9426150892897094
5408.9			0.9249670893967779
5409.8			0.8900402695654156
5410.7			0.9102418512646607
5411.6			0.9719046435795733
5412.5			1.0079938562495878
5413.4			1.0
5414.3			1.0
5415.2			1.0
5416.1			1.0
5417.0			1.0
5417.9			1.0
5418.8			1.0
5419.7			1.0
5420.6			0.9758956786258693
5421.5			0.9919707707313089
5422.4			1.009211849860992
5423.3			0.9807556281277777
5424.2			0.9442766661376152
5425.1			0.9619163667325472
5426.0			1.018125892952143
5426.9			1.0495885305010633
5427.8			1.0082164220825307
5428.7			0.9030525349918763
5429.6			0.8308995660088253
5430.5			0.8640528276701137
5431.4			0.9245129839812525
5432.3			0.9166785226248839
5433.2			0.8677636200409296
5434.1			0.8327740655799691
5435.0			0.8211237201871038
5435.9			0.8322503043380793
5436.8			0.8715149581671704
5437.7			0.9357215104875496
5438.6			0.9972522599211746
5439.5			1.0
5440.4			1.0
5441.3			1.0
5442.2			1.0
5443.1			1.0
5444.0			0.9768974299090477
5444.9			0.9212612756707325
5445.8			0.842567507725588
5446.7			0.7936825593168982
5447.6			0.831778737850804
5448.5			0.9270390204447762
5449.4			0.9998208131705945
5450.3			1.0
5451.2			1.0
5452.1			1.0
5453.0			0.9655152587264421
5453.9			0.9117551073213453
5454.8			0.8471279918350774
5455.7			0.8234696419739055
5456.6			0.8743172863052509
5457.5			0.9546145962597219
5458.4			1.0014702923833108
5459.3			1.0
5460.2			1.0
5461.1			1.0
5462.0			1.0
5462.9			1.0
5463.8			1.0
5464.7			1.0
5465.6			1.0
5466.5			1.0
5467.4			1.0
5468.3			1.0
5469.2			1.0
5470.1			0.9768919705043854
5471.0			0.9791297706608371
5471.9			0.9951686527697161
5472.8			0.9875463704873935
5473.7			0.9740802940743943
5474.6			0.9759320048287262
5475.5			0.947608300954496
5476.4			0.8900311927907751
5477.3			0.8972809954150021
5478.2			0.9912139420601153
5479.1			1.0664645758382814
5480.0			1.0461563790967288
5480.9			0.9772747168023265
5481.8			0.9565339028715718
5482.7			1.0
5483.6			1.0603641469969507
5484.5			1.1131529018417166
5485.4			1.125953884498302
5486.3			1.0761515922778173
5487.2			1.004622762926194
5488.1			0.9767903190175026
5489.0			0.9898122045587502
5489.9			0.9993983762424886
5490.8			1.0059254111684175
5491.7			1.0136339536057626
5492.6			0.9958359925862124
5493.5			1.0
5494.4			1.0
5495.3			1.0
5496.2			1.0
5497.1			1.0
5498.0			1.0
5498.9			1.0
5499.8			1.0
5500.7			1.0
5501.6			1.0
5502.5			1.0
5503.4			1.0
5504.3			1.0
5505.2			1.0
5506.1			1.0
5507.0			1.0033331648958117
5507.9			1.045017429793342
5508.8			1.0640312267440517
5509.7			1.0435971534473294
5510.6			1.0045935674052635
5511.5			0.9523965866877211
5512.4			0.9073272630256262
5513.3			0.8965001374450592
5514.2			0.9090812158366253
5515.1			0.9224060683797383
5516.0			0.9305195354758204
5516.9			0.9468110556952164
5517.8			0.9806878472646533
5518.7			1.0068783135628192
5519.6			0.9979195522940609
5520.5			1.0
5521.4			1.0
5522.3			1.0
5523.2			1.0
5524.1			1.0
5525.0			0.9911496696226785
5525.9			0.9756713517951695
5526.8			0.9478849921100366
5527.7			0.9145644157396471
5528.6			0.911726244782799
5529.5			0.9536038773657736
5530.4			0.9988501431915097
5531.3			1.0104918167997579
5532.2			1.001092920592982
5533.1			1.0
5534.0			1.0
5534.9			1.0
5535.8			1.0
5536.7			1.0
5537.6			1.0
5538.5			1.0
5539.4			1.0
5540.3			1.0
5541.2			1.0
5542.1			1.0
5543.0			1.0
5543.9			1.0
5544.8			1.0
5545.7			1.0
5546.6			1.0
5547.5			1.0
5548.4			1.0
5549.3			1.0
5550.200000000001			1.0
5551.1			1.0
5552.0			1.0
5552.9			1.0
5553.8			1.0
5554.700000000001			1.0
5555.6			1.0
5556.5			1.0
5557.4			1.0
5558.3			1.0
5559.200000000001			1.0
5560.1			1.0
5561.0			1.0
5561.9			1.0
5562.8			1.0
5563.700000000001			1.0
5564.6			1.0
5565.5			1.0
5566.4			1.0
5567.3			1.0
5568.200000000001			1.0
5569.1			1.0
5570.0			1.0
5570.9			1.0
5571.8			1.0
5572.700000000001			1.0
5573.6			1.0
5574.5			1.0
5575.4			1.0
5576.3			1.0
5577.200000000001			1.0
5578.1			0.9976341821599147
5579.0			0.9927588464268828
5579.9			1.0070923985436564
5580.8			1.0124241465786328
5581.700000000001			0.9963053742560906
5582.6			0.9860394903654849
5583.5			0.9808772417756889
5584.4			0.9628580718147838
5585.3			0.9299033581002862
5586.200000000001			0.8879870127404921
5587.1			0.8518008112111524
5588.0			0.8415449618252526
5588.9			0.8584742319387788
5589.8			0.8905410939289017
5590.700000000001			0.9182919354993172
5591.6			0.9264780224384234
5592.5			0.9205758206423507
5593.4			0.9161563307068604
5594.3			0.9308895415395162
5595.200000000001			0.9808189890709399
5596.1			1.0336714641274363
5597.0			1.0
5597.9			0.9584670252660958
5598.8			0.9231237859559591
5599.700000000001			0.9059339676774577
5600.6			0.8835925301730492
5601.5			0.8535204690046022
5602.4			0.8417145606046483
5603.3			0.8707750109505374
5604.200000000001			0.926477606335704
5605.1			0.9733762927920742
5606.0			0.997289595234913
5606.9			1.0007745485275885
5607.8			1.0
5608.700000000001			1.0
5609.6			1.0
5610.5			1.0
5611.4			1.0
5612.3			1.0
5613.200000000001			1.0
5614.1			0.9334658905950773
5615.0			0.8638426816695616
5615.9			0.868343760708507
5616.8			0.9389279301216016
5617.700000000001			0.9926994784356437
5618.6			1.0
5619.5			1.0
5620.4			1.0
5621.3			1.0307070560530125
5622.200000000001			1.0329796763654109
5623.1			0.9837455370443176
5624.0			0.9103324057333441
5624.9			0.8738331247074708
5625.8			0.896760180455268
5626.700000000001			1.0
5627.6			1.0373774882356004
5628.5			1.0738161202308372
5629.4			1.1152439846024826
5630.3			1.136051911121004
5631.200000000001			1.1290280456326742
5632.1			1.1092009480726646
5633.0			1.0861925221366289
5633.9			1.0639128536798454
5634.8			1.0438082196537373
5635.700000000001			1.0209692024028236
5636.6			1.0000325610609513
5637.5			0.9959989231695908
5638.4			1.010655386993481
5639.3			1.020573223972067
5640.200000000001			1.0038086397974346
5641.1			0.9759210695299376
5642.0			0.9733145378518117
5642.9			0.9938857814030821
5643.8			1.011763474201917
5644.700000000001			1.0157802386472234
5645.6			1.0118698391180703
5646.5			1.0112538032558707
5647.4			1.0125676807162873
5648.3			1.0036036873053613
5649.200000000001			0.9931142911117246
5650.1			1.0035936755021104
5651.0			1.0
5651.9			1.0229349160311598
5652.8			1.0137181563864077
5653.700000000001			0.9797890162872049
5654.6			0.9595250046799992
5655.5			0.9736543661201971
5656.4			0.9778018253310649
5657.3			0.9262713500687297
5658.200000000001			0.8642272801583483
5659.1			0.8686704653501907
5660.0			0.9249735539704872
5660.9			0.9567697322631107
5661.8			0.9480078225627736
5662.700000000001			0.9439210926646875
5663.6			0.9681324732012492
5664.5			0.9994178799546413
5665.4			1.0
5666.3			1.0
5667.200000000001			1.0
5668.1			1.0
5669.0			1.0
5669.9			1.0
5670.8			1.0
5671.700000000001			1.0
5672.6			1.0
5673.5			1.0
5674.4			1.0
5675.3			1.0
5676.200000000001			1.0
5677.1			1.0
5678.0			1.0
5678.9			1.0
5679.8			1.0
5680.700000000001			1.0
5681.6			1.0
5682.5			1.0
5683.4			1.0016765666012362
5684.3			1.016996322069122
5685.200000000001			1.0080900582054808
5686.1			0.9689264009863353
5687.0			0.9324571369705272
5687.9			0.9231288979060582
5688.8			0.9373828446327112
5689.700000000001			0.9598021580149926
5690.6			0.9767926235492298
5691.5			0.9870851754620319
5692.4			0.9920951242898448
5693.3			1.0
5694.200000000001			1.0
5695.1			1.0
5696.0			1.0
5696.9			1.0
5697.8			1.0
5698.700000000001			1.0
5699.6			1.0
5700.5			0.9759229567718481
5701.4			0.9493805842062835
5702.3			0.9528773659251857
5703.200000000001			0.9825027592992823
5704.1			1.00231937910879
5705.0			0.9877370979675033
5705.9			0.9487953106952507
5706.8			0.9079499934281455
5707.700000000001			0.8740270830281731
5708.6			0.8600688423234594
5709.5			0.8763504816457918
5710.4			0.8943801298116604
5711.3			0.8911967606809229
5712.200000000001			0.9012103353735688
5713.1			0.9412341478064403
5714.0			0.9789192835806688
5714.9			0.9949202674117174
5715.8			0.9996755236655156
5716.700000000001			0.999851189107573
5717.6			1.0
5718.5			1.0
5719.4			1.0
5720.3			1.0
5721.200000000001			1.0
5722.1			1.0
5723.0			1.0
5723.9			1.0
5724.8			1.0
5725.700000000001			1.0
5726.6			1.0
5727.5			1.0
5728.4			1.0
5729.3			1.0170217140421465
5730.200000000001			0.9867985378038251
5731.1			0.9383083583751755
5732.0			0.9304156667847496
5732.9			0.9656501406235217
5733.8			0.9965569544892096
5734.700000000001			0.995402427026511
5735.6			1.0
5736.5			1.0
5737.4			1.0
5738.3			1.0
5739.200000000001			1.0
5740.1			1.0
5741.0			1.0
5741.9			1.0
5742.8			1.0
5743.700000000001			1.0
5744.6			1.0
5745.5			1.0
5746.4			1.0
5747.3			1.0
5748.200000000001			1.0
5749.1			1.0
5750.0			1.0273337021689688
5750.9			1.028749702146338
5751.8			0.9847530602260852
5752.700000000001			0.9196144524226301
5753.6			0.8769907326082135
5754.5			0.889725302009025
5755.4			0.9424648513903909
5756.3			0.984308271813214
5757.200000000001			0.9920559036537183
5758.1			1.0
5759.0			1.0
5759.9			1.0
5760.8			1.0
5761.700000000001			1.0
5762.6			1.0
5763.5			1.0
5764.4			1.0
5765.3			1.0
5766.200000000001			1.0
5767.1			1.0
5768.0			1.0
5768.9			1.0
5769.8			1.0
5770.700000000001			1.0
5771.6			1.0
5772.5			1.0
5773.4			1.0
5774.3			1.0
5775.200000000001			1.0
5776.1			1.0
5777.0			1.0
5777.9			1.0039516422177077
5778.8			0.9862807088655078
5779.700000000001			0.9329295491275561
5780.6			0.866796505293329
5781.5			0.837716455037269
5782.4			0.8565478051266362
5783.3			0.8770203275561654
5784.200000000001			0.8635022578153007
5785.1			0.8470001891765195
5786.0			0.8747404126107212
5786.9			0.9331670970738698
5787.8			0.9811852213864533
5788.700000000001			1.0029923064553476
5789.6			0.9969103215384745
5790.5			0.9779687335078168
5791.4			0.9768944897373095
5792.3			0.9974675040203447
5793.200000000001			1.0
5794.1			1.0
5795.0			1.0
5795.9			0.9920649376005978
5796.8			0.9493335061481198
5797.700000000001			0.9203108619625286
5798.6			0.9441149774280834
5799.5			0.9983966968171153
5800.4			1.0
5801.3			1.0
5802.200000000001			1.0
5803.1			1.0
5804.0			1.0
5804.9			1.0
5805.8			1.0
5806.700000000001			1.0
5807.6			1.0
5808.5			1.0
5809.4			1.0
5810.3			1.0
5811.200000000001			1.0
5812.1			1.0
5813.0			0.992453182568889
5813.9			0.9736838432189564
5814.8			0.94099343274264
5815.700000000001			0.9146474415781876
5816.6			0.9203249714949711
5817.5			0.9590914973683748
5818.4			1.0019429088066643
5819.3			1.0
5820.200000000001			1.0
5821.1			1.0
5822.0			1.0
5822.9			1.0
5823.8			1.0
5824.700000000001			1.0
5825.6			1.0
5826.5			1.0
5827.4			1.0
5828.3			1.0
5829.200000000001			1.0
5830.1			1.0
5831.0			1.0
5831.9			1.0
5832.8			1.0
5833.700000000001			1.0
5834.6			1.0
5835.5			1.0
5836.4			1.0
5837.3			1.0
5838.200000000001			1.0
5839.1			1.0
5840.0			1.0
5840.9			1.0
5841.8			1.0
5842.700000000001			1.0
5843.6			1.0
5844.5			1.0
5845.4			1.0
5846.3			1.0
5847.200000000001			1.0
5848.1			1.0
5849.0			1.0
5849.9			1.0
5850.8			1.0
5851.700000000001			1.0
5852.6			1.0
5853.5			0.9958009377831701
5854.4			1.0132165145314105
5855.3			1.0208590573007428
5856.200000000001			0.996192692076795
5857.1			0.9516292077342634
5858.0			0.928019273827682
5858.9			0.9426088037431467
5859.8			0.9761695896099042
5860.700000000001			1.001837709919794
5861.6			1.0052633162135185
5862.5			0.9979606463216222
5863.4			1.0
5864.3			1.0
5865.200000000001			1.0
5866.1			1.0
5867.0			1.0
5867.9			1.0
5868.8			1.0
5869.700000000001			1.0
5870.6			1.0
5871.5			1.0
5872.4			1.0
5873.3			1.0
5874.200000000001			1.0
5875.1			1.0
5876.0			1.0
5876.9			1.0
5877.8			1.0
5878.700000000001			1.0
5879.6			1.0
5880.5			1.0
5881.4			1.0
5882.3			1.0
5883.200000000001			1.0
5884.1			1.0
5885.0			1.0
5885.9			1.0420703180406756
5886.8			1.048862226118231
5887.700000000001			0.9736872557959438
5888.6			0.8101679381121041
5889.5			0.6566366983974272
5890.4			0.6567442211242256
5891.3			0.8106159341285852
5892.200000000001			0.9877679505420446
5893.1			1.1009411844210315
5894.0			1.1135183536099547
5894.9			1.0171384251855802
5895.8			1.0
5896.700000000001			1.0
5897.6			1.0
5898.5			1.0
5899.4			1.0
5900.3			1.0
5901.200000000001			1.0
5902.1			1.0
5903.0			1.0
5903.9			1.0
5904.8			1.0
5905.700000000001			1.0
5906.6			1.0
5907.5			1.0
5908.4			1.0
5909.3			1.0
5910.200000000001			1.0
5911.1			1.0161721116075206
5912.0			1.0123787351182343
5912.9			0.9820946429596206
5913.8			0.9443287164951527
5914.700000000001			0.9186039304358223
5915.6			0.9112991883285891
5916.5			0.9251456364608353
5917.4			0.9483586281049641
5918.3			0.9641313158068184
5919.200000000001			0.9807092986004645
5920.1			0.9999466430918876
5921.0			1.0
5921.9			1.0
5922.8			1.0
5923.700000000001			1.0
5924.6			1.0
5925.5			1.0
5926.4			1.0
5927.3			1.0
5928.200000000001			1.0
5929.1			1.0
5930.0			1.0
5930.9			1.0
5931.8			1.0
5932.700000000001			1.0
5933.6			1.0
5934.5			1.0
5935.4			1.0
5936.3			1.0
5937.200000000001			1.0
5938.1			1.0069501373987866
5939.0			1.00936517545633
5939.9			0.9881710438630408
5940.8			0.9532855401038852
5941.700000000001			0.9383049369920006
5942.6			0.9517526434003875
5943.5			0.9726452011008607
5944.4			0.9873511311373023
5945.3			0.9997529069776786
5946.200000000001			1.0
5947.1			1.0
5948.0			1.0
5948.9			1.0
5949.8			1.0
5950.700000000001			1.0
5951.6			1.0
5952.5			1.0
5953.4			1.0
5954.3			1.0
5955.200000000001			1.0
5956.1			1.0
5957.0			1.0
5957.9			1.0
5958.8			1.0
5959.700000000001			1.0
5960.6			1.0
5961.5			1.0
5962.4			1.0
5963.3			1.0
5964.200000000001			1.0
5965.1			1.0
5966.0			1.0
5966.9			1.0
5967.8			1.0
5968.700000000001			1.0
5969.6			1.0
5970.5			1.0
5971.4			1.0
5972.3			1.0
5973.200000000001			1.0
5974.1			1.0
5975.0			1.0
5975.9			1.0
5976.8			1.0
5977.700000000001			1.0
5978.6			1.0
5979.5			1.0288094259212996
5980.4			1.0479374826335752
5981.3			1.046164064315157
5982.200000000001			1.0188377059606473
5983.1			0.9702038347465558
5984.0			0.934972037187425
5984.9			0.9415147869658278
5985.8			0.9699538622774524
5986.700000000001			0.986967397082041
5987.6			0.9931485368016761
5988.5			1.0008895453528792
5989.4			1.0
5990.3			1.0
5991.200000000001			1.0
5992.1			1.0
5993.0			1.0
5993.9			1.0
5994.8			1.0
5995.700000000001			1.0
5996.6			1.0
5997.5			1.0
5998.4			1.0
5999.3			1.0
6000.200000000001			1.0
6001.1			1.0
6002.0			1.0
6002.9			1.0
6003.8			1.0
6004.700000000001			1.0
6005.6			0.9844873670822986
6006.5			0.9539167686469076
6007.4			0.9227716899833238
6008.3			0.9190501369561024
6009.200000000001			0.9562999172499155
6010.1			0.9960326879723285
6011.0			0.9997709044394248
6011.9			1.0
6012.8			1.0
6013.700000000001			1.0
6014.6			1.0
6015.5			1.0
6016.4			1.0
6017.3			1.0
6018.200000000001			1.0
6019.1			1.0
6020.0			1.0
6020.9			1.0
6021.8			1.0
6022.700000000001			1.0
6023.6			1.0
6024.5			1.0
6025.4			1.0
6026.3			1.0
6027.200000000001			1.0
6028.1			1.0
6029.0			1.0
6029.9			1.0
6030.8			1.0
6031.700000000001			1.0
6032.6			1.0
6033.5			1.0
6034.4			1.0
6035.3			1.0
6036.200000000001			1.0
6037.1			1.0
6038.0			1.0
6038.9			1.0
6039.8			1.0
6040.700000000001			1.0
6041.6			1.0
6042.5			1.0
6043.4			1.0
6044.3			1.0
6045.200000000001			1.0
6046.1			1.0
6047.0			1.0
6047.9			1.0
6048.8			1.0
6049.700000000001			1.0
6050.6			1.0
6051.5			1.0
6052.4			1.0
6053.3			1.0
6054.200000000001			1.0
6055.1			1.0
6056.0			1.0
6056.9			1.0
6057.8			1.0
6058.700000000001			1.0
6059.6			1.0
6060.5			1.0
6061.4			0.9848645817862464
6062.3			0.9631631841841725
6063.200000000001			0.9438431711440386
6064.1			0.919069418071919
6065.0			0.8961676529300143
6065.9			0.9099150048794172
6066.8			0.9567415674719246
6067.700000000001			0.9939264973990759
6068.6			1.0002953389968272
6069.5			1.0
6070.4			1.0
6071.3			1.0
6072.200000000001			1.0
6073.1			1.0
6074.0			1.0
6074.9			1.0
6075.8			1.0
6076.700000000001			1.0
6077.6			1.0
6078.5			1.0
6079.4			1.0
6080.3			1.0
6081.200000000001			1.0
6082.1			1.0
6083.0			1.0
6083.9			1.0
6084.8			1.0
6085.700000000001			1.0
6086.6			1.0
6087.5			1.0
6088.4			1.0
6089.3			1.0
6090.200000000001			1.0
6091.1			1.0
6092.0			1.0
6092.9			1.0
6093.8			1.0
6094.700000000001			1.0
6095.6			1.0
6096.5			1.0
6097.4			1.0
6098.3			1.0
6099.200000000001			1.0
6100.1			1.0124263041767934
6101.0			0.9818754616473431
6101.9			0.9170447014349922
6102.8			0.880916522359493
6103.700000000001			0.9134972037409943
6104.6			0.9716941770932143
6105.5			1.0013530172417953
6106.4			1.0
6107.3			1.0
6108.200000000001			1.0
6109.1			1.0
6110.0			1.0
6110.9			1.0
6111.8			1.0
6112.700000000001			1.0
6113.6			1.0
6114.5			1.0
6115.4			1.0
6116.3			1.0
6117.200000000001			1.0
6118.1			1.0067317524804391
6119.0			0.9883562230234879
6119.9			0.957083891501177
6120.8			0.9291945828730476
6121.700000000001			0.912604037665094
6122.6			0.9298653484236011
6123.5			0.9763920518689739
6124.4			1.0067389917562286
6125.3			0.9998689724791143
6126.200000000001			1.0
6127.1			1.0
6128.0			1.0
6128.9			1.0
6129.8			1.0
6130.700000000001			1.0
6131.6			1.0
6132.5			1.0
6133.4			1.0
6134.3			0.9524529945754778
6135.200000000001			0.8841395907511355
6136.1			0.8067680100669643
6137.0			0.7703478031695647
6137.9			0.8223838552860891
6138.8			0.9280625682401653
6139.700000000001			1.0000201038660026
6140.6			1.0
6141.5			1.0
6142.4			1.0
6143.3			1.0
6144.200000000001			1.0
6145.1			1.0
6146.0			1.0
6146.9			1.0
6147.8			1.0
6148.700000000001			1.0
6149.6			1.0
6150.5			1.0
6151.4			1.0
6152.3			1.0
6153.200000000001			1.0
6154.1			1.0
6155.0			1.0
6155.9			1.0
6156.8			1.0
6157.700000000001			1.0
6158.6			1.0059933118303142
6159.5			0.9876220170000379
6160.4			0.9251305234627573
6161.3			0.8548838582490437
6162.200000000001			0.8337024033468129
6163.1			0.8688583847532967
6164.0			0.92642112302342
6164.9			0.971931965849196
6165.8			0.9994169268814941
6166.700000000001			1.0
6167.6			1.0
6168.5			1.0
6169.4			1.0
6170.3			1.0
6171.200000000001			1.0
6172.1			1.0
6173.0			1.0
6173.9			1.0
6174.8			1.0
6175.700000000001			1.0
6176.6			1.0
6177.5			1.0
6178.4			1.0
6179.3			1.0
6180.200000000001			1.0
6181.1			1.0
6182.0			1.0
6182.9			1.0
6183.8			1.0
6184.700000000001			1.0
6185.6			1.0
6186.5			1.0
6187.4			0.977422545653967
6188.3			0.9689264333255366
6189.200000000001			0.960201772944268
6190.1			0.9258342095366434
6191.0			0.8799344948321882
6191.9			0.881967453657037
6192.8			0.9377729142272553
6193.700000000001			0.9870538093251641
6194.6			0.9993534582503218
6195.5			1.0
6196.4			1.0
6197.3			0.9963690403196964
6198.200000000001			0.964337542681505
6199.1			0.9215158363911187
6200.0			0.9108483118298903
6200.9			0.940896738882563
6201.8			0.9786858414377403
6202.700000000001			1.0003939125438337
6203.6			1.0
6204.5			1.0
6205.4			1.0
6206.3			1.0
6207.200000000001			1.0
6208.1			1.0
6209.0			1.0
6209.9			1.0
6210.8			0.9943179388578893
6211.700000000001			0.9785211780661848
6212.6			0.9427076106948514
6213.5			0.9046713422869209
6214.4			0.893598687521973
6215.3			0.9119780713698603
6216.200000000001			0.950700675424931
6217.1			0.9931589344760966
6218.0			1.006991544181546
6218.9			1.0
6219.8			1.0
6220.700000000001			1.0
6221.6			1.0
6222.5			1.0
6223.4			1.0
6224.3			1.0
6225.200000000001			1.0
6226.1			1.0
6227.0			1.0094888759162168
6227.9			1.004516000692081
6228.8			0.9658070693026203
6229.700000000001			0.9044662039365382
6230.6			0.870625661542218
6231.5			0.8847428705613555
6232.4			0.9182661475541554
6233.3			0.9562716632401969
6234.200000000001			1.002206654373158
6235.1			1.0
6236.0			1.0
6236.9			0.9880294373123301
6237.8			0.9577298148866302
6238.700000000001			0.9177389131568345
6239.6			0.8884623239977439
6240.5			0.8899657188651635
6241.4			0.9017594334771443
6242.3			0.8894518769578041
6243.200000000001			0.873328485852745
6244.1			0.8866770518344675
6245.0			0.9130950592421567
6245.9			0.9359828267879782
6246.8			0.9654984454350328
6247.700000000001			1.0
6248.6			1.0049241223717398
6249.5			0.9993615677508627
6250.4			0.9851851491194635
6251.3			0.950028506849881
6252.200000000001			0.9119313281255178
6253.1			0.8993728081142212
6254.0			0.9072421331063866
6254.9			0.9084722609700095
6255.8			0.8937237835338625
6256.700000000001			0.8711631498328886
6257.6			0.8513749396981947
6258.5			0.8547420921143132
6259.4			0.8939198778427981
6260.3			0.9413073553502043
6261.200000000001			0.9735730074560649
6262.1			1.0051611858131382
6263.0			1.03522712910429
6263.9			1.0319321676195456
6264.8			0.9963683931822919
6265.700000000001			0.9796971500885419
6266.6			0.999046577216934
6267.5			1.0
6268.4			1.0
6269.3			1.0
6270.200000000001			1.0
6271.1			1.0
6272.0			1.0
6272.9			1.0
6273.8			1.0
6274.700000000001			1.0
6275.6			1.0
6276.5			1.0
6277.4			1.0
6278.3			1.0
6279.200000000001			1.0
6280.1			1.0
6281.0			1.0
6281.9			1.0
6282.8			1.0
6283.700000000001			1.0
6284.6			1.0
6285.5			1.0
6286.4			1.0
6287.3			1.0
6288.200000000001			1.0
6289.1			1.0
6290.0			1.0
6290.9			1.0
6291.8			0.9868914059858849
6292.700000000001			0.99129680684497
6293.6			1.0096454532616361
6294.5			1.022803785492594
6295.4			1.006663531764394
6296.3			0.9685170752411324
6297.200000000001			0.9459160703758293
6298.1			0.9544971627360074
6299.0			0.974077560271923
6299.9			0.977062824223611
6300.8			0.960950674979192
6301.700000000001			0.9478855223713233
6302.6			0.9549380621122641
6303.5			0.9736757605501131
6304.4			0.9836089174718129
6305.3			0.9881344019740779
6306.200000000001			1.013058999676282
6307.1			1.053009198993471
6308.0			1.0782419669405554
6308.9			1.073055701120187
6309.8			1.0446653588482877
6310.700000000001			1.0
6311.6			0.9829027456041526
6312.5			0.9862285201209642
6313.4			0.9828676922935272
6314.3			0.9597029453585995
6315.200000000001			0.9427775028730735
6316.1			0.943608152471459
6317.0			0.9334022897943922
6317.9			0.908303742070491
6318.8			0.9033216874119481
6319.700000000001			0.9299452464109432
6320.6			0.9622333374405099
6321.5			0.9751567339182596
6322.4			0.976169795892927
6323.3			0.9826730918606938
6324.200000000001			0.9976404921055763
6325.1			1.0064688910183341
6326.0			0.9981558428944296
6326.9			1.0
6327.8			1.0
6328.700000000001			1.0
6329.6			1.0
6330.5			1.0
6331.4			1.0
6332.3			1.0
6333.200000000001			1.0091289712935552
6334.1			0.978959396676526
6335.0			0.9288187477378825
6335.9			0.9100675588841431
6336.8			0.9404993364268398
6337.700000000001			0.9822429212897292
6338.6			1.000405925922874
6339.5			1.0
6340.4			1.0
6341.3			1.0
6342.200000000001			1.0
6343.1			1.0
6344.0			1.0
6344.9			1.0
6345.8			1.0
6346.700000000001			1.0
6347.6			1.0
6348.5			1.0
6349.4			1.0
6350.3			1.0
6351.200000000001			1.0
6352.1			1.0
6353.0			0.9814553260680338
6353.9			0.9479726253220556
6354.8			0.9308635319525361
6355.700000000001			0.945768806907517
6356.6			0.957987668277418
6357.5			0.9340029410176944
6358.4			0.8957621215948729
6359.3			0.8811599112376608
6360.200000000001			0.8830247405469898
6361.1			0.8762728854971261
6362.0			0.8651646275237711
6362.9			0.8703994803824626
6363.8			0.894893625369522
6364.700000000001			0.9237997419940821
6365.6			0.9451732213902408
6366.5			0.9661961797916011
6367.4			0.9919056528886596
6368.3			1.0089369488200697
6369.200000000001			1.0043003244254287
6370.1			0.9926770362704337
6371.0			0.9999825336955315
6371.9			1.0
6372.8			1.0
6373.700000000001			1.0
6374.6			1.0
6375.5			1.0
6376.4			1.0
6377.3			1.0
6378.200000000001			1.0
6379.1			1.0
6380.0			1.0
6380.9			1.0
6381.8			1.0
6382.700000000001			1.0
6383.6			1.0
6384.5			1.0
6385.4			1.0
6386.3			1.0
6387.200000000001			1.0
6388.1			1.0
6389.0			1.0
6389.9			1.0
6390.8			0.9884073420296808
6391.700000000001			0.944097206225842
6392.6			0.8945115745044133
6393.5			0.882897352348762
6394.4			0.9167941810070572
6395.3			0.9645647957326938
6396.200000000001			0.9993170955818322
6397.1			1.0
6398.0			1.0
6398.9			1.0
6399.8			1.0
6400.700000000001			1.0
6401.6			1.0
6402.5			1.0
6403.4			1.0
6404.3			1.0
6405.200000000001			1.0
6406.1			1.0
6407.0			1.0
6407.9			1.0
6408.8			1.0
6409.700000000001			1.0
6410.6			1.0
6411.5			1.0
6412.4			1.0
6413.3			1.0
6414.200000000001			1.0
6415.1			1.0
6416.0			1.0
6416.9			1.0
6417.8			0.980958566554048
6418.700000000001			0.9501501556992629
6419.6			0.9186604056022296
6420.5			0.9088623167363784
6421.4			0.9334343531012258
6422.3			0.9760842000124059
6423.200000000001			1.001611615334779
6424.1			1.0
6425.0			1.0
6425.9			1.0
6426.8			1.0
6427.700000000001			1.0
6428.6			0.9880093850628419
6429.5			0.9391912535100643
6430.4			0.8923071799695359
6431.3			0.8909660324199474
6432.200000000001			0.9304038254320893
6433.1			0.9736645989572682
6434.0			0.9980297559137197
6434.9			1.0
6435.8			1.0
6436.700000000001			1.0
6437.6			1.0
6438.5			1.0
6439.4			1.0
6440.3			1.0
6441.200000000001			1.0
6442.1			1.0
6443.0			1.0
6443.9			1.0
6444.8			1.0
6445.700000000001			1.0
6446.6			1.008416429449434
6447.5			0.9794748313596425
6448.4			0.9079574991734893
6449.3			0.8355920734866363
6450.200000000001			0.8235888466124854
6451.1			0.8770279902664998
6452.0			0.9482730177030659
6452.9			0.9970424712331338
6453.8			1.0065527399864154
6454.700000000001			1.0
6455.6			1.0
6456.5			1.0
6457.4			1.0
6458.3			1.0
6459.200000000001			1.0
6460.1			1.005345527828342
6461.0			0.9719866695019229
6461.9			0.9199884771072958
6462.8			0.8988795239049512
6463.700000000001			0.9251610115351174
6464.6			0.9681292987598938
6465.5			1.003496548583228
6466.4			1.0
6467.3			1.0
6468.200000000001			1.0
6469.1			1.0
6470.0			1.0
6470.9			1.0
6471.8			1.0
6472.700000000001			1.0
6473.6			1.0
6474.5			1.0
6475.4			1.0
6476.3			1.0
6477.200000000001			1.0
6478.1			1.0
6479.0			1.0
6479.9			1.0
6480.8			1.0
6481.700000000001			1.0
6482.6			1.0
6483.5			1.0
6484.4			1.0
6485.3			1.0
6486.200000000001			1.0
6487.1			1.0
6488.0			1.0
6488.9			0.9895120943906391
6489.8			0.9735219369642393
6490.700000000001			0.9675165440856607
6491.6			0.9629364385866118
6492.5			0.9305874205420176
6493.4			0.8670396170815281
6494.3			0.8112212062424621
6495.200000000001			0.7993163010674829
6496.1			0.8235112826881626
6497.0			0.8593334084044315
6497.9			0.8897651183253743
6498.8			0.9115532929674037
6499.700000000001			0.9382470363549154
6500.6			0.9709049791433189
6501.5			0.9973459191465822
6502.4			1.0
6503.3			1.0
6504.200000000001			1.0
6505.1			1.0
6506.0			1.0
6506.9			1.0
6507.8			1.0
6508.700000000001			1.0
6509.6			1.0
6510.5			1.0
6511.4			1.0
6512.3			1.0
6513.200000000001			1.0
6514.1			1.0
6515.0			1.0
6515.9			1.0
6516.8			1.0
6517.700000000001			1.0
6518.6			1.0
6519.5			1.0
6520.4			1.0
6521.3			1.0
6522.200000000001			1.0
6523.1			1.0
6524.0			1.0
6524.9			1.0
6525.8			1.0
6526.700000000001			1.0
6527.6			1.0
6528.5			1.0
6529.4			1.0
6530.3			1.0
6531.200000000001			1.0
6532.1			1.0
6533.0			1.0
6533.9			1.0
6534.8			1.0
6535.700000000001			1.0
6536.6			1.0
6537.5			1.0
6538.4			1.0
6539.3			1.0
6540.200000000001			1.0
6541.1			1.0
6542.0			1.0
6542.9			1.0
6543.8			1.0
6544.700000000001			1.0
6545.6			1.0
6546.5			1.0
6547.4			1.0
6548.3			1.0
6549.200000000001			1.0
6550.1			1.0
6551.0			1.0
6551.9			1.0
6552.8			1.0
6553.700000000001			1.0
6554.6			1.0
6555.5			1.0
6556.4			1.0
6557.3			1.0
6558.200000000001			1.0
6559.1			1.0
6560.0			0.9779095518013148
6560.9			0.890714525151638
6561.8			0.7505607391719213
6562.700000000001			0.6734713299604034
6563.6			0.7447494108123065
6564.5			0.8913955985649263
6565.4			0.9996628224406133
6566.3			1.0
6567.200000000001			1.011327117793889
6568.1			0.9930770067907413
6569.0			0.962517112816161
6569.9			0.9480908066464755
6570.8			0.9482783434663896
6571.700000000001			0.9393328082054759
6572.6			0.9166111960471665
6573.5			0.8976104460480733
6574.4			0.8999956031352788
6575.3			0.9303926349704501
6576.200000000001			0.9765489971967264
6577.1			1.0160471751466982
6578.0			1.0357236189158912
6578.9			1.0294690298011895
6579.8			1.0010488698097841
6580.700000000001			1.0
6581.6			1.0
6582.5			1.0
6583.4			1.0
6584.3			1.0
6585.200000000001			1.0
6586.1			1.0
6587.0			1.0
6587.9			1.0
6588.8			1.0
6589.700000000001			1.0
6590.6			0.9867636333471518
6591.5			0.940338488883213
6592.4			0.8883951717912638
6593.3			0.8801036678630838
6594.200000000001			0.9213966403771682
6595.1			0.9695847125028948
6596.0			0.9947638866429743
6596.9			1.0
6597.8			1.0
6598.700000000001			1.0
6599.6			1.0
6600.5			1.0
6601.4			1.0
6602.3			1.0
6603.200000000001			1.0
6604.1			0.9910528241256205
6605.0			0.9819322582698653
6605.9			0.9741160235717005
6606.8			0.9607887076764525
6607.700000000001			0.9356476250752479
6608.6			0.9181134932833879
6609.5			0.9346125065834334
6610.4			0.9746790453636088
6611.3			1.0034362688358314
6612.200000000001			1.0063423372609066
6613.1			1.0009619957767457
6614.0			1.0
6614.9			1.0
6615.8			1.0
6616.700000000001			1.0
6617.6			1.0
6618.5			1.0
6619.4			1.0
6620.3			1.0
6621.200000000001			1.0
6622.1			1.0
6623.0			1.0
6623.9			1.0
6624.8			1.0
6625.700000000001			1.0
6626.6			1.0
6627.5			1.0
6628.4			1.0
6629.3			1.0
6630.200000000001			0.9848144920980603
6631.1			0.9697490395424934
6632.0			0.9405800288482479
6632.9			0.9076497786074652
6633.8			0.9021607116441415
6634.700000000001			0.9342985037127585
6635.6			0.9777784168256936
6636.5			1.0018364678018647
6637.4			0.9990727813348153
6638.3			1.0
6639.200000000001			1.0
6640.1			1.0
6641.0			1.0
6641.9			1.0
6642.8			1.0
6643.700000000001			1.0
6644.6			1.0
6645.5			1.0
6646.4			1.0
6647.3			1.0
6648.200000000001			1.0
6649.1			1.0
6650.0			1.0
6650.9			1.0
6651.8			1.0
6652.700000000001			1.0
6653.6			1.0
6654.5			1.0
6655.4			1.0
6656.3			1.0
6657.200000000001			1.0
6658.1			1.0
6659.0			1.0
6659.9			1.0
6660.8			1.0
6661.700000000001			1.0
6662.6			1.0
6663.5			1.0
6664.4			1.0
6665.3			1.0
6666.200000000001			1.0
6667.1			1.0
6668.0			1.0
6668.9			1.0
6669.8			1.0
6670.700000000001			1.0
6671.6			1.0
6672.5			1.0
6673.4			1.0
6674.3			1.0
6675.200000000001			0.9976240892932715
6676.1			0.9679126302035435
6677.0			0.9170444586189648
6677.9			0.8897646153478103
6678.8			0.9165471340658372
6679.700000000001			0.9670947117024368
6680.6			0.998865769118813
6681.5			1.0
6682.4			1.0
6683.3			1.0
6684.200000000001			1.0
6685.1			1.0
6686.0			1.0
6686.9			1.0
6687.8			1.0
6688.700000000001			1.0
6689.6			1.0
6690.5			1.0
6691.4			1.0
6692.3			1.0
6693.200000000001			1.0
6694.1			1.0
6695.0			1.0
6695.9			1.0
6696.8			1.0
6697.700000000001			1.0
6698.6			1.0
6699.5			1.0
6700.4			1.0
6701.3			1.0
6702.200000000001			1.0
6703.1			1.0
6704.0			1.0
6704.9			1.0
6705.8			1.0
6706.700000000001			1.0
6707.6			1.0
6708.5			0.9886110646202085
6709.4			0.9729322708757983
6710.3			0.9670715128462757
6711.200000000001			0.9682504901355394
6712.1			0.9622138254418173
6713.0			0.9519570259550925
6713.9			0.9463211278734355
6714.8			0.938275603939153
6715.700000000001			0.9222817603857633
6716.6			0.9122974282626352
6717.5			0.9313762420738132
6718.4			0.975150434847329
6719.3			1.0111550728630139
6720.200000000001			1.0181959148430533
6721.1			1.0070746019418408
6722.0			1.0001438160890201
6722.9			1.004369355840632
6723.8			1.0076429900987338
6724.700000000001			0.9999700762535239
6725.6			1.0
6726.5			1.0
6727.4			1.0
6728.3			1.0
6729.200000000001			1.0
6730.1			1.0
6731.0			1.0
6731.9			1.0
6732.8			1.0
6733.700000000001			1.0
6734.6			1.0
6735.5			1.0
6736.4			1.0
6737.3			1.0
6738.200000000001			1.0
6739.1			1.0
6740.0			1.0
6740.9			1.0
6741.8			1.0
6742.700000000001			1.0
6743.6			1.0
6744.5			1.0
6745.4			1.0
6746.3			1.0
6747.200000000001			1.0
6748.1			1.0
6749.0			1.0
6749.9			1.0
6750.8			1.0
6751.700000000001			1.0
6752.6			1.0
6753.5			1.0
6754.4			1.0
6755.3			1.0
6756.200000000001			1.0
6757.1			1.0
6758.0			1.0
6758.9			1.0
6759.8			1.0
6760.700000000001			1.0
6761.6			1.0
6762.5			1.0
6763.4			1.0
6764.3			1.0
6765.200000000001			1.0
6766.1			1.0
6767.0			1.0
6767.9			1.0
6768.8			1.0
6769.700000000001			1.0
6770.6			1.0
6771.5			1.0
6772.4			1.0
6773.3			1.0
6774.200000000001			1.0
6775.1			1.0
6776.0			1.0
6776.9			1.0
6777.8			1.0
6778.700000000001			1.0
6779.6			1.0
6780.5			1.0
6781.4			1.0
6782.3			1.0
6783.200000000001			1.0
6784.1			1.0
6785.0			1.0
6785.9			1.0
6786.8			1.0
6787.700000000001			1.0
6788.6			1.0
6789.5			1.0
6790.4			1.0
6791.3			1.0
6792.200000000001			1.0
6793.1			1.0
6794.0			1.0
6794.9			1.0
6795.8			1.0
6796.700000000001			1.0
6797.6			1.0
6798.5			1.0
6799.4			1.0
6800.3			1.0
6801.200000000001			1.0
6802.1			1.0
6803.0			1.0
6803.9			1.0
6804.8			1.0
6805.700000000001			1.0
6806.6			1.0
6807.5			1.0
6808.4			1.0
6809.3			1.0
6810.200000000001			1.0
6811.1			1.0
6812.0			1.0
6812.9			1.0
6813.8			1.0
6814.700000000001			1.0
6815.6			1.0
6816.5			1.0
6817.4			1.0
6818.3			1.0
6819.200000000001			1.0
6820.1			1.0
6821.0			1.0
6821.9			1.0
6822.8			1.0
6823.700000000001			1.0
6824.6			1.0
6825.5			1.0
6826.4			1.0
6827.3			1.0
6828.200000000001			1.0
6829.1			1.0
6830.0			1.0
6830.9			1.0
6831.8			1.0
6832.700000000001			1.0
6833.6			1.0
6834.5			1.0
6835.4			1.0
6836.3			1.0
6837.200000000001			1.0
6838.1			0.9929725167806581
6839.0			0.9779336529393151
6839.9			0.9521489422930755
6840.8			0.9259670908530793
6841.700000000001			0.9186582910943014
6842.6			0.9360374216282737
6843.5			0.9639041318027247
6844.4			0.9877862467701534
6845.3			0.9996653950476593
6846.200000000001			1.0
6847.1			1.0
6848.0			1.0
6848.9			1.0
6849.8			1.0
6850.700000000001			1.0
6851.6			1.0
6852.5			1.0
6853.4			1.0
6854.3			1.0
6855.200000000001			1.0
6856.1			1.0
6857.0			1.0
6857.9			1.0
6858.8			1.0
6859.700000000001			1.0
6860.6			1.0
6861.5			1.0
6862.4			1.0
6863.3			1.0
6864.200000000001			1.0
6865.1			1.0
6866.0			1.0
6866.9			1.0
6867.8			1.0
6868.700000000001			1.0
6869.6			1.0
6870.5			1.0
6871.4			1.0
6872.3			1.0
6873.200000000001			1.0
6874.1			1.0
6875.0			1.0
6875.9			1.0
6876.8			1.0
6877.700000000001			1.0
6878.6			1.0110660007486336
6879.5			1.0092671316564836
6880.4			0.9846375641583657
6881.3			0.9465302363647548
6882.200000000001			0.9274935775362347
6883.1			0.9449671927797967
6884.0			0.9738677549030678
6884.9			0.9903563127544829
6885.8			1.0009877101489209
6886.700000000001			1.0
6887.6			1.0
6888.5			1.0
6889.4			1.0
6890.3			1.0
6891.200000000001			1.0
6892.1			1.0
6893.0			1.0
6893.9			1.0
6894.8			1.0
6895.700000000001			1.0
6896.6			1.0
6897.5			1.0
6898.4			1.0
6899.3			1.0
6900.200000000001			1.0
6901.1			1.0
6902.0			1.0
6902.9			1.0
6903.8			1.0
6904.700000000001			1.0
6905.6			1.0
6906.5			1.0
6907.4			1.0
6908.3			1.0
6909.200000000001			1.0
6910.1			1.0
6911.0			1.0
6911.9			1.0
6912.8			1.0
6913.700000000001			1.0
6914.6			1.0
6915.5			1.0
6916.4			1.0
6917.3			1.0
6918.200000000001			1.0
6919.1			1.0
6920.0			1.0
6920.9			1.0
6921.8			1.0
6922.700000000001			1.0
6923.6			1.0
6924.5			1.0
6925.4			1.0
6926.3			1.0
6927.200000000001			1.0
6928.1			1.0
6929.0			1.0
6929.9			1.0
6930.8			1.0
6931.700000000001			1.0
6932.6			1.0
6933.5			1.0
6934.4			1.0
6935.3			1.0
6936.200000000001			1.0
6937.1			1.0
6938.0			1.0
6938.9			1.0
6939.8			1.0148369604507848
6940.700000000001			1.0235904863656375
6941.6			1.0138945020172327
6942.5			0.9853413988381315
6943.4			0.9540119506467464
6944.3			0.9346669617269258
6945.200000000001			0.935399032946579
6946.1			0.9552407943099542
6947.0			0.9835681408415125
6947.9			1.0094004178930913
6948.8			1.0233584259068012
6949.700000000001			1.0192272309252712
6950.6			1.0031623568112762
6951.5			1.0
6952.4			1.0
6953.3			1.0
6954.200000000001			1.0
6955.1			1.0
6956.0			1.0
6956.9			1.0
6957.8			1.0
6958.700000000001			1.0
6959.6			1.0
6960.5			1.0
6961.4			1.0
6962.3			1.0
6963.200000000001			1.0
6964.1			1.0
6965.0			1.0
6965.9			1.0
6966.8			1.0
6967.700000000001			1.0
6968.6			1.0
6969.5			1.0
6970.4			1.0
6971.3			1.0
6972.200000000001			1.0
6973.1			1.0
6974.0			1.0
6974.9			0.9749198473694001
6975.8			0.952712433277527
6976.700000000001			0.9195152606646161
6977.6			0.872566136183049
6978.5			0.8471464613909995
6979.4			0.8717734628413077
6980.3			0.9231056946551289
6981.200000000001			0.9684174712432718
6982.1			1.0002947667754902
6983.0			1.0
6983.9			1.0
6984.8			1.0
6985.700000000001			1.0
6986.6			1.0
6987.5			1.0
6988.4			1.0
6989.3			1.0
6990.200000000001			1.0
6991.1			1.0
6992.0			1.0
6992.9			1.0
6993.8			1.0
6994.700000000001			1.0
6995.6			1.0
6996.5			1.0
6997.4			1.0
6998.3			1.0
6999.200000000001			1.0
7000.1			1.0
7001.0			1.0
7001.9			1.0
7002.8			1.0
7003.700000000001			1.0
7004.6			1.0
7005.5			1.0
7006.4			1.0
7007.3			1.0
7008.200000000001			1.0
7009.1			1.0
7010.0			1.0
7010.9			1.0
7011.8			1.0
7012.700000000001			1.0
7013.6			1.0
7014.5			1.0
7015.4			1.0
7016.3			1.0
7017.200000000001			1.0
7018.1			1.0
7019.0			1.0
7019.9			1.0
7020.8			1.0
7021.700000000001			1.0
7022.6			1.0
7023.5			1.0
7024.4			1.0
7025.3			1.0
7026.200000000001			1.0
7027.1			1.0
7028.0			1.0
7028.9			1.0
7029.8			1.0
7030.700000000001			1.0
7031.6			1.0
7032.5			1.0
7033.4			1.0
7034.3			1.0
7035.200000000001			1.0
7036.1			1.0
7037.0			1.0
7037.9			1.0
7038.8			1.0
7039.700000000001			1.0
7040.6			1.0
7041.5			1.0
7042.4			1.0
7043.3			1.0
7044.200000000001			1.0
7045.1			1.0
7046.0			1.0
7046.9			1.0
7047.8			1.0
7048.700000000001			1.0
7049.6			1.0
7050.5			1.0
7051.4			1.0
7052.3			1.0
7053.200000000001			1.0
7054.1			1.0
7055.0			1.0
7055.9			1.0
7056.8			1.0
7057.700000000001			1.0
7058.6			1.0
7059.5			1.0
7060.4			1.0
7061.3			1.0
7062.200000000001			1.0
7063.1			1.0
7064.0			1.0
7064.9			1.0
7065.8			1.0
7066.700000000001			1.0
7067.6			1.0
7068.5			1.0
7069.4			1.0
7070.3			1.0
7071.200000000001			1.0
7072.1			1.0
7073.0			1.0
7073.9			1.0
7074.8			1.0
7075.700000000001			1.0
7076.6			1.0
7077.5			1.0
7078.4			1.0
7079.3			1.0
7080.200000000001			1.0
7081.1			1.0
7082.0			1.0
7082.9			1.0
7083.8			1.0
7084.700000000001			1.0
7085.6			1.0
7086.5			1.0
7087.4			1.0
7088.3			1.0
7089.200000000001			1.0
7090.1			1.0
7091.0			1.0
7091.9			1.0
7092.8			1.0
7093.700000000001			1.0
7094.6			1.0
7095.5			1.0
7096.4			1.0
7097.3			1.0
7098.200000000001			1.0
7099.1			1.0
7100.0			1.0
7100.9			1.0
7101.8			1.0
7102.700000000001			1.0
7103.6			1.0
7104.5			1.0
7105.4			1.0
7106.3			1.0
7107.200000000001			1.0
7108.1			1.0
7109.0			1.0
7109.9			1.0
7110.8			1.0
7111.700000000001			1.0
7112.6			1.0
7113.5			1.0
7114.4			1.0
7115.3			1.0
7116.200000000001			1.0
7117.1			1.0
7118.0			1.0
7118.9			1.0
7119.8			1.0
7120.700000000001			1.0
7121.6			1.0
7122.5			1.0
7123.4			1.0
7124.3			1.0
7125.200000000001			1.0
7126.1			1.0
7127.0			1.0
7127.9			1.0
7128.8			1.0
7129.700000000001			1.0
7130.6			1.0
7131.5			1.0
7132.4			1.0
7133.3			1.0
7134.200000000001			1.0
7135.1			1.0
7136.0			1.0
7136.9			1.0
7137.8			1.0
7138.700000000001			1.0
7139.6			1.0
7140.5			1.0
7141.4			1.0
7142.3			1.0
7143.200000000001			1.0
7144.1			1.0
7145.0			1.0
7145.9			1.0
7146.8			1.0
7147.700000000001			1.0
7148.6			1.0
7149.5			1.0
7150.4			1.0
7151.3			1.0
7152.200000000001			1.0
7153.1			1.0
7154.0			1.0
7154.9			1.0
7155.8			1.0
7156.700000000001			1.0
7157.6			1.0
7158.5			1.0
7159.4			1.0
7160.3			1.0
7161.200000000001			1.0
7162.1			1.0
7163.0			1.0
7163.9			1.0
7164.8			1.0
7165.700000000001			1.0
7166.6			1.0
7167.5			1.0
7168.4			1.0
7169.3			1.0
7170.200000000001			1.0
7171.1			1.0
7172.0			1.0
7172.9			1.0
7173.8			1.0
7174.700000000001			1.0
7175.6			1.0
7176.5			1.0
7177.4			1.0
7178.3			1.0
7179.200000000001			1.0
7180.1			1.0
7181.0			1.0
7181.9			1.0
7182.8			1.0
7183.700000000001			1.0
7184.6			1.0
7185.5			1.0
7186.4			1.0
7187.3			1.0
7188.200000000001			1.0
7189.1			1.0
7190.0			1.0
7190.9			1.0
7191.8			1.0
7192.700000000001			1.0
7193.6			1.0
7194.5			1.0
7195.4			1.0
7196.3			1.0
7197.200000000001			1.0
7198.1			1.0
7199.0			1.0
7199.9			1.0
7200.8			1.0
7201.700000000001			1.0
7202.6			1.0
7203.5			1.0
7204.4			1.0
7205.3			1.0
7206.200000000001			1.0
7207.1			1.0
7208.0			1.0
7208.9			1.0
7209.8			1.0
7210.700000000001			1.0
7211.6			1.0
7212.5			1.0
7213.4			1.0
7214.3			1.0
7215.200000000001			1.0
7216.1			1.0
7217.0			1.0
7217.9			1.0
7218.8			1.0
7219.700000000001			1.0
7220.6			1.0
7221.5			1.0
7222.4			1.0
7223.3			1.0
7224.200000000001			1.0
7225.1			1.0
7226.0			1.0
7226.9			1.0
7227.8			1.0
7228.700000000001			1.0
7229.6			1.0
7230.5			1.0
7231.4			1.0
7232.3			1.0
7233.200000000001			1.0
7234.1			1.0
7235.0			1.0
7235.9			1.0
7236.8			1.0
7237.700000000001			1.0
7238.6			1.0
7239.5			1.0
7240.4			1.0
7241.3			1.0
7242.200000000001			1.0
7243.1			1.0
7244.0			1.0
7244.9			1.0
7245.8			1.0
7246.700000000001			1.0
7247.6			1.0
7248.5			1.0
7249.4			1.0
7250.3			1.0
7251.200000000001			1.0
7252.1			1.0
7253.0			1.0
7253.9			1.0
7254.8			1.0
7255.700000000001			1.0
7256.6			1.0
7257.5			1.0
7258.4			1.0
7259.3			1.0
7260.200000000001			1.0
7261.1			1.0
7262.0			1.0
7262.9			1.0
7263.8			1.0
7264.700000000001			1.0
7265.6			1.0
7266.5			1.0
7267.4			1.0
7268.3			1.0
7269.200000000001			1.0
7270.1			1.0
7271.0			1.0
7271.9			1.0
7272.8			1.0
7273.700000000001			1.0
7274.6			1.0
7275.5			1.0
7276.4			1.0
7277.3			1.0
7278.200000000001			1.0
7279.1			1.0
7280.0			1.0
7280.9			1.0
7281.8			1.0
7282.700000000001			1.0
7283.6			1.0
7284.5			1.0
7285.4			1.0
7286.3			1.0
7287.200000000001			1.0
7288.1			1.0
7289.0			1.0
7289.9			1.0
7290.8			1.0
7291.700000000001			1.0
7292.6			1.0
7293.5			1.0
7294.4			1.0
7295.3			1.0
7296.200000000001			1.0
7297.1			1.0
7298.0			1.0
7298.9			1.0
7299.8			1.0
7300.700000000001			1.0
7301.6			1.0
7302.5			1.0
7303.4			1.0
7304.3			1.0
7305.200000000001			1.0
7306.1			1.0
7307.0			1.0
7307.9			1.0
7308.8			1.0
7309.700000000001			1.0
7310.6			1.0
7311.5			1.0
7312.4			1.0
7313.3			1.0
7314.200000000001			1.0
7315.1			1.0
7316.0			1.0
7316.9			1.0
7317.8			1.0
7318.700000000001			1.0
7319.6			1.0
7320.5			1.0
7321.4			1.0
7322.3			1.0
7323.200000000001			1.0
7324.1			1.0
7325.0			1.0
7325.9			1.0
7326.8			1.0
7327.700000000001			1.0
7328.6			1.0
7329.5			1.0
7330.4			1.0
7331.3			1.0
7332.200000000001			1.0
7333.1			1.0
7334.0			1.0
7334.9			1.0
7335.8			1.0
7336.700000000001			1.0
7337.6			1.0
7338.5			1.0
7339.4			1.0
7340.3			1.0
7341.200000000001			1.0
7342.1			1.0
7343.0			1.0
7343.9			1.0
7344.8			1.0
7345.700000000001			1.0
7346.6			1.0
7347.5			1.0
7348.4			1.0
7349.3			1.0
7350.200000000001			1.0
7351.1			1.0
7352.0			1.0
7352.9			1.0
7353.8			1.0
7354.700000000001			1.0
7355.6			1.0
7356.5			1.0
7357.4			1.0
7358.3			1.0
7359.200000000001			1.0
7360.1			1.0
7361.0			1.0
7361.9			1.0
7362.8			1.0
7363.700000000001			1.0
7364.6			1.0
7365.5			1.0
7366.4			1.0
7367.3			1.0
7368.200000000001			1.0
7369.1			1.0
7370.0			1.0
7370.9			1.0
7371.8			1.0
7372.700000000001			1.0
7373.6			1.0
7374.5			1.0
7375.4			1.0
7376.3			1.0
7377.200000000001			1.0
7378.1			1.0
7379.0			1.0
7379.9			1.0
7380.8			1.0
7381.700000000001			1.0
7382.6			1.0
7383.5			1.0
7384.4			1.0
7385.3			1.0
7386.200000000001			1.0
7387.1			1.0
7388.0			1.0
7388.9			1.0
7389.8			1.0
7390.700000000001			1.0
7391.6			1.0
7392.5			1.0
7393.4			1.0
7394.3			1.0
7395.200000000001			1.0
7396.1			1.0
7397.0			1.0
7397.9			1.0
7398.8			1.0
7399.700000000001			1.0
7400.6			1.0
7401.5			1.0
7402.4			1.0
7403.3			1.0
7404.200000000001			1.0
7405.1			1.0
7406.0			1.0
7406.9			1.0
7407.8			1.0
7408.700000000001			1.0
7409.6			1.0
7410.5			1.0
7411.4			1.0
7412.3			1.0
7413.200000000001			1.0
7414.1			1.0
7415.0			1.0
7415.9			1.0
7416.8			1.0
7417.700000000001			1.0
7418.6			1.0
7419.5			1.0
7420.4			1.0
7421.3			1.0
7422.200000000001			1.0
7423.1			1.0
7424.0			1.0
7424.9			1.0
7425.8			1.0
7426.700000000001			1.0
7427.6			1.0
7428.5			1.0
7429.4			1.0
