3500.0			1.0
3500.9			1.0
3501.8			1.0
3502.7			1.0
3503.6			1.0
3504.5			1.0
3505.4			1.0
3506.3			1.0
3507.2			1.0
3508.1			1.0
3509.0			1.0
3509.9			1.0
3510.8			1.0
3511.7			1.0
3512.6			1.0
3513.5			1.0
3514.4			1.0
3515.3			1.0
3516.2			1.0
3517.1			1.0
3518.0			1.0
3518.9			1.0
3519.8			1.0
3520.7			1.0
3521.6			1.0
3522.5			1.0
3523.4			1.0
3524.3			1.0
3525.2			1.0
3526.1			1.0
3527.0			1.0
3527.9			1.0
3528.8			1.0
3529.7			1.0
3530.6			1.0
3531.5			1.0
3532.4			1.0
3533.3			1.0
3534.2			1.0
3535.1			1.0
3536.0			1.0
3536.9			1.0
3537.8			1.0
3538.7			1.0
3539.6			1.0
3540.5			1.0
3541.4			1.0
3542.3			1.0
3543.2			1.0
3544.1			1.0
3545.0			1.0
3545.9			1.0
3546.8			1.0
3547.7			1.0
3548.6			1.0
3549.5			1.0
3550.4			1.0
3551.3			1.0
3552.2			1.0
3553.1			1.0
3554.0			1.0
3554.9			1.0
3555.8			1.0
3556.7			1.0
3557.6			1.0
3558.5			1.0
3559.4			1.0
3560.3			1.0
3561.2			1.0
3562.1			1.0
3563.0			1.0
3563.9			1.0
3564.8			1.0
3565.7			1.0
3566.6			1.0
3567.5			1.0
3568.4			1.0
3569.3			1.0
3570.2			1.0
3571.1			1.0
3572.0			1.0
3572.9			1.0
3573.8			1.0
3574.7			1.0
3575.6			1.0
3576.5			1.0
3577.4			1.0
3578.3			1.0
3579.2			1.0
3580.1			1.0
3581.0			1.0
3581.9			1.0
3582.8			1.0
3583.7			1.0
3584.6			1.0
3585.5			1.0
3586.4			1.0
3587.3			1.0
3588.2			1.0
3589.1			1.0
3590.0			1.0
3590.9			1.0
3591.8			1.0
3592.7			1.0
3593.6			1.0
3594.5			1.0
3595.4			1.0
3596.3			1.0
3597.2			1.0
3598.1			1.0
3599.0			1.0
3599.9			1.0
3600.8			1.0
3601.7			1.0
3602.6			1.0
3603.5			1.0
3604.4			1.0
3605.3			1.0
3606.2			1.0
3607.1			1.0
3608.0			1.0
3608.9			1.0
3609.8			1.0
3610.7			1.0
3611.6			1.0
3612.5			1.0
3613.4			1.0
3614.3			1.0
3615.2			1.0
3616.1			1.0
3617.0			1.0
3617.9			1.0
3618.8			1.0
3619.7			1.0
3620.6			1.0
3621.5			1.0
3622.4			1.0
3623.3			1.0
3624.2			1.0
3625.1			1.0
3626.0			1.0
3626.9			1.0
3627.8			1.0
3628.7			1.0
3629.6			1.0
3630.5			1.0
3631.4			1.0
3632.3			1.0
3633.2			1.0
3634.1			1.0
3635.0			1.0
3635.9			1.0
3636.8			1.0
3637.7			1.0
3638.6			1.0
3639.5			1.0
3640.4			1.0
3641.3			1.0
3642.2			1.0
3643.1			1.0
3644.0			1.0
3644.9			1.0
3645.8			1.0
3646.7			1.0
3647.6			1.0
3648.5			1.0
3649.4			1.0
3650.3			1.0
3651.2			1.0
3652.1			1.0
3653.0			1.0
3653.9			1.0
3654.8			1.0
3655.7			1.0
3656.6			1.0
3657.5			1.0
3658.4			1.0
3659.3			1.0
3660.2			1.0
3661.1			1.0
3662.0			1.0
3662.9			1.0
3663.8			1.0
3664.7			1.0
3665.6			1.0
3666.5			1.0
3667.4			1.0
3668.3			1.0
3669.2			1.0
3670.1			1.0
3671.0			1.0
3671.9			1.0
3672.8			1.0
3673.7			1.0
3674.6			1.0
3675.5			1.0
3676.4			1.0
3677.3			1.0
3678.2			1.0
3679.1			1.0
3680.0			1.0
3680.9			1.0
3681.8			1.0
3682.7			1.0
3683.6			1.0
3684.5			1.0
3685.4			1.0
3686.3			1.0
3687.2			1.0
3688.1			1.0
3689.0			1.0
3689.9			1.0
3690.8			1.0
3691.7			1.0
3692.6			1.0
3693.5			1.0
3694.4			1.0
3695.3			1.0
3696.2			1.0
3697.1			1.0
3698.0			1.0
3698.9			1.0
3699.8			1.0
3700.7			1.0
3701.6			1.0
3702.5			1.0
3703.4			1.0
3704.3			1.0
3705.2			1.0
3706.1			1.0
3707.0			1.0
3707.9			1.0
3708.8			1.0
3709.7			1.0
3710.6			1.0
3711.5			1.0
3712.4			1.0
3713.3			1.0
3714.2			1.0
3715.1			1.0
3716.0			1.0
3716.9			1.0
3717.8			1.0
3718.7			1.0
3719.6			1.0
3720.5			1.0
3721.4			1.0
3722.3			1.0
3723.2			1.0
3724.1			1.0
3725.0			1.0
3725.9			1.0
3726.8			1.0
3727.7			1.0
3728.6			1.0
3729.5			1.0
3730.4			1.0
3731.3			1.0
3732.2			1.0
3733.1			1.0
3734.0			1.0
3734.9			1.0
3735.8			1.0
3736.7			1.0
3737.6			1.0
3738.5			1.0
3739.4			1.0
3740.3			1.0
3741.2			1.0
3742.1			1.0
3743.0			1.0
3743.9			1.0
3744.8			1.0
3745.7			1.0
3746.6			1.0
3747.5			1.0
3748.4			1.0
3749.3			1.0
3750.2			1.0
3751.1			1.0
3752.0			1.0
3752.9			1.0
3753.8			1.0
3754.7			1.0
3755.6			1.0
3756.5			1.0
3757.4			1.0
3758.3			1.0
3759.2			1.0
3760.1			1.0
3761.0			1.0
3761.9			1.0
3762.8			1.0
3763.7			1.0
3764.6			1.0
3765.5			1.0
3766.4			1.0
3767.3			1.0
3768.2			1.0
3769.1			1.0
3770.0			1.0
3770.9			1.0
3771.8			1.0
3772.7			1.0
3773.6			1.0
3774.5			1.0
3775.4			1.0
3776.3			1.0
3777.2			1.0
3778.1			1.0
3779.0			1.0
3779.9			1.0
3780.8			1.0
3781.7			1.0
3782.6			1.0
3783.5			1.0
3784.4			1.0
3785.3			1.0
3786.2			1.0
3787.1			1.0
3788.0			1.0
3788.9			1.0
3789.8			1.0
3790.7			1.0
3791.6			1.0
3792.5			1.0
3793.4			1.0
3794.3			1.0
3795.2			1.0
3796.1			1.0
3797.0			1.0
3797.9			1.0
3798.8			1.0
3799.7			1.0
3800.6			1.0
3801.5			1.0
3802.4			1.0
3803.3			1.0
3804.2			1.0
3805.1			1.0
3806.0			1.0
3806.9			1.0
3807.8			1.0
3808.7			1.0
3809.6			1.0
3810.5			1.0
3811.4			1.0
3812.3			1.0
3813.2			1.0
3814.1			1.0
3815.0			1.0
3815.9			1.0
3816.8			1.0
3817.7			1.0
3818.6			1.0
3819.5			1.0
3820.4			1.0
3821.3			1.0
3822.2			1.0
3823.1			1.0
3824.0			1.0
3824.9			1.0
3825.8			1.0
3826.7			1.0
3827.6			1.0
3828.5			1.0
3829.4			1.0
3830.3			1.0
3831.2			1.0
3832.1			1.0
3833.0			1.0
3833.9			1.0
3834.8			1.0
3835.7			1.0
3836.6			1.0
3837.5			1.0
3838.4			1.0
3839.3			1.0
3840.2			1.0
3841.1			1.0
3842.0			1.0
3842.9			1.0
3843.8			1.0
3844.7			1.0
3845.6			1.0
3846.5			1.0
3847.4			1.0
3848.3			1.0
3849.2			1.0
3850.1			1.0
3851.0			1.0
3851.9			1.0
3852.8			1.0
3853.7			1.0
3854.6			1.0
3855.5			1.0
3856.4			1.0
3857.3			1.0
3858.2			1.0
3859.1			1.0
3860.0			1.0
3860.9			1.0
3861.8			1.0
3862.7			1.0
3863.6			1.0
3864.5			1.0
3865.4			1.0
3866.3			1.0
3867.2			1.0
3868.1			1.0
3869.0			1.0
3869.9			1.0
3870.8			1.0
3871.7			1.0
3872.6			1.0
3873.5			1.0
3874.4			1.0
3875.3			1.0
3876.2			1.0
3877.1			1.0
3878.0			1.0
3878.9			1.0
3879.8			1.0
3880.7			1.0
3881.6			1.0
3882.5			1.0
3883.4			1.0
3884.3			1.0
3885.2			1.0
3886.1			1.0
3887.0			1.0
3887.9			1.0
3888.8			1.0
3889.7			1.0
3890.6			1.0
3891.5			1.0
3892.4			1.0
3893.3			1.0
3894.2			1.0
3895.1			1.0
3896.0			1.0
3896.9			1.0
3897.8			1.0
3898.7			1.0
3899.6			1.0
3900.5			1.0
3901.4			1.0
3902.3			1.0
3903.2			1.0
3904.1			1.0
3905.0			1.0
3905.9			1.0
3906.8			1.0
3907.7			1.0
3908.6			1.0
3909.5			1.0
3910.4			1.0
3911.3			1.0
3912.2			1.0
3913.1			1.0
3914.0			1.0
3914.9			1.0
3915.8			1.0
3916.7			1.0
3917.6			1.0
3918.5			1.0
3919.4			1.0
3920.3			1.0
3921.2			1.0
3922.1			1.0
3923.0			1.0
3923.9			1.0
3924.8			1.0
3925.7			1.0
3926.6			1.0
3927.5			1.0
3928.4			1.0
3929.3			1.0
3930.2			1.0
3931.1			1.0
3932.0			1.0
3932.9			1.0
3933.8			1.0
3934.7			1.0
3935.6			1.0
3936.5			1.0
3937.4			1.0
3938.3			1.0
3939.2			1.0
3940.1			1.0
3941.0			1.0
3941.9			1.0
3942.8			1.0
3943.7			1.0
3944.6			1.0
3945.5			1.0
3946.4			1.0
3947.3			1.0
3948.2			1.0
3949.1			1.0
3950.0			1.0
3950.9			1.0
3951.8			1.0
3952.7			1.0
3953.6			1.0
3954.5			1.0
3955.4			1.0
3956.3			1.0
3957.2			1.0
3958.1			1.0
3959.0			1.0
3959.9			1.0
3960.8			1.0
3961.7			1.0
3962.6			1.0
3963.5			1.0
3964.4			1.0
3965.3			1.0
3966.2			1.0
3967.1			1.0
3968.0			1.0
3968.9			1.0
3969.8			1.0
3970.7			1.0
3971.6			1.0
3972.5			1.0
3973.4			1.0
3974.3			1.0
3975.2			1.0
3976.1			1.0
3977.0			1.0
3977.9			1.0
3978.8			1.0
3979.7			1.0
3980.6			1.0
3981.5			1.0
3982.4			1.0
3983.3			1.0
3984.2			1.0
3985.1			1.0
3986.0			1.0
3986.9			1.0
3987.8			1.0
3988.7			1.0
3989.6			1.0
3990.5			1.0
3991.4			1.0
3992.3			1.0
3993.2			1.0
3994.1			1.0
3995.0			1.0
3995.9			1.0
3996.8			1.0
3997.7			1.0
3998.6			1.0
3999.5			1.0
4000.4			1.0
4001.3			1.0
4002.2			1.0
4003.1			1.0249281078458687
4004.0			0.9370981253353904
4004.9			0.7803839815786676
4005.8			0.7132869425115129
4006.7			0.7870139348933934
4007.6			0.9090619087922978
4008.5			0.9991662325358237
4009.4			1.0
4010.3			1.0
4011.2			1.0
4012.1			1.0
4013.0			1.0
4013.9			1.0
4014.8			1.0
4015.7			1.0
4016.6			1.0
4017.5			1.0
4018.4			1.0
4019.3			1.0
4020.2			1.0
4021.1			1.0
4022.0			1.0
4022.9			1.0
4023.8			1.0
4024.7			1.0
4025.6			1.0
4026.5			1.0
4027.4			1.0
4028.3			1.0416486361141826
4029.2			0.9940016455532863
4030.1			0.8480120337590544
4031.0			0.7214148630952891
4031.9			0.6786226431419504
4032.8			0.6652460463766865
4033.7			0.6622563481429096
4034.6			0.7063195778251123
4035.5			0.7984703878820612
4036.4			0.9059471111563315
4037.3			0.9974504740062062
4038.2			1.0328903550879136
4039.1			0.9999767137088846
4040.0			1.0
4040.9			1.0
4041.8			1.0307307107609323
4042.7			1.0306978694596851
4043.6			0.9001508661278858
4044.5			0.6924636385987634
4045.4			0.5430500198677763
4046.3			0.5789899490505581
4047.2			0.7771743939054152
4048.1			0.9452327444825844
4049.0			0.9984645000269466
4049.9			1.0
4050.8			1.0
4051.7			1.0
4052.6			1.0
4053.5			1.0
4054.4			1.0
4055.3			1.0
4056.2			1.0
4057.1			1.0
4058.0			1.0
4058.9			1.0
4059.8			1.0
4060.7			1.1000603400553417
4061.6			1.0550283301776298
4062.5			0.8546492157460988
4063.4			0.6830229445482422
4064.3			0.7213080806847412
4065.2			0.8968856939976464
4066.1			0.9984533974077392
4067.0			1.0
4067.9			1.0
4068.8			1.0
4069.7			1.0
4070.6			1.0
4071.5			1.0
4072.4			1.0
4073.3			1.1228761314558384
4074.2			1.1534240809676122
4075.1			1.030898178173122
4076.0			0.845762487964218
4076.9			0.7095779762517462
4077.8			0.6978668578231656
4078.7			0.7883098724199575
4079.6			0.8954562457421074
4080.5			0.9740110635902929
4081.4			1.0
4082.3			1.0
4083.2			1.0
4084.1			1.0
4085.0			1.0
4085.9			1.0
4086.8			1.0
4087.7			1.0
4088.6			1.0
4089.5			1.0
4090.4			1.0
4091.3			1.0
4092.2			1.0
4093.1			1.0
4094.0			1.0
4094.9			1.0
4095.8			1.0
4096.7			1.0
4097.6			1.0383816783873145
4098.5			1.0870838925893522
4099.4			1.0507516594380493
4100.3			0.9189074594315926
4101.2			0.818372266151263
4102.1			0.8457276929159888
4103.0			0.9282462171586306
4103.9			0.9671585292169075
4104.8			0.9966765199484349
4105.7			1.0
4106.6			1.0
4107.5			1.0
4108.4			1.0
4109.3			1.0
4110.2			1.0
4111.1			1.0
4112.0			1.0
4112.9			1.0
4113.8			1.0
4114.7			1.0
4115.6			1.0
4116.5			1.0
4117.4			1.0
4118.3			1.0
4119.2			1.0
4120.1			1.0
4121.0			1.0
4121.9			1.0
4122.8			1.0
4123.7			1.0
4124.6			1.0
4125.5			1.0
4126.4			1.0
4127.3			1.0
4128.2			0.957455286012213
4129.1			0.9332278552358405
4130.0			0.9193204074841997
4130.9			0.892792508404185
4131.8			0.8191549559883102
4132.7			0.7631266558678363
4133.6			0.7685796105463765
4134.5			0.8194425749719642
4135.4			0.9248848062804922
4136.3			0.999952059983801
4137.2			0.9992673683582369
4138.1			1.0
4139.0			1.0249080269178248
4139.9			1.023855131498966
4140.8			0.9797049805985583
4141.7			0.8565369400374553
4142.6			0.6834411294084476
4143.5			0.5938294390993937
4144.4			0.6704563488409383
4145.3			0.8269783317645224
4146.2			0.94038674795862
4147.1			0.9980210197628494
4148.0			0.9989661560554549
4148.9			1.0
4149.8			1.0
4150.7			1.0
4151.6			1.0
4152.5			1.0
4153.4			1.0
4154.3			1.0
4155.2			1.0
4156.1			1.0
4157.0			1.0
4157.9			1.0
4158.8			1.0
4159.7			1.0
4160.6			1.0
4161.5			1.0
4162.4			1.0
4163.3			1.0
4164.2			1.0
4165.1			1.0
4166.0			0.978579721888661
4166.9			0.9520954924989552
4167.8			0.9514074547361308
4168.7			1.0066182285504912
4169.6			1.0657076300983364
4170.5			1.062989614109343
4171.4			0.9619378835316108
4172.3			0.8261481090208044
4173.2			0.790529565365244
4174.1			0.8587118102763796
4175.0			0.9262006688487788
4175.9			0.9457492719213116
4176.8			0.9253099474245152
4177.7			0.9020987699241901
4178.6			0.9276597577004392
4179.5			0.9821733541316182
4180.4			0.9985675217618449
4181.3			1.0
4182.2			1.0
4183.1			1.0
4184.0			1.0
4184.9			1.0
4185.8			1.0
4186.7			1.0
4187.6			1.0
4188.5			1.0471374038785997
4189.4			1.1012510126329687
4190.3			1.080056869172994
4191.2			1.0376041677890293
4192.1			1.0657467037464732
4193.0			1.1197978765351695
4193.9			1.1010357436486045
4194.8			1.005885338699407
4195.7			0.903238191669154
4196.6			0.8443748839489906
4197.5			0.8285477291686335
4198.4			0.8336177379093637
4199.3			0.8625595596599185
4200.2			0.8816363073329052
4201.1			0.843090580117315
4202.0			0.808605081710789
4202.9			0.8513727598555673
4203.8			0.9051236409544927
4204.7			0.9237417480246203
4205.6			0.9554143541065422
4206.5			1.0037914004979966
4207.4			1.0
4208.3			1.0
4209.2			1.0
4210.1			1.0
4211.0			1.0
4211.9			1.0
4212.8			0.9460339885447105
4213.7			0.8498432461480839
4214.6			0.7320911805665355
4215.5			0.6739241510662017
4216.4			0.7534882240077521
4217.3			0.9013058750716672
4218.2			0.9897680945614972
4219.1			1.0
4220.0			1.0
4220.9			1.0
4221.8			1.0
4222.7			0.8978900835651151
4223.6			0.8048712768672963
4224.5			0.6909198205285908
4225.4			0.5238384658770568
4226.3			0.38436897906471973
4227.2			0.4293674863298091
4228.1			1.0
4229.0			1.2817935701402412
4229.9			1.3813059333595112
4230.8			1.4003705642979414
4231.7			1.3447267412895587
4232.6			1.2085979863027116
4233.5			1.1198502760670357
4234.4			1.093702676504574
4235.3			1.026090746917554
4236.2			0.9511835972216449
4237.1			0.9390947809303066
4238.0			0.9473341732456219
4238.9			0.9412735922024786
4239.8			0.9478023512071417
4240.7			0.9868280529613577
4241.6			1.0068821101528562
4242.5			0.9783692983112526
4243.4			0.9790603399644376
4244.3			1.0
4245.2			1.0
4246.1			1.0
4247.0			0.9367686813945076
4247.9			0.8911150677393099
4248.8			0.8708449897226908
4249.7			0.8364807522956867
4250.6			0.8376351820476037
4251.5			0.936401501641679
4252.4			1.0432927323908985
4253.3			1.0403768156456839
4254.2			0.9780900651492186
4255.1			1.0
4256.0			1.0
4256.9			1.090740446572227
4257.8			1.0427225449181396
4258.7			0.8987148745892064
4259.6			0.7733750317983461
4260.5			0.7212731573940122
4261.4			0.7694282028138152
4262.3			0.8853205473606965
4263.2			0.9694060903721889
4264.1			0.9888132788106596
4265.0			1.0
4265.9			1.0
4266.8			0.9659630904083134
4267.7			0.8916256549045827
4268.6			0.8394289802647781
4269.5			0.7860962760902719
4270.4			0.6763788754929898
4271.3			0.5639514155741328
4272.2			0.5564533273718986
4273.1			0.623619756475135
4274.0			0.6535737135229821
4274.9			0.6767755504126204
4275.8			0.7765745860001508
4276.7			0.9069665828725813
4277.6			0.9974070830593333
4278.5			1.0
4279.4			1.0
4280.3			1.0
4281.2			1.0
4282.1			1.0
4283.0			1.0
4283.9			1.0
4284.8			1.0
4285.7			1.0
4286.6			1.0
4287.5			1.0281491944532852
4288.4			0.9538574993031906
4289.3			0.8129988019269395
4290.2			0.7524782786540908
4291.1			1.0
4292.0			1.151660442581188
4292.9			1.2491622040491412
4293.8			1.2432254313227222
4294.7			1.2063635817741112
4295.6			1.183728629447657
4296.5			1.1389751069181606
4297.4			1.0535431333698018
4298.3			0.9314455376904538
4299.2			0.8015273812789544
4300.1			0.7560207897099985
4301.0			0.8218531273392088
4301.9			0.8809628072456579
4302.8			0.8778162397772157
4303.7			0.8770246916265798
4304.6			0.8860042184592251
4305.5			0.8638005506451022
4306.4			0.8128495697790891
4307.3			0.7293757759643722
4308.2			0.6634236719748176
4309.1			0.6853122768086074
4310.0			0.7603137801715535
4310.9			0.8430258814960159
4311.8			0.9443775798133218
4312.7			1.06778398855514
4313.6			1.1719165783501917
4314.5			1.3072498101078287
4315.4			1.5625338706428427
4316.3			1.8277626724927036
4317.2			1.9454918984933471
4318.1			1.9268994363005478
4319.0			1.8640540649918045
4319.9			1.791562346436767
4320.8			1.0
4321.7			0.9539754320290411
4322.6			0.8622333191686314
4323.5			0.7111731473025305
4324.4			0.5717074230403997
4325.3			0.5008326619438289
4326.2			0.5656652552908714
4327.1			0.7583000937241701
4328.0			0.9417553937963467
4328.9			1.002538189888547
4329.8			1.0
4330.7			1.0
4331.6			1.0
4332.5			1.0
4333.4			1.0
4334.3			1.0
4335.2			1.0510398631561193
4336.1			1.0182054448572901
4337.0			0.8775854887245481
4337.9			0.7609257338378032
4338.8			0.7189892895073099
4339.7			0.689601255891671
4340.6			0.6993597518552443
4341.5			0.8167040291567085
4342.4			0.9450749971855655
4343.3			0.978614278467398
4344.2			0.9971548591138737
4345.1			1.0
4346.0			1.0
4346.9			1.0
4347.8			1.0
4348.7			1.0780126289544063
4349.6			1.0888038123942607
4350.5			0.952596263668723
4351.4			0.7897152151624804
4352.3			0.7661643637090443
4353.2			0.8584918225320626
4354.1			0.9354352109676544
4355.0			0.9598253118536407
4355.9			1.0029534033199718
4356.8			1.0
4357.7			1.0
4358.6			1.0
4359.5			1.0
4360.4			1.0
4361.3			1.0
4362.2			1.0
4363.1			1.0
4364.0			1.0
4364.9			1.0
4365.8			1.0
4366.7			1.0
4367.6			1.0
4368.5			1.0
4369.4			1.0
4370.3			1.0
4371.2			0.9922958749494534
4372.1			0.9703903929955215
4373.0			0.8983505282805158
4373.9			0.7984639018268911
4374.8			0.7392384983267923
4375.7			0.7655618592675612
4376.6			0.8670865265033136
4377.5			0.9636613614274957
4378.4			0.9917424182155933
4379.3			1.0
4380.2			0.9654724944967977
4381.1			0.9206174922141519
4382.0			0.8019099105759014
4382.9			0.5994055835771624
4383.8			0.47915505515857226
4384.7			0.5703352292487327
4385.6			0.783548364479041
4386.5			0.9426396863986544
4387.4			0.991989836892826
4388.3			1.0
4389.2			1.0
4390.1			1.0
4391.0			1.0
4391.9			1.0
4392.8			1.0
4393.7			1.0
4394.6			1.0
4395.5			1.0
4396.4			1.0
4397.3			1.0
4398.2			1.0
4399.1			0.9245629703039122
4400.0			0.8513647789040234
4400.9			0.8711789979400429
4401.8			0.9623514993328007
4402.7			0.9704681523994166
4403.6			0.8291138018366578
4404.5			0.6812148563727973
4405.4			0.690603717716741
4406.3			0.801349736832862
4407.2			0.8466052484667553
4408.1			0.8272038690130983
4409.0			0.873474947538678
4409.9			1.0003893745507797
4410.8			1.0
4411.7			1.0
4412.6			1.0122733044371675
4413.5			0.952040115969189
4414.4			0.8285713456494007
4415.3			0.7642917916300772
4416.2			0.8185234649330253
4417.1			0.9138392756275538
4418.0			0.9964107847781845
4418.9			1.0
4419.8			1.0
4420.7			1.0
4421.6			1.0
4422.5			1.0
4423.4			1.0
4424.3			1.0
4425.2			1.0
4426.1			1.0
4427.0			1.0
4427.9			1.0
4428.8			1.0
4429.7			1.0
4430.6			1.0
4431.5			1.0
4432.4			1.0252069524004497
4433.3			0.9592833618814143
4434.2			0.8545972681906079
4435.1			0.7953385767717673
4436.0			0.8328637380045191
4436.9			0.9228842763017182
4437.8			1.0030072198145357
4438.7			1.0
4439.6			1.0
4440.5			1.0
4441.4			1.0
4442.3			1.0
4443.2			1.0
4444.1			1.0
4445.0			1.0
4445.9			1.0
4446.8			1.0
4447.7			1.0
4448.6			1.0
4449.5			1.0
4450.4			1.0
4451.3			1.0
4452.2			1.0145684976857834
4453.1			0.986284416364917
4454.0			0.9186507860155468
4454.9			0.8614733508695633
4455.8			0.8661508603436271
4456.7			0.903911237862648
4457.6			0.9106407207626976
4458.5			0.8920675180244431
4459.4			0.8758397708125959
4460.3			0.8547968161023949
4461.2			0.8160337199576579
4462.1			0.8374587795642864
4463.0			0.946301474750835
4463.9			1.0249455235821605
4464.8			1.0234207392933432
4465.7			1.011221363309199
4466.6			1.0109277863468547
4467.5			1.0136650646060446
4468.4			0.9945158357473775
4469.3			0.9793471882692592
4470.2			1.000111981584658
4471.1			1.0
4472.0			1.0
4472.9			1.0
4473.8			1.0
4474.7			1.0
4475.6			1.0
4476.5			1.0
4477.4			1.0239027705853867
4478.3			0.9905460684496673
4479.2			0.912269591314327
4480.1			0.8334922064757055
4481.0			0.8004080606963115
4481.9			0.8096989393023761
4482.8			0.8664146943605554
4483.7			0.9438169615851995
4484.6			0.999831070912483
4485.5			1.0
4486.4			1.0
4487.3			1.0
4488.2			1.0
4489.1			1.0
4490.0			1.0
4490.9			1.0
4491.8			1.0438205589297835
4492.7			1.0308952421537845
4493.6			0.9535155540985063
4494.5			0.8708073047013803
4495.4			0.844400527442158
4496.3			0.8695149381190362
4497.2			0.9225718662305351
4498.1			0.9769798148334885
4499.0			1.0082970604545312
4499.9			1.0
4500.8			1.0
4501.7			1.0
4502.6			1.0
4503.5			1.0
4504.4			1.0
4505.3			1.0
4506.2			1.0
4507.1			1.0
4508.0			1.0
4508.9			1.0
4509.8			1.0
4510.7			1.0
4511.6			1.0
4512.5			1.0
4513.4			1.0
4514.3			1.0
4515.2			1.0133990296185331
4516.1			1.030049382152716
4517.0			1.011588726559356
4517.9			0.9834935104176321
4518.8			0.9988180912045649
4519.7			1.0546816092972564
4520.6			1.1004562523553847
4521.5			1.0847250701212912
4522.4			1.0145059327452215
4523.3			0.9777613649319485
4524.2			0.9832455337964435
4525.1			0.9570245463438329
4526.0			0.9043741217315722
4526.9			0.8584980608771349
4527.8			0.82328937381508
4528.7			0.8124178819811282
4529.6			0.8342838272307745
4530.5			0.8692871943072735
4531.4			0.9188008578085213
4532.3			0.9596687277668432
4533.2			0.9364227875297243
4534.1			0.8767129032243519
4535.0			0.8397947357872587
4535.9			0.8792749951496086
4536.8			0.9990828136725791
4537.7			1.0852054762255092
4538.6			1.0687533996826457
4539.5			1.0044565578031155
4540.4			0.9552772766628028
4541.3			0.9548809855067141
4542.2			0.9999445716298557
4543.1			1.0
4544.0			1.0
4544.9			1.0
4545.8			1.0
4546.7			1.0
4547.6			1.0
4548.5			1.0
4549.4			0.9619031874807082
4550.3			0.9820895073161503
4551.2			1.0012073189811959
4552.1			0.9655364161324077
4553.0			0.9138555446083322
4553.9			0.8780626540286492
4554.8			0.8702627203302004
4555.7			0.9043187441020601
4556.6			0.9603998680550746
4557.5			0.995759271492721
4558.4			0.9947440975505977
4559.3			1.0
4560.2			1.0
4561.1			1.0
4562.0			1.0032945379165104
4562.9			0.9546258893841888
4563.8			0.888011680873395
4564.7			0.8503785895018117
4565.6			0.8641087189344683
4566.5			0.9325597521540837
4567.4			1.0003962357950422
4568.3			1.0
4569.2			1.0
4570.1			1.0
4571.0			1.0
4571.9			0.9875900121188095
4572.8			1.066317799349264
4573.7			1.112040414044714
4574.6			1.0909305167649381
4575.5			1.072744428311237
4576.4			1.0746636214887677
4577.3			1.0625422657583148
4578.2			1.0177557228104
4579.1			0.9425300878371675
4580.0			1.0
4580.9			0.994890146018962
4581.8			1.0418021451672967
4582.7			1.0703022828069049
4583.6			1.0639593184992038
4584.5			1.0441677078532148
4585.4			1.0099756404836358
4586.3			0.9999905045454379
4587.2			1.0500455735955754
4588.1			1.1117675541697012
4589.0			1.132873496451999
4589.9			1.1100984135440362
4590.8			1.0550575558803637
4591.7			0.9969310700336568
4592.6			0.9675101324305364
4593.5			0.9511909694590109
4594.4			0.9253019435007194
4595.3			0.9102408086057001
4596.2			0.9111142276634202
4597.1			0.9125931600187932
4598.0			0.9270488374512722
4598.9			0.9439389095028335
4599.8			0.9187719471625123
4600.7			0.8896709362528834
4601.6			0.9045201951026869
4602.5			0.9167390682003781
4603.4			0.9082671571854016
4604.3			0.8903528374293879
4605.2			0.8704253525719826
4606.1			0.8819833857135704
4607.0			0.9295844393672235
4607.9			0.9847670159962344
4608.8			1.0207369675134421
4609.7			1.006732542713798
4610.6			1.0
4611.5			1.0
4612.4			1.0
4613.3			1.0
4614.2			1.0
4615.1			1.0
4616.0			1.0
4616.9			1.0
4617.8			1.0
4618.7			1.0
4619.6			1.0
4620.5			1.0
4621.4			1.0
4622.3			1.0
4623.2			1.0
4624.1			1.0
4625.0			1.0
4625.9			1.0
4626.8			1.0
4627.7			1.0
4628.6			1.0
4629.5			1.0
4630.4			1.0
4631.3			1.0
4632.2			1.0
4633.1			1.0
4634.0			1.0
4634.9			1.0
4635.8			1.0
4636.7			1.0
4637.6			1.0
4638.5			1.0
4639.4			1.0
4640.3			1.0
4641.2			1.0547798059637314
4642.1			1.080149122067131
4643.0			1.0508185110630428
4643.9			1.0207258336571563
4644.8			0.9819289140410562
4645.7			0.909344726907406
4646.6			0.852950856269518
4647.5			0.850883535781485
4648.4			0.8855557161986118
4649.3			0.927587864749897
4650.2			0.9678479865443095
4651.1			0.9888923800920137
4652.0			1.0
4652.9			0.9957453996261213
4653.8			0.9452401092991075
4654.7			0.8887502071349499
4655.6			0.8666752264674753
4656.5			0.8738142079605524
4657.4			0.9272646642698298
4658.3			1.0004930119663453
4659.2			1.0
4660.1			1.0
4661.0			1.0
4661.9			1.0
4662.8			0.9497726088973665
4663.7			0.9395855299111131
4664.6			0.9565967231852721
4665.5			0.9282608287687864
4666.4			0.8373033969355038
4667.3			0.7666653799792463
4668.2			0.7863402904622085
4669.1			0.8627272432912961
4670.0			0.9314262474389949
4670.9			0.9787427804425939
4671.8			0.9999467023555341
4672.7			1.0
4673.6			1.0
4674.5			1.0
4675.4			1.0
4676.3			1.0
4677.2			0.9987870135698524
4678.1			0.9624179376432641
4679.0			0.9235398217450415
4679.9			0.889821486612556
4680.8			0.8677289949644573
4681.7			0.8721771021598196
4682.6			0.9226642593695193
4683.5			0.9801890059165014
4684.4			0.9987421583496715
4685.3			1.0
4686.2			1.0
4687.1			1.0
4688.0			1.0
4688.9			1.0
4689.8			1.0
4690.7			1.0
4691.6			0.9949198114375268
4692.5			1.0131118949400186
4693.4			1.0347652028990808
4694.3			1.058848015719914
4695.2			1.0884690451690306
4696.1			1.0973154238552665
4697.0			1.0575423886694364
4697.9			0.9801497836802108
4698.8			0.9318868772363056
4699.7			0.9490026859188585
4700.6			0.9703933616587918
4701.5			0.96611814288628
4702.4			0.9501069380866111
4703.3			0.9479775899468637
4704.2			0.97802507400986
4705.1			1.0082083201281193
4706.0			0.9998291968518377
4706.9			1.0
4707.8			1.0
4708.7			1.0
4709.6			1.0
4710.5			1.0
4711.4			1.0
4712.3			1.0
4713.2			1.0
4714.1			1.0
4715.0			1.0
4715.9			1.0
4716.8			1.0
4717.7			1.0
4718.6			1.0
4719.5			1.0
4720.4			1.0
4721.3			1.0
4722.2			1.0
4723.1			1.0056086345809245
4724.0			1.0410756363034466
4724.9			1.0691530768621489
4725.8			1.049311437867722
4726.7			0.9659410609351801
4727.6			0.8780389527868059
4728.5			0.8531152976033443
4729.4			0.8802107951485042
4730.3			0.9129100145707127
4731.2			0.9344314066901186
4732.1			0.9586752061616677
4733.0			0.9793937294834748
4733.9			0.9977244281235225
4734.8			1.0
4735.7			1.0
4736.6			1.0
4737.5			1.0
4738.4			1.0
4739.3			1.0
4740.2			1.0
4741.1			1.0
4742.0			1.0
4742.9			1.0
4743.8			1.0
4744.7			1.0
4745.6			1.0
4746.5			1.0
4747.4			1.0
4748.3			1.0
4749.2			1.0
4750.1			1.0
4751.0			1.0
4751.9			1.0
4752.8			1.0
4753.7			1.0
4754.6			1.0
4755.5			1.0
4756.4			1.0
4757.3			1.0
4758.2			1.0
4759.1			1.024040188350852
4760.0			1.0436677945982613
4760.9			1.0230942953615927
4761.8			0.97612868178506
4762.7			0.9535870978419813
4763.6			0.9548759892293308
4764.5			0.9379409104553663
4765.4			0.9102515219063592
4766.3			0.9108781485484914
4767.2			0.9433331229561925
4768.1			0.9900894122955102
4769.0			1.038415507924548
4769.9			1.06196652121589
4770.8			1.0394389679992257
4771.7			1.0000933128185159
4772.6			1.0
4773.5			1.0
4774.4			1.0
4775.3			1.0
4776.2			1.0
4777.1			1.008610962010893
4778.0			1.0167658018677013
4778.9			1.0044989467821042
4779.8			0.9934009326564813
4780.7			0.9897905606838452
4781.6			0.9774121942864104
4782.5			0.9460609866660308
4783.4			0.9279382401645587
4784.3			0.9453384985958416
4785.2			0.94554249773185
4786.1			0.9108723532242622
4787.0			0.9087973405106913
4787.9			0.9296124290605525
4788.8			0.92708537161184
4789.7			0.9164901911771977
4790.6			0.9226927057344912
4791.5			0.94212032085476
4792.4			0.9706046792502236
4793.3			1.0128995013951338
4794.2			1.0494540517762072
4795.1			1.0
4796.0			0.9797626915675273
4796.9			0.9493380462060265
4797.8			0.9124693329056478
4798.7			0.8780366230548541
4799.6			0.870147541481063
4800.5			0.8971264152881914
4801.4			0.9504571197019265
4802.3			0.9943108150130818
4803.2			1.000217616037626
4804.1			1.0
4805.0			1.0
4805.9			1.0
4806.8			1.0
4807.7			1.0
4808.6			1.0
4809.5			1.0
4810.4			1.0
4811.3			1.0
4812.2			1.0
4813.1			1.0
4814.0			1.0
4814.9			1.0
4815.8			1.0
4816.7			1.0
4817.6			1.0
4818.5			1.0
4819.4			1.0
4820.3			1.0
4821.2			1.0
4822.1			1.0
4823.0			1.0
4823.9			1.0
4824.8			1.0
4825.7			1.0
4826.6			1.0
4827.5			1.0
4828.4			1.0
4829.3			1.0
4830.2			1.0
4831.1			1.0
4832.0			1.0
4832.9			1.0
4833.8			1.0
4834.7			1.0159836328847611
4835.6			1.0060007013837444
4836.5			1.0045985563650726
4837.4			1.002099668942901
4838.3			0.9774474199503167
4839.2			0.9350220170918154
4840.1			0.9122455283342797
4841.0			0.9302241030691177
4841.9			0.9456753106030847
4842.8			0.9265232784895451
4843.7			0.9245530528064574
4844.6			0.9645960407624601
4845.5			1.0004430440792211
4846.4			1.0
4847.3			1.0
4848.2			1.0
4849.1			1.0
4850.0			1.0
4850.9			1.0
4851.8			1.0
4852.7			1.0
4853.6			1.0
4854.5			1.0
4855.4			1.0
4856.3			1.0
4857.2			1.0670465172899604
4858.1			1.0751337835001546
4859.0			1.0134451220016336
4859.9			0.8983718984065072
4860.8			0.7822090336210724
4861.7			0.7839886136502395
4862.6			0.9027453561845858
4863.5			0.9783787883747999
4864.4			0.9996367369074188
4865.3			1.0
4866.2			1.0
4867.1			1.0
4868.0			1.0
4868.9			1.0
4869.8			0.9922718225491105
4870.7			0.9184132953687241
4871.6			0.8731110886327234
4872.5			0.9181864168973888
4873.4			0.9933729700804457
4874.3			1.0
4875.2			1.0
4876.1			1.0
4877.0			1.0
4877.9			1.0
4878.8			1.0
4879.7			1.0
4880.6			1.0
4881.5			1.0
4882.4			1.0
4883.3			1.0
4884.2			0.9789491155588453
4885.1			0.9188509180386323
4886.0			0.8833819293961725
4886.9			0.8930893286643581
4887.8			0.9145781754350788
4888.7			0.9123692740797611
4889.6			0.8866106465130215
4890.5			0.8261674999567936
4891.4			0.8118417555453973
4892.3			0.900082373702259
4893.2			0.9952507383528172
4894.1			1.0389386450046847
4895.0			1.0571479787931197
4895.9			1.0510017081393153
4896.8			1.0391260820625008
4897.7			1.034545889150689
4898.6			1.0015631298954708
4899.5			1.0
4900.4			1.0
4901.3			1.0
4902.2			1.0
4903.1			1.0
4904.0			1.0
4904.9			1.0
4905.8			1.044689448501607
4906.7			1.0395438988106793
4907.6			0.991784479066448
4908.5			0.9421281362625985
4909.4			0.9000033887578335
4910.3			0.8731036278358517
4911.2			0.8837605115488244
4912.1			0.9253987530405491
4913.0			0.9545115677671198
4913.9			0.9683714195871994
4914.8			0.9989198503102192
4915.7			1.0
4916.6			0.9954956906982605
4917.5			0.9339773401009296
4918.4			0.8443499166397332
4919.3			0.7753617485362462
4920.2			0.7572431829185897
4921.1			0.8182185103548981
4922.0			0.9222821269381745
4922.9			0.9883181317510221
4923.8			0.9862289636731565
4924.7			1.0
4925.6			1.0
4926.5			1.0
4927.4			1.0
4928.3			1.0
4929.2			1.0
4930.1			1.0
4931.0			1.0
4931.9			1.0
4932.8			1.0
4933.7			1.0
4934.6			1.0
4935.5			1.0399881051844875
4936.4			1.0118657554657344
4937.3			0.9367183830155058
4938.2			0.8638118668094421
4939.1			0.8473020026556058
4940.0			0.9052158594660372
4940.9			0.977154250760438
4941.8			0.9950712073798416
4942.7			0.9918442536863482
4943.6			1.0
4944.5			1.0
4945.4			1.0
4946.3			1.0
4947.2			1.0
4948.1			1.0
4949.0			1.0
4949.9			1.0
4950.8			1.0
4951.7			1.0
4952.6			1.0
4953.5			1.0
4954.4			1.0
4955.3			1.0
4956.2			0.929919729795718
4957.1			0.8059631100131821
4958.0			0.7872269060543675
4958.9			0.9010372344609203
4959.8			1.0003622363674332
4960.7			1.0
4961.6			1.0
4962.5			1.0
4963.4			1.0
4964.3			1.0
4965.2			1.0
4966.1			1.0
4967.0			1.0
4967.9			1.0
4968.8			1.0
4969.7			1.0
4970.6			1.0
4971.5			1.0
4972.4			1.0
4973.3			1.0
4974.2			1.0
4975.1			1.0
4976.0			1.0
4976.9			1.0
4977.8			1.0
4978.7			1.0
4979.6			1.004272483199247
4980.5			0.9981812012909695
4981.4			0.9453367153033129
4982.3			0.8804842637856387
4983.2			0.8601843760485424
4984.1			0.8875145127222424
4985.0			0.9233986192591264
4985.9			0.9564225812128959
4986.8			1.0016134966510344
4987.7			1.0
4988.6			1.0
4989.5			1.0
4990.4			1.0
4991.3			1.0
4992.2			1.0
4993.1			1.0
4994.0			1.0
4994.9			1.0
4995.8			1.0
4996.7			1.0
4997.6			1.0
4998.5			1.0
4999.4			1.0
5000.3			1.0
5001.2			1.0121985013237382
5002.1			1.0262549911477767
5003.0			1.026319167715688
5003.9			1.0137091074011877
5004.8			0.9807120424404813
5005.7			0.939888371278528
5006.6			0.9432830585564713
5007.5			1.0090651998687332
5008.4			1.074547102261999
5009.3			1.0821333123379422
5010.2			1.0530086545958812
5011.1			1.0168997535225857
5012.0			0.9565098808543439
5012.9			0.9058858832809159
5013.8			0.8910512272257114
5014.7			0.9147191802359749
5015.6			0.9643777245652457
5016.5			0.9896390684944173
5017.4			0.9736456380939633
5018.3			0.9573030750569164
5019.2			0.9758491893058
5020.1			0.9926295299375077
5021.0			0.9785518906801831
5021.9			0.950772365062319
5022.8			0.9524874152684556
5023.7			0.9940678361341937
5024.6			1.023049907309379
5025.5			1.0233001850377401
5026.4			1.000800986657096
5027.3			1.0
5028.2			1.0
5029.1			1.0
5030.0			1.0
5030.9			1.0
5031.8			1.0
5032.7			1.0
5033.6			1.0
5034.5			1.0
5035.4			1.0
5036.3			1.0
5037.2			1.0156598590323191
5038.1			1.0110052893670936
5039.0			0.9429285025344845
5039.9			0.8440774592093615
5040.8			0.7631081271550584
5041.7			0.7824270301426137
5042.6			0.8904121097429492
5043.5			1.0
5044.4			1.039407773596044
5045.3			1.0710584691142038
5046.2			1.0866054024500809
5047.1			1.0456663046940895
5048.0			0.9603464844886076
5048.9			0.8985996237825269
5049.8			0.8918762705205652
5050.7			0.9053723152570715
5051.6			0.9087289905666972
5052.5			0.9190706588847349
5053.4			0.952175056947023
5054.3			0.9880417211845054
5055.2			0.9991823172666604
5056.1			1.0
5057.0			1.0
5057.9			1.0
5058.8			1.0
5059.7			1.0
5060.6			1.0
5061.5			1.0
5062.4			1.0
5063.3			0.9733981770277976
5064.2			0.9131903705900437
5065.1			0.8892902366144466
5066.0			0.9343012444876565
5066.9			0.9808822543693221
5067.8			1.0
5068.7			1.0
5069.6			1.0
5070.5			1.0
5071.4			1.0
5072.3			1.0
5073.2			1.0
5074.1			1.0
5075.0			0.9932427475244078
5075.9			0.9778052830929808
5076.8			0.9903961001837053
5077.7			0.9898895031699814
5078.6			0.9198630199139988
5079.5			0.8307842477392183
5080.4			0.8194282507734814
5081.3			0.8756444328478146
5082.2			0.9165792016030911
5083.1			0.9234640082021538
5084.0			0.9411947622290112
5084.9			0.9769846055372574
5085.8			1.0001939534340292
5086.7			1.0
5087.6			1.0
5088.5			1.0
5089.4			1.0
5090.3			1.0
5091.2			1.0
5092.1			1.0
5093.0			1.0
5093.9			1.0
5094.8			1.0
5095.7			0.9748570466432398
5096.6			0.9444864287340371
5097.5			0.903391988744656
5098.4			0.8609102998959587
5099.3			0.8623435793516091
5100.2			0.9240407220603216
5101.1			0.9880503400915155
5102.0			1.0124391566893653
5102.9			1.0012369365372034
5103.8			1.0
5104.7			1.0
5105.6			1.0
5106.5			1.0
5107.4			1.0
5108.3			1.0
5109.2			1.0
5110.1			1.0
5111.0			1.0
5111.9			1.0
5112.8			1.0
5113.7			1.0
5114.6			1.0123192535528034
5115.5			1.0180783050213045
5116.4			1.0353100548584189
5117.3			1.0606323346508524
5118.2			1.06948340408924
5119.1			1.0596288239010259
5120.0			1.0347785999041363
5120.9			1.0028784162282292
5121.8			0.964891008233176
5122.7			0.9116539893743328
5123.6			0.8698319246060039
5124.5			0.8782936961616279
5125.4			0.913282774380628
5126.3			0.9306802429485714
5127.2			1.0
5128.1			0.9870603344225403
5129.0			0.977451264060354
5129.9			0.9869493366748007
5130.8			1.0172356990570768
5131.7			1.0426577648333597
5132.6			1.0522248543323596
5133.5			1.0574526276992786
5134.4			1.0801375787070442
5135.3			1.0927164225024129
5136.2			1.05741774558718
5137.1			1.0077256803142862
5138.0			0.9710845206619731
5138.9			0.9406204517598742
5139.8			0.9556554940375004
5140.7			0.9944778159476155
5141.6			0.9652099730251094
5142.5			0.9107338972411202
5143.4			0.9280657424141437
5144.3			0.963920710269294
5145.2			0.9530040916308091
5146.1			0.9271053109035714
5147.0			0.9165365256509223
5147.9			0.9259446091845941
5148.8			0.9483108996138271
5149.7			0.9483296385427958
5150.6			0.9193973530499271
5151.5			0.8979170918329916
5152.4			0.8941634640415149
5153.3			0.8941375988867192
5154.2			0.904597195066195
5155.1			0.9343348846413191
5156.0			0.9686624683692466
5156.9			0.997906150954086
5157.8			1.0
5158.7			1.0
5159.6			1.0
5160.5			1.0
5161.4			1.0
5162.3			1.0
5163.2			1.0
5164.1			1.0
5165.0			1.0
5165.9			1.0
5166.8			1.0
5167.7			1.0
5168.6			1.0
5169.5			1.123908517756124
5170.4			1.1216545369734534
5171.3			0.9351742980071207
5172.2			0.7336336617249387
5173.1			0.7232849006373958
5174.0			0.8806668520889864
5174.9			1.0115071228650685
5175.8			1.0
5176.7			1.0
5177.6			1.0
5178.5			1.0
5179.4			1.0
5180.3			0.9678684194734791
5181.2			0.9058382484662764
5182.1			0.7754463376109594
5183.0			0.6175408481535225
5183.9			0.5909794739203028
5184.8			0.7366412817155732
5185.7			0.906507633459142
5186.6			0.9926630121075972
5187.5			1.0
5188.4			0.9946430889651035
5189.3			1.024112554749386
5190.2			1.0315723038783466
5191.1			0.9537715483352266
5192.0			0.8615337697620216
5192.9			0.8627440928620684
5193.8			0.9174181336598963
5194.7			0.9375846158905035
5195.6			0.9370278276737892
5196.5			0.9633439063788648
5197.4			0.9992112427524217
5198.3			1.0
5199.2			1.0
5200.1			1.0
5201.0			1.0
5201.9			0.9842798477277671
5202.8			0.9755060231300569
5203.7			0.9410623654073136
5204.6			0.8704485736704094
5205.5			0.8255411376470723
5206.4			0.8297741042060182
5207.3			0.8197351697538047
5208.2			0.7869591565502623
5209.1			0.8044764163632407
5210.0			0.8573160013392077
5210.9			0.9164748867188428
5211.8			0.9768773033690428
5212.7			1.0205514130637632
5213.6			1.031238093257523
5214.5			1.0005938030728858
5215.4			1.0
5216.3			1.0
5217.2			1.0
5218.1			1.0
5219.0			1.0
5219.9			1.0
5220.8			1.0
5221.7			1.0
5222.6			0.9723308150817118
5223.5			0.9233093733568906
5224.4			0.8657086956759663
5225.3			0.8111464462549831
5226.2			0.7657457348768645
5227.1			0.7796892909111272
5228.0			0.8752573398373291
5228.9			0.9633978040272824
5229.8			0.9999205054712671
5230.7			1.0
5231.6			1.0
5232.5			1.0
5233.4			1.0
5234.3			1.0
5235.2			1.0
5236.1			1.0
5237.0			1.0
5237.9			1.0
5238.8			1.0
5239.7			1.0
5240.6			1.0130121781824877
5241.5			1.0174111014730525
5242.4			1.0089927083060395
5243.3			1.0154359817645182
5244.2			1.0406189108502581
5245.1			1.0349337092380968
5246.0			0.9654076660976904
5246.9			0.8888915950240468
5247.8			0.8858643171061312
5248.7			0.9169182822541863
5249.6			0.8999130837352154
5250.5			0.8718939135535633
5251.4			0.8932201889920137
5252.3			0.9356095942632815
5253.2			0.9567298726026209
5254.1			0.9306766859009292
5255.0			0.8968401043237918
5255.9			0.9351159535331545
5256.8			1.0091925899586427
5257.7			1.056863590668242
5258.6			1.0663698453898631
5259.5			1.0
5260.4			0.9586631763739184
5261.3			0.90128142306528
5262.2			0.837742794113999
5263.1			0.7874768958301632
5264.0			0.7552825705858597
5264.9			0.726944943456451
5265.8			0.7200130441545304
5266.7			0.7770334040759552
5267.6			0.8233246100795866
5268.5			0.750976457648724
5269.4			0.6438840301105916
5270.3			0.6659340633998594
5271.2			0.7925660549442602
5272.1			0.8774926106071999
5273.0			0.8870708111608895
5273.9			0.8737358867543965
5274.8			0.8507052455714751
5275.7			0.8515257670918692
5276.6			0.9119590498382377
5277.5			0.9789250809109016
5278.4			1.0
5279.3			0.9721097100090934
5280.2			0.92828683861029
5281.1			0.8962456877367295
5282.0			0.8763078563360822
5282.9			0.8586931607411371
5283.8			0.8581389829374574
5284.7			0.9142664680454681
5285.6			0.990681390853962
5286.5			1.0266139862018968
5287.4			1.0164996950566194
5288.3			1.000555054746644
5289.2			1.0
5290.1			1.0
5291.0			1.007649038470647
5291.9			0.9887101063599917
5292.8			0.9638326126079172
5293.7			0.9600651568747401
5294.6			0.9587268072663776
5295.5			0.9311335596246945
5296.4			0.8675406651003799
5297.3			0.8020269756692702
5298.2			0.8047612353417116
5299.1			0.8751468306857632
5300.0			0.9189237830486006
5300.9			0.9153855386523237
5301.8			0.913782146069137
5302.7			0.9467024362981519
5303.6			1.0022036164007357
5304.5			1.0
5305.4			1.0
5306.3			1.0
5307.2			1.0
5308.1			1.0
5309.0			1.0
5309.9			1.0
5310.8			1.0
5311.7			1.0
5312.6			1.0
5313.5			1.0
5314.4			1.0
5315.3			1.0
5316.2			1.0
5317.1			1.0
5318.0			1.0
5318.9			1.0
5319.8			1.0
5320.7			1.0
5321.6			1.0
5322.5			1.0
5323.4			1.0
5324.3			1.0
5325.2			1.0225469441555126
5326.1			1.0040158069899914
5327.0			0.8873782519089931
5327.9			0.7554702549998015
5328.8			0.7659688510955532
5329.7			0.895537074507598
5330.6			1.0024560362189876
5331.5			1.0
5332.4			1.0
5333.3			1.0
5334.2			1.0
5335.1			1.0
5336.0			1.0
5336.9			1.0
5337.8			1.0037115172873914
5338.7			0.9847012189669259
5339.6			0.9202436653974785
5340.5			0.8768515130181024
5341.4			0.912296102610151
5342.3			0.970621429525327
5343.2			1.0001306187266144
5344.1			1.0
5345.0			1.0
5345.9			1.0
5346.8			1.0
5347.7			1.0
5348.6			1.0
5349.5			1.0
5350.4			1.0
5351.3			1.0
5352.2			1.0
5353.1			1.0
5354.0			1.0
5354.9			1.0
5355.8			1.0
5356.7			1.0
5357.6			1.0
5358.5			1.0
5359.4			1.0
5360.3			1.0
5361.2			1.0
5362.1			1.0
5363.0			1.0
5363.9			1.0
5364.8			1.0
5365.7			1.0
5366.6			1.0
5367.5			0.9895628519872611
5368.4			0.9709539832338492
5369.3			0.9146807973580166
5370.2			0.8433818213061252
5371.1			0.8089664742453616
5372.0			0.8543916875261968
5372.9			0.9351868806775391
5373.8			0.9796383985401207
5374.7			0.9919212076261682
5375.6			1.0
5376.5			1.0
5377.4			1.0
5378.3			1.0
5379.2			1.0
5380.1			1.0
5381.0			1.0
5381.9			1.0
5382.8			1.0
5383.7			1.0
5384.6			1.0
5385.5			1.0
5386.4			1.0
5387.3			1.0
5388.2			1.0
5389.1			1.0
5390.0			1.0
5390.9			1.0
5391.8			1.0
5392.7			1.0
5393.6			1.0
5394.5			1.0
5395.4			1.0
5396.3			1.0
5397.2			1.0
5398.1			1.054077535396157
5399.0			1.11014614044445
5399.9			1.1016313834975129
5400.8			1.0877241036399505
5401.7			1.100610434532298
5402.6			1.0864165802679304
5403.5			1.0129977009855136
5404.4			0.9211421912191147
5405.3			0.8647737621074029
5406.2			0.8744040276089526
5407.1			0.9275943668577421
5408.0			0.9550667763198675
5408.9			0.9298234245267106
5409.8			0.9035392378616413
5410.7			0.929984028878279
5411.6			0.976045582556797
5412.5			1.000052953724663
5413.4			1.0
5414.3			1.0
5415.2			1.0
5416.1			1.0
5417.0			1.0
5417.9			1.0
5418.8			1.0
5419.7			1.0
5420.6			1.0
5421.5			1.0
5422.4			1.0
5423.3			1.0
5424.2			1.0
5425.1			1.0
5426.0			1.0
5426.9			1.0345701839935562
5427.8			1.0133301409690012
5428.7			0.9305460246710935
5429.6			0.890386940088512
5430.5			0.95426930952537
5431.4			1.0125717962042085
5432.3			1.0060790997862084
5433.2			1.0
5434.1			1.0
5435.0			1.0
5435.9			1.0
5436.8			1.0
5437.7			1.0
5438.6			1.0
5439.5			1.0
5440.4			1.0
5441.3			1.0
5442.2			1.0
5443.1			1.0
5444.0			0.9736875380812664
5444.9			0.9210343017732874
5445.8			0.853443945563557
5446.7			0.822137775152858
5447.6			0.8759558400578278
5448.5			0.9580388408591721
5449.4			1.0001422212269795
5450.3			1.0
5451.2			1.0
5452.1			1.0
5453.0			0.9779515607929495
5453.9			0.9262311294360146
5454.8			0.8620058129266016
5455.7			0.8497886483872994
5456.6			0.9097779260366056
5457.5			0.9720622069033482
5458.4			0.9979046823298708
5459.3			1.0
5460.2			1.0
5461.1			1.0
5462.0			1.0
5462.9			1.0
5463.8			1.0
5464.7			1.0
5465.6			1.0
5466.5			1.0
5467.4			1.0
5468.3			1.0
5469.2			1.0
5470.1			1.0
5471.0			1.0076210781341506
5471.9			1.0237321704085465
5472.8			1.0134999603031118
5473.7			1.007335725731672
5474.6			1.0172637037036991
5475.5			0.9825360760309458
5476.4			0.923932557838981
5477.3			0.9494903606951278
5478.2			1.039966264945588
5479.1			1.0926053486217437
5480.0			1.0659710378572569
5480.9			1.0090519550062154
5481.8			1.0017607121115413
5482.7			1.0
5483.6			1.0
5484.5			1.0
5485.4			1.0
5486.3			1.0
5487.2			1.0
5488.1			1.0
5489.0			1.0
5489.9			1.0
5490.8			1.0
5491.7			1.0
5492.6			1.0
5493.5			1.0
5494.4			1.0
5495.3			1.0
5496.2			1.0
5497.1			1.0
5498.0			1.0
5498.9			1.0
5499.8			1.0
5500.7			1.0
5501.6			1.0
5502.5			1.0
5503.4			1.0
5504.3			1.0
5505.2			1.0
5506.1			1.0
5507.0			1.0069418484463954
5507.9			1.0482736687071967
5508.8			1.0585865608005156
5509.7			1.0394721946827823
5510.6			1.0101602986926734
5511.5			0.9626260828755648
5512.4			0.9229458589446856
5513.3			0.9202794043898895
5514.2			0.9343200088921141
5515.1			0.9517924073031975
5516.0			0.9612038874550606
5516.9			0.9669806035881403
5517.8			0.9932437053303897
5518.7			1.0
5519.6			1.0
5520.5			1.0
5521.4			1.0
5522.3			1.0
5523.2			1.0
5524.1			1.0
5525.0			0.9940858423791754
5525.9			0.9773300790936654
5526.8			0.949672853729451
5527.7			0.9199714464950952
5528.6			0.9210767366209721
5529.5			0.9632616008248895
5530.4			0.9987780622124991
5531.3			1.006304743573077
5532.2			1.0009136406774026
5533.1			1.0
5534.0			1.0
5534.9			1.0
5535.8			1.0
5536.7			1.0
5537.6			1.0
5538.5			1.0
5539.4			1.0
5540.3			1.0
5541.2			1.0
5542.1			1.0
5543.0			1.0
5543.9			1.0
5544.8			1.0
5545.7			1.0
5546.6			1.0
5547.5			1.0
5548.4			1.0
5549.3			1.0
5550.200000000001			1.0
5551.1			1.0
5552.0			1.0
5552.9			1.0
5553.8			1.0
5554.700000000001			1.0
5555.6			1.0
5556.5			1.0
5557.4			1.0
5558.3			1.0
5559.200000000001			1.0
5560.1			1.0
5561.0			1.0
5561.9			1.0
5562.8			1.0
5563.700000000001			1.0
5564.6			1.0
5565.5			1.0
5566.4			1.0
5567.3			1.0
5568.200000000001			1.0
5569.1			1.0
5570.0			1.0
5570.9			1.0
5571.8			1.0
5572.700000000001			1.0
5573.6			1.0
5574.5			1.0
5575.4			1.0
5576.3			1.0
5577.200000000001			1.0
5578.1			1.0
5579.0			0.9970016846571533
5579.9			1.0054261934224968
5580.8			1.001130623451414
5581.700000000001			0.9869213506565346
5582.6			0.9843044382636674
5583.5			0.9852322508751067
5584.4			0.9739603230921121
5585.3			0.9504855231279341
5586.200000000001			0.9149093293939856
5587.1			0.8757481631975129
5588.0			0.8595079408082587
5588.9			0.8719365708523207
5589.8			0.900297381004941
5590.700000000001			0.9265019909946165
5591.6			0.9334651381634694
5592.5			0.9278177463556423
5593.4			0.9173107660056551
5594.3			0.9210172223436925
5595.200000000001			0.9661919808746825
5596.1			1.0
5597.0			0.9858656805833057
5597.9			0.9383231483964627
5598.8			0.9209565885891063
5599.700000000001			0.9242135556574624
5600.6			0.9114663665885446
5601.5			0.8881627297321041
5602.4			0.8775348544520593
5603.3			0.9054166651332118
5604.200000000001			0.9604964825337897
5605.1			0.9966874491378553
5606.0			1.0052805220691714
5606.9			1.0039874204490047
5607.8			1.0000310265562753
5608.700000000001			1.0
5609.6			1.0
5610.5			1.0
5611.4			1.0
5612.3			1.0149269166972332
5613.200000000001			1.001498055960786
5614.1			0.9367074295709169
5615.0			0.8687583524006538
5615.9			0.8805776201978049
5616.8			0.9508864211033331
5617.700000000001			0.9974341093756053
5618.6			1.0
5619.5			1.0
5620.4			1.0
5621.3			1.0
5622.200000000001			1.008852625045103
5623.1			0.9739874959332355
5624.0			0.9181928951296799
5624.9			0.9041672114131502
5625.8			0.9400007126554434
5626.700000000001			0.9772355552279394
5627.6			0.9992211476804227
5628.5			1.0
5629.4			1.0
5630.3			1.0
5631.200000000001			1.0
5632.1			1.0
5633.0			1.0
5633.9			1.0
5634.8			1.0
5635.700000000001			1.0
5636.6			1.0
5637.5			1.0
5638.4			1.0
5639.3			1.0
5640.200000000001			1.0
5641.1			1.0
5642.0			1.0
5642.9			1.0
5643.8			1.0
5644.700000000001			1.0
5645.6			1.0
5646.5			1.0
5647.4			1.0
5648.3			1.0
5649.200000000001			1.0
5650.1			1.0
5651.0			1.0
5651.9			1.0
5652.8			1.0
5653.700000000001			1.0
5654.6			0.9762807142087344
5655.5			0.984865217232447
5656.4			0.9922283855864485
5657.3			0.9454566958182341
5658.200000000001			0.8937355274146701
5659.1			0.9126162474035402
5660.0			0.9776834087165354
5660.9			1.0108257362404127
5661.8			0.9982045802882075
5662.700000000001			1.0
5663.6			1.0
5664.5			1.0
5665.4			1.0
5666.3			1.0
5667.200000000001			1.0
5668.1			1.0
5669.0			1.0
5669.9			1.0
5670.8			1.0
5671.700000000001			1.0
5672.6			1.0
5673.5			1.0
5674.4			1.0
5675.3			1.0
5676.200000000001			1.0
5677.1			1.0
5678.0			1.0
5678.9			1.0
5679.8			1.0
5680.700000000001			1.0
5681.6			1.0
5682.5			1.0
5683.4			1.0
5684.3			1.0
5685.200000000001			1.0
5686.1			1.0
5687.0			1.0
5687.9			1.0
5688.8			1.0
5689.700000000001			1.0
5690.6			1.0
5691.5			1.0
5692.4			1.0
5693.3			1.0
5694.200000000001			1.0
5695.1			1.0
5696.0			1.0
5696.9			1.0
5697.8			1.0
5698.700000000001			1.0
5699.6			1.0
5700.5			1.0
5701.4			0.9769178634335708
5702.3			0.9783080446233705
5703.200000000001			1.001968361384231
5704.1			1.0235098311043946
5705.0			1.0155802761900694
5705.9			0.9835803649408688
5706.8			0.9578088805046895
5707.700000000001			0.9330500058055714
5708.6			0.9072271662809741
5709.5			0.9062855141589805
5710.4			0.9168372720547879
5711.3			0.9124365338833746
5712.200000000001			0.9257615300123454
5713.1			0.9730078399986142
5714.0			1.0045185273704524
5714.9			1.0021461644817704
5715.8			1.0022132800360166
5716.700000000001			1.0
5717.6			1.0
5718.5			1.0
5719.4			1.0
5720.3			1.0
5721.200000000001			1.0
5722.1			1.0
5723.0			1.0
5723.9			1.0
5724.8			1.0
5725.700000000001			1.0
5726.6			1.0
5727.5			1.0
5728.4			1.0
5729.3			1.0
5730.200000000001			1.0
5731.1			1.0
5732.0			1.0
5732.9			1.0
5733.8			1.0
5734.700000000001			1.0
5735.6			1.0
5736.5			1.0
5737.4			1.0
5738.3			1.0
5739.200000000001			1.0
5740.1			1.0
5741.0			1.0
5741.9			1.0
5742.8			1.0
5743.700000000001			1.0
5744.6			1.0
5745.5			1.0
5746.4			1.0
5747.3			1.0
5748.200000000001			1.0
5749.1			1.0
5750.0			1.0
5750.9			0.9997678181460371
5751.8			0.9658040513187773
5752.700000000001			0.92352756015898
5753.6			0.8989104058605938
5754.5			0.9140099129211612
5755.4			0.9598519364137412
5756.3			0.9977242258255606
5757.200000000001			1.0
5758.1			1.0
5759.0			1.0
5759.9			1.0
5760.8			1.0
5761.700000000001			1.0
5762.6			1.0
5763.5			1.0
5764.4			1.0
5765.3			1.0
5766.200000000001			1.0
5767.1			1.0
5768.0			1.0
5768.9			1.0
5769.8			1.0
5770.700000000001			1.0
5771.6			1.0
5772.5			1.0
5773.4			1.0
5774.3			0.9893852287964632
5775.200000000001			0.9942277114085446
5776.1			1.0111757316662546
5777.0			1.0173568747782693
5777.9			1.0095947283550732
5778.8			0.9925321416635238
5779.700000000001			0.9572858584498439
5780.6			0.906824174212321
5781.5			0.8792172352958614
5782.4			0.8924549065225403
5783.3			0.9105274024005131
5784.200000000001			0.9026503179101812
5785.1			0.8924100288735409
5786.0			0.9161176747838455
5786.9			0.9578988600980111
5787.8			0.9869157648034774
5788.700000000001			1.0001101193005424
5789.6			1.0
5790.5			1.0
5791.4			1.0
5792.3			1.0
5793.200000000001			1.0
5794.1			1.0
5795.0			1.0
5795.9			1.0
5796.8			1.0
5797.700000000001			1.0
5798.6			1.0
5799.5			1.0
5800.4			1.0
5801.3			1.0
5802.200000000001			1.0
5803.1			1.0
5804.0			1.0
5804.9			1.0
5805.8			1.0
5806.700000000001			1.0
5807.6			1.0
5808.5			1.0
5809.4			1.0
5810.3			1.0
5811.200000000001			1.0
5812.1			1.0
5813.0			1.0
5813.9			1.0
5814.8			1.0
5815.700000000001			1.0
5816.6			1.0
5817.5			1.0
5818.4			1.0
5819.3			1.0
5820.200000000001			1.0
5821.1			1.0
5822.0			1.0
5822.9			1.0
5823.8			1.0
5824.700000000001			1.0
5825.6			1.0
5826.5			1.0
5827.4			1.0
5828.3			1.0
5829.200000000001			1.0
5830.1			1.0
5831.0			1.0
5831.9			1.0
5832.8			1.0
5833.700000000001			1.0
5834.6			1.0
5835.5			1.0
5836.4			1.0
5837.3			1.0
5838.200000000001			1.0
5839.1			1.0
5840.0			1.0
5840.9			1.0
5841.8			1.0
5842.700000000001			1.0
5843.6			1.0
5844.5			1.0
5845.4			1.0
5846.3			1.0
5847.200000000001			1.0
5848.1			1.0
5849.0			1.0
5849.9			1.0
5850.8			1.0
5851.700000000001			1.0
5852.6			1.0
5853.5			1.0
5854.4			1.0124435678797545
5855.3			1.0210225739907233
5856.200000000001			0.9954292294865952
5857.1			0.9536139626024192
5858.0			0.9503054843039074
5858.9			0.9813443382442278
5859.8			1.0072257083821916
5860.700000000001			1.0141387220855331
5861.6			1.0011252619541557
5862.5			1.0
5863.4			1.0
5864.3			1.0
5865.200000000001			1.0
5866.1			1.0
5867.0			1.0
5867.9			1.0
5868.8			1.0
5869.700000000001			1.0
5870.6			1.0
5871.5			1.0
5872.4			1.0
5873.3			1.0
5874.200000000001			1.0
5875.1			1.0
5876.0			1.0
5876.9			1.0
5877.8			1.0
5878.700000000001			1.0
5879.6			1.0
5880.5			1.0
5881.4			1.0
5882.3			1.0
5883.200000000001			1.0
5884.1			1.0
5885.0			1.0
5885.9			1.0
5886.8			1.0094394216451377
5887.700000000001			0.9684948160863527
5888.6			0.8542807539530639
5889.5			0.7345800780572371
5890.4			0.7435821180005292
5891.3			0.8622610802256786
5892.200000000001			0.9640854949320246
5893.1			1.0136807980386378
5894.0			1.0087747524566641
5894.9			1.0
5895.8			1.0
5896.700000000001			1.0
5897.6			1.0
5898.5			1.0
5899.4			1.0
5900.3			1.0
5901.200000000001			1.0
5902.1			1.0
5903.0			1.0
5903.9			1.0
5904.8			1.0
5905.700000000001			1.0
5906.6			1.0
5907.5			1.0
5908.4			1.0
5909.3			1.0
5910.200000000001			1.0
5911.1			1.0
5912.0			1.0
5912.9			1.0
5913.8			1.0
5914.700000000001			1.0
5915.6			1.0
5916.5			1.0
5917.4			1.0
5918.3			1.0
5919.200000000001			1.0
5920.1			1.0
5921.0			1.0
5921.9			1.0
5922.8			1.0
5923.700000000001			1.0
5924.6			1.0
5925.5			1.0
5926.4			1.0
5927.3			1.0
5928.200000000001			1.0
5929.1			1.0
5930.0			1.0
5930.9			1.0
5931.8			1.0
5932.700000000001			1.0
5933.6			1.0
5934.5			1.0
5935.4			1.0
5936.3			1.0
5937.200000000001			1.0
5938.1			1.0
5939.0			1.0
5939.9			1.0
5940.8			1.0
5941.700000000001			1.0
5942.6			1.0
5943.5			1.0
5944.4			1.0
5945.3			1.0
5946.200000000001			1.0
5947.1			1.0
5948.0			1.0
5948.9			1.0
5949.8			1.0
5950.700000000001			1.0
5951.6			1.0
5952.5			1.0
5953.4			1.0
5954.3			1.0
5955.200000000001			1.0
5956.1			1.0
5957.0			1.0
5957.9			1.0
5958.8			1.0
5959.700000000001			1.0
5960.6			1.0
5961.5			1.0
5962.4			1.0
5963.3			1.0
5964.200000000001			1.0
5965.1			1.0
5966.0			1.0
5966.9			1.0
5967.8			1.0
5968.700000000001			1.0
5969.6			1.0
5970.5			1.0
5971.4			1.0
5972.3			1.0
5973.200000000001			1.0
5974.1			1.0
5975.0			1.0
5975.9			1.0
5976.8			1.0
5977.700000000001			1.0
5978.6			1.0
5979.5			1.0
5980.4			1.0
5981.3			1.0
5982.200000000001			1.0
5983.1			1.0
5984.0			1.0
5984.9			1.0
5985.8			1.0
5986.700000000001			1.0
5987.6			1.0
5988.5			1.0
5989.4			1.0
5990.3			1.0
5991.200000000001			1.0
5992.1			1.0
5993.0			1.0
5993.9			1.0
5994.8			1.0
5995.700000000001			1.0
5996.6			1.0
5997.5			1.0
5998.4			1.0
5999.3			1.0
6000.200000000001			1.0
6001.1			1.0
6002.0			1.0
6002.9			1.0
6003.8			1.0
6004.700000000001			1.014345510387809
6005.6			1.0040450135388808
6006.5			0.9864770665431045
6007.4			0.9608631901563147
6008.3			0.9575701927997794
6009.200000000001			0.9951619898978998
6010.1			1.0278501857041138
6011.0			1.0257347701094839
6011.9			0.9987686321090757
6012.8			1.0
6013.700000000001			1.0
6014.6			1.0
6015.5			1.0
6016.4			1.0
6017.3			1.0
6018.200000000001			1.0
6019.1			1.0
6020.0			1.0
6020.9			1.0
6021.8			1.0
6022.700000000001			1.0
6023.6			1.0
6024.5			1.0
6025.4			1.0
6026.3			1.0
6027.200000000001			1.0
6028.1			1.0
6029.0			1.0
6029.9			1.0
6030.8			1.0
6031.700000000001			1.0
6032.6			1.0
6033.5			1.0
6034.4			1.0
6035.3			1.0
6036.200000000001			1.0
6037.1			1.0
6038.0			1.0
6038.9			1.0
6039.8			1.0
6040.700000000001			1.0
6041.6			1.0
6042.5			1.0
6043.4			1.0
6044.3			1.0
6045.200000000001			1.0
6046.1			1.0
6047.0			1.0
6047.9			1.0
6048.8			1.0
6049.700000000001			1.0
6050.6			1.0
6051.5			1.0
6052.4			1.0
6053.3			1.0
6054.200000000001			1.0
6055.1			1.0
6056.0			1.0
6056.9			1.0
6057.8			1.0
6058.700000000001			1.0
6059.6			1.0
6060.5			1.0
6061.4			0.9871033482672404
6062.3			0.9676643684039622
6063.200000000001			0.9517023114751832
6064.1			0.9296687153367956
6065.0			0.9089451439080063
6065.9			0.923683783565561
6066.8			0.9626135283911483
6067.700000000001			0.9909816138736475
6068.6			1.0004267050882714
6069.5			1.0
6070.4			1.0
6071.3			1.0
6072.200000000001			1.0
6073.1			1.0
6074.0			1.0
6074.9			1.0
6075.8			1.0
6076.700000000001			1.0
6077.6			1.0
6078.5			1.0
6079.4			1.0
6080.3			1.0
6081.200000000001			1.0
6082.1			1.0
6083.0			1.0
6083.9			1.0
6084.8			1.0
6085.700000000001			1.0
6086.6			1.0
6087.5			1.0
6088.4			1.0
6089.3			1.0
6090.200000000001			1.0
6091.1			1.0
6092.0			1.0
6092.9			1.0
6093.8			1.0
6094.700000000001			1.0
6095.6			1.0
6096.5			1.0
6097.4			1.0
6098.3			1.0
6099.200000000001			1.0
6100.1			1.0074112197417442
6101.0			0.979768858687494
6101.9			0.917209317210035
6102.8			0.883850458408472
6103.700000000001			0.9212884813044279
6104.6			0.976527217452398
6105.5			1.0009261965312104
6106.4			1.0
6107.3			1.0
6108.200000000001			1.0
6109.1			1.0
6110.0			1.0
6110.9			1.0
6111.8			1.0
6112.700000000001			1.0
6113.6			1.0
6114.5			1.0
6115.4			1.0
6116.3			1.0
6117.200000000001			1.0
6118.1			1.0
6119.0			1.0
6119.9			1.0
6120.8			1.0
6121.700000000001			1.0
6122.6			1.0
6123.5			1.0
6124.4			1.0
6125.3			1.0
6126.200000000001			1.0
6127.1			1.0
6128.0			1.0
6128.9			1.0
6129.8			1.0
6130.700000000001			1.0
6131.6			1.0
6132.5			1.0
6133.4			1.0
6134.3			0.9781788079645897
6135.200000000001			0.9279980872584456
6136.1			0.8520920551469339
6137.0			0.8088957398984263
6137.9			0.8597632213126846
6138.8			0.952681699811253
6139.700000000001			1.0000711931923558
6140.6			1.0
6141.5			1.0
6142.4			1.0
6143.3			1.0
6144.200000000001			1.0
6145.1			1.0
6146.0			1.0
6146.9			1.0
6147.8			1.0
6148.700000000001			1.0
6149.6			1.0
6150.5			1.0
6151.4			1.0
6152.3			1.0
6153.200000000001			1.0
6154.1			1.0
6155.0			1.0
6155.9			1.0
6156.8			1.0
6157.700000000001			1.0
6158.6			1.0153020148168403
6159.5			1.0126574823810215
6160.4			0.9618826273132345
6161.3			0.8967651565019245
6162.200000000001			0.8674139166248391
6163.1			0.8908431569386603
6164.0			0.9433092488248644
6164.9			0.9862920985282116
6165.8			1.001512295443717
6166.700000000001			1.0
6167.6			1.0
6168.5			1.0
6169.4			1.0
6170.3			1.0
6171.200000000001			1.0
6172.1			1.0
6173.0			1.0
6173.9			1.0
6174.8			1.0
6175.700000000001			1.0
6176.6			1.0
6177.5			1.0
6178.4			1.0
6179.3			1.0
6180.200000000001			1.0
6181.1			1.0
6182.0			1.0
6182.9			1.0
6183.8			1.0
6184.700000000001			1.0
6185.6			1.0
6186.5			1.0
6187.4			1.0
6188.3			0.9914868030191382
6189.200000000001			0.9898925648913447
6190.1			0.959071902657436
6191.0			0.9065680942700722
6191.9			0.9086506128603464
6192.8			0.9646015640628165
6193.700000000001			0.9992514685206842
6194.6			1.0
6195.5			1.0
6196.4			1.0
6197.3			1.0
6198.200000000001			1.0
6199.1			1.0
6200.0			1.0
6200.9			1.0
6201.8			1.0
6202.700000000001			1.0
6203.6			1.0
6204.5			1.0
6205.4			1.0
6206.3			1.0
6207.200000000001			1.0
6208.1			1.0
6209.0			1.0
6209.9			1.0
6210.8			1.0
6211.700000000001			1.0
6212.6			1.0
6213.5			1.0
6214.4			1.0
6215.3			1.0
6216.200000000001			1.0
6217.1			1.0
6218.0			1.0
6218.9			1.0
6219.8			1.0
6220.700000000001			1.0
6221.6			1.0
6222.5			1.0
6223.4			1.0
6224.3			1.0
6225.200000000001			1.0
6226.1			1.0
6227.0			1.0049407846209077
6227.9			1.0046753867966722
6228.8			0.9745117400746791
6229.700000000001			0.9165057942111325
6230.6			0.8824766845552371
6231.5			0.8990739453672275
6232.4			0.9305313970388793
6233.3			0.9627427383630969
6234.200000000001			0.9999908062085868
6235.1			1.0
6236.0			1.0
6236.9			1.0
6237.8			1.0
6238.700000000001			1.0
6239.6			1.0
6240.5			1.0
6241.4			1.0
6242.3			1.0
6243.200000000001			1.0
6244.1			1.0
6245.0			1.0
6245.9			1.0
6246.8			1.0
6247.700000000001			1.0238965714804704
6248.6			1.0288572527639648
6249.5			1.0282906430845309
6250.4			1.0186209675061515
6251.3			0.9741125456989804
6252.200000000001			0.9293773068155976
6253.1			0.9234521113859295
6254.0			0.9397876865999991
6254.9			0.9463305099661359
6255.8			0.9303794307414884
6256.700000000001			0.9090421810319018
6257.6			0.8876087696506054
6258.5			0.88792950891621
6259.4			0.9280842806552924
6260.3			0.9547912843263664
6261.200000000001			0.9592990857268482
6262.1			0.9803572094116231
6263.0			1.0044855193082165
6263.9			0.9976626633778959
6264.8			0.9723847068374678
6265.700000000001			0.9738025707048509
6266.6			0.9951683641616981
6267.5			0.999939415894331
6268.4			1.0
6269.3			1.0
6270.200000000001			1.0
6271.1			1.0
6272.0			1.0
6272.9			1.0
6273.8			1.0
6274.700000000001			1.0
6275.6			1.0
6276.5			1.0
6277.4			1.0
6278.3			1.0
6279.200000000001			1.0
6280.1			1.0
6281.0			1.0
6281.9			1.0
6282.8			1.0
6283.700000000001			1.0
6284.6			1.0
6285.5			1.0
6286.4			1.0
6287.3			1.0
6288.200000000001			1.0
6289.1			1.0
6290.0			1.0
6290.9			1.0
6291.8			1.0
6292.700000000001			1.0
6293.6			1.0
6294.5			1.0
6295.4			1.0
6296.3			1.0
6297.200000000001			1.0
6298.1			1.0
6299.0			1.0
6299.9			1.0
6300.8			1.0
6301.700000000001			1.0
6302.6			1.0
6303.5			1.0
6304.4			1.0
6305.3			1.0
6306.200000000001			1.0
6307.1			1.0
6308.0			1.0
6308.9			1.0
6309.8			1.0
6310.700000000001			1.0
6311.6			1.0
6312.5			1.0
6313.4			1.0
6314.3			1.0
6315.200000000001			1.0
6316.1			1.0
6317.0			1.0
6317.9			1.0
6318.8			1.0
6319.700000000001			1.0
6320.6			1.0
6321.5			1.0
6322.4			1.0
6323.3			1.0
6324.200000000001			1.0
6325.1			1.0
6326.0			1.0
6326.9			1.0
6327.8			1.0
6328.700000000001			1.0
6329.6			1.0
6330.5			1.0
6331.4			1.0
6332.3			1.0129944464143597
6333.200000000001			1.018104639779101
6334.1			0.9922745583660921
6335.0			0.9463929056875043
6335.9			0.9291088443228749
6336.8			0.9510807152049797
6337.700000000001			0.9757874880890954
6338.6			0.9841609728647528
6339.5			0.9998347852214867
6340.4			1.0
6341.3			1.0
6342.200000000001			1.0
6343.1			1.0
6344.0			1.0
6344.9			1.0
6345.8			1.0
6346.700000000001			1.0
6347.6			1.0
6348.5			1.0
6349.4			1.0
6350.3			1.0
6351.200000000001			1.0
6352.1			1.0
6353.0			1.0
6353.9			1.0
6354.8			1.0
6355.700000000001			1.0
6356.6			1.0
6357.5			1.0
6358.4			1.0
6359.3			1.0
6360.200000000001			1.0
6361.1			1.0
6362.0			1.0
6362.9			1.0
6363.8			1.0
6364.700000000001			1.0
6365.6			1.0
6366.5			1.0
6367.4			1.0
6368.3			1.0
6369.200000000001			1.0
6370.1			1.0
6371.0			1.0
6371.9			1.0
6372.8			1.0
6373.700000000001			1.0
6374.6			1.0
6375.5			1.0
6376.4			1.0
6377.3			1.0
6378.200000000001			1.0
6379.1			1.0
6380.0			1.0
6380.9			1.0
6381.8			1.0
6382.700000000001			1.0
6383.6			1.0
6384.5			1.0
6385.4			1.0
6386.3			1.0
6387.200000000001			1.0
6388.1			1.0
6389.0			1.0
6389.9			1.0
6390.8			1.0
6391.700000000001			1.0
6392.6			1.0
6393.5			1.0
6394.4			1.0
6395.3			1.0
6396.200000000001			1.0
6397.1			1.0071481009821337
6398.0			0.9957524042445691
6398.9			0.955099113076757
6399.8			0.9102659282713726
6400.700000000001			0.9209646584658098
6401.6			0.9680771350059652
6402.5			0.9996499610354725
6403.4			1.0
6404.3			1.0
6405.200000000001			1.0
6406.1			1.0
6407.0			1.0
6407.9			1.0
6408.8			1.0
6409.700000000001			1.0
6410.6			1.0
6411.5			1.0
6412.4			1.0
6413.3			1.0
6414.200000000001			1.0
6415.1			1.0
6416.0			1.0
6416.9			1.0
6417.8			1.0
6418.700000000001			1.0
6419.6			1.0
6420.5			1.0
6421.4			1.0
6422.3			1.0
6423.200000000001			1.0
6424.1			1.0
6425.0			1.0
6425.9			1.0
6426.8			1.0
6427.700000000001			1.0
6428.6			1.0
6429.5			1.0
6430.4			1.0
6431.3			1.0
6432.200000000001			1.0
6433.1			1.0
6434.0			1.0
6434.9			1.0
6435.8			1.0
6436.700000000001			1.0
6437.6			1.0
6438.5			1.0
6439.4			1.0
6440.3			1.0
6441.200000000001			1.0
6442.1			1.0
6443.0			1.0
6443.9			1.0
6444.8			1.0
6445.700000000001			1.0
6446.6			1.0
6447.5			0.9911375221377814
6448.4			0.9427195317921133
6449.3			0.8727993316598907
6450.200000000001			0.8530098913509054
6451.1			0.902345905355577
6452.0			0.9646238946308069
6452.9			1.0017810827711304
6453.8			1.0
6454.700000000001			1.0
6455.6			1.0
6456.5			1.0
6457.4			1.0
6458.3			1.0
6459.200000000001			1.0
6460.1			1.0016981189966236
6461.0			0.9705350689957714
6461.9			0.9198349577282595
6462.8			0.9065741342779337
6463.700000000001			0.9431907257039124
6464.6			0.9844695064079491
6465.5			1.005876612979163
6466.4			1.0
6467.3			1.0
6468.200000000001			1.0
6469.1			1.0
6470.0			1.0
6470.9			1.0
6471.8			1.0
6472.700000000001			1.0
6473.6			1.0
6474.5			1.0
6475.4			1.0
6476.3			1.0
6477.200000000001			1.0
6478.1			1.0
6479.0			1.0
6479.9			1.0
6480.8			1.0
6481.700000000001			1.0
6482.6			1.0
6483.5			1.0
6484.4			1.0
6485.3			1.0
6486.200000000001			1.0
6487.1			1.0
6488.0			1.0
6488.9			0.9937455513591409
6489.8			0.9786132801082646
6490.700000000001			0.9696207646043838
6491.6			0.9682089379111578
6492.5			0.9562756225376603
6493.4			0.9112148303861535
6494.3			0.8569333013921108
6495.200000000001			0.8383622566045585
6496.1			0.8550243858304595
6497.0			0.888190607086788
6497.9			0.918570217149138
6498.8			0.9328628529655849
6499.700000000001			0.9507367705896744
6500.6			0.9790805399260687
6501.5			1.0034574214752299
6502.4			1.0
6503.3			1.0
6504.200000000001			1.0
6505.1			1.0
6506.0			1.0
6506.9			1.0
6507.8			1.0
6508.700000000001			1.0
6509.6			1.0
6510.5			1.0
6511.4			1.0
6512.3			1.0
6513.200000000001			1.0
6514.1			1.0
6515.0			1.0
6515.9			1.0
6516.8			1.0
6517.700000000001			1.0
6518.6			1.0
6519.5			1.0
6520.4			1.0
6521.3			1.0
6522.200000000001			1.0
6523.1			1.0
6524.0			1.0
6524.9			1.0
6525.8			1.0
6526.700000000001			1.0
6527.6			1.0
6528.5			1.0
6529.4			1.0
6530.3			1.0
6531.200000000001			1.0
6532.1			1.0
6533.0			1.0
6533.9			1.0
6534.8			1.0
6535.700000000001			1.0
6536.6			1.0
6537.5			1.0
6538.4			1.0
6539.3			1.0
6540.200000000001			1.0
6541.1			1.0
6542.0			1.0
6542.9			1.0
6543.8			1.0
6544.700000000001			1.0
6545.6			1.0
6546.5			1.0
6547.4			1.0
6548.3			1.0
6549.200000000001			1.0
6550.1			1.0
6551.0			1.0
6551.9			1.0
6552.8			1.0
6553.700000000001			1.0
6554.6			1.0
6555.5			1.0
6556.4			1.0
6557.3			1.0
6558.200000000001			1.0
6559.1			1.0
6560.0			0.9868814756785933
6560.9			0.9145012750496697
6561.8			0.7575654861582284
6562.700000000001			0.6438064253791161
6563.6			0.7130095740334101
6564.5			0.8819437071082061
6565.4			1.0001555221000833
6566.3			1.0
6567.200000000001			1.0
6568.1			1.0
6569.0			1.0
6569.9			1.0
6570.8			1.0
6571.700000000001			1.0
6572.6			1.0
6573.5			1.0
6574.4			1.0
6575.3			1.0
6576.200000000001			1.0
6577.1			1.0
6578.0			1.0
6578.9			1.0
6579.8			1.0
6580.700000000001			1.0
6581.6			1.0
6582.5			1.0
6583.4			1.0
6584.3			1.0
6585.200000000001			1.0
6586.1			1.0
6587.0			1.0
6587.9			1.0
6588.8			1.0
6589.700000000001			1.0
6590.6			0.994359581801194
6591.5			0.9651679346611025
6592.4			0.9178476193825543
6593.3			0.8967818229401113
6594.200000000001			0.927911264205849
6595.1			0.9754474841014139
6596.0			0.9995073732813844
6596.9			1.0
6597.8			1.0
6598.700000000001			1.0
6599.6			1.0
6600.5			1.0
6601.4			1.0
6602.3			1.0
6603.200000000001			1.0
6604.1			1.0
6605.0			1.0
6605.9			1.0
6606.8			1.0
6607.700000000001			1.0
6608.6			1.0
6609.5			1.0
6610.4			1.0
6611.3			1.0
6612.200000000001			1.0
6613.1			1.0
6614.0			1.0
6614.9			1.0
6615.8			1.0
6616.700000000001			1.0
6617.6			1.0
6618.5			1.0
6619.4			1.0
6620.3			1.0
6621.200000000001			1.0
6622.1			1.0
6623.0			1.0
6623.9			1.0
6624.8			1.0
6625.700000000001			1.0
6626.6			1.0
6627.5			1.0
6628.4			1.0
6629.3			1.0
6630.200000000001			1.0
6631.1			1.0
6632.0			1.0
6632.9			1.0
6633.8			1.0
6634.700000000001			1.0
6635.6			1.0
6636.5			1.0
6637.4			1.0
6638.3			1.0
6639.200000000001			1.0
6640.1			1.0
6641.0			1.0
6641.9			1.0
6642.8			1.0
6643.700000000001			1.0
6644.6			1.0
6645.5			1.0
6646.4			1.0
6647.3			1.0
6648.200000000001			1.0
6649.1			1.0
6650.0			1.0
6650.9			1.0
6651.8			1.0
6652.700000000001			1.0
6653.6			1.0
6654.5			1.0
6655.4			1.0
6656.3			1.0
6657.200000000001			1.0
6658.1			1.0
6659.0			1.0
6659.9			1.0
6660.8			1.0
6661.700000000001			1.0
6662.6			1.0
6663.5			1.0
6664.4			1.0
6665.3			1.0
6666.200000000001			1.0
6667.1			1.0
6668.0			1.0
6668.9			1.0
6669.8			1.0
6670.700000000001			1.0
6671.6			1.0
6672.5			1.0
6673.4			1.0
6674.3			1.0
6675.200000000001			1.0
6676.1			1.0
6677.0			1.0
6677.9			1.0
6678.8			1.0
6679.700000000001			1.0
6680.6			1.0
6681.5			1.0
6682.4			1.0
6683.3			1.0
6684.200000000001			1.0
6685.1			1.0
6686.0			1.0
6686.9			1.0
6687.8			1.0
6688.700000000001			1.0
6689.6			1.0
6690.5			1.0
6691.4			1.0
6692.3			1.0
6693.200000000001			1.0
6694.1			1.0
6695.0			1.0
6695.9			1.0
6696.8			1.0
6697.700000000001			1.0
6698.6			1.0
6699.5			1.0
6700.4			1.0
6701.3			1.0
6702.200000000001			1.0
6703.1			1.0
6704.0			1.0
6704.9			1.0
6705.8			1.0
6706.700000000001			1.0
6707.6			1.0
6708.5			1.0
6709.4			1.0
6710.3			1.0
6711.200000000001			1.0
6712.1			1.0
6713.0			1.0
6713.9			1.0
6714.8			1.0
6715.700000000001			1.0
6716.6			1.0
6717.5			1.0
6718.4			1.0
6719.3			1.0
6720.200000000001			1.0
6721.1			1.0
6722.0			1.0
6722.9			1.0
6723.8			1.0
6724.700000000001			1.0
6725.6			1.0
6726.5			1.0
6727.4			1.0
6728.3			1.0
6729.200000000001			1.0
6730.1			1.0
6731.0			1.0
6731.9			1.0
6732.8			1.0
6733.700000000001			1.0
6734.6			1.0
6735.5			1.0
6736.4			1.0
6737.3			1.0
6738.200000000001			1.0
6739.1			1.0
6740.0			1.0
6740.9			1.0
6741.8			1.0
6742.700000000001			1.0
6743.6			1.0
6744.5			1.0
6745.4			1.0
6746.3			1.0
6747.200000000001			1.0
6748.1			1.0
6749.0			1.0
6749.9			1.0
6750.8			1.0
6751.700000000001			1.0
6752.6			1.0
6753.5			1.0
6754.4			1.0
6755.3			1.0
6756.200000000001			1.0
6757.1			1.0
6758.0			1.0
6758.9			1.0
6759.8			1.0
6760.700000000001			1.0
6761.6			1.0
6762.5			1.0
6763.4			1.0
6764.3			1.0
6765.200000000001			1.0
6766.1			1.0
6767.0			1.0
6767.9			1.0
6768.8			1.0
6769.700000000001			1.0
6770.6			1.0
6771.5			1.0
6772.4			1.0
6773.3			1.0
6774.200000000001			1.0
6775.1			1.0
6776.0			1.0
6776.9			1.0
6777.8			1.0
6778.700000000001			1.0
6779.6			1.0
6780.5			1.0
6781.4			1.0
6782.3			1.0
6783.200000000001			1.0
6784.1			1.0
6785.0			1.0
6785.9			1.0
6786.8			1.0
6787.700000000001			1.0
6788.6			1.0
6789.5			1.0
6790.4			1.0
6791.3			1.0
6792.200000000001			1.0
6793.1			1.0
6794.0			1.0
6794.9			1.0
6795.8			1.0
6796.700000000001			1.0
6797.6			1.0
6798.5			1.0
6799.4			1.0
6800.3			1.0
6801.200000000001			1.0
6802.1			1.0
6803.0			1.0
6803.9			1.0
6804.8			1.0
6805.700000000001			1.0
6806.6			1.0
6807.5			1.0
6808.4			1.0
6809.3			1.0
6810.200000000001			1.0
6811.1			1.0
6812.0			1.0
6812.9			1.0
6813.8			1.0
6814.700000000001			1.0
6815.6			1.0
6816.5			1.0
6817.4			1.0
6818.3			1.0
6819.200000000001			1.0
6820.1			1.0
6821.0			1.0
6821.9			1.0
6822.8			1.0
6823.700000000001			1.0
6824.6			1.0
6825.5			1.0
6826.4			1.0
6827.3			1.0
6828.200000000001			1.0
6829.1			1.0
6830.0			1.0
6830.9			1.0
6831.8			1.0
6832.700000000001			1.0
6833.6			1.0
6834.5			1.0
6835.4			1.0
6836.3			1.0
6837.200000000001			1.0
6838.1			1.0
6839.0			1.0
6839.9			1.0
6840.8			1.0
6841.700000000001			1.0
6842.6			1.0
6843.5			1.0
6844.4			1.0
6845.3			1.0
6846.200000000001			1.0
6847.1			1.0
6848.0			1.0
6848.9			1.0
6849.8			1.0
6850.700000000001			1.0
6851.6			1.0
6852.5			1.0
6853.4			1.0
6854.3			1.0
6855.200000000001			1.0
6856.1			1.0
6857.0			1.0
6857.9			1.0
6858.8			1.0
6859.700000000001			1.0
6860.6			1.0
6861.5			1.0
6862.4			1.0
6863.3			1.0
6864.200000000001			1.0
6865.1			1.0
6866.0			1.0
6866.9			1.0
6867.8			1.0
6868.700000000001			1.0
6869.6			1.0
6870.5			1.0
6871.4			1.0
6872.3			1.0
6873.200000000001			1.0
6874.1			1.0
6875.0			1.0
6875.9			1.0
6876.8			1.0
6877.700000000001			1.0
6878.6			1.0
6879.5			1.0
6880.4			1.0
6881.3			1.0
6882.200000000001			1.0
6883.1			1.0
6884.0			1.0
6884.9			1.0
6885.8			1.0
6886.700000000001			1.0
6887.6			1.0
6888.5			1.0
6889.4			1.0
6890.3			1.0
6891.200000000001			1.0
6892.1			1.0
6893.0			1.0
6893.9			1.0
6894.8			1.0
6895.700000000001			1.0
6896.6			1.0
6897.5			1.0
6898.4			1.0
6899.3			1.0
6900.200000000001			1.0
6901.1			1.0
6902.0			1.0
6902.9			1.0
6903.8			1.0
6904.700000000001			1.0
6905.6			1.0
6906.5			1.0
6907.4			1.0
6908.3			1.0
6909.200000000001			1.0
6910.1			1.0
6911.0			1.0
6911.9			1.0
6912.8			1.0
6913.700000000001			1.0
6914.6			1.0
6915.5			1.0
6916.4			1.0
6917.3			1.0
6918.200000000001			1.0
6919.1			1.0
6920.0			1.0
6920.9			1.0
6921.8			1.0
6922.700000000001			1.0
6923.6			1.0
6924.5			1.0
6925.4			1.0
6926.3			1.0
6927.200000000001			1.0
6928.1			1.0
6929.0			1.0
6929.9			1.0
6930.8			1.0
6931.700000000001			1.0
6932.6			1.0
6933.5			1.0
6934.4			1.0
6935.3			1.0
6936.200000000001			1.0
6937.1			1.0
6938.0			1.0
6938.9			1.0
6939.8			1.0
6940.700000000001			1.0
6941.6			1.0
6942.5			1.0
6943.4			1.0
6944.3			1.0
6945.200000000001			1.0
6946.1			1.0
6947.0			1.0
6947.9			1.0
6948.8			1.0
6949.700000000001			1.0
6950.6			1.0
6951.5			1.0
6952.4			1.0
6953.3			1.0
6954.200000000001			1.0
6955.1			1.0
6956.0			1.0
6956.9			1.0
6957.8			1.0
6958.700000000001			1.0
6959.6			1.0
6960.5			1.0
6961.4			1.0
6962.3			1.0
6963.200000000001			1.0
6964.1			1.0
6965.0			1.0
6965.9			1.0
6966.8			1.0
6967.700000000001			1.0
6968.6			1.0
6969.5			1.0
6970.4			1.0
6971.3			1.0
6972.200000000001			1.0
6973.1			1.0
6974.0			1.0
6974.9			0.9826783985313686
6975.8			0.9635029248627203
6976.700000000001			0.942544740328256
6977.6			0.9110064283798044
6978.5			0.8846188315756092
6979.4			0.8967767388616882
6980.3			0.9395490443526257
6981.200000000001			0.9779473935031914
6982.1			0.9998920544236396
6983.0			1.0
6983.9			1.0
6984.8			1.0
6985.700000000001			1.0
6986.6			1.0
6987.5			1.0
6988.4			1.0
6989.3			1.0
6990.200000000001			1.0
6991.1			1.0
6992.0			1.0
6992.9			1.0
6993.8			1.0
6994.700000000001			1.0
6995.6			1.0
6996.5			1.0
6997.4			1.0
6998.3			1.0
6999.200000000001			1.0
7000.1			1.0
7001.0			1.0
7001.9			1.0
7002.8			1.0
7003.700000000001			1.0
7004.6			1.0
7005.5			1.0
7006.4			1.0
7007.3			1.0
7008.200000000001			1.0
7009.1			1.0
7010.0			1.0
7010.9			1.0
7011.8			1.0
7012.700000000001			1.0
7013.6			1.0
7014.5			1.0
7015.4			1.0
7016.3			1.0
7017.200000000001			1.0
7018.1			1.0
7019.0			1.0
7019.9			1.0
7020.8			1.0
7021.700000000001			1.0
7022.6			1.0
7023.5			1.0
7024.4			1.0
7025.3			1.0
7026.200000000001			1.0
7027.1			1.0
7028.0			1.0
7028.9			1.0
7029.8			1.0
7030.700000000001			1.0
7031.6			1.0
7032.5			1.0
7033.4			1.0
7034.3			1.0
7035.200000000001			1.0
7036.1			1.0
7037.0			1.0
7037.9			1.0
7038.8			1.0
7039.700000000001			1.0
7040.6			1.0
7041.5			1.0
7042.4			1.0
7043.3			1.0
7044.200000000001			1.0
7045.1			1.0
7046.0			1.0
7046.9			1.0
7047.8			1.0
7048.700000000001			1.0
7049.6			1.0
7050.5			1.0
7051.4			1.0
7052.3			1.0
7053.200000000001			1.0
7054.1			1.0
7055.0			1.0
7055.9			1.0
7056.8			1.0
7057.700000000001			1.0
7058.6			1.0
7059.5			1.0
7060.4			1.0
7061.3			1.0
7062.200000000001			1.0
7063.1			1.0
7064.0			1.0
7064.9			1.0
7065.8			1.0
7066.700000000001			1.0
7067.6			1.0
7068.5			1.0
7069.4			1.0
7070.3			1.0
7071.200000000001			1.0
7072.1			1.0
7073.0			1.0
7073.9			1.0
7074.8			1.0
7075.700000000001			1.0
7076.6			1.0
7077.5			1.0
7078.4			1.0
7079.3			1.0
7080.200000000001			1.0
7081.1			1.0
7082.0			1.0
7082.9			1.0
7083.8			1.0
7084.700000000001			1.0
7085.6			1.0
7086.5			1.0
7087.4			1.0
7088.3			1.0
7089.200000000001			1.0
7090.1			1.0
7091.0			1.0
7091.9			1.0
7092.8			1.0
7093.700000000001			1.0
7094.6			1.0
7095.5			1.0
7096.4			1.0
7097.3			1.0
7098.200000000001			1.0
7099.1			1.0
7100.0			1.0
7100.9			1.0
7101.8			1.0
7102.700000000001			1.0
7103.6			1.0
7104.5			1.0
7105.4			1.0
7106.3			1.0
7107.200000000001			1.0
7108.1			1.0
7109.0			1.0
7109.9			1.0
7110.8			1.0
7111.700000000001			1.0
7112.6			1.0
7113.5			1.0
7114.4			1.0
7115.3			1.0
7116.200000000001			1.0
7117.1			1.0
7118.0			1.0
7118.9			1.0
7119.8			1.0
7120.700000000001			1.0
7121.6			1.0
7122.5			1.0
7123.4			1.0
7124.3			1.0
7125.200000000001			1.0
7126.1			1.0
7127.0			1.0
7127.9			1.0
7128.8			1.0
7129.700000000001			1.0
7130.6			1.0
7131.5			1.0
7132.4			1.0
7133.3			1.0
7134.200000000001			1.0
7135.1			1.0
7136.0			1.0
7136.9			1.0
7137.8			1.0
7138.700000000001			1.0
7139.6			1.0
7140.5			1.0
7141.4			1.0
7142.3			1.0
7143.200000000001			1.0
7144.1			1.0
7145.0			1.0
7145.9			1.0
7146.8			1.0
7147.700000000001			1.0
7148.6			1.0
7149.5			1.0
7150.4			1.0
7151.3			1.0
7152.200000000001			1.0
7153.1			1.0
7154.0			1.0
7154.9			1.0
7155.8			1.0
7156.700000000001			1.0
7157.6			1.0
7158.5			1.0
7159.4			1.0
7160.3			1.0
7161.200000000001			1.0
7162.1			1.0
7163.0			1.0
7163.9			1.0
7164.8			1.0
7165.700000000001			1.0
7166.6			1.0
7167.5			1.0
7168.4			1.0
7169.3			1.0
7170.200000000001			1.0
7171.1			1.0
7172.0			1.0
7172.9			1.0
7173.8			1.0
7174.700000000001			1.0
7175.6			1.0
7176.5			1.0
7177.4			1.0
7178.3			1.0
7179.200000000001			1.0
7180.1			1.0
7181.0			1.0
7181.9			1.0
7182.8			1.0
7183.700000000001			1.0
7184.6			1.0
7185.5			1.0
7186.4			1.0
7187.3			1.0
7188.200000000001			1.0
7189.1			1.0
7190.0			1.0
7190.9			1.0
7191.8			1.0
7192.700000000001			1.0
7193.6			1.0
7194.5			1.0
7195.4			1.0
7196.3			1.0
7197.200000000001			1.0
7198.1			1.0
7199.0			1.0
7199.9			1.0
7200.8			1.0
7201.700000000001			1.0
7202.6			1.0
7203.5			1.0
7204.4			1.0
7205.3			1.0
7206.200000000001			1.0
7207.1			1.0
7208.0			1.0
7208.9			1.0
7209.8			1.0
7210.700000000001			1.0
7211.6			1.0
7212.5			1.0
7213.4			1.0
7214.3			1.0
7215.200000000001			1.0
7216.1			1.0
7217.0			1.0
7217.9			1.0
7218.8			1.0
7219.700000000001			1.0
7220.6			1.0
7221.5			1.0
7222.4			1.0
7223.3			1.0
7224.200000000001			1.0
7225.1			1.0
7226.0			1.0
7226.9			1.0
7227.8			1.0
7228.700000000001			1.0
7229.6			1.0
7230.5			1.0
7231.4			1.0
7232.3			1.0
7233.200000000001			1.0
7234.1			1.0
7235.0			1.0
7235.9			1.0
7236.8			1.0
7237.700000000001			1.0
7238.6			1.0
7239.5			1.0
7240.4			1.0
7241.3			1.0
7242.200000000001			1.0
7243.1			1.0
7244.0			1.0
7244.9			1.0
7245.8			1.0
7246.700000000001			1.0
7247.6			1.0
7248.5			1.0
7249.4			1.0
7250.3			1.0
7251.200000000001			1.0
7252.1			1.0
7253.0			1.0
7253.9			1.0
7254.8			1.0
7255.700000000001			1.0
7256.6			1.0
7257.5			1.0
7258.4			1.0
7259.3			1.0
7260.200000000001			1.0
7261.1			1.0
7262.0			1.0
7262.9			1.0
7263.8			1.0
7264.700000000001			1.0
7265.6			1.0
7266.5			1.0
7267.4			1.0
7268.3			1.0
7269.200000000001			1.0
7270.1			1.0
7271.0			1.0
7271.9			1.0
7272.8			1.0
7273.700000000001			1.0
7274.6			1.0
7275.5			1.0
7276.4			1.0
7277.3			1.0
7278.200000000001			1.0
7279.1			1.0
7280.0			1.0
7280.9			1.0
7281.8			1.0
7282.700000000001			1.0
7283.6			1.0
7284.5			1.0
7285.4			1.0
7286.3			1.0
7287.200000000001			1.0
7288.1			1.0
7289.0			1.0
7289.9			1.0
7290.8			1.0
7291.700000000001			1.0
7292.6			1.0
7293.5			1.0
7294.4			1.0
7295.3			1.0
7296.200000000001			1.0
7297.1			1.0
7298.0			1.0
7298.9			1.0
7299.8			1.0
7300.700000000001			1.0
7301.6			1.0
7302.5			1.0
7303.4			1.0
7304.3			1.0
7305.200000000001			1.0
7306.1			1.0
7307.0			1.0
7307.9			1.0
7308.8			1.0
7309.700000000001			1.0
7310.6			1.0
7311.5			1.0
7312.4			1.0
7313.3			1.0
7314.200000000001			1.0
7315.1			1.0
7316.0			1.0
7316.9			1.0
7317.8			1.0
7318.700000000001			1.0
7319.6			1.0
7320.5			1.0
7321.4			1.0
7322.3			1.0
7323.200000000001			1.0
7324.1			1.0
7325.0			1.0
7325.9			1.0
7326.8			1.0
7327.700000000001			1.0
7328.6			1.0
7329.5			1.0
7330.4			1.0
7331.3			1.0
7332.200000000001			1.0
7333.1			1.0
7334.0			1.0
7334.9			1.0
7335.8			1.0
7336.700000000001			1.0
7337.6			1.0
7338.5			1.0
7339.4			1.0
7340.3			1.0
7341.200000000001			1.0
7342.1			1.0
7343.0			1.0
7343.9			1.0
7344.8			1.0
7345.700000000001			1.0
7346.6			1.0
7347.5			1.0
7348.4			1.0
7349.3			1.0
7350.200000000001			1.0
7351.1			1.0
7352.0			1.0
7352.9			1.0
7353.8			1.0
7354.700000000001			1.0
7355.6			1.0
7356.5			1.0
7357.4			1.0
7358.3			1.0
7359.200000000001			1.0
7360.1			1.0
7361.0			1.0
7361.9			1.0
7362.8			1.0
7363.700000000001			1.0
7364.6			1.0
7365.5			1.0
7366.4			1.0
7367.3			1.0
7368.200000000001			1.0
7369.1			1.0
7370.0			1.0
7370.9			1.0
7371.8			1.0
7372.700000000001			1.0
7373.6			1.0
7374.5			1.0
7375.4			1.0
7376.3			1.0
7377.200000000001			1.0
7378.1			1.0
7379.0			1.0
7379.9			1.0
7380.8			1.0
7381.700000000001			1.0
7382.6			1.0
7383.5			1.0
7384.4			1.0
7385.3			1.0
7386.200000000001			1.0
7387.1			1.0
7388.0			1.0
7388.9			1.0
7389.8			1.0
7390.700000000001			1.0
7391.6			1.0
7392.5			1.0
7393.4			1.0
7394.3			1.0
7395.200000000001			1.0
7396.1			1.0
7397.0			1.0
7397.9			1.0
7398.8			1.0
7399.700000000001			1.0
7400.6			1.0
7401.5			1.0
7402.4			1.0
7403.3			1.0
7404.200000000001			1.0
7405.1			1.0
7406.0			1.0
7406.9			1.0
7407.8			1.0
7408.700000000001			1.0
7409.6			1.0
7410.5			1.0
7411.4			1.0
7412.3			1.0
7413.200000000001			1.0
7414.1			1.0
7415.0			1.0
7415.9			1.0
7416.8			1.0
7417.700000000001			1.0
7418.6			1.0
7419.5			1.0
7420.4			1.0
7421.3			1.0
7422.200000000001			1.0
7423.1			1.0
7424.0			1.0
7424.9			1.0
7425.8			1.0
7426.700000000001			1.0
7427.6			1.0
7428.5			1.0
7429.4			1.0
