3500.0			1.0
3500.9			1.0
3501.8			1.0
3502.7			1.0
3503.6			1.0
3504.5			1.0
3505.4			1.0
3506.3			1.0
3507.2			1.0
3508.1			1.0
3509.0			1.0
3509.9			1.0
3510.8			1.0
3511.7			1.0
3512.6			1.0
3513.5			1.0
3514.4			1.0
3515.3			1.0
3516.2			1.0
3517.1			1.0
3518.0			1.0
3518.9			1.0
3519.8			1.0
3520.7			1.0
3521.6			1.0
3522.5			1.0
3523.4			1.0
3524.3			1.0
3525.2			1.0
3526.1			1.0
3527.0			1.0
3527.9			1.0
3528.8			1.0
3529.7			1.0
3530.6			1.0
3531.5			1.0
3532.4			1.0
3533.3			1.0
3534.2			1.0
3535.1			1.0
3536.0			1.0
3536.9			1.0
3537.8			1.0
3538.7			1.0
3539.6			1.0
3540.5			1.0
3541.4			1.0
3542.3			1.0
3543.2			1.0
3544.1			1.0
3545.0			1.0
3545.9			1.0
3546.8			1.0
3547.7			1.0
3548.6			1.0
3549.5			1.0
3550.4			1.0
3551.3			1.0
3552.2			1.0
3553.1			1.0
3554.0			1.0
3554.9			1.0
3555.8			1.0
3556.7			1.0
3557.6			1.0
3558.5			1.0
3559.4			1.0
3560.3			1.0
3561.2			1.0
3562.1			1.0
3563.0			1.0
3563.9			1.0
3564.8			1.0
3565.7			1.0
3566.6			1.0
3567.5			1.0
3568.4			1.0
3569.3			1.0
3570.2			1.0
3571.1			1.0
3572.0			1.0
3572.9			1.0
3573.8			1.0
3574.7			1.0
3575.6			1.0
3576.5			1.0
3577.4			1.0
3578.3			1.0
3579.2			1.0
3580.1			1.0
3581.0			1.0
3581.9			1.0
3582.8			1.0
3583.7			1.0
3584.6			1.0
3585.5			1.0
3586.4			1.0
3587.3			1.0
3588.2			1.0
3589.1			1.0
3590.0			1.0
3590.9			1.0
3591.8			1.0
3592.7			1.0
3593.6			1.0
3594.5			1.0
3595.4			1.0
3596.3			1.0
3597.2			1.0
3598.1			1.0
3599.0			1.0
3599.9			1.0
3600.8			1.0
3601.7			1.0
3602.6			1.0
3603.5			1.0
3604.4			1.0
3605.3			1.0
3606.2			1.0
3607.1			1.0
3608.0			1.0
3608.9			1.0
3609.8			1.0
3610.7			1.0
3611.6			1.0
3612.5			1.0
3613.4			1.0
3614.3			1.0
3615.2			1.0
3616.1			1.0
3617.0			1.0
3617.9			1.0
3618.8			1.0
3619.7			1.0
3620.6			1.0
3621.5			1.0
3622.4			1.0
3623.3			1.0
3624.2			1.0
3625.1			1.0
3626.0			1.0
3626.9			1.0
3627.8			1.0
3628.7			1.0
3629.6			1.0
3630.5			1.0
3631.4			1.0
3632.3			1.0
3633.2			1.0
3634.1			1.0
3635.0			1.0
3635.9			1.0
3636.8			1.0
3637.7			1.0
3638.6			1.0
3639.5			1.0
3640.4			1.0
3641.3			1.0
3642.2			1.0
3643.1			1.0
3644.0			1.0
3644.9			1.0
3645.8			1.0
3646.7			1.0
3647.6			1.0
3648.5			1.0
3649.4			1.0
3650.3			1.0
3651.2			1.0
3652.1			1.0
3653.0			1.0
3653.9			1.0
3654.8			1.0
3655.7			1.0
3656.6			1.0
3657.5			1.0
3658.4			1.0
3659.3			1.0
3660.2			1.0
3661.1			1.0
3662.0			1.0
3662.9			1.0
3663.8			1.0
3664.7			1.0
3665.6			1.0
3666.5			1.0
3667.4			1.0
3668.3			1.0
3669.2			1.0
3670.1			1.0
3671.0			1.0
3671.9			1.0
3672.8			1.0
3673.7			1.0
3674.6			1.0
3675.5			1.0
3676.4			1.0
3677.3			1.0
3678.2			1.0
3679.1			1.0
3680.0			1.0
3680.9			1.0
3681.8			1.0
3682.7			1.0
3683.6			1.0
3684.5			1.0
3685.4			1.0
3686.3			1.0
3687.2			1.0
3688.1			1.0
3689.0			1.0
3689.9			1.0
3690.8			1.0
3691.7			1.0
3692.6			1.0
3693.5			1.0
3694.4			1.0
3695.3			1.0
3696.2			1.0
3697.1			1.0
3698.0			1.0
3698.9			1.0
3699.8			1.0
3700.7			1.0
3701.6			1.0
3702.5			1.0
3703.4			1.0
3704.3			1.0
3705.2			1.0
3706.1			1.0
3707.0			1.0
3707.9			1.0
3708.8			1.0
3709.7			1.0
3710.6			1.0
3711.5			1.0
3712.4			1.0
3713.3			1.0
3714.2			1.0
3715.1			1.0
3716.0			1.0
3716.9			1.0
3717.8			1.0
3718.7			1.0
3719.6			1.0
3720.5			1.0
3721.4			1.0
3722.3			1.0
3723.2			1.0
3724.1			1.0
3725.0			1.0
3725.9			1.0
3726.8			1.0
3727.7			1.0
3728.6			1.0
3729.5			1.0
3730.4			1.0
3731.3			1.0
3732.2			1.0
3733.1			1.0
3734.0			1.0
3734.9			1.0
3735.8			1.0
3736.7			1.0
3737.6			1.0
3738.5			1.0
3739.4			1.0
3740.3			1.0
3741.2			1.0
3742.1			1.0
3743.0			1.0
3743.9			1.0
3744.8			1.0
3745.7			1.0
3746.6			1.0
3747.5			1.0
3748.4			1.0
3749.3			1.0
3750.2			1.0
3751.1			1.0
3752.0			1.0
3752.9			1.0
3753.8			1.0
3754.7			1.0
3755.6			1.0
3756.5			1.0
3757.4			1.0
3758.3			1.0
3759.2			1.0
3760.1			1.0
3761.0			1.0
3761.9			1.0
3762.8			1.0
3763.7			1.0
3764.6			1.0
3765.5			1.0
3766.4			1.0
3767.3			1.0
3768.2			1.0
3769.1			1.0
3770.0			1.0
3770.9			1.0
3771.8			1.0
3772.7			1.0
3773.6			1.0
3774.5			1.0
3775.4			1.0
3776.3			1.0
3777.2			1.0
3778.1			1.0
3779.0			1.0
3779.9			1.0
3780.8			1.0
3781.7			1.0
3782.6			1.0
3783.5			1.0
3784.4			1.0
3785.3			1.0
3786.2			1.0
3787.1			1.0
3788.0			1.0
3788.9			1.0
3789.8			1.0
3790.7			1.0
3791.6			1.0
3792.5			1.0
3793.4			1.0
3794.3			1.0
3795.2			1.0
3796.1			1.0
3797.0			1.0
3797.9			1.0
3798.8			1.0
3799.7			1.0
3800.6			1.0
3801.5			1.0
3802.4			1.0
3803.3			1.0
3804.2			1.0
3805.1			1.0
3806.0			1.0
3806.9			1.0
3807.8			1.0
3808.7			1.0
3809.6			1.0
3810.5			1.0
3811.4			1.0
3812.3			1.0
3813.2			1.0
3814.1			1.0
3815.0			1.0
3815.9			1.0
3816.8			1.0
3817.7			1.0
3818.6			1.0
3819.5			1.0
3820.4			1.0
3821.3			1.0
3822.2			1.0
3823.1			1.0
3824.0			1.0
3824.9			1.0
3825.8			1.0
3826.7			1.0
3827.6			1.0
3828.5			1.0
3829.4			1.0
3830.3			1.0
3831.2			1.0
3832.1			1.0
3833.0			1.0
3833.9			1.0
3834.8			1.0
3835.7			1.0
3836.6			1.0
3837.5			1.0
3838.4			1.0
3839.3			1.0
3840.2			1.0
3841.1			1.0
3842.0			1.0
3842.9			1.0
3843.8			1.0
3844.7			1.0
3845.6			1.0
3846.5			1.0
3847.4			1.0
3848.3			1.0
3849.2			1.0
3850.1			1.0
3851.0			1.0
3851.9			1.0
3852.8			1.0
3853.7			1.0
3854.6			1.0
3855.5			1.0
3856.4			1.0
3857.3			1.0
3858.2			1.0
3859.1			1.0
3860.0			1.0
3860.9			1.0
3861.8			1.0
3862.7			1.0
3863.6			1.0
3864.5			1.0
3865.4			1.0
3866.3			1.0
3867.2			1.0
3868.1			1.0
3869.0			1.0
3869.9			1.0
3870.8			1.0
3871.7			1.0
3872.6			1.0
3873.5			1.0
3874.4			1.0
3875.3			1.0
3876.2			1.0
3877.1			1.0
3878.0			1.0
3878.9			1.0
3879.8			1.0
3880.7			1.0
3881.6			1.0
3882.5			1.0
3883.4			1.0
3884.3			1.0
3885.2			1.0
3886.1			1.0
3887.0			1.0
3887.9			1.0
3888.8			1.0
3889.7			1.0
3890.6			1.0
3891.5			1.0
3892.4			1.0
3893.3			1.0
3894.2			1.0
3895.1			1.0
3896.0			1.0
3896.9			1.0
3897.8			1.0
3898.7			1.0
3899.6			1.0
3900.5			1.0
3901.4			1.0
3902.3			1.0
3903.2			1.0
3904.1			1.0
3905.0			1.0
3905.9			1.0
3906.8			1.0
3907.7			1.0
3908.6			1.0
3909.5			1.0
3910.4			1.0
3911.3			1.0
3912.2			1.0
3913.1			1.0
3914.0			1.0
3914.9			1.0
3915.8			1.0
3916.7			1.0
3917.6			1.0
3918.5			1.0
3919.4			1.0
3920.3			1.0
3921.2			1.0
3922.1			1.0
3923.0			1.0
3923.9			1.0
3924.8			1.0
3925.7			1.0
3926.6			1.0
3927.5			1.0
3928.4			1.0
3929.3			1.0
3930.2			1.0
3931.1			1.0
3932.0			1.0
3932.9			1.0
3933.8			1.0
3934.7			1.0
3935.6			1.0
3936.5			1.0
3937.4			1.0
3938.3			1.0
3939.2			1.0
3940.1			1.0
3941.0			1.0
3941.9			1.0
3942.8			1.0
3943.7			1.0
3944.6			1.0
3945.5			1.0
3946.4			1.0
3947.3			1.0
3948.2			1.0
3949.1			1.0
3950.0			1.0
3950.9			1.0
3951.8			1.0
3952.7			1.0
3953.6			1.0
3954.5			1.0
3955.4			1.0
3956.3			1.0
3957.2			1.0
3958.1			1.0
3959.0			1.0
3959.9			1.0
3960.8			1.0
3961.7			1.0
3962.6			1.0
3963.5			1.0
3964.4			1.0
3965.3			1.0
3966.2			1.0
3967.1			1.0
3968.0			1.0
3968.9			1.0
3969.8			1.0
3970.7			1.0
3971.6			1.0
3972.5			1.0
3973.4			1.0
3974.3			1.0
3975.2			1.0
3976.1			1.0
3977.0			1.0
3977.9			1.0
3978.8			1.0
3979.7			1.0
3980.6			1.0
3981.5			1.0
3982.4			1.0
3983.3			1.0
3984.2			1.0
3985.1			1.0
3986.0			1.0
3986.9			1.0
3987.8			1.0
3988.7			1.0
3989.6			1.0
3990.5			1.0
3991.4			1.0
3992.3			1.0
3993.2			1.0
3994.1			1.0
3995.0			1.0
3995.9			1.0
3996.8			1.0
3997.7			1.0
3998.6			1.0
3999.5			1.0
4000.4			1.0
4001.3			1.0
4002.2			1.0
4003.1			1.0452882543124837
4004.0			1.0150769196253089
4004.9			0.8822761836732398
4005.8			0.7706999767585994
4006.7			0.7983673015324163
4007.6			0.9099509600559221
4008.5			0.9978986174163207
4009.4			1.0
4010.3			1.0
4011.2			1.0
4012.1			1.0
4013.0			1.0
4013.9			1.0
4014.8			1.0
4015.7			1.0
4016.6			1.0
4017.5			1.0
4018.4			1.0
4019.3			1.0
4020.2			1.0
4021.1			1.0
4022.0			1.0
4022.9			1.0
4023.8			1.0
4024.7			1.0
4025.6			1.0
4026.5			1.0
4027.4			1.0442609634198738
4028.3			1.0754058334001648
4029.2			1.0516396051077095
4030.1			0.9357970325203145
4031.0			0.8030968653933994
4031.9			0.7446135471504068
4032.8			0.7315368217734098
4033.7			0.7327043539979479
4034.6			0.7572150966049662
4035.5			0.8076843648966626
4036.4			0.8809852744754653
4037.3			0.9581494361372701
4038.2			0.9979085971668487
4039.1			1.0
4040.0			1.0
4040.9			1.0
4041.8			1.0
4042.7			1.0
4043.6			0.944660425059413
4044.5			0.7897639018322933
4045.4			0.6293319705207807
4046.3			0.6137188216801281
4047.2			0.7766178335078998
4048.1			0.9397782837947986
4049.0			0.9978645479198893
4049.9			1.0
4050.8			1.0
4051.7			1.0
4052.6			1.0
4053.5			1.0
4054.4			1.0
4055.3			1.0
4056.2			1.0
4057.1			1.0
4058.0			1.0
4058.9			1.0
4059.8			1.0
4060.7			1.0
4061.6			1.0146907680542745
4062.5			0.904564024313813
4063.4			0.7519073164224291
4064.3			0.7381223656867981
4065.2			0.8889649557173726
4066.1			0.9998551892117874
4067.0			1.00155081514168
4067.9			1.0
4068.8			1.0
4069.7			1.0
4070.6			1.0
4071.5			1.0
4072.4			1.0
4073.3			1.0
4074.2			1.0580294215921489
4075.1			0.9871039762093605
4076.0			0.841177545678978
4076.9			0.7115680228435968
4077.8			0.6728706587870716
4078.7			0.7345150031619873
4079.6			0.8414288527538222
4080.5			0.9332816751811288
4081.4			0.9856510503414672
4082.3			1.0
4083.2			1.0
4084.1			1.0
4085.0			1.0
4085.9			1.0
4086.8			1.0
4087.7			1.0
4088.6			1.0
4089.5			1.0
4090.4			1.0
4091.3			1.0
4092.2			1.0
4093.1			1.0
4094.0			1.0
4094.9			1.0
4095.8			1.0
4096.7			1.0
4097.6			1.0
4098.5			1.0314421411680499
4099.4			1.02196946414511
4100.3			0.9310177593711588
4101.2			0.8100434581119388
4102.1			0.7794293835139641
4103.0			0.8476451524664463
4103.9			0.9124746800171216
4104.8			0.9483242249148806
4105.7			1.0013696514035026
4106.6			1.0
4107.5			1.0
4108.4			1.0
4109.3			1.0
4110.2			1.0
4111.1			1.0
4112.0			1.0
4112.9			1.0
4113.8			1.0
4114.7			1.0
4115.6			1.0
4116.5			1.0
4117.4			1.0
4118.3			1.0
4119.2			1.0
4120.1			1.0
4121.0			1.0
4121.9			1.0
4122.8			1.0
4123.7			1.0
4124.6			1.0
4125.5			1.0
4126.4			1.0
4127.3			0.9504587702871142
4128.2			0.9166663500369331
4129.1			0.8936365232269359
4130.0			0.8826806635759424
4130.9			0.8912534893744933
4131.8			0.8493192252514479
4132.7			0.7853978840706262
4133.6			0.7727530149210567
4134.5			0.8041554070104106
4135.4			0.8896824232281155
4136.3			0.9739500987206681
4137.2			0.9793904697610325
4138.1			0.9705973110410488
4139.0			1.0
4139.9			1.0187601830594366
4140.8			1.0016271596225348
4141.7			0.936524675078094
4142.6			0.8115270760182799
4143.5			0.6981060505290754
4144.4			0.7235375780386288
4145.3			0.8547734263557706
4146.2			0.959245344021057
4147.1			0.9944236348280066
4148.0			1.0
4148.9			1.0
4149.8			1.0
4150.7			1.0
4151.6			1.0
4152.5			1.0
4153.4			1.0
4154.3			1.0
4155.2			1.0
4156.1			1.0
4157.0			1.0
4157.9			1.0
4158.8			1.0
4159.7			1.0
4160.6			1.0
4161.5			1.0
4162.4			1.0
4163.3			1.0
4164.2			1.0
4165.1			0.9731405613117531
4166.0			0.9734456080425723
4166.9			0.9527745247225284
4167.8			0.9279408216353766
4168.7			0.9616989446947238
4169.6			1.0221767672606974
4170.5			1.0433764874365903
4171.4			0.979882138947568
4172.3			0.8501965296319298
4173.2			0.7776866463610284
4174.1			0.8167660591429491
4175.0			0.8971221223072101
4175.9			0.9476674156568786
4176.8			0.9481378093693126
4177.7			0.9163236429692141
4178.6			0.9166067301802584
4179.5			0.9633182456324408
4180.4			1.0027578160373385
4181.3			1.0056218395616636
4182.2			1.0
4183.1			1.0
4184.0			1.0
4184.9			1.0
4185.8			1.0
4186.7			0.9208571995127759
4187.6			0.8434839515592355
4188.5			0.8632465889987168
4189.4			0.9204311756590816
4190.3			0.9328006620471269
4191.2			0.9102558881058995
4192.1			0.9268283489046047
4193.0			0.9898929450465958
4193.9			1.0108621354953593
4194.8			0.9455567553203889
4195.7			0.8482401904089596
4196.6			0.7978562537468717
4197.5			0.8002173034117678
4198.4			0.8174190675793136
4199.3			0.852016448558587
4200.2			0.8896711428500627
4201.1			0.8724420072365892
4202.0			0.8316068335772617
4202.9			0.8546748777653796
4203.8			0.9094344985685264
4204.7			0.9284236515183051
4205.6			0.9475417076932754
4206.5			1.0004520633966179
4207.4			1.0
4208.3			1.0
4209.2			1.0
4210.1			1.0
4211.0			1.0
4211.9			1.0
4212.8			1.0
4213.7			0.9572489871675185
4214.6			0.8615079339451879
4215.5			0.7766683259157959
4216.4			0.8291446938400663
4217.3			0.9974148512134624
4218.2			1.0
4219.1			1.0
4220.0			1.0
4220.9			1.0
4221.8			1.0
4222.7			1.0
4223.6			0.8977613358667799
4224.5			0.813041798545308
4225.4			0.6995032029700858
4226.3			0.5507356587796477
4227.2			0.5226839469946636
4228.1			0.7035201236134138
4229.0			0.905041835754238
4229.9			0.9822235229162135
4230.8			1.0
4231.7			1.0031154604298294
4232.6			0.9535535664605455
4233.5			0.9046972581755023
4234.4			0.9168331771327084
4235.3			0.8975141661486833
4236.2			0.8261029167220448
4237.1			0.8175203045575042
4238.0			0.8619108336220656
4238.9			0.8829680410095575
4239.8			0.8936105888572797
4240.7			0.9554022656756266
4241.6			1.0202404482721412
4242.5			1.000614259070252
4243.4			1.0
4244.3			1.0
4245.2			1.0
4246.1			1.0
4247.0			0.9399289054103808
4247.9			0.8710377026182768
4248.8			0.8495027441975843
4249.7			0.8433663962996094
4250.6			0.8506890213186896
4251.5			0.9338381696492433
4252.4			1.030798076727778
4253.3			1.0471898887422793
4254.2			0.9942045063847574
4255.1			1.0
4256.0			1.0
4256.9			1.0812839551953444
4257.8			1.0765523874332088
4258.7			0.9591079702968334
4259.6			0.8420619792074785
4260.5			0.7744112360990811
4261.4			0.7848465920089625
4262.3			0.8777312716727411
4263.2			0.9704039464009497
4264.1			0.9921269353392033
4265.0			1.0
4265.9			1.0
4266.8			0.9762426092050407
4267.7			0.90478599016852
4268.6			0.8641946455185718
4269.5			0.8467798733795245
4270.4			0.7757237080740992
4271.3			0.6661630395170837
4272.2			0.6346388864192011
4273.1			0.6968438023579264
4274.0			0.7332898055561957
4274.9			0.7367106296968599
4275.8			0.7989133427798691
4276.7			0.9116246797360503
4277.6			0.9986252630667801
4278.5			1.0
4279.4			1.0
4280.3			1.0
4281.2			1.0
4282.1			1.0
4283.0			1.0
4283.9			1.0
4284.8			1.0
4285.7			1.0
4286.6			1.0
4287.5			1.0351300155331467
4288.4			1.0067524050317853
4289.3			0.8927503540046055
4290.2			0.8136028649238645
4291.1			0.8337723929467591
4292.0			1.0
4292.9			1.1133218532563751
4293.8			1.1326388395410274
4294.7			1.0810215911435008
4295.6			1.0486612501501882
4296.5			1.0148073470397387
4297.4			0.9541791978112149
4298.3			0.8687245485674493
4299.2			0.7512481990070367
4300.1			0.6824265719309193
4301.0			0.7301832754621187
4301.9			0.7920523694236333
4302.8			0.7905520495145876
4303.7			0.790555030545183
4304.6			0.8091750449469554
4305.5			0.8156738697971696
4306.4			0.8145968670883301
4307.3			0.7661102320477466
4308.2			0.6864809928468985
4309.1			0.672564292139691
4310.0			0.7248685219955789
4310.9			0.7912034484564286
4311.8			0.8649865828739882
4312.7			0.970503117942224
4313.6			1.092187376915858
4314.5			1.2042428029191743
4315.4			1.410045851018696
4316.3			1.6723620531313903
4317.2			1.8035428880338114
4318.1			1.811737781840783
4319.0			1.798953463939364
4319.9			1.7592520389632194
4320.8			1.0
4321.7			0.9539427027054299
4322.6			0.8873931604639563
4323.5			0.7561224848363495
4324.4			0.6297204895880916
4325.3			0.5609029289899596
4326.2			0.5927276679810418
4327.1			0.743032038371427
4328.0			0.915845868721749
4328.9			1.002194365654514
4329.8			1.0
4330.7			1.0
4331.6			1.0
4332.5			1.0
4333.4			1.0
4334.3			1.0
4335.2			1.0
4336.1			1.0010159550552726
4337.0			0.8879352766421658
4337.9			0.7623811333707394
4338.8			0.7164246932680264
4339.7			0.6804621671398039
4340.6			0.6541992938059429
4341.5			0.7359869040145919
4342.4			0.8759439964353689
4343.3			0.9333721272905916
4344.2			0.9382788009117878
4345.1			1.0002957729347144
4346.0			1.0
4346.9			1.0
4347.8			1.0
4348.7			1.0
4349.6			1.0574072069828515
4350.5			0.98344233948189
4351.4			0.8286099918033106
4352.3			0.7656942791046871
4353.2			0.848522150345396
4354.1			0.9517665482082351
4355.0			0.990022579277812
4355.9			1.0
4356.8			1.0
4357.7			1.0
4358.6			1.0
4359.5			1.0
4360.4			1.0
4361.3			1.0
4362.2			1.0
4363.1			1.0
4364.0			1.0
4364.9			1.0
4365.8			1.0
4366.7			1.0
4367.6			1.0
4368.5			1.0
4369.4			1.0
4370.3			1.0
4371.2			1.0
4372.1			1.0021413077409609
4373.0			0.9577349404305084
4373.9			0.8675109659004925
4374.8			0.7972694120941215
4375.7			0.8082872728328179
4376.6			0.9014299074306693
4377.5			1.00235543994887
4378.4			1.0
4379.3			1.0
4380.2			0.9795408205262511
4381.1			0.9742618696402199
4382.0			0.9074441374505717
4382.9			0.7200278061089728
4383.8			0.5572119046328513
4384.7			0.5838288634866856
4385.6			0.7632076906360834
4386.5			0.9358675227486485
4387.4			1.0009871380576583
4388.3			1.0
4389.2			1.0
4390.1			1.0
4391.0			1.0
4391.9			1.0
4392.8			1.0
4393.7			1.0
4394.6			1.0
4395.5			1.0
4396.4			1.0
4397.3			1.0
4398.2			1.0
4399.1			1.0
4400.0			1.0
4400.9			1.0
4401.8			1.0
4402.7			1.0867600390292622
4403.6			1.0110403467949052
4404.5			0.8586287854779947
4405.4			0.8418003334586046
4406.3			0.9590463084632531
4407.2			1.0259082831761543
4408.1			0.9941357558355961
4409.0			1.0
4409.9			1.0
4410.8			1.0
4411.7			1.0482703772405342
4412.6			1.075591286460327
4413.5			1.0457055191990055
4414.4			0.9308618828905346
4415.3			0.8313786218811768
4416.2			0.8411937843478536
4417.1			0.9027898313634475
4418.0			0.9497292652712983
4418.9			0.9979264208432714
4419.8			1.0
4420.7			1.0
4421.6			1.0
4422.5			1.0
4423.4			1.0
4424.3			1.0
4425.2			1.0
4426.1			1.0
4427.0			1.0
4427.9			1.0
4428.8			1.0
4429.7			1.0
4430.6			1.0
4431.5			1.0
4432.4			1.033602727558358
4433.3			0.9976850619752455
4434.2			0.9124062172718107
4435.1			0.8412608293057449
4436.0			0.8482369112280396
4436.9			0.9260776517531474
4437.8			1.0037866152136332
4438.7			1.0
4439.6			1.0
4440.5			1.0
4441.4			1.0
4442.3			1.0
4443.2			1.0
4444.1			1.0
4445.0			1.0
4445.9			1.0
4446.8			1.0
4447.7			1.0
4448.6			1.0
4449.5			1.0
4450.4			1.0
4451.3			1.0
4452.2			1.0
4453.1			0.9904487089280761
4454.0			0.9326529666193406
4454.9			0.8651450292045624
4455.8			0.8533134470702048
4456.7			0.8860090488155132
4457.6			0.9024598084858403
4458.5			0.8851828916843931
4459.4			0.8762347242041832
4460.3			0.8796505246484818
4461.2			0.845130945492966
4462.1			0.8253325620020918
4463.0			0.9027568317673644
4463.9			0.9913798812177208
4464.8			1.0108033542231853
4465.7			1.0054742147676219
4466.6			1.0053410708017676
4467.5			1.0050607675579029
4468.4			0.9836812109517049
4469.3			0.9524620538218196
4470.2			0.9596432223197858
4471.1			0.9982830058635526
4472.0			1.0
4472.9			1.0
4473.8			1.0
4474.7			1.0
4475.6			1.0
4476.5			1.0
4477.4			1.0
4478.3			0.9944733656281466
4479.2			0.9286394127208083
4480.1			0.8488903112317464
4481.0			0.8054069098677803
4481.9			0.8032282548829185
4482.8			0.8486839690234926
4483.7			0.9232486095675414
4484.6			0.9736327492179316
4485.5			0.9996280871233068
4486.4			1.0
4487.3			1.0
4488.2			1.0
4489.1			1.0
4490.0			1.0
4490.9			1.0
4491.8			1.049439013631547
4492.7			1.0620151364979233
4493.6			1.0077918519794662
4494.5			0.9254259260685247
4495.4			0.8908595484024976
4496.3			0.900379417107852
4497.2			0.9369689909651898
4498.1			0.9830198415758439
4499.0			1.0019281549090466
4499.9			1.0
4500.8			1.0
4501.7			1.0
4502.6			1.0
4503.5			1.0
4504.4			1.0
4505.3			1.0
4506.2			1.0
4507.1			1.0
4508.0			1.0
4508.9			1.0
4509.8			1.0
4510.7			1.0
4511.6			1.0
4512.5			1.0
4513.4			1.0
4514.3			1.0
4515.2			0.9965301147685749
4516.1			1.0114102091189268
4517.0			1.0129500638088276
4517.9			0.9875203212240928
4518.8			0.9932641661952779
4519.7			1.0381394824327879
4520.6			1.0766111745417117
4521.5			1.0761486285499502
4522.4			1.0214847847288728
4523.3			0.9748369595713269
4524.2			0.9750931450491406
4525.1			0.96645309780143
4526.0			0.9305405475780048
4526.9			0.8914904279635628
4527.8			0.8588901775644342
4528.7			0.8396542157008537
4529.6			0.8498701269380591
4530.5			0.873710824107605
4531.4			0.9102754951812544
4532.3			0.955763794966934
4533.2			0.9507024174654458
4534.1			0.897869927343499
4535.0			0.8548013471619939
4535.9			0.8727374107437311
4536.8			0.9708714499204303
4537.7			1.0628398606018132
4538.6			1.06883681420145
4539.5			1.0201859411359309
4540.4			0.9758667498001791
4541.3			0.9672103365541435
4542.2			1.0
4543.1			1.0309658481289163
4544.0			1.0081725101783146
4544.9			0.9614997907343571
4545.8			0.9601706858549639
4546.7			0.9878877636233977
4547.6			0.9991110217377879
4548.5			0.9744108812384218
4549.4			0.9337876574804896
4550.3			0.946613206110421
4551.2			0.9942286719811573
4552.1			0.9977344307516396
4553.0			0.9687602512463862
4553.9			0.9472052561928708
4554.8			0.9366889189424413
4555.7			0.9545833555816772
4556.6			1.0159241392116747
4557.5			1.0771408308060002
4558.4			1.1008722542547402
4559.3			1.09755424699276
4560.2			1.0864555664094417
4561.1			1.0896483655839453
4562.0			1.0
4562.9			0.9744803538572995
4563.8			0.9200114308965873
4564.7			0.8677198969462194
4565.6			0.8533628955146925
4566.5			0.9052730577654615
4567.4			0.9769150674128815
4568.3			0.999999868295573
4569.2			1.0
4570.1			1.0
4571.0			1.0
4571.9			1.0
4572.8			1.0
4573.7			1.0575395146058222
4574.6			1.0516897343122604
4575.5			1.0357238563796096
4576.4			1.039285341615885
4577.3			1.0387266663368133
4578.2			1.0142597161646576
4579.1			0.9623454583694458
4580.0			0.90156480837225
4580.9			0.8757492662361162
4581.8			0.9003352790406804
4582.7			0.9240209808541356
4583.6			0.9218577816361255
4584.5			1.0
4585.4			0.9949329462314187
4586.3			0.9944682411765092
4587.2			1.0294908529257
4588.1			1.0821558988932205
4589.0			1.1093867968284146
4589.9			1.0985064261904904
4590.8			1.0601777482083667
4591.7			1.0119301293901855
4592.6			0.9885522933164247
4593.5			0.9885652670474865
4594.4			0.975450143512135
4595.3			0.957680274530032
4596.2			0.9573997222712263
4597.1			0.9624271027821959
4598.0			0.9710621946400949
4598.9			0.9914704354078799
4599.8			0.9737257789102746
4600.7			0.9382920875621314
4601.6			0.9506139223673343
4602.5			0.9750320961153367
4603.4			0.9837670027111125
4604.3			0.9770301123687044
4605.2			0.9587421602487098
4606.1			0.960174729383023
4607.0			0.9891388809597784
4607.9			1.0366464087348026
4608.8			1.0765634610867358
4609.7			1.0790601305715704
4610.6			1.0414219820064075
4611.5			1.0044585835919402
4612.4			0.986996547111194
4613.3			0.9697038717264117
4614.2			0.9813537430881065
4615.1			1.0055287694004427
4616.0			0.9978885212368671
4616.9			1.0
4617.8			1.0
4618.7			1.0
4619.6			1.0
4620.5			1.0
4621.4			1.0
4622.3			1.0
4623.2			1.0
4624.1			1.0
4625.0			1.0
4625.9			1.0
4626.8			1.0
4627.7			1.0
4628.6			1.0
4629.5			1.0
4630.4			1.0
4631.3			1.0
4632.2			1.0
4633.1			1.0
4634.0			1.0
4634.9			1.0
4635.8			1.0
4636.7			1.0
4637.6			1.0
4638.5			1.0
4639.4			1.0
4640.3			1.0
4641.2			1.0
4642.1			1.0296596036796466
4643.0			1.0161210819805773
4643.9			0.9928839146844288
4644.8			0.9722305662242625
4645.7			0.9219042359078168
4646.6			0.8707002428395151
4647.5			0.8593864732045207
4648.4			0.8794464341946389
4649.3			0.915504224199932
4650.2			0.9571082849304329
4651.1			0.9798565767648312
4652.0			0.9882153927268621
4652.9			0.9984162688337932
4653.8			1.0
4654.7			1.0
4655.6			1.0
4656.5			1.0
4657.4			1.0
4658.3			1.0
4659.2			1.0
4660.1			1.0
4661.0			1.0
4661.9			1.0
4662.8			0.9536048292730431
4663.7			0.937551096975135
4664.6			0.9533084208436933
4665.5			0.9422655395085574
4666.4			0.8641907569533274
4667.3			0.7815856997197077
4668.2			0.7825907256483728
4669.1			0.8496623722040776
4670.0			0.9150559920841035
4670.9			0.9707292878012109
4671.8			0.9999161189727246
4672.7			1.0
4673.6			1.0
4674.5			1.0
4675.4			1.0
4676.3			1.0
4677.2			1.0105837573406595
4678.1			0.9706388165377855
4679.0			0.9261986747736265
4679.9			0.8993067781164797
4680.8			0.8888529064013835
4681.7			0.8919186014576254
4682.6			0.9249810911256905
4683.5			0.9787524924528316
4684.4			1.0039679018840153
4685.3			1.0061962021909623
4686.2			1.001663642768943
4687.1			1.0
4688.0			1.0
4688.9			1.0
4689.8			1.0
4690.7			1.0
4691.6			1.0
4692.5			1.0
4693.4			1.0
4694.3			1.0
4695.2			1.0
4696.1			1.0184185621969366
4697.0			1.0029973771345797
4697.9			0.9422845174679402
4698.8			0.8848086724915827
4699.7			0.8852968402810828
4700.6			0.9025422482411963
4701.5			0.899900555492843
4702.4			0.8864952506919643
4703.3			0.8778242329742
4704.2			0.8973548833452032
4705.1			0.9277056318388771
4706.0			0.9327216351702947
4706.9			0.9060540966060765
4707.8			0.8764276294684631
4708.7			0.860148769078521
4709.6			0.8634717353425122
4710.5			0.9022040733876237
4711.4			0.9465983619420432
4712.3			0.9601846874756709
4713.2			0.9408648084248671
4714.1			0.9018331117052681
4715.0			0.8889178837108498
4715.9			0.9279672409004271
4716.8			0.9747900985505678
4717.7			0.9909195905364769
4718.6			0.9980349264973141
4719.5			1.012497515337474
4720.4			1.0141774256057428
4721.3			1.0002536768184884
4722.2			1.0
4723.1			1.0016892920709726
4724.0			1.0259174238767501
4724.9			1.0501075743490944
4725.8			1.0456761021685468
4726.7			0.9839242525316171
4727.6			0.9053727394872825
4728.5			0.8763379096507304
4729.4			0.891578891494069
4730.3			0.9133458377461391
4731.2			0.9323047624018481
4732.1			0.9619206331796439
4733.0			0.986839298169259
4733.9			1.0001460739946473
4734.8			1.0
4735.7			1.0
4736.6			1.0
4737.5			1.0
4738.4			1.0
4739.3			1.0
4740.2			1.0
4741.1			1.0
4742.0			1.0
4742.9			1.0
4743.8			1.0
4744.7			1.0
4745.6			1.0
4746.5			1.0
4747.4			1.0
4748.3			1.0
4749.2			1.0
4750.1			1.0
4751.0			1.0
4751.9			1.0
4752.8			1.0
4753.7			1.0
4754.6			1.0
4755.5			1.0
4756.4			1.0
4757.3			1.0
4758.2			1.0
4759.1			1.0
4760.0			1.0148359346953628
4760.9			0.9988274068691938
4761.8			0.954556466008137
4762.7			0.922360876339683
4763.6			0.9193092309432912
4764.5			0.9175040259526389
4765.4			0.9020615781476335
4766.3			0.9028662439769157
4767.2			0.9372807046134446
4768.1			0.9812260056105923
4769.0			1.025901708502976
4769.9			1.0568521855077486
4770.8			1.0452438451178085
4771.7			1.010753197790723
4772.6			1.0013219500466397
4773.5			1.0
4774.4			1.0
4775.3			1.0
4776.2			1.0
4777.1			1.0
4778.0			1.0
4778.9			1.0
4779.8			0.9817595246524774
4780.7			0.9771044595901389
4781.6			0.9757531329429077
4782.5			0.9525164565284161
4783.4			0.9304603070661264
4784.3			0.9430056498196427
4785.2			0.9447035028666786
4786.1			0.9056194176219486
4787.0			0.887185725824373
4787.9			0.9050292049853627
4788.8			0.9042920843640898
4789.7			0.8924658817934356
4790.6			0.9046139549677757
4791.5			0.9198994444581405
4792.4			0.9287238696383979
4793.3			0.9578757699686988
4794.2			0.9994439171757329
4795.1			1.0
4796.0			0.9904732815038814
4796.9			0.9684991194365389
4797.8			0.936356928365823
4798.7			0.9015858147038518
4799.6			0.8839405838957037
4800.5			0.9009927478852625
4801.4			0.9486571530908393
4802.3			0.9895536336503843
4803.2			1.0033921797795593
4804.1			1.0
4805.0			1.0
4805.9			1.0
4806.8			1.0
4807.7			1.0
4808.6			1.0
4809.5			1.0
4810.4			1.0
4811.3			1.0
4812.2			1.0
4813.1			1.0
4814.0			1.0
4814.9			1.0
4815.8			1.0
4816.7			1.0
4817.6			1.0
4818.5			1.0
4819.4			1.0
4820.3			1.0
4821.2			1.0
4822.1			1.0
4823.0			1.0
4823.9			1.0
4824.8			1.0
4825.7			1.0
4826.6			1.0
4827.5			1.0
4828.4			1.0
4829.3			1.0
4830.2			1.0
4831.1			1.0
4832.0			1.0
4832.9			1.0
4833.8			1.0
4834.7			1.0151251105643788
4835.6			1.0072003969913261
4836.5			1.0037232148416244
4837.4			1.008218152445505
4838.3			0.9886985526821926
4839.2			0.9480327031513265
4840.1			0.920383638212758
4841.0			0.9310500468940154
4841.9			0.9546483904115028
4842.8			0.9473549333515611
4843.7			0.9427838250011068
4844.6			0.9710232211959294
4845.5			0.9988202482683928
4846.4			1.0
4847.3			1.0
4848.2			1.0
4849.1			1.0
4850.0			1.0
4850.9			1.0
4851.8			1.0
4852.7			1.0
4853.6			1.0
4854.5			1.0
4855.4			1.0
4856.3			1.0
4857.2			1.050221929609096
4858.1			1.0549122757743365
4859.0			0.9961367563337978
4859.9			0.8864754526177507
4860.8			0.7548708550467533
4861.7			0.7239190109582161
4862.6			0.8277697109097385
4863.5			0.9173092533908441
4864.4			0.9439874933922103
4865.3			0.9661334780152276
4866.2			0.9947236471030805
4867.1			1.0
4868.0			1.0
4868.9			1.0
4869.8			1.0038398193422124
4870.7			0.94548753371221
4871.6			0.8923385694440844
4872.5			0.9256786600905467
4873.4			0.9927527494660406
4874.3			1.0
4875.2			1.0
4876.1			1.0
4877.0			1.0
4877.9			1.0
4878.8			1.0
4879.7			1.0
4880.6			1.0
4881.5			1.0
4882.4			1.0
4883.3			1.0
4884.2			0.9846045687688092
4885.1			0.9337858229243473
4886.0			0.9003597787853637
4886.9			0.9079015594689328
4887.8			0.9268967516430141
4888.7			0.9269198966520618
4889.6			0.9102333996949874
4890.5			0.8603129705068495
4891.4			0.8346160874956687
4892.3			0.8962351647936406
4893.2			0.9782564418633213
4894.1			1.026852040775419
4895.0			1.0467480522926547
4895.9			1.0412589109411454
4896.8			1.026777201808027
4897.7			1.0198011816452275
4898.6			1.0039362650699628
4899.5			1.0
4900.4			1.0
4901.3			1.0
4902.2			1.0
4903.1			1.0
4904.0			1.0
4904.9			1.0
4905.8			1.0
4906.7			1.016709121718919
4907.6			0.9908826346913423
4908.5			0.9524863887498911
4909.4			0.913458229098073
4910.3			0.878879740871509
4911.2			0.8869978896410443
4912.1			0.9333204637135328
4913.0			0.972934608053729
4913.9			0.9954307539141881
4914.8			1.0
4915.7			1.040052962614699
4916.6			1.0365802106285025
4917.5			0.9904420644436861
4918.4			0.9121953744811274
4919.3			0.8520907572053548
4920.2			0.8284110094307968
4921.1			0.8667340355796667
4922.0			0.9538907515581626
4922.9			1.010854841468486
4923.8			1.0069488969384655
4924.7			1.0044725638948815
4925.6			1.0
4926.5			1.0
4927.4			1.0
4928.3			1.0
4929.2			1.0
4930.1			1.0
4931.0			1.0
4931.9			1.0
4932.8			1.0
4933.7			1.0
4934.6			1.0
4935.5			1.0
4936.4			0.9937818266789606
4937.3			0.9371805159294719
4938.2			0.8767003375996364
4939.1			0.8541108877559291
4940.0			0.9032490784544438
4940.9			0.978524139508397
4941.8			1.0053402548062589
4942.7			1.0
4943.6			1.0
4944.5			1.0
4945.4			1.0
4946.3			1.0
4947.2			1.0
4948.1			1.0
4949.0			1.0
4949.9			1.0
4950.8			1.0
4951.7			1.0
4952.6			1.0
4953.5			1.0
4954.4			1.0
4955.3			1.0
4956.2			0.9591261308936665
4957.1			0.8504464439558961
4958.0			0.8168765012562721
4958.9			0.9075200280483892
4959.8			1.0000694234715375
4960.7			1.0
4961.6			1.0
4962.5			1.0
4963.4			1.0
4964.3			1.0
4965.2			1.0
4966.1			1.0
4967.0			1.0
4967.9			1.0
4968.8			1.0
4969.7			1.0
4970.6			1.0
4971.5			1.0
4972.4			1.0
4973.3			1.0
4974.2			1.0
4975.1			1.0
4976.0			1.0
4976.9			1.0
4977.8			1.0
4978.7			0.9760326339431156
4979.6			0.9748495301522807
4980.5			0.9708183384339522
4981.4			0.9297805274997387
4982.3			0.8692298866191477
4983.2			0.8418565655090297
4984.1			0.8581726590798163
4985.0			0.8833103793902528
4985.9			0.9158429725757428
4986.8			0.9670379587036264
4987.7			0.9979086348390209
4988.6			1.0
4989.5			1.0
4990.4			1.0
4991.3			1.0
4992.2			1.0
4993.1			1.0
4994.0			1.0
4994.9			1.0
4995.8			1.0
4996.7			1.0
4997.6			1.0
4998.5			1.0
4999.4			1.0
5000.3			1.0
5001.2			1.0017444417635373
5002.1			1.0114485607175299
5003.0			1.0180896369921308
5003.9			1.0138513996816982
5004.8			0.9842159956042595
5005.7			0.9377842942580953
5006.6			0.9327076184906731
5007.5			0.9901447233119277
5008.4			1.0586349019303398
5009.3			1.076495244770351
5010.2			1.0544264852873024
5011.1			1.0168223394859603
5012.0			0.9584492706585176
5012.9			0.9103277105788115
5013.8			0.8937246656717293
5014.7			0.9110909585224
5015.6			0.9545541460651688
5016.5			0.9751236389962823
5017.4			0.9543013490864055
5018.3			0.9349410201620159
5019.2			0.9574209339039927
5020.1			0.9909829647688037
5021.0			0.992710669019636
5021.9			0.9679397054476554
5022.8			0.9636097658109244
5023.7			0.9953094018538623
5024.6			1.0146292288850867
5025.5			1.0158590059422405
5026.4			0.9997616824575413
5027.3			1.0
5028.2			1.0
5029.1			1.0
5030.0			1.0
5030.9			1.0
5031.8			1.0
5032.7			1.0
5033.6			1.0
5034.5			1.0
5035.4			1.0
5036.3			1.0
5037.2			1.0132927206223612
5038.1			1.012668358950161
5039.0			0.9583619375954276
5039.9			0.8777616785972997
5040.8			0.7923330808194696
5041.7			0.7859392435470365
5042.6			0.8821086539596739
5043.5			0.9691384202561467
5044.4			1.0041365191440914
5045.3			1.0
5046.2			1.0
5047.1			1.0
5048.0			1.0
5048.9			1.0
5049.8			1.0
5050.7			1.0
5051.6			1.0
5052.5			1.0
5053.4			1.0
5054.3			1.0
5055.2			1.0
5056.1			1.0
5057.0			1.0
5057.9			1.0
5058.8			1.0
5059.7			1.0
5060.6			1.0
5061.5			1.0
5062.4			1.0
5063.3			0.984976580481452
5064.2			0.9301750259171933
5065.1			0.8975993684539287
5066.0			0.9331814234465561
5066.9			0.9831536027419333
5067.8			1.0
5068.7			1.0
5069.6			1.0
5070.5			1.0
5071.4			1.0
5072.3			1.0
5073.2			1.0
5074.1			1.0
5075.0			1.0
5075.9			0.9927766017492723
5076.8			1.0112949806973857
5077.7			1.0171213409529
5078.6			0.9501829596434576
5079.5			0.854685059294498
5080.4			0.8370353890454196
5081.3			0.8985461249038189
5082.2			0.9496320683038842
5083.1			0.9580851822845289
5084.0			0.9694279478924073
5084.9			1.0005656168977068
5085.8			1.0
5086.7			1.0
5087.6			1.0
5088.5			1.0
5089.4			1.0
5090.3			1.0
5091.2			1.0
5092.1			1.0
5093.0			1.0
5093.9			1.0
5094.8			1.0
5095.7			0.9834794522596725
5096.6			0.9473147673756283
5097.5			0.895659784475243
5098.4			0.8455056030386517
5099.3			0.8420531572272293
5100.2			0.9054869675848404
5101.1			0.9810115057079932
5102.0			1.014285211189619
5102.9			1.0043268135422767
5103.8			1.0
5104.7			1.0
5105.6			1.0
5106.5			1.0
5107.4			1.0
5108.3			1.0
5109.2			1.0
5110.1			1.0
5111.0			1.0
5111.9			1.0
5112.8			1.0
5113.7			1.0
5114.6			0.9967707013699064
5115.5			1.0001009047560858
5116.4			1.0181428719561243
5117.3			1.0420126741385198
5118.2			1.0558578546340012
5119.1			1.0528837045039436
5120.0			1.0338809754140208
5120.9			1.0058154923638207
5121.8			0.9754005970214745
5122.7			0.9341076262134934
5123.6			0.90062259550451
5124.5			0.9058599284439923
5125.4			0.9297469476009036
5126.3			0.94553149161298
5127.2			0.9454867102366802
5128.1			0.9391025907151669
5129.0			0.9372242951861812
5129.9			0.9471824082601622
5130.8			0.9640923356474
5131.7			0.9819922937921248
5132.6			0.9993771016089409
5133.5			1.0
5134.4			1.024102568609042
5135.3			1.0427590918314664
5136.2			1.019779390903611
5137.1			0.9830113469208684
5138.0			0.959968372758534
5138.9			0.9391987621260764
5139.8			0.9533692206085604
5140.7			0.992479966176866
5141.6			0.9695419692977619
5142.5			0.9158044244701694
5143.4			0.932639996049
5144.3			0.9835789097417513
5145.2			0.9885220886003094
5146.1			0.9649954151099548
5147.0			0.9501892109524692
5147.9			0.9590649384650345
5148.8			0.9984708611740295
5149.7			1.024479632675434
5150.6			1.0009641131538263
5151.5			1.0
5152.4			1.0
5153.3			1.0
5154.2			1.0
5155.1			1.0
5156.0			1.0
5156.9			1.0
5157.8			1.0
5158.7			1.0
5159.6			1.0
5160.5			1.0
5161.4			1.0
5162.3			1.0
5163.2			1.0
5164.1			1.0014961216800382
5165.0			0.9580262934590846
5165.9			0.8778691759548023
5166.8			0.7904551057012494
5167.7			0.7559415047168043
5168.6			0.8256112919423003
5169.5			0.970583221023283
5170.4			1.0616941379300495
5171.3			0.9884531254443305
5172.2			1.0
5173.1			1.0
5174.0			1.0
5174.9			1.0
5175.8			1.0
5176.7			1.0
5177.6			1.0
5178.5			1.0
5179.4			1.0
5180.3			1.0
5181.2			0.9661972570268011
5182.1			0.8655076983434592
5183.0			0.7082979256419029
5183.9			0.6502772877084299
5184.8			0.765944292746437
5185.7			0.9206557421117953
5186.6			0.9983333399230399
5187.5			1.0
5188.4			1.0
5189.3			1.0
5190.2			1.0
5191.1			1.0
5192.0			1.0
5192.9			1.0
5193.8			1.0
5194.7			1.0
5195.6			1.0
5196.5			1.0
5197.4			1.0
5198.3			1.0
5199.2			1.0
5200.1			1.0
5201.0			1.0
5201.9			1.0
5202.8			0.9967214944296419
5203.7			0.9763958913013367
5204.6			0.9188631302719771
5205.5			0.873532902354367
5206.4			0.8838865467711866
5207.3			0.8915665462641427
5208.2			0.8677550386597
5209.1			0.8727675776877178
5210.0			0.9115494011602607
5210.9			0.9475312717565431
5211.8			0.9744632433333986
5212.7			0.9971230117736247
5213.6			1.0012453579959735
5214.5			1.0
5215.4			1.0
5216.3			1.0
5217.2			1.0
5218.1			1.0
5219.0			1.0
5219.9			1.0
5220.8			1.0
5221.7			1.0
5222.6			1.0
5223.5			0.9657264206430145
5224.4			0.9171272464071835
5225.3			0.8594630829117261
5226.2			0.7977454307757343
5227.1			0.7898760788956484
5228.0			0.868774768992338
5228.9			0.9473794890904497
5229.8			0.9781379475575568
5230.7			0.999720295504306
5231.6			1.0
5232.5			1.0
5233.4			1.0
5234.3			1.0
5235.2			1.0
5236.1			1.0
5237.0			1.0
5237.9			1.0
5238.8			1.0
5239.7			1.0
5240.6			1.0134134339863874
5241.5			1.0153256287874992
5242.4			0.9971832733655204
5243.3			0.9924841972150931
5244.2			1.0163754580150988
5245.1			1.0310802186178236
5246.0			0.9923761441520275
5246.9			0.9294032722223461
5247.8			0.9140709415983013
5248.7			0.9293836819412669
5249.6			0.9117778524252443
5250.5			0.8917179209712488
5251.4			0.9099521238110527
5252.3			0.941525369488867
5253.2			0.9562145711185293
5254.1			0.9335283512657394
5255.0			0.9022442707795221
5255.9			0.9272905759996011
5256.8			0.9900364396849377
5257.7			1.0334171763697868
5258.6			1.0427261438407267
5259.5			1.0274007307339268
5260.4			1.0
5261.3			0.9460436764813611
5262.2			0.878336991376542
5263.1			0.8310777040128944
5264.0			0.8051413609263377
5264.9			0.7763010246140464
5265.8			0.7636151429672777
5266.7			0.8139329315807056
5267.6			0.8754662892218575
5268.5			0.8372066070681519
5269.4			0.7388184601331876
5270.3			0.7381264277928976
5271.2			0.8398692600081747
5272.1			0.912725414521434
5273.0			0.9165019422569374
5273.9			0.8989910619223107
5274.8			0.8759396537994666
5275.7			0.8747401076988107
5276.6			0.9300682185563163
5277.5			1.0000745006066667
5278.4			1.0
5279.3			0.9779383638769729
5280.2			0.9409168979627306
5281.1			0.9106157052038474
5282.0			0.8950602589239763
5282.9			0.8758648306531149
5283.8			0.8643790423044061
5284.7			0.902504909044145
5285.6			0.9728182661992123
5286.5			1.0149658896741425
5287.4			1.01320372312196
5288.3			1.0006558491550555
5289.2			1.0
5290.1			1.0
5291.0			1.0
5291.9			1.0
5292.8			1.0
5293.7			1.0
5294.6			1.0083445323114042
5295.5			0.9953155753361178
5296.4			0.9489405553385257
5297.3			0.8888463476313994
5298.2			0.8798138762562882
5299.1			0.9444014577119757
5300.0			1.0017026946737801
5300.9			1.0069183316820145
5301.8			1.003208860723794
5302.7			1.0
5303.6			1.0
5304.5			1.0
5305.4			1.0
5306.3			1.0
5307.2			1.0
5308.1			1.0
5309.0			1.0
5309.9			1.0
5310.8			1.0
5311.7			1.0
5312.6			1.0
5313.5			1.0
5314.4			1.0
5315.3			1.0
5316.2			1.0
5317.1			1.0
5318.0			1.0
5318.9			1.0
5319.8			1.0
5320.7			1.0
5321.6			1.0
5322.5			1.0
5323.4			1.0
5324.3			1.0
5325.2			1.0
5326.1			1.0011292601435253
5327.0			0.9256926106175731
5327.9			0.8079777834982705
5328.8			0.7898602438684492
5329.7			0.8846166236680878
5330.6			0.9786872129345894
5331.5			1.0046401845753745
5332.4			1.0
5333.3			1.0
5334.2			1.0
5335.1			1.0
5336.0			1.0
5336.9			1.0
5337.8			1.0000564911408005
5338.7			0.9908692301154655
5339.6			0.9435666426613479
5340.5			0.8980165496094692
5341.4			0.9157674832086548
5342.3			0.9661296478867027
5343.2			1.000309685738402
5344.1			1.0
5345.0			1.0
5345.9			1.0
5346.8			1.0
5347.7			1.0
5348.6			1.0
5349.5			1.0
5350.4			1.0
5351.3			1.0
5352.2			1.0
5353.1			1.0
5354.0			1.0
5354.9			1.0
5355.8			1.0
5356.7			1.0
5357.6			1.0
5358.5			1.0
5359.4			1.0
5360.3			1.0
5361.2			1.0
5362.1			1.0
5363.0			1.0
5363.9			1.0
5364.8			1.0
5365.7			1.0
5366.6			1.0
5367.5			0.9978665686204812
5368.4			0.9833382875953615
5369.3			0.9403683446937835
5370.2			0.8832764884139309
5371.1			0.8496717898235765
5372.0			0.8799004306976963
5372.9			0.9432507692124819
5373.8			0.9803461741888992
5374.7			0.9941555330563563
5375.6			1.0
5376.5			1.0
5377.4			1.0
5378.3			1.0
5379.2			1.0
5380.1			1.0
5381.0			1.0
5381.9			1.0
5382.8			1.0
5383.7			1.0
5384.6			1.0
5385.5			1.0
5386.4			1.0
5387.3			1.0
5388.2			1.0
5389.1			1.0
5390.0			1.0
5390.9			1.0
5391.8			1.0
5392.7			1.0
5393.6			1.0
5394.5			1.0
5395.4			1.0
5396.3			1.0
5397.2			1.0
5398.1			1.026321292163856
5399.0			1.0738640805272028
5399.9			1.0761581324127494
5400.8			1.0645143729446847
5401.7			1.080665179679108
5402.6			1.0783389834224426
5403.5			1.0178514629831648
5404.4			0.9436253510013365
5405.3			0.897442804331713
5406.2			0.898839949828049
5407.1			0.9435290156317422
5408.0			0.9771018944368423
5408.9			0.963049251145598
5409.8			0.9301329616513033
5410.7			0.9321937032990257
5411.6			0.9733137276214017
5412.5			1.005527791884765
5413.4			1.0
5414.3			1.0
5415.2			1.0
5416.1			1.0
5417.0			1.0
5417.9			1.0
5418.8			1.0
5419.7			1.0
5420.6			1.0
5421.5			1.0
5422.4			1.0
5423.3			1.0
5424.2			1.0
5425.1			1.0
5426.0			1.0
5426.9			1.0450755012551372
5427.8			1.0427636472135235
5428.7			0.9749370067876367
5429.6			0.9143011233030006
5430.5			0.9471550090008769
5431.4			1.004852124061981
5432.3			1.005620398619947
5433.2			1.0
5434.1			1.0
5435.0			1.0
5435.9			1.0
5436.8			1.0
5437.7			1.0
5438.6			1.0
5439.5			1.0
5440.4			1.0
5441.3			1.0
5442.2			1.0
5443.1			1.0
5444.0			0.9806658679635206
5444.9			0.9443646810782566
5445.8			0.8914615623677861
5446.7			0.8539324551455068
5447.6			0.8861085906409677
5448.5			0.9558459122547862
5449.4			1.0001682193274066
5450.3			1.0
5451.2			1.0
5452.1			1.0
5453.0			0.9847949315225554
5453.9			0.9517590378945635
5454.8			0.8940076716192409
5455.7			0.862817089289971
5456.6			0.9057048242600857
5457.5			0.9667380877836502
5458.4			0.9984201321022356
5459.3			1.0
5460.2			1.0
5461.1			1.0
5462.0			1.0
5462.9			1.0
5463.8			1.0
5464.7			1.0
5465.6			1.0
5466.5			1.0
5467.4			1.0
5468.3			1.0
5469.2			1.0
5470.1			1.0
5471.0			1.0
5471.9			1.0
5472.8			1.0
5473.7			0.9925708288593518
5474.6			1.003003360975951
5475.5			0.977422048708803
5476.4			0.9181063677350527
5477.3			0.9162783118473384
5478.2			0.9892210766484033
5479.1			1.0543665909722708
5480.0			1.0476861683183416
5480.9			1.002876401856218
5481.8			1.0
5482.7			1.0
5483.6			1.0
5484.5			1.0
5485.4			1.0
5486.3			1.0
5487.2			1.0
5488.1			1.0
5489.0			1.0
5489.9			1.0
5490.8			1.0
5491.7			1.0
5492.6			1.0
5493.5			1.0
5494.4			1.0
5495.3			1.0
5496.2			1.0
5497.1			1.0
5498.0			1.0
5498.9			1.0
5499.8			1.0
5500.7			1.0
5501.6			1.0
5502.5			1.0
5503.4			1.0
5504.3			1.0
5505.2			1.0
5506.1			1.0
5507.0			1.0
5507.9			1.0
5508.8			1.011403872538934
5509.7			1.0012082647607667
5510.6			0.992338526819183
5511.5			0.9661291380380743
5512.4			0.9320208748902227
5513.3			0.928308947846207
5514.2			0.9482179589935685
5515.1			0.9703614113504947
5516.0			0.9787689047472184
5516.9			0.9815143753161928
5517.8			1.0008079746893972
5518.7			1.0
5519.6			1.0
5520.5			1.0
5521.4			1.0
5522.3			1.0
5523.2			1.0
5524.1			1.0
5525.0			0.9922659347485095
5525.9			0.9745110585204532
5526.8			0.952503098427243
5527.7			0.9259973822137569
5528.6			0.9228425170501264
5529.5			0.9581984205830353
5530.4			0.99668277675676
5531.3			1.0087348407844654
5532.2			1.0003993449002975
5533.1			1.0
5534.0			1.0
5534.9			1.0
5535.8			1.0
5536.7			1.0
5537.6			1.0
5538.5			1.0
5539.4			1.0
5540.3			1.0
5541.2			1.0
5542.1			1.0
5543.0			1.0
5543.9			1.0
5544.8			1.0
5545.7			1.0
5546.6			1.0
5547.5			1.0
5548.4			1.0
5549.3			1.0
5550.200000000001			1.0
5551.1			1.0
5552.0			1.0
5552.9			1.0
5553.8			1.0
5554.700000000001			1.0
5555.6			1.0
5556.5			1.0
5557.4			1.0
5558.3			1.0
5559.200000000001			1.0
5560.1			1.0
5561.0			1.0
5561.9			1.0
5562.8			1.0
5563.700000000001			1.0
5564.6			1.0
5565.5			1.0
5566.4			1.0
5567.3			1.0
5568.200000000001			1.0
5569.1			1.0
5570.0			1.0
5570.9			1.0
5571.8			1.0
5572.700000000001			1.0
5573.6			1.0
5574.5			1.0
5575.4			1.0
5576.3			1.0
5577.200000000001			1.0
5578.1			1.0
5579.0			0.989219730272825
5579.9			0.9994440954781281
5580.8			1.0128428547379336
5581.700000000001			1.001752942376388
5582.6			0.995207337171712
5583.5			1.0026004936328545
5584.4			0.9980248712090218
5585.3			0.9789254734284395
5586.200000000001			0.9442235423542893
5587.1			0.8931131495540814
5588.0			0.8644482826081131
5588.9			0.8716930249252316
5589.8			0.8958181418859069
5590.700000000001			0.9232130736126479
5591.6			0.940257635049239
5592.5			0.9421085563305068
5593.4			0.9319145950709942
5594.3			0.919084863444457
5595.200000000001			0.9420101742712459
5596.1			1.0
5597.0			1.0100522355648867
5597.9			0.9740020719035922
5598.8			0.9413558773467762
5599.700000000001			0.9402089301099816
5600.6			0.9309877765412008
5601.5			0.9085934396287524
5602.4			0.8906830329558918
5603.3			0.8938497603186907
5604.200000000001			0.9404297129173467
5605.1			0.9832334691545569
5606.0			1.0055565122850774
5606.9			1.010259518433147
5607.8			0.99915522864348
5608.700000000001			1.0
5609.6			1.0
5610.5			1.0
5611.4			1.0
5612.3			1.0
5613.200000000001			1.0014926545146345
5614.1			0.9713841804929795
5615.0			0.9000307290421752
5615.9			0.8693237442918956
5616.8			0.9227130453186114
5617.700000000001			0.9851346578718821
5618.6			1.0050548500591614
5619.5			1.0
5620.4			1.0
5621.3			1.0
5622.200000000001			1.018528127297018
5623.1			1.0050993120224994
5624.0			0.9586448503305408
5624.9			0.9250695609784204
5625.8			0.9460825718041354
5626.700000000001			0.9872023444498047
5627.6			1.001490280859991
5628.5			1.0
5629.4			1.0
5630.3			1.0
5631.200000000001			1.0
5632.1			1.0
5633.0			1.0
5633.9			1.0
5634.8			1.0
5635.700000000001			1.0
5636.6			1.0
5637.5			1.0
5638.4			1.0
5639.3			1.0
5640.200000000001			1.0
5641.1			1.0
5642.0			1.0
5642.9			1.0
5643.8			1.0
5644.700000000001			1.0
5645.6			1.0
5646.5			1.0
5647.4			1.0
5648.3			1.0
5649.200000000001			1.0
5650.1			1.0
5651.0			1.0
5651.9			1.0
5652.8			1.0
5653.700000000001			1.0
5654.6			1.0
5655.5			1.0
5656.4			1.0186396182302313
5657.3			1.0047538436889127
5658.200000000001			0.9362035827434373
5659.1			0.9134715449990068
5660.0			0.972098581626383
5660.9			1.0111565401693066
5661.8			1.0000255152080115
5662.700000000001			1.0
5663.6			1.0
5664.5			1.0
5665.4			1.0
5666.3			1.0
5667.200000000001			1.0
5668.1			1.0
5669.0			1.0
5669.9			1.0
5670.8			1.0
5671.700000000001			1.0
5672.6			1.0
5673.5			1.0
5674.4			1.0
5675.3			1.0
5676.200000000001			1.0
5677.1			1.0
5678.0			1.0
5678.9			1.0
5679.8			1.0
5680.700000000001			1.0
5681.6			1.0
5682.5			1.0
5683.4			1.0
5684.3			1.0
5685.200000000001			1.0
5686.1			1.0
5687.0			1.0
5687.9			1.0
5688.8			1.0
5689.700000000001			1.0
5690.6			1.0
5691.5			1.0
5692.4			1.0
5693.3			1.0
5694.200000000001			1.0
5695.1			1.0
5696.0			1.0
5696.9			1.0
5697.8			1.0
5698.700000000001			1.0
5699.6			1.0
5700.5			1.0
5701.4			0.9752121484514343
5702.3			0.9670758307609918
5703.200000000001			0.9883612601968471
5704.1			1.008215792223419
5705.0			1.0003513087246099
5705.9			0.9699000141340673
5706.8			0.9487234010592532
5707.700000000001			0.9394917362223894
5708.6			0.9216119962400847
5709.5			0.9079114347065725
5710.4			0.910816831184936
5711.3			0.9092527706716734
5712.200000000001			0.9150751200326332
5713.1			0.9527682434233575
5714.0			0.9852422219767974
5714.9			0.9927438930702898
5715.8			1.0000848254317674
5716.700000000001			1.007327957914769
5717.6			0.9983876115735266
5718.5			1.0
5719.4			1.0
5720.3			1.0
5721.200000000001			1.0
5722.1			1.0
5723.0			1.0
5723.9			1.0
5724.8			1.0
5725.700000000001			1.0
5726.6			1.0
5727.5			1.0
5728.4			1.0
5729.3			1.0
5730.200000000001			1.0
5731.1			1.0
5732.0			1.0
5732.9			1.0
5733.8			1.0
5734.700000000001			1.0
5735.6			1.0
5736.5			1.0
5737.4			1.0
5738.3			1.0
5739.200000000001			1.0
5740.1			1.0
5741.0			1.0
5741.9			1.0
5742.8			1.0
5743.700000000001			1.0
5744.6			1.0
5745.5			1.0
5746.4			1.0
5747.3			1.0
5748.200000000001			1.0
5749.1			1.0
5750.0			1.0
5750.9			1.0
5751.8			0.9797852609443346
5752.700000000001			0.946508561462985
5753.6			0.9114831826039834
5754.5			0.902584641536297
5755.4			0.9382037404500227
5756.3			0.9795845939034775
5757.200000000001			1.0004576586666356
5758.1			1.0
5759.0			1.0
5759.9			1.0
5760.8			1.0
5761.700000000001			1.0
5762.6			1.0
5763.5			1.0
5764.4			1.0
5765.3			1.0
5766.200000000001			1.0
5767.1			1.0
5768.0			1.0
5768.9			1.0
5769.8			1.0
5770.700000000001			1.0
5771.6			1.0
5772.5			1.0
5773.4			1.0
5774.3			0.998658879513838
5775.200000000001			0.9983703333022138
5776.1			1.0119943122593615
5777.0			1.0257425012010155
5777.9			1.0223889640522092
5778.8			1.0103115570529348
5779.700000000001			0.9858111195082041
5780.6			0.940760316368679
5781.5			0.9065367758340627
5782.4			0.9101222154787876
5783.3			0.9309656059107616
5784.200000000001			0.9314052295266158
5785.1			0.9144963995882159
5786.0			0.922010754679619
5786.9			0.9576334175627247
5787.8			0.9856323266711896
5788.700000000001			1.0001540161110767
5789.6			1.0
5790.5			1.0
5791.4			1.0
5792.3			1.0
5793.200000000001			1.0
5794.1			1.0
5795.0			1.0
5795.9			1.0
5796.8			1.0
5797.700000000001			1.0
5798.6			1.0
5799.5			1.0
5800.4			1.0
5801.3			1.0
5802.200000000001			1.0
5803.1			1.0
5804.0			1.0
5804.9			1.0
5805.8			1.0
5806.700000000001			1.0
5807.6			1.0
5808.5			1.0
5809.4			1.0
5810.3			1.0
5811.200000000001			1.0
5812.1			1.0
5813.0			1.0
5813.9			1.0
5814.8			1.0
5815.700000000001			1.0
5816.6			1.0
5817.5			1.0
5818.4			1.0
5819.3			1.0
5820.200000000001			1.0
5821.1			1.0
5822.0			1.0
5822.9			1.0
5823.8			1.0
5824.700000000001			1.0
5825.6			1.0
5826.5			1.0
5827.4			1.0
5828.3			1.0
5829.200000000001			1.0
5830.1			1.0
5831.0			1.0
5831.9			1.0
5832.8			1.0
5833.700000000001			1.0
5834.6			1.0
5835.5			1.0
5836.4			1.0
5837.3			1.0
5838.200000000001			1.0
5839.1			1.0
5840.0			1.0
5840.9			1.0
5841.8			1.0
5842.700000000001			1.0
5843.6			1.0
5844.5			1.0
5845.4			1.0
5846.3			1.0
5847.200000000001			1.0
5848.1			1.0
5849.0			1.0
5849.9			1.0
5850.8			1.0067619411016162
5851.700000000001			1.00260854033449
5852.6			0.9767638020228827
5853.5			0.9528569688683728
5854.4			0.954795029098637
5855.3			0.9698885060422051
5856.200000000001			0.9630364889675506
5857.1			0.9338648407699838
5858.0			0.9220215830368689
5858.9			0.9372866075881409
5859.8			0.9609183885336537
5860.700000000001			0.9861997781941839
5861.6			0.9842160145842304
5862.5			0.9671053068957204
5863.4			0.9743627295526248
5864.3			0.9947591849366196
5865.200000000001			1.000516726926354
5866.1			1.0
5867.0			1.0
5867.9			1.0
5868.8			1.0
5869.700000000001			1.0
5870.6			1.0
5871.5			1.0
5872.4			1.0
5873.3			1.0
5874.200000000001			1.0
5875.1			1.0
5876.0			1.0
5876.9			1.0
5877.8			1.0
5878.700000000001			1.0
5879.6			1.0
5880.5			1.0
5881.4			1.0
5882.3			1.0
5883.200000000001			1.0
5884.1			1.0
5885.0			1.0
5885.9			1.0
5886.8			1.0
5887.700000000001			0.9891054091567038
5888.6			0.9266766294918958
5889.5			0.8203011987654228
5890.4			0.7731351505472089
5891.3			0.8637602686657377
5892.200000000001			0.9612571479040117
5893.1			0.9990221956623331
5894.0			1.0
5894.9			1.0
5895.8			1.0
5896.700000000001			1.0
5897.6			1.0
5898.5			1.0
5899.4			1.0
5900.3			1.0
5901.200000000001			1.0
5902.1			1.0
5903.0			1.0
5903.9			1.0
5904.8			1.0
5905.700000000001			1.0
5906.6			1.0
5907.5			1.0
5908.4			1.0
5909.3			1.0
5910.200000000001			1.0
5911.1			1.0
5912.0			1.0
5912.9			1.0
5913.8			1.0
5914.700000000001			1.0
5915.6			1.0
5916.5			1.0
5917.4			1.0
5918.3			1.0
5919.200000000001			1.0
5920.1			1.0
5921.0			1.0
5921.9			1.0
5922.8			1.0
5923.700000000001			1.0
5924.6			1.0
5925.5			1.0
5926.4			1.0
5927.3			1.0
5928.200000000001			1.0
5929.1			1.0
5930.0			1.0
5930.9			1.0
5931.8			1.0
5932.700000000001			1.0
5933.6			1.0
5934.5			1.0
5935.4			1.0
5936.3			1.0
5937.200000000001			1.0
5938.1			1.0
5939.0			1.0
5939.9			1.0
5940.8			1.0
5941.700000000001			1.0
5942.6			1.0
5943.5			1.0
5944.4			1.0
5945.3			1.0
5946.200000000001			1.0
5947.1			1.0
5948.0			1.0
5948.9			1.0
5949.8			1.0
5950.700000000001			1.0
5951.6			1.0
5952.5			1.0
5953.4			1.0
5954.3			1.0
5955.200000000001			1.0
5956.1			1.0
5957.0			1.0
5957.9			1.0
5958.8			1.0
5959.700000000001			1.0
5960.6			1.0
5961.5			1.0
5962.4			1.0
5963.3			1.0
5964.200000000001			1.0
5965.1			1.0
5966.0			1.0
5966.9			1.0
5967.8			1.0
5968.700000000001			1.0
5969.6			1.0
5970.5			1.0
5971.4			1.0
5972.3			1.0
5973.200000000001			1.0
5974.1			1.0
5975.0			1.0
5975.9			1.0
5976.8			1.0
5977.700000000001			1.0
5978.6			1.0
5979.5			1.0
5980.4			1.0
5981.3			1.0
5982.200000000001			1.0
5983.1			1.0
5984.0			1.0
5984.9			1.0
5985.8			1.0
5986.700000000001			1.0
5987.6			1.0
5988.5			1.0
5989.4			1.0
5990.3			1.0
5991.200000000001			1.0
5992.1			1.0
5993.0			1.0
5993.9			1.0
5994.8			1.0
5995.700000000001			1.0
5996.6			1.0
5997.5			1.0
5998.4			1.0
5999.3			1.0
6000.200000000001			1.0
6001.1			1.0
6002.0			1.0
6002.9			1.0
6003.8			1.0
6004.700000000001			1.0141328345598801
6005.6			1.0089232332641462
6006.5			0.9901106136234956
6007.4			0.9628058882667251
6008.3			0.9462314276180462
6009.200000000001			0.9694487711334056
6010.1			1.0093303602397856
6011.0			1.0203879757673664
6011.9			0.9997121376522182
6012.8			1.0
6013.700000000001			1.0
6014.6			1.0
6015.5			1.0
6016.4			1.0
6017.3			1.0
6018.200000000001			1.0
6019.1			1.0
6020.0			1.0
6020.9			1.0
6021.8			1.0
6022.700000000001			1.0
6023.6			1.0
6024.5			1.0
6025.4			1.0
6026.3			1.0
6027.200000000001			1.0
6028.1			1.0
6029.0			1.0
6029.9			1.0
6030.8			1.0
6031.700000000001			1.0
6032.6			1.0
6033.5			1.0
6034.4			1.0
6035.3			1.0
6036.200000000001			1.0
6037.1			1.0
6038.0			1.0
6038.9			1.0
6039.8			1.0
6040.700000000001			1.0
6041.6			1.0
6042.5			1.0
6043.4			1.0
6044.3			1.0
6045.200000000001			1.0
6046.1			1.0
6047.0			1.0
6047.9			1.0
6048.8			1.0
6049.700000000001			1.0
6050.6			1.0
6051.5			1.0
6052.4			1.0
6053.3			1.0
6054.200000000001			1.0
6055.1			1.0
6056.0			1.0
6056.9			1.0
6057.8			1.0
6058.700000000001			1.0
6059.6			1.0
6060.5			1.0
6061.4			1.0
6062.3			1.0
6063.200000000001			1.0
6064.1			1.0
6065.0			1.0
6065.9			1.0
6066.8			1.0
6067.700000000001			1.0
6068.6			1.0
6069.5			1.0
6070.4			1.0
6071.3			1.0
6072.200000000001			1.0
6073.1			1.0
6074.0			1.0
6074.9			1.0
6075.8			1.0
6076.700000000001			1.0
6077.6			1.0
6078.5			1.0
6079.4			1.0
6080.3			1.0
6081.200000000001			1.0
6082.1			1.0
6083.0			1.0
6083.9			1.0
6084.8			1.0
6085.700000000001			1.0
6086.6			1.0
6087.5			1.0
6088.4			1.0
6089.3			1.0
6090.200000000001			1.0
6091.1			1.0
6092.0			1.0
6092.9			1.0
6093.8			1.0
6094.700000000001			1.0
6095.6			1.0
6096.5			1.0
6097.4			1.0
6098.3			1.0
6099.200000000001			1.0
6100.1			1.0
6101.0			0.984297648238894
6101.9			0.93712249181229
6102.8			0.9008264633326342
6103.700000000001			0.9350862441013866
6104.6			0.9966803152489678
6105.5			1.0
6106.4			1.0
6107.3			1.0
6108.200000000001			1.0
6109.1			1.0
6110.0			1.0
6110.9			1.0
6111.8			1.0
6112.700000000001			1.0
6113.6			1.0
6114.5			1.0
6115.4			1.0
6116.3			1.0
6117.200000000001			1.0
6118.1			1.0
6119.0			1.0
6119.9			1.0
6120.8			1.0
6121.700000000001			1.0
6122.6			1.0
6123.5			1.0
6124.4			1.0
6125.3			1.0
6126.200000000001			1.0
6127.1			1.0
6128.0			1.0
6128.9			1.0
6129.8			1.0
6130.700000000001			1.0
6131.6			1.0
6132.5			1.0
6133.4			1.0
6134.3			1.0006082428501737
6135.200000000001			0.9716116052156185
6136.1			0.9048216839185803
6137.0			0.8423032831870908
6137.9			0.8578849204431979
6138.8			0.9374285950322678
6139.700000000001			1.0010140119418598
6140.6			1.0
6141.5			1.0
6142.4			1.0
6143.3			1.0
6144.200000000001			1.0
6145.1			1.0
6146.0			1.0
6146.9			1.0
6147.8			1.0
6148.700000000001			1.0
6149.6			1.0
6150.5			1.0
6151.4			1.0
6152.3			1.0
6153.200000000001			1.0
6154.1			1.0
6155.0			1.0
6155.9			1.0
6156.8			1.0
6157.700000000001			1.0
6158.6			1.0072917610434746
6159.5			1.0099604401292435
6160.4			0.9803170130697142
6161.3			0.9223823869148761
6162.200000000001			0.8895279189928315
6163.1			0.9001281326658875
6164.0			0.9374410849570814
6164.9			0.9780040809675052
6165.8			0.9997486584938461
6166.700000000001			1.0
6167.6			1.0
6168.5			1.0
6169.4			1.0
6170.3			1.0
6171.200000000001			1.0
6172.1			1.0
6173.0			1.0
6173.9			1.0
6174.8			1.0
6175.700000000001			1.0
6176.6			1.0
6177.5			1.0
6178.4			1.0
6179.3			1.0
6180.200000000001			1.0
6181.1			1.0
6182.0			1.0
6182.9			1.0
6183.8			1.0
6184.700000000001			1.0
6185.6			1.0
6186.5			1.0
6187.4			1.0
6188.3			1.0
6189.200000000001			1.0014103509624297
6190.1			0.9852573879460965
6191.0			0.9371701453659153
6191.9			0.9171896091653293
6192.8			0.9569177113961614
6193.700000000001			0.9918939732996043
6194.6			0.9953138773991831
6195.5			1.0
6196.4			1.0
6197.3			1.0
6198.200000000001			1.0
6199.1			1.0
6200.0			1.0
6200.9			1.0
6201.8			1.0
6202.700000000001			1.0
6203.6			1.0
6204.5			1.0
6205.4			1.0
6206.3			1.0
6207.200000000001			1.0
6208.1			1.0
6209.0			1.0
6209.9			1.0
6210.8			1.0
6211.700000000001			1.0
6212.6			1.0
6213.5			1.0
6214.4			1.0
6215.3			1.0
6216.200000000001			1.0
6217.1			1.0
6218.0			1.0
6218.9			1.0
6219.8			1.0
6220.700000000001			1.0
6221.6			1.0
6222.5			1.0
6223.4			1.0
6224.3			1.0
6225.200000000001			1.0
6226.1			1.0
6227.0			1.0033537106989
6227.9			1.004923338320404
6228.8			0.9866740039433567
6229.700000000001			0.9485539829923705
6230.6			0.9160926007388783
6231.5			0.9202687598349865
6232.4			0.9496366154079403
6233.3			0.972923016727998
6234.200000000001			0.9998242890157063
6235.1			1.0
6236.0			1.0
6236.9			1.0
6237.8			1.0
6238.700000000001			1.0
6239.6			1.0
6240.5			1.0
6241.4			1.0
6242.3			1.0
6243.200000000001			1.0
6244.1			1.0
6245.0			1.0
6245.9			1.0
6246.8			1.0
6247.700000000001			1.0
6248.6			1.0
6249.5			1.0
6250.4			1.0000013984297045
6251.3			0.981696901312176
6252.200000000001			0.941344857594987
6253.1			0.9170450658708996
6254.0			0.9219063995604502
6254.9			0.931894505284673
6255.8			0.9400090415929203
6256.700000000001			0.9345626139814612
6257.6			0.9252089399164217
6258.5			0.9175606101185526
6259.4			0.936930672305383
6260.3			0.9708529624522587
6261.200000000001			0.9803296392605124
6262.1			0.9884997312167955
6263.0			1.0074197154170321
6263.9			1.008728369076895
6264.8			0.9850324568107844
6265.700000000001			0.9778117322174699
6266.6			0.9996742836469023
6267.5			1.0
6268.4			1.0
6269.3			1.0
6270.200000000001			1.0
6271.1			1.0
6272.0			1.0
6272.9			1.0
6273.8			1.0
6274.700000000001			1.0
6275.6			1.0
6276.5			1.0
6277.4			1.0
6278.3			1.0
6279.200000000001			1.0
6280.1			1.0
6281.0			1.0
6281.9			1.0
6282.8			1.0
6283.700000000001			1.0
6284.6			1.0
6285.5			1.0
6286.4			1.0
6287.3			1.0
6288.200000000001			1.0
6289.1			1.0
6290.0			1.0
6290.9			1.0
6291.8			1.0
6292.700000000001			1.0
6293.6			1.0
6294.5			1.0
6295.4			1.0
6296.3			1.0
6297.200000000001			1.0
6298.1			1.0
6299.0			1.0
6299.9			1.0
6300.8			1.0
6301.700000000001			1.0
6302.6			1.0
6303.5			1.0
6304.4			1.0
6305.3			1.0
6306.200000000001			1.0
6307.1			1.0
6308.0			1.0
6308.9			1.0
6309.8			1.0
6310.700000000001			1.0
6311.6			1.0
6312.5			1.0
6313.4			1.0001783228040326
6314.3			0.9711978433513899
6315.200000000001			0.9365332348802222
6316.1			0.9423404359154142
6317.0			0.9567680202549304
6317.9			0.9342457725661958
6318.8			0.9168128395451404
6319.700000000001			0.9383179768128395
6320.6			0.9709282805437086
6321.5			0.9818574626335147
6322.4			0.9682987685614478
6323.3			0.9721736218432672
6324.200000000001			1.0003545325832166
6325.1			1.0
6326.0			1.0
6326.9			1.0
6327.8			1.0
6328.700000000001			1.0
6329.6			1.0
6330.5			1.0
6331.4			1.0
6332.3			1.0
6333.200000000001			1.0
6334.1			1.0
6335.0			1.0
6335.9			1.0
6336.8			1.0
6337.700000000001			1.0
6338.6			1.0
6339.5			1.0
6340.4			1.0
6341.3			1.0
6342.200000000001			1.0
6343.1			1.0
6344.0			1.0
6344.9			1.0
6345.8			1.0
6346.700000000001			1.0
6347.6			1.0
6348.5			1.0
6349.4			1.0
6350.3			1.0
6351.200000000001			1.0
6352.1			1.0
6353.0			1.0
6353.9			1.0
6354.8			1.0
6355.700000000001			1.0
6356.6			1.0
6357.5			1.0
6358.4			1.0
6359.3			1.0
6360.200000000001			1.0
6361.1			1.0
6362.0			1.0
6362.9			1.0
6363.8			1.0
6364.700000000001			1.0
6365.6			1.0
6366.5			1.0
6367.4			1.0
6368.3			1.0
6369.200000000001			1.0
6370.1			1.0
6371.0			1.0
6371.9			1.0
6372.8			1.0
6373.700000000001			1.0
6374.6			1.0
6375.5			1.0
6376.4			1.0
6377.3			1.0
6378.200000000001			1.0
6379.1			1.0
6380.0			1.0
6380.9			1.0
6381.8			1.0
6382.700000000001			1.0
6383.6			1.0
6384.5			1.0
6385.4			1.0
6386.3			1.0
6387.200000000001			1.0
6388.1			1.0
6389.0			1.0
6389.9			1.0
6390.8			1.0
6391.700000000001			1.0
6392.6			1.0
6393.5			1.0
6394.4			1.0
6395.3			1.0
6396.200000000001			1.0
6397.1			1.0
6398.0			1.0
6398.9			0.9688377996235996
6399.8			0.9092208436668149
6400.700000000001			0.9011948271155045
6401.6			0.9612406400447051
6402.5			1.0010122737928016
6403.4			1.0
6404.3			1.0
6405.200000000001			1.0
6406.1			1.0
6407.0			1.0
6407.9			1.0
6408.8			1.0
6409.700000000001			1.0
6410.6			1.0
6411.5			1.0
6412.4			1.0
6413.3			1.0
6414.200000000001			1.0
6415.1			1.0
6416.0			1.0
6416.9			1.0
6417.8			1.0
6418.700000000001			1.0
6419.6			1.0
6420.5			1.0
6421.4			1.0
6422.3			1.0
6423.200000000001			1.0
6424.1			1.0
6425.0			1.0
6425.9			1.0
6426.8			1.0
6427.700000000001			1.0
6428.6			1.0
6429.5			1.0
6430.4			1.0
6431.3			1.0
6432.200000000001			1.0
6433.1			1.0
6434.0			1.0
6434.9			1.0
6435.8			1.0
6436.700000000001			1.0
6437.6			1.0
6438.5			1.0
6439.4			1.0
6440.3			1.0
6441.200000000001			1.0
6442.1			1.0
6443.0			1.0
6443.9			1.0
6444.8			1.0
6445.700000000001			1.0
6446.6			1.0
6447.5			1.0
6448.4			0.9781009648203136
6449.3			0.9255386650035929
6450.200000000001			0.8932176880759872
6451.1			0.9360188933732234
6452.0			0.9954437549732212
6452.9			1.0
6453.8			1.0
6454.700000000001			1.0
6455.6			1.0
6456.5			1.0
6457.4			1.0
6458.3			1.0
6459.200000000001			1.0
6460.1			1.0
6461.0			0.9875678735847389
6461.9			0.9455955292932976
6462.8			0.9102718705778051
6463.700000000001			0.9449844774715626
6464.6			0.9939751161128301
6465.5			1.0
6466.4			1.0
6467.3			1.0
6468.200000000001			1.0
6469.1			1.0
6470.0			1.0
6470.9			1.0
6471.8			1.0
6472.700000000001			1.0
6473.6			1.0
6474.5			1.0
6475.4			1.0
6476.3			1.0
6477.200000000001			1.0
6478.1			1.0
6479.0			1.0
6479.9			1.0
6480.8			1.0
6481.700000000001			1.0
6482.6			1.0
6483.5			1.0
6484.4			1.0
6485.3			1.0
6486.200000000001			1.0
6487.1			1.0
6488.0			1.0
6488.9			1.0010023120551255
6489.8			0.9922692774481922
6490.700000000001			0.982458518150938
6491.6			0.973394942982681
6492.5			0.9624910921490891
6493.4			0.9284649531068705
6494.3			0.8734765441864176
6495.200000000001			0.844827416472695
6496.1			0.857362383408682
6497.0			0.8842860981603298
6497.9			0.919535517835228
6498.8			0.930449031431193
6499.700000000001			0.9398254506784461
6500.6			0.9735433949433779
6501.5			1.00191310084735
6502.4			1.0
6503.3			1.0
6504.200000000001			1.0
6505.1			1.0
6506.0			1.0
6506.9			1.0
6507.8			1.0
6508.700000000001			1.0
6509.6			1.0
6510.5			1.0
6511.4			1.0
6512.3			1.0
6513.200000000001			1.0
6514.1			1.0
6515.0			1.0
6515.9			1.0
6516.8			1.0
6517.700000000001			1.0
6518.6			1.0
6519.5			1.0
6520.4			1.0
6521.3			1.0
6522.200000000001			1.0
6523.1			1.0
6524.0			1.0
6524.9			1.0
6525.8			1.0
6526.700000000001			1.0
6527.6			1.0
6528.5			1.0
6529.4			1.0
6530.3			1.0
6531.200000000001			1.0
6532.1			1.0
6533.0			1.0
6533.9			1.0
6534.8			1.0
6535.700000000001			1.0
6536.6			1.0
6537.5			1.0
6538.4			1.0
6539.3			1.0
6540.200000000001			1.0
6541.1			1.0
6542.0			1.0
6542.9			1.0
6543.8			1.0
6544.700000000001			1.0
6545.6			1.0
6546.5			1.0
6547.4			1.0
6548.3			1.0
6549.200000000001			1.0
6550.1			1.0
6551.0			1.0
6551.9			1.0
6552.8			1.0
6553.700000000001			1.0
6554.6			1.0
6555.5			1.0
6556.4			1.0
6557.3			1.0
6558.200000000001			1.0
6559.1			1.0
6560.0			0.9761655177973451
6560.9			0.92167786099776
6561.8			0.7850793098986412
6562.700000000001			0.6330523857990221
6563.6			0.6641428896079455
6564.5			0.8531639815603906
6565.4			0.9998211267513933
6566.3			1.0
6567.200000000001			1.0
6568.1			1.0
6569.0			1.0
6569.9			1.0
6570.8			1.0
6571.700000000001			1.0
6572.6			1.0
6573.5			1.0
6574.4			1.0
6575.3			1.008374397320593
6576.200000000001			1.0408267871232844
6577.1			1.0585108905005645
6578.0			1.0582335602584014
6578.9			1.0525126697960359
6579.8			1.0361204212311483
6580.700000000001			1.0140777531957983
6581.6			1.0031058349520154
6582.5			1.0037619472734827
6583.4			1.0
6584.3			1.0
6585.200000000001			1.0
6586.1			1.0
6587.0			1.0
6587.9			1.0
6588.8			1.0
6589.700000000001			1.0
6590.6			0.9935441089268617
6591.5			0.9688968925884478
6592.4			0.9251148004169021
6593.3			0.8905268383732505
6594.200000000001			0.907437408579914
6595.1			0.9494796626777258
6596.0			0.9736583227952722
6596.9			0.9762517105079281
6597.8			0.9671881945234432
6598.700000000001			0.9597864329104685
6599.6			0.9686695836172103
6600.5			0.9878720616826767
6601.4			0.99841343718194
6602.3			0.9970922582767789
6603.200000000001			0.9897940845413014
6604.1			0.9793791900155362
6605.0			0.9730617955551359
6605.9			0.976698894439591
6606.8			0.9744172078017215
6607.700000000001			0.9617807764222116
6608.6			0.9427448587051079
6609.5			0.9390421272945052
6610.4			0.9665070340040524
6611.3			0.9933886383757591
6612.200000000001			0.9997842303754279
6613.1			0.9905614685473749
6614.0			0.9841794889898303
6614.9			0.990736482796206
6615.8			0.9978397580813476
6616.700000000001			0.9961856850067087
6617.6			0.9943874457833219
6618.5			0.9984033772775814
6619.4			1.0021461496029613
6620.3			1.0039917986847846
6621.200000000001			1.0038979712518323
6622.1			1.0018287316205878
6623.0			0.9962696221750977
6623.9			0.9783842834786144
6624.8			0.9615598265011648
6625.700000000001			0.9708692847559676
6626.6			0.9870112318858214
6627.5			0.9891594262894677
6628.4			0.9911152518960703
6629.3			0.9900111047026604
6630.200000000001			0.9887225908088677
6631.1			0.9854536374696133
6632.0			0.9706492764141691
6632.9			0.9467779368030641
6633.8			0.9211915535870798
6634.700000000001			0.9275121675738403
6635.6			0.9591621620604137
6636.5			0.9794461281957278
6637.4			0.9860716457405022
6638.3			0.9869723527668784
6639.200000000001			0.9796849556430154
6640.1			0.9727967935917406
6641.0			0.9793600718441341
6641.9			0.979626624597823
6642.8			0.9612432789886424
6643.700000000001			0.9374597903685264
6644.6			0.9407580339547233
6645.5			0.965660340206338
6646.4			0.9816360633219812
6647.3			0.9785552472667653
6648.200000000001			0.9753170782470317
6649.1			0.9885737083890127
6650.0			1.0000060372699293
6650.9			1.0
6651.8			1.0
6652.700000000001			1.0
6653.6			1.0
6654.5			1.0
6655.4			1.0
6656.3			1.0
6657.200000000001			1.0
6658.1			1.0
6659.0			1.0
6659.9			1.0
6660.8			1.0
6661.700000000001			1.0
6662.6			1.0
6663.5			1.0
6664.4			1.0
6665.3			1.0
6666.200000000001			1.0
6667.1			1.0
6668.0			1.0
6668.9			1.0
6669.8			1.0
6670.700000000001			1.0
6671.6			1.0
6672.5			1.0
6673.4			1.0
6674.3			1.0
6675.200000000001			1.0
6676.1			1.0
6677.0			1.0
6677.9			1.0
6678.8			1.0
6679.700000000001			1.0
6680.6			1.0
6681.5			1.0
6682.4			1.0
6683.3			1.0
6684.200000000001			1.0
6685.1			1.0
6686.0			1.0
6686.9			1.0
6687.8			1.0
6688.700000000001			1.0
6689.6			1.0
6690.5			1.0
6691.4			1.0
6692.3			1.0
6693.200000000001			1.0
6694.1			1.0
6695.0			1.0
6695.9			1.0
6696.8			1.0
6697.700000000001			1.0
6698.6			1.0
6699.5			1.0
6700.4			1.0
6701.3			1.0
6702.200000000001			1.0
6703.1			1.0
6704.0			1.0
6704.9			1.0
6705.8			1.0
6706.700000000001			1.0
6707.6			1.0
6708.5			1.0
6709.4			1.0
6710.3			1.0
6711.200000000001			1.0
6712.1			1.0
6713.0			1.0
6713.9			1.0
6714.8			1.0
6715.700000000001			1.0
6716.6			1.0
6717.5			1.0
6718.4			1.0
6719.3			1.0
6720.200000000001			1.0
6721.1			1.0
6722.0			1.0
6722.9			1.0
6723.8			1.0
6724.700000000001			1.0
6725.6			1.0
6726.5			1.0
6727.4			1.0
6728.3			1.0
6729.200000000001			1.0
6730.1			1.0
6731.0			1.0
6731.9			1.0
6732.8			1.0
6733.700000000001			1.0
6734.6			1.0
6735.5			1.0
6736.4			1.0
6737.3			1.0
6738.200000000001			1.0
6739.1			1.0
6740.0			1.0
6740.9			1.0
6741.8			1.0
6742.700000000001			1.0
6743.6			1.0
6744.5			1.0
6745.4			1.0
6746.3			1.0
6747.200000000001			1.0
6748.1			1.0
6749.0			1.0
6749.9			1.0
6750.8			1.0
6751.700000000001			1.0
6752.6			1.0
6753.5			1.0
6754.4			1.0
6755.3			1.0
6756.200000000001			1.0
6757.1			1.0
6758.0			1.0
6758.9			1.0
6759.8			1.0
6760.700000000001			1.0
6761.6			1.0
6762.5			1.0
6763.4			1.0
6764.3			1.0
6765.200000000001			1.0
6766.1			1.0
6767.0			1.0
6767.9			1.0
6768.8			1.0
6769.700000000001			1.0
6770.6			1.0
6771.5			1.0
6772.4			1.0
6773.3			1.0
6774.200000000001			1.0
6775.1			1.0
6776.0			1.0
6776.9			1.0
6777.8			1.0
6778.700000000001			1.0
6779.6			1.0
6780.5			1.0
6781.4			1.0
6782.3			1.0
6783.200000000001			1.0
6784.1			1.0
6785.0			1.0
6785.9			1.0
6786.8			1.0
6787.700000000001			1.0
6788.6			1.0
6789.5			1.0
6790.4			1.0
6791.3			1.0
6792.200000000001			1.0
6793.1			1.0
6794.0			1.0
6794.9			1.0
6795.8			1.0
6796.700000000001			1.0
6797.6			1.0
6798.5			1.0
6799.4			1.0
6800.3			1.0
6801.200000000001			1.0
6802.1			1.0
6803.0			1.0
6803.9			1.0
6804.8			1.0
6805.700000000001			1.0
6806.6			1.0
6807.5			1.0
6808.4			1.0
6809.3			1.0
6810.200000000001			1.0
6811.1			1.0
6812.0			1.0
6812.9			1.0
6813.8			1.0
6814.700000000001			1.0
6815.6			1.0
6816.5			1.0
6817.4			1.0
6818.3			1.0
6819.200000000001			1.0
6820.1			1.0
6821.0			1.0
6821.9			1.0
6822.8			1.0
6823.700000000001			1.0
6824.6			1.0
6825.5			1.0
6826.4			1.0
6827.3			1.0
6828.200000000001			1.0
6829.1			1.0
6830.0			1.0
6830.9			1.0
6831.8			1.0
6832.700000000001			1.0
6833.6			1.0
6834.5			1.0
6835.4			1.0
6836.3			1.0
6837.200000000001			1.0
6838.1			1.0
6839.0			1.0
6839.9			1.0
6840.8			1.0
6841.700000000001			1.0
6842.6			1.0
6843.5			1.0
6844.4			1.0
6845.3			1.0
6846.200000000001			1.0
6847.1			1.0
6848.0			1.0
6848.9			1.0
6849.8			1.0
6850.700000000001			1.0
6851.6			1.0
6852.5			1.0
6853.4			1.0
6854.3			1.0
6855.200000000001			1.0
6856.1			1.0
6857.0			1.0
6857.9			1.0
6858.8			1.0
6859.700000000001			1.0
6860.6			1.0
6861.5			1.0
6862.4			1.0
6863.3			1.0
6864.200000000001			1.0
6865.1			1.0
6866.0			1.0
6866.9			1.0
6867.8			1.0
6868.700000000001			1.0
6869.6			1.0
6870.5			1.0
6871.4			1.0
6872.3			1.0
6873.200000000001			1.0
6874.1			1.0
6875.0			1.0
6875.9			1.0
6876.8			1.0
6877.700000000001			1.0
6878.6			1.0
6879.5			1.0
6880.4			1.0
6881.3			1.0
6882.200000000001			1.0
6883.1			1.0
6884.0			1.0
6884.9			1.0
6885.8			1.0
6886.700000000001			1.0
6887.6			1.0
6888.5			1.0
6889.4			1.0
6890.3			1.0
6891.200000000001			1.0
6892.1			1.0
6893.0			1.0
6893.9			1.0
6894.8			1.0
6895.700000000001			1.0
6896.6			1.0
6897.5			1.0
6898.4			1.0
6899.3			1.0
6900.200000000001			1.0
6901.1			1.0
6902.0			1.0
6902.9			1.0
6903.8			1.0
6904.700000000001			1.0
6905.6			1.0
6906.5			1.0
6907.4			1.0
6908.3			1.0
6909.200000000001			1.0
6910.1			1.0
6911.0			1.0
6911.9			1.0
6912.8			1.0
6913.700000000001			1.0
6914.6			1.0
6915.5			1.0
6916.4			1.0
6917.3			1.0
6918.200000000001			1.0
6919.1			1.0
6920.0			1.0
6920.9			1.0
6921.8			1.0
6922.700000000001			1.0
6923.6			1.0
6924.5			1.0
6925.4			1.0
6926.3			1.0
6927.200000000001			1.0
6928.1			1.0
6929.0			1.0
6929.9			1.0
6930.8			1.0
6931.700000000001			1.0
6932.6			1.0
6933.5			1.0
6934.4			1.0
6935.3			1.0
6936.200000000001			1.0
6937.1			1.0
6938.0			1.0
6938.9			1.0
6939.8			1.0
6940.700000000001			1.0
6941.6			1.0
6942.5			1.0
6943.4			1.0
6944.3			1.0
6945.200000000001			1.0
6946.1			1.0
6947.0			1.0
6947.9			1.0
6948.8			1.0
6949.700000000001			1.0
6950.6			1.0
6951.5			1.0
6952.4			1.0
6953.3			1.0
6954.200000000001			1.0
6955.1			1.0
6956.0			1.0
6956.9			1.0
6957.8			1.0
6958.700000000001			1.0
6959.6			1.0
6960.5			1.0
6961.4			1.0
6962.3			1.0
6963.200000000001			1.0
6964.1			1.0
6965.0			1.0
6965.9			1.0
6966.8			1.0
6967.700000000001			1.0
6968.6			1.0
6969.5			1.0
6970.4			1.0
6971.3			1.0
6972.200000000001			1.0
6973.1			1.0
6974.0			1.0
6974.9			1.0
6975.8			1.0
6976.700000000001			1.0
6977.6			1.0
6978.5			1.0
6979.4			1.0
6980.3			1.0
6981.200000000001			1.0
6982.1			1.0
6983.0			1.0
6983.9			1.0
6984.8			1.0
6985.700000000001			1.0
6986.6			1.0
6987.5			1.0
6988.4			1.0
6989.3			1.0
6990.200000000001			1.0
6991.1			1.0
6992.0			1.0
6992.9			1.0
6993.8			1.0
6994.700000000001			1.0
6995.6			1.0
6996.5			1.0
6997.4			1.0
6998.3			1.0
6999.200000000001			1.0
7000.1			1.0
7001.0			1.0
7001.9			1.0
7002.8			1.0
7003.700000000001			1.0
7004.6			1.0
7005.5			1.0
7006.4			1.0
7007.3			1.0
7008.200000000001			1.0
7009.1			1.0
7010.0			1.0
7010.9			1.0
7011.8			1.0
7012.700000000001			1.0
7013.6			1.0
7014.5			1.0
7015.4			1.0
7016.3			1.0
7017.200000000001			1.0
7018.1			1.0
7019.0			1.0
7019.9			1.0
7020.8			1.0
7021.700000000001			1.0
7022.6			1.0
7023.5			1.0
7024.4			1.0
7025.3			1.0
7026.200000000001			1.0
7027.1			1.0
7028.0			1.0
7028.9			1.0
7029.8			1.0
7030.700000000001			1.0
7031.6			1.0
7032.5			1.0
7033.4			1.0
7034.3			1.0
7035.200000000001			1.0
7036.1			1.0
7037.0			1.0
7037.9			1.0
7038.8			1.0
7039.700000000001			1.0
7040.6			1.0
7041.5			1.0
7042.4			1.0
7043.3			1.0
7044.200000000001			1.0
7045.1			1.0
7046.0			1.0
7046.9			1.0
7047.8			1.0
7048.700000000001			1.0
7049.6			1.0
7050.5			1.0
7051.4			1.0
7052.3			1.0
7053.200000000001			1.0
7054.1			1.0
7055.0			1.0
7055.9			1.0
7056.8			1.0
7057.700000000001			1.0
7058.6			1.0
7059.5			1.0
7060.4			1.0
7061.3			1.0
7062.200000000001			1.0
7063.1			1.0
7064.0			1.0
7064.9			1.0
7065.8			1.0
7066.700000000001			1.0
7067.6			1.0
7068.5			1.0
7069.4			1.0
7070.3			1.0
7071.200000000001			1.0
7072.1			1.0
7073.0			1.0
7073.9			1.0
7074.8			1.0
7075.700000000001			1.0
7076.6			1.0
7077.5			1.0
7078.4			1.0
7079.3			1.0
7080.200000000001			1.0
7081.1			1.0
7082.0			1.0
7082.9			1.0
7083.8			1.0
7084.700000000001			1.0
7085.6			1.0
7086.5			1.0
7087.4			1.0
7088.3			1.0
7089.200000000001			1.0
7090.1			1.0
7091.0			1.0
7091.9			1.0
7092.8			1.0
7093.700000000001			1.0
7094.6			1.0
7095.5			1.0
7096.4			1.0
7097.3			1.0
7098.200000000001			1.0
7099.1			1.0
7100.0			1.0
7100.9			1.0
7101.8			1.0
7102.700000000001			1.0
7103.6			1.0
7104.5			1.0
7105.4			1.0
7106.3			1.0
7107.200000000001			1.0
7108.1			1.0
7109.0			1.0
7109.9			1.0
7110.8			1.0
7111.700000000001			1.0
7112.6			1.0
7113.5			1.0
7114.4			1.0
7115.3			1.0
7116.200000000001			1.0
7117.1			1.0
7118.0			1.0
7118.9			1.0
7119.8			1.0
7120.700000000001			1.0
7121.6			1.0
7122.5			1.0
7123.4			1.0
7124.3			1.0
7125.200000000001			1.0
7126.1			1.0
7127.0			1.0
7127.9			1.0
7128.8			1.0
7129.700000000001			1.0
7130.6			1.0
7131.5			1.0
7132.4			1.0
7133.3			1.0
7134.200000000001			1.0
7135.1			1.0
7136.0			1.0
7136.9			1.0
7137.8			1.0
7138.700000000001			1.0
7139.6			1.0
7140.5			1.0
7141.4			1.0
7142.3			1.0
7143.200000000001			1.0
7144.1			1.0
7145.0			1.0
7145.9			1.0
7146.8			1.0
7147.700000000001			1.0
7148.6			1.0
7149.5			1.0
7150.4			1.0
7151.3			1.0
7152.200000000001			1.0
7153.1			1.0
7154.0			1.0
7154.9			1.0
7155.8			1.0
7156.700000000001			1.0
7157.6			1.0
7158.5			1.0
7159.4			1.0
7160.3			1.0
7161.200000000001			1.0
7162.1			1.0
7163.0			1.0
7163.9			1.0
7164.8			1.0
7165.700000000001			1.0
7166.6			1.0
7167.5			1.0
7168.4			1.0
7169.3			1.0
7170.200000000001			1.0
7171.1			1.0
7172.0			1.0
7172.9			1.0
7173.8			1.0
7174.700000000001			1.0
7175.6			1.0
7176.5			1.0
7177.4			1.0
7178.3			1.0
7179.200000000001			1.0
7180.1			1.0
7181.0			1.0
7181.9			1.0
7182.8			1.0
7183.700000000001			1.0
7184.6			1.0
7185.5			1.0
7186.4			1.0
7187.3			1.0
7188.200000000001			1.0
7189.1			1.0
7190.0			1.0
7190.9			1.0
7191.8			1.0
7192.700000000001			1.0
7193.6			1.0
7194.5			1.0
7195.4			1.0
7196.3			1.0
7197.200000000001			1.0
7198.1			1.0
7199.0			1.0
7199.9			1.0
7200.8			1.0
7201.700000000001			1.0
7202.6			1.0
7203.5			1.0
7204.4			1.0
7205.3			1.0
7206.200000000001			1.0
7207.1			1.0
7208.0			1.0
7208.9			1.0
7209.8			1.0
7210.700000000001			1.0
7211.6			1.0
7212.5			1.0
7213.4			1.0
7214.3			1.0
7215.200000000001			1.0
7216.1			1.0
7217.0			1.0
7217.9			1.0
7218.8			1.0
7219.700000000001			1.0
7220.6			1.0
7221.5			1.0
7222.4			1.0
7223.3			1.0
7224.200000000001			1.0
7225.1			1.0
7226.0			1.0
7226.9			1.0
7227.8			1.0
7228.700000000001			1.0
7229.6			1.0
7230.5			1.0
7231.4			1.0
7232.3			1.0
7233.200000000001			1.0
7234.1			1.0
7235.0			1.0
7235.9			1.0
7236.8			1.0
7237.700000000001			1.0
7238.6			1.0
7239.5			1.0
7240.4			1.0
7241.3			1.0
7242.200000000001			1.0
7243.1			1.0
7244.0			1.0
7244.9			1.0
7245.8			1.0
7246.700000000001			1.0
7247.6			1.0
7248.5			1.0
7249.4			1.0
7250.3			1.0
7251.200000000001			1.0
7252.1			1.0
7253.0			1.0
7253.9			1.0
7254.8			1.0
7255.700000000001			1.0
7256.6			1.0
7257.5			1.0
7258.4			1.0
7259.3			1.0
7260.200000000001			1.0
7261.1			1.0
7262.0			1.0
7262.9			1.0
7263.8			1.0
7264.700000000001			1.0
7265.6			1.0
7266.5			1.0
7267.4			1.0
7268.3			1.0
7269.200000000001			1.0
7270.1			1.0
7271.0			1.0
7271.9			1.0
7272.8			1.0
7273.700000000001			1.0
7274.6			1.0
7275.5			1.0
7276.4			1.0
7277.3			1.0
7278.200000000001			1.0
7279.1			1.0
7280.0			1.0
7280.9			1.0
7281.8			1.0
7282.700000000001			1.0
7283.6			1.0
7284.5			1.0
7285.4			1.0
7286.3			1.0
7287.200000000001			1.0
7288.1			1.0
7289.0			1.0
7289.9			1.0
7290.8			1.0
7291.700000000001			1.0
7292.6			1.0
7293.5			1.0
7294.4			1.0
7295.3			1.0
7296.200000000001			1.0
7297.1			1.0
7298.0			1.0
7298.9			1.0
7299.8			1.0
7300.700000000001			1.0
7301.6			1.0
7302.5			1.0
7303.4			1.0
7304.3			1.0
7305.200000000001			1.0
7306.1			1.0
7307.0			1.0
7307.9			1.0
7308.8			1.0
7309.700000000001			1.0
7310.6			1.0
7311.5			1.0
7312.4			1.0
7313.3			1.0
7314.200000000001			1.0
7315.1			1.0
7316.0			1.0
7316.9			1.0
7317.8			1.0
7318.700000000001			1.0
7319.6			1.0
7320.5			1.0
7321.4			1.0
7322.3			1.0
7323.200000000001			1.0
7324.1			1.0
7325.0			1.0
7325.9			1.0
7326.8			1.0
7327.700000000001			1.0
7328.6			1.0
7329.5			1.0
7330.4			1.0
7331.3			1.0
7332.200000000001			1.0
7333.1			1.0
7334.0			1.0
7334.9			1.0
7335.8			1.0
7336.700000000001			1.0
7337.6			1.0
7338.5			1.0
7339.4			1.0
7340.3			1.0
7341.200000000001			1.0
7342.1			1.0
7343.0			1.0
7343.9			1.0
7344.8			1.0
7345.700000000001			1.0
7346.6			1.0
7347.5			1.0
7348.4			1.0
7349.3			1.0
7350.200000000001			1.0
7351.1			1.0
7352.0			1.0
7352.9			1.0
7353.8			1.0
7354.700000000001			1.0
7355.6			1.0
7356.5			1.0
7357.4			1.0
7358.3			1.0
7359.200000000001			1.0
7360.1			1.0
7361.0			1.0
7361.9			1.0
7362.8			1.0
7363.700000000001			1.0
7364.6			1.0
7365.5			1.0
7366.4			1.0
7367.3			1.0
7368.200000000001			1.0
7369.1			1.0
7370.0			1.0
7370.9			1.0
7371.8			1.0
7372.700000000001			1.0
7373.6			1.0
7374.5			1.0
7375.4			1.0
7376.3			1.0
7377.200000000001			1.0
7378.1			1.0
7379.0			1.0
7379.9			1.0
7380.8			1.0
7381.700000000001			1.0
7382.6			1.0
7383.5			1.0
7384.4			1.0
7385.3			1.0
7386.200000000001			1.0
7387.1			1.0
7388.0			1.0
7388.9			1.0
7389.8			1.0
7390.700000000001			1.0
7391.6			1.0
7392.5			1.0
7393.4			1.0
7394.3			1.0
7395.200000000001			1.0
7396.1			1.0
7397.0			1.0
7397.9			1.0
7398.8			1.0
7399.700000000001			1.0
7400.6			1.0
7401.5			1.0
7402.4			1.0
7403.3			1.0
7404.200000000001			1.0
7405.1			1.0
7406.0			1.0
7406.9			1.0
7407.8			1.0
7408.700000000001			1.0
7409.6			1.0
7410.5			1.0
7411.4			1.0
7412.3			1.0
7413.200000000001			1.0
7414.1			1.0
7415.0			1.0
7415.9			1.0
7416.8			1.0
7417.700000000001			1.0
7418.6			1.0
7419.5			1.0
7420.4			1.0
7421.3			1.0
7422.200000000001			1.0
7423.1			1.0
7424.0			1.0
7424.9			1.0
7425.8			1.0
7426.700000000001			1.0
7427.6			1.0
7428.5			1.0
7429.4			1.0
