3500.0			1.0
3500.9			1.0
3501.8			1.0
3502.7			1.0
3503.6			1.0
3504.5			1.0
3505.4			1.0
3506.3			1.0
3507.2			1.0
3508.1			1.0
3509.0			1.0
3509.9			1.0
3510.8			1.0
3511.7			1.0
3512.6			1.0
3513.5			1.0
3514.4			1.0
3515.3			1.0
3516.2			1.0
3517.1			1.0
3518.0			1.0
3518.9			1.0
3519.8			1.0
3520.7			1.0
3521.6			1.0
3522.5			1.0
3523.4			1.0
3524.3			1.0
3525.2			1.0
3526.1			1.0
3527.0			1.0
3527.9			1.0
3528.8			1.0
3529.7			1.0
3530.6			1.0
3531.5			1.0
3532.4			1.0
3533.3			1.0
3534.2			1.0
3535.1			1.0
3536.0			1.0
3536.9			1.0
3537.8			1.0
3538.7			1.0
3539.6			1.0
3540.5			1.0
3541.4			1.0
3542.3			1.0
3543.2			1.0
3544.1			1.0
3545.0			1.0
3545.9			1.0
3546.8			1.0
3547.7			1.0
3548.6			1.0
3549.5			1.0
3550.4			1.0
3551.3			1.0
3552.2			1.0
3553.1			1.0
3554.0			1.0
3554.9			1.0
3555.8			1.0
3556.7			1.0
3557.6			1.0
3558.5			1.0
3559.4			1.0
3560.3			1.0
3561.2			1.0
3562.1			1.0
3563.0			1.0
3563.9			1.0
3564.8			1.0
3565.7			1.0
3566.6			1.0
3567.5			1.0
3568.4			1.0
3569.3			1.0
3570.2			1.0
3571.1			1.0
3572.0			1.0
3572.9			1.0
3573.8			1.0
3574.7			1.0
3575.6			1.0
3576.5			1.0
3577.4			1.0
3578.3			1.0
3579.2			1.0
3580.1			1.0
3581.0			1.0
3581.9			1.0
3582.8			1.0
3583.7			1.0
3584.6			1.0
3585.5			1.0
3586.4			1.0
3587.3			1.0
3588.2			1.0
3589.1			1.0
3590.0			1.0
3590.9			1.0
3591.8			1.0
3592.7			1.0
3593.6			1.0
3594.5			1.0
3595.4			1.0
3596.3			1.0
3597.2			1.0
3598.1			1.0
3599.0			1.0
3599.9			1.0
3600.8			1.0
3601.7			1.0
3602.6			1.0
3603.5			1.0
3604.4			1.0
3605.3			1.0
3606.2			1.0
3607.1			1.0
3608.0			1.0
3608.9			1.0
3609.8			1.0
3610.7			1.0
3611.6			1.0
3612.5			1.0
3613.4			1.0
3614.3			1.0
3615.2			1.0
3616.1			1.0
3617.0			1.0
3617.9			1.0
3618.8			1.0
3619.7			1.0
3620.6			1.0
3621.5			1.0
3622.4			1.0
3623.3			1.0
3624.2			1.0
3625.1			1.0
3626.0			1.0
3626.9			1.0
3627.8			1.0
3628.7			1.0
3629.6			1.0
3630.5			1.0
3631.4			1.0
3632.3			1.0
3633.2			1.0
3634.1			1.0
3635.0			1.0
3635.9			1.0
3636.8			1.0
3637.7			1.0
3638.6			1.0
3639.5			1.0
3640.4			1.0
3641.3			1.0
3642.2			1.0
3643.1			1.0
3644.0			1.0
3644.9			1.0
3645.8			1.0
3646.7			1.0
3647.6			1.0
3648.5			1.0
3649.4			1.0
3650.3			1.0
3651.2			1.0
3652.1			1.0
3653.0			1.0
3653.9			1.0
3654.8			1.0
3655.7			1.0
3656.6			1.0
3657.5			1.0
3658.4			1.0
3659.3			1.0
3660.2			1.0
3661.1			1.0
3662.0			1.0
3662.9			1.0
3663.8			1.0
3664.7			1.0
3665.6			1.0
3666.5			1.0
3667.4			1.0
3668.3			1.0
3669.2			1.0
3670.1			1.0
3671.0			1.0
3671.9			1.0
3672.8			1.0
3673.7			1.0
3674.6			1.0
3675.5			1.0
3676.4			1.0
3677.3			1.0
3678.2			1.0
3679.1			1.0
3680.0			1.0
3680.9			1.0
3681.8			1.0
3682.7			1.0
3683.6			1.0
3684.5			1.0
3685.4			1.0
3686.3			1.0
3687.2			1.0
3688.1			1.0
3689.0			1.0
3689.9			1.0
3690.8			1.0
3691.7			1.0
3692.6			1.0
3693.5			1.0
3694.4			1.0
3695.3			1.0
3696.2			1.0
3697.1			1.0
3698.0			1.0
3698.9			1.0
3699.8			1.0
3700.7			1.0
3701.6			1.0
3702.5			1.0
3703.4			1.0
3704.3			1.0
3705.2			1.0
3706.1			1.0
3707.0			1.0
3707.9			1.0
3708.8			1.0
3709.7			1.0
3710.6			1.0
3711.5			1.0
3712.4			1.0
3713.3			1.0
3714.2			1.0
3715.1			1.0
3716.0			1.0
3716.9			1.0
3717.8			1.0
3718.7			1.0
3719.6			1.0
3720.5			1.0
3721.4			1.0
3722.3			1.0
3723.2			1.0
3724.1			1.0
3725.0			1.0
3725.9			1.0
3726.8			1.0
3727.7			1.0
3728.6			1.0
3729.5			1.0
3730.4			1.0
3731.3			1.0
3732.2			1.0
3733.1			1.0
3734.0			1.0
3734.9			1.0
3735.8			1.0
3736.7			1.0
3737.6			1.0
3738.5			1.0
3739.4			1.0
3740.3			1.0
3741.2			1.0
3742.1			1.0
3743.0			1.0
3743.9			1.0
3744.8			1.0
3745.7			1.0
3746.6			1.0
3747.5			1.0
3748.4			1.0
3749.3			1.0
3750.2			1.0
3751.1			1.0
3752.0			1.0
3752.9			1.0
3753.8			1.0
3754.7			1.0
3755.6			1.0
3756.5			1.0
3757.4			1.0
3758.3			1.0
3759.2			1.0
3760.1			1.0
3761.0			1.0
3761.9			1.0
3762.8			1.0
3763.7			1.0
3764.6			1.0
3765.5			1.0
3766.4			1.0
3767.3			1.0
3768.2			1.0
3769.1			1.0
3770.0			1.0
3770.9			1.0
3771.8			1.0
3772.7			1.0
3773.6			1.0
3774.5			1.0
3775.4			1.0
3776.3			1.0
3777.2			1.0
3778.1			1.0
3779.0			1.0
3779.9			1.0
3780.8			1.0
3781.7			1.0
3782.6			1.0
3783.5			1.0
3784.4			1.0
3785.3			1.0
3786.2			1.0
3787.1			1.0
3788.0			1.0
3788.9			1.0
3789.8			1.0
3790.7			1.0
3791.6			1.0
3792.5			1.0
3793.4			1.0
3794.3			1.0
3795.2			1.0
3796.1			1.0
3797.0			1.0
3797.9			1.0
3798.8			1.0
3799.7			1.0
3800.6			1.0
3801.5			1.0
3802.4			1.0
3803.3			1.0
3804.2			1.0
3805.1			1.0
3806.0			1.0
3806.9			1.0
3807.8			1.0
3808.7			1.0
3809.6			1.0
3810.5			1.0
3811.4			1.0
3812.3			1.0
3813.2			1.0
3814.1			1.0
3815.0			1.0
3815.9			1.0
3816.8			1.0
3817.7			1.0
3818.6			1.0
3819.5			1.0
3820.4			1.0
3821.3			1.0
3822.2			1.0
3823.1			1.0
3824.0			1.0
3824.9			1.0
3825.8			1.0
3826.7			1.0
3827.6			1.0
3828.5			1.0
3829.4			1.0
3830.3			1.0
3831.2			1.0
3832.1			1.0
3833.0			1.0
3833.9			1.0
3834.8			1.0
3835.7			1.0
3836.6			1.0
3837.5			1.0
3838.4			1.0
3839.3			1.0
3840.2			1.0
3841.1			1.0
3842.0			1.0
3842.9			1.0
3843.8			1.0
3844.7			1.0
3845.6			1.0
3846.5			1.0
3847.4			1.0
3848.3			1.0
3849.2			1.0
3850.1			1.0
3851.0			1.0
3851.9			1.0
3852.8			1.0
3853.7			1.0
3854.6			1.0
3855.5			1.0
3856.4			1.0
3857.3			1.0
3858.2			1.0
3859.1			1.0
3860.0			1.0
3860.9			1.0
3861.8			1.0
3862.7			1.0
3863.6			1.0
3864.5			1.0
3865.4			1.0
3866.3			1.0
3867.2			1.0
3868.1			1.0
3869.0			1.0
3869.9			1.0
3870.8			1.0
3871.7			1.0
3872.6			1.0
3873.5			1.0
3874.4			1.0
3875.3			1.0
3876.2			1.0
3877.1			1.0
3878.0			1.0
3878.9			1.0
3879.8			1.0
3880.7			1.0
3881.6			1.0
3882.5			1.0
3883.4			1.0
3884.3			1.0
3885.2			1.0
3886.1			1.0
3887.0			1.0
3887.9			1.0
3888.8			1.0
3889.7			1.0
3890.6			1.0
3891.5			1.0
3892.4			1.0
3893.3			1.0
3894.2			1.0
3895.1			1.0
3896.0			1.0
3896.9			1.0
3897.8			1.0
3898.7			1.0
3899.6			1.0
3900.5			1.0
3901.4			1.0
3902.3			1.0
3903.2			1.0
3904.1			1.0
3905.0			1.0
3905.9			1.0
3906.8			1.0
3907.7			1.0
3908.6			1.0
3909.5			1.0
3910.4			1.0
3911.3			1.0
3912.2			1.0
3913.1			1.0
3914.0			1.0
3914.9			1.0
3915.8			1.0
3916.7			1.0
3917.6			1.0
3918.5			1.0
3919.4			1.0
3920.3			1.0
3921.2			1.0
3922.1			1.0
3923.0			1.0
3923.9			1.0
3924.8			1.0
3925.7			1.0
3926.6			1.0
3927.5			1.0
3928.4			1.0
3929.3			1.0
3930.2			1.0
3931.1			1.0
3932.0			1.0
3932.9			1.0
3933.8			1.0
3934.7			1.0
3935.6			1.0
3936.5			1.0
3937.4			1.0
3938.3			1.0
3939.2			1.0
3940.1			1.0
3941.0			1.0
3941.9			1.0
3942.8			1.0
3943.7			1.0
3944.6			1.0
3945.5			1.0
3946.4			1.0
3947.3			1.0
3948.2			1.0
3949.1			1.0
3950.0			1.0
3950.9			1.0
3951.8			1.0
3952.7			1.0
3953.6			1.0
3954.5			1.0
3955.4			1.0
3956.3			1.0
3957.2			1.0
3958.1			1.0
3959.0			1.0
3959.9			1.0
3960.8			1.0
3961.7			1.0
3962.6			1.0
3963.5			1.0
3964.4			1.0
3965.3			1.0
3966.2			1.0
3967.1			1.0
3968.0			1.0
3968.9			1.0
3969.8			1.0
3970.7			1.0
3971.6			1.0
3972.5			1.0
3973.4			1.0
3974.3			1.0
3975.2			1.0
3976.1			1.0
3977.0			1.0
3977.9			1.0
3978.8			1.0
3979.7			1.0
3980.6			1.0
3981.5			1.0
3982.4			1.0
3983.3			1.0
3984.2			1.0
3985.1			1.0
3986.0			1.0
3986.9			1.0
3987.8			1.0
3988.7			1.0
3989.6			1.0
3990.5			1.0
3991.4			1.0
3992.3			1.0
3993.2			1.0
3994.1			1.0
3995.0			1.0
3995.9			1.0
3996.8			1.0
3997.7			1.0
3998.6			1.0
3999.5			1.0
4000.4			1.0
4001.3			1.0
4002.2			1.0
4003.1			1.0327205651911795
4004.0			0.954970294330011
4004.9			0.7913709317867115
4005.8			0.7034250218643829
4006.7			0.7725664093490386
4007.6			0.9112883819128963
4008.5			1.0024206332945234
4009.4			1.0
4010.3			1.0
4011.2			1.0
4012.1			1.0
4013.0			1.0
4013.9			1.0
4014.8			1.0
4015.7			1.0
4016.6			1.0
4017.5			1.0
4018.4			1.0
4019.3			1.0
4020.2			1.0
4021.1			1.0
4022.0			1.0
4022.9			1.0
4023.8			1.0
4024.7			1.0
4025.6			1.0
4026.5			1.0
4027.4			1.0
4028.3			1.0065366226666221
4029.2			0.9191482551377577
4030.1			0.7435977868724573
4031.0			0.5946001599600966
4031.9			0.541080558265908
4032.8			0.5233685318543301
4033.7			0.511943231891688
4034.6			0.5620519352016531
4035.5			0.6907723144567263
4036.4			0.8511240421372895
4037.3			0.9788978490637281
4038.2			1.029974262848384
4039.1			0.9991100888957363
4040.0			1.0
4040.9			1.0
4041.8			1.0
4042.7			0.9894763906291176
4043.6			0.8695203311458345
4044.5			0.6480892647433099
4045.4			0.45879553935139006
4046.3			0.42644228422996494
4047.2			0.5603751955316933
4048.1			0.7516112278121038
4049.0			0.9031718130861203
4049.9			1.003938468458087
4050.8			1.0
4051.7			1.0
4052.6			1.0
4053.5			1.0
4054.4			1.0
4055.3			1.0
4056.2			1.0
4057.1			1.0
4058.0			1.0
4058.9			1.0
4059.8			1.0982931874489403
4060.7			1.1537865283556206
4061.6			1.0552043065719845
4062.5			0.8211828734556014
4063.4			0.6186395518867686
4064.3			0.6210259480628089
4065.2			0.7949196842570526
4066.1			0.9462863843635092
4067.0			1.0005908169273434
4067.9			1.0
4068.8			1.0
4069.7			1.0
4070.6			0.8448094770973652
4071.5			0.6563594455812458
4072.4			0.6510650511263895
4073.3			0.8268327282405531
4074.2			0.9929611051492405
4075.1			1.0
4076.0			1.0
4076.9			1.0
4077.8			1.0
4078.7			1.0
4079.6			1.0
4080.5			1.0
4081.4			1.0
4082.3			1.0
4083.2			1.0
4084.1			1.0
4085.0			1.0
4085.9			1.0
4086.8			1.0
4087.7			1.0
4088.6			1.0
4089.5			1.0
4090.4			1.0
4091.3			1.0
4092.2			1.0
4093.1			1.024624178646435
4094.0			1.0603145556493427
4094.9			1.0027921342387243
4095.8			0.8832362063344857
4096.7			0.8199156659570985
4097.6			0.8317351837300331
4098.5			0.8650211020520339
4099.4			0.8669213842996779
4100.3			0.8011973080759998
4101.2			0.7265527226740806
4102.1			0.7424144927922941
4103.0			0.8282605944682512
4103.9			0.8965125249587476
4104.8			0.9342094190669548
4105.7			0.9767975917720014
4106.6			1.0068387286401081
4107.5			1.0090291798666813
4108.4			1.00680683258083
4109.3			0.9971983171528657
4110.2			1.0
4111.1			1.0
4112.0			1.0
4112.9			1.0
4113.8			1.0
4114.7			1.0
4115.6			1.0
4116.5			1.0
4117.4			1.0
4118.3			1.0
4119.2			1.0
4120.1			1.0
4121.0			1.0
4121.9			1.0
4122.8			1.0
4123.7			1.0
4124.6			1.0
4125.5			1.0
4126.4			1.0
4127.3			1.0
4128.2			1.0
4129.1			1.001706056280261
4130.0			0.9826540866705625
4130.9			0.8889462761629292
4131.8			0.7524554682136675
4132.7			0.6774534250250519
4133.6			0.7029500487908406
4134.5			0.7878504571195302
4135.4			0.9067787497523065
4136.3			1.0019700121137851
4137.2			1.0
4138.1			1.0
4139.0			1.0
4139.9			1.0167683946927386
4140.8			0.9945330417035632
4141.7			0.8779934290142315
4142.6			0.6704076028593133
4143.5			0.5264640470221759
4144.4			0.578020841937501
4145.3			0.76060829916905
4146.2			0.9218765185112414
4147.1			1.000652154538329
4148.0			1.0
4148.9			1.0
4149.8			1.0
4150.7			1.0
4151.6			1.0
4152.5			1.0
4153.4			1.0
4154.3			1.0
4155.2			1.0
4156.1			1.0
4157.0			1.0
4157.9			1.0
4158.8			1.0
4159.7			1.0
4160.6			1.0
4161.5			1.0
4162.4			1.0
4163.3			1.0
4164.2			1.0
4165.1			1.0
4166.0			1.0
4166.9			1.0
4167.8			0.9757993582227522
4168.7			1.001280578702376
4169.6			1.0448791443532466
4170.5			1.0286102259847014
4171.4			0.9232927903793824
4172.3			0.80849306018475
4173.2			0.7883041890822682
4174.1			0.8370859472901391
4175.0			0.8697232357793934
4175.9			0.8860208364367208
4176.8			0.9097648355093805
4177.7			0.9428146989496444
4178.6			1.001960205375956
4179.5			1.0
4180.4			1.0
4181.3			1.0
4182.2			1.0
4183.1			1.0
4184.0			1.0
4184.9			1.029680166832966
4185.8			0.9793204612937306
4186.7			0.8405436399224158
4187.6			0.7450084437196137
4188.5			0.816161013417544
4189.4			0.9595477488543374
4190.3			1.0002097455879786
4191.2			1.0
4192.1			1.0145057765324326
4193.0			1.1275074018401112
4193.9			1.167088467854132
4194.8			1.0771389763186996
4195.7			0.9728928379592529
4196.6			0.9125712361493178
4197.5			0.8361255434088357
4198.4			0.7380919427856482
4199.3			0.7086470623575308
4200.2			0.7401719019341919
4201.1			0.7279650825303069
4202.0			0.6986128713952634
4202.9			0.752606674761857
4203.8			0.8586220430676909
4204.7			0.9401540170684043
4205.6			0.9876168299337724
4206.5			1.0031505871022184
4207.4			1.0
4208.3			1.0
4209.2			1.0
4210.1			1.0
4211.0			1.0
4211.9			1.0
4212.8			1.0
4213.7			0.9715624197402895
4214.6			0.9102036687364367
4215.5			0.8294499787500088
4216.4			0.8060815131473015
4217.3			0.8811486843371178
4218.2			0.9665242780715956
4219.1			1.0137373838253367
4220.0			1.0
4220.9			0.9940107117852681
4221.8			0.9227801401681642
4222.7			0.8240045699335448
4223.6			0.7271181276334977
4224.5			0.5970677769298486
4225.4			0.43244502655480893
4226.3			0.3039419991591836
4227.2			0.2907022231341196
4228.1			0.4118437788643577
4229.0			0.6083102629872696
4229.9			0.8092335013104445
4230.8			0.974372301820461
4231.7			1.060819370224131
4232.6			1.048021076522173
4233.5			1.0067731800407127
4234.4			1.0
4235.3			1.0
4236.2			1.0
4237.1			1.0
4238.0			1.0
4238.9			1.0
4239.8			1.0
4240.7			1.0
4241.6			1.0
4242.5			1.0
4243.4			1.0
4244.3			1.0
4245.2			1.0
4246.1			1.0
4247.0			0.9295486281737171
4247.9			0.8724372424494311
4248.8			0.8237657423701015
4249.7			0.7394636943369011
4250.6			0.6772456054730073
4251.5			0.7446439567795998
4252.4			0.8527765120610706
4253.3			0.817118354067329
4254.2			0.6945783669627249
4255.1			0.7196196421273635
4256.0			0.9526100264876856
4256.9			1.1982176388387096
4257.8			1.2652868303787856
4258.7			1.153490023401105
4259.6			0.9771925629652316
4260.5			0.8786075915145076
4261.4			0.978710744791664
4262.3			1.0
4263.2			1.0
4264.1			1.0
4265.0			1.0
4265.9			1.0087268656118669
4266.8			0.976383093624173
4267.7			0.9196544991187311
4268.6			0.8734083049108854
4269.5			0.7979505473267181
4270.4			0.6490719328018308
4271.3			0.4987286667828625
4272.2			0.4603100119299119
4273.1			0.5074055954466931
4274.0			0.5216031031885178
4274.9			0.5241324027300198
4275.8			0.6244537572628825
4276.7			0.7999942135968686
4277.6			0.9451423282042218
4278.5			1.0000762384378978
4279.4			1.0
4280.3			1.0
4281.2			1.0
4282.1			1.0
4283.0			1.0
4283.9			1.0
4284.8			1.0
4285.7			1.0
4286.6			1.0
4287.5			0.9862080468062756
4288.4			0.8914405177483767
4289.3			0.7199953352117675
4290.2			0.6403966544243385
4291.1			0.7389401513824982
4292.0			0.9086538032687879
4292.9			0.9968304569762451
4293.8			1.0
4294.7			0.9481906707309784
4295.6			0.9831502201132408
4296.5			1.0007356754785104
4297.4			0.9286100652792053
4298.3			0.7943497610198839
4299.2			0.6578042735973584
4300.1			0.6084635157664677
4301.0			0.6549366140707927
4301.9			0.6975154245455022
4302.8			0.7083055062944285
4303.7			0.7343532560979829
4304.6			0.7455853293800214
4305.5			0.6959940028585699
4306.4			0.610090375599859
4307.3			0.5138920396440145
4308.2			0.4556519568788248
4309.1			0.48577816971186016
4310.0			0.5670109100957275
4310.9			0.6412921800429553
4311.8			0.7040900715345204
4312.7			0.7721438966214738
4313.6			0.8299559370715475
4314.5			0.8666488234456932
4315.4			0.9538969195551238
4316.3			1.0977978325958933
4317.2			1.1635384391648365
4318.1			1.1169121581432562
4319.0			1.0669088375928124
4319.9			1.0625278877263096
4320.8			1.0
4321.7			0.9692496221405342
4322.6			0.8930363359554712
4323.5			0.7494923590753804
4324.4			0.5896549098070496
4325.3			0.4796118198785308
4326.2			0.4871062652685989
4327.1			0.6477671529144761
4328.0			0.8603410589268812
4328.9			0.9966080548986211
4329.8			1.0
4330.7			1.0
4331.6			1.0
4332.5			1.0
4333.4			1.0
4334.3			1.0
4335.2			1.012343094637787
4336.1			0.9693625029329659
4337.0			0.8607455653939452
4337.9			0.7707282636518141
4338.8			0.7466862523192899
4339.7			0.7371005586947582
4340.6			0.7603678120595054
4341.5			0.8621236609955497
4342.4			0.9686859599736282
4343.3			0.994388726422356
4344.2			0.9923767015600334
4345.1			1.0
4346.0			1.0
4346.9			1.0
4347.8			1.0
4348.7			1.0575814421678735
4349.6			1.083217996240592
4350.5			0.9877537152496412
4351.4			0.8152899358294151
4352.3			0.7315264107193208
4353.2			0.8047522458322568
4354.1			0.919079017822519
4355.0			0.9731336297172736
4355.9			1.0078228879141495
4356.8			1.0
4357.7			1.0
4358.6			1.0
4359.5			1.0
4360.4			1.0
4361.3			1.0
4362.2			1.0
4363.1			1.0
4364.0			1.0
4364.9			1.0
4365.8			1.0
4366.7			1.0
4367.6			1.0
4368.5			1.0
4369.4			1.0
4370.3			1.0
4371.2			1.0
4372.1			1.0
4373.0			1.0
4373.9			1.0
4374.8			1.0
4375.7			1.0
4376.6			1.0
4377.5			1.0
4378.4			1.0
4379.3			0.9864200460226987
4380.2			0.9420986207002024
4381.1			0.8636973645632324
4382.0			0.7155929639136795
4382.9			0.5279684896912805
4383.8			0.4284504867601579
4384.7			0.5158663024782957
4385.6			0.7336870445002313
4386.5			0.9267759759260806
4387.4			1.0048802881588605
4388.3			1.0066475757234135
4389.2			1.0
4390.1			1.0
4391.0			1.0
4391.9			1.0
4392.8			1.0
4393.7			1.0
4394.6			1.0
4395.5			1.0
4396.4			1.0
4397.3			1.0
4398.2			1.0
4399.1			1.0
4400.0			1.0
4400.9			0.9387075387601046
4401.8			0.9353517532257387
4402.7			0.8993676819714448
4403.6			0.7434848428069266
4404.5			0.5741180461930977
4405.4			0.5629507412720487
4406.3			0.6832075513359547
4407.2			0.7779598246148065
4408.1			0.8185346854443113
4409.0			0.893377204092045
4409.9			1.0016303629275918
4410.8			1.0
4411.7			1.0
4412.6			0.9903751801916739
4413.5			0.9169131918742046
4414.4			0.770114306154722
4415.3			0.672070981174782
4416.2			0.7336076436672685
4417.1			0.8808196803352348
4418.0			1.0020959093132087
4418.9			1.0
4419.8			1.0
4420.7			1.0
4421.6			1.0
4422.5			1.0
4423.4			0.9910918440445423
4424.3			0.9932541990509574
4425.2			0.9443729011509854
4426.1			0.8877963258698843
4427.0			0.8885840208703811
4427.9			0.9513049336682659
4428.8			1.0051325177263082
4429.7			1.0
4430.6			1.0
4431.5			1.0
4432.4			1.0188201152219927
4433.3			0.9377393968562135
4434.2			0.8017406948758885
4435.1			0.7121117906988118
4436.0			0.7496140900589069
4436.9			0.8844729214109726
4437.8			1.0045153718191766
4438.7			1.0
4439.6			1.0
4440.5			1.0
4441.4			1.0
4442.3			1.0
4443.2			1.0
4444.1			1.0
4445.0			1.0
4445.9			1.0393662183206354
4446.8			0.9975654311418548
4447.7			0.9512335927253428
4448.6			0.9674248603657853
4449.5			0.9977309316534414
4450.4			0.9965824871777107
4451.3			0.9898558273586516
4452.2			0.9754206181694598
4453.1			0.9015206480473278
4454.0			0.7671992318463429
4454.9			0.661857127470971
4455.8			0.6719239886302572
4456.7			0.7594492053540679
4457.6			0.811087922463309
4458.5			0.8018107316334812
4459.4			0.7869196070502984
4460.3			0.7845399194802062
4461.2			0.7700260476542305
4462.1			0.7940676429095632
4463.0			0.9028502090102942
4463.9			1.0002518588691447
4464.8			1.0
4465.7			1.0
4466.6			1.0
4467.5			1.0
4468.4			1.0
4469.3			1.0
4470.2			1.0
4471.1			1.0
4472.0			1.0
4472.9			1.0
4473.8			1.0
4474.7			1.0
4475.6			1.0
4476.5			1.0
4477.4			1.0
4478.3			1.0193398316928926
4479.2			0.9708831836096622
4480.1			0.8961200660142966
4481.0			0.8343503104046713
4481.9			0.8035712208733942
4482.8			0.8288815929471
4483.7			0.9044778616083179
4484.6			0.969603315133116
4485.5			1.0001448477916142
4486.4			1.0
4487.3			1.0
4488.2			1.0
4489.1			1.0
4490.0			1.0
4490.9			1.0
4491.8			1.0
4492.7			1.0140566666742608
4493.6			0.958027761180441
4494.5			0.8797842010697112
4495.4			0.8557434764540418
4496.3			0.8912672707471195
4497.2			0.9474154715398699
4498.1			1.0001732293110615
4499.0			1.0
4499.9			1.0
4500.8			1.0
4501.7			1.0
4502.6			1.0
4503.5			1.0
4504.4			1.0
4505.3			1.0
4506.2			1.0
4507.1			1.0
4508.0			1.0
4508.9			1.0
4509.8			1.0
4510.7			1.0
4511.6			1.0
4512.5			1.0
4513.4			1.0
4514.3			1.0
4515.2			1.0
4516.1			1.0
4517.0			1.0
4517.9			1.0
4518.8			1.0
4519.7			1.0
4520.6			1.0
4521.5			1.0
4522.4			1.0
4523.3			1.0
4524.2			0.9913210883758077
4525.1			0.9635910174528506
4526.0			0.8959310172331973
4526.9			0.8172260730558519
4527.8			0.7668071233385586
4528.7			0.7653477523740356
4529.6			0.8037130465074412
4530.5			0.8487059466123102
4531.4			0.8812660642320953
4532.3			0.8940120106436547
4533.2			0.8642915001297582
4534.1			0.8034823755799707
4535.0			0.7678625267615935
4535.9			0.8221417411519162
4536.8			0.9631778387429688
4537.7			1.0800035406850683
4538.6			1.0991807732274508
4539.5			1.0605759510412975
4540.4			1.0245244935228088
4541.3			1.0283727330391328
4542.2			1.0664920707124128
4543.1			1.0873770528442344
4544.0			1.0585311103077735
4544.9			1.012992273267507
4545.8			1.0002950598885965
4546.7			1.0
4547.6			1.0
4548.5			1.0
4549.4			1.0
4550.3			1.0
4551.2			1.0209562342850689
4552.1			1.0015763134289313
4553.0			0.9536029049993149
4553.9			0.9088486461272249
4554.8			0.8859808229328132
4555.7			0.9003327898251724
4556.6			0.9464160343911026
4557.5			0.9917083514526073
4558.4			1.002918282074186
4559.3			1.0
4560.2			1.0
4561.1			1.0
4562.0			1.0
4562.9			1.0
4563.8			1.0
4564.7			1.0
4565.6			1.0
4566.5			1.0
4567.4			1.0
4568.3			1.0113440472620494
4569.2			0.9886721957556479
4570.1			0.9424779593560462
4571.0			0.8945023321240513
4571.9			0.8967414335290329
4572.8			0.9546551162341895
4573.7			0.9991911893763958
4574.6			1.0
4575.5			1.0
4576.4			1.0
4577.3			0.9988507258780006
4578.2			0.9807231970906302
4579.1			0.9462984047388286
4580.0			0.9084070945462327
4580.9			0.9007396512563399
4581.8			0.9486705767136723
4582.7			1.016460716056552
4583.6			1.0385950917507007
4584.5			1.0046233127130142
4585.4			1.0
4586.3			0.9965678344336554
4587.2			1.0674914058825271
4588.1			1.1467455804742952
4589.0			1.1743351950039453
4589.9			1.148111207005646
4590.8			1.093164439704021
4591.7			1.0411894098174308
4592.6			1.019450941179553
4593.5			1.0299665792132218
4594.4			1.0441983994775585
4595.3			1.0423474994325928
4596.2			1.0376238532104736
4597.1			1.0337531464928538
4598.0			1.031710588609317
4598.9			1.0323849190795622
4599.8			1.010771873193384
4600.7			0.97691456700675
4601.6			0.9659343183601081
4602.5			0.9698414456293514
4603.4			0.9817064441238441
4604.3			0.9997129451240695
4605.2			1.0061457796627493
4606.1			1.0048205363422524
4607.0			1.0123381730772087
4607.9			1.0401076919316332
4608.8			1.0761840111186476
4609.7			1.079268610646603
4610.6			1.0453271163772178
4611.5			1.0137386762529415
4612.4			0.9992657715310035
4613.3			0.9931473098925857
4614.2			1.003698215158684
4615.1			1.0150637590911382
4616.0			1.006182462016718
4616.9			1.002364360224166
4617.8			1.0
4618.7			1.0
4619.6			1.0
4620.5			1.0
4621.4			1.0
4622.3			1.0
4623.2			1.0
4624.1			1.0
4625.0			1.0
4625.9			1.0
4626.8			1.0
4627.7			1.0
4628.6			1.0
4629.5			1.0
4630.4			1.0
4631.3			1.0
4632.2			1.0
4633.1			1.0
4634.0			1.0
4634.9			1.0
4635.8			1.0
4636.7			1.0
4637.6			1.0
4638.5			1.0
4639.4			1.0
4640.3			1.0
4641.2			1.0
4642.1			1.0343114783339558
4643.0			1.027068993892597
4643.9			1.0032834067698466
4644.8			0.9685541753660821
4645.7			0.9131195062085669
4646.6			0.8737528411320972
4647.5			0.8877074439782003
4648.4			0.9309070234815797
4649.3			0.9725867925522125
4650.2			0.9983598361972512
4651.1			0.9983330585146571
4652.0			1.0
4652.9			1.0
4653.8			1.0
4654.7			1.0
4655.6			1.0
4656.5			1.0
4657.4			1.0
4658.3			1.0
4659.2			1.0
4660.1			1.0
4661.0			1.0
4661.9			1.0
4662.8			1.0
4663.7			0.9802929108934302
4664.6			0.9740927447932549
4665.5			0.9460549290539664
4666.4			0.869822657562191
4667.3			0.7937077929623415
4668.2			0.7957408197349267
4669.1			0.8759465869563458
4670.0			0.9590728792937878
4670.9			0.998239071540261
4671.8			1.0
4672.7			1.0
4673.6			1.0
4674.5			1.0
4675.4			1.0
4676.3			1.0
4677.2			0.9917038374759881
4678.1			0.9495228487708418
4679.0			0.9162796833363757
4679.9			0.9109371472378182
4680.8			0.9114568295381418
4681.7			0.9135183984568219
4682.6			0.9394806558653795
4683.5			0.9786728270234946
4684.4			0.9937061912706135
4685.3			0.991407228756126
4686.2			0.9962761078169847
4687.1			1.0
4688.0			1.0
4688.9			1.0
4689.8			1.0
4690.7			1.0
4691.6			1.0
4692.5			1.0
4693.4			1.0
4694.3			1.0
4695.2			1.0
4696.1			1.0
4697.0			0.980150389324971
4697.9			0.9351738917203706
4698.8			0.9043823664370867
4699.7			0.9154914474072373
4700.6			0.9299820345419497
4701.5			0.90037930674192
4702.4			0.8489543473566724
4703.3			0.8498937629282297
4704.2			0.9245422977771082
4705.1			0.9953982736228077
4706.0			1.0013825281237991
4706.9			0.9702354085795138
4707.8			0.9564995789223426
4708.7			0.9723222279586541
4709.6			1.005431248766917
4710.5			1.0
4711.4			1.0
4712.3			1.0
4713.2			1.0
4714.1			1.0
4715.0			1.0
4715.9			1.0
4716.8			1.0
4717.7			1.0
4718.6			1.0
4719.5			1.0
4720.4			1.0
4721.3			1.0
4722.2			1.0
4723.1			0.9954843109184606
4724.0			1.0179218688770242
4724.9			1.0437721309375094
4725.8			1.0313942741382773
4726.7			0.9770356373317245
4727.6			0.9272738155750804
4728.5			0.9166214490638455
4729.4			0.9278320930449759
4730.3			0.9412243887352516
4731.2			0.96157433483796
4732.1			0.9844359162081638
4733.0			0.9961765716644259
4733.9			1.0018214319106367
4734.8			1.0
4735.7			1.0
4736.6			1.0
4737.5			1.0
4738.4			1.0
4739.3			1.0
4740.2			1.0
4741.1			1.0
4742.0			1.0
4742.9			1.0
4743.8			1.0
4744.7			1.0
4745.6			1.0
4746.5			1.0
4747.4			1.0
4748.3			1.0
4749.2			1.0
4750.1			1.0
4751.0			1.0
4751.9			1.0
4752.8			1.0
4753.7			1.0
4754.6			1.0
4755.5			1.0
4756.4			1.0
4757.3			1.0
4758.2			1.0
4759.1			1.0
4760.0			1.0
4760.9			1.0
4761.8			1.0
4762.7			0.9817800094635952
4763.6			0.9866291122570626
4764.5			0.9755277445899125
4765.4			0.9420580533327833
4766.3			0.9245459565832506
4767.2			0.9412286500072342
4768.1			1.0
4769.0			1.0244989785222467
4769.9			1.0345061694968865
4770.8			1.015254893327819
4771.7			0.9874661630113282
4772.6			0.9872525883555016
4773.5			1.0165841912128968
4774.4			1.0391653840739363
4775.3			1.0309989346956967
4776.2			1.0121027765051054
4777.1			1.003469232940086
4778.0			0.9971657917570269
4778.9			0.9839179063037815
4779.8			0.9727914726154895
4780.7			0.9684211245109294
4781.6			0.9512102383123341
4782.5			0.9164668219431316
4783.4			0.9042196158795724
4784.3			0.9359613387266517
4785.2			0.9612306784179101
4786.1			0.9476933602165596
4787.0			0.9360902303775469
4787.9			0.9414804116710488
4788.8			0.9418684002446347
4789.7			0.9467653116205903
4790.6			0.9683750254742158
4791.5			0.987275344254765
4792.4			0.9976081407774583
4793.3			1.018072501354376
4794.2			1.0463352579644964
4795.1			1.057037584888222
4796.0			1.0460849120500257
4796.9			1.0269797750406962
4797.8			1.0020335550919783
4798.7			1.0
4799.6			1.0
4800.5			1.0
4801.4			1.0
4802.3			1.0
4803.2			1.0
4804.1			1.0
4805.0			1.0
4805.9			1.0
4806.8			1.0
4807.7			1.0
4808.6			1.0
4809.5			1.0
4810.4			1.0
4811.3			1.0
4812.2			1.0
4813.1			1.0
4814.0			1.0
4814.9			1.0
4815.8			1.0
4816.7			1.0
4817.6			1.0
4818.5			1.0
4819.4			1.0
4820.3			1.0
4821.2			0.9927338325105789
4822.1			0.9578859135593337
4823.0			0.9058660860337515
4823.9			0.8986503410089821
4824.8			0.9496258515865401
4825.7			0.9972472579092516
4826.6			1.0023251868485892
4827.5			1.0
4828.4			1.0
4829.3			1.0
4830.2			1.0
4831.1			1.0
4832.0			1.0
4832.9			1.0
4833.8			1.0
4834.7			1.0
4835.6			1.0
4836.5			1.0
4837.4			1.0
4838.3			1.0
4839.2			1.0
4840.1			1.0
4841.0			1.0
4841.9			1.0
4842.8			1.0
4843.7			1.0
4844.6			1.0
4845.5			1.0
4846.4			1.0
4847.3			1.0
4848.2			1.0
4849.1			1.0
4850.0			1.0
4850.9			1.0
4851.8			1.0
4852.7			1.0
4853.6			1.0
4854.5			1.0
4855.4			1.0
4856.3			1.0
4857.2			1.0
4858.1			1.0064970481340676
4859.0			0.9431711755061489
4859.9			0.8457588816861015
4860.8			0.7777843596807021
4861.7			0.7983010791254338
4862.6			0.8981939574422895
4863.5			0.9914860973030869
4864.4			1.0
4865.3			1.0
4866.2			1.0
4867.1			1.0
4868.0			1.0
4868.9			0.9937781904002942
4869.8			0.9383371810015021
4870.7			0.8227578317398314
4871.6			0.7475576014235006
4872.5			0.802482784917276
4873.4			0.9256270510877539
4874.3			1.0017496692765173
4875.2			1.0
4876.1			1.0
4877.0			1.0
4877.9			1.0
4878.8			1.0
4879.7			1.0
4880.6			1.0
4881.5			1.0
4882.4			1.0
4883.3			1.0
4884.2			1.0
4885.1			1.0
4886.0			1.0
4886.9			1.0
4887.8			0.9934419614710854
4888.7			0.9607450616888659
4889.6			0.8790686286306986
4890.5			0.7614540959815824
4891.4			0.7080971192851546
4892.3			0.7893780103354596
4893.2			0.9175335119634797
4894.1			0.9892421844413851
4895.0			1.0028184601103654
4895.9			1.0
4896.8			1.0
4897.7			1.0
4898.6			1.0
4899.5			1.0
4900.4			1.0
4901.3			1.0
4902.2			1.0
4903.1			1.0
4904.0			1.0
4904.9			1.0
4905.8			1.0
4906.7			1.0
4907.6			0.991215887202792
4908.5			0.963244198798438
4909.4			0.9267013026037252
4910.3			0.9083067586061128
4911.2			0.9326475701043163
4912.1			0.9748511318321093
4913.0			0.9984038007906887
4913.9			1.0
4914.8			1.0
4915.7			1.0
4916.6			0.9842966270719853
4917.5			0.9090552572257055
4918.4			0.7837218451312614
4919.3			0.669236797003171
4920.2			0.6400820502288899
4921.1			0.7226494994391225
4922.0			0.8640220233243378
4922.9			0.9705467364431086
4923.8			0.999751070276091
4924.7			1.0
4925.6			1.0
4926.5			1.0
4927.4			1.0
4928.3			1.0
4929.2			1.0
4930.1			1.0
4931.0			1.0
4931.9			1.0
4932.8			1.0
4933.7			1.0
4934.6			1.0
4935.5			1.030730205664941
4936.4			1.0200030868330043
4937.3			0.953154364664019
4938.2			0.8702091536526697
4939.1			0.8383000841934675
4940.0			0.8883458941997538
4940.9			0.9592020705501444
4941.8			0.9868205381788941
4942.7			0.9921849764028103
4943.6			1.0
4944.5			1.0
4945.4			1.0
4946.3			1.0
4947.2			1.0
4948.1			1.0
4949.0			1.0
4949.9			1.0
4950.8			1.0
4951.7			1.0
4952.6			1.0
4953.5			1.0
4954.4			1.0
4955.3			0.943769264754185
4956.2			0.8240600137890196
4957.1			0.6932629514539506
4958.0			0.680283641744417
4958.9			0.8077412636718508
4959.8			0.9456278255523523
4960.7			1.0
4961.6			0.9998335846240156
4962.5			0.9872422917054677
4963.4			0.9777595121721271
4964.3			0.9577381505572576
4965.2			0.9272143193079492
4966.1			0.9090181113277178
4967.0			0.9075179191636933
4967.9			0.908236771229718
4968.8			0.9137058394457236
4969.7			0.9306703851909961
4970.6			0.9540169677663822
4971.5			0.9804704456155251
4972.4			0.9995640218903681
4973.3			1.0
4974.2			1.0
4975.1			1.0
4976.0			1.0
4976.9			1.0
4977.8			1.0
4978.7			0.9728692424924233
4979.6			0.9701157023009095
4980.5			0.9480643903194785
4981.4			0.8678552481805424
4982.3			0.7830363330427857
4983.2			0.7673828971070203
4984.1			0.8124773133130079
4985.0			0.8637370783967374
4985.9			0.9100690474496541
4986.8			0.9645527311168627
4987.7			1.0005237889748697
4988.6			1.0
4989.5			1.0
4990.4			1.0
4991.3			1.0
4992.2			1.0
4993.1			1.0
4994.0			1.0
4994.9			1.0
4995.8			1.0
4996.7			1.0
4997.6			1.0
4998.5			1.0
4999.4			1.0
5000.3			1.0
5001.2			1.0
5002.1			1.0
5003.0			1.0
5003.9			1.0141864600564197
5004.8			0.9637384765305077
5005.7			0.8719582439758665
5006.6			0.8303230432184617
5007.5			0.8779514187521358
5008.4			0.9552010216360801
5009.3			1.0028918317813489
5010.2			1.0
5011.1			1.0
5012.0			1.0
5012.9			1.0
5013.8			1.0
5014.7			1.0
5015.6			1.0
5016.5			1.0
5017.4			1.0
5018.3			1.0
5019.2			1.0
5020.1			1.0
5021.0			0.9527201818520139
5021.9			0.8924083097025869
5022.8			0.8863752632720524
5023.7			0.9470053158220819
5024.6			1.0001722827178705
5025.5			1.0
5026.4			1.0
5027.3			1.0
5028.2			1.0
5029.1			1.0
5030.0			1.0
5030.9			1.0
5031.8			1.0
5032.7			1.0
5033.6			1.0
5034.5			1.0
5035.4			1.0
5036.3			1.0
5037.2			1.0258976350660434
5038.1			1.0346142721870348
5039.0			0.970650158709299
5039.9			0.8690186572055442
5040.8			0.7947381112929359
5041.7			0.8032053376571573
5042.6			0.8821921578205058
5043.5			0.9585827280039708
5044.4			1.0070083083888648
5045.3			1.0
5046.2			1.0325517450291852
5047.1			1.0220129832875455
5048.0			0.9634570537563114
5048.9			0.8859894994670144
5049.8			0.8466702359637424
5050.7			0.8717753470401955
5051.6			0.9280973146975546
5052.5			0.9774782529948678
5053.4			1.0056678725736667
5054.3			1.0
5055.2			1.0
5056.1			1.0
5057.0			1.0
5057.9			1.0
5058.8			1.0
5059.7			1.0
5060.6			1.0
5061.5			1.0
5062.4			1.0
5063.3			1.0
5064.2			1.0
5065.1			1.0
5066.0			1.0
5066.9			1.0
5067.8			1.0
5068.7			1.0
5069.6			1.0
5070.5			1.0
5071.4			1.0
5072.3			1.0
5073.2			1.0171165530028496
5074.1			1.0473348773541593
5075.0			1.0359169852264296
5075.9			1.002197726470852
5076.8			0.9979962990679927
5077.7			1.0069830290249495
5078.6			0.970156111839379
5079.5			0.9044973391168395
5080.4			0.8784171095397537
5081.3			0.8874364472685717
5082.2			0.8894143282016489
5083.1			0.8921153376987903
5084.0			0.9187273373691498
5084.9			0.9615402073055893
5085.8			0.9977534803813947
5086.7			1.0105694723780687
5087.6			0.9974112799773478
5088.5			1.0
5089.4			1.0
5090.3			1.0
5091.2			1.0
5092.1			1.0
5093.0			1.0
5093.9			0.9965229146974285
5094.8			0.9459140791608769
5095.7			0.9046307616468697
5096.6			0.9105215707577528
5097.5			0.9246585114769261
5098.4			0.9004972531856366
5099.3			0.872308542197148
5100.2			0.8926895363225786
5101.1			0.9428793784032362
5102.0			0.9861647203012979
5102.9			1.0072964437293648
5103.8			1.0034624065647233
5104.7			0.9929102809407222
5105.6			1.0
5106.5			1.0
5107.4			1.0
5108.3			1.0
5109.2			1.0
5110.1			1.0
5111.0			1.0
5111.9			1.0
5112.8			1.0
5113.7			1.0
5114.6			1.0
5115.5			1.0
5116.4			1.0
5117.3			1.0160673988203437
5118.2			1.026465889371573
5119.1			1.0061819609795992
5120.0			0.9716902342027421
5120.9			0.9524020129596159
5121.8			0.9539385236287574
5122.7			0.9356812191112371
5123.6			0.8819520893629114
5124.5			0.8478309933989032
5125.4			0.8620237942504215
5126.3			0.8918061351148959
5127.2			0.9121252777664309
5128.1			0.9163027413152282
5129.0			0.8992373821885786
5129.9			0.8901063467921739
5130.8			0.9335232547488685
5131.7			0.9991139739080853
5132.6			1.0
5133.5			1.0
5134.4			1.0
5135.3			1.0
5136.2			1.0
5137.1			1.0
5138.0			1.0
5138.9			1.0
5139.8			1.0
5140.7			1.0
5141.6			1.0
5142.5			0.9685679196519672
5143.4			0.9769984325262971
5144.3			1.0067010150597773
5145.2			0.9956722918396189
5146.1			0.9635365589547885
5147.0			0.9601695817635159
5147.9			0.9833518599317931
5148.8			0.9962374798756739
5149.7			0.9803009530843865
5150.6			0.9558941930137479
5151.5			0.94228765390659
5152.4			0.9249092558149864
5153.3			0.8986665845840218
5154.2			0.9000553515697342
5155.1			0.951205451856031
5156.0			1.0227312671921023
5156.9			1.0798197374379739
5157.8			1.1120299676420797
5158.7			1.1146609878179472
5159.6			1.1102886448132328
5160.5			1.1154503603520574
5161.4			1.091689465188128
5162.3			1.0357330420208455
5163.2			1.0115745396432816
5164.1			1.000111982408988
5165.0			1.0
5165.9			1.0
5166.8			1.0
5167.7			1.0
5168.6			1.0
5169.5			1.1008496111070354
5170.4			1.0438735625330784
5171.3			0.8383479394033768
5172.2			0.6492338611036385
5173.1			0.6186100703143735
5174.0			0.7372087882350474
5174.9			0.8884067187248444
5175.8			1.0
5176.7			1.0478181164142923
5177.6			1.046541720778276
5178.5			1.0243894848385082
5179.4			0.9794699563427357
5180.3			0.8935104657093987
5181.2			0.7651113616592043
5182.1			0.6199391626758588
5183.0			0.5091623472309824
5183.9			0.5022665893344356
5184.8			0.6275848919544252
5185.7			0.8217119005617166
5186.6			0.9817731991237338
5187.5			1.058357184862663
5188.4			1.0860794117843904
5189.3			1.1122831952974783
5190.2			1.1005750243701573
5191.1			1.0049141609759598
5192.0			1.0
5192.9			1.0
5193.8			1.0
5194.7			1.0
5195.6			1.0
5196.5			1.0
5197.4			1.0
5198.3			1.0
5199.2			1.0
5200.1			1.0
5201.0			1.0
5201.9			0.9541523475875427
5202.8			0.8937063281472442
5203.7			0.8082473513934456
5204.6			0.7082881011248051
5205.5			0.6467890553570242
5206.4			0.6401057943145787
5207.3			0.6332513252334963
5208.2			0.6037103728202502
5209.1			0.6093520657083418
5210.0			0.6895539071020038
5210.9			0.8236277837823054
5211.8			0.9642018541637792
5212.7			1.052095586618111
5213.6			1.0580874663571231
5214.5			1.0019248233097615
5215.4			1.0
5216.3			1.0
5217.2			1.0
5218.1			1.0
5219.0			1.0
5219.9			1.0
5220.8			1.0
5221.7			1.0
5222.6			1.0
5223.5			0.9550597162268898
5224.4			0.8962965073387251
5225.3			0.828074740626167
5226.2			0.7579653897542619
5227.1			0.7384126361736114
5228.0			0.8127556759732836
5228.9			0.9192273419368505
5229.8			0.9809652551020305
5230.7			0.9963327258826179
5231.6			1.0
5232.5			1.0
5233.4			1.0
5234.3			1.0
5235.2			1.0
5236.1			1.0
5237.0			1.0
5237.9			1.0
5238.8			1.0
5239.7			1.0
5240.6			0.9982117269151567
5241.5			0.9906488483704768
5242.4			0.9802837931895427
5243.3			0.9861576977345261
5244.2			1.0112551625183617
5245.1			1.020891403551475
5246.0			0.9843681799464505
5246.9			0.9341345532859797
5247.8			0.9272028854253155
5248.7			0.9496903105606066
5249.6			0.945752634628295
5250.5			0.9226027805815773
5251.4			0.924595196334694
5252.3			0.946577255134616
5253.2			0.9563178636030772
5254.1			0.9456456676969486
5255.0			0.9387240927393645
5255.9			0.9666274660933818
5256.8			1.0169553052120455
5257.7			1.0507936659114467
5258.6			1.0578999094216597
5259.5			1.0
5260.4			0.9575548448277602
5261.3			0.8869377376321919
5262.2			0.8114620106166506
5263.1			0.7563781699009862
5264.0			0.7218634644031298
5264.9			0.6905007363015372
5265.8			0.6704866010609416
5266.7			0.6917905161896448
5267.6			0.7118479266080214
5268.5			0.6457548566337353
5269.4			0.5417296548398098
5270.3			0.5468687591883886
5271.2			0.6748131085514059
5272.1			0.79586168434248
5273.0			0.8447538977682143
5273.9			0.8580813823000957
5274.8			0.8603747237040815
5275.7			0.8696484427172351
5276.6			0.9144490900281733
5277.5			0.9742644056129732
5278.4			1.0
5279.3			0.9808204217901472
5280.2			0.9340022002173989
5281.1			0.8753150893166765
5282.0			0.823156700659122
5282.9			0.7947190765694865
5283.8			0.8122268927132178
5284.7			0.8810209774145776
5285.6			0.9595451747196325
5286.5			1.0000389967949026
5287.4			1.0
5288.3			1.0
5289.2			1.0
5290.1			1.0
5291.0			1.0
5291.9			1.0
5292.8			1.0
5293.7			1.0
5294.6			1.0009888855303077
5295.5			0.9707670074668454
5296.4			0.9028249045969173
5297.3			0.8354652893562678
5298.2			0.8330363115841078
5299.1			0.9061163030987934
5300.0			0.982946053333446
5300.9			1.0050354744517704
5301.8			1.003070063500749
5302.7			1.0
5303.6			1.0
5304.5			1.0
5305.4			1.0
5306.3			1.0
5307.2			1.0
5308.1			1.0
5309.0			1.0
5309.9			1.0
5310.8			1.0
5311.7			1.0
5312.6			1.0
5313.5			1.0
5314.4			1.0
5315.3			1.0
5316.2			1.0
5317.1			1.0
5318.0			1.0
5318.9			1.0
5319.8			1.0
5320.7			1.0
5321.6			1.0
5322.5			1.0
5323.4			1.0
5324.3			0.9455974454290359
5325.2			0.9617564952183983
5326.1			0.9518579432117188
5327.0			0.8297109877152095
5327.9			0.6869258517808295
5328.8			0.6814756336166897
5329.7			0.8112296767600747
5330.6			0.9441084832973755
5331.5			0.9979489245796387
5332.4			1.0
5333.3			1.0
5334.2			1.0
5335.1			1.0
5336.0			1.0
5336.9			1.0
5337.8			0.991586039268518
5338.7			0.9548055141938032
5339.6			0.8838338332604151
5340.5			0.8400095225525955
5341.4			0.8742485507434019
5342.3			0.9492417845402827
5343.2			0.9996337320485438
5344.1			1.0
5345.0			1.0
5345.9			1.0
5346.8			1.0
5347.7			1.0
5348.6			1.0
5349.5			1.0
5350.4			1.0
5351.3			1.0
5352.2			1.0
5353.1			1.0
5354.0			1.0
5354.9			1.0
5355.8			1.0
5356.7			1.0
5357.6			1.0
5358.5			1.0
5359.4			1.0
5360.3			1.0
5361.2			1.0
5362.1			1.0
5363.0			1.0
5363.9			1.0
5364.8			1.0
5365.7			1.0
5366.6			1.0
5367.5			0.9944617197544917
5368.4			0.9725224263958152
5369.3			0.9045898371043398
5370.2			0.7964216531614835
5371.1			0.7225831268915303
5372.0			0.7553443745720808
5372.9			0.8635981991066947
5373.8			0.9560529351460292
5374.7			0.9975815548182265
5375.6			1.0
5376.5			1.0
5377.4			1.0
5378.3			1.0
5379.2			1.0
5380.1			1.0
5381.0			1.0
5381.9			1.0
5382.8			1.0
5383.7			1.0
5384.6			1.0
5385.5			1.0
5386.4			1.0
5387.3			1.0
5388.2			1.0
5389.1			1.0
5390.0			1.0
5390.9			1.0
5391.8			1.0
5392.7			1.0
5393.6			1.0
5394.5			1.0
5395.4			1.0
5396.3			1.0
5397.2			1.0
5398.1			1.0
5399.0			1.0
5399.9			1.0
5400.8			1.0
5401.7			1.0220278860182783
5402.6			1.0183223848851157
5403.5			0.9542660180762982
5404.4			0.85887833876478
5405.3			0.8011420477356161
5406.2			0.8344426774316623
5407.1			0.9353995246419546
5408.0			1.0094598787383764
5408.9			0.9992340634918724
5409.8			1.0
5410.7			1.0
5411.6			1.0
5412.5			1.0
5413.4			1.0
5414.3			1.0
5415.2			1.0
5416.1			1.0
5417.0			1.0
5417.9			1.0
5418.8			1.0
5419.7			1.0
5420.6			1.0
5421.5			1.0
5422.4			1.0
5423.3			1.0
5424.2			1.0
5425.1			1.0
5426.0			1.0593907179394955
5426.9			1.0915344967802376
5427.8			1.0571410953548301
5428.7			0.9557075469933002
5429.6			0.882401671689276
5430.5			0.9244443969566835
5431.4			1.0144592843039444
5432.3			1.0426184381566785
5433.2			1.004722646921818
5434.1			1.0
5435.0			1.0
5435.9			1.0
5436.8			1.0
5437.7			1.0
5438.6			1.0
5439.5			1.0
5440.4			1.0
5441.3			1.0
5442.2			1.0
5443.1			1.0
5444.0			0.9685645396916033
5444.9			0.8987474031137418
5445.8			0.8107183652688222
5446.7			0.7652981044172056
5447.6			0.8142680898108886
5448.5			0.9198612104197323
5449.4			0.9984905662463016
5450.3			1.0
5451.2			1.0
5452.1			1.0
5453.0			0.979946606360451
5453.9			0.9214841783481427
5454.8			0.8381365668591311
5455.7			0.806980987036717
5456.6			0.868493187738801
5457.5			0.9556336350359731
5458.4			0.9996198402375592
5459.3			1.0
5460.2			1.0
5461.1			1.0
5462.0			1.0
5462.9			1.0
5463.8			1.0
5464.7			1.0
5465.6			1.0
5466.5			1.0
5467.4			1.0
5468.3			1.0
5469.2			1.0
5470.1			1.0
5471.0			1.0
5471.9			1.0
5472.8			0.99236798064066
5473.7			0.9716319158975935
5474.6			0.9538760660717733
5475.5			0.91766839352333
5476.4			0.8707465197377519
5477.3			0.8776078776882943
5478.2			0.9440467312678351
5479.1			1.0006602320012041
5480.0			1.0004037422295626
5480.9			1.0
5481.8			1.0
5482.7			1.0
5483.6			1.0
5484.5			1.0
5485.4			1.0
5486.3			1.0
5487.2			1.0
5488.1			1.0
5489.0			1.0
5489.9			1.0
5490.8			1.0
5491.7			1.0
5492.6			1.0
5493.5			1.0
5494.4			1.0
5495.3			1.0
5496.2			1.0
5497.1			1.0
5498.0			1.0
5498.9			1.0
5499.8			1.0
5500.7			1.0
5501.6			1.0
5502.5			1.0
5503.4			1.0
5504.3			1.0
5505.2			1.0
5506.1			1.0
5507.0			1.0
5507.9			1.0
5508.8			1.0350202672108373
5509.7			1.0300129444073625
5510.6			0.9956580855057309
5511.5			0.946090571889295
5512.4			0.9052228744624906
5513.3			0.8953127873556398
5514.2			0.9123198683905761
5515.1			0.9367507161237907
5516.0			0.9571417198859504
5516.9			0.9766560917431449
5517.8			0.9971101022596055
5518.7			1.0
5519.6			1.0
5520.5			1.0
5521.4			1.0
5522.3			1.0
5523.2			1.0
5524.1			1.0
5525.0			1.0
5525.9			0.975635273746128
5526.8			0.9265287070409981
5527.7			0.8660335670257086
5528.6			0.8556274193807908
5529.5			0.9162274981965302
5530.4			0.9806334568175669
5531.3			1.0001997033908216
5532.2			1.0
5533.1			1.0
5534.0			1.0
5534.9			1.0
5535.8			1.0
5536.7			1.0
5537.6			1.0
5538.5			1.0
5539.4			1.0
5540.3			1.0
5541.2			1.0
5542.1			1.0
5543.0			1.0
5543.9			1.0
5544.8			1.0
5545.7			1.0
5546.6			1.0
5547.5			1.0
5548.4			1.0
5549.3			1.0
5550.200000000001			1.0
5551.1			1.0
5552.0			1.0
5552.9			1.0
5553.8			1.0
5554.700000000001			1.0
5555.6			1.0
5556.5			1.0
5557.4			1.0
5558.3			1.0
5559.200000000001			1.0
5560.1			1.0
5561.0			1.0
5561.9			1.0
5562.8			1.0
5563.700000000001			1.0
5564.6			1.0
5565.5			1.0
5566.4			1.0
5567.3			1.0024494268496058
5568.200000000001			0.9877566467462254
5569.1			0.9630287730005425
5570.0			0.9613862982298335
5570.9			0.9712438537891129
5571.8			0.9511648280169082
5572.700000000001			0.9263461483104046
5573.6			0.9457334821454192
5574.5			0.9817766211201909
5575.4			0.9835539953873181
5576.3			0.9737485633932836
5577.200000000001			0.987294437556646
5578.1			1.0028117920946555
5579.0			1.0
5579.9			1.0
5580.8			1.0
5581.700000000001			1.0
5582.6			1.0
5583.5			1.0087790605051221
5584.4			0.9898102676748066
5585.3			0.9364430133291961
5586.200000000001			0.8671272074130981
5587.1			0.8188314438232921
5588.0			0.8150873134177763
5588.9			0.8486696880751756
5589.8			0.9082168229221141
5590.700000000001			0.9719594836892754
5591.6			1.0055128061954823
5592.5			0.9986541017191457
5593.4			1.0
5594.3			1.0
5595.200000000001			1.0
5596.1			1.0
5597.0			1.0
5597.9			1.0
5598.8			1.0
5599.700000000001			1.0
5600.6			1.0
5601.5			1.0
5602.4			1.0
5603.3			1.0
5604.200000000001			1.0
5605.1			1.0
5606.0			1.0
5606.9			1.0
5607.8			1.0
5608.700000000001			1.0
5609.6			1.0
5610.5			1.0
5611.4			1.0
5612.3			1.0
5613.200000000001			0.9838776716437361
5614.1			0.9097419519024632
5615.0			0.8242406848468715
5615.9			0.8136991691546628
5616.8			0.883450382252046
5617.700000000001			0.9601338607660773
5618.6			0.9968309164916304
5619.5			1.0
5620.4			1.0
5621.3			1.0
5622.200000000001			1.0
5623.1			1.0
5624.0			1.0
5624.9			1.0
5625.8			1.0
5626.700000000001			1.0
5627.6			1.0
5628.5			1.0
5629.4			1.0
5630.3			1.0
5631.200000000001			1.0
5632.1			1.0
5633.0			1.0
5633.9			1.0
5634.8			1.0
5635.700000000001			1.0
5636.6			1.0
5637.5			1.0
5638.4			1.0
5639.3			1.0
5640.200000000001			1.0
5641.1			1.0
5642.0			1.0
5642.9			1.0
5643.8			1.0
5644.700000000001			1.0
5645.6			1.0
5646.5			1.0
5647.4			1.0
5648.3			1.0
5649.200000000001			1.0
5650.1			1.0
5651.0			1.0
5651.9			1.0
5652.8			1.0
5653.700000000001			1.0
5654.6			1.0
5655.5			0.9929764076379475
5656.4			0.9886741941250952
5657.3			0.9605667197736326
5658.200000000001			0.9232103583783018
5659.1			0.9244128490370523
5660.0			0.9680893547601575
5660.9			1.0027024395687718
5661.8			1.0035766782274107
5662.700000000001			0.9986817370001437
5663.6			1.0
5664.5			1.0
5665.4			1.0
5666.3			1.0
5667.200000000001			1.0
5668.1			1.0
5669.0			1.0
5669.9			1.0
5670.8			1.0
5671.700000000001			1.0
5672.6			1.0
5673.5			1.0
5674.4			1.0
5675.3			1.0
5676.200000000001			1.0
5677.1			1.0
5678.0			1.0
5678.9			1.0
5679.8			1.0
5680.700000000001			1.0
5681.6			1.0
5682.5			1.0
5683.4			1.0
5684.3			1.0196672106226394
5685.200000000001			1.0147309353187934
5686.1			0.9803416676865947
5687.0			0.9434817411877142
5687.9			0.93070709311882
5688.8			0.9431860827379125
5689.700000000001			0.965703316555912
5690.6			0.9850733713416471
5691.5			1.0014817843585464
5692.4			1.0
5693.3			1.0
5694.200000000001			1.0
5695.1			1.0
5696.0			1.0
5696.9			1.0
5697.8			1.0
5698.700000000001			1.0
5699.6			1.0
5700.5			1.0
5701.4			1.0
5702.3			0.9913423854022487
5703.200000000001			1.0041127111235066
5704.1			1.0181356669176913
5705.0			1.010666301846125
5705.9			0.9893650174924832
5706.8			0.9718174512883347
5707.700000000001			0.9540458627976459
5708.6			0.9303153719714518
5709.5			0.9139397999073614
5710.4			0.9079147092583459
5711.3			0.9053864775219106
5712.200000000001			0.9210268111640659
5713.1			0.9521840555578986
5714.0			0.9763803604194902
5714.9			0.9869199226368597
5715.8			0.9885117564249948
5716.700000000001			0.9828953253589109
5717.6			0.9843115701079994
5718.5			0.9976891707680732
5719.4			1.0
5720.3			1.0
5721.200000000001			1.0
5722.1			1.0
5723.0			1.0
5723.9			1.0
5724.8			1.0
5725.700000000001			1.0
5726.6			1.0
5727.5			1.0
5728.4			1.0
5729.3			1.0
5730.200000000001			1.0
5731.1			1.0
5732.0			1.0
5732.9			1.0
5733.8			1.0
5734.700000000001			1.0
5735.6			1.0
5736.5			1.0
5737.4			1.0
5738.3			1.0
5739.200000000001			1.0
5740.1			1.0
5741.0			1.0
5741.9			1.0
5742.8			1.0
5743.700000000001			1.0
5744.6			1.0
5745.5			1.0
5746.4			1.0
5747.3			1.0
5748.200000000001			1.0
5749.1			1.0
5750.0			1.0
5750.9			1.0
5751.8			1.0
5752.700000000001			1.0
5753.6			1.0
5754.5			1.0
5755.4			1.0
5756.3			1.0
5757.200000000001			1.0
5758.1			1.0
5759.0			1.0
5759.9			0.9979610412401212
5760.8			0.9813322727873537
5761.700000000001			0.9450154996672305
5762.6			0.9217321192618919
5763.5			0.9421885527989574
5764.4			0.9795572197929274
5765.3			1.0001790535123356
5766.200000000001			1.0
5767.1			1.0
5768.0			1.0
5768.9			1.0
5769.8			1.0
5770.700000000001			1.0
5771.6			1.0
5772.5			1.0
5773.4			1.0
5774.3			1.0
5775.200000000001			1.0
5776.1			1.0
5777.0			1.0
5777.9			1.0
5778.8			1.0
5779.700000000001			1.0
5780.6			1.0
5781.5			1.0
5782.4			1.0
5783.3			1.0
5784.200000000001			1.0
5785.1			1.0
5786.0			1.0
5786.9			1.0
5787.8			1.0
5788.700000000001			1.0
5789.6			1.0
5790.5			1.0
5791.4			1.0
5792.3			1.0
5793.200000000001			1.0
5794.1			1.0
5795.0			1.0
5795.9			1.0
5796.8			1.0
5797.700000000001			1.0
5798.6			1.0
5799.5			1.0
5800.4			1.0
5801.3			1.0
5802.200000000001			1.0
5803.1			1.0
5804.0			1.0
5804.9			1.0
5805.8			1.0
5806.700000000001			1.0
5807.6			1.0
5808.5			1.0
5809.4			1.0
5810.3			1.0
5811.200000000001			1.0
5812.1			1.0
5813.0			1.0
5813.9			1.0
5814.8			1.0
5815.700000000001			1.0
5816.6			1.0
5817.5			1.0
5818.4			1.0
5819.3			1.0
5820.200000000001			1.0
5821.1			1.0
5822.0			1.0
5822.9			1.0
5823.8			1.0
5824.700000000001			1.0
5825.6			1.0
5826.5			1.0
5827.4			1.0
5828.3			1.0
5829.200000000001			1.0
5830.1			1.0
5831.0			1.0
5831.9			1.0
5832.8			1.0
5833.700000000001			1.0
5834.6			1.0
5835.5			1.0
5836.4			1.0
5837.3			1.0
5838.200000000001			1.0
5839.1			1.0
5840.0			1.0
5840.9			1.0
5841.8			1.0
5842.700000000001			1.0
5843.6			1.0
5844.5			1.0
5845.4			1.0
5846.3			1.0
5847.200000000001			1.0
5848.1			1.0
5849.0			1.0
5849.9			1.0
5850.8			1.0
5851.700000000001			1.0
5852.6			1.0
5853.5			1.0041044766318679
5854.4			1.0109165339656996
5855.3			0.9968585394291328
5856.200000000001			0.9533574447901405
5857.1			0.912282510786377
5858.0			0.9128318608190162
5858.9			0.9481839907949687
5859.8			0.9821902122608372
5860.700000000001			1.0000875302538923
5861.6			1.0
5862.5			1.0
5863.4			1.0
5864.3			1.0
5865.200000000001			1.0
5866.1			1.0
5867.0			1.0
5867.9			1.0
5868.8			1.0
5869.700000000001			1.0
5870.6			1.0
5871.5			1.0
5872.4			1.0
5873.3			1.0
5874.200000000001			1.0
5875.1			1.0
5876.0			1.0
5876.9			1.0
5877.8			1.0
5878.700000000001			1.0
5879.6			1.0
5880.5			1.0
5881.4			1.0
5882.3			1.0
5883.200000000001			1.0
5884.1			1.0
5885.0			1.0
5885.9			1.0264550491981357
5886.8			1.0116715969332157
5887.700000000001			0.9182678452622938
5888.6			0.7531297241302444
5889.5			0.6103198486156814
5890.4			0.6177688257572306
5891.3			0.7928012699917453
5892.200000000001			1.0150287488416485
5893.1			1.1531669876784405
5894.0			1.144654834750745
5894.9			1.016006345701465
5895.8			1.0
5896.700000000001			1.0
5897.6			1.0
5898.5			1.0
5899.4			1.0
5900.3			1.0
5901.200000000001			1.0
5902.1			1.0
5903.0			1.0
5903.9			1.0
5904.8			1.0
5905.700000000001			1.0
5906.6			1.0
5907.5			1.0
5908.4			1.0
5909.3			1.0
5910.200000000001			1.0
5911.1			1.0
5912.0			1.0
5912.9			1.0
5913.8			1.0
5914.700000000001			1.0
5915.6			1.0
5916.5			1.0
5917.4			1.0
5918.3			1.0
5919.200000000001			1.0
5920.1			1.0
5921.0			1.0
5921.9			1.0
5922.8			1.0
5923.700000000001			1.0
5924.6			1.0
5925.5			1.0
5926.4			1.0
5927.3			1.0
5928.200000000001			1.0
5929.1			1.0
5930.0			1.0
5930.9			1.0
5931.8			1.0
5932.700000000001			1.0
5933.6			1.0
5934.5			1.0
5935.4			1.0
5936.3			1.0
5937.200000000001			1.0
5938.1			1.0
5939.0			1.0
5939.9			1.0
5940.8			1.0
5941.700000000001			1.0
5942.6			1.0
5943.5			1.0
5944.4			1.0
5945.3			1.0
5946.200000000001			1.0
5947.1			1.0
5948.0			1.0
5948.9			1.0
5949.8			1.0
5950.700000000001			1.0
5951.6			1.0
5952.5			1.0
5953.4			1.0
5954.3			1.0
5955.200000000001			1.0
5956.1			1.0
5957.0			1.0
5957.9			1.0
5958.8			1.0
5959.700000000001			1.0
5960.6			1.0
5961.5			1.0
5962.4			1.0
5963.3			1.0
5964.200000000001			1.0
5965.1			1.0
5966.0			1.0
5966.9			1.0
5967.8			1.0
5968.700000000001			1.0
5969.6			1.0
5970.5			1.0
5971.4			1.0
5972.3			1.0
5973.200000000001			1.0
5974.1			1.0
5975.0			1.0
5975.9			1.0
5976.8			1.0
5977.700000000001			1.0
5978.6			1.0
5979.5			1.0
5980.4			1.0
5981.3			1.0
5982.200000000001			1.0
5983.1			1.0
5984.0			1.0
5984.9			1.0
5985.8			1.0
5986.700000000001			1.0
5987.6			1.0
5988.5			1.0
5989.4			1.0
5990.3			1.0
5991.200000000001			1.0
5992.1			1.0
5993.0			1.0
5993.9			1.0
5994.8			1.0
5995.700000000001			1.0
5996.6			1.0
5997.5			1.0
5998.4			1.0
5999.3			1.0
6000.200000000001			1.0
6001.1			1.0
6002.0			1.0
6002.9			1.0
6003.8			1.0
6004.700000000001			1.0
6005.6			1.0
6006.5			1.0
6007.4			1.0
6008.3			1.0
6009.200000000001			1.0
6010.1			1.0
6011.0			1.0
6011.9			1.0
6012.8			1.0
6013.700000000001			0.9968419009375012
6014.6			1.0103181655202276
6015.5			1.0183269272046387
6016.4			1.0173296999490735
6017.3			1.015933158579789
6018.200000000001			1.006343644930707
6019.1			0.9803271071828662
6020.0			0.9536916240962804
6020.9			0.9440022381724655
6021.8			0.952023468170111
6022.700000000001			0.9632184931524449
6023.6			0.9680604935254115
6024.5			0.9721448419493345
6025.4			0.9799356254414021
6026.3			0.9856771856366098
6027.200000000001			0.9911523377372514
6028.1			1.000858890323296
6029.0			1.0
6029.9			1.0
6030.8			1.0
6031.700000000001			1.0
6032.6			1.0
6033.5			1.0
6034.4			1.0
6035.3			1.0
6036.200000000001			1.0
6037.1			1.0
6038.0			1.0
6038.9			1.0
6039.8			1.0
6040.700000000001			1.0
6041.6			1.0
6042.5			1.0
6043.4			1.0
6044.3			1.0
6045.200000000001			1.0
6046.1			1.0
6047.0			1.0
6047.9			1.0
6048.8			1.0
6049.700000000001			1.0
6050.6			1.0
6051.5			1.0
6052.4			1.0
6053.3			1.0
6054.200000000001			1.0
6055.1			1.0
6056.0			1.0
6056.9			1.0
6057.8			1.0
6058.700000000001			1.0
6059.6			1.0
6060.5			1.0
6061.4			0.9973180911340541
6062.3			0.9866554354553223
6063.200000000001			0.9697720777066237
6064.1			0.9436649455135877
6065.0			0.9215584800393999
6065.9			0.9287154406485766
6066.8			0.9635928814158669
6067.700000000001			0.9927856709040573
6068.6			0.999194017741754
6069.5			1.0
6070.4			1.0
6071.3			1.0
6072.200000000001			1.0
6073.1			1.0
6074.0			1.0
6074.9			1.0
6075.8			1.0
6076.700000000001			1.0
6077.6			1.0
6078.5			1.0
6079.4			1.0
6080.3			1.0
6081.200000000001			1.0
6082.1			1.0
6083.0			1.0
6083.9			1.0
6084.8			1.0
6085.700000000001			1.0
6086.6			1.0
6087.5			1.0
6088.4			1.0
6089.3			1.0
6090.200000000001			1.0
6091.1			1.0
6092.0			1.0
6092.9			1.0
6093.8			1.0
6094.700000000001			1.0
6095.6			1.0
6096.5			1.0
6097.4			1.0
6098.3			1.0
6099.200000000001			1.0
6100.1			0.9907849739596274
6101.0			0.9424323245628189
6101.9			0.8715164393475445
6102.8			0.8434286634812468
6103.700000000001			0.8897133538975932
6104.6			0.9606504316531337
6105.5			0.9995302719520387
6106.4			1.0
6107.3			1.0
6108.200000000001			1.0
6109.1			1.0
6110.0			1.0
6110.9			1.0
6111.8			1.0
6112.700000000001			1.0
6113.6			1.0
6114.5			1.0
6115.4			1.0
6116.3			1.0
6117.200000000001			1.0
6118.1			1.0
6119.0			0.992121976303888
6119.9			0.9603953964071289
6120.8			0.9028792385967516
6121.700000000001			0.8463045176705108
6122.6			0.8474188828025885
6123.5			0.9126189622823907
6124.4			0.9816323512844394
6125.3			1.0076472082766192
6126.200000000001			1.003601492633739
6127.1			1.0
6128.0			1.0
6128.9			1.0
6129.8			1.0
6130.700000000001			1.0
6131.6			1.0
6132.5			1.0
6133.4			1.0
6134.3			0.9806487682171018
6135.200000000001			0.9360751040173813
6136.1			0.8780139763976009
6137.0			0.8441765725915154
6137.9			0.8734571527321559
6138.8			0.9452195948057512
6139.700000000001			0.9970022643577732
6140.6			1.0
6141.5			1.0
6142.4			1.0
6143.3			1.0
6144.200000000001			1.0
6145.1			1.0
6146.0			1.0
6146.9			1.0
6147.8			1.0
6148.700000000001			1.0
6149.6			1.0
6150.5			1.0
6151.4			1.0
6152.3			1.0
6153.200000000001			1.0
6154.1			1.0
6155.0			1.0
6155.9			1.0
6156.8			1.0
6157.700000000001			1.0
6158.6			1.00331733869926
6159.5			0.9706550283768022
6160.4			0.8815849781732686
6161.3			0.7795384561856143
6162.200000000001			0.7480324710810821
6163.1			0.8154387491967158
6164.0			0.9207919846777706
6164.9			0.988202498658488
6165.8			1.004977557118797
6166.700000000001			1.0
6167.6			1.0
6168.5			1.0
6169.4			1.0
6170.3			1.0
6171.200000000001			1.0
6172.1			1.0
6173.0			1.0
6173.9			1.0
6174.8			1.0
6175.700000000001			1.0
6176.6			1.0
6177.5			1.0
6178.4			1.0
6179.3			1.0
6180.200000000001			1.0
6181.1			1.0
6182.0			1.0
6182.9			1.0
6183.8			1.0
6184.700000000001			1.0
6185.6			1.0
6186.5			1.0
6187.4			1.0
6188.3			1.0
6189.200000000001			0.9856909414519112
6190.1			0.9520760474662999
6191.0			0.9145589856322786
6191.9			0.9107008462429027
6192.8			0.9467563675515908
6193.700000000001			0.9854105398692841
6194.6			1.0012428444484813
6195.5			1.0
6196.4			1.0
6197.3			1.0
6198.200000000001			1.0
6199.1			1.0
6200.0			1.0
6200.9			1.0
6201.8			1.0
6202.700000000001			1.0
6203.6			1.0
6204.5			1.0
6205.4			1.0
6206.3			1.0
6207.200000000001			1.0
6208.1			1.0
6209.0			1.0
6209.9			1.0
6210.8			1.0
6211.700000000001			1.0
6212.6			1.0
6213.5			1.0
6214.4			1.0
6215.3			1.0
6216.200000000001			1.0
6217.1			1.0
6218.0			1.0
6218.9			1.0
6219.8			1.0
6220.700000000001			1.0
6221.6			1.0
6222.5			1.0
6223.4			1.0
6224.3			1.0
6225.200000000001			1.0
6226.1			1.0
6227.0			1.0100901566899276
6227.9			1.0027061164690583
6228.8			0.9729448463673499
6229.700000000001			0.9292327723310967
6230.6			0.9044296899667892
6231.5			0.9150183767723692
6232.4			0.9435873281583337
6233.3			0.9724559340890923
6234.200000000001			0.9995983124995037
6235.1			1.0
6236.0			1.0
6236.9			1.0
6237.8			1.0
6238.700000000001			1.0
6239.6			1.0
6240.5			1.0
6241.4			1.0
6242.3			1.0
6243.200000000001			1.0
6244.1			1.0
6245.0			1.0
6245.9			1.0
6246.8			1.0
6247.700000000001			1.034367071415758
6248.6			1.0576699931250437
6249.5			1.0521625602331943
6250.4			1.022375324625788
6251.3			0.9824615396815317
6252.200000000001			0.953666361787769
6253.1			0.9478550284806762
6254.0			0.9544401865478843
6254.9			0.9583642391533276
6255.8			0.9531360554991511
6256.700000000001			0.9379885823858398
6257.6			0.9217997738462032
6258.5			0.9210680988090659
6259.4			0.9365175079167949
6260.3			0.9546167784763373
6261.200000000001			0.9753637050974512
6262.1			1.002460316260931
6263.0			1.0185105784578774
6263.9			1.0061921341925153
6264.8			0.9829277919008131
6265.700000000001			0.9751740155866223
6266.6			0.9859316721537058
6267.5			0.9982186574599882
6268.4			1.0
6269.3			1.0
6270.200000000001			1.0
6271.1			1.0
6272.0			1.0
6272.9			1.0
6273.8			1.0
6274.700000000001			1.0
6275.6			1.0
6276.5			1.0
6277.4			1.0
6278.3			1.0
6279.200000000001			1.0
6280.1			1.0
6281.0			1.0
6281.9			1.0
6282.8			1.0
6283.700000000001			1.0
6284.6			1.0
6285.5			1.0
6286.4			1.0
6287.3			1.0
6288.200000000001			1.0
6289.1			1.0
6290.0			1.0
6290.9			1.0
6291.8			1.0
6292.700000000001			1.0
6293.6			1.0
6294.5			1.0
6295.4			1.0
6296.3			1.0
6297.200000000001			1.0
6298.1			1.0109585589577692
6299.0			1.0173492694414534
6299.9			0.9947843331061654
6300.8			0.9522083148901345
6301.700000000001			0.9258279778948848
6302.6			0.9371306954463889
6303.5			0.9686775484914937
6304.4			0.9905454728580009
6305.3			0.9983493291130252
6306.200000000001			1.0
6307.1			1.0
6308.0			1.0
6308.9			1.0
6309.8			1.0
6310.700000000001			1.0
6311.6			1.0
6312.5			1.0
6313.4			1.0
6314.3			1.0
6315.200000000001			1.0
6316.1			1.0
6317.0			1.0
6317.9			1.0
6318.8			1.0
6319.700000000001			1.0
6320.6			1.0
6321.5			1.0
6322.4			1.0
6323.3			1.0
6324.200000000001			1.0
6325.1			1.0
6326.0			1.0
6326.9			1.0
6327.8			1.0
6328.700000000001			1.0
6329.6			1.0
6330.5			1.0
6331.4			1.0
6332.3			1.0
6333.200000000001			1.0
6334.1			1.0
6335.0			1.0
6335.9			1.0
6336.8			1.0
6337.700000000001			1.0
6338.6			1.0
6339.5			1.0
6340.4			1.0
6341.3			1.0
6342.200000000001			1.0
6343.1			1.0
6344.0			1.0
6344.9			1.0
6345.8			1.0
6346.700000000001			1.0
6347.6			1.0
6348.5			1.0
6349.4			1.0
6350.3			1.0
6351.200000000001			1.0
6352.1			1.0
6353.0			1.0
6353.9			1.0
6354.8			1.0
6355.700000000001			1.0
6356.6			1.0
6357.5			1.0
6358.4			1.0
6359.3			1.0
6360.200000000001			1.0
6361.1			1.0
6362.0			1.0
6362.9			1.0
6363.8			1.0
6364.700000000001			1.0
6365.6			1.0
6366.5			1.0
6367.4			1.0
6368.3			1.0
6369.200000000001			1.0
6370.1			1.0
6371.0			1.0
6371.9			1.0
6372.8			1.0
6373.700000000001			1.0
6374.6			1.0
6375.5			1.0
6376.4			1.0
6377.3			1.0
6378.200000000001			1.0
6379.1			1.0
6380.0			1.0
6380.9			1.0
6381.8			1.0
6382.700000000001			1.0
6383.6			1.0
6384.5			1.0
6385.4			1.0
6386.3			1.0
6387.200000000001			1.0
6388.1			1.0
6389.0			1.0
6389.9			1.0
6390.8			1.0
6391.700000000001			1.0
6392.6			1.0
6393.5			1.0
6394.4			1.0
6395.3			1.0
6396.200000000001			1.0
6397.1			0.984451566436288
6398.0			0.9451561917513849
6398.9			0.8962059580580436
6399.8			0.8754272033556573
6400.700000000001			0.908940340798475
6401.6			0.9663331758134125
6402.5			1.0001525868497865
6403.4			1.0
6404.3			1.0
6405.200000000001			1.0
6406.1			1.0
6407.0			1.0
6407.9			1.0
6408.8			1.0
6409.700000000001			0.9958505640509797
6410.6			0.9704118212874037
6411.5			0.9628017357889102
6412.4			0.9873892605165316
6413.3			1.0167470842578787
6414.200000000001			1.0366602908178526
6415.1			1.0517332826190777
6416.0			1.0
6416.9			0.9936012037669666
6417.8			0.9770243670464159
6418.700000000001			0.9506241364798038
6419.6			0.9198217775717678
6420.5			0.9044269461508474
6421.4			0.9188160187349272
6422.3			0.9484190063110383
6423.200000000001			0.9671673524093092
6424.1			0.9707450643924778
6425.0			0.972715161023475
6425.9			0.9776372386397867
6426.8			0.9811905009491342
6427.700000000001			0.9791659872868281
6428.6			0.9661131269578983
6429.5			0.9422733763516804
6430.4			0.9255534020478445
6431.3			0.9354423495528055
6432.200000000001			0.9635692891012081
6433.1			0.9849920441364217
6434.0			0.9898993398646467
6434.9			0.9852797349907813
6435.8			0.9758100597265172
6436.700000000001			0.9514299370532346
6437.6			0.9040442565880381
6438.5			0.862758840062711
6439.4			0.8701015544713432
6440.3			0.9211326820547505
6441.200000000001			0.9727218850014488
6442.1			1.0023237906066134
6443.0			1.0164926706598483
6443.9			1.0202390448683447
6444.8			1.0134133812369188
6445.700000000001			1.0031362789964136
6446.6			0.9939305192156934
6447.5			0.9710179506699789
6448.4			0.9263164041422295
6449.3			1.0
6450.200000000001			1.0123349663776622
6451.1			1.0623375172512295
6452.0			1.1018101490094898
6452.9			1.1095713389445487
6453.8			1.094227148512304
6454.700000000001			1.0722462708338973
6455.6			1.062886058697476
6456.5			1.073138450242871
6457.4			1.0900263080894335
6458.3			1.0999638904718454
6459.200000000001			1.09731270133186
6460.1			1.0694892370827205
6461.0			1.0107997796281256
6461.9			0.9574979581458223
6462.8			0.9610639624526037
6463.700000000001			1.0156450249344213
6464.6			1.0709671086684036
6465.5			1.0982197972757102
6466.4			1.1021288681751433
6467.3			1.0927995617245392
6468.200000000001			1.0772898537881972
6469.1			1.05892633273816
6470.0			1.0401213153024513
6470.9			1.0308681321340827
6471.8			1.0433635897667155
6472.700000000001			1.0655504844798165
6473.6			1.0714608239019097
6474.5			1.0631438332507597
6475.4			1.063605125863611
6476.3			1.0803692231714768
6477.200000000001			1.098990726057133
6478.1			1.1077117312795062
6479.0			1.105466310368882
6479.9			1.0920341237015607
6480.8			1.0686018831254318
6481.700000000001			1.0464390459012038
6482.6			1.0444449304338066
6483.5			1.066621275775472
6484.4			1.0
6485.3			1.0061338317687465
6486.200000000001			0.9988343650860919
6487.1			0.9924827528341321
6488.0			0.9915482163193665
6488.9			0.9913691002293252
6489.8			0.9888176121868513
6490.700000000001			0.9819687610071112
6491.6			0.9549043962838112
6492.5			0.8971469068759739
6493.4			0.8326925593460579
6494.3			0.8038730087747482
6495.200000000001			0.822973356769413
6496.1			0.8671644224820859
6497.0			0.9081756108713167
6497.9			0.9259575201947434
6498.8			0.9245803871229394
6499.700000000001			0.9312127665913331
6500.6			0.9566723411301996
6501.5			0.9827711169826101
6502.4			0.9933014058472802
6503.3			0.9912159694953101
6504.200000000001			0.9857233932984566
6505.1			0.9815370143654093
6506.0			0.9782041796087976
6506.9			0.9789392528066676
6507.8			0.9840093048878636
6508.700000000001			0.9908603152468402
6509.6			0.9983443141396542
6510.5			1.0041632337302573
6511.4			1.0034489047039683
6512.3			0.9964150759670659
6513.200000000001			0.9872712030758707
6514.1			0.979354209543776
6515.0			0.9757997611972505
6515.9			0.9769565149521002
6516.8			0.9771022028359899
6517.700000000001			0.9770382130985207
6518.6			0.9867009310843424
6519.5			1.0031973477819367
6520.4			1.0109154065211912
6521.3			1.0061612893907201
6522.200000000001			0.9984547769851488
6523.1			0.9945465952257776
6524.0			0.9916487639248021
6524.9			0.9842928980661333
6525.8			0.9760435374142257
6526.700000000001			0.9747776916723776
6527.6			0.980551927381533
6528.5			0.988216345173536
6529.4			0.9906241094017374
6530.3			0.9845290299931775
6531.200000000001			0.9762904646445024
6532.1			0.9751832188030013
6533.0			0.9826926920876207
6533.9			0.9929157554174541
6534.8			1.0016507220650877
6535.700000000001			1.006306978736739
6536.6			1.0068188705841923
6537.5			1.0078087922776422
6538.4			1.0105710271641117
6539.3			1.0104856858417883
6540.200000000001			1.0045199089435572
6541.1			0.9950936810482781
6542.0			0.9857098003676155
6542.9			0.975639545205703
6543.8			0.9620579228408933
6544.700000000001			0.9461999771795235
6545.6			0.9379188217213446
6546.5			0.945056851546969
6547.4			0.9626221392454337
6548.3			0.9813282701978852
6549.200000000001			0.9945169421659221
6550.1			1.0
6551.0			0.9986180725446153
6551.9			0.9910592151081468
6552.8			0.9787206711696947
6553.700000000001			0.9612798419503096
6554.6			0.9439574342221418
6555.5			0.9382787414710799
6556.4			0.9477330682307643
6557.3			0.9609194042222428
6558.200000000001			0.9651157180314943
6559.1			0.9527684965479613
6560.0			0.9094116186355838
6560.9			0.8244379988650253
6561.8			0.7363506973031027
6562.700000000001			0.7193068993292158
6563.6			0.7895301371099025
6564.5			0.8837507349991673
6565.4			0.9459168239613447
6566.3			0.9713522293426995
6567.200000000001			0.9712840832408219
6568.1			0.9570255626058055
6569.0			0.9499589018844514
6569.9			0.9602595713584258
6570.8			0.9743575251919775
6571.700000000001			0.971580596747455
6572.6			0.9531488342472222
6573.5			0.9398192744339923
6574.4			0.9439917519963908
6575.3			0.9600068040569535
6576.200000000001			0.9764858973147376
6577.1			0.9860777863433033
6578.0			0.9885127266201277
6578.9			0.9858081849008689
6579.8			0.9831408041922546
6580.700000000001			0.9822882500549505
6581.6			0.9815229220415598
6582.5			0.980072006618624
6583.4			0.9788437960599125
6584.3			0.976126132707186
6585.200000000001			0.9719684550413178
6586.1			0.9747408294895548
6587.0			0.9882324432000366
6587.9			1.0014871050045504
6588.8			1.0068160894250737
6589.700000000001			1.0042666466912613
6590.6			0.9856082436491628
6591.5			0.9457684048621032
6592.4			0.9070685574567134
6593.3			0.9007998511892269
6594.200000000001			0.9268390644964908
6595.1			0.9582572482590836
6596.0			0.9756939805375501
6596.9			0.9777736961184865
6597.8			0.9724262237803033
6598.700000000001			0.9708083105252752
6599.6			0.980361568499859
6600.5			0.9973965484956508
6601.4			1.009067071966862
6602.3			1.0088484601868069
6603.200000000001			1.0019199723399521
6604.1			0.993782681443996
6605.0			0.9875829683842463
6605.9			0.9845660299684328
6606.8			0.9796209760775115
6607.700000000001			0.968176849525256
6608.6			0.9598720036265604
6609.5			0.9685469671461235
6610.4			0.9904304349248589
6611.3			1.0082514697420015
6612.200000000001			1.0119251083890075
6613.1			1.0090852284092466
6614.0			1.0110270282524285
6614.9			1.0145617267488956
6615.8			1.012899433620251
6616.700000000001			1.0074456386095751
6617.6			1.0019632451426208
6618.5			0.998815599150811
6619.4			0.9993067281709054
6620.3			1.002409897407645
6621.200000000001			1.004428196086778
6622.1			1.0030700045804566
6623.0			0.9974661806975237
6623.9			0.9910629806618826
6624.8			0.9914917638821943
6625.700000000001			0.9974232784070677
6626.6			1.0017061048074813
6627.5			1.005762522694481
6628.4			1.009200495644932
6629.3			1.003562336519976
6630.200000000001			0.9883050622745672
6631.1			0.9718337512476342
6632.0			0.9599258234602498
6632.9			0.9564141258810104
6633.8			0.9650329150965554
6634.700000000001			0.9812101788162438
6635.6			0.9968096651098352
6636.5			1.0083393905256532
6637.4			1.0115715033245614
6638.3			1.0049075635157025
6639.200000000001			0.9955359277557212
6640.1			0.9904713100733853
6641.0			0.9836975842474777
6641.9			0.9677057701036765
6642.8			0.9546830329363059
6643.700000000001			0.9593349481272939
6644.6			0.9740787750714776
6645.5			0.982741668117416
6646.4			0.9824436433771165
6647.3			0.9820581137961938
6648.200000000001			0.9886253768740454
6649.1			1.0012798676404704
6650.0			1.011455726607019
6650.9			1.0123875856868638
6651.8			1.00787765268297
6652.700000000001			1.0047082589952485
6653.6			1.006295833181198
6654.5			1.0120286918541785
6655.4			1.0167237538818559
6656.3			1.0172839612946634
6657.200000000001			1.0163257574598388
6658.1			1.014998374862632
6659.0			1.0131317109742801
6659.9			1.0076636788699829
6660.8			0.9973382967860689
6661.700000000001			0.9822783813397917
6662.6			0.9725335540573652
6663.5			0.9804834779750308
6664.4			0.998417926836823
6665.3			1.006601240059612
6666.200000000001			0.9993916035813245
6667.1			0.9891752065421389
6668.0			0.9869949978615009
6668.9			0.9937274229190473
6669.8			1.0053491302736337
6670.700000000001			1.0170696752436912
6671.6			1.0235526156210155
6672.5			1.0220143615219077
6673.4			1.0171699477687435
6674.3			1.013867725385105
6675.200000000001			1.0033620234102532
6676.1			0.9719668917777091
6677.0			0.9317966408551633
6677.9			0.9191038525397309
6678.8			0.9455909149869628
6679.700000000001			0.9801444802571329
6680.6			0.9941036409132263
6681.5			0.9926949242949148
6682.4			0.991196163240681
6683.3			0.9945491465641373
6684.200000000001			0.9991322273114586
6685.1			1.00269517801604
6686.0			1.0041578016528374
6686.9			1.0036402452059319
6687.8			1.0057043663252878
6688.700000000001			1.0119574515293486
6689.6			1.0161483992076465
6690.5			1.017128232236569
6691.4			1.0184662628645036
6692.3			1.0190747003124978
6693.200000000001			1.0132362561112833
6694.1			1.0005107411878116
6695.0			0.9867684643784211
6695.9			0.9786737363442558
6696.8			0.9778088190264134
6697.700000000001			0.9808128285605483
6698.6			0.9872975057773372
6699.5			0.9969360491601389
6700.4			1.0031083805271743
6701.3			1.0018109544189735
6702.200000000001			0.994503483042906
6703.1			0.986365719231997
6704.0			0.9840454493979095
6704.9			0.9861110900194574
6705.8			0.9858727277121055
6706.700000000001			0.9792007443070534
6707.6			0.9697603763824422
6708.5			0.9655763539511362
6709.4			0.9689027305709887
6710.3			0.9759631766720221
6711.200000000001			0.9813482708836009
6712.1			0.9833187359478763
6713.0			0.9838357753649931
6713.9			0.9796925435452333
6714.8			0.9650384512035007
6715.700000000001			0.9394854717360717
6716.6			0.9186890078071984
6717.5			0.9242842708929918
6718.4			0.9544582877630055
6719.3			0.9855248930635222
6720.200000000001			1.001701663724539
6721.1			1.0047139382497994
6722.0			1.002291820046098
6722.9			0.998392115166443
6723.8			0.993949409456131
6724.700000000001			0.9885931577707663
6725.6			0.9826984560820753
6726.5			0.9777533493565305
6727.4			0.9764391829436426
6728.3			0.9794764289730157
6729.200000000001			0.9827127939358511
6730.1			0.9823883410782652
6731.0			0.9800010548601125
6731.9			0.9817394593263654
6732.8			0.9921221886851377
6733.700000000001			1.0023267043822925
6734.6			1.0006417216611248
6735.5			0.9939384801026802
6736.4			0.994623988197149
6737.3			1.0011705741320582
6738.200000000001			1.0021663272144787
6739.1			0.9974350988530403
6740.0			0.9946116765553322
6740.9			0.9920443184128481
6741.8			0.984143297375159
6742.700000000001			0.9758021998251531
6743.6			0.9727663303902557
6744.5			0.9715452194176253
6745.4			0.9712990681608306
6746.3			0.9756153935430553
6747.200000000001			0.9788089138833728
6748.1			0.9704636295284617
6749.0			0.9527425598636514
6749.9			0.9431215255440177
6750.8			0.9517016800941567
6751.700000000001			0.9688433623333498
6752.6			0.9828405313670363
6753.5			0.9904675531897528
6754.4			0.9892436601415058
6755.3			0.984614442883692
6756.200000000001			0.9873255067661362
6757.1			0.997263130048303
6758.0			1.0050006297738148
6758.9			1.0064146558272313
6759.8			1.0035660084697773
6760.700000000001			0.9986184857195342
6761.6			0.9978083249287188
6762.5			1.001640378290605
6763.4			1.0019265140242057
6764.3			0.9991256299060062
6765.200000000001			0.9924169466755404
6766.1			0.9747636525877379
6767.0			0.9543128655138416
6767.9			0.948994603764994
6768.8			0.9563098848953034
6769.700000000001			0.9620155457707619
6770.6			0.9640235946722028
6771.5			0.9685985074169826
6772.4			0.9775466230650944
6773.3			0.9870781832795723
6774.200000000001			0.9894988715381019
6775.1			0.9810078964489126
6776.0			0.9696130338775539
6776.9			0.9658069859390326
6777.8			0.9706504489146126
6778.700000000001			0.9811599467434147
6779.6			0.9947529859825631
6780.5			1.005232594080221
6781.4			1.0036055193814568
6782.3			0.991810859182113
6783.200000000001			0.981475129275984
6784.1			0.9793667936098822
6785.0			0.982298067162063
6785.9			0.9855377292977799
6786.8			0.9895840759302009
6787.700000000001			0.9934678592613904
6788.6			0.9971628445542583
6789.5			1.0022350761344165
6790.4			1.0067168042980283
6791.3			1.0059663974789204
6792.200000000001			1.0022662416634731
6793.1			1.0023710851516345
6794.0			1.004358863301804
6794.9			1.0015471578847859
6795.8			0.9969128589401312
6796.700000000001			0.9931386434253714
6797.6			0.9904637713846365
6798.5			0.9923628621498825
6799.4			0.9999111309698863
6800.3			1.00843018820819
6801.200000000001			1.0120589558518145
6802.1			1.0072677592343124
6803.0			1.0024415491898173
6803.9			1.0045114774081887
6804.8			1.0040424111006356
6805.700000000001			0.990880811536481
6806.6			0.9763254069230218
6807.5			0.9759091885548912
6808.4			0.9831357149000406
6809.3			0.9850069250610535
6810.200000000001			0.9831567998626485
6811.1			0.9886209280623711
6812.0			1.0001891139748993
6812.9			1.0055435738334841
6813.8			0.9987456166246524
6814.700000000001			0.985225869653726
6815.6			0.9734454596999977
6816.5			0.9692281693163382
6817.4			0.9739551618485892
6818.3			0.9821305959908485
6819.200000000001			0.9864879383306475
6820.1			0.9898981480242526
6821.0			0.9970252374903822
6821.9			1.0050716889515456
6822.8			1.0105049377258022
6823.700000000001			1.0134591786941411
6824.6			1.0146154859994139
6825.5			1.0143914613063918
6826.4			1.007796434443697
6827.3			0.9951972710340431
6828.200000000001			0.9874388698580253
6829.1			0.9915966084724597
6830.0			0.9989647742363548
6830.9			1.0009336457995606
6831.8			1.000484876643763
6832.700000000001			1.0001231066484297
6833.6			1.0000831494634972
6834.5			1.0
6835.4			1.0
6836.3			1.0
6837.200000000001			1.0
6838.1			1.0
6839.0			1.0
6839.9			1.0
6840.8			1.0
6841.700000000001			1.0
6842.6			1.0
6843.5			1.0
6844.4			1.0
6845.3			1.0
6846.200000000001			1.0
6847.1			1.0
6848.0			1.0
6848.9			1.0
6849.8			1.0
6850.700000000001			1.0
6851.6			1.0
6852.5			1.0
6853.4			1.0
6854.3			1.0
6855.200000000001			1.0
6856.1			1.0
6857.0			1.0
6857.9			1.0
6858.8			1.0
6859.700000000001			1.0
6860.6			1.0
6861.5			1.0
6862.4			1.0
6863.3			1.0
6864.200000000001			1.0
6865.1			1.0
6866.0			1.0
6866.9			1.0
6867.8			1.0
6868.700000000001			1.0
6869.6			1.0
6870.5			1.0
6871.4			1.0
6872.3			1.0
6873.200000000001			1.0
6874.1			1.0
6875.0			1.0
6875.9			1.0
6876.8			1.0
6877.700000000001			1.0
6878.6			1.0
6879.5			1.0
6880.4			1.0
6881.3			1.0
6882.200000000001			1.0
6883.1			1.0
6884.0			1.0
6884.9			1.0
6885.8			1.0
6886.700000000001			1.0
6887.6			1.0
6888.5			1.0
6889.4			1.0
6890.3			1.0
6891.200000000001			1.0
6892.1			1.0
6893.0			1.0
6893.9			1.0
6894.8			1.0
6895.700000000001			1.0
6896.6			1.0
6897.5			1.0
6898.4			1.0
6899.3			1.0
6900.200000000001			1.0
6901.1			1.0
6902.0			1.0
6902.9			1.0
6903.8			1.0
6904.700000000001			1.0
6905.6			1.0
6906.5			1.0
6907.4			1.0
6908.3			1.0
6909.200000000001			1.0
6910.1			1.0
6911.0			1.0
6911.9			1.0
6912.8			1.0
6913.700000000001			1.0
6914.6			1.0
6915.5			1.0
6916.4			1.0
6917.3			1.0
6918.200000000001			1.0
6919.1			1.0
6920.0			1.0
6920.9			1.0
6921.8			1.0
6922.700000000001			1.0
6923.6			1.0
6924.5			1.0
6925.4			1.0
6926.3			1.0
6927.200000000001			1.0
6928.1			1.0
6929.0			1.0
6929.9			1.0
6930.8			1.0
6931.700000000001			1.0
6932.6			1.0
6933.5			1.0
6934.4			1.0
6935.3			1.0
6936.200000000001			1.0
6937.1			1.0
6938.0			1.0
6938.9			1.0
6939.8			1.0
6940.700000000001			1.0
6941.6			1.0
6942.5			1.0
6943.4			1.0
6944.3			1.0
6945.200000000001			1.0
6946.1			1.0
6947.0			1.0
6947.9			1.0
6948.8			1.0
6949.700000000001			1.0
6950.6			1.0
6951.5			1.0
6952.4			1.0
6953.3			1.0
6954.200000000001			1.0
6955.1			1.0
6956.0			1.0
6956.9			1.0
6957.8			1.0
6958.700000000001			1.0
6959.6			1.0
6960.5			1.0
6961.4			1.0
6962.3			1.0
6963.200000000001			1.0
6964.1			1.0
6965.0			1.0
6965.9			1.0
6966.8			1.0
6967.700000000001			1.0
6968.6			1.0
6969.5			1.0
6970.4			1.0
6971.3			1.0
6972.200000000001			1.0
6973.1			1.0
6974.0			1.0
6974.9			1.0
6975.8			1.0
6976.700000000001			1.0
6977.6			1.0
6978.5			1.0
6979.4			1.0
6980.3			1.0
6981.200000000001			1.0
6982.1			1.0
6983.0			1.0
6983.9			1.0
6984.8			1.0
6985.700000000001			1.0
6986.6			1.0
6987.5			1.0
6988.4			1.0
6989.3			1.0
6990.200000000001			1.0
6991.1			1.0
6992.0			1.0
6992.9			1.0
6993.8			1.0
6994.700000000001			1.0
6995.6			1.0
6996.5			1.0
6997.4			1.0
6998.3			1.0
6999.200000000001			1.0
7000.1			1.0
7001.0			1.0
7001.9			1.0
7002.8			1.0
7003.700000000001			1.0
7004.6			1.0
7005.5			1.0
7006.4			1.0
7007.3			1.0
7008.200000000001			1.0
7009.1			1.0
7010.0			1.0
7010.9			1.0
7011.8			1.0
7012.700000000001			1.0
7013.6			1.0
7014.5			1.0
7015.4			1.0
7016.3			1.0
7017.200000000001			1.0
7018.1			1.0
7019.0			1.0
7019.9			1.0
7020.8			1.0
7021.700000000001			1.0
7022.6			1.0
7023.5			1.0
7024.4			1.0
7025.3			1.0
7026.200000000001			1.0
7027.1			1.0
7028.0			1.0
7028.9			1.0
7029.8			1.0
7030.700000000001			1.0
7031.6			1.0
7032.5			1.0
7033.4			1.0
7034.3			1.0
7035.200000000001			1.0
7036.1			1.0
7037.0			1.0
7037.9			1.0
7038.8			1.0
7039.700000000001			1.0
7040.6			1.0
7041.5			1.0
7042.4			1.0
7043.3			1.0
7044.200000000001			1.0
7045.1			1.0
7046.0			1.0
7046.9			1.0
7047.8			1.0
7048.700000000001			1.0
7049.6			1.0
7050.5			1.0
7051.4			1.0
7052.3			1.0
7053.200000000001			1.0
7054.1			1.0
7055.0			1.0
7055.9			1.0
7056.8			1.0
7057.700000000001			1.0
7058.6			1.0
7059.5			1.0
7060.4			1.0
7061.3			1.0
7062.200000000001			1.0
7063.1			1.0
7064.0			1.0
7064.9			1.0
7065.8			1.0
7066.700000000001			1.0
7067.6			1.0
7068.5			1.0
7069.4			1.0
7070.3			1.0
7071.200000000001			1.0
7072.1			1.0
7073.0			1.0
7073.9			1.0
7074.8			1.0
7075.700000000001			1.0
7076.6			1.0
7077.5			1.0
7078.4			1.0
7079.3			1.0
7080.200000000001			1.0
7081.1			1.0
7082.0			1.0
7082.9			1.0
7083.8			1.0
7084.700000000001			1.0
7085.6			1.0
7086.5			1.0
7087.4			1.0
7088.3			1.0
7089.200000000001			1.0
7090.1			1.0
7091.0			1.0
7091.9			1.0
7092.8			1.0
7093.700000000001			1.0
7094.6			1.0
7095.5			1.0
7096.4			1.0
7097.3			1.0
7098.200000000001			1.0
7099.1			1.0
7100.0			1.0
7100.9			1.0
7101.8			1.0
7102.700000000001			1.0
7103.6			1.0
7104.5			1.0
7105.4			1.0
7106.3			1.0
7107.200000000001			1.0
7108.1			1.0
7109.0			1.0
7109.9			1.0
7110.8			1.0
7111.700000000001			1.0
7112.6			1.0
7113.5			1.0
7114.4			1.0
7115.3			1.0
7116.200000000001			1.0
7117.1			1.0
7118.0			1.0
7118.9			1.0
7119.8			1.0
7120.700000000001			1.0
7121.6			1.0
7122.5			1.0
7123.4			1.0
7124.3			1.0
7125.200000000001			1.0
7126.1			1.0
7127.0			1.0
7127.9			1.0
7128.8			1.0
7129.700000000001			1.0
7130.6			1.0
7131.5			1.0
7132.4			1.0
7133.3			1.0
7134.200000000001			1.0
7135.1			1.0
7136.0			1.0
7136.9			1.0
7137.8			1.0
7138.700000000001			1.0
7139.6			1.0
7140.5			1.0
7141.4			1.0
7142.3			1.0
7143.200000000001			1.0
7144.1			1.0
7145.0			1.0
7145.9			1.0
7146.8			1.0
7147.700000000001			1.0
7148.6			1.0
7149.5			1.0
7150.4			1.0
7151.3			1.0
7152.200000000001			1.0
7153.1			1.0
7154.0			1.0
7154.9			1.0
7155.8			1.0
7156.700000000001			1.0
7157.6			1.0
7158.5			1.0
7159.4			1.0
7160.3			1.0
7161.200000000001			1.0
7162.1			1.0
7163.0			1.0
7163.9			1.0
7164.8			1.0
7165.700000000001			1.0
7166.6			1.0
7167.5			1.0
7168.4			1.0
7169.3			1.0
7170.200000000001			1.0
7171.1			1.0
7172.0			1.0
7172.9			1.0
7173.8			1.0
7174.700000000001			1.0
7175.6			1.0
7176.5			1.0
7177.4			1.0
7178.3			1.0
7179.200000000001			1.0
7180.1			1.0
7181.0			1.0
7181.9			1.0
7182.8			1.0
7183.700000000001			1.0
7184.6			1.0
7185.5			1.0
7186.4			1.0
7187.3			1.0
7188.200000000001			1.0
7189.1			1.0
7190.0			1.0
7190.9			1.0
7191.8			1.0
7192.700000000001			1.0
7193.6			1.0
7194.5			1.0
7195.4			1.0
7196.3			1.0
7197.200000000001			1.0
7198.1			1.0
7199.0			1.0
7199.9			1.0
7200.8			1.0
7201.700000000001			1.0
7202.6			1.0
7203.5			1.0
7204.4			1.0
7205.3			1.0
7206.200000000001			1.0
7207.1			1.0
7208.0			1.0
7208.9			1.0
7209.8			1.0
7210.700000000001			1.0
7211.6			1.0
7212.5			1.0
7213.4			1.0
7214.3			1.0
7215.200000000001			1.0
7216.1			1.0
7217.0			1.0
7217.9			1.0
7218.8			1.0
7219.700000000001			1.0
7220.6			1.0
7221.5			1.0
7222.4			1.0
7223.3			1.0
7224.200000000001			1.0
7225.1			1.0
7226.0			1.0
7226.9			1.0
7227.8			1.0
7228.700000000001			1.0
7229.6			1.0
7230.5			1.0
7231.4			1.0
7232.3			1.0
7233.200000000001			1.0
7234.1			1.0
7235.0			1.0
7235.9			1.0
7236.8			1.0
7237.700000000001			1.0
7238.6			1.0
7239.5			1.0
7240.4			1.0
7241.3			1.0
7242.200000000001			1.0
7243.1			1.0
7244.0			1.0
7244.9			1.0
7245.8			1.0
7246.700000000001			1.0
7247.6			1.0
7248.5			1.0
7249.4			1.0
7250.3			1.0
7251.200000000001			1.0
7252.1			1.0
7253.0			1.0
7253.9			1.0
7254.8			1.0
7255.700000000001			1.0
7256.6			1.0
7257.5			1.0
7258.4			1.0
7259.3			1.0
7260.200000000001			1.0
7261.1			1.0
7262.0			1.0
7262.9			1.0
7263.8			1.0
7264.700000000001			1.0
7265.6			1.0
7266.5			1.0
7267.4			1.0
7268.3			1.0
7269.200000000001			1.0
7270.1			1.0
7271.0			1.0
7271.9			1.0
7272.8			1.0
7273.700000000001			1.0
7274.6			1.0
7275.5			1.0
7276.4			1.0
7277.3			1.0
7278.200000000001			1.0
7279.1			1.0
7280.0			1.0
7280.9			1.0
7281.8			1.0
7282.700000000001			1.0
7283.6			1.0
7284.5			1.0
7285.4			1.0
7286.3			1.0
7287.200000000001			1.0
7288.1			1.0
7289.0			1.0
7289.9			1.0
7290.8			1.0
7291.700000000001			1.0
7292.6			1.0
7293.5			1.0
7294.4			1.0
7295.3			1.0
7296.200000000001			1.0
7297.1			1.0
7298.0			1.0
7298.9			1.0
7299.8			1.0
7300.700000000001			1.0
7301.6			1.0
7302.5			1.0
7303.4			1.0
7304.3			1.0
7305.200000000001			1.0
7306.1			1.0
7307.0			1.0
7307.9			1.0
7308.8			1.0
7309.700000000001			1.0
7310.6			1.0
7311.5			1.0
7312.4			1.0
7313.3			1.0
7314.200000000001			1.0
7315.1			1.0
7316.0			1.0
7316.9			1.0
7317.8			1.0
7318.700000000001			1.0
7319.6			1.0
7320.5			1.0
7321.4			1.0
7322.3			1.0
7323.200000000001			1.0
7324.1			1.0
7325.0			1.0
7325.9			1.0
7326.8			1.0
7327.700000000001			1.0
7328.6			1.0
7329.5			1.0
7330.4			1.0
7331.3			1.0
7332.200000000001			1.0
7333.1			1.0
7334.0			1.0
7334.9			1.0
7335.8			1.0
7336.700000000001			1.0
7337.6			1.0
7338.5			1.0
7339.4			1.0
7340.3			1.0
7341.200000000001			1.0
7342.1			1.0
7343.0			1.0
7343.9			1.0
7344.8			1.0
7345.700000000001			1.0
7346.6			1.0
7347.5			1.0
7348.4			1.0
7349.3			1.0
7350.200000000001			1.0
7351.1			1.0
7352.0			1.0
7352.9			1.0
7353.8			1.0
7354.700000000001			1.0
7355.6			1.0
7356.5			1.0
7357.4			1.0
7358.3			1.0
7359.200000000001			1.0
7360.1			1.0
7361.0			1.0
7361.9			1.0
7362.8			1.0
7363.700000000001			1.0
7364.6			1.0
7365.5			1.0
7366.4			1.0
7367.3			1.0
7368.200000000001			1.0
7369.1			1.0
7370.0			1.0
7370.9			1.0
7371.8			1.0
7372.700000000001			1.0
7373.6			1.0
7374.5			1.0
7375.4			1.0
7376.3			1.0
7377.200000000001			1.0
7378.1			1.0
7379.0			1.0
7379.9			1.0
7380.8			1.0
7381.700000000001			1.0
7382.6			1.0
7383.5			1.0
7384.4			1.0
7385.3			1.0
7386.200000000001			1.0
7387.1			1.0
7388.0			1.0
7388.9			1.0
7389.8			1.0
7390.700000000001			1.0
7391.6			1.0
7392.5			1.0
7393.4			1.0
7394.3			1.0
7395.200000000001			1.0
7396.1			1.0
7397.0			1.0
7397.9			1.0
7398.8			1.0
7399.700000000001			1.0
7400.6			1.0
7401.5			1.0
7402.4			1.0
7403.3			1.0
7404.200000000001			1.0
7405.1			1.0
7406.0			1.0
7406.9			1.0
7407.8			1.0
7408.700000000001			1.0
7409.6			1.0
7410.5			1.0
7411.4			1.0
7412.3			1.0
7413.200000000001			1.0
7414.1			1.0
7415.0			1.0
7415.9			1.0
7416.8			1.0
7417.700000000001			1.0
7418.6			1.0
7419.5			1.0
7420.4			1.0
7421.3			1.0
7422.200000000001			1.0
7423.1			1.0
7424.0			1.0
7424.9			1.0
7425.8			1.0
7426.700000000001			1.0
7427.6			1.0
7428.5			1.0
7429.4			1.0
