3500.0			1.0
3500.9			1.0
3501.8			1.0
3502.7			1.0
3503.6			1.0
3504.5			1.0
3505.4			1.0
3506.3			1.0
3507.2			1.0
3508.1			1.0
3509.0			1.0
3509.9			1.0
3510.8			1.0
3511.7			1.0
3512.6			1.0
3513.5			1.0
3514.4			1.0
3515.3			1.0
3516.2			1.0
3517.1			1.0
3518.0			1.0
3518.9			1.0
3519.8			1.0
3520.7			1.0
3521.6			1.0
3522.5			1.0
3523.4			1.0
3524.3			1.0
3525.2			1.0
3526.1			1.0
3527.0			1.0
3527.9			1.0
3528.8			1.0
3529.7			1.0
3530.6			1.0
3531.5			1.0
3532.4			1.0
3533.3			1.0
3534.2			1.0
3535.1			1.0
3536.0			1.0
3536.9			1.0
3537.8			1.0
3538.7			1.0
3539.6			1.0
3540.5			1.0
3541.4			1.0
3542.3			1.0
3543.2			1.0
3544.1			1.0
3545.0			1.0
3545.9			1.0
3546.8			1.0
3547.7			1.0
3548.6			1.0
3549.5			1.0
3550.4			1.0
3551.3			1.0
3552.2			1.0
3553.1			1.0
3554.0			1.0
3554.9			1.0
3555.8			1.0
3556.7			1.0
3557.6			1.0
3558.5			1.0
3559.4			1.0
3560.3			1.0
3561.2			1.0
3562.1			1.0
3563.0			1.0
3563.9			1.0
3564.8			1.0
3565.7			1.0
3566.6			1.0
3567.5			1.0
3568.4			1.0
3569.3			1.0
3570.2			1.0
3571.1			1.0
3572.0			1.0
3572.9			1.0
3573.8			1.0
3574.7			1.0
3575.6			1.0
3576.5			1.0
3577.4			1.0
3578.3			1.0
3579.2			1.0
3580.1			1.0
3581.0			1.0
3581.9			1.0
3582.8			1.0
3583.7			1.0
3584.6			1.0
3585.5			1.0
3586.4			1.0
3587.3			1.0
3588.2			1.0
3589.1			1.0
3590.0			1.0
3590.9			1.0
3591.8			1.0
3592.7			1.0
3593.6			1.0
3594.5			1.0
3595.4			1.0
3596.3			1.0
3597.2			1.0
3598.1			1.0
3599.0			1.0
3599.9			1.0
3600.8			1.0
3601.7			1.0
3602.6			1.0
3603.5			1.0
3604.4			1.0
3605.3			1.0
3606.2			1.0
3607.1			1.0
3608.0			1.0
3608.9			1.0
3609.8			1.0
3610.7			1.0
3611.6			1.0
3612.5			1.0
3613.4			1.0
3614.3			1.0
3615.2			1.0
3616.1			1.0
3617.0			1.0
3617.9			1.0
3618.8			1.0
3619.7			1.0
3620.6			1.0
3621.5			1.0
3622.4			1.0
3623.3			1.0
3624.2			1.0
3625.1			1.0
3626.0			1.0
3626.9			1.0
3627.8			1.0
3628.7			1.0
3629.6			1.0
3630.5			1.0
3631.4			1.0
3632.3			1.0
3633.2			1.0
3634.1			1.0
3635.0			1.0
3635.9			1.0
3636.8			1.0
3637.7			1.0
3638.6			1.0
3639.5			1.0
3640.4			1.0
3641.3			1.0
3642.2			1.0
3643.1			1.0
3644.0			1.0
3644.9			1.0
3645.8			1.0
3646.7			1.0
3647.6			1.0
3648.5			1.0
3649.4			1.0
3650.3			1.0
3651.2			1.0
3652.1			1.0
3653.0			1.0
3653.9			1.0
3654.8			1.0
3655.7			1.0
3656.6			1.0
3657.5			1.0
3658.4			1.0
3659.3			1.0
3660.2			1.0
3661.1			1.0
3662.0			1.0
3662.9			1.0
3663.8			1.0
3664.7			1.0
3665.6			1.0
3666.5			1.0
3667.4			1.0
3668.3			1.0
3669.2			1.0
3670.1			1.0
3671.0			1.0
3671.9			1.0
3672.8			1.0
3673.7			1.0
3674.6			1.0
3675.5			1.0
3676.4			1.0
3677.3			1.0
3678.2			1.0
3679.1			1.0
3680.0			1.0
3680.9			1.0
3681.8			1.0
3682.7			1.0
3683.6			1.0
3684.5			1.0
3685.4			1.0
3686.3			1.0
3687.2			1.0
3688.1			1.0
3689.0			1.0
3689.9			1.0
3690.8			1.0
3691.7			1.0
3692.6			1.0
3693.5			1.0
3694.4			1.0
3695.3			1.0
3696.2			1.0
3697.1			1.0
3698.0			1.0
3698.9			1.0
3699.8			1.0
3700.7			1.0
3701.6			1.0
3702.5			1.0
3703.4			1.0
3704.3			1.0
3705.2			1.0
3706.1			1.0
3707.0			1.0
3707.9			1.0
3708.8			1.0
3709.7			1.0
3710.6			1.0
3711.5			1.0
3712.4			1.0
3713.3			1.0
3714.2			1.0
3715.1			1.0
3716.0			1.0
3716.9			1.0
3717.8			1.0
3718.7			1.0
3719.6			1.0
3720.5			1.0
3721.4			1.0
3722.3			1.0
3723.2			1.0
3724.1			1.0
3725.0			1.0
3725.9			1.0
3726.8			1.0
3727.7			1.0
3728.6			1.0
3729.5			1.0
3730.4			1.0
3731.3			1.0
3732.2			1.0
3733.1			1.0
3734.0			1.0
3734.9			1.0
3735.8			1.0
3736.7			1.0
3737.6			1.0
3738.5			1.0
3739.4			1.0
3740.3			1.0
3741.2			1.0
3742.1			1.0
3743.0			1.0
3743.9			1.0
3744.8			1.0
3745.7			1.0
3746.6			1.0
3747.5			1.0
3748.4			1.0
3749.3			1.0
3750.2			1.0
3751.1			1.0
3752.0			1.0
3752.9			1.0
3753.8			1.0
3754.7			1.0
3755.6			1.0
3756.5			1.0
3757.4			1.0
3758.3			1.0
3759.2			1.0
3760.1			1.0
3761.0			1.0
3761.9			1.0
3762.8			1.0
3763.7			1.0
3764.6			1.0
3765.5			1.0
3766.4			1.0
3767.3			1.0
3768.2			1.0
3769.1			1.0
3770.0			1.0
3770.9			1.0
3771.8			1.0
3772.7			1.0
3773.6			1.0
3774.5			1.0
3775.4			1.0
3776.3			1.0
3777.2			1.0
3778.1			1.0
3779.0			1.0
3779.9			1.0
3780.8			1.0
3781.7			1.0
3782.6			1.0
3783.5			1.0
3784.4			1.0
3785.3			1.0
3786.2			1.0
3787.1			1.0
3788.0			1.0
3788.9			1.0
3789.8			1.0
3790.7			1.0
3791.6			1.0
3792.5			1.0
3793.4			1.0
3794.3			1.0
3795.2			1.0
3796.1			1.0
3797.0			1.0
3797.9			1.0
3798.8			1.0
3799.7			1.0
3800.6			1.0
3801.5			1.0
3802.4			1.0
3803.3			1.0
3804.2			1.0
3805.1			1.0
3806.0			1.0
3806.9			1.0
3807.8			1.0
3808.7			1.0
3809.6			1.0
3810.5			1.0
3811.4			1.0
3812.3			1.0
3813.2			1.0
3814.1			1.0
3815.0			1.0
3815.9			1.0
3816.8			1.0
3817.7			1.0
3818.6			1.0
3819.5			1.0
3820.4			1.0
3821.3			1.0
3822.2			1.0
3823.1			1.0
3824.0			1.0
3824.9			1.0
3825.8			1.0
3826.7			1.0
3827.6			1.0
3828.5			1.0
3829.4			1.0
3830.3			1.0
3831.2			1.0
3832.1			1.0
3833.0			1.0
3833.9			1.0
3834.8			1.0
3835.7			1.0
3836.6			1.0
3837.5			1.0
3838.4			1.0
3839.3			1.0
3840.2			1.0
3841.1			1.0
3842.0			1.0
3842.9			1.0
3843.8			1.0
3844.7			1.0
3845.6			1.0
3846.5			1.0
3847.4			1.0
3848.3			1.0
3849.2			1.0
3850.1			1.0
3851.0			1.0
3851.9			1.0
3852.8			1.0
3853.7			1.0
3854.6			1.0
3855.5			1.0
3856.4			1.0
3857.3			1.0
3858.2			1.0
3859.1			1.0
3860.0			1.0
3860.9			1.0
3861.8			1.0
3862.7			1.0
3863.6			1.0
3864.5			1.0
3865.4			1.0
3866.3			1.0
3867.2			1.0
3868.1			1.0
3869.0			1.0
3869.9			1.0
3870.8			1.0
3871.7			1.0
3872.6			1.0
3873.5			1.0
3874.4			1.0
3875.3			1.0
3876.2			1.0
3877.1			1.0
3878.0			1.0
3878.9			1.0
3879.8			1.0
3880.7			1.0
3881.6			1.0
3882.5			1.0
3883.4			1.0
3884.3			1.0
3885.2			1.0
3886.1			1.0
3887.0			1.0
3887.9			1.0
3888.8			1.0
3889.7			1.0
3890.6			1.0
3891.5			1.0
3892.4			1.0
3893.3			1.0
3894.2			1.0
3895.1			1.0
3896.0			1.0
3896.9			1.0
3897.8			1.0
3898.7			1.0
3899.6			1.0
3900.5			1.0
3901.4			1.0
3902.3			1.0
3903.2			1.0
3904.1			1.0
3905.0			1.0
3905.9			1.0
3906.8			1.0
3907.7			1.0
3908.6			1.0
3909.5			1.0
3910.4			1.0
3911.3			1.0
3912.2			1.0
3913.1			1.0
3914.0			1.0
3914.9			1.0
3915.8			1.0
3916.7			1.0
3917.6			1.0
3918.5			1.0
3919.4			1.0
3920.3			1.0
3921.2			1.0
3922.1			1.0
3923.0			1.0
3923.9			1.0
3924.8			1.0
3925.7			1.0
3926.6			1.0
3927.5			1.0
3928.4			1.0
3929.3			1.0
3930.2			1.0
3931.1			1.0
3932.0			1.0
3932.9			1.0
3933.8			1.0
3934.7			1.0
3935.6			1.0
3936.5			1.0
3937.4			1.0
3938.3			1.0
3939.2			1.0
3940.1			1.0
3941.0			1.0
3941.9			1.0
3942.8			1.0
3943.7			1.0
3944.6			1.0
3945.5			1.0
3946.4			1.0
3947.3			1.0
3948.2			1.0
3949.1			1.0
3950.0			1.0
3950.9			1.0
3951.8			1.0
3952.7			1.0
3953.6			1.0
3954.5			1.0
3955.4			1.0
3956.3			1.0
3957.2			1.0
3958.1			1.0
3959.0			1.0
3959.9			1.0
3960.8			1.0
3961.7			1.0
3962.6			1.0
3963.5			1.0
3964.4			1.0
3965.3			1.0
3966.2			1.0
3967.1			1.0
3968.0			1.0
3968.9			1.0
3969.8			1.0
3970.7			1.0
3971.6			1.0
3972.5			1.0
3973.4			1.0
3974.3			1.0
3975.2			1.0
3976.1			1.0
3977.0			1.0
3977.9			1.0
3978.8			1.0
3979.7			1.0
3980.6			1.0
3981.5			1.0
3982.4			1.0
3983.3			1.0
3984.2			1.0
3985.1			1.0
3986.0			1.0
3986.9			1.0
3987.8			1.0
3988.7			1.0
3989.6			1.0
3990.5			1.0
3991.4			1.0
3992.3			1.0
3993.2			1.0
3994.1			1.0
3995.0			1.0
3995.9			1.0
3996.8			1.0
3997.7			1.0
3998.6			1.0
3999.5			1.0
4000.4			1.0
4001.3			1.0
4002.2			1.0
4003.1			1.0306492184142209
4004.0			0.9571648885276893
4004.9			0.8105236017538067
4005.8			0.7480102503926512
4006.7			0.8240750112463793
4007.6			0.9387873521130967
4008.5			1.002645110959224
4009.4			1.0
4010.3			1.0
4011.2			1.0
4012.1			1.0
4013.0			1.0
4013.9			1.0
4014.8			1.0
4015.7			1.0
4016.6			1.0
4017.5			1.0
4018.4			1.0
4019.3			1.0
4020.2			1.0
4021.1			1.0
4022.0			1.0
4022.9			1.0
4023.8			1.0
4024.7			1.0
4025.6			1.0
4026.5			1.047665739372107
4027.4			1.0910456817407606
4028.3			1.1194092618324085
4029.2			1.064313297010068
4030.1			0.9115346446472335
4031.0			0.7920526454739872
4031.9			0.7630275773999103
4032.8			0.761997289774299
4033.7			0.7675369845700236
4034.6			0.7929763420594556
4035.5			0.8472216523490138
4036.4			0.9294630341190175
4037.3			1.0026057070455359
4038.2			1.0
4039.1			1.0
4040.0			1.0
4040.9			1.0
4041.8			1.0
4042.7			1.0258963044690435
4043.6			0.9290958179184292
4044.5			0.7429629685249549
4045.4			0.6046147926969654
4046.3			0.6573752300178112
4047.2			0.854522270720101
4048.1			0.9983859408163503
4049.0			1.0
4049.9			1.0
4050.8			1.0
4051.7			1.0
4052.6			1.0
4053.5			1.0
4054.4			1.0
4055.3			1.0
4056.2			1.0
4057.1			1.0
4058.0			1.0
4058.9			1.0
4059.8			1.0
4060.7			1.071986551307894
4061.6			1.0273280581995854
4062.5			0.8722019302033108
4063.4			0.7422725465980424
4064.3			0.789678350832689
4065.2			0.9391577612718257
4066.1			0.9974268857285323
4067.0			1.0
4067.9			1.0
4068.8			1.0
4069.7			1.0
4070.6			1.0
4071.5			1.0
4072.4			1.0
4073.3			1.0960674248762845
4074.2			1.102820320456148
4075.1			0.9960254439165819
4076.0			0.8513526581257961
4076.9			0.7448007785285369
4077.8			0.7315407956454614
4078.7			0.8013040726007263
4079.6			0.9000278480463548
4080.5			0.985461655419449
4081.4			1.0
4082.3			1.0
4083.2			1.0
4084.1			1.0
4085.0			1.0
4085.9			1.0
4086.8			1.0
4087.7			1.0
4088.6			1.0
4089.5			1.0
4090.4			1.0
4091.3			1.0
4092.2			1.0
4093.1			1.0
4094.0			1.0
4094.9			1.0
4095.8			1.0
4096.7			1.0
4097.6			1.0312210467588931
4098.5			1.0595978387491327
4099.4			1.0251185931298903
4100.3			0.9127912510711739
4101.2			0.8127968270221144
4102.1			0.8257622427937849
4103.0			0.908589845793239
4103.9			0.9651411022566615
4104.8			0.9976623747991715
4105.7			1.0
4106.6			1.0
4107.5			1.0
4108.4			1.0
4109.3			1.0
4110.2			1.0
4111.1			1.0
4112.0			1.0
4112.9			1.0
4113.8			1.0
4114.7			1.0
4115.6			1.0
4116.5			1.0
4117.4			1.0
4118.3			1.0
4119.2			1.0
4120.1			1.0
4121.0			1.0
4121.9			1.0
4122.8			1.0
4123.7			1.0
4124.6			1.0
4125.5			1.0
4126.4			1.0
4127.3			0.9605251723191539
4128.2			0.9331408251855869
4129.1			0.9191463807814183
4130.0			0.9185332249895521
4130.9			0.9002889022503744
4131.8			0.8405991883736034
4132.7			0.7948538231261154
4133.6			0.7907184544288797
4134.5			0.8332942112996261
4135.4			0.926316875082194
4136.3			0.9877833466164028
4137.2			0.9857316800764501
4138.1			0.984730310961447
4139.0			1.0
4139.9			1.0118595129940995
4140.8			0.9888346860673598
4141.7			0.8945215127200165
4142.6			0.753818735869968
4143.5			0.6857192895395771
4144.4			0.7618640415707755
4145.3			0.8940949872956414
4146.2			0.9716570800711581
4147.1			0.9959678480660444
4148.0			1.0
4148.9			1.0
4149.8			1.0
4150.7			1.0
4151.6			1.0
4152.5			1.0
4153.4			1.0
4154.3			1.0
4155.2			1.0
4156.1			1.0
4157.0			1.0
4157.9			1.0
4158.8			1.0
4159.7			1.0
4160.6			1.0
4161.5			1.0
4162.4			1.0
4163.3			1.0
4164.2			1.0
4165.1			0.975059709813333
4166.0			0.9640825413514955
4166.9			0.9329406297198508
4167.8			0.9271748675852057
4168.7			0.9812053459790683
4169.6			1.0410373818953598
4170.5			1.0378653082430178
4171.4			0.9503900392334117
4172.3			0.8415153242283696
4173.2			0.8083150925578491
4174.1			0.8596291852865051
4175.0			0.9284823520637405
4175.9			0.9609689886831417
4176.8			0.9412160548339968
4177.7			0.9116907595938001
4178.6			0.9309517964367162
4179.5			0.9821370234141953
4180.4			1.0075236418917546
4181.3			0.9995317423862045
4182.2			1.0
4183.1			1.0
4184.0			1.0
4184.9			1.0
4185.8			1.0
4186.7			1.0
4187.6			1.0
4188.5			1.0389643464602705
4189.4			1.0904854264364106
4190.3			1.0883206023823864
4191.2			1.0673717346439848
4192.1			1.0952732448275326
4193.0			1.1506302638493577
4193.9			1.1444347579855965
4194.8			1.0497980711003445
4195.7			0.937075674548467
4196.6			0.8825768329564332
4197.5			0.8839586566566066
4198.4			0.9101509648146896
4199.3			0.9544616997693672
4200.2			0.9792278061787724
4201.1			0.9481697257479489
4202.0			0.9198163747967081
4202.9			0.9512919322656666
4203.8			0.9907157950250594
4204.7			1.0009148537997474
4205.6			1.0
4206.5			1.0
4207.4			1.0
4208.3			1.0
4209.2			1.0
4210.1			1.0
4211.0			1.0
4211.9			1.0
4212.8			0.9723468524343395
4213.7			0.8988382944521
4214.6			0.785089551067547
4215.5			0.7186587896354714
4216.4			0.7844082373033734
4217.3			0.9128235355928468
4218.2			0.9856469674612981
4219.1			1.0
4220.0			1.0
4220.9			1.0
4221.8			1.0
4222.7			0.9271311771230514
4223.6			0.8495629250847402
4224.5			0.7631484570770806
4225.4			0.6343442101982247
4226.3			0.514104379381575
4227.2			0.5440357162745102
4228.1			0.7357507670904226
4229.0			1.0
4229.9			1.0812489464745358
4230.8			1.1023941586853647
4231.7			1.0756553137389073
4232.6			1.0066202560587205
4233.5			0.9702777048868881
4234.4			0.971168524882522
4235.3			0.9290932250639398
4236.2			0.8681368077660789
4237.1			0.8687362757540921
4238.0			0.9094187945051603
4238.9			0.9332044530744775
4239.8			0.9544085084503283
4240.7			1.0028737287660496
4241.6			1.0285643884974291
4242.5			1.000771042509177
4243.4			1.0
4244.3			1.0
4245.2			1.0
4246.1			0.9645681544744021
4247.0			0.894566971143336
4247.9			0.8447571249651171
4248.8			0.8257817375790035
4249.7			0.8157880541901704
4250.6			0.8420907350612373
4251.5			0.9278050214137549
4252.4			1.0013668454932163
4253.3			0.9916105917618879
4254.2			1.0
4255.1			1.0
4256.0			1.0
4256.9			1.0752401757239296
4257.8			1.0392574976911102
4258.7			0.9145151019576032
4259.6			0.7998617724809153
4260.5			0.7476384800196837
4261.4			0.7912070382183148
4262.3			0.8965427078995736
4263.2			0.9703079828096044
4264.1			0.9838545914589648
4265.0			1.0
4265.9			1.0
4266.8			0.9657061825832441
4267.7			0.9045337384693742
4268.6			0.8720923594645288
4269.5			0.8369724931894751
4270.4			0.7428105317116589
4271.3			0.6397284939520941
4272.2			0.6338008430099281
4273.1			0.6975471416798829
4274.0			0.7260112981216484
4274.9			0.7410237235102243
4275.8			0.8149911629583821
4276.7			0.9220904462276722
4277.6			0.99915195470642
4278.5			1.0
4279.4			1.0
4280.3			1.0
4281.2			1.0
4282.1			1.0
4283.0			1.0
4283.9			1.0
4284.8			1.0
4285.7			1.0
4286.6			1.0
4287.5			1.022242612568886
4288.4			0.9697655921272451
4289.3			0.8590465027431835
4290.2			0.8037753337373662
4291.1			1.0
4292.0			1.1322219568778047
4292.9			1.219719259714312
4293.8			1.2048430210642156
4294.7			1.1548221383760526
4295.6			1.1294212401620451
4296.5			1.0922323382681798
4297.4			1.0172396926876675
4298.3			0.905369500806108
4299.2			0.7855325144082688
4300.1			0.7460642699212321
4301.0			0.8009471540918712
4301.9			0.8454570953562032
4302.8			0.8429897818126946
4303.7			0.8496823264506826
4304.6			0.8677100537077478
4305.5			0.8683185906238259
4306.4			0.8400823114366738
4307.3			0.7689098224269211
4308.2			0.7002551713093631
4309.1			0.7024991971075955
4310.0			0.7570887178953803
4310.9			0.8178554120689309
4311.8			0.8918041639251552
4312.7			0.9891925408520337
4313.6			1.0880298045474053
4314.5			1.2182156534795678
4315.4			1.433075856126468
4316.3			1.6501426431192345
4317.2			1.7435433536542022
4318.1			1.7337567010720825
4319.0			1.6996017417638667
4319.9			1.6542240792562992
4320.8			1.0
4321.7			0.9563310123008165
4322.6			0.8673543970295697
4323.5			0.7328204636146366
4324.4			0.611863922798411
4325.3			0.5624871417864336
4326.2			0.6301784892948885
4327.1			0.7929519700963401
4328.0			0.9452395720617615
4328.9			1.0008303847684017
4329.8			1.0
4330.7			1.0
4331.6			1.0
4332.5			1.0
4333.4			1.0
4334.3			1.0
4335.2			1.0407653104329302
4336.1			1.0098002956473624
4337.0			0.8951302913418443
4337.9			0.7919129251213002
4338.8			0.7375104993914998
4339.7			0.6957287551747737
4340.6			0.7032371843177707
4341.5			0.8058444357770489
4342.4			0.919698026107341
4343.3			0.9645324050791744
4344.2			0.9962034015184522
4345.1			1.0
4346.0			1.0
4346.9			1.0
4347.8			1.0
4348.7			1.0
4349.6			1.0192308791072755
4350.5			0.9216704286398422
4351.4			0.7920495409245174
4352.3			0.7717950735338315
4353.2			0.8657182587800051
4354.1			0.9559850312560493
4355.0			0.9932935399474799
4355.9			1.0
4356.8			1.0
4357.7			1.0
4358.6			1.0
4359.5			1.0
4360.4			1.0
4361.3			1.0
4362.2			1.0
4363.1			1.0
4364.0			1.0
4364.9			1.0
4365.8			1.0
4366.7			1.0
4367.6			1.0
4368.5			1.0
4369.4			1.0
4370.3			1.0
4371.2			1.0
4372.1			0.9952690672478905
4373.0			0.9430743846114025
4373.9			0.8555451464300742
4374.8			0.8022224398152167
4375.7			0.8340050632593824
4376.6			0.9242148122177972
4377.5			1.0014130892439168
4378.4			1.0
4379.3			1.0
4380.2			0.9895620660100859
4381.1			0.9691996565722004
4382.0			0.8661654991767357
4382.9			0.6755552315302202
4383.8			0.552800154949618
4384.7			0.6214278975851811
4385.6			0.8116962173986544
4386.5			0.9598271651999396
4387.4			1.0011285070630185
4388.3			1.0
4389.2			1.0
4390.1			1.0
4391.0			1.0
4391.9			1.0
4392.8			1.0
4393.7			1.0
4394.6			1.0
4395.5			1.0
4396.4			1.0
4397.3			1.0
4398.2			1.0
4399.1			0.9347152294469319
4400.0			0.8654627928908124
4400.9			0.8666179032133037
4401.8			0.9484326326924538
4402.7			0.9846582423827777
4403.6			0.8835654735196685
4404.5			0.7627825441425725
4405.4			0.7781395750417698
4406.3			0.8739268200763156
4407.2			0.9032550819611399
4408.1			0.8765475904097688
4409.0			0.905979011541739
4409.9			1.0015595233779147
4410.8			1.0
4411.7			1.0
4412.6			1.0223446403832341
4413.5			0.9871112885288612
4414.4			0.8842512508280892
4415.3			0.8166453714317075
4416.2			0.8505424553222936
4417.1			0.9263623756229652
4418.0			0.9938634269785773
4418.9			1.0
4419.8			1.0
4420.7			1.0
4421.6			1.0
4422.5			1.0
4423.4			1.0
4424.3			1.0
4425.2			1.0
4426.1			1.0
4427.0			1.0
4427.9			1.0
4428.8			1.0
4429.7			1.0
4430.6			1.0
4431.5			1.0
4432.4			1.0192561957142396
4433.3			0.9742335945983294
4434.2			0.8933119244249603
4435.1			0.8413840074141377
4436.0			0.8626237277836848
4436.9			0.9366762417924238
4437.8			1.005154631502882
4438.7			1.0
4439.6			1.0
4440.5			1.0
4441.4			1.0
4442.3			1.0
4443.2			1.0
4444.1			1.0
4445.0			1.0
4445.9			1.0
4446.8			1.0
4447.7			1.0
4448.6			1.0
4449.5			1.0
4450.4			1.0
4451.3			1.0
4452.2			1.013615517596809
4453.1			0.990485664144202
4454.0			0.9296232489459608
4454.9			0.8793568996935625
4455.8			0.8788351308500719
4456.7			0.9064865558999136
4457.6			0.9157107457388421
4458.5			0.9017842286791785
4459.4			0.8901825420891952
4460.3			0.8760792436514674
4461.2			0.8523559265557857
4462.1			0.8676582703695789
4463.0			0.9439973930873952
4463.9			1.011767725791601
4464.8			1.026321249667161
4465.7			1.0197530462800004
4466.6			1.0234385632256224
4467.5			1.0267170406403134
4468.4			1.009943162749678
4469.3			0.989127808546299
4470.2			0.998524859081968
4471.1			1.0
4472.0			1.0
4472.9			1.0
4473.8			1.0
4474.7			1.0
4475.6			1.0
4476.5			1.0
4477.4			1.02336221064278
4478.3			1.0085990712252078
4479.2			0.9450804258352358
4480.1			0.8711574837431819
4481.0			0.8282340629581404
4481.9			0.8346511909415412
4482.8			0.8873038486883724
4483.7			0.9533921120830264
4484.6			1.0001534391515874
4485.5			1.0
4486.4			1.0
4487.3			1.0
4488.2			1.0
4489.1			1.0
4490.0			1.0
4490.9			1.0
4491.8			1.0457494278603012
4492.7			1.0400416095061384
4493.6			0.9765749486322421
4494.5			0.9103109165994482
4495.4			0.8872952214040396
4496.3			0.9054417419928966
4497.2			0.9471985912159299
4498.1			0.986261727168581
4499.0			1.0022496925165296
4499.9			1.0
4500.8			1.0
4501.7			1.0
4502.6			1.0
4503.5			1.0
4504.4			1.0
4505.3			1.0
4506.2			1.0
4507.1			1.0
4508.0			1.0
4508.9			1.0
4509.8			1.0
4510.7			1.0
4511.6			1.0
4512.5			1.0
4513.4			1.0
4514.3			1.0
4515.2			1.0
4516.1			1.0
4517.0			0.9887268467701372
4517.9			0.9646755361326438
4518.8			0.9765406176850254
4519.7			1.0218905485500716
4520.6			1.0596005265639914
4521.5			1.047018127842976
4522.4			0.9951286459676709
4523.3			0.9709437178075835
4524.2			0.977429493538871
4525.1			0.9643951674725056
4526.0			0.9264672066842427
4526.9			0.8870313284966072
4527.8			0.8552600188323003
4528.7			0.8416705049820805
4529.6			0.8569504221834059
4530.5			0.8876263190091457
4531.4			0.9321373087309325
4532.3			0.9700747398759104
4533.2			0.9567129602820832
4534.1			0.9055301216335004
4535.0			0.8696355481425998
4535.9			1.0
4536.8			1.1100175402220502
4537.7			1.185048771411163
4538.6			1.1663286660538696
4539.5			1.1035288648644177
4540.4			1.0523633747705543
4541.3			1.0416822677941655
4542.2			1.0660987087347724
4543.1			1.0761732135081605
4544.0			1.0435083720944698
4544.9			1.008171454342445
4545.8			1.0085952865962307
4546.7			1.0252775359889004
4547.6			1.020347113930515
4548.5			0.9788770985561178
4549.4			0.9413551751770058
4550.3			0.9571559675301271
4551.2			0.9880109058770736
4552.1			0.9804642136742928
4553.0			0.9500180694481783
4553.9			0.9232929634092616
4554.8			0.9124285565622908
4555.7			0.931568009154073
4556.6			0.9792571214551048
4557.5			1.0211863104075647
4558.4			1.0290880199532326
4559.3			1.0135564404897848
4560.2			0.9992117867889397
4561.1			1.0
4562.0			1.003096421388859
4562.9			0.97175157768508
4563.8			0.9159625040863302
4564.7			0.8769230412701408
4565.6			0.8877381010474881
4566.5			0.9455257052787258
4567.4			0.9999557745805714
4568.3			1.0
4569.2			1.0
4570.1			1.0
4571.0			1.0
4571.9			1.0
4572.8			1.0
4573.7			1.0452210695693238
4574.6			1.0384773868334267
4575.5			1.0207731000358786
4576.4			1.0188560562426934
4577.3			1.0179859184565072
4578.2			0.9947342762726749
4579.1			0.9414028587402693
4580.0			0.8851635924065505
4580.9			1.0
4581.8			1.0285002913087298
4582.7			1.054973885142225
4583.6			1.0516820144015726
4584.5			1.0386492309355653
4585.4			1.024843317986894
4586.3			1.027394678305741
4587.2			1.0664706203116516
4588.1			1.1150450697783605
4589.0			1.1356218562192812
4589.9			1.1195618065932627
4590.8			1.0745977119989665
4591.7			1.0264470147029485
4592.6			1.0032381564402677
4593.5			0.9981483819580265
4594.4			0.9864122939492381
4595.3			0.9699828634147699
4596.2			0.9636111320830051
4597.1			0.9695138323682628
4598.0			0.9838102870291873
4598.9			0.9897641761388188
4599.8			0.9644652554446406
4600.7			0.9386281794122322
4601.6			0.9484670233724697
4602.5			0.9710210732150268
4603.4			0.9765981913836825
4604.3			0.9639552693497045
4605.2			0.9494854646234613
4606.1			0.9551442187257323
4607.0			0.9829203133157841
4607.9			1.0220004455070195
4608.8			1.0494243717185872
4609.7			1.041523321389183
4610.6			1.0048779637572087
4611.5			1.0
4612.4			1.0
4613.3			1.0
4614.2			1.0
4615.1			1.0
4616.0			1.0
4616.9			1.0
4617.8			1.0
4618.7			1.0
4619.6			1.0
4620.5			1.0
4621.4			1.0
4622.3			1.0
4623.2			1.0
4624.1			1.0
4625.0			1.0
4625.9			1.0
4626.8			1.0
4627.7			1.0
4628.6			1.0
4629.5			1.0
4630.4			1.0
4631.3			1.0
4632.2			1.0
4633.1			1.0
4634.0			1.0
4634.9			1.0
4635.8			1.0
4636.7			1.0
4637.6			1.0
4638.5			1.0
4639.4			1.0
4640.3			1.0
4641.2			1.0
4642.1			1.0
4643.0			0.9898840515911148
4643.9			0.9718876883754168
4644.8			0.9450427310247035
4645.7			0.9023581986013509
4646.6			0.8676505207199822
4647.5			0.8665193552208348
4648.4			0.8958807795745843
4649.3			0.937327266365285
4650.2			0.9708502844650717
4651.1			0.9879594941461474
4652.0			0.9986327121542348
4652.9			1.0
4653.8			1.0
4654.7			1.0
4655.6			1.0
4656.5			1.0
4657.4			1.0
4658.3			1.0
4659.2			1.0
4660.1			1.0
4661.0			1.0
4661.9			1.0
4662.8			0.964176259361409
4663.7			0.9598291016137339
4664.6			0.9690323939286848
4665.5			0.9411673968105605
4666.4			0.8640266785474188
4667.3			0.8015574355521526
4668.2			0.8102718728327482
4669.1			0.8699402505870144
4670.0			0.9370437406518003
4670.9			0.9864467955838614
4671.8			0.9994898425952623
4672.7			1.0
4673.6			1.0
4674.5			1.0
4675.4			1.0
4676.3			1.0319914390150606
4677.2			1.0262967302026018
4678.1			0.9877106216840432
4679.0			0.9464659819585222
4679.9			0.91957612150629
4680.8			0.9081753616029976
4681.7			0.9164383980457919
4682.6			0.9509316379516756
4683.5			0.9906994621882752
4684.4			1.0055642009396457
4685.3			1.0001492847319968
4686.2			1.0
4687.1			1.0
4688.0			1.0
4688.9			1.0
4689.8			1.0
4690.7			1.0
4691.6			1.0
4692.5			1.0
4693.4			1.0
4694.3			1.0
4695.2			1.0
4696.1			1.0102397588618657
4697.0			0.9807221849581637
4697.9			0.9204240864350736
4698.8			0.8834684491271307
4699.7			0.8901054146918068
4700.6			0.9054210367901602
4701.5			0.9026243676943335
4702.4			0.8882996152072553
4703.3			0.8861644914234645
4704.2			0.9065965316070838
4705.1			0.9270424083180748
4706.0			0.923550083929206
4706.9			0.8991653429301726
4707.8			0.8738515900005146
4708.7			0.8610178685232937
4709.6			0.8752419176328428
4710.5			0.9179972241310532
4711.4			0.9566765181920772
4712.3			0.9624761747064788
4713.2			0.9375436980235613
4714.1			0.9067680601425466
4715.0			0.909057092792337
4715.9			0.9497750353496093
4716.8			0.9844122113172118
4717.7			0.9952566585459622
4718.6			1.004848374761381
4719.5			1.0175444902407795
4720.4			1.0178303006784089
4721.3			1.0000720278684962
4722.2			1.0
4723.1			1.0034976340214636
4724.0			1.030341188010801
4724.9			1.0510238899020041
4725.8			1.0276482689013038
4726.7			0.9566174823853939
4727.6			0.8915478098974395
4728.5			0.8808744398444328
4729.4			0.9015630817872169
4730.3			0.9168609522826191
4731.2			0.9338491379460329
4732.1			0.9608498316665899
4733.0			0.9816338626060862
4733.9			0.999374511934353
4734.8			1.0
4735.7			1.0
4736.6			1.0
4737.5			1.0
4738.4			1.0
4739.3			1.0
4740.2			1.0
4741.1			1.0
4742.0			1.0
4742.9			1.0
4743.8			1.0
4744.7			1.0
4745.6			1.0
4746.5			1.0
4747.4			1.0
4748.3			1.0
4749.2			1.0
4750.1			1.0
4751.0			1.0
4751.9			1.0
4752.8			1.0
4753.7			1.0
4754.6			1.0
4755.5			1.0
4756.4			1.0
4757.3			1.0
4758.2			1.0
4759.1			1.0211162578495374
4760.0			1.0370336099234245
4760.9			1.019844119322479
4761.8			0.9755927004005389
4762.7			0.9447794333201555
4763.6			0.9407860408292577
4764.5			0.9354941624444552
4765.4			0.9235031432497854
4766.3			0.9294366248180355
4767.2			0.9598319136376333
4768.1			0.9967092328035795
4769.0			1.0344094142880031
4769.9			1.0541295937381119
4770.8			1.0327143923303255
4771.7			1.000465763976023
4772.6			1.0
4773.5			1.0
4774.4			1.0
4775.3			1.0
4776.2			1.0
4777.1			1.0
4778.0			1.0
4778.9			1.0
4779.8			1.0
4780.7			1.0
4781.6			1.0
4782.5			1.0
4783.4			1.0
4784.3			1.0
4785.2			1.0
4786.1			1.0
4787.0			1.0
4787.9			1.0
4788.8			1.0
4789.7			1.0
4790.6			1.0
4791.5			1.0
4792.4			1.0
4793.3			1.0
4794.2			1.0
4795.1			1.0
4796.0			0.9910992877576463
4796.9			0.9675849868619602
4797.8			0.9336825548509935
4798.7			0.9024891897610214
4799.6			0.8966301127387933
4800.5			0.923262074024771
4801.4			0.9676234058686393
4802.3			0.9995610639687249
4803.2			1.0020430323109673
4804.1			1.0
4805.0			1.0
4805.9			1.0
4806.8			1.0
4807.7			1.0
4808.6			1.0
4809.5			1.0
4810.4			1.0
4811.3			1.0
4812.2			1.0
4813.1			1.0
4814.0			1.0
4814.9			1.0
4815.8			1.0
4816.7			1.0
4817.6			1.0
4818.5			1.0
4819.4			1.0
4820.3			1.0
4821.2			1.0
4822.1			1.0
4823.0			1.0
4823.9			1.0
4824.8			1.0
4825.7			1.0
4826.6			1.0
4827.5			1.0
4828.4			1.0
4829.3			1.0
4830.2			1.0
4831.1			1.0
4832.0			1.0
4832.9			1.0
4833.8			1.0
4834.7			1.0
4835.6			1.0
4836.5			1.0
4837.4			1.0
4838.3			1.0
4839.2			1.0
4840.1			1.0
4841.0			1.0
4841.9			1.0
4842.8			1.0
4843.7			1.0
4844.6			1.0
4845.5			1.0
4846.4			1.0
4847.3			1.0
4848.2			1.0
4849.1			1.0
4850.0			1.0
4850.9			1.0
4851.8			1.0
4852.7			1.0
4853.6			1.0
4854.5			1.0
4855.4			1.0
4856.3			1.0
4857.2			1.0493635218871702
4858.1			1.0460735629580329
4859.0			0.9739444213386638
4859.9			0.8578515031978591
4860.8			0.760087774084449
4861.7			0.7722115349790418
4862.6			0.8811831335074582
4863.5			0.9665224872710968
4864.4			0.9991781801251564
4865.3			1.0
4866.2			1.0
4867.1			1.0
4868.0			1.0
4868.9			1.0040512279463607
4869.8			0.9828340256145937
4870.7			0.9258529009139717
4871.6			0.8936234073950619
4872.5			0.9272692361050066
4873.4			0.981141905125445
4874.3			1.0025487727209212
4875.2			1.0
4876.1			1.0
4877.0			1.0
4877.9			1.0
4878.8			1.0
4879.7			1.0
4880.6			1.0
4881.5			1.0
4882.4			1.0
4883.3			1.012198530807197
4884.2			0.985254494631483
4885.1			0.9365436828329405
4886.0			0.9110838416840724
4886.9			0.9158935267102755
4887.8			0.925367551408094
4888.7			0.9205816691716682
4889.6			0.8929640406343768
4890.5			0.8534771096495756
4891.4			0.8542126375531724
4892.3			0.9173530166721943
4893.2			0.9858386625533005
4894.1			1.02044765427244
4895.0			1.0289693160595936
4895.9			1.0240332984228349
4896.8			1.0165646280269327
4897.7			1.0039704524020854
4898.6			1.0
4899.5			1.0
4900.4			1.0
4901.3			1.0
4902.2			1.0
4903.1			1.0
4904.0			1.0
4904.9			1.0
4905.8			1.0
4906.7			0.9997808290425358
4907.6			0.9709754613166591
4908.5			0.9354705918079176
4909.4			0.9004652224103085
4910.3			0.8815280393423838
4911.2			0.8998904002316691
4912.1			0.9403692514526496
4913.0			0.971611177823927
4913.9			0.9966827916967241
4914.8			1.0
4915.7			1.0235797069919546
4916.6			1.0063337896541513
4917.5			0.947404645552366
4918.4			0.8762332128625766
4919.3			0.8273196409481046
4920.2			0.8250901212718423
4921.1			0.8784101882386184
4922.0			0.9538611251600774
4922.9			0.9927233276871267
4923.8			0.9883985564966307
4924.7			0.9967115754811169
4925.6			1.0
4926.5			1.0
4927.4			1.0
4928.3			1.0
4929.2			1.0
4930.1			1.0
4931.0			1.0
4931.9			1.0
4932.8			1.0
4933.7			1.0
4934.6			1.0124455773943644
4935.5			1.034211150812537
4936.4			1.0060217619112366
4937.3			0.9393899062720784
4938.2			0.8801978885122234
4939.1			0.8746321511723855
4940.0			0.9254930291191429
4940.9			0.9771803397621788
4941.8			0.9889247926960975
4942.7			1.0
4943.6			1.0
4944.5			1.0
4945.4			1.0
4946.3			1.0
4947.2			1.0
4948.1			1.0
4949.0			1.0
4949.9			1.0
4950.8			1.0
4951.7			1.0
4952.6			1.0
4953.5			1.0
4954.4			1.0
4955.3			1.0009204198247739
4956.2			0.9367851867256798
4957.1			0.856806473741664
4958.0			0.8753768298059839
4958.9			0.9872173103543432
4959.8			1.0
4960.7			1.0
4961.6			1.0
4962.5			1.0
4963.4			1.0
4964.3			1.0
4965.2			1.0
4966.1			1.0
4967.0			1.0
4967.9			1.0
4968.8			1.0
4969.7			1.0
4970.6			1.0
4971.5			1.0
4972.4			1.0
4973.3			1.0
4974.2			1.0
4975.1			1.0
4976.0			1.0
4976.9			1.0
4977.8			0.978352191487145
4978.7			0.9663926467672131
4979.6			0.9669593568414193
4980.5			0.953580788184891
4981.4			0.9106095913381704
4982.3			0.8624460405497257
4983.2			0.8485722745154176
4984.1			0.8699170782696699
4985.0			0.8979723080211894
4985.9			0.933023225559325
4986.8			0.9793169741377713
4987.7			1.0069545432215004
4988.6			0.9996864828247289
4989.5			1.0
4990.4			1.0
4991.3			1.0
4992.2			1.0
4993.1			1.0
4994.0			1.0
4994.9			1.0
4995.8			1.0
4996.7			1.0
4997.6			1.0
4998.5			1.0
4999.4			1.0
5000.3			1.0
5001.2			1.0
5002.1			1.0
5003.0			1.0
5003.9			1.0
5004.8			1.0
5005.7			1.0
5006.6			1.011795134790212
5007.5			1.0757854719027067
5008.4			1.1268405468689624
5009.3			1.1265311670905525
5010.2			1.0976602544440082
5011.1			1.0518613210195054
5012.0			0.992274517804516
5012.9			0.9480079966931769
5013.8			0.9383137061284049
5014.7			0.9660739404934642
5015.6			1.0032575861168782
5016.5			1.006884201207952
5017.4			0.9831653270944265
5018.3			0.9779676472344909
5019.2			1.002394706409053
5020.1			1.0185152062167855
5021.0			1.0021278094307906
5021.9			1.0
5022.8			1.0
5023.7			1.0
5024.6			1.0
5025.5			1.0
5026.4			1.0
5027.3			1.0
5028.2			1.0
5029.1			1.0
5030.0			1.0
5030.9			1.0
5031.8			1.0
5032.7			1.0
5033.6			1.0
5034.5			1.0
5035.4			1.0
5036.3			1.0
5037.2			1.0169922116267271
5038.1			0.9999319993122567
5039.0			0.9320570392817662
5039.9			0.8450426453921597
5040.8			0.7897481540045128
5041.7			0.8261642311597776
5042.6			0.9191335248217927
5043.5			0.9786157084779171
5044.4			1.0002247862504625
5045.3			1.0
5046.2			1.0
5047.1			1.0
5048.0			1.0
5048.9			1.0
5049.8			1.0
5050.7			1.0
5051.6			1.0
5052.5			1.0
5053.4			1.0
5054.3			1.0
5055.2			1.0
5056.1			1.0
5057.0			1.0
5057.9			1.0
5058.8			1.0
5059.7			1.0
5060.6			1.0
5061.5			1.0
5062.4			1.0
5063.3			1.0
5064.2			1.0
5065.1			1.0
5066.0			1.0
5066.9			1.0
5067.8			1.0
5068.7			1.0
5069.6			1.0
5070.5			1.0
5071.4			1.0
5072.3			1.0
5073.2			1.0
5074.1			1.0
5075.0			0.9948100073726938
5075.9			0.9989690011838555
5076.8			1.0185588375972834
5077.7			1.0030382221362226
5078.6			0.9274937507430027
5079.5			0.8619191321177806
5080.4			0.8757101890218895
5081.3			0.9349554698068668
5082.2			0.970590614886792
5083.1			0.9772143031363529
5084.0			0.997182778193412
5084.9			1.0
5085.8			1.0
5086.7			1.0
5087.6			1.0
5088.5			1.0
5089.4			1.0
5090.3			1.0
5091.2			1.0
5092.1			1.0
5093.0			1.0
5093.9			1.0
5094.8			0.9893121214207337
5095.7			0.9672515086520209
5096.6			0.9323416385982474
5097.5			0.8888719752615313
5098.4			0.8527247390273478
5099.3			0.8656789105811662
5100.2			0.9311646943989798
5101.1			0.9899729680160696
5102.0			1.0026867805413398
5102.9			1.0
5103.8			1.0
5104.7			1.0
5105.6			1.0
5106.5			1.0
5107.4			1.0
5108.3			1.0
5109.2			1.0
5110.1			1.0
5111.0			1.0
5111.9			1.0
5112.8			1.0
5113.7			1.0
5114.6			1.0026569424667071
5115.5			1.0119749976805184
5116.4			1.0330165044081951
5117.3			1.0510751101665288
5118.2			1.0533440583645972
5119.1			1.0399331611371687
5120.0			1.0159433019974102
5120.9			0.9908368352178076
5121.8			0.9616967972624497
5122.7			0.9226481192710589
5123.6			0.8986415908887169
5124.5			0.9100934392013783
5125.4			0.9345850074473723
5126.3			0.9477931516192559
5127.2			0.9468852658612058
5128.1			0.9446473930510084
5129.0			0.9421913161901069
5129.9			1.0
5130.8			1.0173567180548817
5131.7			1.0356152229382531
5132.6			1.049641819916262
5133.5			1.0612291592717462
5134.4			1.0834487918927882
5135.3			1.0878407744087994
5136.2			1.052574787356763
5137.1			1.0144291414865019
5138.0			0.9901051019234073
5138.9			0.9728546129126702
5139.8			0.9958941413511064
5140.7			1.0226218497777229
5141.6			0.9870711222295855
5142.5			0.9490533602020307
5143.4			0.9782122537446547
5144.3			1.0151861495010492
5145.2			1.0077266883598306
5146.1			0.9870126492891218
5147.0			0.9802967514458865
5147.9			0.9963204998154994
5148.8			1.024405275974058
5149.7			1.027963637617563
5150.6			0.9996563254262304
5151.5			0.9774424043060063
5152.4			0.9790675599322921
5153.3			0.9876573856676197
5154.2			0.9999501751112428
5155.1			1.0
5156.0			1.0
5156.9			1.0
5157.8			1.0
5158.7			1.0
5159.6			1.0
5160.5			1.0
5161.4			1.0
5162.3			1.0
5163.2			1.0
5164.1			1.0
5165.0			1.0
5165.9			1.0
5166.8			1.0
5167.7			1.0
5168.6			1.0543308620809917
5169.5			1.1297537469269103
5170.4			1.084956126261267
5171.3			0.9014399459220569
5172.2			0.7438439326936392
5173.1			0.7613535262758464
5174.0			0.8936376176614201
5174.9			0.9766429624199781
5175.8			0.9690844353736183
5176.7			1.0
5177.6			1.0
5178.5			1.0
5179.4			1.0
5180.3			1.0
5181.2			0.9417754465793671
5182.1			0.8118000332658837
5183.0			0.6706196325462226
5183.9			0.666492198438421
5184.8			0.8104359845134492
5185.7			0.9491104320783577
5186.6			1.0001601994300802
5187.5			1.0
5188.4			1.0
5189.3			1.0
5190.2			1.0
5191.1			1.0
5192.0			1.0
5192.9			1.0
5193.8			1.0
5194.7			1.0
5195.6			1.0
5196.5			1.0
5197.4			1.0
5198.3			1.0
5199.2			1.0
5200.1			1.0
5201.0			1.0
5201.9			1.0
5202.8			0.9909158960516993
5203.7			0.9599317935253081
5204.6			0.9032070340677907
5205.5			0.8762152211459902
5206.4			0.8867166855630485
5207.3			0.8823122390612682
5208.2			0.861351251157794
5209.1			0.8800440949733637
5210.0			0.9213388983202471
5210.9			0.9576903452017556
5211.8			0.9899931820297794
5212.7			1.0095546491790883
5213.6			1.0017879765727982
5214.5			1.0
5215.4			1.0
5216.3			1.0
5217.2			1.0
5218.1			1.0
5219.0			1.0
5219.9			1.0
5220.8			1.0
5221.7			1.0
5222.6			0.9785972364112062
5223.5			0.9460619512232854
5224.4			0.9022622651025353
5225.3			0.8509831891719801
5226.2			0.8085070076582501
5227.1			0.824552120391023
5228.0			0.907609286938191
5228.9			0.9750953087991432
5229.8			1.0005440759811237
5230.7			1.0
5231.6			1.0
5232.5			1.0
5233.4			1.0
5234.3			1.0
5235.2			1.0
5236.1			1.0
5237.0			1.0
5237.9			1.0
5238.8			1.0
5239.7			1.0
5240.6			1.0
5241.5			0.997772538309052
5242.4			0.9812119132184345
5243.3			0.9825380465623271
5244.2			1.004533606052007
5245.1			1.0044000041302186
5246.0			0.9554347581296927
5246.9			0.9023699848377462
5247.8			0.8995003714461473
5248.7			0.9134115869764885
5249.6			0.8958990987312798
5250.5			0.8840966878699122
5251.4			0.9074718959645275
5252.3			0.9302845490305184
5253.2			0.9285969253016791
5254.1			0.9056391079976703
5255.0			0.8951526662430782
5255.9			0.9331152496002116
5256.8			0.9870367388427117
5257.7			1.0149787874692002
5258.6			1.0178367416368512
5259.5			1.0
5260.4			0.9628648144903956
5261.3			0.9077067866472868
5262.2			0.8502258344751032
5263.1			0.8098561766396296
5264.0			0.7814386898760945
5264.9			0.7603752082430061
5265.8			0.7686339539193279
5266.7			0.8250101903986409
5267.6			0.854770530982478
5268.5			0.787627193388917
5269.4			0.7131369341971129
5270.3			0.7534035331078993
5271.2			0.8592275647559574
5272.1			0.9071507015136706
5273.0			0.8952357353967698
5273.9			0.878483328976615
5274.8			0.8637434708109027
5275.7			0.8761327913713166
5276.6			0.9365176991104971
5277.5			1.0
5278.4			1.0072847616274443
5279.3			0.9781216561519157
5280.2			0.9393542212600046
5281.1			0.9113840344167972
5282.0			0.8941154451031311
5282.9			0.8800639224419181
5283.8			0.8837956023139883
5284.7			0.9311169194159459
5285.6			0.9883519047234879
5286.5			1.010797683114521
5287.4			0.9992149294697545
5288.3			1.0
5289.2			1.0
5290.1			1.0
5291.0			1.0
5291.9			1.0
5292.8			1.0
5293.7			1.0014625054743032
5294.6			1.001941958466159
5295.5			0.9764376883619734
5296.4			0.9228756562187689
5297.3			0.8778501793110959
5298.2			0.8934918223119249
5299.1			0.9592937538435662
5300.0			1.0000094657900533
5300.9			0.9991403495261602
5301.8			1.0
5302.7			1.0
5303.6			1.0
5304.5			1.0
5305.4			1.0
5306.3			1.0
5307.2			1.0
5308.1			1.0
5309.0			1.0
5309.9			1.0
5310.8			1.0
5311.7			1.0
5312.6			1.0
5313.5			1.0
5314.4			1.0
5315.3			1.0
5316.2			1.0
5317.1			1.0
5318.0			1.0
5318.9			1.0
5319.8			1.0
5320.7			1.0
5321.6			1.0
5322.5			1.0
5323.4			1.0
5324.3			1.0
5325.2			1.007020367123105
5326.1			0.9817167946873175
5327.0			0.8857490261740143
5327.9			0.7953949951890182
5328.8			0.8239760349719617
5329.7			0.9331555906900563
5330.6			1.0034704177256357
5331.5			1.0
5332.4			1.0
5333.3			1.0
5334.2			1.0
5335.1			1.0
5336.0			1.0
5336.9			1.0
5337.8			1.0010298321320104
5338.7			0.9763398580132071
5339.6			0.9219155769261349
5340.5			0.8940392918863277
5341.4			0.9261485202360918
5342.3			0.9764552434798255
5343.2			0.9995532564376137
5344.1			1.0
5345.0			1.0
5345.9			1.0
5346.8			1.0
5347.7			1.0
5348.6			1.0
5349.5			1.0
5350.4			1.0
5351.3			1.0
5352.2			1.0
5353.1			1.0
5354.0			1.0
5354.9			1.0
5355.8			1.0
5356.7			1.0
5357.6			1.0
5358.5			1.0
5359.4			1.0
5360.3			1.0
5361.2			1.0
5362.1			1.0
5363.0			1.0
5363.9			1.0
5364.8			1.0
5365.7			1.0
5366.6			1.0
5367.5			0.9906282802642419
5368.4			0.9652662765890356
5369.3			0.9169441710127355
5370.2			0.8662168185179461
5371.1			0.856354793415196
5372.0			0.9021380121759276
5372.9			0.9622380458854362
5373.8			0.9913252888374398
5374.7			0.9983672294774215
5375.6			1.0
5376.5			1.0
5377.4			1.0
5378.3			1.0
5379.2			1.0
5380.1			1.0
5381.0			1.0
5381.9			1.0
5382.8			1.0
5383.7			1.0
5384.6			1.0
5385.5			1.0
5386.4			1.0
5387.3			1.0
5388.2			1.0
5389.1			1.0
5390.0			1.0
5390.9			1.0
5391.8			1.0
5392.7			1.0
5393.6			1.0
5394.5			1.0
5395.4			1.0
5396.3			1.0
5397.2			1.0
5398.1			1.036507140378051
5399.0			1.0694653848461408
5399.9			1.0674770290014794
5400.8			1.0654425495732212
5401.7			1.0708020502540154
5402.6			1.0433928361774762
5403.5			0.9776315091252795
5404.4			0.9152798800301198
5405.3			0.8903106281573834
5406.2			0.9098341937646744
5407.1			0.9512316617916463
5408.0			0.9669965974901401
5408.9			0.9436308245473872
5409.8			0.9225116052335031
5410.7			0.9437579206093625
5411.6			0.9867885628880286
5412.5			1.0059530541983175
5413.4			1.0
5414.3			1.0
5415.2			1.0
5416.1			1.0
5417.0			1.0
5417.9			1.0
5418.8			1.0
5419.7			1.0
5420.6			1.0
5421.5			1.0
5422.4			1.0
5423.3			1.0
5424.2			1.0
5425.1			1.0
5426.0			1.0
5426.9			1.02381436189841
5427.8			0.9948205101274081
5428.7			0.9352201938749288
5429.6			0.91737953729689
5430.5			0.9691908035471123
5431.4			1.011158838224801
5432.3			1.0018197144250587
5433.2			1.0
5434.1			1.0
5435.0			1.0
5435.9			1.0
5436.8			1.0
5437.7			1.0
5438.6			1.0
5439.5			1.0
5440.4			1.0
5441.3			1.0
5442.2			1.0
5443.1			1.0
5444.0			0.9690277403799865
5444.9			0.9217294629240845
5445.8			0.8744415416684204
5446.7			0.8648925809758501
5447.6			0.9163120867461935
5448.5			0.9769602458977131
5449.4			1.0004104259282307
5450.3			1.0
5451.2			1.0
5452.1			1.0
5453.0			1.0
5453.9			1.0
5454.8			1.0
5455.7			1.0
5456.6			1.0
5457.5			1.0
5458.4			1.0
5459.3			1.0
5460.2			1.0
5461.1			1.0
5462.0			1.0
5462.9			1.0
5463.8			1.0
5464.7			1.0
5465.6			1.0
5466.5			1.0
5467.4			1.0
5468.3			1.0
5469.2			1.0
5470.1			1.0
5471.0			1.0
5471.9			1.0077894898540358
5472.8			1.002518946793286
5473.7			1.0005646815577758
5474.6			0.9949123215289025
5475.5			0.9571578021478506
5476.4			0.9245848999338144
5477.3			0.961656524189986
5478.2			1.0363438992381868
5479.1			1.0678728987227335
5480.0			1.0404823946389374
5480.9			1.0058290121761206
5481.8			1.0
5482.7			1.0
5483.6			1.0
5484.5			1.0
5485.4			1.0
5486.3			1.0
5487.2			1.0
5488.1			1.0
5489.0			1.0
5489.9			1.0
5490.8			1.0
5491.7			1.0
5492.6			1.0
5493.5			1.0
5494.4			1.0
5495.3			1.0
5496.2			1.0
5497.1			1.0
5498.0			1.0
5498.9			1.0
5499.8			1.0
5500.7			1.0
5501.6			1.0
5502.5			1.0
5503.4			1.0
5504.3			1.0
5505.2			1.0
5506.1			1.0
5507.0			1.0
5507.9			1.0244268502262868
5508.8			1.0269270747520545
5509.7			1.0145284361726
5510.6			0.9956025898316161
5511.5			0.9662095587103244
5512.4			0.9465582193410462
5513.3			0.9537061077676448
5514.2			0.9714121177039513
5515.1			0.985078913849161
5516.0			0.990523793160386
5516.9			1.0010580146944683
5517.8			1.0
5518.7			1.0
5519.6			1.0
5520.5			1.0
5521.4			1.0
5522.3			1.0
5523.2			1.0
5524.1			0.9941935683614892
5525.0			0.9764807655482923
5525.9			0.9536293931115004
5526.8			0.930577231085721
5527.7			0.9164738092418903
5528.6			0.9305181308486521
5529.5			0.9673454563329965
5530.4			0.9940749492865688
5531.3			0.9997905500468486
5532.2			1.0
5533.1			1.0
5534.0			1.0
5534.9			1.0
5535.8			1.0
5536.7			1.0
5537.6			1.0
5538.5			1.0
5539.4			1.0
5540.3			1.0
5541.2			1.0
5542.1			1.0
5543.0			1.0
5543.9			1.0
5544.8			1.0
5545.7			1.0
5546.6			1.0
5547.5			1.0
5548.4			1.0
5549.3			1.0
5550.200000000001			1.0
5551.1			1.0
5552.0			1.0
5552.9			1.0
5553.8			1.0
5554.700000000001			1.0
5555.6			1.0
5556.5			1.0
5557.4			1.0
5558.3			1.0
5559.200000000001			1.0
5560.1			1.0
5561.0			1.0
5561.9			1.0
5562.8			1.0
5563.700000000001			1.0
5564.6			1.0
5565.5			1.0
5566.4			1.0
5567.3			1.0
5568.200000000001			1.0
5569.1			1.0
5570.0			1.0
5570.9			1.0
5571.8			1.0
5572.700000000001			1.0
5573.6			1.0
5574.5			1.0
5575.4			1.0
5576.3			1.0
5577.200000000001			1.0
5578.1			1.0
5579.0			1.005525936439882
5579.9			1.0114469991042494
5580.8			1.0022948325398897
5581.700000000001			0.9919452891651004
5582.6			0.9971530894338544
5583.5			0.9996036460468752
5584.4			0.9846420057303135
5585.3			0.9584874088716677
5586.200000000001			0.927443118167558
5587.1			0.9038112304754955
5588.0			0.9025871507903698
5588.9			0.919737802140946
5589.8			0.9432142523911087
5590.700000000001			0.9592229109358399
5591.6			0.9637274809332844
5592.5			0.9655988698132207
5593.4			0.9649707130458011
5594.3			0.9693138661673081
5595.200000000001			0.9955364813763757
5596.1			1.0151873240882094
5597.0			0.9999297103368285
5597.9			1.0
5598.8			1.0
5599.700000000001			1.0
5600.6			1.0
5601.5			1.0
5602.4			1.0
5603.3			1.0
5604.200000000001			1.0
5605.1			1.0
5606.0			1.0
5606.9			1.0
5607.8			1.0
5608.700000000001			1.0
5609.6			1.0
5610.5			1.0
5611.4			1.0
5612.3			1.0030221424463717
5613.200000000001			0.9890287156128322
5614.1			0.9461655835352859
5615.0			0.9036537005023237
5615.9			0.9167424653501097
5616.8			0.9683378712910152
5617.700000000001			0.9972413388535502
5618.6			1.0
5619.5			1.0
5620.4			1.0
5621.3			1.0
5622.200000000001			1.0
5623.1			1.0
5624.0			1.0
5624.9			1.0
5625.8			1.0
5626.700000000001			1.0
5627.6			1.0
5628.5			1.0
5629.4			1.0
5630.3			1.0
5631.200000000001			1.0
5632.1			1.0
5633.0			1.0
5633.9			1.0
5634.8			1.0
5635.700000000001			1.0
5636.6			1.0
5637.5			1.0
5638.4			1.0
5639.3			1.0
5640.200000000001			1.0
5641.1			1.0
5642.0			1.0
5642.9			1.0
5643.8			1.0
5644.700000000001			1.0
5645.6			1.0
5646.5			1.0
5647.4			1.0
5648.3			1.0
5649.200000000001			1.0
5650.1			1.0
5651.0			1.0
5651.9			1.0151535146731718
5652.8			1.0089473435602658
5653.700000000001			0.985484752292179
5654.6			0.9696913118672363
5655.5			0.974211933559565
5656.4			0.9657514432809754
5657.3			0.9175026721850733
5658.200000000001			0.8795474103927182
5659.1			0.9020472199704881
5660.0			0.9492815373344242
5660.9			0.9614423907389509
5661.8			0.9485823819336092
5662.700000000001			0.9532499572311203
5663.6			0.9770270321752847
5664.5			1.0000083744186024
5665.4			1.0
5666.3			1.0
5667.200000000001			1.0
5668.1			1.0
5669.0			1.0
5669.9			1.0
5670.8			1.0
5671.700000000001			1.0
5672.6			1.0
5673.5			1.0
5674.4			1.0
5675.3			1.0
5676.200000000001			1.0
5677.1			1.0
5678.0			1.0
5678.9			1.0
5679.8			1.0
5680.700000000001			1.0
5681.6			1.0
5682.5			1.0
5683.4			1.0
5684.3			1.0
5685.200000000001			1.0
5686.1			1.0
5687.0			1.0
5687.9			1.0
5688.8			1.0
5689.700000000001			1.0
5690.6			1.0
5691.5			1.0
5692.4			1.0
5693.3			1.0
5694.200000000001			1.0
5695.1			1.0
5696.0			1.0
5696.9			1.0
5697.8			1.0
5698.700000000001			1.0
5699.6			1.0
5700.5			1.0
5701.4			0.9827886293545633
5702.3			0.984395431112404
5703.200000000001			1.0012041105924627
5704.1			1.0129673436249744
5705.0			1.0013290141260258
5705.9			0.974536823532864
5706.8			0.9508922135101288
5707.700000000001			0.9318862688145814
5708.6			0.9147852401407246
5709.5			0.9105954746237837
5710.4			0.9173241803270564
5711.3			0.9274374118247356
5712.200000000001			0.9480662217443148
5713.1			0.9706546654646736
5714.0			0.9799037339486778
5714.9			0.9844486320381051
5715.8			0.9968099972393136
5716.700000000001			1.0052465596438633
5717.6			1.0024823457876968
5718.5			1.0
5719.4			1.0
5720.3			1.0
5721.200000000001			1.0
5722.1			1.0
5723.0			1.0
5723.9			1.0
5724.8			1.0
5725.700000000001			1.0
5726.6			1.0
5727.5			1.0
5728.4			1.0
5729.3			1.0
5730.200000000001			1.0
5731.1			1.0
5732.0			1.0
5732.9			1.0
5733.8			1.0
5734.700000000001			1.0
5735.6			1.0
5736.5			1.0
5737.4			1.0
5738.3			1.0
5739.200000000001			1.0
5740.1			1.0
5741.0			1.0
5741.9			1.0
5742.8			1.0
5743.700000000001			1.0
5744.6			1.0
5745.5			1.0
5746.4			1.0
5747.3			1.0
5748.200000000001			1.0
5749.1			1.0
5750.0			1.0172444277878971
5750.9			1.007971992482053
5751.8			0.9764006136578061
5752.700000000001			0.9427000988384442
5753.6			0.9236591679870939
5754.5			0.9358690830735328
5755.4			0.9682331303439284
5756.3			0.9911194314869517
5757.200000000001			0.9983520804763979
5758.1			1.0
5759.0			1.0
5759.9			1.0
5760.8			1.0
5761.700000000001			1.0
5762.6			1.0
5763.5			1.0
5764.4			1.0
5765.3			1.0
5766.200000000001			1.0
5767.1			1.0
5768.0			1.0
5768.9			1.0
5769.8			1.0
5770.700000000001			1.0
5771.6			1.0
5772.5			1.0
5773.4			1.0
5774.3			0.9964507226054905
5775.200000000001			0.9925538775891678
5776.1			0.9941627119226311
5777.0			0.9938437320175962
5777.9			0.9904446850411817
5778.8			0.9807029530946053
5779.700000000001			0.9498963458492303
5780.6			0.9077235511153582
5781.5			0.8896687893315957
5782.4			0.9039062851880246
5783.3			0.9226095012516334
5784.200000000001			0.923829612333632
5785.1			0.9258929781265949
5786.0			0.9501550994795005
5786.9			0.9785333811304187
5787.8			0.9937849782613144
5788.700000000001			0.9999700421334642
5789.6			1.0
5790.5			1.0
5791.4			1.0
5792.3			1.0
5793.200000000001			1.0
5794.1			1.0
5795.0			1.0
5795.9			1.0
5796.8			1.0
5797.700000000001			1.0
5798.6			1.0
5799.5			1.0
5800.4			1.0
5801.3			1.0
5802.200000000001			1.0
5803.1			1.0
5804.0			1.0
5804.9			1.0
5805.8			1.0
5806.700000000001			1.0
5807.6			1.0
5808.5			1.0
5809.4			1.0
5810.3			1.0
5811.200000000001			1.0
5812.1			1.0
5813.0			1.0
5813.9			1.0
5814.8			1.0
5815.700000000001			1.0
5816.6			1.0
5817.5			1.0
5818.4			1.0
5819.3			1.0
5820.200000000001			1.0
5821.1			1.0
5822.0			1.0
5822.9			1.0
5823.8			1.0
5824.700000000001			1.0
5825.6			1.0
5826.5			1.0
5827.4			1.0
5828.3			1.0
5829.200000000001			1.0
5830.1			1.0
5831.0			1.0
5831.9			1.0
5832.8			1.0
5833.700000000001			1.0
5834.6			1.0
5835.5			1.0
5836.4			1.0
5837.3			1.0
5838.200000000001			1.0
5839.1			1.0
5840.0			1.0
5840.9			1.0
5841.8			1.0
5842.700000000001			1.0
5843.6			1.0
5844.5			1.0
5845.4			1.0
5846.3			1.0
5847.200000000001			1.0
5848.1			1.0
5849.0			1.0
5849.9			1.0008491382899825
5850.8			0.9891823970457071
5851.700000000001			0.9679922330968979
5852.6			0.9493661330712075
5853.5			0.9509982502975141
5854.4			0.9667950558535302
5855.3			0.9699384406447864
5856.200000000001			0.9475274614296891
5857.1			0.9238608488102145
5858.0			0.9296837329120252
5858.9			0.9558717335954064
5859.8			0.979420866811469
5860.700000000001			0.991002450152392
5861.6			0.986912313292922
5862.5			0.9832095376611653
5863.4			0.9925929980550932
5864.3			0.9998715690447146
5865.200000000001			1.0
5866.1			1.0
5867.0			1.0
5867.9			1.0
5868.8			1.0
5869.700000000001			1.0
5870.6			1.0
5871.5			1.0
5872.4			1.0
5873.3			1.0
5874.200000000001			1.0
5875.1			1.0
5876.0			1.0
5876.9			1.0
5877.8			1.0
5878.700000000001			1.0
5879.6			1.0
5880.5			1.0
5881.4			1.0
5882.3			1.0
5883.200000000001			1.0
5884.1			1.0
5885.0			1.0
5885.9			1.0
5886.8			1.0108839083077554
5887.700000000001			0.9790344106817876
5888.6			0.8808327581795199
5889.5			0.7780298256103098
5890.4			0.7592676832731085
5891.3			0.816558874382102
5892.200000000001			0.897517530318185
5893.1			0.9696752223893733
5894.0			0.9889479154568189
5894.9			1.0
5895.8			1.0
5896.700000000001			1.0
5897.6			1.0
5898.5			1.0
5899.4			1.0
5900.3			1.0
5901.200000000001			1.0
5902.1			1.0
5903.0			1.0
5903.9			1.0
5904.8			1.0
5905.700000000001			1.0
5906.6			1.0
5907.5			1.0
5908.4			1.0
5909.3			1.0
5910.200000000001			1.0
5911.1			1.0
5912.0			1.0
5912.9			1.0
5913.8			1.0
5914.700000000001			1.0
5915.6			1.0
5916.5			1.0
5917.4			1.0
5918.3			1.0
5919.200000000001			1.0
5920.1			1.0
5921.0			1.0
5921.9			1.0
5922.8			1.0
5923.700000000001			1.0
5924.6			1.0
5925.5			1.0
5926.4			1.0
5927.3			1.0
5928.200000000001			1.0
5929.1			1.0
5930.0			1.0
5930.9			1.0
5931.8			1.0
5932.700000000001			1.0
5933.6			1.0
5934.5			1.0
5935.4			1.0
5936.3			1.0
5937.200000000001			1.0
5938.1			1.0
5939.0			1.0
5939.9			1.0
5940.8			1.0
5941.700000000001			1.0
5942.6			1.0
5943.5			1.0
5944.4			1.0
5945.3			1.0
5946.200000000001			1.0
5947.1			1.0
5948.0			1.0
5948.9			1.0
5949.8			1.0
5950.700000000001			1.0
5951.6			1.0
5952.5			1.0
5953.4			1.0
5954.3			1.0
5955.200000000001			1.0
5956.1			1.0
5957.0			1.0
5957.9			1.0
5958.8			1.0
5959.700000000001			1.0
5960.6			1.0
5961.5			1.0
5962.4			1.0
5963.3			1.0
5964.200000000001			1.0
5965.1			1.0
5966.0			1.0
5966.9			1.0
5967.8			1.0
5968.700000000001			1.0
5969.6			1.0
5970.5			1.0
5971.4			1.0
5972.3			1.0
5973.200000000001			1.0
5974.1			1.0
5975.0			1.0
5975.9			1.0
5976.8			1.0
5977.700000000001			1.0
5978.6			1.0
5979.5			1.0
5980.4			1.0
5981.3			1.0
5982.200000000001			1.0
5983.1			1.0
5984.0			1.0
5984.9			1.0
5985.8			1.0
5986.700000000001			1.0
5987.6			1.0
5988.5			1.0
5989.4			1.0
5990.3			1.0
5991.200000000001			1.0
5992.1			1.0
5993.0			1.0
5993.9			1.0
5994.8			1.0
5995.700000000001			1.0
5996.6			1.0
5997.5			1.0
5998.4			1.0
5999.3			1.0
6000.200000000001			1.0
6001.1			1.0
6002.0			1.0
6002.9			1.0
6003.8			1.0
6004.700000000001			1.0
6005.6			1.0
6006.5			1.0
6007.4			1.0
6008.3			1.0
6009.200000000001			1.0
6010.1			1.0
6011.0			1.0
6011.9			1.0
6012.8			1.0
6013.700000000001			1.0
6014.6			1.0
6015.5			1.0
6016.4			1.0
6017.3			1.0
6018.200000000001			1.0
6019.1			1.0
6020.0			1.0
6020.9			1.0
6021.8			1.0
6022.700000000001			1.0
6023.6			1.0
6024.5			1.0
6025.4			1.0
6026.3			1.0
6027.200000000001			1.0
6028.1			1.0
6029.0			1.0
6029.9			1.0
6030.8			1.0
6031.700000000001			1.0
6032.6			1.0
6033.5			1.0
6034.4			1.0
6035.3			1.0
6036.200000000001			1.0
6037.1			1.0
6038.0			1.0
6038.9			1.0
6039.8			1.0
6040.700000000001			1.0
6041.6			1.0
6042.5			1.0
6043.4			1.0
6044.3			1.0
6045.200000000001			1.0
6046.1			1.0
6047.0			1.0
6047.9			1.0
6048.8			1.0
6049.700000000001			1.0
6050.6			1.0
6051.5			1.0
6052.4			1.0
6053.3			1.0
6054.200000000001			1.0
6055.1			1.0
6056.0			1.0
6056.9			1.0
6057.8			1.0
6058.700000000001			1.0
6059.6			1.0
6060.5			1.0
6061.4			1.0
6062.3			1.0
6063.200000000001			1.0
6064.1			1.0
6065.0			1.0
6065.9			1.0
6066.8			1.0
6067.700000000001			1.0
6068.6			1.0
6069.5			1.0
6070.4			1.0
6071.3			1.0
6072.200000000001			1.0
6073.1			1.0
6074.0			1.0
6074.9			1.0
6075.8			1.0
6076.700000000001			1.0
6077.6			1.0
6078.5			1.0
6079.4			1.0
6080.3			1.0
6081.200000000001			1.0
6082.1			1.0
6083.0			1.0
6083.9			1.0
6084.8			1.0
6085.700000000001			1.0
6086.6			1.0
6087.5			1.0
6088.4			1.0
6089.3			1.0
6090.200000000001			1.0
6091.1			1.0
6092.0			1.0
6092.9			1.0
6093.8			1.0
6094.700000000001			1.0
6095.6			1.0
6096.5			1.0
6097.4			1.0
6098.3			1.0
6099.200000000001			1.0
6100.1			1.0045765866633645
6101.0			0.978292402971185
6101.9			0.9294170026297077
6102.8			0.9065910214802025
6103.700000000001			0.9343004261321974
6104.6			0.9766642358902695
6105.5			0.9997831778181696
6106.4			1.0
6107.3			1.0
6108.200000000001			1.0
6109.1			1.0
6110.0			1.0
6110.9			1.0
6111.8			1.0
6112.700000000001			1.0
6113.6			1.0
6114.5			1.0
6115.4			1.0
6116.3			1.0
6117.200000000001			1.0
6118.1			1.0
6119.0			1.0
6119.9			1.0
6120.8			1.0
6121.700000000001			1.0
6122.6			1.0
6123.5			1.0
6124.4			1.0
6125.3			1.0
6126.200000000001			1.0
6127.1			1.0
6128.0			1.0
6128.9			1.0
6129.8			1.0
6130.700000000001			1.0
6131.6			1.0
6132.5			1.0
6133.4			1.0
6134.3			0.9852054944323897
6135.200000000001			0.9401609145227227
6136.1			0.8828362298326554
6137.0			0.8611773636497613
6137.9			0.9024312674448943
6138.8			0.9683070742183788
6139.700000000001			1.0004411868408458
6140.6			1.0
6141.5			1.0
6142.4			1.0
6143.3			1.0
6144.200000000001			1.0
6145.1			1.0
6146.0			1.0
6146.9			1.0
6147.8			1.0
6148.700000000001			1.0
6149.6			1.0
6150.5			1.0
6151.4			1.0
6152.3			1.0
6153.200000000001			1.0
6154.1			1.0
6155.0			1.0
6155.9			1.0
6156.8			1.0
6157.700000000001			1.0
6158.6			1.0
6159.5			0.9979500961462835
6160.4			0.9572493892146571
6161.3			0.9004629947101042
6162.200000000001			0.8798700023349497
6163.1			0.9095752506025437
6164.0			0.9598942683008453
6164.9			0.9978598369934938
6165.8			1.0
6166.700000000001			1.0
6167.6			1.0
6168.5			1.0
6169.4			1.0
6170.3			1.0
6171.200000000001			1.0
6172.1			1.0
6173.0			1.0
6173.9			1.0
6174.8			1.0
6175.700000000001			1.0
6176.6			1.0
6177.5			1.0
6178.4			1.0
6179.3			1.0
6180.200000000001			1.0
6181.1			1.0
6182.0			1.0
6182.9			1.0
6183.8			1.0
6184.700000000001			1.0
6185.6			1.0
6186.5			1.0
6187.4			1.0
6188.3			1.0
6189.200000000001			1.0
6190.1			1.0
6191.0			1.0
6191.9			1.0
6192.8			1.0
6193.700000000001			1.0
6194.6			1.0
6195.5			1.0
6196.4			1.0
6197.3			1.0
6198.200000000001			1.0
6199.1			1.0
6200.0			1.0
6200.9			1.0
6201.8			1.0
6202.700000000001			1.0
6203.6			1.0
6204.5			1.0
6205.4			1.0
6206.3			1.0
6207.200000000001			1.0
6208.1			1.0
6209.0			1.0
6209.9			1.0
6210.8			1.0
6211.700000000001			1.0
6212.6			1.0
6213.5			1.0
6214.4			1.0
6215.3			1.0
6216.200000000001			1.0
6217.1			1.0
6218.0			1.0
6218.9			1.0
6219.8			1.0
6220.700000000001			1.0
6221.6			1.0
6222.5			1.0
6223.4			1.0
6224.3			1.0
6225.200000000001			1.0
6226.1			1.0
6227.0			1.0013837772944305
6227.9			0.9892239944190157
6228.8			0.9583236961271939
6229.700000000001			0.9217974163241855
6230.6			0.9063662278736307
6231.5			0.9219999079511157
6232.4			0.9513832091582557
6233.3			0.9787814830567504
6234.200000000001			1.0001224791622934
6235.1			1.0
6236.0			1.0
6236.9			1.0
6237.8			1.0
6238.700000000001			1.0
6239.6			1.0
6240.5			1.0
6241.4			1.0
6242.3			1.0
6243.200000000001			1.0
6244.1			1.0
6245.0			1.0
6245.9			1.0
6246.8			1.0
6247.700000000001			1.0
6248.6			1.0183380586899409
6249.5			1.0167629632843327
6250.4			0.995353509239062
6251.3			0.9631085202723064
6252.200000000001			0.9417762686247111
6253.1			0.9366790965752558
6254.0			0.9359830369489338
6254.9			0.9348228698765348
6255.8			0.9352735367345891
6256.700000000001			0.9309807038165034
6257.6			0.9190224869051236
6258.5			0.9238272611175382
6259.4			0.9525269916560585
6260.3			0.9774031842377885
6261.200000000001			0.9904186456218437
6262.1			1.0057369156158482
6263.0			1.0131354630705
6263.9			0.9931792918352359
6264.8			0.970782908118056
6265.700000000001			0.9786178874301478
6266.6			1.0002794044022059
6267.5			1.0
6268.4			1.0
6269.3			1.0
6270.200000000001			1.0
6271.1			1.0
6272.0			1.0
6272.9			1.0
6273.8			1.0
6274.700000000001			1.0
6275.6			1.0
6276.5			1.0
6277.4			1.0
6278.3			1.0
6279.200000000001			1.0
6280.1			1.0
6281.0			1.0
6281.9			1.0
6282.8			1.0
6283.700000000001			1.0
6284.6			1.0
6285.5			1.0
6286.4			1.0
6287.3			1.0
6288.200000000001			1.0
6289.1			1.0
6290.0			1.0
6290.9			1.0
6291.8			1.0
6292.700000000001			1.0
6293.6			1.0
6294.5			1.0
6295.4			1.0
6296.3			1.0
6297.200000000001			1.0
6298.1			1.0
6299.0			1.0
6299.9			1.0
6300.8			1.0
6301.700000000001			1.0
6302.6			1.0
6303.5			1.0
6304.4			1.0
6305.3			1.0
6306.200000000001			1.0
6307.1			1.0
6308.0			1.0
6308.9			1.0
6309.8			1.0
6310.700000000001			1.0
6311.6			1.0
6312.5			1.0
6313.4			1.0
6314.3			1.0
6315.200000000001			1.0
6316.1			1.0
6317.0			1.0
6317.9			1.0
6318.8			1.0
6319.700000000001			1.0
6320.6			1.0
6321.5			1.0
6322.4			1.0
6323.3			1.0
6324.200000000001			1.0
6325.1			1.0
6326.0			1.0
6326.9			1.0
6327.8			1.0
6328.700000000001			1.0
6329.6			1.0
6330.5			1.0
6331.4			1.0
6332.3			1.0
6333.200000000001			1.0
6334.1			1.0
6335.0			1.0
6335.9			1.0
6336.8			1.0
6337.700000000001			1.0
6338.6			1.0
6339.5			1.0
6340.4			1.0
6341.3			1.0
6342.200000000001			1.0
6343.1			1.0
6344.0			1.0
6344.9			1.0
6345.8			1.0
6346.700000000001			1.0
6347.6			1.0
6348.5			1.0
6349.4			1.0
6350.3			1.0
6351.200000000001			1.0
6352.1			1.0
6353.0			1.0
6353.9			1.0
6354.8			1.0
6355.700000000001			1.0
6356.6			1.0
6357.5			1.0
6358.4			1.0
6359.3			1.0
6360.200000000001			1.0
6361.1			1.0
6362.0			1.0
6362.9			1.0
6363.8			1.0
6364.700000000001			1.0
6365.6			1.0
6366.5			1.0
6367.4			1.0
6368.3			1.0
6369.200000000001			1.0
6370.1			1.0
6371.0			1.0
6371.9			1.0
6372.8			1.0
6373.700000000001			1.0
6374.6			1.0
6375.5			1.0
6376.4			1.0
6377.3			1.0
6378.200000000001			1.0
6379.1			1.0
6380.0			1.0
6380.9			1.0
6381.8			1.0
6382.700000000001			1.0
6383.6			1.0
6384.5			1.0
6385.4			1.0
6386.3			1.0
6387.200000000001			1.0
6388.1			1.0
6389.0			1.0
6389.9			1.0
6390.8			1.0
6391.700000000001			1.0
6392.6			1.0
6393.5			1.0
6394.4			1.0
6395.3			1.0
6396.200000000001			1.0
6397.1			1.0
6398.0			1.0
6398.9			1.0
6399.8			1.0
6400.700000000001			1.0
6401.6			1.0
6402.5			1.0
6403.4			1.0
6404.3			1.0
6405.200000000001			1.0
6406.1			1.0
6407.0			1.0
6407.9			1.0
6408.8			1.0
6409.700000000001			1.0
6410.6			1.0
6411.5			1.0
6412.4			1.0
6413.3			1.0
6414.200000000001			1.0
6415.1			1.0
6416.0			1.0
6416.9			1.0
6417.8			1.0
6418.700000000001			1.0
6419.6			1.0
6420.5			1.0
6421.4			1.0
6422.3			1.0
6423.200000000001			1.0
6424.1			1.0
6425.0			1.0
6425.9			1.0
6426.8			1.0
6427.700000000001			1.0
6428.6			1.0
6429.5			1.0
6430.4			1.0
6431.3			1.0
6432.200000000001			1.0
6433.1			1.0
6434.0			1.0
6434.9			1.0
6435.8			1.0
6436.700000000001			1.0
6437.6			1.0
6438.5			1.0
6439.4			1.0
6440.3			1.0
6441.200000000001			1.0
6442.1			1.0
6443.0			1.0
6443.9			1.0
6444.8			1.0
6445.700000000001			1.0
6446.6			1.0
6447.5			0.9861110684701019
6448.4			0.9455968943399652
6449.3			0.9035422835269689
6450.200000000001			0.9050087615802451
6451.1			0.9497144954172555
6452.0			0.9913986211028285
6452.9			1.000758517410676
6453.8			1.0
6454.700000000001			0.9821631707324264
6455.6			0.9821405380124018
6456.5			1.0083168918396197
6457.4			1.0437746455966537
6458.3			1.067303550165552
6459.200000000001			1.0750134840758054
6460.1			1.0642022830094935
6461.0			1.031846210131574
6461.9			1.00067260959571
6462.8			1.0
6463.700000000001			1.0
6464.6			1.0
6465.5			1.0
6466.4			1.0
6467.3			1.0
6468.200000000001			1.0
6469.1			1.0
6470.0			1.0
6470.9			1.0
6471.8			1.0
6472.700000000001			1.0
6473.6			1.0
6474.5			1.0
6475.4			1.0
6476.3			1.0
6477.200000000001			1.0
6478.1			1.0
6479.0			1.0040558019601302
6479.9			0.993489257279225
6480.8			0.969039169933008
6481.700000000001			0.9469248071675875
6482.6			0.9505795516423681
6483.5			0.9786745113830413
6484.4			1.0013218537293986
6485.3			1.0054193673594438
6486.200000000001			1.004947198328066
6487.1			1.006412742193768
6488.0			1.0045313574261998
6488.9			0.9949242807193124
6489.8			0.9825717894623295
6490.700000000001			0.974322247378296
6491.6			0.9654267146289185
6492.5			0.9366738953099216
6493.4			0.8894993649798534
6494.3			0.8550784923873563
6495.200000000001			0.8505981214931952
6496.1			0.8674376277336853
6497.0			0.8914115445399692
6497.9			0.9099581572158207
6498.8			0.9220435927326688
6499.700000000001			0.9393177020643774
6500.6			0.9618425743446197
6501.5			0.977586879297527
6502.4			0.9860082431542427
6503.3			0.9899123235125542
6504.200000000001			0.9911005313855988
6505.1			0.9943536973205297
6506.0			1.002515503781422
6506.9			1.0099239772641981
6507.8			1.010697639719904
6508.700000000001			1.0079210742385647
6509.6			1.0071001104167312
6510.5			1.0091354620021757
6511.4			1.0106274252085967
6512.3			1.0092857944420024
6513.200000000001			1.0050478181296572
6514.1			0.9954402450197462
6515.0			0.9825698955701068
6515.9			0.9704027525997713
6516.8			0.9564994159287848
6517.700000000001			0.9418094097562848
6518.6			0.9403091708012384
6519.5			0.9590252266283406
6520.4			0.9812585294269283
6521.3			0.993239554724963
6522.200000000001			0.9974468481615116
6523.1			0.999962576680236
6524.0			1.0022726662900996
6524.9			1.0003883111874619
6525.8			0.9923439819703632
6526.700000000001			0.9833404537476581
6527.6			0.981532961239551
6528.5			0.9893206522726082
6529.4			0.998966643402389
6530.3			1.0031826923843274
6531.200000000001			0.996579635170904
6532.1			0.981997183228964
6533.0			0.972302967330081
6533.9			0.9777253500968672
6534.8			0.9935819518920335
6535.700000000001			1.0021516187388833
6536.6			0.9997412530701867
6537.5			1.0
6538.4			1.0
6539.3			1.0
6540.200000000001			1.0
6541.1			1.0
6542.0			1.0
6542.9			1.0
6543.8			1.0
6544.700000000001			1.0
6545.6			0.9833333667268364
6546.5			0.9840227179519397
6547.4			0.9992440887721152
6548.3			1.0104338735344085
6549.200000000001			1.0080356413158162
6550.1			0.9995542768472763
6551.0			0.9965961215793036
6551.9			1.0008092603292404
6552.8			1.0005883465615395
6553.700000000001			0.9871485959327337
6554.6			0.969783969684855
6555.5			1.0
6556.4			1.0108211410672465
6557.3			1.022663637294381
6558.200000000001			1.019641955088263
6559.1			1.0001210183910505
6560.0			0.9498563146645812
6560.9			0.8381666724186287
6561.8			0.6990004152179067
6562.700000000001			0.6528876339629591
6563.6			0.7542191766370423
6564.5			0.9100581866609384
6565.4			1.0155254776170268
6566.3			1.0544011477337847
6567.200000000001			1.0524221347474032
6568.1			1.0334156372266285
6569.0			1.0199271500293492
6569.9			1.0243682098501314
6570.8			1.0339025667429516
6571.700000000001			1.0316643871701126
6572.6			1.0182573894531914
6573.5			1.001171059923012
6574.4			0.991440721037482
6575.3			1.0022835383048825
6576.200000000001			1.0278130275502588
6577.1			1.0479129120205826
6578.0			1.0512281240859436
6578.9			1.042552122215837
6579.8			1.0320921997980508
6580.700000000001			1.026881072937227
6581.6			1.0286786764986147
6582.5			1.0349983786527235
6583.4			1.0424403430061846
6584.3			1.045509860606332
6585.200000000001			1.039587523395468
6586.1			1.034621154107493
6587.0			1.0434790340259363
6587.9			1.0571099893989573
6588.8			1.0620241227922451
6589.700000000001			1.0574467693819025
6590.6			1.0428980093233127
6591.5			1.008782164726335
6592.4			0.9663740547759632
6593.3			0.9517993518595739
6594.200000000001			0.9772907159404649
6595.1			1.0125643158285256
6596.0			1.0263589995210127
6596.9			1.0193315770216778
6597.8			1.0116841360368314
6598.700000000001			1.0170722639265888
6599.6			1.0334920038329518
6600.5			1.0482277948975602
6601.4			1.056013474272152
6602.3			1.0593515252908465
6603.200000000001			1.0550563723297084
6604.1			1.0428581236825905
6605.0			1.0317241676173534
6605.9			1.0236797487331246
6606.8			1.0103676607206677
6607.700000000001			0.9913488407269236
6608.6			0.9834966623086645
6609.5			0.999439277585536
6610.4			1.0263026510197428
6611.3			1.0433391349333583
6612.200000000001			1.0420326015339123
6613.1			1.032202224087015
6614.0			1.031919963152551
6614.9			1.045248581282966
6615.8			1.0613028791281929
6616.700000000001			1.0702741244997243
6617.6			1.0705686828271883
6618.5			1.0648834439537573
6619.4			1.057489699275467
6620.3			1.0525026608098997
6621.200000000001			1.0485132289861774
6622.1			1.0437310854688364
6623.0			1.0398443859317312
6623.9			1.0353418494124866
6624.8			1.0326239252668705
6625.700000000001			1.0344503159958691
6626.6			1.038750467491502
6627.5			1.0445215907278178
6628.4			1.0492941987651476
6629.3			1.0494287437104193
6630.200000000001			1.044850188972111
6631.1			1.0343628256384674
6632.0			1.015591724582588
6632.9			0.9950826456878127
6633.8			0.9885741778066468
6634.700000000001			1.002160847487435
6635.6			1.0219026305556487
6636.5			1.0341613882080525
6637.4			1.036948220417277
6638.3			1.031392660284028
6639.200000000001			1.0238881557466768
6640.1			1.0233170019904085
6641.0			1.023894241748287
6641.9			1.0142115534994671
6642.8			1.0009471482435848
6643.700000000001			1.000328355852501
6644.6			1.0130904120252562
6645.5			1.026458803047945
6646.4			1.0322795109940999
6647.3			1.0326253959291227
6648.200000000001			1.0335748862664416
6649.1			1.0388844205709837
6650.0			1.0464965162270838
6650.9			1.0518176212733366
6651.8			1.0499873026014945
6652.700000000001			1.0409335228038858
6653.6			1.0346413901049916
6654.5			1.0412142153883677
6655.4			1.0546819631662274
6656.3			1.0631176376212839
6657.200000000001			1.064663297144987
6658.1			1.0635145006773772
6659.0			1.0620248401114647
6659.9			1.0608103980732386
6660.8			1.0543089078717045
6661.700000000001			1.0328579881532172
6662.6			1.0061872152588573
6663.5			0.9972395651010609
6664.4			1.0078940219775874
6665.3			1.0237940318418564
6666.200000000001			1.0344023660494885
6667.1			1.0377949759972405
6668.0			1.0387661572223044
6668.9			1.0430464926951204
6669.8			1.0502347445862967
6670.700000000001			1.055919203622372
6671.6			1.0611955203850292
6672.5			1.064598467195093
6673.4			1.0603876877843939
6674.3			1.0531466346301246
6675.200000000001			1.0481523415072105
6676.1			1.0345947671963385
6677.0			1.0071562489267036
6677.9			0.988353476730672
6678.8			1.0000095967535232
6679.700000000001			1.0
6680.6			1.0
6681.5			1.0
6682.4			1.0
6683.3			1.0
6684.200000000001			1.0
6685.1			1.0
6686.0			1.0
6686.9			1.0
6687.8			1.0
6688.700000000001			1.0
6689.6			1.0
6690.5			1.0
6691.4			1.0
6692.3			1.0
6693.200000000001			1.0
6694.1			1.0
6695.0			1.0
6695.9			1.0
6696.8			1.0
6697.700000000001			1.0
6698.6			1.0
6699.5			1.0
6700.4			1.0
6701.3			1.0
6702.200000000001			1.0
6703.1			1.0
6704.0			1.0
6704.9			1.0
6705.8			1.0
6706.700000000001			1.0
6707.6			1.0
6708.5			1.0
6709.4			1.0
6710.3			1.0
6711.200000000001			1.0
6712.1			1.0
6713.0			1.0
6713.9			1.0
6714.8			1.0
6715.700000000001			1.0
6716.6			1.0
6717.5			1.0
6718.4			1.0
6719.3			1.0
6720.200000000001			1.0
6721.1			1.0
6722.0			1.0
6722.9			1.0
6723.8			1.0
6724.700000000001			1.0
6725.6			1.0
6726.5			1.0
6727.4			1.0
6728.3			1.0
6729.200000000001			1.0
6730.1			1.0
6731.0			1.0
6731.9			1.0
6732.8			1.0
6733.700000000001			1.0
6734.6			1.0
6735.5			1.0
6736.4			1.0
6737.3			1.0
6738.200000000001			1.0
6739.1			1.0
6740.0			1.0
6740.9			1.0
6741.8			1.0
6742.700000000001			1.0
6743.6			1.0
6744.5			1.0
6745.4			1.0
6746.3			1.0
6747.200000000001			1.0
6748.1			1.0
6749.0			1.0
6749.9			1.0
6750.8			1.0
6751.700000000001			1.0
6752.6			1.0
6753.5			1.0
6754.4			1.0
6755.3			1.0
6756.200000000001			1.0
6757.1			1.0
6758.0			1.0
6758.9			1.0
6759.8			1.0
6760.700000000001			1.0
6761.6			1.0
6762.5			1.0
6763.4			1.0
6764.3			1.0
6765.200000000001			1.0
6766.1			1.0
6767.0			1.0
6767.9			1.0
6768.8			1.0
6769.700000000001			1.0
6770.6			1.0
6771.5			1.0
6772.4			1.0
6773.3			1.0
6774.200000000001			1.0
6775.1			1.0
6776.0			1.0
6776.9			1.0
6777.8			1.0
6778.700000000001			1.0
6779.6			1.0
6780.5			1.0
6781.4			1.0
6782.3			1.0
6783.200000000001			1.0
6784.1			1.0
6785.0			1.0
6785.9			1.0
6786.8			1.0
6787.700000000001			1.0
6788.6			1.0
6789.5			1.0
6790.4			1.0
6791.3			1.0
6792.200000000001			1.0
6793.1			1.0
6794.0			1.0
6794.9			1.0
6795.8			1.0
6796.700000000001			1.0
6797.6			1.0
6798.5			1.0
6799.4			1.0
6800.3			1.0
6801.200000000001			1.0
6802.1			1.0
6803.0			1.0
6803.9			1.0
6804.8			1.0
6805.700000000001			1.0
6806.6			1.0
6807.5			1.0
6808.4			1.0
6809.3			1.0
6810.200000000001			1.0
6811.1			1.0
6812.0			1.0
6812.9			1.0
6813.8			1.0
6814.700000000001			1.0
6815.6			1.0
6816.5			1.0
6817.4			1.0
6818.3			1.0
6819.200000000001			1.0
6820.1			1.0
6821.0			1.0
6821.9			1.0
6822.8			1.0
6823.700000000001			1.0
6824.6			1.0
6825.5			1.0
6826.4			1.0
6827.3			1.0
6828.200000000001			1.0
6829.1			1.0
6830.0			1.0
6830.9			1.0
6831.8			1.0
6832.700000000001			1.0
6833.6			1.0
6834.5			1.0
6835.4			1.0
6836.3			1.0
6837.200000000001			1.0
6838.1			1.0
6839.0			1.0
6839.9			1.0
6840.8			1.0
6841.700000000001			1.0
6842.6			1.0
6843.5			1.0
6844.4			1.0
6845.3			1.0
6846.200000000001			1.0
6847.1			1.0
6848.0			1.0
6848.9			1.0
6849.8			1.0
6850.700000000001			1.0
6851.6			1.0
6852.5			1.0
6853.4			1.0
6854.3			1.0
6855.200000000001			1.0
6856.1			1.0
6857.0			1.0
6857.9			1.0
6858.8			1.0
6859.700000000001			1.0
6860.6			1.0
6861.5			1.0
6862.4			1.0
6863.3			1.0
6864.200000000001			1.0
6865.1			1.0
6866.0			1.0
6866.9			1.0
6867.8			1.0
6868.700000000001			1.0
6869.6			1.0
6870.5			1.0
6871.4			1.0
6872.3			1.0
6873.200000000001			1.0
6874.1			1.0
6875.0			1.0
6875.9			1.0
6876.8			1.0
6877.700000000001			1.0
6878.6			1.0
6879.5			1.0
6880.4			1.0
6881.3			1.0
6882.200000000001			1.0
6883.1			1.0
6884.0			1.0
6884.9			1.0
6885.8			1.0
6886.700000000001			1.0
6887.6			1.0
6888.5			1.0
6889.4			1.0
6890.3			1.0
6891.200000000001			1.0
6892.1			1.0
6893.0			1.0
6893.9			1.0
6894.8			1.0
6895.700000000001			1.0
6896.6			1.0
6897.5			1.0
6898.4			1.0
6899.3			1.0
6900.200000000001			1.0
6901.1			1.0
6902.0			1.0
6902.9			1.0
6903.8			1.0
6904.700000000001			1.0
6905.6			1.0
6906.5			1.0
6907.4			1.0
6908.3			1.0
6909.200000000001			1.0
6910.1			1.0
6911.0			1.0
6911.9			1.0
6912.8			1.0
6913.700000000001			1.0
6914.6			1.0
6915.5			1.0
6916.4			1.0
6917.3			1.0
6918.200000000001			1.0
6919.1			1.0
6920.0			1.0
6920.9			1.0
6921.8			1.0
6922.700000000001			1.0
6923.6			1.0
6924.5			1.0
6925.4			1.0
6926.3			1.0
6927.200000000001			1.0
6928.1			1.0
6929.0			1.0
6929.9			1.0
6930.8			1.0
6931.700000000001			1.0
6932.6			1.0
6933.5			1.0
6934.4			1.0
6935.3			1.0
6936.200000000001			1.0
6937.1			1.0
6938.0			1.0
6938.9			1.0
6939.8			1.0
6940.700000000001			1.0
6941.6			1.0
6942.5			1.0
6943.4			1.0
6944.3			1.0
6945.200000000001			1.0
6946.1			1.0
6947.0			1.0
6947.9			1.0
6948.8			1.0
6949.700000000001			1.0
6950.6			1.0
6951.5			1.0
6952.4			1.0
6953.3			1.0
6954.200000000001			1.0
6955.1			1.0
6956.0			1.0
6956.9			1.0
6957.8			1.0
6958.700000000001			1.0
6959.6			1.0
6960.5			1.0
6961.4			1.0
6962.3			1.0
6963.200000000001			1.0
6964.1			1.0
6965.0			1.0
6965.9			1.0
6966.8			1.0
6967.700000000001			1.0
6968.6			1.0
6969.5			1.0
6970.4			1.0
6971.3			1.0
6972.200000000001			1.0
6973.1			1.0
6974.0			1.0
6974.9			0.9932145668720447
6975.8			0.9815909216621961
6976.700000000001			0.9629843257966664
6977.6			0.9340854271297868
6978.5			0.9131448210105835
6979.4			0.9235451329373752
6980.3			0.9584839499832085
6981.200000000001			0.987756663521432
6982.1			0.9997609313819346
6983.0			1.0
6983.9			1.0
6984.8			1.0
6985.700000000001			1.0
6986.6			1.0
6987.5			1.0
6988.4			1.0
6989.3			1.0
6990.200000000001			1.0
6991.1			1.0
6992.0			1.0
6992.9			1.0
6993.8			1.0
6994.700000000001			1.0
6995.6			1.0
6996.5			1.0
6997.4			1.0
6998.3			1.0
6999.200000000001			1.0
7000.1			1.0
7001.0			1.0
7001.9			1.0
7002.8			1.0
7003.700000000001			1.0
7004.6			1.0
7005.5			1.0
7006.4			1.0
7007.3			1.0
7008.200000000001			1.0
7009.1			1.0
7010.0			1.0
7010.9			1.0
7011.8			1.0
7012.700000000001			1.0
7013.6			1.0
7014.5			1.0
7015.4			1.0
7016.3			1.0
7017.200000000001			1.0
7018.1			1.0
7019.0			1.0
7019.9			1.0
7020.8			1.0
7021.700000000001			1.0
7022.6			1.0
7023.5			1.0
7024.4			1.0
7025.3			1.0
7026.200000000001			1.0
7027.1			1.0
7028.0			1.0
7028.9			1.0
7029.8			1.0
7030.700000000001			1.0
7031.6			1.0
7032.5			1.0
7033.4			1.0
7034.3			1.0
7035.200000000001			1.0
7036.1			1.0
7037.0			1.0
7037.9			1.0
7038.8			1.0
7039.700000000001			1.0
7040.6			1.0
7041.5			1.0
7042.4			1.0
7043.3			1.0
7044.200000000001			1.0
7045.1			1.0
7046.0			1.0
7046.9			1.0
7047.8			1.0
7048.700000000001			1.0
7049.6			1.0
7050.5			1.0
7051.4			1.0
7052.3			1.0
7053.200000000001			1.0
7054.1			1.0
7055.0			1.0
7055.9			1.0
7056.8			1.0
7057.700000000001			1.0
7058.6			1.0
7059.5			1.0
7060.4			1.0
7061.3			1.0
7062.200000000001			1.0
7063.1			1.0
7064.0			1.0
7064.9			1.0
7065.8			1.0
7066.700000000001			1.0
7067.6			1.0
7068.5			1.0
7069.4			1.0
7070.3			1.0
7071.200000000001			1.0
7072.1			1.0
7073.0			1.0
7073.9			1.0
7074.8			1.0
7075.700000000001			1.0
7076.6			1.0
7077.5			1.0
7078.4			1.0
7079.3			1.0
7080.200000000001			1.0
7081.1			1.0
7082.0			1.0
7082.9			1.0
7083.8			1.0
7084.700000000001			1.0
7085.6			1.0
7086.5			1.0
7087.4			1.0
7088.3			1.0
7089.200000000001			1.0
7090.1			1.0
7091.0			1.0
7091.9			1.0
7092.8			1.0
7093.700000000001			1.0
7094.6			1.0
7095.5			1.0
7096.4			1.0
7097.3			1.0
7098.200000000001			1.0
7099.1			1.0
7100.0			1.0
7100.9			1.0
7101.8			1.0
7102.700000000001			1.0
7103.6			1.0
7104.5			1.0
7105.4			1.0
7106.3			1.0
7107.200000000001			1.0
7108.1			1.0
7109.0			1.0
7109.9			1.0
7110.8			1.0
7111.700000000001			1.0
7112.6			1.0
7113.5			1.0
7114.4			1.0
7115.3			1.0
7116.200000000001			1.0
7117.1			1.0
7118.0			1.0
7118.9			1.0
7119.8			1.0
7120.700000000001			1.0
7121.6			1.0
7122.5			1.0
7123.4			1.0
7124.3			1.0
7125.200000000001			1.0
7126.1			1.0
7127.0			1.0
7127.9			1.0
7128.8			1.0
7129.700000000001			1.0
7130.6			1.0
7131.5			1.0
7132.4			1.0
7133.3			1.0
7134.200000000001			1.0
7135.1			1.0
7136.0			1.0
7136.9			1.0
7137.8			1.0
7138.700000000001			1.0
7139.6			1.0
7140.5			1.0
7141.4			1.0
7142.3			1.0
7143.200000000001			1.0
7144.1			1.0
7145.0			1.0
7145.9			1.0
7146.8			1.0
7147.700000000001			1.0
7148.6			1.0
7149.5			1.0
7150.4			1.0
7151.3			1.0
7152.200000000001			1.0
7153.1			1.0
7154.0			1.0
7154.9			1.0
7155.8			1.0
7156.700000000001			1.0
7157.6			1.0
7158.5			1.0
7159.4			1.0
7160.3			1.0
7161.200000000001			1.0
7162.1			1.0
7163.0			1.0
7163.9			1.0
7164.8			1.0
7165.700000000001			1.0
7166.6			1.0
7167.5			1.0
7168.4			1.0
7169.3			1.0
7170.200000000001			1.0
7171.1			1.0
7172.0			1.0
7172.9			1.0
7173.8			1.0
7174.700000000001			1.0
7175.6			1.0
7176.5			1.0
7177.4			1.0
7178.3			1.0
7179.200000000001			1.0
7180.1			1.0
7181.0			1.0
7181.9			1.0
7182.8			1.0
7183.700000000001			1.0
7184.6			1.0
7185.5			1.0
7186.4			1.0
7187.3			1.0
7188.200000000001			1.0
7189.1			1.0
7190.0			1.0
7190.9			1.0
7191.8			1.0
7192.700000000001			1.0
7193.6			1.0
7194.5			1.0
7195.4			1.0
7196.3			1.0
7197.200000000001			1.0
7198.1			1.0
7199.0			1.0
7199.9			1.0
7200.8			1.0
7201.700000000001			1.0
7202.6			1.0
7203.5			1.0
7204.4			1.0
7205.3			1.0
7206.200000000001			1.0
7207.1			1.0
7208.0			1.0
7208.9			1.0
7209.8			1.0
7210.700000000001			1.0
7211.6			1.0
7212.5			1.0
7213.4			1.0
7214.3			1.0
7215.200000000001			1.0
7216.1			1.0
7217.0			1.0
7217.9			1.0
7218.8			1.0
7219.700000000001			1.0
7220.6			1.0
7221.5			1.0
7222.4			1.0
7223.3			1.0
7224.200000000001			1.0
7225.1			1.0
7226.0			1.0
7226.9			1.0
7227.8			1.0
7228.700000000001			1.0
7229.6			1.0
7230.5			1.0
7231.4			1.0
7232.3			1.0
7233.200000000001			1.0
7234.1			1.0
7235.0			1.0
7235.9			1.0
7236.8			1.0
7237.700000000001			1.0
7238.6			1.0
7239.5			1.0
7240.4			1.0
7241.3			1.0
7242.200000000001			1.0
7243.1			1.0
7244.0			1.0
7244.9			1.0
7245.8			1.0
7246.700000000001			1.0
7247.6			1.0
7248.5			1.0
7249.4			1.0
7250.3			1.0
7251.200000000001			1.0
7252.1			1.0
7253.0			1.0
7253.9			1.0
7254.8			1.0
7255.700000000001			1.0
7256.6			1.0
7257.5			1.0
7258.4			1.0
7259.3			1.0
7260.200000000001			1.0
7261.1			1.0
7262.0			1.0
7262.9			1.0
7263.8			1.0
7264.700000000001			1.0
7265.6			1.0
7266.5			1.0
7267.4			1.0
7268.3			1.0
7269.200000000001			1.0
7270.1			1.0
7271.0			1.0
7271.9			1.0
7272.8			1.0
7273.700000000001			1.0
7274.6			1.0
7275.5			1.0
7276.4			1.0
7277.3			1.0
7278.200000000001			1.0
7279.1			1.0
7280.0			1.0
7280.9			1.0
7281.8			1.0
7282.700000000001			1.0
7283.6			1.0
7284.5			1.0
7285.4			1.0
7286.3			1.0
7287.200000000001			1.0
7288.1			1.0
7289.0			1.0
7289.9			1.0
7290.8			1.0
7291.700000000001			1.0
7292.6			1.0
7293.5			1.0
7294.4			1.0
7295.3			1.0
7296.200000000001			1.0
7297.1			1.0
7298.0			1.0
7298.9			1.0
7299.8			1.0
7300.700000000001			1.0
7301.6			1.0
7302.5			1.0
7303.4			1.0
7304.3			1.0
7305.200000000001			1.0
7306.1			1.0
7307.0			1.0
7307.9			1.0
7308.8			1.0
7309.700000000001			1.0
7310.6			1.0
7311.5			1.0
7312.4			1.0
7313.3			1.0
7314.200000000001			1.0
7315.1			1.0
7316.0			1.0
7316.9			1.0
7317.8			1.0
7318.700000000001			1.0
7319.6			1.0
7320.5			1.0
7321.4			1.0
7322.3			1.0
7323.200000000001			1.0
7324.1			1.0
7325.0			1.0
7325.9			1.0
7326.8			1.0
7327.700000000001			1.0
7328.6			1.0
7329.5			1.0
7330.4			1.0
7331.3			1.0
7332.200000000001			1.0
7333.1			1.0
7334.0			1.0
7334.9			1.0
7335.8			1.0
7336.700000000001			1.0
7337.6			1.0
7338.5			1.0
7339.4			1.0
7340.3			1.0
7341.200000000001			1.0
7342.1			1.0
7343.0			1.0
7343.9			1.0
7344.8			1.0
7345.700000000001			1.0
7346.6			1.0
7347.5			1.0
7348.4			1.0
7349.3			1.0
7350.200000000001			1.0
7351.1			1.0
7352.0			1.0
7352.9			1.0
7353.8			1.0
7354.700000000001			1.0
7355.6			1.0
7356.5			1.0
7357.4			1.0
7358.3			1.0
7359.200000000001			1.0
7360.1			1.0
7361.0			1.0
7361.9			1.0
7362.8			1.0
7363.700000000001			1.0
7364.6			1.0
7365.5			1.0
7366.4			1.0
7367.3			1.0
7368.200000000001			1.0
7369.1			1.0
7370.0			1.0
7370.9			1.0
7371.8			1.0
7372.700000000001			1.0
7373.6			1.0
7374.5			1.0
7375.4			1.0
7376.3			1.0
7377.200000000001			1.0
7378.1			1.0
7379.0			1.0
7379.9			1.0
7380.8			1.0
7381.700000000001			1.0
7382.6			1.0
7383.5			1.0
7384.4			1.0
7385.3			1.0
7386.200000000001			1.0
7387.1			1.0
7388.0			1.0
7388.9			1.0
7389.8			1.0
7390.700000000001			1.0
7391.6			1.0
7392.5			1.0
7393.4			1.0
7394.3			1.0
7395.200000000001			1.0
7396.1			1.0
7397.0			1.0
7397.9			1.0
7398.8			1.0
7399.700000000001			1.0
7400.6			1.0
7401.5			1.0
7402.4			1.0
7403.3			1.0
7404.200000000001			1.0
7405.1			1.0
7406.0			1.0
7406.9			1.0
7407.8			1.0
7408.700000000001			1.0
7409.6			1.0
7410.5			1.0
7411.4			1.0
7412.3			1.0
7413.200000000001			1.0
7414.1			1.0
7415.0			1.0
7415.9			1.0
7416.8			1.0
7417.700000000001			1.0
7418.6			1.0
7419.5			1.0
7420.4			1.0
7421.3			1.0
7422.200000000001			1.0
7423.1			1.0
7424.0			1.0
7424.9			1.0
7425.8			1.0
7426.700000000001			1.0
7427.6			1.0
7428.5			1.0
7429.4			1.0
