3500.0			1.0
3500.9			1.0
3501.8			1.0
3502.7			1.0
3503.6			1.0
3504.5			1.0
3505.4			1.0
3506.3			1.0
3507.2			1.0
3508.1			1.0
3509.0			1.0
3509.9			1.0
3510.8			1.0
3511.7			1.0
3512.6			1.0
3513.5			1.0
3514.4			1.0
3515.3			1.0
3516.2			1.0
3517.1			1.0
3518.0			1.0
3518.9			1.0
3519.8			1.0
3520.7			1.0
3521.6			1.0
3522.5			1.0
3523.4			1.0
3524.3			1.0
3525.2			1.0
3526.1			1.0
3527.0			1.0
3527.9			1.0
3528.8			1.0
3529.7			1.0
3530.6			1.0
3531.5			1.0
3532.4			1.0
3533.3			1.0
3534.2			1.0
3535.1			1.0
3536.0			1.0
3536.9			1.0
3537.8			1.0
3538.7			1.0
3539.6			1.0
3540.5			1.0
3541.4			1.0
3542.3			1.0
3543.2			1.0
3544.1			1.0
3545.0			1.0
3545.9			1.0
3546.8			1.0
3547.7			1.0
3548.6			1.0
3549.5			1.0
3550.4			1.0
3551.3			1.0
3552.2			1.0
3553.1			1.0
3554.0			1.0
3554.9			1.0
3555.8			1.0
3556.7			1.0
3557.6			1.0
3558.5			1.0
3559.4			1.0
3560.3			1.0
3561.2			1.0
3562.1			1.0
3563.0			1.0
3563.9			1.0
3564.8			1.0
3565.7			1.0
3566.6			1.0
3567.5			1.0
3568.4			1.0
3569.3			1.0
3570.2			1.0
3571.1			1.0
3572.0			1.0
3572.9			1.0
3573.8			1.0
3574.7			1.0
3575.6			1.0
3576.5			1.0
3577.4			1.0
3578.3			1.0
3579.2			1.0
3580.1			1.0
3581.0			1.0
3581.9			1.0
3582.8			1.0
3583.7			1.0
3584.6			1.0
3585.5			1.0
3586.4			1.0
3587.3			1.0
3588.2			1.0
3589.1			1.0
3590.0			1.0
3590.9			1.0
3591.8			1.0
3592.7			1.0
3593.6			1.0
3594.5			1.0
3595.4			1.0
3596.3			1.0
3597.2			1.0
3598.1			1.0
3599.0			1.0
3599.9			1.0
3600.8			1.0
3601.7			1.0
3602.6			1.0
3603.5			1.0
3604.4			1.0
3605.3			1.0
3606.2			1.0
3607.1			1.0
3608.0			1.0
3608.9			1.0
3609.8			1.0
3610.7			1.0
3611.6			1.0
3612.5			1.0
3613.4			1.0
3614.3			1.0
3615.2			1.0
3616.1			1.0
3617.0			1.0
3617.9			1.0
3618.8			1.0
3619.7			1.0
3620.6			1.0
3621.5			1.0
3622.4			1.0
3623.3			1.0
3624.2			1.0
3625.1			1.0
3626.0			1.0
3626.9			1.0
3627.8			1.0
3628.7			1.0
3629.6			1.0
3630.5			1.0
3631.4			1.0
3632.3			1.0
3633.2			1.0
3634.1			1.0
3635.0			1.0
3635.9			1.0
3636.8			1.0
3637.7			1.0
3638.6			1.0
3639.5			1.0
3640.4			1.0
3641.3			1.0
3642.2			1.0
3643.1			1.0
3644.0			1.0
3644.9			1.0
3645.8			1.0
3646.7			1.0
3647.6			1.0
3648.5			1.0
3649.4			1.0
3650.3			1.0
3651.2			1.0
3652.1			1.0
3653.0			1.0
3653.9			1.0
3654.8			1.0
3655.7			1.0
3656.6			1.0
3657.5			1.0
3658.4			1.0
3659.3			1.0
3660.2			1.0
3661.1			1.0
3662.0			1.0
3662.9			1.0
3663.8			1.0
3664.7			1.0
3665.6			1.0
3666.5			1.0
3667.4			1.0
3668.3			1.0
3669.2			1.0
3670.1			1.0
3671.0			1.0
3671.9			1.0
3672.8			1.0
3673.7			1.0
3674.6			1.0
3675.5			1.0
3676.4			1.0
3677.3			1.0
3678.2			1.0
3679.1			1.0
3680.0			1.0
3680.9			1.0
3681.8			1.0
3682.7			1.0
3683.6			1.0
3684.5			1.0
3685.4			1.0
3686.3			1.0
3687.2			1.0
3688.1			1.0
3689.0			1.0
3689.9			1.0
3690.8			1.0
3691.7			1.0
3692.6			1.0
3693.5			1.0
3694.4			1.0
3695.3			1.0
3696.2			1.0
3697.1			1.0
3698.0			1.0
3698.9			1.0
3699.8			1.0
3700.7			1.0
3701.6			1.0
3702.5			1.0
3703.4			1.0
3704.3			1.0
3705.2			1.0
3706.1			1.0
3707.0			1.0
3707.9			1.0
3708.8			1.0
3709.7			1.0
3710.6			1.0
3711.5			1.0
3712.4			1.0
3713.3			1.0
3714.2			1.0
3715.1			1.0
3716.0			1.0
3716.9			1.0
3717.8			1.0
3718.7			1.0
3719.6			1.0
3720.5			1.0
3721.4			1.0
3722.3			1.0
3723.2			1.0
3724.1			1.0
3725.0			1.0
3725.9			1.0
3726.8			1.0
3727.7			1.0
3728.6			1.0
3729.5			1.0
3730.4			1.0
3731.3			1.0
3732.2			1.0
3733.1			1.0
3734.0			1.0
3734.9			1.0
3735.8			1.0
3736.7			1.0
3737.6			1.0
3738.5			1.0
3739.4			1.0
3740.3			1.0
3741.2			1.0
3742.1			1.0
3743.0			1.0
3743.9			1.0
3744.8			1.0
3745.7			1.0
3746.6			1.0
3747.5			1.0
3748.4			1.0
3749.3			1.0
3750.2			1.0
3751.1			1.0
3752.0			1.0
3752.9			1.0
3753.8			1.0
3754.7			1.0
3755.6			1.0
3756.5			1.0
3757.4			1.0
3758.3			1.0
3759.2			1.0
3760.1			1.0
3761.0			1.0
3761.9			1.0
3762.8			1.0
3763.7			1.0
3764.6			1.0
3765.5			1.0
3766.4			1.0
3767.3			1.0
3768.2			1.0
3769.1			1.0
3770.0			1.0
3770.9			1.0
3771.8			1.0
3772.7			1.0
3773.6			1.0
3774.5			1.0
3775.4			1.0
3776.3			1.0
3777.2			1.0
3778.1			1.0
3779.0			1.0
3779.9			1.0
3780.8			1.0
3781.7			1.0
3782.6			1.0
3783.5			1.0
3784.4			1.0
3785.3			1.0
3786.2			1.0
3787.1			1.0
3788.0			1.0
3788.9			1.0
3789.8			1.0
3790.7			1.0
3791.6			1.0
3792.5			1.0
3793.4			1.0
3794.3			1.0
3795.2			1.0
3796.1			1.0
3797.0			1.0
3797.9			1.0
3798.8			1.0
3799.7			1.0
3800.6			1.0
3801.5			1.0
3802.4			1.0
3803.3			1.0
3804.2			1.0
3805.1			1.0
3806.0			1.0
3806.9			1.0
3807.8			1.0
3808.7			1.0
3809.6			1.0
3810.5			1.0
3811.4			1.0
3812.3			1.0
3813.2			1.0
3814.1			1.0
3815.0			1.0
3815.9			1.0
3816.8			1.0
3817.7			1.0
3818.6			1.0
3819.5			1.0
3820.4			1.0
3821.3			1.0
3822.2			1.0
3823.1			1.0
3824.0			1.0
3824.9			1.0
3825.8			1.0
3826.7			1.0
3827.6			1.0
3828.5			1.0
3829.4			1.0
3830.3			1.0
3831.2			1.0
3832.1			1.0
3833.0			1.0
3833.9			1.0
3834.8			1.0
3835.7			1.0
3836.6			1.0
3837.5			1.0
3838.4			1.0
3839.3			1.0
3840.2			1.0
3841.1			1.0
3842.0			1.0
3842.9			1.0
3843.8			1.0
3844.7			1.0
3845.6			1.0
3846.5			1.0
3847.4			1.0
3848.3			1.0
3849.2			1.0
3850.1			1.0
3851.0			1.0
3851.9			1.0
3852.8			1.0
3853.7			1.0
3854.6			1.0
3855.5			1.0
3856.4			1.0
3857.3			1.0
3858.2			1.0
3859.1			1.0
3860.0			1.0
3860.9			1.0
3861.8			1.0
3862.7			1.0
3863.6			1.0
3864.5			1.0
3865.4			1.0
3866.3			1.0
3867.2			1.0
3868.1			1.0
3869.0			1.0
3869.9			1.0
3870.8			1.0
3871.7			1.0
3872.6			1.0
3873.5			1.0
3874.4			1.0
3875.3			1.0
3876.2			1.0
3877.1			1.0
3878.0			1.0
3878.9			1.0
3879.8			1.0
3880.7			1.0
3881.6			1.0
3882.5			1.0
3883.4			1.0
3884.3			1.0
3885.2			1.0
3886.1			1.0
3887.0			1.0
3887.9			1.0
3888.8			1.0
3889.7			1.0
3890.6			1.0
3891.5			1.0
3892.4			1.0
3893.3			1.0
3894.2			1.0
3895.1			1.0
3896.0			1.0
3896.9			1.0
3897.8			1.0
3898.7			1.0
3899.6			1.0
3900.5			1.0
3901.4			1.0
3902.3			1.0
3903.2			1.0
3904.1			1.0
3905.0			1.0
3905.9			1.0
3906.8			1.0
3907.7			1.0
3908.6			1.0
3909.5			1.0
3910.4			1.0
3911.3			1.0
3912.2			1.0
3913.1			1.0
3914.0			1.0
3914.9			1.0
3915.8			1.0
3916.7			1.0
3917.6			1.0
3918.5			1.0
3919.4			1.0
3920.3			1.0
3921.2			1.0
3922.1			1.0
3923.0			1.0
3923.9			1.0
3924.8			1.0
3925.7			1.0
3926.6			1.0
3927.5			1.0
3928.4			1.0
3929.3			1.0
3930.2			1.0
3931.1			1.0
3932.0			1.0
3932.9			1.0
3933.8			1.0
3934.7			1.0
3935.6			1.0
3936.5			1.0
3937.4			1.0
3938.3			1.0
3939.2			1.0
3940.1			1.0
3941.0			1.0
3941.9			1.0
3942.8			1.0
3943.7			1.0
3944.6			1.0
3945.5			1.0
3946.4			1.0
3947.3			1.0
3948.2			1.0
3949.1			1.0
3950.0			1.0
3950.9			1.0
3951.8			1.0
3952.7			1.0
3953.6			1.0
3954.5			1.0
3955.4			1.0
3956.3			1.0
3957.2			1.0
3958.1			1.0
3959.0			1.0
3959.9			1.0
3960.8			1.0
3961.7			1.0
3962.6			1.0
3963.5			1.0
3964.4			1.0
3965.3			1.0
3966.2			1.0
3967.1			1.0
3968.0			1.0
3968.9			1.0
3969.8			1.0
3970.7			1.0
3971.6			1.0
3972.5			1.0
3973.4			1.0
3974.3			1.0
3975.2			1.0
3976.1			1.0
3977.0			1.0
3977.9			1.0
3978.8			1.0
3979.7			1.0
3980.6			1.0
3981.5			1.0
3982.4			1.0
3983.3			1.0
3984.2			1.0
3985.1			1.0
3986.0			1.0
3986.9			1.0
3987.8			1.0
3988.7			1.0
3989.6			1.0
3990.5			1.0
3991.4			1.0
3992.3			1.0
3993.2			1.0
3994.1			1.0
3995.0			1.0
3995.9			1.0
3996.8			1.0
3997.7			1.0
3998.6			1.0
3999.5			1.0
4000.4			1.0
4001.3			1.0
4002.2			1.0
4003.1			1.0222490506648594
4004.0			0.957175022032421
4004.9			0.8005278136667123
4005.8			0.7103892002896532
4006.7			0.7764112452473502
4007.6			0.9039624948065789
4008.5			1.0023118137451978
4009.4			1.0
4010.3			1.0
4011.2			1.0
4012.1			1.0
4013.0			1.0
4013.9			1.0
4014.8			1.0
4015.7			1.0
4016.6			1.0
4017.5			1.0
4018.4			1.0
4019.3			1.0
4020.2			1.0
4021.1			1.0
4022.0			1.0
4022.9			1.0
4023.8			1.0
4024.7			1.0
4025.6			1.0
4026.5			1.0
4027.4			1.0
4028.3			1.0
4029.2			0.9633807145284211
4030.1			0.7972652630446366
4031.0			0.636598234939669
4031.9			0.5804867203613142
4032.8			0.5676918624672614
4033.7			0.5649335033500377
4034.6			0.6232540315598846
4035.5			0.7508642620450351
4036.4			0.8950011509745828
4037.3			0.9905265376745426
4038.2			0.9967037005360894
4039.1			1.0
4040.0			1.0
4040.9			1.0
4041.8			1.0279654618458183
4042.7			1.0446111347659623
4043.6			0.9340607694324319
4044.5			0.7046711468194726
4045.4			0.5125006106801793
4046.3			0.5197547877610371
4047.2			0.7140454829049248
4048.1			0.9111934205188219
4049.0			0.9991186837926258
4049.9			1.0
4050.8			1.0
4051.7			1.0
4052.6			1.0
4053.5			1.0
4054.4			1.0
4055.3			1.0
4056.2			1.0
4057.1			1.0
4058.0			1.0
4058.9			1.0
4059.8			1.0
4060.7			1.1050749668476967
4061.6			1.064073592869803
4062.5			0.8546974150670507
4063.4			0.6506270479517394
4064.3			0.6718302447001271
4065.2			0.8728951644706784
4066.1			0.9947193859877663
4067.0			1.0
4067.9			1.0
4068.8			1.0
4069.7			1.0
4070.6			1.0
4071.5			1.0
4072.4			1.0
4073.3			1.0
4074.2			1.0
4075.1			0.9210260512345949
4076.0			0.7341178800390928
4076.9			0.5822037404566128
4077.8			0.5738065669607731
4078.7			0.6998034279734471
4079.6			0.8619017243944105
4080.5			1.0027136208605645
4081.4			1.0
4082.3			1.0
4083.2			1.0
4084.1			1.0
4085.0			1.0
4085.9			1.0
4086.8			1.0
4087.7			1.0
4088.6			1.0
4089.5			1.0
4090.4			1.0
4091.3			1.0
4092.2			1.0
4093.1			1.0
4094.0			1.0
4094.9			1.0
4095.8			1.0
4096.7			1.0
4097.6			1.0332043450309252
4098.5			1.0796959236803119
4099.4			1.0524664301351283
4100.3			0.9271320164409665
4101.2			0.8050740744661388
4102.1			0.8213511420048569
4103.0			0.9256612533580368
4103.9			0.9807210651550817
4104.8			1.0012387302196684
4105.7			1.0
4106.6			1.0
4107.5			1.0
4108.4			1.0
4109.3			1.0
4110.2			1.0
4111.1			1.0
4112.0			1.0
4112.9			1.0
4113.8			1.0
4114.7			1.0
4115.6			1.0
4116.5			1.0
4117.4			1.0
4118.3			1.0
4119.2			1.0
4120.1			1.0
4121.0			1.0
4121.9			1.0
4122.8			1.0
4123.7			1.0
4124.6			1.0
4125.5			1.0
4126.4			1.0
4127.3			1.0
4128.2			1.0
4129.1			1.0
4130.0			1.0
4130.9			1.0
4131.8			1.0
4132.7			1.0
4133.6			1.0
4134.5			1.0
4135.4			1.0
4136.3			1.0
4137.2			1.0
4138.1			1.0
4139.0			1.017441250889742
4139.9			1.035188906399213
4140.8			1.014946435891666
4141.7			0.9043003245887341
4142.6			0.7152845078749002
4143.5			0.5899497176871161
4144.4			0.6520449091905458
4145.3			0.8361331010188786
4146.2			0.9801177629825283
4147.1			1.0236343425317542
4148.0			1.0007963494658951
4148.9			1.0
4149.8			1.0
4150.7			1.0
4151.6			1.0
4152.5			1.0
4153.4			1.0
4154.3			1.0
4155.2			1.0
4156.1			1.0
4157.0			1.0
4157.9			1.0
4158.8			1.0
4159.7			1.0
4160.6			1.0
4161.5			1.0
4162.4			1.0
4163.3			1.0
4164.2			1.0
4165.1			1.0
4166.0			1.0
4166.9			1.0
4167.8			1.0
4168.7			1.0
4169.6			1.0895158299298922
4170.5			1.133328298046485
4171.4			1.0526973007013707
4172.3			0.8735202962102522
4173.2			0.7744775713996253
4174.1			0.8381218013401451
4175.0			0.9567094970337653
4175.9			1.0184287522914643
4176.8			1.0013235747820106
4177.7			1.0
4178.6			1.0
4179.5			1.0
4180.4			1.0
4181.3			1.0
4182.2			1.0
4183.1			1.0
4184.0			1.0
4184.9			1.0
4185.8			1.0
4186.7			1.0
4187.6			0.8902885818357893
4188.5			0.9388391553747272
4189.4			1.0154374148383392
4190.3			0.9923953219897275
4191.2			0.9349289932778289
4192.1			0.9577167996329514
4193.0			1.0362651904069102
4193.9			1.0554922635898107
4194.8			0.971199522671392
4195.7			0.8393285865727051
4196.6			0.7500204662143239
4197.5			0.738507496783941
4198.4			0.769289093768285
4199.3			0.8193150354009974
4200.2			0.8487812619412326
4201.1			0.8027867910530114
4202.0			0.741653634344161
4202.9			0.7610228819345687
4203.8			0.8110721013871273
4204.7			0.8265376433446903
4205.6			0.857444511814554
4206.5			0.9315519015875171
4207.4			1.0037489230145464
4208.3			1.0
4209.2			1.0
4210.1			1.0
4211.0			1.0
4211.9			1.0
4212.8			0.9151591291832786
4213.7			0.7678778783112307
4214.6			0.6087676722506835
4215.5			0.5537446871636086
4216.4			0.6784157651526745
4217.3			0.8713299529947289
4218.2			0.9635390950259869
4219.1			1.0
4220.0			1.0
4220.9			1.0
4221.8			1.0
4222.7			0.8834691846832492
4223.6			0.7506968277969281
4224.5			0.622120510972572
4225.4			0.4614462160358134
4226.3			0.31255020287290325
4227.2			1.0
4228.1			1.3815507646385723
4229.0			1.8207794943293785
4229.9			2.0386600224990845
4230.8			2.067778573995341
4231.7			1.8766243864699899
4232.6			1.517540249733938
4233.5			1.2537483136927396
4234.4			1.1765603709027788
4235.3			1.1220960578410468
4236.2			1.0279291725988449
4237.1			0.9755313622381397
4238.0			0.9647009117949872
4238.9			0.9392549050290165
4239.8			0.906609320559295
4240.7			0.9024122539026418
4241.6			0.9091286290739706
4242.5			0.9075923554041592
4243.4			0.9357543309691737
4244.3			0.9796708133932254
4245.2			1.0
4246.1			1.0
4247.0			1.0
4247.9			1.0
4248.8			1.0
4249.7			1.0
4250.6			1.0
4251.5			1.0
4252.4			1.0
4253.3			1.0
4254.2			1.0
4255.1			1.0
4256.0			1.0
4256.9			1.1212472501785118
4257.8			1.0962989209792198
4258.7			0.9443446056749192
4259.6			0.7907429013788226
4260.5			0.7092842389987694
4261.4			0.7376654472121633
4262.3			0.8550988892682705
4263.2			0.9642164787071392
4264.1			1.009296426974091
4265.0			1.0
4265.9			1.0
4266.8			0.9712864488513595
4267.7			0.8850051103360288
4268.6			0.8067371360730189
4269.5			0.7378510278237876
4270.4			0.6225419793096768
4271.3			0.4888439097069039
4272.2			0.4619899386329771
4273.1			0.5449667516302698
4274.0			0.6031061341695805
4274.9			0.6298518109979981
4275.8			0.7236591647472829
4276.7			0.8714217149081115
4277.6			0.9940856187795403
4278.5			1.0
4279.4			1.0
4280.3			1.0
4281.2			1.0
4282.1			1.0
4283.0			1.0
4283.9			1.0
4284.8			1.0
4285.7			1.0
4286.6			1.0
4287.5			1.0395385413077953
4288.4			0.9606058320149155
4289.3			0.782697135282099
4290.2			0.6720827859322319
4291.1			0.7177054696986835
4292.0			0.8696985227694338
4292.9			1.0
4293.8			0.9929797949888494
4294.7			0.9441934447787772
4295.6			0.9583478605409314
4296.5			0.9658944084684706
4297.4			0.9073449322976781
4298.3			0.7844022114122889
4299.2			0.6298007929901658
4300.1			0.564074089481644
4301.0			0.6268302569755454
4301.9			0.6900614199862235
4302.8			0.6953690790224403
4303.7			0.705239817677684
4304.6			0.7084186500487227
4305.5			0.6633761766555418
4306.4			0.5927394766452688
4307.3			0.5117819503761073
4308.2			0.4533900493230895
4309.1			0.47586114256046425
4310.0			0.5730363062249255
4310.9			0.68640108982369
4311.8			0.7725450117739462
4312.7			0.8233266014618618
4313.6			0.8358918611954106
4314.5			0.8602571147697909
4315.4			1.007082279259261
4316.3			1.2255798602355006
4317.2			1.3305116754825475
4318.1			1.3004817967844167
4319.0			1.2264112521340296
4319.9			1.1457631002699584
4320.8			1.0
4321.7			0.9605591440870511
4322.6			0.9138300357467568
4323.5			0.7842752034397744
4324.4			0.6051488878648961
4325.3			0.4676381249582358
4326.2			0.4774030179988987
4327.1			0.6661351607539424
4328.0			0.899737642310433
4328.9			1.0066383755445834
4329.8			1.0
4330.7			1.0
4331.6			1.0
4332.5			1.0
4333.4			1.0
4334.3			1.0
4335.2			1.0752082542714854
4336.1			1.0463406757884268
4337.0			0.8758431039861087
4337.9			0.710882457878756
4338.8			0.6523132961133985
4339.7			0.6337104107012603
4340.6			0.6446122681858197
4341.5			0.761634845496577
4342.4			0.9199800872761743
4343.3			0.9822329654822919
4344.2			0.9915229592822805
4345.1			1.0
4346.0			1.0
4346.9			1.0
4347.8			1.0
4348.7			1.1103741088913441
4349.6			1.1359091984278513
4350.5			0.9639657444708924
4351.4			0.7444109853199231
4352.3			0.6883222917511143
4353.2			0.7866644340687416
4354.1			0.8866985998018266
4355.0			0.9376252088202107
4355.9			0.9973293040484887
4356.8			1.0
4357.7			1.0
4358.6			1.0
4359.5			1.0
4360.4			1.0
4361.3			1.0
4362.2			1.0
4363.1			1.0
4364.0			1.0
4364.9			1.0
4365.8			1.0
4366.7			1.0
4367.6			1.0
4368.5			1.0
4369.4			1.0
4370.3			1.0
4371.2			1.0054810193051913
4372.1			0.9758209730741582
4373.0			0.8841159080510705
4373.9			0.7509213013532904
4374.8			0.6630252221764705
4375.7			0.6915901488261534
4376.6			0.8178146768340117
4377.5			0.9443238098304261
4378.4			0.9875776723222744
4379.3			1.0
4380.2			0.9571584595410696
4381.1			0.8998767809772419
4382.0			0.7669532262621955
4382.9			0.5483248502374434
4383.8			0.39630434929862685
4384.7			0.4612182810807665
4385.6			0.6962630360737523
4386.5			0.9058096217680912
4387.4			0.9803117821830387
4388.3			1.0
4389.2			1.0
4390.1			1.0
4391.0			1.0
4391.9			1.0
4392.8			1.0
4393.7			1.0
4394.6			1.0
4395.5			1.0
4396.4			1.0
4397.3			1.0
4398.2			1.0
4399.1			1.0
4400.0			0.8899391394542888
4400.9			0.8895892104091122
4401.8			1.002780593310077
4402.7			1.0321831953970542
4403.6			0.8442520618462741
4404.5			0.6120489329152279
4405.4			0.5632495131024114
4406.3			0.6568275814303633
4407.2			0.7042271952180886
4408.1			0.6856512416088381
4409.0			0.7366280474306024
4409.9			0.8797429147857141
4410.8			0.998795434488934
4411.7			1.0
4412.6			1.0256446854818833
4413.5			0.9655631486938371
4414.4			0.8082903965202208
4415.3			0.7067990481227
4416.2			0.7613781754110678
4417.1			0.8824678201911866
4418.0			0.9895966277217603
4418.9			1.0
4419.8			1.0
4420.7			1.0
4421.6			1.0
4422.5			1.0
4423.4			1.0
4424.3			1.0
4425.2			1.0
4426.1			1.0
4427.0			1.0
4427.9			1.0
4428.8			1.0
4429.7			1.0
4430.6			1.0
4431.5			1.0
4432.4			1.0364708581577964
4433.3			0.9538356783814945
4434.2			0.8132670535793273
4435.1			0.7235612756346003
4436.0			0.75585264826505
4436.9			0.8782853759603791
4437.8			0.9955917476690186
4438.7			1.0
4439.6			1.0
4440.5			1.0
4441.4			1.0
4442.3			1.0
4443.2			1.0
4444.1			1.0
4445.0			1.0
4445.9			1.0
4446.8			1.0
4447.7			1.0
4448.6			1.0
4449.5			1.0
4450.4			1.0
4451.3			1.0
4452.2			1.0321144257981738
4453.1			0.9944029893663522
4454.0			0.9158932024541844
4454.9			0.8500531678244492
4455.8			0.8497505035599628
4456.7			0.8981347212118512
4457.6			0.9143697218999527
4458.5			0.8818923143706033
4459.4			0.8508554380865249
4460.3			0.8236733909216595
4461.2			0.777166341445376
4462.1			0.7880418721031148
4463.0			0.9208690662043479
4463.9			1.052777059454725
4464.8			1.0664721879269816
4465.7			1.0310153875035528
4466.6			1.0285169755559644
4467.5			1.0296643190104606
4468.4			0.9953585915254226
4469.3			0.9672958019318214
4470.2			0.9947111694481752
4471.1			1.0
4472.0			1.0
4472.9			1.0
4473.8			1.0
4474.7			1.0
4475.6			1.0
4476.5			1.0
4477.4			1.0412459738272137
4478.3			1.0052231452563214
4479.2			0.8999496033387457
4480.1			0.7927241323980997
4481.0			0.7417804538667592
4481.9			0.753945575008707
4482.8			0.8187597499631835
4483.7			0.9132679887575904
4484.6			0.9989594969590837
4485.5			1.0
4486.4			1.0
4487.3			1.0
4488.2			1.0
4489.1			1.0
4490.0			1.0
4490.9			1.0589425442869789
4491.8			1.1318954594213577
4492.7			1.1158783449400533
4493.6			0.9911601613022097
4494.5			0.8458871216737421
4495.4			0.776251955082796
4496.3			0.7931474012185437
4497.2			0.8653295449753765
4498.1			0.9531026940093951
4499.0			1.0054896243295606
4499.9			0.984029298231654
4500.8			1.0
4501.7			1.0
4502.6			1.0
4503.5			1.0
4504.4			1.0
4505.3			1.0
4506.2			1.0
4507.1			0.9469497723714747
4508.0			0.9379637556423833
4508.9			0.9613744958703655
4509.8			0.9918021987557685
4510.7			1.0021499442895279
4511.6			0.9715237037094601
4512.5			0.9126278065442365
4513.4			0.8610501550603522
4514.3			1.0
4515.2			1.0218532381364813
4516.1			1.054844934121482
4517.0			1.0431939381668809
4517.9			1.0130986214041982
4518.8			1.0403209157217046
4519.7			1.1291466371099004
4520.6			1.2119122620660674
4521.5			1.2025030967497472
4522.4			1.1022841194360804
4523.3			1.028277298956753
4524.2			1.020677616520795
4525.1			0.9973681061124388
4526.0			0.925972201985873
4526.9			0.8509873520829594
4527.8			0.8015720231458138
4528.7			0.7919852946133117
4529.6			0.814951343154143
4530.5			0.8500278397350903
4531.4			0.9095056347628869
4532.3			0.9726577916078305
4533.2			0.9672557408280156
4534.1			0.8914347851793132
4535.0			0.8415444155404582
4535.9			0.9106741494250515
4536.8			1.0657057139111268
4537.7			1.1594948319406442
4538.6			1.1221639529808396
4539.5			1.0205840938875053
4540.4			0.9385167716747032
4541.3			0.9311719174651129
4542.2			1.0000216210583501
4543.1			1.0
4544.0			1.0
4544.9			1.0
4545.8			1.0
4546.7			1.0
4547.6			1.0
4548.5			1.0
4549.4			1.0
4550.3			1.0086067283178182
4551.2			1.0203553827612957
4552.1			0.960034765596361
4553.0			0.8695940146371127
4553.9			0.8065254516121656
4554.8			0.7968156227599656
4555.7			0.8537971822915446
4556.6			0.945034338980498
4557.5			1.006837539867578
4558.4			1.0
4559.3			1.0
4560.2			1.0
4561.1			1.0
4562.0			0.9922842440349197
4562.9			0.9284136254745213
4563.8			0.8342057310310063
4564.7			0.7819663933419336
4565.6			0.8105525159508649
4566.5			0.9081529084458928
4567.4			1.0026913568778089
4568.3			1.0
4569.2			1.0
4570.1			1.0
4571.0			1.0
4571.9			0.9707737848729423
4572.8			1.0626706491705817
4573.7			1.120185007395265
4574.6			1.0817655695178354
4575.5			1.0458957868933128
4576.4			1.0489994990052722
4577.3			1.0319158160316702
4578.2			0.9656080893871787
4579.1			0.8775672218043594
4580.0			0.8228052353942682
4580.9			0.8409816823089631
4581.8			0.8995813282910144
4582.7			0.9284338697048686
4583.6			0.9150828840371986
4584.5			0.8935285452965487
4585.4			0.8757012778317422
4586.3			0.8809144351070954
4587.2			0.9336018221225244
4588.1			1.0007226891719094
4589.0			1.0
4589.9			0.9770023645851905
4590.8			0.9087740013845363
4591.7			0.8488731804214855
4592.6			0.8253469439124271
4593.5			0.8094391780383942
4594.4			0.7845358581066529
4595.3			0.7765266579821145
4596.2			0.7899137208478006
4597.1			0.8041447782086992
4598.0			0.8330027043897258
4598.9			0.8651269827138788
4599.8			0.8482852451240906
4600.7			0.8179667229677937
4601.6			0.8326724481877374
4602.5			0.8523442250332665
4603.4			0.8388332313987692
4604.3			0.8052156589770073
4605.2			0.7775052336565548
4606.1			0.8005095657748912
4607.0			0.8997010173346272
4607.9			1.0303679868975801
4608.8			1.1083990087939986
4609.7			1.0960663723199113
4610.6			1.0310194658273062
4611.5			0.9677472557378523
4612.4			0.925396078422936
4613.3			0.9153336490997306
4614.2			0.9514012136852654
4615.1			0.9950196045831552
4616.0			1.0154522817017575
4616.9			1.042895955108911
4617.8			1.054320403403475
4618.7			1.006064791134156
4619.6			0.9661171279236911
4620.5			0.9999653412777094
4621.4			1.0
4622.3			1.0
4623.2			1.0
4624.1			1.0
4625.0			1.0
4625.9			1.0
4626.8			1.0
4627.7			1.0
4628.6			1.0
4629.5			1.0
4630.4			1.0
4631.3			1.0
4632.2			1.0
4633.1			1.0
4634.0			1.0
4634.9			1.0
4635.8			1.0
4636.7			1.0
4637.6			1.0
4638.5			1.0
4639.4			1.0
4640.3			1.013141957190646
4641.2			1.087588349174001
4642.1			1.1326933234903824
4643.0			1.0979438125414676
4643.9			1.03081764733377
4644.8			0.9515753806519469
4645.7			0.8512239340338342
4646.6			0.7763285793550778
4647.5			0.7763853359361785
4648.4			0.8309927669329479
4649.3			0.8946739789544716
4650.2			0.947288435009561
4651.1			0.9850567132190026
4652.0			1.0
4652.9			0.9871140542083784
4653.8			0.9196344695544281
4654.7			0.8378920247779378
4655.6			0.7966685294976796
4656.5			0.8143988582047673
4657.4			0.8920339445064026
4658.3			0.9987695574278224
4659.2			1.0
4660.1			1.0
4661.0			1.0
4661.9			0.9162372051142835
4662.8			0.8587733244273226
4663.7			0.8595769647273157
4664.6			0.8802277049064918
4665.5			0.8419876854720958
4666.4			0.7398801731026168
4667.3			0.6664392174562701
4668.2			0.691625523964925
4669.1			0.7893110277654181
4670.0			0.8996758157297267
4670.9			0.9858861438624736
4671.8			1.02237511966794
4672.7			1.005597645479022
4673.6			1.0
4674.5			1.0
4675.4			1.0
4676.3			1.0
4677.2			1.0034585754005976
4678.1			0.9540977035581002
4679.0			0.8984524012120036
4679.9			0.8535554415658715
4680.8			0.8264381237942889
4681.7			0.843997655210355
4682.6			0.911346392415452
4683.5			0.9777223349198075
4684.4			0.9992555674853988
4685.3			1.0
4686.2			1.0
4687.1			1.0
4688.0			1.0
4688.9			1.0
4689.8			1.0
4690.7			1.0
4691.6			1.0
4692.5			1.0
4693.4			1.0
4694.3			1.0
4695.2			1.0
4696.1			1.0195821155701528
4697.0			0.9659291806392513
4697.9			0.867569402747161
4698.8			0.8048744821791405
4699.7			0.8098030517136817
4700.6			0.8362332916183951
4701.5			0.8443224196744086
4702.4			0.8401423782350983
4703.3			0.8484391578375302
4704.2			0.876450441365711
4705.1			0.8935287622122882
4706.0			0.875359338266148
4706.9			0.8378095145394358
4707.8			0.8063422800739988
4708.7			0.7925049110056117
4709.6			0.8133072358816097
4710.5			0.8720849832181067
4711.4			0.9187269606957538
4712.3			0.9094271248482344
4713.2			0.8563068592017274
4714.1			0.8039659728719969
4715.0			0.8076601427025066
4715.9			0.8692521772943888
4716.8			0.9258165720152203
4717.7			0.955422251664628
4718.6			0.9854569474755012
4719.5			1.017444201420977
4720.4			1.026663477862184
4721.3			1.0
4722.2			0.9702156566779716
4723.1			0.9765864770537112
4724.0			1.025584095446779
4724.9			1.062515822658174
4725.8			1.0252952429348243
4726.7			0.9089259510806045
4727.6			0.7919442230268563
4728.5			0.7534719279101111
4729.4			0.7832623179783056
4730.3			0.8252743543159003
4731.2			0.8635933169155686
4732.1			0.9032831391737407
4733.0			0.9340427831041057
4733.9			0.9664651710428863
4734.8			1.0009916202987634
4735.7			1.0
4736.6			1.0
4737.5			1.0
4738.4			1.0
4739.3			1.0
4740.2			1.0
4741.1			1.0
4742.0			1.0
4742.9			1.0
4743.8			1.0
4744.7			1.0
4745.6			1.0
4746.5			1.0
4747.4			1.0
4748.3			1.0
4749.2			1.0
4750.1			1.0
4751.0			1.0
4751.9			1.0
4752.8			1.0
4753.7			1.0
4754.6			1.0
4755.5			1.0
4756.4			1.0
4757.3			1.0
4758.2			1.0
4759.1			1.0
4760.0			1.0262158580229295
4760.9			1.004521758747791
4761.8			0.9532829264265394
4762.7			0.9185522449850444
4763.6			0.8984601567170865
4764.5			0.8659508152828188
4765.4			0.8308902728110773
4766.3			0.8320366575220006
4767.2			0.8770603465935735
4768.1			0.9407709416875053
4769.0			1.0068755085643204
4769.9			1.0366822526181472
4770.8			0.9991710299868619
4771.7			1.0
4772.6			1.0
4773.5			1.0
4774.4			1.0
4775.3			1.0
4776.2			1.0
4777.1			1.0
4778.0			1.0
4778.9			1.0
4779.8			0.9920886660049782
4780.7			0.9843211146203225
4781.6			0.95808929199201
4782.5			0.9167681186395813
4783.4			0.9025900402658059
4784.3			0.926044058286523
4785.2			0.9265976049679154
4786.1			0.8982156990441215
4787.0			0.9056473274872373
4787.9			0.9324236333073389
4788.8			0.9244142063385838
4789.7			0.9128182140043449
4790.6			0.938318944533788
4791.5			0.9880875830574926
4792.4			1.0539472907183083
4793.3			1.1349120565651651
4794.2			1.1961758221031766
4795.1			1.0
4796.0			0.9617295747222753
4796.9			0.9133814162987882
4797.8			0.8629910535347823
4798.7			0.8195982234582239
4799.6			0.8117603142386094
4800.5			0.8593651052022261
4801.4			0.9403601448741776
4802.3			0.9988690309775371
4803.2			0.9995329189464512
4804.1			1.0
4805.0			1.0
4805.9			1.0
4806.8			1.0
4807.7			1.0
4808.6			1.0
4809.5			1.0
4810.4			1.0
4811.3			1.0
4812.2			1.0
4813.1			1.0
4814.0			1.0
4814.9			1.0
4815.8			1.0
4816.7			1.0
4817.6			1.0
4818.5			1.0
4819.4			1.0
4820.3			1.0
4821.2			1.0
4822.1			1.0
4823.0			1.0
4823.9			1.0
4824.8			1.0
4825.7			1.0
4826.6			1.0
4827.5			1.0
4828.4			1.0
4829.3			1.011898986043
4830.2			1.008618044057569
4831.1			0.9416146960928131
4832.0			0.8823445138781044
4832.9			0.9088291542472048
4833.8			0.972103599259533
4834.7			0.9909243753185151
4835.6			1.0
4836.5			1.0
4837.4			1.0
4838.3			1.0
4839.2			1.0
4840.1			1.0
4841.0			1.0
4841.9			1.0
4842.8			1.0
4843.7			1.0
4844.6			1.0
4845.5			1.0
4846.4			1.0042790695127959
4847.3			0.9523519400378186
4848.2			0.9015011589073719
4849.1			0.9212322358977665
4850.0			0.9946072155958361
4850.9			1.0
4851.8			1.0
4852.7			1.0
4853.6			1.0
4854.5			1.0
4855.4			0.9536989637626959
4856.3			1.0190591431804228
4857.2			1.0938699031487287
4858.1			1.0788674478117428
4859.0			0.9816731730314131
4859.9			0.847452211369752
4860.8			0.7491031014150935
4861.7			0.7750495760994943
4862.6			0.8784053506139818
4863.5			0.9293360873667739
4864.4			0.9359667443856916
4865.3			0.9671472044495413
4866.2			1.0005684487842055
4867.1			1.0
4868.0			1.0
4868.9			1.0127513911822077
4869.8			0.9819964553324803
4870.7			0.8935880818063073
4871.6			0.8484269339799473
4872.5			0.9032633199542182
4873.4			0.9793395688890264
4874.3			1.0032227071058009
4875.2			1.0
4876.1			1.0
4877.0			1.0
4877.9			1.0
4878.8			1.0
4879.7			1.0
4880.6			1.0
4881.5			1.0
4882.4			1.0138187298750794
4883.3			1.041485987037671
4884.2			0.9928818865786337
4885.1			0.9025777963946604
4886.0			0.8589058494939351
4886.9			0.8836118631717507
4887.8			0.9216676094472516
4888.7			0.9191751856171616
4889.6			0.8614538138702557
4890.5			0.7889840197027962
4891.4			0.7926409872699836
4892.3			0.8865224461448145
4893.2			0.986290746805672
4894.1			1.0528579733350976
4895.0			1.0918970547409068
4895.9			1.0983473619047015
4896.8			1.0861772114198514
4897.7			1.0606337652089148
4898.6			0.9972911578128261
4899.5			1.0
4900.4			1.0
4901.3			1.0
4902.2			1.0
4903.1			1.0
4904.0			1.0
4904.9			1.0
4905.8			1.0534248307054637
4906.7			1.0393302273006906
4907.6			0.9687593431059566
4908.5			0.8899075935671088
4909.4			0.8344647090988595
4910.3			0.8182398313255527
4911.2			0.841653866486863
4912.1			1.0
4913.0			1.0345951110059912
4913.9			1.070378424185828
4914.8			1.1206566530237125
4915.7			1.15074450537652
4916.6			1.1103040866919307
4917.5			0.99513405628635
4918.4			0.853462668810496
4919.3			0.7480911051162237
4920.2			0.7235673385688186
4921.1			0.784940998549455
4922.0			0.8743747956699388
4922.9			0.9084566476057414
4923.8			0.8780592558991294
4924.7			0.8603458379107534
4925.6			0.9035843875523591
4926.5			0.9639746683784369
4927.4			1.0028163116345348
4928.3			1.0
4929.2			1.0
4930.1			1.0
4931.0			1.0
4931.9			1.0
4932.8			1.0
4933.7			1.0
4934.6			1.0251702506328482
4935.5			1.059733807007691
4936.4			1.0037822253852082
4937.3			0.8828520416985887
4938.2			0.7921125635711237
4939.1			0.7988298456062616
4940.0			0.8870990743717455
4940.9			0.9707613180431304
4941.8			0.9965576330478741
4942.7			1.0
4943.6			1.0
4944.5			1.0
4945.4			1.0
4946.3			1.0
4947.2			1.0
4948.1			1.0
4949.0			1.0
4949.9			1.0
4950.8			1.0
4951.7			1.0
4952.6			1.0
4953.5			1.0
4954.4			1.0186382650376806
4955.3			0.9998417433145744
4956.2			0.8938782198971654
4957.1			0.7708384276350042
4958.0			0.770076244637401
4958.9			0.8919629253149445
4959.8			1.0
4960.7			1.0245490809356697
4961.6			1.0154748425957838
4962.5			1.0287564900263015
4963.4			1.0305006714252052
4964.3			0.9720975666507975
4965.2			0.8922760886102284
4966.1			0.8600857315649776
4967.0			0.8754557298880016
4967.9			0.9034760374550165
4968.8			0.9275184863959116
4969.7			0.9402180429704906
4970.6			0.9572147725244992
4971.5			0.9969065369627771
4972.4			1.0
4973.3			1.0
4974.2			1.0
4975.1			1.0
4976.0			1.0
4976.9			1.0
4977.8			1.0
4978.7			0.9738498224457041
4979.6			0.9759449708559937
4980.5			0.9558738381313641
4981.4			0.8839065992608527
4982.3			0.8103351208613163
4983.2			0.7971914623026555
4984.1			0.8296971170353472
4985.0			0.8622194706189862
4985.9			0.9005588466743064
4986.8			0.9582185591854061
4987.7			0.9999247049669536
4988.6			1.0
4989.5			1.0
4990.4			1.0
4991.3			1.0
4992.2			1.0
4993.1			1.0
4994.0			1.0
4994.9			1.0
4995.8			1.0
4996.7			1.0
4997.6			1.0
4998.5			1.0
4999.4			1.0
5000.3			1.0
5001.2			1.0154240504461676
5002.1			1.0292758949151706
5003.0			1.0193694645583067
5003.9			0.9822319879899308
5004.8			0.9260122725658351
5005.7			0.8917291392026673
5006.6			0.9346520390521534
5007.5			1.043124880023768
5008.4			1.1245006852523507
5009.3			1.117466538868183
5010.2			1.0561568400323396
5011.1			0.9844949506790425
5012.0			0.9083904961127337
5012.9			0.8459010952808961
5013.8			0.8294566192973384
5014.7			0.8743969688489311
5015.6			0.941658313278973
5016.5			0.9674309211016409
5017.4			0.9499800633728771
5018.3			0.9406362943676073
5019.2			0.9583012472422382
5020.1			0.9687360850599221
5021.0			0.9466890216063877
5021.9			0.9227049874331885
5022.8			0.9458854874207158
5023.7			1.0016682002603805
5024.6			1.0404494645066018
5025.5			1.042043309214049
5026.4			1.0008535057836805
5027.3			1.0
5028.2			1.0
5029.1			1.0
5030.0			1.0
5030.9			1.0
5031.8			1.0
5032.7			1.0
5033.6			1.0
5034.5			1.0
5035.4			1.0
5036.3			0.9481240302742667
5037.2			0.9564600465782276
5038.1			0.9285990759120636
5039.0			0.8301702986225825
5039.9			0.7067319389675237
5040.8			0.6428865467185455
5041.7			0.6985612322305605
5042.6			0.8175120244792677
5043.5			0.9038542842314942
5044.4			0.9505659071893775
5045.3			0.9838440009094668
5046.2			1.0
5047.1			1.0
5048.0			1.0
5048.9			1.0
5049.8			1.0
5050.7			1.0
5051.6			1.0
5052.5			1.0
5053.4			1.0
5054.3			1.0
5055.2			1.0
5056.1			1.0
5057.0			1.0
5057.9			1.0
5058.8			1.0
5059.7			1.0
5060.6			1.0
5061.5			1.0
5062.4			1.0013931320143135
5063.3			0.9391394313630512
5064.2			0.8659515039672432
5065.1			0.8674963274122803
5066.0			0.9392771801728036
5066.9			0.9934288480506295
5067.8			1.0119718656480723
5068.7			1.0
5069.6			1.0
5070.5			1.0
5071.4			1.0
5072.3			1.0
5073.2			1.0
5074.1			1.0261145358677235
5075.0			1.006291838965031
5075.9			0.9961443522222289
5076.8			1.0180880611256569
5077.7			0.9935333460269925
5078.6			0.8813974913950738
5079.5			0.7803718393220973
5080.4			0.7909310857080725
5081.3			0.8733250234347391
5082.2			0.9279676305850211
5083.1			0.9413410861399698
5084.0			0.9626673313204451
5084.9			0.9986920461117557
5085.8			1.0
5086.7			1.0
5087.6			1.0
5088.5			1.0
5089.4			1.0
5090.3			1.0
5091.2			1.0
5092.1			1.0
5093.0			1.0
5093.9			1.0
5094.8			0.9821659998154469
5095.7			0.9501901389002626
5096.6			0.9072975980653963
5097.5			0.8477785258364926
5098.4			0.7997364269557408
5099.3			0.821150989112386
5100.2			0.9108973926811771
5101.1			0.9891943743350569
5102.0			1.0
5102.9			0.9673486932474212
5103.8			0.9383630272745834
5104.7			0.9310737609395281
5105.6			0.9264377911435866
5106.5			0.9007173559051097
5107.4			0.8733727295971416
5108.3			0.8638051562653238
5109.2			0.8554358030881204
5110.1			0.857035541502697
5111.0			0.8911753013437811
5111.9			0.9299054206822449
5112.8			0.9469425445968899
5113.7			0.9600424728410311
5114.6			1.0
5115.5			1.0258559685989443
5116.4			1.0619352211125512
5117.3			1.0930125087772562
5118.2			1.0965593311215993
5119.1			1.0741390889118785
5120.0			1.0389693335103605
5120.9			0.9950690691624772
5121.8			0.927761766995604
5122.7			0.8468570837298707
5123.6			0.8097328833919384
5124.5			0.8439329379914853
5125.4			0.898074782830715
5126.3			0.9145257882641352
5127.2			0.9018727035419689
5128.1			0.8939693672641358
5129.0			0.9019369104835879
5129.9			0.9263636445711554
5130.8			0.9640182868217112
5131.7			0.9986701054367253
5132.6			1.0
5133.5			1.0
5134.4			1.0
5135.3			1.0
5136.2			1.0
5137.1			1.0
5138.0			1.0
5138.9			0.9989371764860823
5139.8			1.0492208515921684
5140.7			1.0831082593205021
5141.6			1.0326579147349844
5142.5			0.9810603137253752
5143.4			1.0148102795947438
5144.3			1.070299083621705
5145.2			1.0732866437426045
5146.1			1.0449234439868513
5147.0			1.0339178323259377
5147.9			1.0625400084256094
5148.8			1.1097897306048805
5149.7			1.124130522768103
5150.6			1.094594796108628
5151.5			1.0694487537846324
5152.4			1.0790234953294382
5153.3			1.1130655222650354
5154.2			1.1631993024971135
5155.1			1.2270590763003377
5156.0			1.2968769802055775
5156.9			1.3578808310208943
5157.8			1.3873273712952225
5158.7			1.3921764878386351
5159.6			1.4094337690841978
5160.5			1.4264848698762107
5161.4			1.0
5162.3			0.9812939135903747
5163.2			0.9690397785834788
5164.1			0.9265550530455978
5165.0			0.8323067850077157
5165.9			0.7154024395867572
5166.8			0.6286671508697993
5167.7			0.6321818015045519
5168.6			0.7494547875160358
5169.5			0.898690043021587
5170.4			0.9263924390897168
5171.3			0.7899943204400782
5172.2			0.6562819844587211
5173.1			0.7116053773323772
5174.0			0.9232183358670322
5174.9			1.1037035596007378
5175.8			1.1728214721763648
5176.7			1.20672363469489
5177.6			1.2542656195661872
5178.5			1.285420026356059
5179.4			1.0
5180.3			0.9759385480079388
5181.2			0.9058289950771321
5182.1			0.7571400842770298
5183.0			0.6127308031727509
5183.9			0.6263198435417824
5184.8			0.8061682454988742
5185.7			0.9990486247961594
5186.6			1.0
5187.5			1.0044489974937378
5188.4			1.0164230812501303
5189.3			1.0642505642353077
5190.2			1.0562149158603178
5191.1			0.9384268822323165
5192.0			0.8282173157012735
5192.9			0.8373887584787026
5193.8			0.9033676586362985
5194.7			0.9351828115465982
5195.6			0.9548656045824682
5196.5			1.0006443027561847
5197.4			1.0
5198.3			1.0
5199.2			1.0
5200.1			1.0
5201.0			1.0
5201.9			0.9954354646640565
5202.8			0.9813660962297828
5203.7			0.9160195627643362
5204.6			0.816220740553128
5205.5			0.7647698762898594
5206.4			0.7738519311966174
5207.3			0.7705819263067115
5208.2			0.7531402937776749
5209.1			0.7785470356934925
5210.0			0.8435286998243907
5210.9			0.9166337507753872
5211.8			0.9856104049842078
5212.7			1.0363950735846734
5213.6			1.044102142764941
5214.5			0.999764822646584
5215.4			1.0
5216.3			1.0
5217.2			1.0
5218.1			1.0
5219.0			1.0
5219.9			1.0
5220.8			1.0
5221.7			1.0
5222.6			0.9530635681184128
5223.5			0.8749461535431544
5224.4			0.7887739785727087
5225.3			0.7131527850475059
5226.2			0.6741697066728847
5227.1			0.7204960048519
5228.0			0.8434308306101725
5228.9			0.9511021946812553
5229.8			1.0003107589672795
5230.7			1.0
5231.6			1.0
5232.5			1.0
5233.4			1.0
5234.3			1.0
5235.2			1.0
5236.1			1.0
5237.0			1.0
5237.9			1.0
5238.8			1.0
5239.7			1.0
5240.6			1.0174761458834878
5241.5			1.025833504077812
5242.4			1.020673563461692
5243.3			1.039297617692153
5244.2			1.0714881011252382
5245.1			1.0361880005219608
5246.0			0.9154074205521644
5246.9			0.8194489146230617
5247.8			0.8275260323234149
5248.7			0.8588992231071426
5249.6			0.8314082738198664
5250.5			0.8033926340885482
5251.4			0.8400018051176533
5252.3			0.9033305746502033
5253.2			0.9233139296164781
5254.1			0.8849188500377204
5255.0			0.8620803997215511
5255.9			0.9256083175055851
5256.8			1.0294427827551884
5257.7			1.0894354736121106
5258.6			1.0874467130045
5259.5			1.0
5260.4			0.9485933896565821
5261.3			0.8779783865486198
5262.2			0.7948792789800062
5263.1			0.7257418611798823
5264.0			0.6786702130492577
5264.9			0.6465479851619279
5265.8			0.6610075360192014
5266.7			0.736095638703177
5267.6			0.7706008561489676
5268.5			0.6816514211915782
5269.4			0.5786296257455125
5270.3			0.6149612094064235
5271.2			0.75207623103978
5272.1			0.8466156373012976
5273.0			0.8611736114906234
5273.9			0.8371584967258016
5274.8			0.8072628464864613
5275.7			0.8201832095615864
5276.6			0.8961977119949022
5277.5			1.0
5278.4			1.0225494811992433
5279.3			0.9841897965518168
5280.2			0.9258703418642868
5281.1			0.8841373479524424
5282.0			0.8552498885646665
5282.9			0.8262378352405393
5283.8			0.8286771202437638
5284.7			0.897230489589041
5285.6			0.9873132896549206
5286.5			1.0230531151490352
5287.4			0.997522895237329
5288.3			1.0
5289.2			1.0
5290.1			1.0
5291.0			1.009779646224934
5291.9			0.982276042077631
5292.8			0.948950807116191
5293.7			0.9430229094302862
5294.6			0.9413816283710161
5295.5			0.8964331662815125
5296.4			0.8065678972907746
5297.3			0.7368049848595459
5298.2			0.7582532537489042
5299.1			0.8416114323966535
5300.0			0.8867758176288963
5300.9			0.8749094509708168
5301.8			0.875035870602836
5302.7			0.9255808910611291
5303.6			1.001247664711904
5304.5			1.0
5305.4			1.0
5306.3			1.0
5307.2			1.0
5308.1			1.0
5309.0			1.0
5309.9			1.0
5310.8			1.0
5311.7			1.0
5312.6			1.0
5313.5			1.0
5314.4			1.0
5315.3			1.0
5316.2			1.0
5317.1			1.0
5318.0			1.0
5318.9			1.0
5319.8			1.0
5320.7			1.0
5321.6			1.0
5322.5			1.0
5323.4			1.0
5324.3			0.9851424569006971
5325.2			1.0012815373438617
5326.1			0.9659223405734175
5327.0			0.8293693501974326
5327.9			0.6985831638165185
5328.8			0.7154537142273929
5329.7			0.8524239259452123
5330.6			0.9702298791987518
5331.5			0.9987328347978952
5332.4			1.0
5333.3			1.0
5334.2			1.0
5335.1			1.0
5336.0			1.0
5336.9			1.0
5337.8			0.9987611400669112
5338.7			0.9625254918979194
5339.6			0.8812503112498935
5340.5			0.8360856994893274
5341.4			0.8816202391373942
5342.3			0.9593789685663352
5343.2			1.0004877525094733
5344.1			1.0
5345.0			1.0
5345.9			1.0
5346.8			1.0
5347.7			1.0
5348.6			1.0
5349.5			1.0
5350.4			1.0
5351.3			1.0
5352.2			1.0
5353.1			1.0
5354.0			1.0
5354.9			1.0
5355.8			1.0
5356.7			1.0
5357.6			1.0
5358.5			1.0
5359.4			1.0
5360.3			1.0
5361.2			1.0
5362.1			1.0
5363.0			1.0
5363.9			1.0
5364.8			1.0
5365.7			1.0
5366.6			1.0
5367.5			0.9909495069813143
5368.4			0.9550250897120215
5369.3			0.8799600512028751
5370.2			0.7967410655591952
5371.1			0.7702620683960707
5372.0			0.8316088344627883
5372.9			0.9259114293728522
5373.8			0.9850636140332698
5374.7			0.9958454919734058
5375.6			1.0
5376.5			1.0
5377.4			1.0
5378.3			1.0
5379.2			1.0
5380.1			1.0
5381.0			1.0
5381.9			1.0
5382.8			1.0
5383.7			1.0
5384.6			1.0
5385.5			1.0
5386.4			1.0
5387.3			1.0
5388.2			1.0
5389.1			1.0
5390.0			1.0
5390.9			1.0
5391.8			1.0
5392.7			1.0
5393.6			1.0
5394.5			1.0
5395.4			1.0
5396.3			1.0
5397.2			0.9714430986663418
5398.1			1.0443515860804446
5399.0			1.1114329514560113
5399.9			1.1100293207707759
5400.8			1.0946008075459377
5401.7			1.1002055818744296
5402.6			1.0777050510928037
5403.5			0.9911680518763483
5404.4			0.8780373623395369
5405.3			0.8093439222511285
5406.2			0.8260724812714331
5407.1			0.8912183215730224
5408.0			0.9193032826839218
5408.9			0.885465280030106
5409.8			0.8593930325833056
5410.7			0.8994135278070201
5411.6			0.9681214503902893
5412.5			1.0009755255908555
5413.4			0.990252128956514
5414.3			1.0
5415.2			1.0
5416.1			1.0
5417.0			1.0
5417.9			1.0
5418.8			1.0
5419.7			1.0
5420.6			1.0
5421.5			1.0153899688624828
5422.4			1.015408572104973
5423.3			0.968065571494064
5424.2			0.9274630934473291
5425.1			0.9413392908196125
5426.0			1.0
5426.9			1.0278012993795518
5427.8			0.977208601325375
5428.7			0.8704718102562155
5429.6			0.819038347285085
5430.5			0.8614818878189479
5431.4			0.8995270400756552
5432.3			0.8769175861950856
5433.2			0.8330100342117102
5434.1			0.8032740331021675
5435.0			0.7942559928133309
5435.9			0.8090320045193572
5436.8			0.8579479883004674
5437.7			0.9312203556468693
5438.6			0.994677486527219
5439.5			1.0238733782372749
5440.4			1.02142652627966
5441.3			1.0096638559079163
5442.2			1.0059001542523431
5443.1			1.0
5444.0			0.9744786049422492
5444.9			0.9089879999111469
5445.8			0.8227004728077845
5446.7			0.7855817287275566
5447.6			0.8426718253728582
5448.5			0.9377871573098486
5449.4			1.0000841035812886
5450.3			1.0
5451.2			1.0
5452.1			1.0
5453.0			0.9629927417362255
5453.9			0.9006057671406514
5454.8			0.833871265661497
5455.7			0.825329434672054
5456.6			0.8889841588778763
5457.5			0.966661027895974
5458.4			1.0025386736890423
5459.3			1.0
5460.2			1.0
5461.1			1.0
5462.0			1.0
5462.9			1.0
5463.8			1.0
5464.7			1.0
5465.6			1.0
5466.5			1.0
5467.4			1.0
5468.3			1.0
5469.2			0.9751597397693514
5470.1			0.9454735949007005
5471.0			0.9447575237742152
5471.9			0.9440789100996237
5472.8			0.9188464129463753
5473.7			0.9113967272980006
5474.6			0.9188545375317507
5475.5			0.879130825735708
5476.4			0.824616861997299
5477.3			0.8563338685489461
5478.2			0.9584178470428972
5479.1			1.013247236920808
5480.0			0.9661274671248923
5480.9			0.8920395298217526
5481.8			1.0
5482.7			1.0403234230482419
5483.6			1.1008799395222322
5484.5			1.1463061666850722
5485.4			1.1396306446912465
5486.3			1.0716544945197446
5487.2			1.005751712554935
5488.1			0.9955282707032981
5489.0			1.0048257467040371
5489.9			0.9980070068539189
5490.8			1.0001740053275445
5491.7			1.0008858121928204
5492.6			1.0
5493.5			1.0
5494.4			1.0
5495.3			1.0
5496.2			1.0
5497.1			1.0
5498.0			1.0
5498.9			1.0
5499.8			1.0
5500.7			1.0
5501.6			1.0
5502.5			1.0
5503.4			1.0
5504.3			1.0
5505.2			1.0
5506.1			1.0
5507.0			1.016366347645923
5507.9			1.0628443185951013
5508.8			1.0757649382541017
5509.7			1.055124041458222
5510.6			1.0089788540008826
5511.5			0.9430640553901146
5512.4			0.8979274478152492
5513.3			0.8962229677188466
5514.2			0.9153900016024347
5515.1			0.9324306666499044
5516.0			0.9395664129365667
5516.9			0.9613662018221724
5517.8			1.0059606505182517
5518.7			1.0
5519.6			1.0
5520.5			1.0
5521.4			1.0
5522.3			1.0
5523.2			1.0
5524.1			1.0002521825628163
5525.0			0.9869378471301137
5525.9			0.9649457625569181
5526.8			0.9325328200297782
5527.7			0.9029033125488422
5528.6			0.9128127551145898
5529.5			0.9605805318540842
5530.4			0.9978207545958792
5531.3			0.9994186626737684
5532.2			1.0
5533.1			1.0
5534.0			1.0
5534.9			1.0
5535.8			1.0
5536.7			1.0
5537.6			1.0
5538.5			1.0
5539.4			1.0
5540.3			1.0
5541.2			1.0
5542.1			1.0
5543.0			1.0
5543.9			1.0
5544.8			1.0
5545.7			1.0
5546.6			1.0
5547.5			1.0
5548.4			1.0
5549.3			1.0
5550.200000000001			1.0
5551.1			1.0
5552.0			1.0
5552.9			1.0
5553.8			1.0
5554.700000000001			1.0
5555.6			1.0
5556.5			1.0
5557.4			1.0
5558.3			1.0
5559.200000000001			1.0
5560.1			1.0
5561.0			1.0
5561.9			1.0
5562.8			1.0
5563.700000000001			1.0
5564.6			1.0
5565.5			1.0
5566.4			1.0
5567.3			1.0
5568.200000000001			1.0
5569.1			1.0
5570.0			1.0
5570.9			1.0
5571.8			1.0
5572.700000000001			1.0
5573.6			1.0
5574.5			1.0
5575.4			1.0
5576.3			1.0
5577.200000000001			1.0
5578.1			1.0
5579.0			1.0042851401736064
5579.9			1.0175981579081794
5580.8			1.0110502677995425
5581.700000000001			0.9940385579800805
5582.6			0.987826009394565
5583.5			0.9807270574117338
5584.4			0.9609672027176663
5585.3			0.9271176985638023
5586.200000000001			0.8788465666999261
5587.1			0.8360707392574084
5588.0			0.8226393327967806
5588.9			0.8353690586855069
5589.8			0.8607903726174809
5590.700000000001			0.8848307261680197
5591.6			0.8963428586867781
5592.5			0.8979858500081944
5593.4			0.901171729648469
5594.3			0.9233006284510387
5595.200000000001			0.9740145938611454
5596.1			1.0
5597.0			0.9837189094835168
5597.9			0.9377957043208504
5598.8			0.9061647435276681
5599.700000000001			0.8851653774906624
5600.6			0.8568922395488061
5601.5			0.8324440859885628
5602.4			0.8326422033562232
5603.3			0.8696146610439144
5604.200000000001			0.9280704824079441
5605.1			0.9783455203834363
5606.0			1.0020844779347673
5606.9			1.0
5607.8			1.0
5608.700000000001			1.0
5609.6			1.0
5610.5			1.0
5611.4			1.0
5612.3			1.0
5613.200000000001			0.9890307728436454
5614.1			0.9225902145075973
5615.0			0.8690885695220517
5615.9			0.9010440732275695
5616.8			0.9881066155211337
5617.700000000001			1.0
5618.6			1.0
5619.5			1.0
5620.4			1.0
5621.3			1.029938141638362
5622.200000000001			1.0290538883681422
5623.1			0.9717291360148423
5624.0			0.896168673995398
5624.9			0.8684879944631856
5625.8			0.8998584624501721
5626.700000000001			0.9402968238667212
5627.6			0.9697658187759218
5628.5			1.0044258410265094
5629.4			1.0
5630.3			1.0
5631.200000000001			1.0
5632.1			0.9916778030937995
5633.0			0.9814515553555072
5633.9			0.9705551195692641
5634.8			0.9521489888233095
5635.700000000001			0.9242286322318701
5636.6			0.9026575343896887
5637.5			0.9070844858181364
5638.4			0.9321424545404716
5639.3			0.9448104806879213
5640.200000000001			0.9293342548671005
5641.1			0.9124964332469244
5642.0			0.9212525507141854
5642.9			0.9436684721407008
5643.8			0.9605089697450337
5644.700000000001			0.9719065511120798
5645.6			0.9826178680497996
5646.5			0.99345892367071
5647.4			0.9980952615204731
5648.3			0.9901900400151812
5649.200000000001			0.9829639828033182
5650.1			0.9974338625415673
5651.0			1.0
5651.9			1.0214931800104785
5652.8			1.0161775860209994
5653.700000000001			0.9874562604780214
5654.6			0.9685472576365791
5655.5			0.9772291385810307
5656.4			0.9633834852967965
5657.3			0.8896929564437622
5658.200000000001			0.8276209107699722
5659.1			0.8517740683058812
5660.0			0.9140163582508888
5660.9			0.9308145414164337
5661.8			0.9121054738875337
5662.700000000001			0.9177456545081412
5663.6			0.9589211002209779
5664.5			1.0003722967921924
5665.4			1.0
5666.3			1.0
5667.200000000001			1.0
5668.1			1.0
5669.0			1.0
5669.9			1.0
5670.8			1.0
5671.700000000001			1.0
5672.6			1.0
5673.5			1.0
5674.4			1.0
5675.3			1.0
5676.200000000001			1.0
5677.1			1.0
5678.0			1.0
5678.9			1.0
5679.8			1.0005003183375374
5680.700000000001			0.9946546604576099
5681.6			0.9659682597610415
5682.5			0.9404500529300521
5683.4			0.9457523788614094
5684.3			0.9659055039076478
5685.200000000001			0.9682041845345993
5686.1			0.9445848008314256
5687.0			0.9203454681040572
5687.9			0.9177558972714878
5688.8			0.9393783992918012
5689.700000000001			0.969679452221087
5690.6			0.9953734159506339
5691.5			1.0199980511550173
5692.4			1.0360821010586077
5693.3			1.0302607782157702
5694.200000000001			1.0125921758595975
5695.1			1.0034266563518965
5696.0			1.0000623227328778
5696.9			1.0
5697.8			1.0
5698.700000000001			1.0
5699.6			1.0
5700.5			0.9691183770784703
5701.4			0.9423057139274241
5702.3			0.9483535360028126
5703.200000000001			0.9848737020283853
5704.1			1.0093849768597096
5705.0			0.9910732452954264
5705.9			0.9440667367549274
5706.8			0.8993808186975495
5707.700000000001			0.8641240872978347
5708.6			0.8461026250470306
5709.5			0.8549564433609339
5710.4			0.8628982183477069
5711.3			0.85897626703547
5712.200000000001			0.882590532640559
5713.1			0.9368938918835965
5714.0			0.9770528553460543
5714.9			0.9918962180638021
5715.8			0.997663042583591
5716.700000000001			0.9965717662208721
5717.6			1.0
5718.5			1.0
5719.4			1.0
5720.3			1.0
5721.200000000001			1.0
5722.1			1.0
5723.0			1.0
5723.9			1.0
5724.8			1.0
5725.700000000001			1.0
5726.6			1.0
5727.5			1.0
5728.4			1.0320155797167403
5729.3			1.0427068589556832
5730.200000000001			1.000416210221401
5731.1			0.9512091617436172
5732.0			0.9489967619710441
5732.9			0.9777670221664322
5733.8			0.9974498070966715
5734.700000000001			1.0
5735.6			1.0
5736.5			1.0
5737.4			1.0
5738.3			1.0
5739.200000000001			1.0
5740.1			1.0
5741.0			1.0
5741.9			1.0
5742.8			1.0
5743.700000000001			1.0
5744.6			1.0
5745.5			1.0
5746.4			1.0
5747.3			1.0
5748.200000000001			1.0
5749.1			1.0
5750.0			1.0
5750.9			1.002620867615346
5751.8			0.9595994447755463
5752.700000000001			0.900269065581123
5753.6			0.8680669612540133
5754.5			0.8908361138562483
5755.4			0.9503145591391258
5756.3			1.000779925516585
5757.200000000001			1.0
5758.1			1.0
5759.0			1.0
5759.9			1.0
5760.8			1.0
5761.700000000001			1.0
5762.6			1.0
5763.5			1.0
5764.4			1.0
5765.3			1.0
5766.200000000001			1.0
5767.1			1.0
5768.0			1.0
5768.9			1.0
5769.8			1.0
5770.700000000001			1.0
5771.6			1.0
5772.5			1.0
5773.4			1.0
5774.3			0.9944260409374819
5775.200000000001			1.0029186419090697
5776.1			1.0204666322462286
5777.0			1.0317920836630032
5777.9			1.031461542279693
5778.8			1.006870592147489
5779.700000000001			0.942407300041817
5780.6			0.8641659395751766
5781.5			0.8316446679821836
5782.4			0.8524418133683976
5783.3			0.8724779454265216
5784.200000000001			0.8585384901207012
5785.1			0.8485886556895292
5786.0			0.8830623318429927
5786.9			0.9385597414952668
5787.8			0.9810033674528251
5788.700000000001			0.9998263475133617
5789.6			1.0
5790.5			1.0
5791.4			1.0
5792.3			1.0
5793.200000000001			1.0
5794.1			1.0
5795.0			1.0
5795.9			0.9758955530832826
5796.8			0.923946760536389
5797.700000000001			0.897635611569028
5798.6			0.9337545285153764
5799.5			0.9986211358820106
5800.4			1.0
5801.3			1.0
5802.200000000001			1.0
5803.1			1.0
5804.0			1.0
5804.9			1.0
5805.8			1.0
5806.700000000001			1.0
5807.6			1.0
5808.5			1.0
5809.4			1.0
5810.3			1.0
5811.200000000001			1.0
5812.1			1.0
5813.0			1.0
5813.9			1.0
5814.8			1.0
5815.700000000001			1.0
5816.6			1.0
5817.5			1.0
5818.4			1.0
5819.3			1.0
5820.200000000001			1.0
5821.1			1.0
5822.0			1.0
5822.9			1.0
5823.8			1.0
5824.700000000001			1.0
5825.6			1.0
5826.5			1.0
5827.4			1.0
5828.3			1.0
5829.200000000001			1.0
5830.1			1.0
5831.0			1.0
5831.9			1.0
5832.8			1.0
5833.700000000001			1.0
5834.6			1.0
5835.5			1.0
5836.4			1.0
5837.3			1.0
5838.200000000001			1.0
5839.1			1.0
5840.0			1.0
5840.9			1.0
5841.8			1.0
5842.700000000001			1.0
5843.6			1.0
5844.5			1.0
5845.4			1.0
5846.3			1.0
5847.200000000001			1.0
5848.1			1.0
5849.0			1.0
5849.9			1.0
5850.8			1.0
5851.700000000001			1.0
5852.6			1.0
5853.5			0.9840832738436556
5854.4			1.0095629251125913
5855.3			1.0246743842927066
5856.200000000001			0.9932700546007315
5857.1			0.9438137440349125
5858.0			0.9280611796375752
5858.9			0.9533165347018039
5859.8			0.9921262713830046
5860.700000000001			1.016700283424621
5861.6			1.0118140744267252
5862.5			0.9952678336702405
5863.4			1.0
5864.3			1.0
5865.200000000001			1.0
5866.1			1.0
5867.0			1.0
5867.9			1.0
5868.8			1.0
5869.700000000001			1.0
5870.6			1.0
5871.5			1.0
5872.4			1.0
5873.3			1.0
5874.200000000001			1.0
5875.1			1.0
5876.0			1.0
5876.9			1.0
5877.8			1.0
5878.700000000001			1.0
5879.6			1.0
5880.5			1.0
5881.4			1.0
5882.3			1.0
5883.200000000001			1.0
5884.1			1.0
5885.0			1.0
5885.9			1.0
5886.8			1.0009320626075708
5887.700000000001			0.9239731599033493
5888.6			0.7618182223230533
5889.5			0.6151572608316749
5890.4			0.622644493494474
5891.3			0.7673654834370639
5892.200000000001			0.9146588451702455
5893.1			0.9959553788168095
5894.0			0.9871461597461348
5894.9			1.0
5895.8			1.0
5896.700000000001			1.0
5897.6			1.0
5898.5			1.0
5899.4			1.0
5900.3			1.0
5901.200000000001			1.0
5902.1			1.0
5903.0			1.0
5903.9			1.0
5904.8			1.0
5905.700000000001			1.0
5906.6			1.0
5907.5			1.0
5908.4			1.0
5909.3			1.0
5910.200000000001			1.0
5911.1			1.0
5912.0			1.0013144561880323
5912.9			0.9732818691560506
5913.8			0.9354712185593538
5914.700000000001			0.911478901124282
5915.6			0.9068809751879127
5916.5			0.9250529774710866
5917.4			0.9539155070797214
5918.3			0.9769259023626946
5919.200000000001			0.998826082824792
5920.1			1.0
5921.0			1.0
5921.9			1.0
5922.8			1.0
5923.700000000001			1.0
5924.6			1.0
5925.5			1.0
5926.4			1.0
5927.3			1.0
5928.200000000001			1.0
5929.1			1.0
5930.0			1.0
5930.9			1.0
5931.8			1.030129564912115
5932.700000000001			1.0239593275088588
5933.6			0.9818839294110177
5934.5			0.9477922607277124
5935.4			0.9550119084784415
5936.3			0.982044504438807
5937.200000000001			1.0002814499064923
5938.1			1.0
5939.0			1.0
5939.9			1.0
5940.8			1.0
5941.700000000001			1.0
5942.6			1.0
5943.5			1.0
5944.4			1.0
5945.3			1.0
5946.200000000001			1.0
5947.1			1.0
5948.0			1.0
5948.9			1.0
5949.8			1.0
5950.700000000001			1.0
5951.6			1.0
5952.5			1.0
5953.4			1.0
5954.3			1.0205822914713032
5955.200000000001			1.0177435847707572
5956.1			0.981666387959056
5957.0			0.9535899594551024
5957.9			0.9589682445832424
5958.8			0.982744312676568
5959.700000000001			1.0059709608484912
5960.6			1.0
5961.5			1.0
5962.4			1.0
5963.3			1.0
5964.200000000001			1.0
5965.1			1.0
5966.0			1.0
5966.9			1.0
5967.8			1.0
5968.700000000001			1.0
5969.6			1.0
5970.5			1.0
5971.4			1.0
5972.3			1.0
5973.200000000001			1.0
5974.1			1.0
5975.0			1.0
5975.9			1.0
5976.8			1.0
5977.700000000001			1.0
5978.6			1.0
5979.5			1.0
5980.4			1.0215446868737368
5981.3			1.0207172666259636
5982.200000000001			0.9938368789174737
5983.1			0.947005635798057
5984.0			0.9120310131432713
5984.9			0.9237000595931142
5985.8			0.965314954660398
5986.700000000001			0.992094748777504
5987.6			0.999523058840947
5988.5			1.0
5989.4			1.0
5990.3			1.0
5991.200000000001			1.0
5992.1			1.0
5993.0			1.0
5993.9			1.0
5994.8			1.0
5995.700000000001			1.0
5996.6			1.0
5997.5			1.0
5998.4			1.0
5999.3			1.0
6000.200000000001			1.0
6001.1			1.0
6002.0			1.0
6002.9			1.0
6003.8			1.0049283647074683
6004.700000000001			1.007120718338373
6005.6			0.9887696465415869
6006.5			0.9545305128719037
6007.4			0.9185165872226039
6008.3			0.9148422073310819
6009.200000000001			0.9555837572180945
6010.1			0.9969542017885592
6011.0			0.9974622507433386
6011.9			1.0
6012.8			1.0
6013.700000000001			1.0
6014.6			1.0
6015.5			1.0
6016.4			1.0
6017.3			1.0
6018.200000000001			1.0
6019.1			1.0
6020.0			1.0
6020.9			1.0
6021.8			1.0
6022.700000000001			1.0
6023.6			1.0
6024.5			1.0
6025.4			1.0
6026.3			1.0
6027.200000000001			1.0
6028.1			1.0
6029.0			1.0
6029.9			1.0
6030.8			1.0
6031.700000000001			1.0
6032.6			1.0
6033.5			1.0
6034.4			1.0
6035.3			1.0
6036.200000000001			1.0
6037.1			1.0
6038.0			1.0
6038.9			1.0
6039.8			1.0
6040.700000000001			1.0
6041.6			1.0
6042.5			1.0
6043.4			1.0
6044.3			1.0
6045.200000000001			1.0
6046.1			1.0
6047.0			1.0
6047.9			1.0
6048.8			1.0
6049.700000000001			1.0
6050.6			1.0
6051.5			1.0
6052.4			1.0
6053.3			1.0
6054.200000000001			1.0
6055.1			1.0
6056.0			1.0
6056.9			1.0
6057.8			1.0
6058.700000000001			1.0
6059.6			1.0
6060.5			1.0
6061.4			0.982092221923446
6062.3			0.9600935013452163
6063.200000000001			0.9382055993649168
6064.1			0.9066296803513221
6065.0			0.8800206171450795
6065.9			0.898410434307355
6066.8			0.953220118812783
6067.700000000001			0.9935044127086337
6068.6			0.9999036805871574
6069.5			1.0
6070.4			1.0
6071.3			1.0
6072.200000000001			1.0
6073.1			1.0
6074.0			1.0
6074.9			1.0
6075.8			1.0
6076.700000000001			1.0
6077.6			1.0
6078.5			1.0
6079.4			1.0
6080.3			1.0
6081.200000000001			1.0
6082.1			1.0
6083.0			1.0
6083.9			1.0
6084.8			1.0
6085.700000000001			1.0
6086.6			1.0
6087.5			1.0
6088.4			1.0
6089.3			1.0
6090.200000000001			1.0
6091.1			1.0
6092.0			1.0
6092.9			1.0
6093.8			1.0
6094.700000000001			1.0
6095.6			1.0
6096.5			1.0
6097.4			1.0
6098.3			1.0
6099.200000000001			1.0
6100.1			1.0095953549706564
6101.0			0.9758632715207441
6101.9			0.9077793214130695
6102.8			0.8725200128946199
6103.700000000001			0.9111453149016732
6104.6			0.971967167407764
6105.5			1.0006173026030343
6106.4			1.0
6107.3			1.0
6108.200000000001			1.0
6109.1			1.0
6110.0			1.0
6110.9			1.0
6111.8			1.0
6112.700000000001			1.0
6113.6			1.0
6114.5			1.0
6115.4			1.0
6116.3			1.0
6117.200000000001			1.0
6118.1			1.0033199130839725
6119.0			0.9840772246924381
6119.9			0.953969110016165
6120.8			0.9299392024027006
6121.700000000001			0.9153863088549978
6122.6			0.932077944922683
6123.5			0.9786627482458027
6124.4			1.0083508075690668
6125.3			0.9999968006503835
6126.200000000001			1.0
6127.1			1.0
6128.0			1.0
6128.9			1.0
6129.8			1.0
6130.700000000001			1.0
6131.6			1.0
6132.5			1.0
6133.4			0.9909610301154538
6134.3			0.9481291097459366
6135.200000000001			0.8777230138028925
6136.1			0.7975624257136864
6137.0			0.7627034881451957
6137.9			0.8280037279130006
6138.8			0.949542976508123
6139.700000000001			1.0231497406563617
6140.6			1.0072909321377035
6141.5			1.0
6142.4			1.0
6143.3			1.0
6144.200000000001			1.0
6145.1			1.0
6146.0			1.0
6146.9			1.0
6147.8			1.0
6148.700000000001			1.0
6149.6			1.0
6150.5			1.0
6151.4			1.0
6152.3			1.0
6153.200000000001			1.0
6154.1			1.0
6155.0			1.0
6155.9			1.0
6156.8			1.0
6157.700000000001			1.0
6158.6			1.0099160830452962
6159.5			0.9957389575102333
6160.4			0.9355741506643923
6161.3			0.8663259498046382
6162.200000000001			0.8406470783823037
6163.1			0.8661243091990425
6164.0			0.9180888256237278
6164.9			0.9657680689551731
6165.8			0.9981682375580294
6166.700000000001			1.0
6167.6			1.0
6168.5			1.0
6169.4			1.0
6170.3			1.0
6171.200000000001			1.0
6172.1			1.0
6173.0			1.0
6173.9			1.0
6174.8			1.0
6175.700000000001			1.0
6176.6			1.0
6177.5			1.0
6178.4			1.0
6179.3			1.0
6180.200000000001			1.0
6181.1			1.0
6182.0			1.0
6182.9			1.0
6183.8			1.0
6184.700000000001			1.0
6185.6			1.0
6186.5			0.964749862947775
6187.4			0.9407934721891615
6188.3			0.9343020219361834
6189.200000000001			0.9342608833648922
6190.1			0.9041471936881169
6191.0			0.8516580417182785
6191.9			0.8493104619098271
6192.8			0.9131152747402183
6193.700000000001			0.9755614034031974
6194.6			0.9977074111771914
6195.5			1.0000948381528603
6196.4			1.0047160939826747
6197.3			0.9991387784164807
6198.200000000001			1.0
6199.1			1.0
6200.0			1.0
6200.9			1.0
6201.8			1.0
6202.700000000001			1.0
6203.6			1.0
6204.5			1.0
6205.4			1.0
6206.3			1.0
6207.200000000001			1.0
6208.1			1.0
6209.0			1.0
6209.9			1.0
6210.8			0.9932131095068988
6211.700000000001			0.9844129922157138
6212.6			0.9469202820624859
6213.5			0.9000607401339681
6214.4			0.8869838456840069
6215.3			0.9054219822831919
6216.200000000001			0.9422363812472828
6217.1			0.984450130687208
6218.0			1.000295079847386
6218.9			1.0
6219.8			1.0
6220.700000000001			1.0
6221.6			1.0
6222.5			1.0
6223.4			1.0
6224.3			1.0
6225.200000000001			1.0
6226.1			1.0
6227.0			1.0071182408982084
6227.9			0.9991501580811887
6228.8			0.9591350384066195
6229.700000000001			0.8905328439154078
6230.6			0.8453922380585435
6231.5			0.8556358460736794
6232.4			0.8937591118516891
6233.3			0.9431119894024579
6234.200000000001			1.001224437081314
6235.1			1.0
6236.0			1.0050444486850447
6236.9			0.9861808077498154
6237.8			0.9570456483171799
6238.700000000001			0.9179767157278496
6239.6			0.8805186135616693
6240.5			0.8788487389483044
6241.4			0.9005120625911716
6242.3			0.8913548602975685
6243.200000000001			0.8700151418655298
6244.1			0.8844483066576778
6245.0			0.9143102311643097
6245.9			0.9382643748192392
6246.8			0.9754171122025103
6247.700000000001			1.0
6248.6			1.0105831326102002
6249.5			0.9990955410111958
6250.4			0.9783847627941322
6251.3			0.9418852092369495
6252.200000000001			0.9041950826382781
6253.1			0.8916315859396157
6254.0			0.9005296789499729
6254.9			0.9066802226807166
6255.8			0.8875336217843207
6256.700000000001			0.8489458885511009
6257.6			0.8162486198715478
6258.5			0.8233887567068369
6259.4			0.8810633432398864
6260.3			0.9355551083048201
6261.200000000001			0.9615853791862784
6262.1			0.9957842510925485
6263.0			1.0339579159985184
6263.9			1.0265067181137824
6264.8			0.9829614445417797
6265.700000000001			0.9693414222937261
6266.6			0.9992552845498629
6267.5			1.0
6268.4			1.0
6269.3			1.0
6270.200000000001			1.0
6271.1			1.0
6272.0			1.0
6272.9			1.0
6273.8			1.0
6274.700000000001			1.0
6275.6			1.0
6276.5			1.0
6277.4			1.0
6278.3			0.9991712616179645
6279.200000000001			0.9664912433675199
6280.1			0.9208384645488942
6281.0			0.9060473248378884
6281.9			0.9311190595511943
6282.8			0.9725235050870878
6283.700000000001			1.0003710773401882
6284.6			1.0
6285.5			1.0
6286.4			1.0
6287.3			1.0
6288.200000000001			1.0
6289.1			1.0
6290.0			1.0
6290.9			1.0
6291.8			1.0
6292.700000000001			1.0
6293.6			1.0180253425129435
6294.5			1.034643032269087
6295.4			1.0136819606211693
6296.3			0.9658392131830854
6297.200000000001			0.9450471555701884
6298.1			0.9718559373524681
6299.0			1.0117050306932989
6299.9			1.021310479778177
6300.8			1.000144070029869
6301.700000000001			1.0
6302.6			1.0
6303.5			1.0
6304.4			1.0
6305.3			1.0
6306.200000000001			1.0
6307.1			1.0
6308.0			1.0
6308.9			1.0
6309.8			0.9733402402271866
6310.700000000001			0.9431471343271102
6311.6			0.9276105755599645
6312.5			0.9315216715737306
6313.4			0.9316219873330227
6314.3			0.9102330497849579
6315.200000000001			0.8976814388981235
6316.1			0.9108227433369277
6317.0			0.9070712904450837
6317.9			0.8787463801032556
6318.8			0.8727978341607231
6319.700000000001			0.9017988298083809
6320.6			0.9367174540656598
6321.5			0.9515290486829464
6322.4			0.959285612071541
6323.3			0.9789650971114173
6324.200000000001			0.9984423230706135
6325.1			1.0038785277495634
6326.0			0.9989902029809015
6326.9			0.9925785974087354
6327.8			0.9995730236035152
6328.700000000001			1.0
6329.6			1.0
6330.5			1.0
6331.4			1.0
6332.3			1.022653307326531
6333.200000000001			1.0299204229710188
6334.1			0.995026044487283
6335.0			0.937339439411253
6335.9			0.9145171216999363
6336.8			0.9422547136124347
6337.700000000001			0.9748738246423546
6338.6			0.9848832683508824
6339.5			1.0002686767738596
6340.4			1.0
6341.3			1.0
6342.200000000001			1.0
6343.1			1.0
6344.0			1.0
6344.9			1.0
6345.8			1.0
6346.700000000001			1.0
6347.6			1.0
6348.5			1.0
6349.4			1.0004969482161268
6350.3			1.002746483459002
6351.200000000001			1.0111607861300729
6352.1			1.013970486814531
6353.0			0.9936170716655539
6353.9			0.9538879425959979
6354.8			0.9287187863225409
6355.700000000001			0.9389643623500487
6356.6			0.9496404254669566
6357.5			0.9227796365906011
6358.4			0.881978843351198
6359.3			0.8689590316965516
6360.200000000001			0.873481258461993
6361.1			0.8658238463573966
6362.0			0.8507322934553914
6362.9			0.8506085333637694
6363.8			0.8681234448209797
6364.700000000001			0.8907040109781073
6365.6			0.9111910575101165
6366.5			0.9364921183085081
6367.4			0.967285387647366
6368.3			0.9849167556247262
6369.200000000001			0.9790427269579038
6370.1			0.9672144458101586
6371.0			0.9755384881616892
6371.9			1.0009826619590398
6372.8			1.0161652273832091
6373.700000000001			1.01107533314276
6374.6			0.9993283312531841
6375.5			1.0
6376.4			1.0
6377.3			1.0
6378.200000000001			1.0
6379.1			1.0
6380.0			1.0
6380.9			1.0
6381.8			1.0
6382.700000000001			1.0
6383.6			1.0
6384.5			1.0
6385.4			1.0
6386.3			1.0
6387.200000000001			1.0
6388.1			1.0
6389.0			1.0
6389.9			1.0
6390.8			1.0
6391.700000000001			1.0
6392.6			1.0
6393.5			1.0
6394.4			1.0
6395.3			1.0
6396.200000000001			1.0
6397.1			1.0085941611295983
6398.0			0.9879564531567308
6398.9			0.9279287960561576
6399.8			0.8723020985590725
6400.700000000001			0.8893807094722121
6401.6			0.9550137276219842
6402.5			1.000375087640492
6403.4			1.0
6404.3			1.0
6405.200000000001			1.0
6406.1			1.0
6407.0			1.0
6407.9			1.0
6408.8			1.0
6409.700000000001			1.0
6410.6			1.0
6411.5			1.0
6412.4			1.0
6413.3			1.0
6414.200000000001			1.0
6415.1			1.0
6416.0			1.0
6416.9			1.0
6417.8			0.9817520335726612
6418.700000000001			0.9494276083398998
6419.6			0.9115398097817132
6420.5			0.892028086537494
6421.4			0.9136597343123729
6422.3			0.9651618660324138
6423.200000000001			1.0027064056032426
6424.1			1.0
6425.0			1.0
6425.9			1.0
6426.8			1.0
6427.700000000001			1.0
6428.6			0.9822673459870848
6429.5			0.9313632340365313
6430.4			0.8811384322338759
6431.3			0.8788746206638844
6432.200000000001			0.9215714117210175
6433.1			0.9685442352189391
6434.0			0.9967369714583921
6434.9			1.0
6435.8			1.0
6436.700000000001			1.0
6437.6			1.0
6438.5			1.0
6439.4			1.0
6440.3			1.0
6441.200000000001			1.0
6442.1			1.0
6443.0			1.0
6443.9			1.0
6444.8			1.0
6445.700000000001			1.0
6446.6			1.0
6447.5			0.984020834377858
6448.4			0.9123425876868158
6449.3			0.8239205496727705
6450.200000000001			0.8005734722088589
6451.1			0.8597715959939725
6452.0			0.9414223654755968
6452.9			0.9970817064735119
6453.8			1.0
6454.700000000001			1.0
6455.6			1.0
6456.5			1.0
6457.4			1.0
6458.3			1.0
6459.200000000001			1.0
6460.1			1.0089261321990564
6461.0			0.9798237991788831
6461.9			0.925025960069682
6462.8			0.8987911486577688
6463.700000000001			0.9258474792443562
6464.6			0.9721700287681936
6465.5			1.0069280874565065
6466.4			1.0
6467.3			1.0
6468.200000000001			1.0
6469.1			1.0
6470.0			1.0
6470.9			1.0
6471.8			1.0
6472.700000000001			1.0
6473.6			1.0
6474.5			1.0
6475.4			1.0
6476.3			1.0
6477.200000000001			1.0
6478.1			1.0
6479.0			1.0
6479.9			0.9987107327430238
6480.8			0.9678328932522524
6481.700000000001			0.9199760690249387
6482.6			0.9042318062215626
6483.5			0.9336670430669434
6484.4			0.9752536323924484
6485.3			1.000094169262352
6486.200000000001			1.0
6487.1			1.0
6488.0			1.0
6488.9			0.9880340737082286
6489.8			0.9687007311659889
6490.700000000001			0.959265175407413
6491.6			0.9570630651962444
6492.5			0.9315554237229566
6493.4			0.8640121892683599
6494.3			0.7922329747535025
6495.200000000001			0.7698460518780418
6496.1			0.7936099170169607
6497.0			0.8333958244649688
6497.9			0.8691273878323703
6498.8			0.8973615380793633
6499.700000000001			0.9340619362933305
6500.6			0.9742163440309686
6501.5			0.9998551823947487
6502.4			1.0
6503.3			1.0
6504.200000000001			1.0
6505.1			1.0
6506.0			1.0
6506.9			1.0
6507.8			1.0
6508.700000000001			1.0
6509.6			1.0
6510.5			1.0
6511.4			1.0
6512.3			1.0
6513.200000000001			1.0
6514.1			1.0
6515.0			1.0
6515.9			1.0
6516.8			1.0
6517.700000000001			1.0
6518.6			1.0
6519.5			1.0
6520.4			1.0
6521.3			1.0
6522.200000000001			1.0
6523.1			1.0
6524.0			1.0
6524.9			1.0
6525.8			1.0
6526.700000000001			1.0
6527.6			1.0
6528.5			1.0
6529.4			1.0194220850147058
6530.3			1.0133296199983326
6531.200000000001			0.9854430734434197
6532.1			0.9558053267001162
6533.0			0.9482840924216906
6533.9			0.9710695149101386
6534.8			1.002125145605938
6535.700000000001			1.0123131860860866
6536.6			0.9988595265471809
6537.5			1.0
6538.4			1.0
6539.3			1.0
6540.200000000001			1.0
6541.1			1.0
6542.0			1.0
6542.9			1.0
6543.8			1.0
6544.700000000001			1.0
6545.6			1.0
6546.5			1.0
6547.4			1.0
6548.3			1.0
6549.200000000001			1.0
6550.1			1.0
6551.0			1.0
6551.9			1.0
6552.8			1.0
6553.700000000001			1.0
6554.6			1.0
6555.5			1.0
6556.4			1.0
6557.3			1.0
6558.200000000001			1.0
6559.1			1.0
6560.0			0.9722038143365097
6560.9			0.8790224118915745
6561.8			0.7177165728528545
6562.700000000001			0.6130784439098582
6563.6			0.6865379811946685
6564.5			0.8649424422475281
6565.4			0.999625461253512
6566.3			1.0
6567.200000000001			1.0
6568.1			1.0
6569.0			1.0
6569.9			1.0
6570.8			0.9970050789876337
6571.700000000001			0.9830268460596948
6572.6			0.9429937820020625
6573.5			0.8986730849038616
6574.4			0.8809312196253711
6575.3			0.9064710857173188
6576.200000000001			0.9563512018833918
6577.1			0.9927911824675818
6578.0			1.0018612797369824
6578.9			1.0
6579.8			1.0
6580.700000000001			1.0
6581.6			1.0
6582.5			1.0
6583.4			1.0
6584.3			1.0
6585.200000000001			1.0
6586.1			1.0
6587.0			1.0
6587.9			1.0
6588.8			1.0
6589.700000000001			1.0
6590.6			0.9903545090154284
6591.5			0.9494885000534897
6592.4			0.8894813391691165
6593.3			0.8668677752488482
6594.200000000001			0.9079928711810149
6595.1			0.967352573452066
6596.0			0.9981762504199098
6596.9			1.0
6597.8			1.0
6598.700000000001			1.0
6599.6			1.0
6600.5			1.0
6601.4			1.0
6602.3			1.0
6603.200000000001			0.9836474910251768
6604.1			0.9651393428146701
6605.0			0.9520107110445675
6605.9			0.9448358050790447
6606.8			0.9359385055781972
6607.700000000001			0.916444439637374
6608.6			0.8939049262262555
6609.5			0.9027698733277529
6610.4			0.9551390187887958
6611.3			1.0068972135160608
6612.200000000001			1.0180378311796723
6613.1			1.0021214326532586
6614.0			1.0032471978747326
6614.9			1.0
6615.8			1.0
6616.700000000001			1.0
6617.6			1.0
6618.5			1.0
6619.4			1.0
6620.3			1.0
6621.200000000001			1.0
6622.1			1.0
6623.0			1.0
6623.9			1.0
6624.8			1.0
6625.700000000001			1.0
6626.6			1.0
6627.5			1.0
6628.4			1.0
6629.3			1.0
6630.200000000001			0.9859380356981804
6631.1			0.9692720584890998
6632.0			0.9434857050221692
6632.9			0.9140899128639587
6633.8			0.9047215456682302
6634.700000000001			0.930642009141522
6635.6			0.9693784973616635
6636.5			0.9948787248778598
6637.4			1.000124850890664
6638.3			1.0
6639.200000000001			1.0
6640.1			1.0
6641.0			1.0
6641.9			1.0
6642.8			1.0
6643.700000000001			1.0
6644.6			1.0
6645.5			1.0
6646.4			1.0
6647.3			1.0
6648.200000000001			1.0
6649.1			1.0
6650.0			1.0
6650.9			1.0
6651.8			1.0
6652.700000000001			1.0
6653.6			1.0
6654.5			1.0
6655.4			1.0
6656.3			1.0
6657.200000000001			1.003754641220677
6658.1			1.0106628685213852
6659.0			1.0059224432889915
6659.9			0.9944090511553595
6660.8			0.9857492071473748
6661.700000000001			0.9689048762851419
6662.6			0.9344160639285461
6663.5			0.9135901620759485
6664.4			0.9274298619091202
6665.3			0.9438476472758252
6666.200000000001			0.9446418308857839
6667.1			0.9438560672243668
6668.0			0.9543961053443742
6668.9			0.9762834090075385
6669.8			0.9996939081779825
6670.700000000001			1.0
6671.6			1.0
6672.5			1.0
6673.4			1.0
6674.3			1.0
6675.200000000001			1.000862872213929
6676.1			0.9799670597949428
6677.0			0.9258787500718759
6677.9			0.8822409058319727
6678.8			0.9027788089241457
6679.700000000001			0.9607205392148878
6680.6			0.9990604485148652
6681.5			1.0
6682.4			1.0
6683.3			1.0
6684.200000000001			1.0
6685.1			1.0
6686.0			1.0
6686.9			1.0
6687.8			1.0
6688.700000000001			1.0
6689.6			1.0
6690.5			1.0
6691.4			1.0
6692.3			1.0
6693.200000000001			1.0
6694.1			1.0
6695.0			1.0
6695.9			1.0
6696.8			1.0
6697.700000000001			1.0
6698.6			1.0
6699.5			1.0
6700.4			1.0
6701.3			1.0
6702.200000000001			1.0
6703.1			1.0
6704.0			1.0
6704.9			1.0
6705.8			1.0
6706.700000000001			1.0
6707.6			0.9979606267688953
6708.5			0.990806521940208
6709.4			0.9762513489306872
6710.3			0.9650049818288201
6711.200000000001			0.9692274487565412
6712.1			0.9741412683253838
6713.0			0.9704640533933534
6713.9			0.9653144674557588
6714.8			0.9542839154441033
6715.700000000001			0.9364166970203848
6716.6			0.9232920007666287
6717.5			0.9325937074318854
6718.4			0.9714281287625749
6719.3			1.0102908360695866
6720.200000000001			1.0221758770395342
6721.1			1.0
6722.0			0.997696743140885
6722.9			1.0108595152331565
6723.8			1.0203487805863836
6724.700000000001			1.0077470671204702
6725.6			0.9860057262123663
6726.5			0.9783177079237793
6727.4			0.984932241106649
6728.3			0.9941316130400828
6729.200000000001			1.006877358668597
6730.1			1.018076123297426
6731.0			1.0177296338026984
6731.9			1.0050038330653983
6732.8			0.9913308400609415
6733.700000000001			0.9890542675614985
6734.6			0.9969091007260271
6735.5			1.0053260898794245
6736.4			1.0028264321177796
6737.3			0.9805480269062727
6738.200000000001			0.9497967888588877
6739.1			0.9320957664514197
6740.0			0.9397049416521905
6740.9			0.9570976677043359
6741.8			0.9582900972353946
6742.700000000001			0.9490129855687482
6743.6			0.9527493188328777
6744.5			0.9653393582619509
6745.4			0.9677122823324917
6746.3			0.9619992987489665
6747.200000000001			0.9624729695910397
6748.1			0.9663779732107884
6749.0			0.9611076556169876
6749.9			0.9535279877695733
6750.8			0.9587862760368179
6751.700000000001			0.9623675568957846
6752.6			0.9539568415911946
6753.5			0.9548598192323463
6754.4			0.9677510434862991
6755.3			0.9809047922445494
6756.200000000001			0.9999750074769165
6757.1			1.0
6758.0			1.0
6758.9			1.0
6759.8			1.0
6760.700000000001			1.0
6761.6			1.0
6762.5			1.0
6763.4			1.0
6764.3			0.9973853602549894
6765.200000000001			0.9832746205962101
6766.1			0.9560631255939868
6767.0			0.9323126207281134
6767.9			0.9313906531259777
6768.8			0.942297064657413
6769.700000000001			0.9395742998151593
6770.6			0.9228886023938259
6771.5			0.9174052821174578
6772.4			0.9346050909856046
6773.3			0.9601501063118054
6774.200000000001			0.9819706159035454
6775.1			0.9947508413800206
6776.0			0.9928448466122813
6776.9			0.9832831548893604
6777.8			0.9846319911280929
6778.700000000001			1.0
6779.6			1.0129347401695583
6780.5			1.010595897213363
6781.4			0.9958048439289021
6782.3			0.970719822708712
6783.200000000001			0.9428151770087427
6784.1			0.9281540887380632
6785.0			0.9318851643323445
6785.9			0.9466532992620661
6786.8			0.9703421210870578
6787.700000000001			0.9939957226177963
6788.6			1.0007566854415524
6789.5			1.0
6790.4			1.0
6791.3			1.0
6792.200000000001			1.0
6793.1			1.0
6794.0			1.0
6794.9			1.0
6795.8			1.0
6796.700000000001			1.0
6797.6			1.0
6798.5			1.0
6799.4			1.0
6800.3			1.0
6801.200000000001			1.0
6802.1			1.0
6803.0			1.0
6803.9			1.0
6804.8			1.0
6805.700000000001			1.0
6806.6			1.0
6807.5			1.0
6808.4			1.0
6809.3			1.0
6810.200000000001			1.0
6811.1			1.0
6812.0			1.0
6812.9			1.0
6813.8			1.0
6814.700000000001			1.0
6815.6			1.0
6816.5			1.0
6817.4			1.0
6818.3			1.0
6819.200000000001			1.0
6820.1			1.0
6821.0			1.0
6821.9			1.0
6822.8			1.0
6823.700000000001			1.0
6824.6			1.0
6825.5			1.0
6826.4			1.0
6827.3			1.0
6828.200000000001			1.0
6829.1			1.0
6830.0			1.0
6830.9			1.0
6831.8			1.0
6832.700000000001			1.0
6833.6			1.0
6834.5			1.0
6835.4			1.0
6836.3			1.0
6837.200000000001			0.9861806348138015
6838.1			0.9741657576115799
6839.0			0.9571656458473001
6839.9			0.9353264070414299
6840.8			0.9162328683476464
6841.700000000001			0.9102970979140496
6842.6			0.9252188902709787
6843.5			0.9554687191826969
6844.4			0.9857928181349059
6845.3			1.0008394487714727
6846.200000000001			1.0017965492064191
6847.1			1.0
6848.0			1.0
6848.9			1.0
6849.8			1.0
6850.700000000001			1.0
6851.6			1.0
6852.5			1.0
6853.4			1.0
6854.3			1.0
6855.200000000001			1.0
6856.1			1.0
6857.0			1.0
6857.9			1.0
6858.8			1.0
6859.700000000001			1.0
6860.6			1.0
6861.5			1.0
6862.4			1.0
6863.3			1.0450004628944283
6864.200000000001			1.0665483560188487
6865.1			1.039021371398647
6866.0			0.9806026109722921
6866.9			0.949345239201656
6867.8			0.9865261248151158
6868.700000000001			1.041498717404105
6869.6			1.0470996619625605
6870.5			1.0199003841710788
6871.4			0.9826555722033041
6872.3			0.9573493105112132
6873.200000000001			0.9657310411059252
6874.1			0.9841256397693335
6875.0			1.0
6875.9			1.0091815823708892
6876.8			1.0403801460481232
6877.700000000001			1.0635967840096356
6878.6			1.0697395984774962
6879.5			1.0687526200709303
6880.4			1.044063665124111
6881.3			1.0000633906922964
6882.200000000001			0.974385941913036
6883.1			0.9973239668112465
6884.0			1.0361720204998444
6884.9			1.0491684570505708
6885.8			1.0560227630737542
6886.700000000001			1.0558751262359112
6887.6			1.0422701843001245
6888.5			1.0611449014104875
6889.4			1.100246554102707
6890.3			1.0915632238769652
6891.200000000001			1.0613012387196705
6892.1			1.0768499566886975
6893.0			1.1057960817652268
6893.9			1.074787403771722
6894.8			1.0255208885052918
6895.700000000001			1.0384891956372673
6896.6			1.0869191844233865
6897.5			1.0761131400467918
6898.4			1.0257388037773705
6899.3			1.016661874614375
6900.200000000001			1.0610169777281806
6901.1			1.0874570313383796
6902.0			1.0600302561774424
6902.9			1.0308338412860563
6903.8			1.0514389019653239
6904.700000000001			1.0885502240036877
6905.6			1.0780865196082636
6906.5			1.0
6907.4			0.9901853817613429
6908.3			1.0193395951835513
6909.200000000001			1.0489430763731138
6910.1			1.0287888906282823
6911.0			0.9815730594817138
6911.9			0.9576729701982052
6912.8			0.9638180611856073
6913.700000000001			0.9703737371021026
6914.6			0.9660488368088247
6915.5			0.9616766468096027
6916.4			0.957413965358411
6917.3			0.9739294907768061
6918.200000000001			1.0174469156811028
6919.1			1.0477829490151314
6920.0			1.0465240632060504
6920.9			1.0358061464911803
6921.8			1.0295226963999047
6922.700000000001			1.0265636721478442
6923.6			1.0109924565083013
6924.5			0.9752853031901495
6925.4			0.9441529615026018
6926.3			0.9427208341379999
6927.200000000001			0.9613586105617546
6928.1			0.9803604433626211
6929.0			0.9986450712589116
6929.9			1.0069766706974344
6930.8			0.9966202973908681
6931.700000000001			0.9742796905245531
6932.6			0.9527993484788936
6933.5			0.9567746445781659
6934.4			0.9856143808455705
6935.3			1.0007899222294747
6936.200000000001			0.9927753534033381
6937.1			0.9847303010276643
6938.0			0.9866947904399888
6938.9			0.9958633717402248
6939.8			1.0102260987121952
6940.700000000001			1.0195290683787155
6941.6			1.0094818718464837
6942.5			0.9823185233343957
6943.4			0.9540097370776482
6944.3			0.9288660692701919
6945.200000000001			0.9156892063691369
6946.1			0.9312143900150133
6947.0			0.9647802389850622
6947.9			0.9934584679386568
6948.8			1.005827812383068
6949.700000000001			0.997139216097922
6950.6			0.9721761172231786
6951.5			0.9551915237980788
6952.4			0.9543631509849568
6953.3			0.9537270660215981
6954.200000000001			0.9481028944459436
6955.1			0.9559882379807733
6956.0			0.987149246446344
6956.9			1.012535451953791
6957.8			1.0129762674298388
6958.700000000001			1.0065604234791503
6959.6			1.0056529060424446
6960.5			1.0100462633372005
6961.4			1.015695503868838
6962.3			1.0165513656183152
6963.200000000001			1.0223781540216794
6964.1			1.0345374609510025
6965.0			1.0312974951770806
6965.9			1.015333627521673
6966.8			1.0161037917952025
6967.700000000001			1.0373319481247645
6968.6			1.0518702163721103
6969.5			1.0402632599389483
6970.4			1.0145582393204478
6971.3			1.0078138371805836
6972.200000000001			1.0321861036171127
6973.1			1.0508754055023513
6974.0			1.0344136229803254
6974.9			1.003477504454544
6975.8			0.979710736742694
6976.700000000001			0.9517975107757065
6977.6			0.9037214551312388
6978.5			0.8653694657579744
6979.4			0.885539120698988
6980.3			0.947152074006458
6981.200000000001			0.9980313728440786
6982.1			1.0275547815545107
6983.0			1.0448606888627878
6983.9			1.0450145887282067
6984.8			1.0334781320417035
6985.700000000001			1.026946197893297
6986.6			1.0273214762023934
6987.5			1.0226367801421583
6988.4			1.0083435592171874
6989.3			0.9970644467408752
6990.200000000001			1.0060293845741024
6991.1			1.0290627478911736
6992.0			1.0475153544833278
6992.9			1.051834031450387
6993.8			1.0401316521451316
6994.700000000001			1.0283590982846054
6995.6			1.0325007406522477
6996.5			1.038591067578678
6997.4			1.031122419805332
6998.3			1.0082598887368386
6999.200000000001			0.9754104705524929
7000.1			1.0
7001.0			1.0
7001.9			1.0
7002.8			1.0
7003.700000000001			1.0
7004.6			1.0
7005.5			1.0
7006.4			1.0
7007.3			1.0
7008.200000000001			1.0
7009.1			1.0
7010.0			1.0
7010.9			1.0
7011.8			1.0
7012.700000000001			1.0
7013.6			1.0
7014.5			1.0
7015.4			1.0
7016.3			1.0
7017.200000000001			1.0
7018.1			1.0
7019.0			1.0
7019.9			1.0
7020.8			1.0
7021.700000000001			1.0
7022.6			1.0
7023.5			1.0
7024.4			1.0
7025.3			1.0
7026.200000000001			1.0
7027.1			1.0
7028.0			1.0
7028.9			1.0
7029.8			1.0
7030.700000000001			1.0
7031.6			1.0
7032.5			1.0
7033.4			1.0
7034.3			1.0
7035.200000000001			1.0
7036.1			1.0
7037.0			1.0
7037.9			1.0
7038.8			1.0
7039.700000000001			1.0
7040.6			1.0
7041.5			1.0
7042.4			1.0
7043.3			1.0
7044.200000000001			1.0
7045.1			1.0
7046.0			1.0
7046.9			1.0
7047.8			1.0
7048.700000000001			1.0
7049.6			1.0
7050.5			1.0
7051.4			1.0
7052.3			1.0
7053.200000000001			1.0
7054.1			1.0
7055.0			1.0
7055.9			1.0
7056.8			1.0
7057.700000000001			1.0
7058.6			1.0
7059.5			1.0
7060.4			1.0
7061.3			1.0
7062.200000000001			1.0
7063.1			1.0
7064.0			1.0
7064.9			1.0
7065.8			1.0
7066.700000000001			1.0
7067.6			1.0
7068.5			1.0
7069.4			1.0
7070.3			1.0
7071.200000000001			1.0
7072.1			1.0
7073.0			1.0
7073.9			1.0
7074.8			1.0
7075.700000000001			1.0
7076.6			1.0
7077.5			1.0
7078.4			1.0
7079.3			1.0
7080.200000000001			1.0
7081.1			1.0
7082.0			1.0
7082.9			1.0
7083.8			1.0
7084.700000000001			1.0
7085.6			1.0
7086.5			1.0
7087.4			1.0
7088.3			1.0
7089.200000000001			1.0
7090.1			1.0
7091.0			1.0
7091.9			1.0
7092.8			1.0
7093.700000000001			1.0
7094.6			1.0
7095.5			1.0
7096.4			1.0
7097.3			1.0
7098.200000000001			1.0
7099.1			1.0
7100.0			1.0
7100.9			1.0
7101.8			1.0
7102.700000000001			1.0
7103.6			1.0
7104.5			1.0
7105.4			1.0
7106.3			1.0
7107.200000000001			1.0
7108.1			1.0
7109.0			1.0
7109.9			1.0
7110.8			1.0
7111.700000000001			1.0
7112.6			1.0
7113.5			1.0
7114.4			1.0
7115.3			1.0
7116.200000000001			1.0
7117.1			1.0
7118.0			1.0
7118.9			1.0
7119.8			1.0
7120.700000000001			1.0
7121.6			1.0
7122.5			1.0
7123.4			1.0
7124.3			1.0
7125.200000000001			1.0
7126.1			1.0
7127.0			1.0
7127.9			1.0
7128.8			1.0
7129.700000000001			1.0
7130.6			1.0
7131.5			1.0
7132.4			1.0
7133.3			1.0
7134.200000000001			1.0
7135.1			1.0
7136.0			1.0
7136.9			1.0
7137.8			1.0
7138.700000000001			1.0
7139.6			1.0
7140.5			1.0
7141.4			1.0
7142.3			1.0
7143.200000000001			1.0
7144.1			1.0
7145.0			1.0
7145.9			1.0
7146.8			1.0
7147.700000000001			1.0
7148.6			1.0
7149.5			1.0
7150.4			1.0
7151.3			1.0
7152.200000000001			1.0
7153.1			1.0
7154.0			1.0
7154.9			1.0
7155.8			1.0
7156.700000000001			1.0
7157.6			1.0
7158.5			1.0
7159.4			1.0
7160.3			1.0
7161.200000000001			1.0
7162.1			1.0
7163.0			1.0
7163.9			1.0
7164.8			1.0
7165.700000000001			1.0
7166.6			1.0
7167.5			1.0
7168.4			1.0
7169.3			1.0
7170.200000000001			1.0
7171.1			1.0
7172.0			1.0
7172.9			1.0
7173.8			1.0
7174.700000000001			1.0
7175.6			1.0
7176.5			1.0
7177.4			1.0
7178.3			1.0
7179.200000000001			1.0
7180.1			1.0
7181.0			1.0
7181.9			1.0
7182.8			1.0
7183.700000000001			1.0
7184.6			1.0
7185.5			1.0
7186.4			1.0
7187.3			1.0
7188.200000000001			1.0
7189.1			1.0
7190.0			1.0
7190.9			1.0
7191.8			1.0
7192.700000000001			1.0
7193.6			1.0
7194.5			1.0
7195.4			1.0
7196.3			1.0
7197.200000000001			1.0
7198.1			1.0
7199.0			1.0
7199.9			1.0
7200.8			1.0
7201.700000000001			1.0
7202.6			1.0
7203.5			1.0
7204.4			1.0
7205.3			1.0
7206.200000000001			1.0
7207.1			1.0
7208.0			1.0
7208.9			1.0
7209.8			1.0
7210.700000000001			1.0
7211.6			1.0
7212.5			1.0
7213.4			1.0
7214.3			1.0
7215.200000000001			1.0
7216.1			1.0
7217.0			1.0
7217.9			1.0
7218.8			1.0
7219.700000000001			1.0
7220.6			1.0
7221.5			1.0
7222.4			1.0
7223.3			1.0
7224.200000000001			1.0
7225.1			1.0
7226.0			1.0
7226.9			1.0
7227.8			1.0
7228.700000000001			1.0
7229.6			1.0
7230.5			1.0
7231.4			1.0
7232.3			1.0
7233.200000000001			1.0
7234.1			1.0
7235.0			1.0
7235.9			1.0
7236.8			1.0
7237.700000000001			1.0
7238.6			1.0
7239.5			1.0
7240.4			1.0
7241.3			1.0
7242.200000000001			1.0
7243.1			1.0
7244.0			1.0
7244.9			1.0
7245.8			1.0
7246.700000000001			1.0
7247.6			1.0
7248.5			1.0
7249.4			1.0
7250.3			1.0
7251.200000000001			1.0
7252.1			1.0
7253.0			1.0
7253.9			1.0
7254.8			1.0
7255.700000000001			1.0
7256.6			1.0
7257.5			1.0
7258.4			1.0
7259.3			1.0
7260.200000000001			1.0
7261.1			1.0
7262.0			1.0
7262.9			1.0
7263.8			1.0
7264.700000000001			1.0
7265.6			1.0
7266.5			1.0
7267.4			1.0
7268.3			1.0
7269.200000000001			1.0
7270.1			1.0
7271.0			1.0
7271.9			1.0
7272.8			1.0
7273.700000000001			1.0
7274.6			1.0
7275.5			1.0
7276.4			1.0
7277.3			1.0
7278.200000000001			1.0
7279.1			1.0
7280.0			1.0
7280.9			1.0
7281.8			1.0
7282.700000000001			1.0
7283.6			1.0
7284.5			1.0
7285.4			1.0
7286.3			1.0
7287.200000000001			1.0
7288.1			1.0
7289.0			1.0
7289.9			1.0
7290.8			1.0
7291.700000000001			1.0
7292.6			1.0
7293.5			1.0
7294.4			1.0
7295.3			1.0
7296.200000000001			1.0
7297.1			1.0
7298.0			1.0
7298.9			1.0
7299.8			1.0
7300.700000000001			1.0
7301.6			1.0
7302.5			1.0
7303.4			1.0
7304.3			1.0
7305.200000000001			1.0
7306.1			1.0
7307.0			1.0
7307.9			1.0
7308.8			1.0
7309.700000000001			1.0
7310.6			1.0
7311.5			1.0
7312.4			1.0
7313.3			1.0
7314.200000000001			1.0
7315.1			1.0
7316.0			1.0
7316.9			1.0
7317.8			1.0
7318.700000000001			1.0
7319.6			1.0
7320.5			1.0
7321.4			1.0
7322.3			1.0
7323.200000000001			1.0
7324.1			1.0
7325.0			1.0
7325.9			1.0
7326.8			1.0
7327.700000000001			1.0
7328.6			1.0
7329.5			1.0
7330.4			1.0
7331.3			1.0
7332.200000000001			1.0
7333.1			1.0
7334.0			1.0
7334.9			1.0
7335.8			1.0
7336.700000000001			1.0
7337.6			1.0
7338.5			1.0
7339.4			1.0
7340.3			1.0
7341.200000000001			1.0
7342.1			1.0
7343.0			1.0
7343.9			1.0
7344.8			1.0
7345.700000000001			1.0
7346.6			1.0
7347.5			1.0
7348.4			1.0
7349.3			1.0
7350.200000000001			1.0
7351.1			1.0
7352.0			1.0
7352.9			1.0
7353.8			1.0
7354.700000000001			1.0
7355.6			1.0
7356.5			1.0
7357.4			1.0
7358.3			1.0
7359.200000000001			1.0
7360.1			1.0
7361.0			1.0
7361.9			1.0
7362.8			1.0
7363.700000000001			1.0
7364.6			1.0
7365.5			1.0
7366.4			1.0
7367.3			1.0
7368.200000000001			1.0
7369.1			1.0
7370.0			1.0
7370.9			1.0
7371.8			1.0
7372.700000000001			1.0
7373.6			1.0
7374.5			1.0
7375.4			1.0
7376.3			1.0
7377.200000000001			1.0
7378.1			1.0
7379.0			1.0
7379.9			1.0
7380.8			1.0
7381.700000000001			1.0
7382.6			1.0
7383.5			1.0
7384.4			1.0
7385.3			1.0
7386.200000000001			1.0
7387.1			1.0
7388.0			1.0
7388.9			1.0
7389.8			1.0
7390.700000000001			1.0
7391.6			1.0
7392.5			1.0
7393.4			1.0
7394.3			1.0
7395.200000000001			1.0
7396.1			1.0
7397.0			1.0
7397.9			1.0
7398.8			1.0
7399.700000000001			1.0
7400.6			1.0
7401.5			1.0
7402.4			1.0
7403.3			1.0
7404.200000000001			1.0
7405.1			1.0
7406.0			1.0
7406.9			1.0
7407.8			1.0
7408.700000000001			1.0
7409.6			1.0
7410.5			1.0
7411.4			1.0
7412.3			1.0
7413.200000000001			1.0
7414.1			1.0
7415.0			1.0
7415.9			1.0
7416.8			1.0
7417.700000000001			1.0
7418.6			1.0
7419.5			1.0
7420.4			1.0
7421.3			1.0
7422.200000000001			1.0
7423.1			1.0
7424.0			1.0
7424.9			1.0
7425.8			1.0
7426.700000000001			1.0
7427.6			1.0
7428.5			1.0
7429.4			1.0
