3500.0			1.0
3500.9			1.0
3501.8			1.0
3502.7			1.0
3503.6			1.0
3504.5			1.0
3505.4			1.0
3506.3			1.0
3507.2			1.0
3508.1			1.0
3509.0			1.0
3509.9			1.0
3510.8			1.0
3511.7			1.0
3512.6			1.0
3513.5			1.0
3514.4			1.0
3515.3			1.0
3516.2			1.0
3517.1			1.0
3518.0			1.0
3518.9			1.0
3519.8			1.0
3520.7			1.0
3521.6			1.0
3522.5			1.0
3523.4			1.0
3524.3			1.0
3525.2			1.0
3526.1			1.0
3527.0			1.0
3527.9			1.0
3528.8			1.0
3529.7			1.0
3530.6			1.0
3531.5			1.0
3532.4			1.0
3533.3			1.0
3534.2			1.0
3535.1			1.0
3536.0			1.0
3536.9			1.0
3537.8			1.0
3538.7			1.0
3539.6			1.0
3540.5			1.0
3541.4			1.0
3542.3			1.0
3543.2			1.0
3544.1			1.0
3545.0			1.0
3545.9			1.0
3546.8			1.0
3547.7			1.0
3548.6			1.0
3549.5			1.0
3550.4			1.0
3551.3			1.0
3552.2			1.0
3553.1			1.0
3554.0			1.0
3554.9			1.0
3555.8			1.0
3556.7			1.0
3557.6			1.0
3558.5			1.0
3559.4			1.0
3560.3			1.0
3561.2			1.0
3562.1			1.0
3563.0			1.0
3563.9			1.0
3564.8			1.0
3565.7			1.0
3566.6			1.0
3567.5			1.0
3568.4			1.0
3569.3			1.0
3570.2			1.0
3571.1			1.0
3572.0			1.0
3572.9			1.0
3573.8			1.0
3574.7			1.0
3575.6			1.0
3576.5			1.0
3577.4			1.0
3578.3			1.0
3579.2			1.0
3580.1			1.0
3581.0			1.0
3581.9			1.0
3582.8			1.0
3583.7			1.0
3584.6			1.0
3585.5			1.0
3586.4			1.0
3587.3			1.0
3588.2			1.0
3589.1			1.0
3590.0			1.0
3590.9			1.0
3591.8			1.0
3592.7			1.0
3593.6			1.0
3594.5			1.0
3595.4			1.0
3596.3			1.0
3597.2			1.0
3598.1			1.0
3599.0			1.0
3599.9			1.0
3600.8			1.0
3601.7			1.0
3602.6			1.0
3603.5			1.0
3604.4			1.0
3605.3			1.0
3606.2			1.0
3607.1			1.0
3608.0			1.0
3608.9			1.0
3609.8			1.0
3610.7			1.0
3611.6			1.0
3612.5			1.0
3613.4			1.0
3614.3			1.0
3615.2			1.0
3616.1			1.0
3617.0			1.0
3617.9			1.0
3618.8			1.0
3619.7			1.0
3620.6			1.0
3621.5			1.0
3622.4			1.0
3623.3			1.0
3624.2			1.0
3625.1			1.0
3626.0			1.0
3626.9			1.0
3627.8			1.0
3628.7			1.0
3629.6			1.0
3630.5			1.0
3631.4			1.0
3632.3			1.0
3633.2			1.0
3634.1			1.0
3635.0			1.0
3635.9			1.0
3636.8			1.0
3637.7			1.0
3638.6			1.0
3639.5			1.0
3640.4			1.0
3641.3			1.0
3642.2			1.0
3643.1			1.0
3644.0			1.0
3644.9			1.0
3645.8			1.0
3646.7			1.0
3647.6			1.0
3648.5			1.0
3649.4			1.0
3650.3			1.0
3651.2			1.0
3652.1			1.0
3653.0			1.0
3653.9			1.0
3654.8			1.0
3655.7			1.0
3656.6			1.0
3657.5			1.0
3658.4			1.0
3659.3			1.0
3660.2			1.0
3661.1			1.0
3662.0			1.0
3662.9			1.0
3663.8			1.0
3664.7			1.0
3665.6			1.0
3666.5			1.0
3667.4			1.0
3668.3			1.0
3669.2			1.0
3670.1			1.0
3671.0			1.0
3671.9			1.0
3672.8			1.0
3673.7			1.0
3674.6			1.0
3675.5			1.0
3676.4			1.0
3677.3			1.0
3678.2			1.0
3679.1			1.0
3680.0			1.0
3680.9			1.0
3681.8			1.0
3682.7			1.0
3683.6			1.0
3684.5			1.0
3685.4			1.0
3686.3			1.0
3687.2			1.0
3688.1			1.0
3689.0			1.0
3689.9			1.0
3690.8			1.0
3691.7			1.0
3692.6			1.0
3693.5			1.0
3694.4			1.0
3695.3			1.0
3696.2			1.0
3697.1			1.0
3698.0			1.0
3698.9			1.0
3699.8			1.0
3700.7			1.0
3701.6			1.0
3702.5			1.0
3703.4			1.0
3704.3			1.0
3705.2			1.0
3706.1			1.0
3707.0			1.0
3707.9			1.0
3708.8			1.0
3709.7			1.0
3710.6			1.0
3711.5			1.0
3712.4			1.0
3713.3			1.0
3714.2			1.0
3715.1			1.0
3716.0			1.0
3716.9			1.0
3717.8			1.0
3718.7			1.0
3719.6			1.0
3720.5			1.0
3721.4			1.0
3722.3			1.0
3723.2			1.0
3724.1			1.0
3725.0			1.0
3725.9			1.0
3726.8			1.0
3727.7			1.0
3728.6			1.0
3729.5			1.0
3730.4			1.0
3731.3			1.0
3732.2			1.0
3733.1			1.0
3734.0			1.0
3734.9			1.0
3735.8			1.0
3736.7			1.0
3737.6			1.0
3738.5			1.0
3739.4			1.0
3740.3			1.0
3741.2			1.0
3742.1			1.0
3743.0			1.0
3743.9			1.0
3744.8			1.0
3745.7			1.0
3746.6			1.0
3747.5			1.0
3748.4			1.0
3749.3			1.0
3750.2			1.0
3751.1			1.0
3752.0			1.0
3752.9			1.0
3753.8			1.0
3754.7			1.0
3755.6			1.0
3756.5			1.0
3757.4			1.0
3758.3			1.0
3759.2			1.0
3760.1			1.0
3761.0			1.0
3761.9			1.0
3762.8			1.0
3763.7			1.0
3764.6			1.0
3765.5			1.0
3766.4			1.0
3767.3			1.0
3768.2			1.0
3769.1			1.0
3770.0			1.0
3770.9			1.0
3771.8			1.0
3772.7			1.0
3773.6			1.0
3774.5			1.0
3775.4			1.0
3776.3			1.0
3777.2			1.0
3778.1			1.0
3779.0			1.0
3779.9			1.0
3780.8			1.0
3781.7			1.0
3782.6			1.0
3783.5			1.0
3784.4			1.0
3785.3			1.0
3786.2			1.0
3787.1			1.0
3788.0			1.0
3788.9			1.0
3789.8			1.0
3790.7			1.0
3791.6			1.0
3792.5			1.0
3793.4			1.0
3794.3			1.0
3795.2			1.0
3796.1			1.0
3797.0			1.0
3797.9			1.0
3798.8			1.0
3799.7			1.0
3800.6			1.0
3801.5			1.0
3802.4			1.0
3803.3			1.0
3804.2			1.0
3805.1			1.0
3806.0			1.0
3806.9			1.0
3807.8			1.0
3808.7			1.0
3809.6			1.0
3810.5			1.0
3811.4			1.0
3812.3			1.0
3813.2			1.0
3814.1			1.0
3815.0			1.0
3815.9			1.0
3816.8			1.0
3817.7			1.0
3818.6			1.0
3819.5			1.0
3820.4			1.0
3821.3			1.0
3822.2			1.0
3823.1			1.0
3824.0			1.0
3824.9			1.0
3825.8			1.0
3826.7			1.0
3827.6			1.0
3828.5			1.0
3829.4			1.0
3830.3			1.0
3831.2			1.0
3832.1			1.0
3833.0			1.0
3833.9			1.0
3834.8			1.0
3835.7			1.0
3836.6			1.0
3837.5			1.0
3838.4			1.0
3839.3			1.0
3840.2			1.0
3841.1			1.0
3842.0			1.0
3842.9			1.0
3843.8			1.0
3844.7			1.0
3845.6			1.0
3846.5			1.0
3847.4			1.0
3848.3			1.0
3849.2			1.0
3850.1			1.0
3851.0			1.0
3851.9			1.0
3852.8			1.0
3853.7			1.0
3854.6			1.0
3855.5			1.0
3856.4			1.0
3857.3			1.0
3858.2			1.0
3859.1			1.0
3860.0			1.0
3860.9			1.0
3861.8			1.0
3862.7			1.0
3863.6			1.0
3864.5			1.0
3865.4			1.0
3866.3			1.0
3867.2			1.0
3868.1			1.0
3869.0			1.0
3869.9			1.0
3870.8			1.0
3871.7			1.0
3872.6			1.0
3873.5			1.0
3874.4			1.0
3875.3			1.0
3876.2			1.0
3877.1			1.0
3878.0			1.0
3878.9			1.0
3879.8			1.0
3880.7			1.0
3881.6			1.0
3882.5			1.0
3883.4			1.0
3884.3			1.0
3885.2			1.0
3886.1			1.0
3887.0			1.0
3887.9			1.0
3888.8			1.0
3889.7			1.0
3890.6			1.0
3891.5			1.0
3892.4			1.0
3893.3			1.0
3894.2			1.0
3895.1			1.0
3896.0			1.0
3896.9			1.0
3897.8			1.0
3898.7			1.0
3899.6			1.0
3900.5			1.0
3901.4			1.0
3902.3			1.0
3903.2			1.0
3904.1			1.0
3905.0			1.0
3905.9			1.0
3906.8			1.0
3907.7			1.0
3908.6			1.0
3909.5			1.0
3910.4			1.0
3911.3			1.0
3912.2			1.0
3913.1			1.0
3914.0			1.0
3914.9			1.0
3915.8			1.0
3916.7			1.0
3917.6			1.0
3918.5			1.0
3919.4			1.0
3920.3			1.0
3921.2			1.0
3922.1			1.0
3923.0			1.0
3923.9			1.0
3924.8			1.0
3925.7			1.0
3926.6			1.0
3927.5			1.0
3928.4			1.0
3929.3			1.0
3930.2			1.0
3931.1			1.0
3932.0			1.0
3932.9			1.0
3933.8			1.0
3934.7			1.0
3935.6			1.0
3936.5			1.0
3937.4			1.0
3938.3			1.0
3939.2			1.0
3940.1			1.0
3941.0			1.0
3941.9			1.0
3942.8			1.0
3943.7			1.0
3944.6			1.0
3945.5			1.0
3946.4			1.0
3947.3			1.0
3948.2			1.0
3949.1			1.0
3950.0			1.0
3950.9			1.0
3951.8			1.0
3952.7			1.0
3953.6			1.0
3954.5			1.0
3955.4			1.0
3956.3			1.0
3957.2			1.0
3958.1			1.0
3959.0			1.0
3959.9			1.0
3960.8			1.0
3961.7			1.0
3962.6			1.0
3963.5			1.0
3964.4			1.0
3965.3			1.0
3966.2			1.0
3967.1			1.0
3968.0			1.0
3968.9			1.0
3969.8			1.0
3970.7			1.0
3971.6			1.0
3972.5			1.0
3973.4			1.0
3974.3			1.0
3975.2			1.0
3976.1			1.0
3977.0			1.0
3977.9			1.0
3978.8			1.0
3979.7			1.0
3980.6			1.0
3981.5			1.0
3982.4			1.0
3983.3			1.0
3984.2			1.0
3985.1			1.0
3986.0			1.0
3986.9			1.0
3987.8			1.0
3988.7			1.0
3989.6			1.0
3990.5			1.0
3991.4			1.0
3992.3			1.0
3993.2			1.0
3994.1			1.0
3995.0			1.0
3995.9			1.0
3996.8			1.0
3997.7			1.0
3998.6			1.0
3999.5			1.0
4000.4			1.0
4001.3			1.0
4002.2			1.0
4003.1			1.0402928335648505
4004.0			0.9839551658169232
4004.9			0.849743131718607
4005.8			0.7746623675134229
4006.7			0.8338861730059537
4007.6			0.939616318779244
4008.5			0.9991440656300505
4009.4			1.0
4010.3			1.0
4011.2			1.0
4012.1			1.0
4013.0			1.0
4013.9			1.0
4014.8			1.0
4015.7			1.0
4016.6			1.0
4017.5			1.0
4018.4			1.0
4019.3			1.0
4020.2			1.0
4021.1			1.0
4022.0			1.0
4022.9			1.0
4023.8			1.0
4024.7			1.0
4025.6			1.0
4026.5			1.0
4027.4			1.0437559903051261
4028.3			1.0554033925871267
4029.2			1.0199279354309485
4030.1			0.8984298116354923
4031.0			0.7801439885786234
4031.9			0.7419269795812719
4032.8			0.7360839747666537
4033.7			0.7526016556674042
4034.6			0.7974672728393959
4035.5			0.8550622322200986
4036.4			0.9292712179720698
4037.3			0.9906972205428305
4038.2			0.9964031533407715
4039.1			1.0
4040.0			1.0
4040.9			1.0
4041.8			1.0
4042.7			1.0107211795176623
4043.6			0.9217354892762182
4044.5			0.7619130043931999
4045.4			0.6336642716888613
4046.3			0.6719768526263042
4047.2			0.8521802989689341
4048.1			0.9962582813263648
4049.0			1.0
4049.9			1.0
4050.8			1.0
4051.7			1.0
4052.6			1.0
4053.5			1.0
4054.4			1.0
4055.3			1.0
4056.2			1.0
4057.1			1.0
4058.0			1.0
4058.9			1.0
4059.8			1.0
4060.7			1.072277717123899
4061.6			1.032819667189506
4062.5			0.8889650210892698
4063.4			0.7556801131242988
4064.3			0.790518145959295
4065.2			0.9292332232315422
4066.1			0.9999980621801611
4067.0			1.0
4067.9			1.0
4068.8			1.0
4069.7			1.0
4070.6			1.0
4071.5			1.0
4072.4			1.0
4073.3			1.0
4074.2			1.023246593109672
4075.1			0.9407100709579446
4076.0			0.8067429049806555
4076.9			0.6901993135760842
4077.8			0.6687865584761128
4078.7			0.7424735208342628
4079.6			0.847042714245059
4080.5			0.9422085329901375
4081.4			0.9885522866954484
4082.3			1.0
4083.2			1.0
4084.1			1.0
4085.0			1.0
4085.9			1.0
4086.8			1.0
4087.7			1.0
4088.6			1.0
4089.5			1.0
4090.4			1.0
4091.3			1.0
4092.2			1.0
4093.1			1.0
4094.0			1.0
4094.9			1.0
4095.8			1.0
4096.7			1.0
4097.6			1.0204480408594003
4098.5			1.0443554434776023
4099.4			1.0154333536878555
4100.3			0.9178063465640992
4101.2			0.8205418898416076
4102.1			0.8255443075121953
4103.0			0.9076750855283161
4103.9			0.9669907550598998
4104.8			1.0043127727254955
4105.7			1.0
4106.6			1.0
4107.5			1.0
4108.4			1.0
4109.3			1.0
4110.2			1.0
4111.1			1.0
4112.0			1.0
4112.9			1.0
4113.8			1.0
4114.7			1.0
4115.6			1.0
4116.5			1.0
4117.4			1.0
4118.3			1.0
4119.2			1.0
4120.1			1.0
4121.0			1.0
4121.9			1.0
4122.8			1.0
4123.7			1.0
4124.6			1.0
4125.5			1.0100097657716687
4126.4			0.9815017277285761
4127.3			0.9391929876879627
4128.2			0.9050964129354986
4129.1			0.8931747834849617
4130.0			0.877353528985888
4130.9			0.8427300615433369
4131.8			0.7949306681591687
4132.7			0.7638668037127437
4133.6			0.7715442648533927
4134.5			0.7979152413874825
4135.4			0.8761867589138632
4136.3			0.9611640648578944
4137.2			0.9715688169040507
4138.1			0.962368072952408
4139.0			1.0
4139.9			1.0237267645389665
4140.8			1.0033456753181094
4141.7			0.9034838823771846
4142.6			0.7628221457088656
4143.5			0.6932937214418753
4144.4			0.7623483593478491
4145.3			0.8911023773274216
4146.2			0.9650925178921915
4147.1			0.9921734527502841
4148.0			1.0
4148.9			1.0
4149.8			1.0
4150.7			1.0
4151.6			1.0
4152.5			1.0
4153.4			1.0
4154.3			1.0
4155.2			1.0
4156.1			1.0
4157.0			1.0
4157.9			1.0
4158.8			1.0
4159.7			1.0
4160.6			1.0
4161.5			1.0
4162.4			1.0
4163.3			1.0
4164.2			1.0
4165.1			0.9758465109274755
4166.0			0.9568635427798552
4166.9			0.9231952883535449
4167.8			0.9013227697905084
4168.7			0.948258152102404
4169.6			1.020978983225951
4170.5			1.0359482944204583
4171.4			0.9498466125924869
4172.3			0.825772468453526
4173.2			0.787812485270373
4174.1			0.8398161271411921
4175.0			0.9081740983888595
4175.9			0.940683177401379
4176.8			0.9179277505835615
4177.7			0.8907334681193713
4178.6			0.9159054902077145
4179.5			0.975918737645219
4180.4			1.0043393589730312
4181.3			0.9965036680389726
4182.2			1.0
4183.1			1.0
4184.0			1.0
4184.9			1.0
4185.8			1.0
4186.7			1.0
4187.6			0.9334528376138315
4188.5			0.9706736415146276
4189.4			1.0233708163869033
4190.3			1.0280437573430647
4191.2			1.0108604104703582
4192.1			1.0261825962029296
4193.0			1.0799192362898618
4193.9			1.0826547374526814
4194.8			0.9951809810688307
4195.7			0.8900186154849757
4196.6			0.8457361702301197
4197.5			0.8542882286938646
4198.4			0.8754432027390585
4199.3			0.9079407458431904
4200.2			0.9283982510668309
4201.1			0.903765461581187
4202.0			0.8725800142569049
4202.9			0.9003341606387396
4203.8			0.9516767000071694
4204.7			0.9683857151087876
4205.6			0.9984186319487822
4206.5			1.0
4207.4			1.0
4208.3			1.0
4209.2			1.0
4210.1			1.0
4211.0			1.0
4211.9			1.0
4212.8			1.0
4213.7			0.9290200079870171
4214.6			0.8192992193064117
4215.5			0.7590163480912918
4216.4			0.8403693353641959
4217.3			1.0038939273952274
4218.2			1.0
4219.1			1.0
4220.0			1.0
4220.9			1.0
4221.8			1.0
4222.7			0.9075768388800121
4223.6			0.8284877951690061
4224.5			0.750966878191052
4225.4			0.6305061716545365
4226.3			0.5100283113463989
4227.2			0.5344402180000639
4228.1			0.7329298439848457
4229.0			0.9242829675157406
4229.9			1.0
4230.8			1.016543901425487
4231.7			0.9865614562163877
4232.6			0.9280784920798043
4233.5			0.9046288362718381
4234.4			0.9220704758465287
4235.3			0.8829232404063213
4236.2			0.8156020393794658
4237.1			0.8191050464154925
4238.0			0.8645799724922477
4238.9			0.8706084587893721
4239.8			0.8797412745945576
4240.7			0.9450437291954282
4241.6			1.000030745796314
4242.5			1.0
4243.4			1.0
4244.3			1.0
4245.2			1.0
4246.1			1.0
4247.0			0.9388274282722028
4247.9			0.8856307247561969
4248.8			0.8691807329104116
4249.7			0.8552436610187205
4250.6			0.8644064664348458
4251.5			0.9484568377477783
4252.4			1.0346797138939952
4253.3			1.0374509538133452
4254.2			0.989547077176037
4255.1			1.0
4256.0			1.0
4256.9			1.062085329949963
4257.8			1.0205524524429856
4258.7			0.8896541576215498
4259.6			0.7907455596625292
4260.5			0.7531746858346035
4261.4			0.7882146356506565
4262.3			0.8866159720255108
4263.2			0.9701045633992262
4264.1			0.9961383962340472
4265.0			1.0
4265.9			1.0
4266.8			0.9628055472979752
4267.7			0.890813602701241
4268.6			0.8464702938012667
4269.5			0.8093846167222786
4270.4			0.7291773828456309
4271.3			0.6413741024797444
4272.2			0.6303026496339524
4273.1			0.6880813388660005
4274.0			0.715688715910783
4274.9			0.7265473248909016
4275.8			0.8021399817915037
4276.7			0.9174717259697668
4277.6			0.9967310076625182
4278.5			1.0
4279.4			1.0
4280.3			1.0
4281.2			1.0
4282.1			1.0
4283.0			1.0
4283.9			1.0
4284.8			1.0
4285.7			1.0
4286.6			1.0
4287.5			1.0229993620955176
4288.4			0.9729348815395926
4289.3			0.8543458819153807
4290.2			0.793339406375113
4291.1			1.0
4292.0			1.1265991090175393
4292.9			1.2221046854418964
4293.8			1.2202117013296092
4294.7			1.1611794492190584
4295.6			1.1226445018851468
4296.5			1.0793308933773356
4297.4			0.9970140373666337
4298.3			0.8829784410605088
4299.2			0.7640839528619584
4300.1			0.7208117015989333
4301.0			0.7822711143677005
4301.9			0.8363811743222409
4302.8			0.8243388556858712
4303.7			0.8210832709651465
4304.6			0.8358941384506021
4305.5			0.8377153980735331
4306.4			0.8251645432842953
4307.3			0.7611535592780142
4308.2			0.6850632279796363
4309.1			0.6902591721387232
4310.0			0.7536909151483683
4310.9			0.8233752801572368
4311.8			0.8949318341884578
4312.7			0.9763805565076904
4313.6			1.0811015731918465
4314.5			1.2192032195954279
4315.4			1.4330682213534245
4316.3			1.652938470789255
4317.2			1.7349814159431702
4318.1			1.7251372730297856
4319.0			1.7012454138708035
4319.9			1.6556687528050975
4320.8			1.0
4321.7			0.9456630327792683
4322.6			0.8584533733630347
4323.5			0.7244309012954704
4324.4			0.6143569859720648
4325.3			0.5653617245326392
4326.2			0.6294257531810417
4327.1			0.7969022030523194
4328.0			0.943702009599452
4328.9			1.0025462997326298
4329.8			1.0
4330.7			1.0
4331.6			1.0
4332.5			1.0
4333.4			1.0
4334.3			1.0
4335.2			1.0407309958547264
4336.1			1.0124042178275154
4337.0			0.8926097027767549
4337.9			0.775760284713438
4338.8			0.7212017409598241
4339.7			0.687025428341756
4340.6			0.7016177394096554
4341.5			0.8115852163996485
4342.4			0.9360012069383331
4343.3			0.9784850833203097
4344.2			0.9963470813175285
4345.1			1.0
4346.0			1.0
4346.9			1.0
4347.8			1.0
4348.7			1.0
4349.6			1.0330771546718156
4350.5			0.9326785016983294
4351.4			0.7863739809706514
4352.3			0.7593428623667259
4353.2			0.8639128709293247
4354.1			0.9648119356482896
4355.0			0.9985441706455751
4355.9			1.0
4356.8			1.0
4357.7			1.0
4358.6			1.0
4359.5			1.0
4360.4			1.0
4361.3			1.0
4362.2			1.0
4363.1			1.0
4364.0			1.0
4364.9			1.0
4365.8			1.0
4366.7			1.0
4367.6			1.0
4368.5			1.0
4369.4			1.0
4370.3			1.0
4371.2			1.0
4372.1			0.9962904151069463
4373.0			0.9424078048101998
4373.9			0.8609746620861206
4374.8			0.8122861192556464
4375.7			0.8368658940522649
4376.6			0.9243475072003773
4377.5			1.0026420936179257
4378.4			1.0
4379.3			1.0
4380.2			0.979508121082303
4381.1			0.9537381415805043
4382.0			0.8586617924620197
4382.9			0.6716214548335427
4383.8			0.5478384796934627
4384.7			0.6149303743928296
4385.6			0.7953038859005922
4386.5			0.9446400546783795
4387.4			0.9973183400209208
4388.3			1.0
4389.2			1.0
4390.1			1.0
4391.0			1.0
4391.9			1.0
4392.8			1.0
4393.7			1.0
4394.6			1.0
4395.5			1.0
4396.4			1.0
4397.3			1.0
4398.2			1.0
4399.1			0.9289041323385868
4400.0			0.8662758127295871
4400.9			0.8660981024781139
4401.8			0.9427508096162877
4402.7			0.9840260267831494
4403.6			0.8849986181898387
4404.5			0.7529523324088484
4405.4			0.7578217707693764
4406.3			0.856168618314533
4407.2			0.8931197845775962
4408.1			0.8695866802561222
4409.0			0.89973387772523
4409.9			1.0003793557519325
4410.8			1.0
4411.7			1.0
4412.6			1.0201850200651599
4413.5			0.9721406621113626
4414.4			0.8643417532325051
4415.3			0.8015336555737151
4416.2			0.8466140415751127
4417.1			0.928413752160711
4418.0			0.9934769087314073
4418.9			1.0
4419.8			1.0
4420.7			1.0
4421.6			1.0
4422.5			1.0
4423.4			1.0
4424.3			1.0
4425.2			1.0
4426.1			1.0
4427.0			1.0
4427.9			1.0
4428.8			1.0
4429.7			1.0
4430.6			1.0
4431.5			1.0
4432.4			1.0153818475660101
4433.3			0.9645044263883784
4434.2			0.8873324646474193
4435.1			0.8429654421857113
4436.0			0.8706739327575403
4436.9			0.9461151134270306
4437.8			1.0115281688554454
4438.7			1.0
4439.6			1.0
4440.5			1.0
4441.4			1.0
4442.3			1.0
4443.2			1.0
4444.1			1.0
4445.0			1.0
4445.9			1.0
4446.8			1.0
4447.7			1.0
4448.6			1.0
4449.5			1.0
4450.4			1.0
4451.3			1.0
4452.2			1.0190505589338295
4453.1			0.9941801653623381
4454.0			0.9249975738541206
4454.9			0.8599843893773598
4455.8			0.8502508176953174
4456.7			0.8807404858059094
4457.6			0.8962986805150399
4458.5			0.8843682573478593
4459.4			0.8653365605474319
4460.3			0.8572021150149464
4461.2			0.8286531409663359
4462.1			0.8194424542969058
4463.0			0.898698622162589
4463.9			0.9701033017087667
4464.8			0.980399813190042
4465.7			0.9749288126219852
4466.6			0.9704700341968648
4467.5			0.9679254564519973
4468.4			0.9438583971668348
4469.3			0.9113646693828821
4470.2			0.9176781223644
4471.1			0.9548426897358103
4472.0			0.9996530076642539
4472.9			1.0
4473.8			1.0
4474.7			1.0
4475.6			1.0
4476.5			1.0
4477.4			1.023246773785017
4478.3			1.0004477514326264
4479.2			0.9296050695199269
4480.1			0.8547837015895466
4481.0			0.8210957415823621
4481.9			0.831101373692226
4482.8			0.8826348372286628
4483.7			0.952129964129182
4484.6			0.9989762204698508
4485.5			1.0
4486.4			1.0
4487.3			1.0
4488.2			1.0
4489.1			1.0
4490.0			1.0
4490.9			1.0
4491.8			1.0389292083563417
4492.7			1.0314797465525665
4493.6			0.9750952182294008
4494.5			0.9104907008738281
4495.4			0.8821444400054294
4496.3			0.8980652244503737
4497.2			0.9324413757640188
4498.1			0.9768509325648606
4499.0			1.002580207101109
4499.9			1.0
4500.8			1.0
4501.7			1.0
4502.6			1.0
4503.5			1.0
4504.4			1.0
4505.3			1.0
4506.2			1.0
4507.1			1.0
4508.0			1.0
4508.9			1.0
4509.8			1.0
4510.7			1.0
4511.6			1.0
4512.5			1.0
4513.4			1.0
4514.3			1.0
4515.2			1.0142118165734255
4516.1			1.0338648319522532
4517.0			1.0214522240561001
4517.9			0.9967559850906914
4518.8			1.015658518932992
4519.7			1.0619940610716716
4520.6			1.0918723717904737
4521.5			1.0781178699002385
4522.4			1.0227714466602695
4523.3			0.9956670550626601
4524.2			1.0037602356173736
4525.1			0.9796944643033207
4526.0			0.9315440491990702
4526.9			0.8900404215858788
4527.8			0.8551865108991078
4528.7			0.8425305271189097
4529.6			0.8615499147187685
4530.5			0.896781462657908
4531.4			0.934520223311787
4532.3			0.9711218261858274
4533.2			0.9627286468416293
4534.1			0.9090296612926898
4535.0			0.8742346277032369
4535.9			0.9042791362980673
4536.8			1.0020012813717987
4537.7			1.0800699873361375
4538.6			1.0685563251775103
4539.5			1.0153684793657607
4540.4			0.9778328975959976
4541.3			0.972110438347692
4542.2			0.9999168834730928
4543.1			1.0
4544.0			1.0
4544.9			1.0
4545.8			1.0
4546.7			1.0246532921565157
4547.6			1.0249577819685622
4548.5			0.9803859638751514
4549.4			0.9356826018722515
4550.3			0.9551115152508828
4551.2			1.0006128699701577
4552.1			0.9943311825777682
4553.0			0.9547690191931084
4553.9			0.9168342797346264
4554.8			0.9060782928332377
4555.7			0.9396828003187517
4556.6			1.0019426528864022
4557.5			1.050897117295277
4558.4			1.0579747330209017
4559.3			1.045633336197802
4560.2			1.0342877863791735
4561.1			1.0
4562.0			1.0058785831969856
4562.9			0.9720222546251658
4563.8			0.9027888423667516
4564.7			0.8555885423059065
4565.6			0.8666124999352098
4566.5			0.9304455254772033
4567.4			0.9998953644686221
4568.3			1.0
4569.2			1.0
4570.1			1.0
4571.0			1.0
4571.9			1.0
4572.8			1.0
4573.7			1.0517358210939485
4574.6			1.0425854087784447
4575.5			1.0257759550191083
4576.4			1.0236364346583533
4577.3			1.0172225180581382
4578.2			0.9941580204714346
4579.1			1.0
4580.0			0.9406194010576124
4580.9			0.9180469545683473
4581.8			0.9400038398312867
4582.7			0.965635420488556
4583.6			0.9686848460121734
4584.5			0.9656453151385662
4585.4			0.9622925529857123
4586.3			0.972798420782572
4587.2			1.0092420511728395
4588.1			1.052223115320615
4589.0			1.0744800872733804
4589.9			1.0535970265743964
4590.8			1.0015954766476243
4591.7			0.9576375810009634
4592.6			0.9446984602059142
4593.5			0.949636522583084
4594.4			0.9353813232355872
4595.3			0.9093734582813541
4596.2			0.9067638132398257
4597.1			0.9244815529513322
4598.0			0.9428334177448173
4598.9			0.9507430871365966
4599.8			0.9268178467545948
4600.7			0.9039744582596948
4601.6			0.9269486003329276
4602.5			0.9525503400329347
4603.4			0.9520403687907648
4604.3			0.9371959373271807
4605.2			0.9163236583024069
4606.1			0.9239120719329987
4607.0			0.9646437364086228
4607.9			1.011827086399572
4608.8			1.0456580215627624
4609.7			1.038896033801281
4610.6			0.9993829455681914
4611.5			1.0
4612.4			1.0
4613.3			1.0
4614.2			1.0
4615.1			1.0
4616.0			1.0
4616.9			1.0
4617.8			1.0
4618.7			1.0
4619.6			1.0
4620.5			1.0
4621.4			1.0
4622.3			1.0
4623.2			1.0
4624.1			1.0
4625.0			1.0
4625.9			1.0
4626.8			1.0
4627.7			1.0
4628.6			1.0
4629.5			1.0
4630.4			1.0
4631.3			1.0
4632.2			1.0
4633.1			1.0
4634.0			1.0
4634.9			1.0
4635.8			1.0
4636.7			1.0
4637.6			1.0
4638.5			1.0
4639.4			1.0
4640.3			1.0
4641.2			1.0371372114970887
4642.1			1.0512859293721768
4643.0			1.0289943329067226
4643.9			0.9953068763963238
4644.8			0.9659440574787428
4645.7			0.9110892005638034
4646.6			0.8605724150322457
4647.5			0.8607501779394812
4648.4			0.8887778194884168
4649.3			0.9285569295824643
4650.2			0.9664020306178153
4651.1			0.9889559573509638
4652.0			1.0
4652.9			0.9972126763654898
4653.8			0.9594715160496466
4654.7			0.9063660125288417
4655.6			0.8888070713199218
4656.5			0.8999739875213438
4657.4			0.9368048502206225
4658.3			1.0007261004260342
4659.2			1.0
4660.1			1.0
4661.0			1.0
4661.9			1.0
4662.8			0.950359097588764
4663.7			0.9461499671604335
4664.6			0.9639792426638684
4665.5			0.9355849751117449
4666.4			0.8467029299842819
4667.3			0.7786072136374174
4668.2			0.8012637317372118
4669.1			0.875510246359703
4670.0			0.9347436017337236
4670.9			0.9810488278808004
4671.8			1.0003934199494422
4672.7			1.0
4673.6			1.0
4674.5			1.0
4675.4			1.0
4676.3			1.0
4677.2			0.9969988344972335
4678.1			0.9538078397540816
4679.0			0.9157093374878107
4679.9			0.8918869526846833
4680.8			0.8769665030060158
4681.7			0.8900540452629452
4682.6			0.9315499080980282
4683.5			0.9795354537531056
4684.4			0.9974602710347253
4685.3			1.0
4686.2			1.0
4687.1			1.0
4688.0			1.0
4688.9			1.0
4689.8			1.0
4690.7			1.0
4691.6			0.9912163738336162
4692.5			1.010680073767886
4693.4			1.0301166770633317
4694.3			1.0462299729982054
4695.2			1.073337798587749
4696.1			1.0891145577744796
4697.0			1.0577558169605439
4697.9			0.9864554268684914
4698.8			0.941111710564917
4699.7			0.9515097514934489
4700.6			0.9721112065406756
4701.5			0.9677914251765849
4702.4			0.9483643432354562
4703.3			0.9402224449618118
4704.2			0.9693315265235979
4705.1			1.0015569150942154
4706.0			0.9996054405916075
4706.9			1.0
4707.8			1.0
4708.7			1.0
4709.6			1.0
4710.5			1.0
4711.4			1.0
4712.3			1.0
4713.2			1.0
4714.1			1.0
4715.0			1.0
4715.9			1.0
4716.8			1.0
4717.7			1.0
4718.6			1.0
4719.5			1.0
4720.4			1.0
4721.3			1.0
4722.2			1.0
4723.1			1.0064716556720321
4724.0			1.0349988715249585
4724.9			1.0526264546900692
4725.8			1.0308322857188543
4726.7			0.9637421586425747
4727.6			0.8910120563337331
4728.5			0.8651956112027935
4729.4			0.8818263159468241
4730.3			0.9095590603858502
4731.2			0.9367862323974387
4732.1			0.966531275497901
4733.0			0.9895548652138266
4733.9			1.0008447350846044
4734.8			1.0
4735.7			1.0
4736.6			1.0
4737.5			1.0
4738.4			1.0
4739.3			1.0
4740.2			1.0
4741.1			1.0
4742.0			1.0
4742.9			1.0
4743.8			1.0
4744.7			1.0
4745.6			1.0
4746.5			1.0
4747.4			1.0
4748.3			1.0
4749.2			1.0
4750.1			1.0
4751.0			1.0
4751.9			1.0
4752.8			1.0
4753.7			1.0
4754.6			1.0
4755.5			1.0
4756.4			1.0
4757.3			1.0
4758.2			1.0
4759.1			1.0
4760.0			1.0114310325464853
4760.9			0.9935461873710029
4761.8			0.9464960753619432
4762.7			0.9129112430282778
4763.6			0.9087062570284443
4764.5			0.9017453997839344
4765.4			0.8825265815807519
4766.3			0.8840246383562376
4767.2			0.9166213670703768
4768.1			0.956762543012711
4769.0			0.998748647922842
4769.9			1.0225147464157103
4770.8			1.0006905562449202
4771.7			1.0
4772.6			1.0
4773.5			1.0
4774.4			1.0
4775.3			1.0
4776.2			1.0
4777.1			1.0
4778.0			1.0103600829712525
4778.9			1.00185640216372
4779.8			0.9848026691117113
4780.7			0.9843570771938756
4781.6			0.9810363064758383
4782.5			0.9541002151181835
4783.4			0.9349967689115677
4784.3			0.9458213253134585
4785.2			0.9387244276218162
4786.1			0.8984664990527946
4787.0			0.8875341061778325
4787.9			0.9090546716987149
4788.8			0.9097226154815511
4789.7			0.898638836523414
4790.6			0.9058775532092408
4791.5			0.9182177726931077
4792.4			0.9356576541273051
4793.3			0.9705318054912455
4794.2			1.005387926362466
4795.1			1.0162421880390284
4796.0			1.0
4796.9			0.9704411000241827
4797.8			0.9286366893005985
4798.7			0.8916821138900722
4799.6			0.884917654774085
4800.5			0.9123793758786973
4801.4			0.9607993582055583
4802.3			0.9975395471575603
4803.2			1.0
4804.1			1.0
4805.0			1.0
4805.9			1.0
4806.8			1.0
4807.7			1.0
4808.6			1.0
4809.5			1.0
4810.4			1.0
4811.3			1.0
4812.2			1.0
4813.1			1.0
4814.0			1.0
4814.9			1.0
4815.8			1.0
4816.7			1.0
4817.6			1.0
4818.5			1.0
4819.4			1.0
4820.3			1.0
4821.2			1.0
4822.1			1.0
4823.0			1.0
4823.9			1.0
4824.8			1.0
4825.7			1.0
4826.6			1.0
4827.5			1.0
4828.4			1.0
4829.3			1.0
4830.2			1.0
4831.1			1.0
4832.0			1.0
4832.9			1.0
4833.8			1.0
4834.7			1.011319550851641
4835.6			0.9980818402950851
4836.5			0.9960324313105305
4837.4			1.0034326486196545
4838.3			0.9729996575340516
4839.2			0.9247669512230302
4840.1			0.9030348347117045
4841.0			0.9211908098368518
4841.9			0.9404641016186454
4842.8			0.927071889286221
4843.7			0.9289280074383798
4844.6			0.9655006874434201
4845.5			0.9993167565709584
4846.4			1.0
4847.3			1.0
4848.2			1.0
4849.1			1.0
4850.0			1.0
4850.9			1.0
4851.8			1.0
4852.7			1.0
4853.6			1.0
4854.5			1.0
4855.4			1.0
4856.3			1.0
4857.2			1.054261244418454
4858.1			1.0470057087442473
4859.0			0.9704360498774101
4859.9			0.8551512957114235
4860.8			0.738648836912158
4861.7			0.7261959025285252
4862.6			0.8428163604515974
4863.5			0.9303692017862073
4864.4			0.9528339272510336
4865.3			0.9788472698914228
4866.2			0.9979915660194485
4867.1			1.0
4868.0			1.0
4868.9			1.0
4869.8			0.9885819707770654
4870.7			0.9266884578887445
4871.6			0.8802520637170844
4872.5			0.9222726493355752
4873.4			0.9918351190092931
4874.3			1.0
4875.2			1.0
4876.1			1.0
4877.0			1.0
4877.9			1.0
4878.8			1.0
4879.7			1.0
4880.6			1.0
4881.5			1.0
4882.4			1.0
4883.3			1.0
4884.2			0.9790332577142126
4885.1			0.9274783346076461
4886.0			0.8958273935809783
4886.9			0.9029275752842719
4887.8			0.9217056295571326
4888.7			0.9221444286996635
4889.6			0.9016395258318524
4890.5			0.8519285788944146
4891.4			0.8346331295359771
4892.3			0.9127013313578191
4893.2			0.996525051841299
4894.1			1.0359277501477717
4895.0			1.0557161840097424
4895.9			1.0530466612108749
4896.8			1.0357516357069152
4897.7			1.0274251946207462
4898.6			1.0033673011030697
4899.5			1.0
4900.4			1.0
4901.3			1.0
4902.2			1.0
4903.1			1.0
4904.0			1.0
4904.9			1.0
4905.8			1.0
4906.7			1.0050562450087632
4907.6			0.9723488794791362
4908.5			0.9332500554971552
4909.4			0.8934611032783534
4910.3			0.8681862554712766
4911.2			0.8848470787773057
4912.1			0.9307646562855201
4913.0			0.9689950777723428
4913.9			0.9949229509681714
4914.8			1.0
4915.7			1.0329768851161767
4916.6			1.0204170136638822
4917.5			0.9598973954469994
4918.4			0.8810982203517953
4919.3			0.8264472266283669
4920.2			0.8153479522871943
4921.1			0.8573304568633107
4922.0			0.942894908111279
4922.9			0.9971976813801373
4923.8			0.9976826067053882
4924.7			1.0021417617788562
4925.6			1.0
4926.5			1.0
4927.4			1.0
4928.3			1.0
4929.2			1.0
4930.1			1.0
4931.0			1.0
4931.9			1.0
4932.8			1.0
4933.7			1.0
4934.6			1.0
4935.5			1.0388636012108294
4936.4			1.018955304977124
4937.3			0.9517843537656948
4938.2			0.8831872018139775
4939.1			0.8647206878761697
4940.0			0.9167755458692048
4940.9			0.9814077136982319
4941.8			0.9971476259695137
4942.7			0.9876580143113419
4943.6			1.0
4944.5			1.0
4945.4			1.0
4946.3			1.0
4947.2			1.0
4948.1			1.0
4949.0			1.0
4949.9			1.0
4950.8			1.0
4951.7			1.0
4952.6			1.0
4953.5			1.0
4954.4			1.0
4955.3			1.0
4956.2			0.9360218493913826
4957.1			0.8296176475130753
4958.0			0.8071569640689915
4958.9			0.9108755258685313
4959.8			1.0025680509431418
4960.7			1.0
4961.6			1.0
4962.5			1.0
4963.4			1.0
4964.3			1.0
4965.2			1.0
4966.1			1.0
4967.0			1.0
4967.9			1.0
4968.8			1.0
4969.7			1.0
4970.6			1.0
4971.5			1.0
4972.4			1.0
4973.3			1.0
4974.2			1.0
4975.1			1.0
4976.0			1.0
4976.9			1.0
4977.8			1.0
4978.7			1.0
4979.6			0.9948355770917637
4980.5			0.9962148294279726
4981.4			0.9576754934827819
4982.3			0.8920430294976122
4983.2			0.8666483870301435
4984.1			0.8894614155913629
4985.0			0.9202033647633336
4985.9			0.9562598257670558
4986.8			1.0033047690708123
4987.7			1.0
4988.6			1.0
4989.5			1.0
4990.4			1.0
4991.3			1.0
4992.2			1.0
4993.1			1.0
4994.0			1.0
4994.9			1.0
4995.8			1.0
4996.7			1.0
4997.6			1.0
4998.5			1.0
4999.4			1.0
5000.3			1.0
5001.2			1.0029439050576627
5002.1			1.014903830667156
5003.0			1.025386119333286
5003.9			1.0124642906366874
5004.8			0.9718583546026655
5005.7			0.9290808712664812
5006.6			0.9391305130555351
5007.5			1.0115125390427357
5008.4			1.0819766264019275
5009.3			1.0900071841498398
5010.2			1.0546319810663811
5011.1			1.010532781126009
5012.0			0.9525376547881401
5012.9			0.9080561797583673
5013.8			0.9025093708914994
5014.7			0.9303060505124368
5015.6			0.9721948902514288
5016.5			0.9842959062193859
5017.4			0.9593721852467052
5018.3			0.9467287814857274
5019.2			0.9736404249223062
5020.1			1.002180551321738
5021.0			0.9944385843708787
5021.9			0.9730524778051629
5022.8			0.9790608386346514
5023.7			1.0085361154211714
5024.6			1.0258631005648957
5025.5			1.0222727645793996
5026.4			1.0003216322219493
5027.3			1.0
5028.2			1.0
5029.1			1.0
5030.0			1.0
5030.9			1.0
5031.8			1.0
5032.7			1.0
5033.6			1.0
5034.5			1.0
5035.4			1.0
5036.3			1.0
5037.2			1.0119786812000924
5038.1			1.0083907435969235
5039.0			0.947198994727517
5039.9			0.8585032321239185
5040.8			0.7885298312005397
5041.7			0.803000811269503
5042.6			0.9010165770902541
5043.5			0.9813010746192345
5044.4			1.0076373083033854
5045.3			1.0
5046.2			1.0
5047.1			1.0
5048.0			1.0
5048.9			1.0
5049.8			1.0
5050.7			1.0
5051.6			1.0
5052.5			1.0
5053.4			1.0
5054.3			1.0
5055.2			1.0
5056.1			1.0
5057.0			1.0
5057.9			1.0
5058.8			1.0
5059.7			1.0
5060.6			1.0
5061.5			1.0
5062.4			1.0
5063.3			1.0
5064.2			1.0
5065.1			1.0
5066.0			1.0
5066.9			1.0
5067.8			1.0
5068.7			1.0
5069.6			1.0
5070.5			1.0
5071.4			1.0
5072.3			1.0
5073.2			1.0
5074.1			1.0
5075.0			1.0
5075.9			1.0
5076.8			1.0241674699932248
5077.7			1.0158370115275386
5078.6			0.9345798838563361
5079.5			0.8485271224413751
5080.4			0.8499834636937708
5081.3			0.918533844365248
5082.2			0.9737115576584302
5083.1			0.9866868770126047
5084.0			0.9994163482528605
5084.9			1.0
5085.8			1.0
5086.7			1.0
5087.6			1.0
5088.5			1.0
5089.4			1.0
5090.3			1.0
5091.2			1.0
5092.1			1.0
5093.0			1.0
5093.9			1.0
5094.8			0.9956083168522325
5095.7			0.9738735724227802
5096.6			0.9297571783192721
5097.5			0.8738894731818443
5098.4			0.8315877689776651
5099.3			0.8403103268582907
5100.2			0.9120225648169661
5101.1			0.9839389556252155
5102.0			1.0031112082274916
5102.9			1.0
5103.8			1.0
5104.7			1.0
5105.6			1.0
5106.5			1.0
5107.4			1.0
5108.3			1.0
5109.2			1.0
5110.1			1.0
5111.0			1.0
5111.9			1.0
5112.8			1.0
5113.7			1.0
5114.6			0.9969854691322255
5115.5			0.9988442171496901
5116.4			1.0175716145551088
5117.3			1.0385889525654664
5118.2			1.0422618398309207
5119.1			1.0333750046897996
5120.0			1.013438544763949
5120.9			0.9805432769247465
5121.8			0.9429120469893805
5122.7			0.9056264964676738
5123.6			0.8777410017033727
5124.5			0.8763633308078487
5125.4			0.8950481176650353
5126.3			0.911008198395272
5127.2			0.915326135552277
5128.1			0.9158669729731115
5129.0			0.9157723199266481
5129.9			1.0
5130.8			1.0156838314532175
5131.7			1.0276258908460076
5132.6			1.0384449618448597
5133.5			1.0562976753754463
5134.4			1.0820912011626216
5135.3			1.0902475282345059
5136.2			1.0537922351199351
5137.1			1.0057317891689908
5138.0			0.9809684747476761
5138.9			0.9692558054235766
5139.8			0.9869545316951509
5140.7			1.0175277545007393
5141.6			0.9926742773462056
5142.5			0.9491098484030864
5143.4			0.967689040198195
5144.3			1.0135664653589767
5145.2			1.0127032583772033
5146.1			0.9850545367196539
5147.0			0.974167594300194
5147.9			0.9864908890280887
5148.8			1.0176728051002129
5149.7			1.0316041334877175
5150.6			1.004838053096603
5151.5			0.9764522130059293
5152.4			0.976531850019065
5153.3			0.9867446079031815
5154.2			0.9999010949103053
5155.1			1.0
5156.0			1.0
5156.9			1.0
5157.8			1.0
5158.7			1.0
5159.6			1.0
5160.5			1.0
5161.4			1.0
5162.3			1.0
5163.2			1.0
5164.1			0.9993526957778222
5165.0			0.9552874228002114
5165.9			0.8704932865459785
5166.8			0.783294621262398
5167.7			0.7657305255175448
5168.6			0.8532294756634283
5169.5			0.9987187898363558
5170.4			1.070670588099679
5171.3			0.9829492867836251
5172.2			1.0
5173.1			1.0
5174.0			1.0
5174.9			1.0
5175.8			1.0
5176.7			1.0
5177.6			1.0
5178.5			1.0
5179.4			1.0
5180.3			1.0
5181.2			0.9469077338017703
5182.1			0.8288695066739846
5183.0			0.6820003082355245
5183.9			0.6502139948183687
5184.8			0.7799461413319266
5185.7			0.9323946623569965
5186.6			1.0000552258895241
5187.5			1.0
5188.4			1.0
5189.3			1.0
5190.2			1.0
5191.1			1.0
5192.0			1.0
5192.9			1.0
5193.8			1.0
5194.7			1.0
5195.6			1.0
5196.5			1.0
5197.4			1.0
5198.3			1.0
5199.2			1.0
5200.1			1.0096718926511778
5201.0			1.007430120969899
5201.9			1.0010120291982756
5202.8			0.9958428984525214
5203.7			0.9688993041387568
5204.6			0.9123014896037481
5205.5			0.8802824962115311
5206.4			0.895328781876783
5207.3			0.9031920468654687
5208.2			0.8875614069427821
5209.1			0.9106456747183238
5210.0			0.9622940611277825
5210.9			0.9994089568381825
5211.8			1.0
5212.7			1.0
5213.6			1.000327119831238
5214.5			0.9638234699383084
5215.4			0.9192399119435853
5216.3			0.9018902157392803
5217.2			0.9242563587531358
5218.1			0.967709971328137
5219.0			1.000432591577071
5219.9			1.0
5220.8			1.0
5221.7			1.0
5222.6			0.9834769358007308
5223.5			0.9461598955867015
5224.4			0.892788554325403
5225.3			0.8346972837659703
5226.2			0.784861113437974
5227.1			0.7903012139058607
5228.0			0.8791127839189894
5228.9			0.9678485815638586
5229.8			1.0005407235003645
5230.7			1.0
5231.6			1.0
5232.5			1.0
5233.4			1.0
5234.3			1.0
5235.2			1.0
5236.1			1.0
5237.0			1.0
5237.9			1.0
5238.8			1.0
5239.7			1.0
5240.6			1.0100435521764326
5241.5			1.0038887317355456
5242.4			0.9856293631577439
5243.3			0.9897979934866996
5244.2			1.0203936595960128
5245.1			1.0296686947817502
5246.0			0.9839943407258794
5246.9			0.9235802992892612
5247.8			0.9154860336034225
5248.7			0.9339938277428381
5249.6			0.9145212458546521
5250.5			0.893989828248436
5251.4			0.9189712765301085
5252.3			0.9491063921011129
5253.2			0.9510630463550706
5254.1			0.9287083056556509
5255.0			0.9090402710404026
5255.9			0.9422968651787166
5256.8			1.0073706344749607
5257.7			1.0482947841021275
5258.6			1.0577597468907727
5259.5			1.0
5260.4			0.9589651259930572
5261.3			0.8993053393479368
5262.2			0.8387354245646776
5263.1			0.7956896348149392
5264.0			0.7669140448771629
5264.9			0.7424589528725801
5265.8			0.7395619324560428
5266.7			0.7909996950894151
5267.6			0.834794435092685
5268.5			0.7818555830968413
5269.4			0.6979190051607213
5270.3			0.7208078670277305
5271.2			0.8302112602166433
5272.1			0.8936051443250956
5273.0			0.8854602709078091
5273.9			0.8622674088096536
5274.8			0.8406077837055423
5275.7			0.8478800610325081
5276.6			0.9133769198971284
5277.5			0.9834655318814636
5278.4			1.0
5279.3			0.9717622680797517
5280.2			0.9286314531677788
5281.1			0.8992565532873472
5282.0			0.8867425210450786
5282.9			0.8726038571340197
5283.8			0.8694314072116734
5284.7			0.9191078864514239
5285.6			0.9912421832914341
5286.5			1.0237098163226532
5287.4			1.0132407080170056
5288.3			1.0001715464819723
5289.2			1.0
5290.1			1.0
5291.0			1.0
5291.9			1.0
5292.8			1.0
5293.7			1.0
5294.6			1.0054125925805144
5295.5			0.9849447093820375
5296.4			0.9302791020503977
5297.3			0.875775180675804
5298.2			0.8778442075299723
5299.1			0.9430727027437733
5300.0			0.9941308691620651
5300.9			0.9972991870058537
5301.8			0.9979282009874911
5302.7			1.0
5303.6			1.0
5304.5			1.0
5305.4			1.0
5306.3			1.0
5307.2			1.0
5308.1			1.0
5309.0			1.0
5309.9			1.0
5310.8			1.0
5311.7			1.0
5312.6			1.0
5313.5			1.0
5314.4			1.0
5315.3			1.0
5316.2			1.0
5317.1			1.0
5318.0			1.0
5318.9			1.0
5319.8			1.0
5320.7			1.0
5321.6			1.0
5322.5			1.0
5323.4			1.0
5324.3			0.9769152235788683
5325.2			0.983488250629126
5326.1			0.9703851700342052
5327.0			0.8881618315245376
5327.9			0.7904259795626659
5328.8			0.8012420091587822
5329.7			0.9033892088243105
5330.6			0.9845988776617198
5331.5			0.9981511881772619
5332.4			1.0
5333.3			1.0
5334.2			1.0
5335.1			1.0
5336.0			1.0
5336.9			1.0
5337.8			0.994649055482285
5338.7			0.9753264141064142
5339.6			0.9227073336054942
5340.5			0.8862443035810283
5341.4			0.9143911861757082
5342.3			0.9712092567184197
5343.2			0.9996352017225137
5344.1			1.0
5345.0			1.0
5345.9			1.0
5346.8			1.0
5347.7			1.0
5348.6			1.0
5349.5			1.0
5350.4			1.0
5351.3			1.0
5352.2			1.0
5353.1			1.0
5354.0			1.0
5354.9			1.0
5355.8			1.0
5356.7			1.0
5357.6			1.0
5358.5			1.0
5359.4			1.0
5360.3			1.0
5361.2			1.0
5362.1			1.0
5363.0			1.0
5363.9			1.0
5364.8			1.0
5365.7			1.0
5366.6			1.0
5367.5			0.9950827720997718
5368.4			0.9746099641585239
5369.3			0.9199527133658834
5370.2			0.8589557753617677
5371.1			0.8423112097372035
5372.0			0.8896553225114721
5372.9			0.9565780305352944
5373.8			0.9875021258507365
5374.7			0.994837393203013
5375.6			1.0
5376.5			1.0
5377.4			1.0
5378.3			1.0
5379.2			1.0
5380.1			1.0
5381.0			1.0
5381.9			1.0
5382.8			1.0
5383.7			1.0
5384.6			1.0
5385.5			1.0
5386.4			1.0
5387.3			1.0
5388.2			1.0
5389.1			1.0
5390.0			1.0
5390.9			1.0
5391.8			1.0
5392.7			1.0
5393.6			1.0
5394.5			1.0
5395.4			1.0
5396.3			1.0
5397.2			1.0
5398.1			1.037468259815679
5399.0			1.070088067150428
5399.9			1.064887424230291
5400.8			1.0630569865662327
5401.7			1.0737118131140382
5402.6			1.0478170549767751
5403.5			0.9744402673413011
5404.4			0.9064957566954868
5405.3			0.882402321604561
5406.2			0.907380237317629
5407.1			0.9532242114496717
5408.0			0.9731980168334812
5408.9			0.9502313083624069
5409.8			0.9265631894003846
5410.7			0.9468745987704313
5411.6			0.9901564130542688
5412.5			1.0061792313239197
5413.4			1.0
5414.3			1.0
5415.2			1.0
5416.1			1.0
5417.0			1.0
5417.9			1.0
5418.8			1.0
5419.7			1.0
5420.6			1.0
5421.5			1.0
5422.4			1.0
5423.3			1.0
5424.2			1.0
5425.1			1.0
5426.0			1.0
5426.9			1.0281056510008486
5427.8			0.9981595592447926
5428.7			0.9313267903327198
5429.6			0.9116250301429403
5430.5			0.9664799814658684
5431.4			1.0107445215730162
5432.3			1.0009313734728345
5433.2			1.0
5434.1			1.0
5435.0			1.0
5435.9			1.0
5436.8			1.0
5437.7			1.0
5438.6			1.0
5439.5			1.0
5440.4			1.0
5441.3			1.0
5442.2			1.0
5443.1			1.0
5444.0			0.9707291415635422
5444.9			0.9208887348397041
5445.8			0.8686872641115274
5446.7			0.8558388366074996
5447.6			0.9069670630050917
5448.5			0.9706864471102965
5449.4			1.0002999904193073
5450.3			1.0
5451.2			1.0
5452.1			1.0
5453.0			1.0
5453.9			1.0
5454.8			1.0
5455.7			1.0
5456.6			1.0
5457.5			1.0
5458.4			1.0
5459.3			1.0
5460.2			1.0
5461.1			1.0
5462.0			1.0
5462.9			1.0
5463.8			1.0
5464.7			1.0
5465.6			1.0
5466.5			1.0
5467.4			1.0
5468.3			1.0
5469.2			1.0
5470.1			1.0
5471.0			1.0
5471.9			1.0
5472.8			0.9869109111878108
5473.7			0.9852474521369414
5474.6			0.9842932314296322
5475.5			0.9425705579117135
5476.4			0.8985592752023206
5477.3			0.927294494950962
5478.2			0.9998416589167503
5479.1			1.0327814035146237
5480.0			1.0018454072824376
5480.9			1.0
5481.8			1.0
5482.7			1.0
5483.6			1.0
5484.5			1.0
5485.4			1.0
5486.3			1.0
5487.2			1.0
5488.1			1.0
5489.0			1.0
5489.9			1.0
5490.8			1.0
5491.7			1.0
5492.6			1.0
5493.5			1.0
5494.4			1.0
5495.3			1.0
5496.2			1.0
5497.1			1.0
5498.0			1.0
5498.9			1.0
5499.8			1.0
5500.7			1.0
5501.6			1.0
5502.5			1.0
5503.4			1.0
5504.3			1.0
5505.2			1.0
5506.1			1.0
5507.0			1.0
5507.9			1.029011244227587
5508.8			1.031649618016372
5509.7			1.0156940530422693
5510.6			0.9948748183301653
5511.5			0.962634571767604
5512.4			0.9387789756461613
5513.3			0.9450137146354631
5514.2			0.9654655801783126
5515.1			0.9824247373590059
5516.0			0.9888505330961948
5516.9			0.9980129900702369
5517.8			1.0
5518.7			1.0
5519.6			1.0
5520.5			1.0
5521.4			1.0
5522.3			1.0
5523.2			1.0
5524.1			0.9990966446341623
5525.0			0.9860920845318192
5525.9			0.9674510790174642
5526.8			0.9465787779684987
5527.7			0.927630223593829
5528.6			0.935886097314487
5529.5			0.9722898393582142
5530.4			0.9974208925520439
5531.3			0.9994517259392596
5532.2			1.0
5533.1			1.0
5534.0			1.0
5534.9			1.0
5535.8			1.0
5536.7			1.0
5537.6			1.0
5538.5			1.0
5539.4			1.0
5540.3			1.0
5541.2			1.0
5542.1			1.0
5543.0			1.0
5543.9			1.0
5544.8			1.0
5545.7			1.0
5546.6			1.0
5547.5			1.0
5548.4			1.0
5549.3			1.0
5550.200000000001			1.0
5551.1			1.0
5552.0			1.0
5552.9			1.0
5553.8			1.0
5554.700000000001			1.0
5555.6			1.0
5556.5			1.0
5557.4			1.0
5558.3			1.0
5559.200000000001			1.0
5560.1			1.0
5561.0			1.0
5561.9			1.0
5562.8			1.0
5563.700000000001			1.0
5564.6			1.0
5565.5			1.0
5566.4			1.0
5567.3			1.0
5568.200000000001			1.0
5569.1			1.0
5570.0			1.0
5570.9			1.0
5571.8			1.0
5572.700000000001			1.0
5573.6			1.0
5574.5			1.0
5575.4			1.0
5576.3			1.0
5577.200000000001			1.0
5578.1			1.0
5579.0			1.0028223981774926
5579.9			1.0121662973657077
5580.8			1.0065005398119584
5581.700000000001			0.9954908580903508
5582.6			1.0007063154834217
5583.5			1.0087870838772117
5584.4			0.997377879803444
5585.3			0.9629216215876603
5586.200000000001			0.9162658158181823
5587.1			0.882524912254801
5588.0			0.8795226490532301
5588.9			0.8974821920641017
5589.8			0.9231131706959654
5590.700000000001			0.9478754001992573
5591.6			0.956481258987234
5592.5			0.9497972582696785
5593.4			0.9375762886495571
5594.3			0.9415832204495613
5595.200000000001			0.9783591301963466
5596.1			1.0108186567906134
5597.0			1.0
5597.9			0.9646642276375212
5598.8			0.9476983527487028
5599.700000000001			0.9413232398805255
5600.6			0.9216506567413303
5601.5			0.8960174162383672
5602.4			0.8920190111496415
5603.3			0.9264726381790735
5604.200000000001			0.978890253343706
5605.1			1.0090360299561083
5606.0			1.0107129845786305
5606.9			1.001438351157813
5607.8			1.0
5608.700000000001			1.0
5609.6			1.0
5610.5			1.0
5611.4			1.0
5612.3			1.0069229231651844
5613.200000000001			0.9848630573996926
5614.1			0.9279124214615077
5615.0			0.8799510598007177
5615.9			0.8981564830800224
5616.8			0.9596627185752096
5617.700000000001			0.9985044981570114
5618.6			1.0
5619.5			1.0
5620.4			1.0
5621.3			1.0
5622.200000000001			1.0
5623.1			1.0
5624.0			1.0
5624.9			1.0
5625.8			1.0
5626.700000000001			1.0
5627.6			1.0
5628.5			1.0
5629.4			1.0
5630.3			1.0
5631.200000000001			1.0
5632.1			1.0
5633.0			1.0
5633.9			1.0
5634.8			1.0
5635.700000000001			1.0
5636.6			1.0
5637.5			1.0
5638.4			1.0
5639.3			1.0
5640.200000000001			1.0
5641.1			1.0
5642.0			1.0
5642.9			1.0
5643.8			1.0
5644.700000000001			1.0
5645.6			1.0
5646.5			1.0
5647.4			1.0
5648.3			1.0
5649.200000000001			1.0
5650.1			1.0
5651.0			1.0
5651.9			1.0133226886104045
5652.8			1.004870323666057
5653.700000000001			0.9751537562871267
5654.6			0.9563244497111064
5655.5			0.9674285678460255
5656.4			0.9659083247611272
5657.3			0.9150643393112446
5658.200000000001			0.8706875538893517
5659.1			0.8956805034771194
5660.0			0.9466870201162957
5660.9			0.9579140991974656
5661.8			0.9417073483306785
5662.700000000001			0.9449769245875534
5663.6			0.9742277214709012
5664.5			1.0000260551760085
5665.4			1.0
5666.3			1.0
5667.200000000001			1.0
5668.1			1.0
5669.0			1.0
5669.9			1.0
5670.8			1.0
5671.700000000001			1.0
5672.6			1.0
5673.5			1.0
5674.4			1.0
5675.3			1.0
5676.200000000001			1.0
5677.1			1.0
5678.0			1.0
5678.9			1.0
5679.8			1.0
5680.700000000001			1.0
5681.6			1.0
5682.5			1.0
5683.4			1.0
5684.3			1.0
5685.200000000001			1.0
5686.1			1.0
5687.0			1.0
5687.9			1.0
5688.8			1.0
5689.700000000001			1.0
5690.6			1.0
5691.5			1.0
5692.4			1.0
5693.3			1.0
5694.200000000001			1.0
5695.1			1.0
5696.0			1.0
5696.9			1.0
5697.8			1.0
5698.700000000001			1.0
5699.6			1.0
5700.5			0.9875600834484609
5701.4			0.9754029372797207
5702.3			0.9820982248022189
5703.200000000001			1.0008313516106202
5704.1			1.0060032171018554
5705.0			0.985642739518081
5705.9			0.9560002674607228
5706.8			0.9361862986271331
5707.700000000001			0.9197088010673287
5708.6			0.9043700228036814
5709.5			0.9033953789668038
5710.4			0.9084035749212107
5711.3			0.9092359691104182
5712.200000000001			0.9302514925119717
5713.1			0.9673539871541037
5714.0			0.9871723599043591
5714.9			0.9925421428594278
5715.8			0.9992646971181662
5716.700000000001			0.9997092301552003
5717.6			1.0
5718.5			1.0
5719.4			1.0
5720.3			1.0
5721.200000000001			1.0
5722.1			1.0
5723.0			1.0
5723.9			1.0
5724.8			1.0
5725.700000000001			1.0
5726.6			1.0
5727.5			1.0
5728.4			1.0
5729.3			1.0
5730.200000000001			1.0
5731.1			1.0
5732.0			1.0
5732.9			1.0
5733.8			1.0
5734.700000000001			1.0
5735.6			1.0
5736.5			1.0
5737.4			1.0
5738.3			1.0
5739.200000000001			1.0
5740.1			1.0
5741.0			1.0
5741.9			1.0
5742.8			1.0
5743.700000000001			1.0
5744.6			1.0
5745.5			1.0
5746.4			1.0
5747.3			1.0
5748.200000000001			1.0
5749.1			1.0
5750.0			1.020584625193823
5750.9			1.012521689287368
5751.8			0.9771990383901209
5752.700000000001			0.9364310212436744
5753.6			0.9133461888942284
5754.5			0.9253311191278264
5755.4			0.9614081569785522
5756.3			0.9888009047261697
5757.200000000001			0.9969680337799944
5758.1			1.0
5759.0			1.0
5759.9			1.0
5760.8			1.0
5761.700000000001			1.0
5762.6			1.0
5763.5			1.0
5764.4			1.0
5765.3			1.0
5766.200000000001			1.0
5767.1			1.0
5768.0			1.0
5768.9			1.0
5769.8			1.0
5770.700000000001			1.0
5771.6			1.0
5772.5			1.0
5773.4			1.0
5774.3			0.9968422700516881
5775.200000000001			1.0048959747245398
5776.1			1.0193898739323384
5777.0			1.0221044074014647
5777.9			1.0140870130815343
5778.8			0.9951293153243271
5779.700000000001			0.9591218186310198
5780.6			0.9191148550535304
5781.5			0.9040553913897827
5782.4			0.91811786103222
5783.3			0.9301609252045471
5784.200000000001			0.9210475634929457
5785.1			0.9159515911210545
5786.0			0.9407594665424636
5786.9			0.976284234810152
5787.8			0.9949873629431388
5788.700000000001			1.0001685438655936
5789.6			1.0
5790.5			1.0
5791.4			1.0
5792.3			1.0
5793.200000000001			1.0
5794.1			1.0
5795.0			1.0
5795.9			1.0
5796.8			1.0
5797.700000000001			1.0
5798.6			1.0
5799.5			1.0
5800.4			1.0
5801.3			1.0
5802.200000000001			1.0
5803.1			1.0
5804.0			1.0
5804.9			1.0
5805.8			1.0
5806.700000000001			1.0
5807.6			1.0
5808.5			1.0
5809.4			1.0
5810.3			1.0
5811.200000000001			1.0
5812.1			1.0
5813.0			1.0
5813.9			1.0
5814.8			1.0
5815.700000000001			1.0
5816.6			1.0
5817.5			1.0
5818.4			1.0
5819.3			1.0
5820.200000000001			1.0
5821.1			1.0
5822.0			1.0
5822.9			1.0
5823.8			1.0
5824.700000000001			1.0
5825.6			1.0
5826.5			1.0
5827.4			1.0
5828.3			1.0
5829.200000000001			1.0
5830.1			1.0
5831.0			1.0
5831.9			1.0
5832.8			1.0
5833.700000000001			1.0
5834.6			1.0
5835.5			1.0
5836.4			1.0
5837.3			1.0
5838.200000000001			1.0
5839.1			1.0
5840.0			1.0
5840.9			1.0
5841.8			1.0
5842.700000000001			1.0
5843.6			1.0
5844.5			1.0
5845.4			1.0
5846.3			1.0
5847.200000000001			1.0
5848.1			1.0
5849.0			1.0
5849.9			1.0
5850.8			1.0
5851.700000000001			1.0
5852.6			1.0
5853.5			1.0
5854.4			1.0
5855.3			1.0
5856.200000000001			1.0
5857.1			1.0
5858.0			1.0
5858.9			1.0
5859.8			1.0
5860.700000000001			1.0
5861.6			1.0
5862.5			1.0
5863.4			1.0
5864.3			1.0
5865.200000000001			1.0
5866.1			1.0
5867.0			1.0
5867.9			1.0
5868.8			1.0
5869.700000000001			1.0
5870.6			1.0
5871.5			1.0
5872.4			1.0
5873.3			1.0
5874.200000000001			1.0
5875.1			1.0
5876.0			1.0
5876.9			1.0
5877.8			1.0
5878.700000000001			1.0
5879.6			1.0
5880.5			1.0
5881.4			1.0
5882.3			1.0
5883.200000000001			1.0
5884.1			1.0
5885.0			1.0
5885.9			1.019971131936403
5886.8			1.0176019466315365
5887.700000000001			0.9741861865369582
5888.6			0.8783546337636813
5889.5			0.7948319177333978
5890.4			0.8116735732741279
5891.3			0.899823660448408
5892.200000000001			0.9713696248391239
5893.1			1.0049117637610252
5894.0			1.0
5894.9			1.0
5895.8			1.0
5896.700000000001			1.0
5897.6			1.0
5898.5			1.0
5899.4			1.0
5900.3			1.0
5901.200000000001			1.0
5902.1			1.0
5903.0			1.0
5903.9			1.0
5904.8			1.0
5905.700000000001			1.0
5906.6			1.0
5907.5			1.0
5908.4			1.0
5909.3			1.0
5910.200000000001			1.0
5911.1			1.0
5912.0			1.0
5912.9			1.0
5913.8			1.0
5914.700000000001			1.0
5915.6			1.0
5916.5			1.0
5917.4			1.0
5918.3			1.0
5919.200000000001			1.0
5920.1			1.0
5921.0			1.0
5921.9			1.0
5922.8			1.0
5923.700000000001			1.0
5924.6			1.0
5925.5			1.0
5926.4			1.0
5927.3			1.0
5928.200000000001			1.0
5929.1			1.0
5930.0			1.0
5930.9			1.0
5931.8			1.0
5932.700000000001			1.0
5933.6			1.0
5934.5			1.0
5935.4			1.0
5936.3			1.0
5937.200000000001			1.0
5938.1			1.0
5939.0			1.0
5939.9			1.0
5940.8			1.0
5941.700000000001			1.0
5942.6			1.0
5943.5			1.0
5944.4			1.0
5945.3			1.0
5946.200000000001			1.0
5947.1			1.0
5948.0			1.0
5948.9			1.0
5949.8			1.0
5950.700000000001			1.0
5951.6			1.0
5952.5			1.0
5953.4			1.0
5954.3			1.0
5955.200000000001			1.0
5956.1			1.0
5957.0			1.0
5957.9			1.0
5958.8			1.0
5959.700000000001			1.0
5960.6			1.0
5961.5			1.0
5962.4			1.0
5963.3			1.0
5964.200000000001			1.0
5965.1			1.0
5966.0			1.0
5966.9			1.0
5967.8			1.0
5968.700000000001			1.0
5969.6			1.0
5970.5			1.0
5971.4			1.0
5972.3			1.0
5973.200000000001			1.0
5974.1			1.0
5975.0			1.0
5975.9			1.0
5976.8			1.0
5977.700000000001			1.0
5978.6			1.0
5979.5			1.0
5980.4			1.0
5981.3			1.0
5982.200000000001			1.0
5983.1			1.0
5984.0			1.0
5984.9			1.0
5985.8			1.0
5986.700000000001			1.0
5987.6			1.0
5988.5			1.0
5989.4			1.0
5990.3			1.0
5991.200000000001			1.0
5992.1			1.0
5993.0			1.0
5993.9			1.0
5994.8			1.0
5995.700000000001			1.0
5996.6			1.0
5997.5			1.0
5998.4			1.0
5999.3			1.0
6000.200000000001			1.0
6001.1			1.0
6002.0			1.0
6002.9			1.0
6003.8			1.0
6004.700000000001			1.0
6005.6			1.0
6006.5			1.0
6007.4			1.0
6008.3			1.0
6009.200000000001			1.0
6010.1			1.0
6011.0			1.0
6011.9			1.0
6012.8			1.0
6013.700000000001			1.0
6014.6			1.0
6015.5			1.0
6016.4			1.0
6017.3			1.0
6018.200000000001			1.0
6019.1			1.0
6020.0			1.0
6020.9			1.0
6021.8			1.0
6022.700000000001			1.0
6023.6			1.0
6024.5			1.0
6025.4			1.0
6026.3			1.0
6027.200000000001			1.0
6028.1			1.0
6029.0			1.0
6029.9			1.0
6030.8			1.0
6031.700000000001			1.0
6032.6			1.0
6033.5			1.0
6034.4			1.0
6035.3			1.0
6036.200000000001			1.0
6037.1			1.0
6038.0			1.0
6038.9			1.0
6039.8			1.0
6040.700000000001			1.0
6041.6			1.0
6042.5			1.0
6043.4			1.0
6044.3			1.0
6045.200000000001			1.0
6046.1			1.0
6047.0			1.0
6047.9			1.0
6048.8			1.0
6049.700000000001			1.0
6050.6			1.0
6051.5			1.0
6052.4			1.0
6053.3			1.0
6054.200000000001			1.0
6055.1			1.0
6056.0			1.0
6056.9			1.0
6057.8			1.0
6058.700000000001			1.0
6059.6			1.0
6060.5			1.0
6061.4			1.0
6062.3			1.0
6063.200000000001			1.0
6064.1			1.0
6065.0			1.0
6065.9			1.0
6066.8			1.0
6067.700000000001			1.0
6068.6			1.0
6069.5			1.0
6070.4			1.0
6071.3			1.0
6072.200000000001			1.0
6073.1			1.0
6074.0			1.0
6074.9			1.0
6075.8			1.0
6076.700000000001			1.0
6077.6			1.0
6078.5			1.0
6079.4			1.0
6080.3			1.0
6081.200000000001			1.0
6082.1			1.0
6083.0			1.0
6083.9			1.0
6084.8			1.0
6085.700000000001			1.0
6086.6			1.0
6087.5			1.0
6088.4			1.0
6089.3			1.0
6090.200000000001			1.0
6091.1			1.0
6092.0			1.0
6092.9			1.0
6093.8			1.0
6094.700000000001			1.0
6095.6			1.0
6096.5			1.0
6097.4			1.0
6098.3			1.0
6099.200000000001			1.0
6100.1			1.0
6101.0			0.9678281811576985
6101.9			0.9164517647389342
6102.8			0.9022201899100996
6103.700000000001			0.947147087533625
6104.6			0.9972064495010887
6105.5			1.0
6106.4			1.0
6107.3			1.0
6108.200000000001			1.0
6109.1			1.0
6110.0			1.0
6110.9			1.0
6111.8			1.0
6112.700000000001			1.0
6113.6			1.0
6114.5			1.0
6115.4			1.0
6116.3			1.0
6117.200000000001			1.0
6118.1			1.0
6119.0			1.0
6119.9			1.0
6120.8			1.0
6121.700000000001			1.0
6122.6			1.0
6123.5			1.0
6124.4			1.0
6125.3			1.0
6126.200000000001			1.0
6127.1			1.0
6128.0			1.0
6128.9			1.0
6129.8			1.0
6130.700000000001			1.0
6131.6			1.0
6132.5			1.0
6133.4			1.0
6134.3			0.9832407394268886
6135.200000000001			0.9354612310933641
6136.1			0.8694170675690865
6137.0			0.8402526229697972
6137.9			0.8871777635922673
6138.8			0.9645572335557874
6139.700000000001			1.0004210089377825
6140.6			1.0
6141.5			1.0
6142.4			1.0
6143.3			1.0
6144.200000000001			1.0
6145.1			1.0
6146.0			1.0
6146.9			1.0
6147.8			1.0
6148.700000000001			1.0
6149.6			1.0
6150.5			1.0
6151.4			1.0
6152.3			1.0
6153.200000000001			1.0
6154.1			1.0
6155.0			1.0
6155.9			1.0
6156.8			1.0
6157.700000000001			1.0
6158.6			1.0030094371587628
6159.5			0.9890593179119548
6160.4			0.9468796603645391
6161.3			0.9001451058535307
6162.200000000001			0.8861986645719998
6163.1			0.9103149153095035
6164.0			0.9510508582091481
6164.9			0.982040571985286
6165.8			0.9992166186692863
6166.700000000001			1.0
6167.6			1.0
6168.5			1.0
6169.4			1.0
6170.3			1.0
6171.200000000001			1.0
6172.1			1.0
6173.0			1.0
6173.9			1.0
6174.8			1.0
6175.700000000001			1.0
6176.6			1.0
6177.5			1.0
6178.4			1.0
6179.3			1.0
6180.200000000001			1.0
6181.1			1.0
6182.0			1.0
6182.9			1.0
6183.8			1.0
6184.700000000001			1.0
6185.6			1.0
6186.5			1.0
6187.4			1.0
6188.3			1.0
6189.200000000001			1.0
6190.1			1.0
6191.0			1.0
6191.9			1.0
6192.8			1.0
6193.700000000001			1.0
6194.6			1.0
6195.5			1.0
6196.4			1.0
6197.3			1.0
6198.200000000001			1.0
6199.1			1.0
6200.0			1.0
6200.9			1.0
6201.8			1.0
6202.700000000001			1.0
6203.6			1.0
6204.5			1.0
6205.4			1.0
6206.3			1.0
6207.200000000001			1.0
6208.1			1.0
6209.0			1.0
6209.9			1.0
6210.8			1.0
6211.700000000001			1.0
6212.6			1.0
6213.5			1.0
6214.4			1.0
6215.3			1.0
6216.200000000001			1.0
6217.1			1.0
6218.0			1.0
6218.9			1.0
6219.8			1.0
6220.700000000001			1.0
6221.6			1.0
6222.5			1.0
6223.4			1.0
6224.3			1.0
6225.200000000001			1.0
6226.1			1.0
6227.0			0.9976217648132485
6227.9			0.990994217927797
6228.8			0.9665725383167584
6229.700000000001			0.9292512641597661
6230.6			0.9090353840483943
6231.5			0.9203512570943654
6232.4			0.9440232484496827
6233.3			0.9721006671269843
6234.200000000001			1.0004867975725005
6235.1			1.0
6236.0			1.0
6236.9			1.0
6237.8			1.0
6238.700000000001			1.0
6239.6			1.0
6240.5			1.0
6241.4			1.0
6242.3			1.0
6243.200000000001			1.0
6244.1			0.9964144475749585
6245.0			0.9966014009225146
6245.9			0.9936808780022047
6246.8			1.0068558850750202
6247.700000000001			1.0347046508476412
6248.6			1.0530231788027045
6249.5			1.0532988946625896
6250.4			1.0373058594664561
6251.3			1.0019799149754796
6252.200000000001			0.9640234549571239
6253.1			0.9456321833342783
6254.0			0.9466942640201657
6254.9			0.952168163786937
6255.8			0.9489091053315148
6256.700000000001			0.9411430966649378
6257.6			0.9338013316525045
6258.5			0.9387554147504644
6259.4			0.9618876000853819
6260.3			0.9780174857924386
6261.200000000001			0.98414562690505
6262.1			0.9978185708060877
6263.0			1.0
6263.9			1.0
6264.8			1.0
6265.700000000001			1.0
6266.6			1.0
6267.5			1.0
6268.4			1.0
6269.3			1.0
6270.200000000001			1.0
6271.1			1.0
6272.0			1.0
6272.9			1.0
6273.8			1.0
6274.700000000001			1.0
6275.6			1.0
6276.5			1.0
6277.4			1.0
6278.3			1.0
6279.200000000001			1.0
6280.1			1.0
6281.0			1.0
6281.9			1.0
6282.8			1.0
6283.700000000001			1.0
6284.6			1.0
6285.5			1.0
6286.4			1.0
6287.3			1.0
6288.200000000001			1.0
6289.1			1.0
6290.0			1.0
6290.9			1.0
6291.8			1.0
6292.700000000001			1.0
6293.6			1.0
6294.5			1.0
6295.4			1.0
6296.3			1.0
6297.200000000001			1.0
6298.1			1.0
6299.0			1.0
6299.9			1.0
6300.8			1.0
6301.700000000001			1.0
6302.6			1.0
6303.5			1.0
6304.4			1.0
6305.3			1.0
6306.200000000001			1.0
6307.1			1.0
6308.0			1.0
6308.9			1.0
6309.8			1.0
6310.700000000001			1.0
6311.6			1.0
6312.5			1.0
6313.4			1.0
6314.3			1.0
6315.200000000001			1.0
6316.1			1.0
6317.0			1.0
6317.9			1.0
6318.8			1.0
6319.700000000001			1.0
6320.6			1.0
6321.5			1.0
6322.4			1.0
6323.3			1.0
6324.200000000001			1.0
6325.1			1.0
6326.0			1.0
6326.9			1.0
6327.8			1.0
6328.700000000001			1.0
6329.6			1.0
6330.5			1.0
6331.4			1.0
6332.3			1.0
6333.200000000001			1.0
6334.1			1.0
6335.0			1.0
6335.9			1.0
6336.8			1.0
6337.700000000001			1.0
6338.6			1.0
6339.5			1.0
6340.4			1.0
6341.3			1.0
6342.200000000001			1.0
6343.1			1.0
6344.0			1.0
6344.9			1.0
6345.8			1.0
6346.700000000001			1.0
6347.6			1.0
6348.5			1.0
6349.4			1.0
6350.3			1.0
6351.200000000001			1.0
6352.1			1.0
6353.0			1.0
6353.9			1.0
6354.8			1.0
6355.700000000001			1.0
6356.6			1.0
6357.5			1.0
6358.4			1.0
6359.3			1.0
6360.200000000001			1.0
6361.1			1.0
6362.0			1.0
6362.9			1.0
6363.8			1.0
6364.700000000001			1.0
6365.6			1.0
6366.5			1.0
6367.4			1.0
6368.3			1.0
6369.200000000001			1.0
6370.1			1.0
6371.0			1.0
6371.9			1.0
6372.8			1.0
6373.700000000001			1.0
6374.6			1.0
6375.5			1.0
6376.4			1.0
6377.3			1.0
6378.200000000001			1.0
6379.1			1.0
6380.0			1.0
6380.9			1.0
6381.8			1.0
6382.700000000001			1.0
6383.6			1.0
6384.5			1.0
6385.4			1.0
6386.3			1.0
6387.200000000001			1.0
6388.1			1.0
6389.0			1.0
6389.9			1.0
6390.8			1.0
6391.700000000001			1.0
6392.6			1.0
6393.5			1.0
6394.4			1.0
6395.3			1.0
6396.200000000001			1.0
6397.1			1.002760052242138
6398.0			0.9836740125952353
6398.9			0.9393770802706787
6399.8			0.9047624329466768
6400.700000000001			0.9232447722941316
6401.6			0.9716258977327616
6402.5			1.0001958134646325
6403.4			1.0
6404.3			1.0
6405.200000000001			1.0
6406.1			1.0
6407.0			1.0
6407.9			1.0
6408.8			1.0
6409.700000000001			1.0
6410.6			1.0
6411.5			1.0
6412.4			1.0
6413.3			1.0
6414.200000000001			1.0
6415.1			1.0
6416.0			1.0
6416.9			1.0
6417.8			1.0
6418.700000000001			1.0
6419.6			1.0
6420.5			1.0
6421.4			1.0
6422.3			1.0
6423.200000000001			1.0
6424.1			1.0
6425.0			1.0
6425.9			1.0
6426.8			1.0
6427.700000000001			1.0
6428.6			1.0
6429.5			1.0
6430.4			1.0
6431.3			1.0
6432.200000000001			1.0
6433.1			1.0
6434.0			1.0
6434.9			1.0
6435.8			1.0
6436.700000000001			1.0
6437.6			1.0
6438.5			1.0
6439.4			1.0
6440.3			1.0
6441.200000000001			1.0
6442.1			1.0
6443.0			1.0
6443.9			1.0
6444.8			1.0
6445.700000000001			1.0
6446.6			1.0
6447.5			0.9881005620691476
6448.4			0.9476889433112674
6449.3			0.898257913035271
6450.200000000001			0.8896017770336967
6451.1			0.9319988209555548
6452.0			0.9800057123653092
6452.9			1.0013434048806036
6453.8			1.0
6454.700000000001			1.0
6455.6			0.9858471558063396
6456.5			0.9957928782587377
6457.4			1.0277935448417894
6458.3			1.0589364797837513
6459.200000000001			1.0764183654614985
6460.1			1.078399800880625
6461.0			1.055212192540027
6461.9			1.0141535958683112
6462.8			0.9991589521188803
6463.700000000001			1.0
6464.6			1.0
6465.5			1.0
6466.4			1.0
6467.3			1.0
6468.200000000001			1.0
6469.1			1.0
6470.0			1.0
6470.9			1.0
6471.8			1.0
6472.700000000001			1.0
6473.6			1.0
6474.5			1.0
6475.4			1.0
6476.3			1.0
6477.200000000001			1.0
6478.1			1.0
6479.0			1.0
6479.9			1.0
6480.8			1.0
6481.700000000001			1.0
6482.6			0.9930602010783521
6483.5			1.015384334819555
6484.4			1.0447070273335695
6485.3			1.0575281677634651
6486.200000000001			1.0559200257143924
6487.1			1.053887010529164
6488.0			1.0550434086424014
6488.9			1.0521584464164213
6489.8			1.0408363478690896
6490.700000000001			1.026427015217077
6491.6			1.0134526901119554
6492.5			0.9883892015159595
6493.4			0.9397150870527148
6494.3			0.8893501813262448
6495.200000000001			0.8698072314523155
6496.1			0.8836224349071391
6497.0			0.9131881114844136
6497.9			0.940852083954454
6498.8			0.9546710611007998
6499.700000000001			0.9693113719414679
6500.6			0.9940022313502697
6501.5			1.0144396982700077
6502.4			1.0246798794105878
6503.3			1.0287304401741484
6504.200000000001			1.03116217555507
6505.1			1.0361532138283278
6506.0			1.0410904282957787
6506.9			1.0402427244973524
6507.8			1.0340447400167507
6508.700000000001			1.0296233486962443
6509.6			1.0306542756002974
6510.5			1.0348285220713949
6511.4			1.0375463380531504
6512.3			1.0379780317487293
6513.200000000001			1.0364265413079556
6514.1			1.0283310991466756
6515.0			1.010010745905869
6515.9			0.9921774435075715
6516.8			0.9836696389596102
6517.700000000001			0.9781397189932539
6518.6			0.97851412768916
6519.5			0.9940583874223904
6520.4			1.015163786727822
6521.3			1.0239954609756536
6522.200000000001			1.0232013487068732
6523.1			1.0225515395983595
6524.0			1.0232333148687573
6524.9			1.017817095325976
6525.8			1.0016750919600115
6526.700000000001			0.9849179190442002
6527.6			0.9844354495139839
6528.5			0.9994466962097138
6529.4			1.0139524437017742
6530.3			1.0154709860062356
6531.200000000001			1.0050105662948865
6532.1			0.9897389316817521
6533.0			0.9792091538990528
6533.9			1.0
6534.8			1.0127254585924081
6535.700000000001			1.0252361862307047
6536.6			1.027673943752944
6537.5			1.0248071610293166
6538.4			1.0268747738718307
6539.3			1.0
6540.200000000001			1.0011637704446459
6541.1			0.9976416804454141
6542.0			0.9928370667652484
6542.9			0.9903429915366951
6543.8			0.9855070602726945
6544.700000000001			0.9699349640253658
6545.6			0.9469998172017917
6546.5			0.9383611360417877
6547.4			0.9546841041940488
6548.3			0.9749632740488802
6549.200000000001			0.9839948120338902
6550.1			0.9853646794554574
6551.0			0.9841853145699442
6551.9			0.9827577937743
6552.8			0.9787775716537884
6553.700000000001			0.967314057657628
6554.6			0.9513052845133456
6555.5			0.941580565827848
6556.4			0.9468096668016
6557.3			0.9585391017417656
6558.200000000001			0.9616299427368968
6559.1			0.9520930869446926
6560.0			0.9222943623348254
6560.9			0.839124328105921
6561.8			0.6967796082362275
6562.700000000001			0.5974462094190862
6563.6			0.6540302951495961
6564.5			0.8100645445178943
6565.4			0.928329948281642
6566.3			0.973404262293778
6567.200000000001			0.9806978378122329
6568.1			0.9700754754495259
6569.0			0.9548377132061978
6569.9			0.9548073695245246
6570.8			0.9666809706630751
6571.700000000001			0.9696065223634323
6572.6			0.9563953275394038
6573.5			0.9383978338355372
6574.4			0.9316095451256906
6575.3			0.9467859314259428
6576.200000000001			0.9793818312912582
6577.1			1.0094556360201576
6578.0			1.0226326796181175
6578.9			1.0180392019475049
6579.8			1.000578203172607
6580.700000000001			0.9829453311186845
6581.6			0.9806729488734324
6582.5			0.9926771843385158
6583.4			1.0050287659942994
6584.3			1.00767625531083
6585.200000000001			0.9974121747743843
6586.1			0.9859135953227974
6587.0			0.9923422234011304
6587.9			1.0090632319759476
6588.8			1.0184730642324438
6589.700000000001			1.0206292519057296
6590.6			1.0136011413207249
6591.5			0.9839008711688363
6592.4			0.9377604752482015
6593.3			0.9124374431619562
6594.200000000001			0.9335399566670626
6595.1			0.9743906117030479
6596.0			0.9952563483365915
6596.9			0.9931294102016878
6597.8			0.9869871010758218
6598.700000000001			0.9904300086189317
6599.6			1.0045761364454382
6600.5			1.0199571197895436
6601.4			1.0261347087469266
6602.3			1.0206556871280015
6603.200000000001			1.0099278627503943
6604.1			0.9992679646916292
6605.0			0.9950160126674569
6605.9			0.9968198463410302
6606.8			0.9926744463019319
6607.700000000001			0.9764265944200904
6608.6			0.9589446074514678
6609.5			0.9625204697867565
6610.4			0.9915371586924542
6611.3			1.0184721550488753
6612.200000000001			1.0222794707477103
6613.1			1.012529680752056
6614.0			1.0106763458930221
6614.9			1.0220088287335496
6615.8			1.0306349529314478
6616.700000000001			1.028680189448549
6617.6			1.0242692827422704
6618.5			1.0251569125822835
6619.4			1.0307663381195888
6620.3			1.0351015803204755
6621.200000000001			1.0356795716514378
6622.1			1.0319572619353508
6623.0			1.0214378772219272
6623.9			1.006146357583651
6624.8			0.9977016594992054
6625.700000000001			1.0036872440491242
6626.6			1.0125403050680823
6627.5			1.0145214170646664
6628.4			1.0176596546748875
6629.3			1.0229833685198095
6630.200000000001			1.023300195924598
6631.1			1.0168424266124856
6632.0			0.9987272535519439
6632.9			0.9717885083249407
6633.8			0.9573405364959993
6634.700000000001			0.9726524304575946
6635.6			1.0045266170138891
6636.5			1.0281074081476755
6637.4			1.035205927771071
6638.3			1.0298552582039233
6639.200000000001			1.0217285530826063
6640.1			1.0236377619657135
6641.0			1.0351040697606195
6641.9			1.0333863994695536
6642.8			1.0082056802171067
6643.700000000001			0.9888614608791085
6644.6			1.0001856775164784
6645.5			1.0238257016012748
6646.4			1.03199476341941
6647.3			1.0267456240025032
6648.200000000001			1.0282711309600554
6649.1			1.0391442160322277
6650.0			1.044944344166326
6650.9			1.044218036132501
6651.8			1.0449160254467378
6652.700000000001			1.046157252330283
6653.6			1.0470545735685426
6654.5			1.0489870662042473
6655.4			1.05140139390956
6656.3			1.051588927842842
6657.200000000001			1.0513471809128685
6658.1			1.050938624030803
6659.0			1.0483384799088344
6659.9			1.0456646218136731
6660.8			1.0420587982216953
6661.700000000001			1.0278460422366682
6662.6			0.9997044554297869
6663.5			1.0
6664.4			1.0
6665.3			1.0
6666.200000000001			1.0
6667.1			1.0
6668.0			1.0
6668.9			1.0
6669.8			1.0
6670.700000000001			1.0
6671.6			1.0
6672.5			1.0
6673.4			1.0
6674.3			1.0
6675.200000000001			1.0
6676.1			1.0
6677.0			1.0
6677.9			1.0
6678.8			1.0
6679.700000000001			1.0
6680.6			1.0
6681.5			1.0
6682.4			1.0
6683.3			1.0
6684.200000000001			1.0
6685.1			1.0
6686.0			1.0
6686.9			1.0
6687.8			1.0
6688.700000000001			1.0
6689.6			1.0
6690.5			1.0
6691.4			1.0
6692.3			1.0
6693.200000000001			1.0
6694.1			1.0
6695.0			1.0
6695.9			1.0
6696.8			1.0
6697.700000000001			1.0
6698.6			1.0
6699.5			1.0
6700.4			1.0
6701.3			1.0
6702.200000000001			1.0
6703.1			1.0
6704.0			1.0
6704.9			1.0
6705.8			1.0
6706.700000000001			1.0
6707.6			1.0
6708.5			1.0
6709.4			1.0
6710.3			1.0
6711.200000000001			1.0
6712.1			1.0
6713.0			1.0
6713.9			1.0
6714.8			1.0
6715.700000000001			1.0
6716.6			1.0
6717.5			1.0
6718.4			1.0
6719.3			1.0
6720.200000000001			1.0
6721.1			1.0
6722.0			1.0
6722.9			1.0
6723.8			1.0
6724.700000000001			1.0
6725.6			1.0
6726.5			1.0
6727.4			1.0
6728.3			1.0
6729.200000000001			1.0
6730.1			1.0
6731.0			1.0
6731.9			1.0
6732.8			1.0
6733.700000000001			1.0
6734.6			1.0
6735.5			1.0
6736.4			1.0
6737.3			1.0
6738.200000000001			1.0
6739.1			1.0
6740.0			1.0
6740.9			1.0
6741.8			1.0
6742.700000000001			1.0
6743.6			1.0
6744.5			1.0
6745.4			1.0
6746.3			1.0
6747.200000000001			1.0
6748.1			1.0
6749.0			1.0
6749.9			1.0
6750.8			1.0
6751.700000000001			1.0
6752.6			1.0
6753.5			1.0
6754.4			1.0
6755.3			1.0
6756.200000000001			1.0
6757.1			1.0
6758.0			1.0
6758.9			1.0
6759.8			1.0
6760.700000000001			1.0
6761.6			1.0
6762.5			1.0
6763.4			1.0
6764.3			1.0
6765.200000000001			1.0
6766.1			1.0
6767.0			1.0
6767.9			1.0
6768.8			1.0
6769.700000000001			1.0
6770.6			1.0
6771.5			1.0
6772.4			1.0
6773.3			1.0
6774.200000000001			1.0
6775.1			1.0
6776.0			1.0
6776.9			1.0
6777.8			1.0
6778.700000000001			1.0
6779.6			1.0
6780.5			1.0
6781.4			1.0
6782.3			1.0
6783.200000000001			1.0
6784.1			1.0
6785.0			1.0
6785.9			1.0
6786.8			1.0
6787.700000000001			1.0
6788.6			1.0
6789.5			1.0
6790.4			1.0
6791.3			1.0
6792.200000000001			1.0
6793.1			1.0
6794.0			1.0
6794.9			1.0
6795.8			1.0
6796.700000000001			1.0
6797.6			1.0
6798.5			1.0
6799.4			1.0
6800.3			1.0
6801.200000000001			1.0
6802.1			1.0
6803.0			1.0
6803.9			1.0
6804.8			1.0
6805.700000000001			1.0
6806.6			1.0
6807.5			1.0
6808.4			1.0
6809.3			1.0
6810.200000000001			1.0
6811.1			1.0
6812.0			1.0
6812.9			1.0
6813.8			1.0
6814.700000000001			1.0
6815.6			1.0
6816.5			1.0
6817.4			1.0
6818.3			1.0
6819.200000000001			1.0
6820.1			1.0
6821.0			1.0
6821.9			1.0
6822.8			1.0
6823.700000000001			1.0
6824.6			1.0
6825.5			1.0
6826.4			1.0
6827.3			1.0
6828.200000000001			1.0
6829.1			1.0
6830.0			1.0
6830.9			1.0
6831.8			1.0
6832.700000000001			1.0
6833.6			1.0
6834.5			1.0
6835.4			1.0
6836.3			1.0
6837.200000000001			1.0
6838.1			1.0
6839.0			1.0
6839.9			1.0
6840.8			1.0
6841.700000000001			1.0
6842.6			1.0
6843.5			1.0
6844.4			1.0
6845.3			1.0
6846.200000000001			1.0
6847.1			1.0
6848.0			1.0
6848.9			1.0
6849.8			1.0
6850.700000000001			1.0
6851.6			1.0
6852.5			1.0
6853.4			1.0
6854.3			1.0
6855.200000000001			1.0
6856.1			1.0
6857.0			1.0
6857.9			1.0
6858.8			1.0
6859.700000000001			1.0
6860.6			1.0
6861.5			1.0
6862.4			1.0
6863.3			1.0
6864.200000000001			1.0
6865.1			1.0
6866.0			1.0
6866.9			1.0
6867.8			1.0
6868.700000000001			1.0
6869.6			1.0
6870.5			1.0
6871.4			1.0
6872.3			1.0
6873.200000000001			1.0
6874.1			1.0
6875.0			1.0
6875.9			1.0
6876.8			1.0
6877.700000000001			1.0
6878.6			1.0
6879.5			1.0
6880.4			1.0
6881.3			1.0
6882.200000000001			1.0
6883.1			1.0
6884.0			1.0
6884.9			1.0
6885.8			1.0
6886.700000000001			1.0
6887.6			1.0
6888.5			1.0
6889.4			1.0
6890.3			1.0
6891.200000000001			1.0
6892.1			1.0
6893.0			1.0
6893.9			1.0
6894.8			1.0
6895.700000000001			1.0
6896.6			1.0
6897.5			1.0
6898.4			1.0
6899.3			1.0
6900.200000000001			1.0
6901.1			1.0
6902.0			1.0
6902.9			1.0
6903.8			1.0
6904.700000000001			1.0
6905.6			1.0
6906.5			1.0
6907.4			1.0
6908.3			1.0
6909.200000000001			1.0
6910.1			1.0
6911.0			1.0
6911.9			1.0
6912.8			1.0
6913.700000000001			1.0
6914.6			1.0
6915.5			1.0
6916.4			1.0
6917.3			1.0
6918.200000000001			1.0
6919.1			1.0
6920.0			1.0
6920.9			1.0
6921.8			1.0
6922.700000000001			1.0
6923.6			1.0
6924.5			1.0
6925.4			1.0
6926.3			1.0
6927.200000000001			1.0
6928.1			1.0
6929.0			1.0
6929.9			1.0
6930.8			1.0
6931.700000000001			1.0
6932.6			1.0
6933.5			1.0
6934.4			1.0
6935.3			1.0
6936.200000000001			1.0
6937.1			1.0
6938.0			1.0
6938.9			1.0
6939.8			1.0
6940.700000000001			1.0
6941.6			1.0
6942.5			1.0
6943.4			1.0
6944.3			1.0
6945.200000000001			1.0
6946.1			1.0
6947.0			1.0
6947.9			1.0
6948.8			1.0
6949.700000000001			1.0
6950.6			1.0
6951.5			1.0
6952.4			1.0
6953.3			1.0
6954.200000000001			1.0
6955.1			1.0
6956.0			1.0
6956.9			1.0
6957.8			1.0
6958.700000000001			1.0
6959.6			1.0
6960.5			1.0
6961.4			1.0
6962.3			1.0
6963.200000000001			1.0
6964.1			1.0
6965.0			1.0
6965.9			1.0
6966.8			1.0
6967.700000000001			1.0
6968.6			1.0
6969.5			1.0
6970.4			1.0
6971.3			1.0
6972.200000000001			1.0
6973.1			1.0
6974.0			1.0
6974.9			1.0
6975.8			1.0
6976.700000000001			1.0
6977.6			1.0
6978.5			1.0
6979.4			1.0
6980.3			1.0
6981.200000000001			1.0
6982.1			1.0
6983.0			1.0
6983.9			1.0
6984.8			1.0
6985.700000000001			1.0
6986.6			1.0
6987.5			1.0
6988.4			1.0
6989.3			1.0
6990.200000000001			1.0
6991.1			1.0
6992.0			1.0
6992.9			1.0
6993.8			1.0
6994.700000000001			1.0
6995.6			1.0
6996.5			1.0
6997.4			1.0
6998.3			1.0
6999.200000000001			1.0
7000.1			1.0
7001.0			1.0
7001.9			1.0
7002.8			1.0
7003.700000000001			1.0
7004.6			1.0
7005.5			1.0
7006.4			1.0
7007.3			1.0
7008.200000000001			1.0
7009.1			1.0
7010.0			1.0
7010.9			1.0
7011.8			1.0
7012.700000000001			1.0
7013.6			1.0
7014.5			1.0
7015.4			1.0
7016.3			1.0
7017.200000000001			1.0
7018.1			1.0
7019.0			1.0
7019.9			1.0
7020.8			1.0
7021.700000000001			1.0
7022.6			1.0
7023.5			1.0
7024.4			1.0
7025.3			1.0
7026.200000000001			1.0
7027.1			1.0
7028.0			1.0
7028.9			1.0
7029.8			1.0
7030.700000000001			1.0
7031.6			1.0
7032.5			1.0
7033.4			1.0
7034.3			1.0
7035.200000000001			1.0
7036.1			1.0
7037.0			1.0
7037.9			1.0
7038.8			1.0
7039.700000000001			1.0
7040.6			1.0
7041.5			1.0
7042.4			1.0
7043.3			1.0
7044.200000000001			1.0
7045.1			1.0
7046.0			1.0
7046.9			1.0
7047.8			1.0
7048.700000000001			1.0
7049.6			1.0
7050.5			1.0
7051.4			1.0
7052.3			1.0
7053.200000000001			1.0
7054.1			1.0
7055.0			1.0
7055.9			1.0
7056.8			1.0
7057.700000000001			1.0
7058.6			1.0
7059.5			1.0
7060.4			1.0
7061.3			1.0
7062.200000000001			1.0
7063.1			1.0
7064.0			1.0
7064.9			1.0
7065.8			1.0
7066.700000000001			1.0
7067.6			1.0
7068.5			1.0
7069.4			1.0
7070.3			1.0
7071.200000000001			1.0
7072.1			1.0
7073.0			1.0
7073.9			1.0
7074.8			1.0
7075.700000000001			1.0
7076.6			1.0
7077.5			1.0
7078.4			1.0
7079.3			1.0
7080.200000000001			1.0
7081.1			1.0
7082.0			1.0
7082.9			1.0
7083.8			1.0
7084.700000000001			1.0
7085.6			1.0
7086.5			1.0
7087.4			1.0
7088.3			1.0
7089.200000000001			1.0
7090.1			1.0
7091.0			1.0
7091.9			1.0
7092.8			1.0
7093.700000000001			1.0
7094.6			1.0
7095.5			1.0
7096.4			1.0
7097.3			1.0
7098.200000000001			1.0
7099.1			1.0
7100.0			1.0
7100.9			1.0
7101.8			1.0
7102.700000000001			1.0
7103.6			1.0
7104.5			1.0
7105.4			1.0
7106.3			1.0
7107.200000000001			1.0
7108.1			1.0
7109.0			1.0
7109.9			1.0
7110.8			1.0
7111.700000000001			1.0
7112.6			1.0
7113.5			1.0
7114.4			1.0
7115.3			1.0
7116.200000000001			1.0
7117.1			1.0
7118.0			1.0
7118.9			1.0
7119.8			1.0
7120.700000000001			1.0
7121.6			1.0
7122.5			1.0
7123.4			1.0
7124.3			1.0
7125.200000000001			1.0
7126.1			1.0
7127.0			1.0
7127.9			1.0
7128.8			1.0
7129.700000000001			1.0
7130.6			1.0
7131.5			1.0
7132.4			1.0
7133.3			1.0
7134.200000000001			1.0
7135.1			1.0
7136.0			1.0
7136.9			1.0
7137.8			1.0
7138.700000000001			1.0
7139.6			1.0
7140.5			1.0
7141.4			1.0
7142.3			1.0
7143.200000000001			1.0
7144.1			1.0
7145.0			1.0
7145.9			1.0
7146.8			1.0
7147.700000000001			1.0
7148.6			1.0
7149.5			1.0
7150.4			1.0
7151.3			1.0
7152.200000000001			1.0
7153.1			1.0
7154.0			1.0
7154.9			1.0
7155.8			1.0
7156.700000000001			1.0
7157.6			1.0
7158.5			1.0
7159.4			1.0
7160.3			1.0
7161.200000000001			1.0
7162.1			1.0
7163.0			1.0
7163.9			1.0
7164.8			1.0
7165.700000000001			1.0
7166.6			1.0
7167.5			1.0
7168.4			1.0
7169.3			1.0
7170.200000000001			1.0
7171.1			1.0
7172.0			1.0
7172.9			1.0
7173.8			1.0
7174.700000000001			1.0
7175.6			1.0
7176.5			1.0
7177.4			1.0
7178.3			1.0
7179.200000000001			1.0
7180.1			1.0
7181.0			1.0
7181.9			1.0
7182.8			1.0
7183.700000000001			1.0
7184.6			1.0
7185.5			1.0
7186.4			1.0
7187.3			1.0
7188.200000000001			1.0
7189.1			1.0
7190.0			1.0
7190.9			1.0
7191.8			1.0
7192.700000000001			1.0
7193.6			1.0
7194.5			1.0
7195.4			1.0
7196.3			1.0
7197.200000000001			1.0
7198.1			1.0
7199.0			1.0
7199.9			1.0
7200.8			1.0
7201.700000000001			1.0
7202.6			1.0
7203.5			1.0
7204.4			1.0
7205.3			1.0
7206.200000000001			1.0
7207.1			1.0
7208.0			1.0
7208.9			1.0
7209.8			1.0
7210.700000000001			1.0
7211.6			1.0
7212.5			1.0
7213.4			1.0
7214.3			1.0
7215.200000000001			1.0
7216.1			1.0
7217.0			1.0
7217.9			1.0
7218.8			1.0
7219.700000000001			1.0
7220.6			1.0
7221.5			1.0
7222.4			1.0
7223.3			1.0
7224.200000000001			1.0
7225.1			1.0
7226.0			1.0
7226.9			1.0
7227.8			1.0
7228.700000000001			1.0
7229.6			1.0
7230.5			1.0
7231.4			1.0
7232.3			1.0
7233.200000000001			1.0
7234.1			1.0
7235.0			1.0
7235.9			1.0
7236.8			1.0
7237.700000000001			1.0
7238.6			1.0
7239.5			1.0
7240.4			1.0
7241.3			1.0
7242.200000000001			1.0
7243.1			1.0
7244.0			1.0
7244.9			1.0
7245.8			1.0
7246.700000000001			1.0
7247.6			1.0
7248.5			1.0
7249.4			1.0
7250.3			1.0
7251.200000000001			1.0
7252.1			1.0
7253.0			1.0
7253.9			1.0
7254.8			1.0
7255.700000000001			1.0
7256.6			1.0
7257.5			1.0
7258.4			1.0
7259.3			1.0
7260.200000000001			1.0
7261.1			1.0
7262.0			1.0
7262.9			1.0
7263.8			1.0
7264.700000000001			1.0
7265.6			1.0
7266.5			1.0
7267.4			1.0
7268.3			1.0
7269.200000000001			1.0
7270.1			1.0
7271.0			1.0
7271.9			1.0
7272.8			1.0
7273.700000000001			1.0
7274.6			1.0
7275.5			1.0
7276.4			1.0
7277.3			1.0
7278.200000000001			1.0
7279.1			1.0
7280.0			1.0
7280.9			1.0
7281.8			1.0
7282.700000000001			1.0
7283.6			1.0
7284.5			1.0
7285.4			1.0
7286.3			1.0
7287.200000000001			1.0
7288.1			1.0
7289.0			1.0
7289.9			1.0
7290.8			1.0
7291.700000000001			1.0
7292.6			1.0
7293.5			1.0
7294.4			1.0
7295.3			1.0
7296.200000000001			1.0
7297.1			1.0
7298.0			1.0
7298.9			1.0
7299.8			1.0
7300.700000000001			1.0
7301.6			1.0
7302.5			1.0
7303.4			1.0
7304.3			1.0
7305.200000000001			1.0
7306.1			1.0
7307.0			1.0
7307.9			1.0
7308.8			1.0
7309.700000000001			1.0
7310.6			1.0
7311.5			1.0
7312.4			1.0
7313.3			1.0
7314.200000000001			1.0
7315.1			1.0
7316.0			1.0
7316.9			1.0
7317.8			1.0
7318.700000000001			1.0
7319.6			1.0
7320.5			1.0
7321.4			1.0
7322.3			1.0
7323.200000000001			1.0
7324.1			1.0
7325.0			1.0
7325.9			1.0
7326.8			1.0
7327.700000000001			1.0
7328.6			1.0
7329.5			1.0
7330.4			1.0
7331.3			1.0
7332.200000000001			1.0
7333.1			1.0
7334.0			1.0
7334.9			1.0
7335.8			1.0
7336.700000000001			1.0
7337.6			1.0
7338.5			1.0
7339.4			1.0
7340.3			1.0
7341.200000000001			1.0
7342.1			1.0
7343.0			1.0
7343.9			1.0
7344.8			1.0
7345.700000000001			1.0
7346.6			1.0
7347.5			1.0
7348.4			1.0
7349.3			1.0
7350.200000000001			1.0
7351.1			1.0
7352.0			1.0
7352.9			1.0
7353.8			1.0
7354.700000000001			1.0
7355.6			1.0
7356.5			1.0
7357.4			1.0
7358.3			1.0
7359.200000000001			1.0
7360.1			1.0
7361.0			1.0
7361.9			1.0
7362.8			1.0
7363.700000000001			1.0
7364.6			1.0
7365.5			1.0
7366.4			1.0
7367.3			1.0
7368.200000000001			1.0
7369.1			1.0
7370.0			1.0
7370.9			1.0
7371.8			1.0
7372.700000000001			1.0
7373.6			1.0
7374.5			1.0
7375.4			1.0
7376.3			1.0
7377.200000000001			1.0
7378.1			1.0
7379.0			1.0
7379.9			1.0
7380.8			1.0
7381.700000000001			1.0
7382.6			1.0
7383.5			1.0
7384.4			1.0
7385.3			1.0
7386.200000000001			1.0
7387.1			1.0
7388.0			1.0
7388.9			1.0
7389.8			1.0
7390.700000000001			1.0
7391.6			1.0
7392.5			1.0
7393.4			1.0
7394.3			1.0
7395.200000000001			1.0
7396.1			1.0
7397.0			1.0
7397.9			1.0
7398.8			1.0
7399.700000000001			1.0
7400.6			1.0
7401.5			1.0
7402.4			1.0
7403.3			1.0
7404.200000000001			1.0
7405.1			1.0
7406.0			1.0
7406.9			1.0
7407.8			1.0
7408.700000000001			1.0
7409.6			1.0
7410.5			1.0
7411.4			1.0
7412.3			1.0
7413.200000000001			1.0
7414.1			1.0
7415.0			1.0
7415.9			1.0
7416.8			1.0
7417.700000000001			1.0
7418.6			1.0
7419.5			1.0
7420.4			1.0
7421.3			1.0
7422.200000000001			1.0
7423.1			1.0
7424.0			1.0
7424.9			1.0
7425.8			1.0
7426.700000000001			1.0
7427.6			1.0
7428.5			1.0
7429.4			1.0
