3500.0			1.0
3500.9			1.0
3501.8			1.0
3502.7			1.0
3503.6			1.0
3504.5			1.0
3505.4			1.0
3506.3			1.0
3507.2			1.0
3508.1			1.0
3509.0			1.0
3509.9			1.0
3510.8			1.0
3511.7			1.0
3512.6			1.0
3513.5			1.0
3514.4			1.0
3515.3			1.0
3516.2			1.0
3517.1			1.0
3518.0			1.0
3518.9			1.0
3519.8			1.0
3520.7			1.0
3521.6			1.0
3522.5			1.0
3523.4			1.0
3524.3			1.0
3525.2			1.0
3526.1			1.0
3527.0			1.0
3527.9			1.0
3528.8			1.0
3529.7			1.0
3530.6			1.0
3531.5			1.0
3532.4			1.0
3533.3			1.0
3534.2			1.0
3535.1			1.0
3536.0			1.0
3536.9			1.0
3537.8			1.0
3538.7			1.0
3539.6			1.0
3540.5			1.0
3541.4			1.0
3542.3			1.0
3543.2			1.0
3544.1			1.0
3545.0			1.0
3545.9			1.0
3546.8			1.0
3547.7			1.0
3548.6			1.0
3549.5			1.0
3550.4			1.0
3551.3			1.0
3552.2			1.0
3553.1			1.0
3554.0			1.0
3554.9			1.0
3555.8			1.0
3556.7			1.0
3557.6			1.0
3558.5			1.0
3559.4			1.0
3560.3			1.0
3561.2			1.0
3562.1			1.0
3563.0			1.0
3563.9			1.0
3564.8			1.0
3565.7			1.0
3566.6			1.0
3567.5			1.0
3568.4			1.0
3569.3			1.0
3570.2			1.0
3571.1			1.0
3572.0			1.0
3572.9			1.0
3573.8			1.0
3574.7			1.0
3575.6			1.0
3576.5			1.0
3577.4			1.0
3578.3			1.0
3579.2			1.0
3580.1			1.0
3581.0			1.0
3581.9			1.0
3582.8			1.0
3583.7			1.0
3584.6			1.0
3585.5			1.0
3586.4			1.0
3587.3			1.0
3588.2			1.0
3589.1			1.0
3590.0			1.0
3590.9			1.0
3591.8			1.0
3592.7			1.0
3593.6			1.0
3594.5			1.0
3595.4			1.0
3596.3			1.0
3597.2			1.0
3598.1			1.0
3599.0			1.0
3599.9			1.0
3600.8			1.0
3601.7			1.0
3602.6			1.0
3603.5			1.0
3604.4			1.0
3605.3			1.0
3606.2			1.0
3607.1			1.0
3608.0			1.0
3608.9			1.0
3609.8			1.0
3610.7			1.0
3611.6			1.0
3612.5			1.0
3613.4			1.0
3614.3			1.0
3615.2			1.0
3616.1			1.0
3617.0			1.0
3617.9			1.0
3618.8			1.0
3619.7			1.0
3620.6			1.0
3621.5			1.0
3622.4			1.0
3623.3			1.0
3624.2			1.0
3625.1			1.0
3626.0			1.0
3626.9			1.0
3627.8			1.0
3628.7			1.0
3629.6			1.0
3630.5			1.0
3631.4			1.0
3632.3			1.0
3633.2			1.0
3634.1			1.0
3635.0			1.0
3635.9			1.0
3636.8			1.0
3637.7			1.0
3638.6			1.0
3639.5			1.0
3640.4			1.0
3641.3			1.0
3642.2			1.0
3643.1			1.0
3644.0			1.0
3644.9			1.0
3645.8			1.0
3646.7			1.0
3647.6			1.0
3648.5			1.0
3649.4			1.0
3650.3			1.0
3651.2			1.0
3652.1			1.0
3653.0			1.0
3653.9			1.0
3654.8			1.0
3655.7			1.0
3656.6			1.0
3657.5			1.0
3658.4			1.0
3659.3			1.0
3660.2			1.0
3661.1			1.0
3662.0			1.0
3662.9			1.0
3663.8			1.0
3664.7			1.0
3665.6			1.0
3666.5			1.0
3667.4			1.0
3668.3			1.0
3669.2			1.0
3670.1			1.0
3671.0			1.0
3671.9			1.0
3672.8			1.0
3673.7			1.0
3674.6			1.0
3675.5			1.0
3676.4			1.0
3677.3			1.0
3678.2			1.0
3679.1			1.0
3680.0			1.0
3680.9			1.0
3681.8			1.0
3682.7			1.0
3683.6			1.0
3684.5			1.0
3685.4			1.0
3686.3			1.0
3687.2			1.0
3688.1			1.0
3689.0			1.0
3689.9			1.0
3690.8			1.0
3691.7			1.0
3692.6			1.0
3693.5			1.0
3694.4			1.0
3695.3			1.0
3696.2			1.0
3697.1			1.0
3698.0			1.0
3698.9			1.0
3699.8			1.0
3700.7			1.0
3701.6			1.0
3702.5			1.0
3703.4			1.0
3704.3			1.0
3705.2			1.0
3706.1			1.0
3707.0			1.0
3707.9			1.0
3708.8			1.0
3709.7			1.0
3710.6			1.0
3711.5			1.0
3712.4			1.0
3713.3			1.0
3714.2			1.0
3715.1			1.0
3716.0			1.0
3716.9			1.0
3717.8			1.0
3718.7			1.0
3719.6			1.0
3720.5			1.0
3721.4			1.0
3722.3			1.0
3723.2			1.0
3724.1			1.0
3725.0			1.0
3725.9			1.0
3726.8			1.0
3727.7			1.0
3728.6			1.0
3729.5			1.0
3730.4			1.0
3731.3			1.0
3732.2			1.0
3733.1			1.0
3734.0			1.0
3734.9			1.0
3735.8			1.0
3736.7			1.0
3737.6			1.0
3738.5			1.0
3739.4			1.0
3740.3			1.0
3741.2			1.0
3742.1			1.0
3743.0			1.0
3743.9			1.0
3744.8			1.0
3745.7			1.0
3746.6			1.0
3747.5			1.0
3748.4			1.0
3749.3			1.0
3750.2			1.0
3751.1			1.0
3752.0			1.0
3752.9			1.0
3753.8			1.0
3754.7			1.0
3755.6			1.0
3756.5			1.0
3757.4			1.0
3758.3			1.0
3759.2			1.0
3760.1			1.0
3761.0			1.0
3761.9			1.0
3762.8			1.0
3763.7			1.0
3764.6			1.0
3765.5			1.0
3766.4			1.0
3767.3			1.0
3768.2			1.0
3769.1			1.0
3770.0			1.0
3770.9			1.0
3771.8			1.0
3772.7			1.0
3773.6			1.0
3774.5			1.0
3775.4			1.0
3776.3			1.0
3777.2			1.0
3778.1			1.0
3779.0			1.0
3779.9			1.0
3780.8			1.0
3781.7			1.0
3782.6			1.0
3783.5			1.0
3784.4			1.0
3785.3			1.0
3786.2			1.0
3787.1			1.0
3788.0			1.0
3788.9			1.0
3789.8			1.0
3790.7			1.0
3791.6			1.0
3792.5			1.0
3793.4			1.0
3794.3			1.0
3795.2			1.0
3796.1			1.0
3797.0			1.0
3797.9			1.0
3798.8			1.0
3799.7			1.0
3800.6			1.0
3801.5			1.0
3802.4			1.0
3803.3			1.0
3804.2			1.0
3805.1			1.0
3806.0			1.0
3806.9			1.0
3807.8			1.0
3808.7			1.0
3809.6			1.0
3810.5			1.0
3811.4			1.0
3812.3			1.0
3813.2			1.0
3814.1			1.0
3815.0			1.0
3815.9			1.0
3816.8			1.0
3817.7			1.0
3818.6			1.0
3819.5			1.0
3820.4			1.0
3821.3			1.0
3822.2			1.0
3823.1			1.0
3824.0			1.0
3824.9			1.0
3825.8			1.0
3826.7			1.0
3827.6			1.0
3828.5			1.0
3829.4			1.0
3830.3			1.0
3831.2			1.0
3832.1			1.0
3833.0			1.0
3833.9			1.0
3834.8			1.0
3835.7			1.0
3836.6			1.0
3837.5			1.0
3838.4			1.0
3839.3			1.0
3840.2			1.0
3841.1			1.0
3842.0			1.0
3842.9			1.0
3843.8			1.0
3844.7			1.0
3845.6			1.0
3846.5			1.0
3847.4			1.0
3848.3			1.0
3849.2			1.0
3850.1			1.0
3851.0			1.0
3851.9			1.0
3852.8			1.0
3853.7			1.0
3854.6			1.0
3855.5			1.0
3856.4			1.0
3857.3			1.0
3858.2			1.0
3859.1			1.0
3860.0			1.0
3860.9			1.0
3861.8			1.0
3862.7			1.0
3863.6			1.0
3864.5			1.0
3865.4			1.0
3866.3			1.0
3867.2			1.0
3868.1			1.0
3869.0			1.0
3869.9			1.0
3870.8			1.0
3871.7			1.0
3872.6			1.0
3873.5			1.0
3874.4			1.0
3875.3			1.0
3876.2			1.0
3877.1			1.0
3878.0			1.0
3878.9			1.0
3879.8			1.0
3880.7			1.0
3881.6			1.0
3882.5			1.0
3883.4			1.0
3884.3			1.0
3885.2			1.0
3886.1			1.0
3887.0			1.0
3887.9			1.0
3888.8			1.0
3889.7			1.0
3890.6			1.0
3891.5			1.0
3892.4			1.0
3893.3			1.0
3894.2			1.0
3895.1			1.0
3896.0			1.0
3896.9			1.0
3897.8			1.0
3898.7			1.0
3899.6			1.0
3900.5			1.0
3901.4			1.0
3902.3			1.0
3903.2			1.0
3904.1			1.0
3905.0			1.0
3905.9			1.0
3906.8			1.0
3907.7			1.0
3908.6			1.0
3909.5			1.0
3910.4			1.0
3911.3			1.0
3912.2			1.0
3913.1			1.0
3914.0			1.0
3914.9			1.0
3915.8			1.0
3916.7			1.0
3917.6			1.0
3918.5			1.0
3919.4			1.0
3920.3			1.0
3921.2			1.0
3922.1			1.0
3923.0			1.0
3923.9			1.0
3924.8			1.0
3925.7			1.0
3926.6			1.0
3927.5			1.0
3928.4			1.0
3929.3			1.0
3930.2			1.0
3931.1			1.0
3932.0			1.0
3932.9			1.0
3933.8			1.0
3934.7			1.0
3935.6			1.0
3936.5			1.0
3937.4			1.0
3938.3			1.0
3939.2			1.0
3940.1			1.0
3941.0			1.0
3941.9			1.0
3942.8			1.0
3943.7			1.0
3944.6			1.0
3945.5			1.0
3946.4			1.0
3947.3			1.0
3948.2			1.0
3949.1			1.0
3950.0			1.0
3950.9			1.0
3951.8			1.0
3952.7			1.0
3953.6			1.0
3954.5			1.0
3955.4			1.0
3956.3			1.0
3957.2			1.0
3958.1			1.0
3959.0			1.0
3959.9			1.0
3960.8			1.0
3961.7			1.0
3962.6			1.0
3963.5			1.0
3964.4			1.0
3965.3			1.0
3966.2			1.0
3967.1			1.0
3968.0			1.0
3968.9			1.0
3969.8			1.0
3970.7			1.0
3971.6			1.0
3972.5			1.0
3973.4			1.0
3974.3			1.0
3975.2			1.0
3976.1			1.0
3977.0			1.0
3977.9			1.0
3978.8			1.0
3979.7			1.0
3980.6			1.0
3981.5			1.0
3982.4			1.0
3983.3			1.0
3984.2			1.0
3985.1			1.0
3986.0			1.0
3986.9			1.0
3987.8			1.0
3988.7			1.0
3989.6			1.0
3990.5			1.0
3991.4			1.0
3992.3			1.0
3993.2			1.0
3994.1			1.0
3995.0			1.0
3995.9			1.0
3996.8			1.0
3997.7			1.0
3998.6			1.0
3999.5			1.0
4000.4			1.0
4001.3			1.0
4002.2			1.0
4003.1			1.0119985567541587
4004.0			0.9241275371972035
4004.9			0.765548606300441
4005.8			0.6894394447702203
4006.7			0.7732160652287949
4007.6			0.912977536501162
4008.5			1.0027230476242703
4009.4			1.0
4010.3			1.0
4011.2			1.0
4012.1			1.0
4013.0			1.0
4013.9			1.0
4014.8			1.0
4015.7			1.0
4016.6			1.0
4017.5			1.0
4018.4			1.0
4019.3			1.0
4020.2			1.0
4021.1			1.0
4022.0			1.0
4022.9			1.0
4023.8			1.0
4024.7			1.0
4025.6			1.0
4026.5			1.0
4027.4			1.0
4028.3			1.0711782411379926
4029.2			0.9869631505907741
4030.1			0.745695356925362
4031.0			0.568158159196103
4031.9			0.5297860715518222
4032.8			0.5023624579066868
4033.7			0.487686116210167
4034.6			0.5638312382411778
4035.5			0.7223351857233238
4036.4			0.9007711502318793
4037.3			1.0342205081480274
4038.2			1.0662653443865757
4039.1			0.9999573445952561
4040.0			1.0
4040.9			1.0
4041.8			1.0196450732801956
4042.7			1.0050267216828552
4043.6			0.8663762823897381
4044.5			0.6249962995033969
4045.4			0.44132654087627077
4046.3			0.45840322281686613
4047.2			0.6524884233989718
4048.1			0.8681587517213943
4049.0			0.9998416157343263
4049.9			1.0
4050.8			1.0
4051.7			1.0
4052.6			1.0
4053.5			1.0
4054.4			1.0
4055.3			1.0
4056.2			1.0
4057.1			1.0
4058.0			1.0
4058.9			1.0
4059.8			1.0
4060.7			1.0763310725631416
4061.6			1.0066188377638348
4062.5			0.7933379871179972
4063.4			0.6137669270863587
4064.3			0.6584452573533776
4065.2			0.8691744996503872
4066.1			0.9940428699643838
4067.0			1.0
4067.9			1.0
4068.8			1.0
4069.7			1.0
4070.6			1.0
4071.5			1.0
4072.4			1.0
4073.3			1.0
4074.2			1.0
4075.1			0.9071680799327394
4076.0			0.7045905346639735
4076.9			0.5264272147703074
4077.8			0.5042134582266613
4078.7			0.6458656718841548
4079.6			0.8424879917375732
4080.5			1.0093048609575415
4081.4			1.0
4082.3			1.0
4083.2			1.0
4084.1			1.0
4085.0			1.0
4085.9			1.0
4086.8			1.0
4087.7			1.0
4088.6			1.0
4089.5			1.0
4090.4			1.0
4091.3			1.0
4092.2			1.0
4093.1			1.0112052200642814
4094.0			1.0383765289274287
4094.9			0.9522980535507637
4095.8			0.8010826019950859
4096.7			0.7467576378219294
4097.6			0.7871662625620798
4098.5			0.8310413373025928
4099.4			0.8189350962628587
4100.3			0.7337503278292947
4101.2			0.6646020738870083
4102.1			0.7065570354822135
4103.0			0.7980123844689788
4103.9			0.8517703594431363
4104.8			0.9110089386703827
4105.7			1.0290136694534546
4106.6			1.1196589772268633
4107.5			1.1082653719168811
4108.4			1.0543591847476346
4109.3			0.9943526942187981
4110.2			1.0
4111.1			1.0
4112.0			1.0
4112.9			1.0
4113.8			1.0
4114.7			1.0
4115.6			1.0
4116.5			1.0
4117.4			1.0
4118.3			1.0
4119.2			1.0
4120.1			1.0
4121.0			1.0
4121.9			1.0
4122.8			1.0
4123.7			1.0
4124.6			1.0
4125.5			1.0
4126.4			0.9903606500591805
4127.3			0.9387711835970155
4128.2			0.880289818785898
4129.1			0.8236867064878629
4130.0			0.7744506088832315
4130.9			0.7273456487478643
4131.8			0.6712188755825894
4132.7			0.6433048251019675
4133.6			0.6821975384311969
4134.5			0.7654253193479015
4135.4			0.8697158595777308
4136.3			0.9418182291315633
4137.2			0.9485029559612035
4138.1			0.9333864996445334
4139.0			0.9219076890529275
4139.9			0.9244880292993708
4140.8			0.9159967728891241
4141.7			0.8003653781733898
4142.6			0.5978979353466455
4143.5			0.48702380418118213
4144.4			0.560296493175667
4145.3			0.7277623271653156
4146.2			0.844275303721961
4147.1			0.8611818573157229
4148.0			0.8248221077302554
4148.9			0.7668236085276515
4149.8			0.7069595754809319
4150.7			0.6857777103210604
4151.6			0.6966663896145627
4152.5			0.7181523648007999
4153.4			0.7534873642776053
4154.3			0.7780424312487481
4155.2			0.7698592087276168
4156.1			0.7509514764922915
4157.0			0.784037852757192
4157.9			0.8983978718995225
4158.8			1.0134191950016183
4159.7			1.0380181991835218
4160.6			0.9991557036513857
4161.5			1.0
4162.4			1.0
4163.3			1.0
4164.2			1.0
4165.1			1.0
4166.0			1.0
4166.9			0.9659319062018248
4167.8			0.9708949344548943
4168.7			1.0556096506841348
4169.6			1.145004181504072
4170.5			1.138054830582462
4171.4			0.9967624508283862
4172.3			0.8113981847178222
4173.2			0.7372650631673142
4174.1			0.8061378132429383
4175.0			0.9099768171817243
4175.9			0.9535720479214894
4176.8			0.9401454307618786
4177.7			0.9345012165678335
4178.6			0.9692280685497352
4179.5			1.001056775193405
4180.4			1.0
4181.3			1.0
4182.2			1.0
4183.1			1.0
4184.0			1.0
4184.9			1.0
4185.8			1.0
4186.7			1.0
4187.6			1.0
4188.5			1.0
4189.4			1.0
4190.3			1.0
4191.2			1.0
4192.1			1.042044022554612
4193.0			1.1293798994304884
4193.9			1.1336548310003725
4194.8			1.0358639288811011
4195.7			0.9027316465317349
4196.6			0.8134544030790131
4197.5			0.7847062793850192
4198.4			0.7872480574670842
4199.3			0.8141872686778929
4200.2			0.8294574835441106
4201.1			0.7800912588227766
4202.0			0.7479467012303661
4202.9			0.8064482992937898
4203.8			0.8627634772932089
4204.7			0.8623847811936548
4205.6			0.8815298961822239
4206.5			0.936840334854548
4207.4			0.9961650607039029
4208.3			1.0502280976799403
4209.2			1.0551345320592405
4210.1			1.0018582266572853
4211.0			0.9842255930952384
4211.9			1.0
4212.8			0.9030064572184311
4213.7			0.7384086068431299
4214.6			0.5763719686309527
4215.5			0.5483267511790422
4216.4			0.7087472572546194
4217.3			0.8971721666607084
4218.2			0.9639009055234088
4219.1			1.0
4220.0			1.0
4220.9			1.000553918361567
4221.8			0.9318517936919712
4222.7			0.7941655857089386
4223.6			0.6464147520900594
4224.5			0.4847134702606212
4225.4			0.3066074324356001
4226.3			0.18871030766964514
4227.2			0.2083454731154274
4228.1			0.3698147885943403
4229.0			0.5908293774437019
4229.9			0.7958100624954929
4230.8			0.9611961283580494
4231.7			1.0088546611961275
4232.6			1.0
4233.5			1.0
4234.4			1.0
4235.3			1.0
4236.2			1.0
4237.1			1.0
4238.0			1.0
4238.9			1.0
4239.8			1.0
4240.7			1.0
4241.6			1.0
4242.5			1.0
4243.4			1.0
4244.3			1.0
4245.2			1.0
4246.1			0.9388520284952916
4247.0			0.8370916962224513
4247.9			0.7636211825224358
4248.8			0.7092728570227635
4249.7			0.6271119493001057
4250.6			0.5614877153059713
4251.5			0.6003937922562036
4252.4			0.6698520051359756
4253.3			0.6355106652621234
4254.2			0.5523418805728715
4255.1			0.586661387775006
4256.0			0.766711998417787
4256.9			0.9393445696174499
4257.8			0.9590617929564509
4258.7			0.8575947003737304
4259.6			0.7472499034197825
4260.5			0.700832353677284
4261.4			0.7937202659133613
4262.3			1.0094053817164448
4263.2			1.0
4264.1			1.0
4265.0			1.0
4265.9			1.0092710169072987
4266.8			0.9509745524124511
4267.7			0.8469437077936388
4268.6			0.75632770400297
4269.5			0.66620232299936
4270.4			0.5355858244785665
4271.3			0.4151953571095045
4272.2			0.39733127765817894
4273.1			0.44614593719084
4274.0			0.4615949601369676
4274.9			0.48988735372419984
4275.8			0.6148518394713156
4276.7			0.7926270884852313
4277.6			0.9456213718252835
4278.5			0.9992007529335407
4279.4			1.0
4280.3			1.0
4281.2			1.0
4282.1			1.0
4283.0			1.0
4283.9			1.0
4284.8			1.0
4285.7			1.0
4286.6			1.0
4287.5			1.0022758054918128
4288.4			0.8768612974959242
4289.3			0.6846307668606147
4290.2			0.6024384410553388
4291.1			0.6892490676840104
4292.0			0.8701492366979358
4292.9			1.0
4293.8			0.968325729702783
4294.7			0.917557273777103
4295.6			0.9523222383770898
4296.5			0.965251323342185
4297.4			0.8894271956794126
4298.3			0.7448818225763696
4299.2			0.59929519680869
4300.1			0.5678645615443048
4301.0			0.6397788377647856
4301.9			0.6778155453276201
4302.8			0.6717821195502011
4303.7			0.6847373721474992
4304.6			0.6733038249314454
4305.5			0.5977491281517481
4306.4			0.5039750428339221
4307.3			0.4196705232616424
4308.2			0.3812202964130183
4309.1			0.42673050123485357
4310.0			0.5415900220546689
4310.9			0.6728171585556929
4311.8			0.764003958036622
4312.7			0.8263284889385148
4313.6			0.8746823748229366
4314.5			0.9374660579344922
4315.4			1.113449075226543
4316.3			1.3297016298820536
4317.2			1.3999736213769283
4318.1			1.3416426777050456
4319.0			1.251518272834221
4319.9			1.1535688080056077
4320.8			1.0
4321.7			0.9681036860797188
4322.6			0.913418413250504
4323.5			0.7476192243385933
4324.4			0.5393020823408888
4325.3			0.40597597497976085
4326.2			0.44997835905804956
4327.1			0.6747465759842369
4328.0			0.9168540161582062
4328.9			1.0090413337315254
4329.8			1.0
4330.7			1.0
4331.6			1.0
4332.5			1.0
4333.4			1.0
4334.3			1.0598597533338372
4335.2			1.1105948603872284
4336.1			1.0356775727633827
4337.0			0.8315781415335932
4337.9			0.6795038534599497
4338.8			0.6528123897238031
4339.7			0.6448556503455114
4340.6			0.6558757541121867
4341.5			0.7610850745630013
4342.4			0.8837010223580946
4343.3			0.9176011107741893
4344.2			0.934022166247131
4345.1			0.995551084490556
4346.0			1.0
4346.9			1.0
4347.8			1.0
4348.7			1.1191389637064273
4349.6			1.132996983936196
4350.5			0.9491239924157652
4351.4			0.729067420772851
4352.3			0.6782547898172351
4353.2			0.7720202502222152
4354.1			0.8670632378639912
4355.0			0.9276834664906298
4355.9			0.9995865134236069
4356.8			1.0
4357.7			1.0
4358.6			1.0
4359.5			1.0
4360.4			1.0
4361.3			1.0
4362.2			1.0
4363.1			1.0
4364.0			1.0
4364.9			1.0
4365.8			1.0
4366.7			1.0
4367.6			1.0
4368.5			1.0
4369.4			1.0
4370.3			1.0
4371.2			1.0
4372.1			0.9794898478724194
4373.0			0.8970827081289942
4373.9			0.7716451789354069
4374.8			0.6857982350643148
4375.7			0.7218227078537762
4376.6			0.8707909132209373
4377.5			1.005170850514271
4378.4			1.0
4379.3			0.9578239426254093
4380.2			0.8879577593441115
4381.1			0.8085906368781924
4382.0			0.6601008751839121
4382.9			0.4493581898462331
4383.8			0.3411293169045481
4384.7			0.46631138148855283
4385.6			0.738984136982736
4386.5			0.9470429767189308
4387.4			1.0083185902534815
4388.3			1.0064165219884056
4389.2			1.0
4390.1			1.0
4391.0			1.0
4391.9			1.0
4392.8			1.0
4393.7			1.0
4394.6			1.0
4395.5			1.0
4396.4			1.0
4397.3			1.0
4398.2			1.0
4399.1			1.0
4400.0			0.8901332267787327
4400.9			0.8887535602491946
4401.8			0.9769665918767929
4402.7			0.9458352207329326
4403.6			0.7125596486945438
4404.5			0.49275784153696645
4405.4			0.483269676200955
4406.3			0.6044304221075442
4407.2			0.6670700286906207
4408.1			0.6677291593283649
4409.0			0.7463308404454586
4409.9			0.8990780289625124
4410.8			0.9995597704978184
4411.7			1.0
4412.6			0.9954196586830522
4413.5			0.894372438724741
4414.4			0.720801002053527
4415.3			0.6491651123332205
4416.2			0.7441891908813929
4417.1			0.8877428797580303
4418.0			1.001224718669254
4418.9			1.0
4419.8			1.0
4420.7			1.0
4421.6			1.0
4422.5			1.0
4423.4			1.0
4424.3			1.0
4425.2			1.0
4426.1			1.0
4427.0			1.0
4427.9			1.0
4428.8			1.0
4429.7			1.0
4430.6			1.0
4431.5			1.0
4432.4			1.0415085752616053
4433.3			0.9481001822908793
4434.2			0.7993892323286531
4435.1			0.7110512695742164
4436.0			0.7537035628731059
4436.9			0.8839551252165359
4437.8			1.0015945492706815
4438.7			1.0
4439.6			1.0
4440.5			1.0
4441.4			1.0
4442.3			1.0
4443.2			1.0
4444.1			1.0
4445.0			1.0
4445.9			1.0
4446.8			1.0
4447.7			1.0
4448.6			1.0
4449.5			1.0
4450.4			1.0
4451.3			1.0
4452.2			0.9980366641917604
4453.1			0.9293878836267176
4454.0			0.8552173209308228
4454.9			0.8003229418170554
4455.8			0.7926195639622747
4456.7			0.8331158846746983
4457.6			0.8541417104304787
4458.5			0.8293498896765076
4459.4			0.7946472025218339
4460.3			0.7585407755851016
4461.2			0.7163977802997159
4462.1			0.7559621107716807
4463.0			0.918063339893911
4463.9			1.0498040168671052
4464.8			1.0418546773017545
4465.7			0.9966744667914664
4466.6			1.00874956168973
4467.5			1.026228967351357
4468.4			0.9938549734908666
4469.3			0.9643593397329319
4470.2			0.9962722433435117
4471.1			1.0
4472.0			1.0
4472.9			1.0
4473.8			1.0
4474.7			1.0
4475.6			1.0
4476.5			1.0
4477.4			1.0445243048797053
4478.3			1.011887099483634
4479.2			0.9067306044217213
4480.1			0.7918081169945015
4481.0			0.7373919108113002
4481.9			0.7528000002278828
4482.8			0.823331163437004
4483.7			0.9223730049516692
4484.6			0.9995979900656932
4485.5			1.0
4486.4			1.0
4487.3			1.0
4488.2			1.0
4489.1			1.0
4490.0			1.0
4490.9			1.0551338928660845
4491.8			1.1107817115388736
4492.7			1.080755102735312
4493.6			0.9479382051743658
4494.5			0.803559493978016
4495.4			0.7484519960509874
4496.3			0.7909344183263042
4497.2			0.881140543025776
4498.1			0.967534939286081
4499.0			1.0116781292738934
4499.9			0.9847016515125836
4500.8			1.0
4501.7			1.0
4502.6			1.0
4503.5			1.0
4504.4			1.0
4505.3			1.0
4506.2			1.0
4507.1			0.9558873025025205
4508.0			0.9749460614959964
4508.9			1.0197828839301748
4509.8			1.0453804738395704
4510.7			1.0254754803470352
4511.6			0.9623332545312914
4512.5			0.8873325357660659
4513.4			0.8354289674624131
4514.3			0.8272046565789484
4515.2			1.0
4516.1			1.0501091567839944
4517.0			1.0357223939257538
4517.9			1.0053403524870597
4518.8			1.0447169809164765
4519.7			1.1372470093122165
4520.6			1.214200064151582
4521.5			1.2051574556537348
4522.4			1.1144895924533524
4523.3			1.0481401346076376
4524.2			1.0257431583778631
4525.1			0.9744585299927422
4526.0			0.8858714366327537
4526.9			0.8077815840337098
4527.8			0.7622054889155665
4528.7			0.7599753862435524
4529.6			0.7950877331448019
4530.5			0.8424565662688497
4531.4			0.9121464031753141
4532.3			0.9755442983594868
4533.2			0.963456748189439
4534.1			0.8893009692144326
4535.0			0.8456898097586777
4535.9			0.9358522749527147
4536.8			1.123929893801955
4537.7			1.0
4538.6			0.975533958214734
4539.5			0.9016471023132281
4540.4			0.8546027943814275
4541.3			0.8815545028957913
4542.2			0.9826055801900876
4543.1			1.0
4544.0			1.0
4544.9			1.0
4545.8			1.0
4546.7			1.0
4547.6			1.0
4548.5			1.0
4549.4			1.0
4550.3			1.0165456085530082
4551.2			1.0011083191350745
4552.1			0.9119676738216852
4553.0			0.8313551988111414
4553.9			0.7988017774773588
4554.8			0.8084926252457657
4555.7			0.8736049303576553
4556.6			0.9617364078582931
4557.5			1.0058866042505985
4558.4			1.0
4559.3			1.0
4560.2			1.0
4561.1			1.0
4562.0			1.0065260122014075
4562.9			0.940420676677142
4563.8			0.8400771763336787
4564.7			0.7895337919570762
4565.6			0.8199720074683908
4566.5			0.9163333988963275
4567.4			1.0009994147535914
4568.3			1.0
4569.2			1.0
4570.1			1.0
4571.0			1.0
4571.9			1.0
4572.8			1.0
4573.7			1.0
4574.6			1.0
4575.5			0.9811884777833861
4576.4			1.0013402756843104
4577.3			0.998414705945766
4578.2			0.960334739458664
4579.1			0.8983270052899198
4580.0			0.8578711915849483
4580.9			0.894090718022323
4581.8			0.9795683746275609
4582.7			1.0322235043766985
4583.6			1.0285536525571477
4584.5			0.9975142139410806
4585.4			1.0
4586.3			1.0
4587.2			1.0
4588.1			1.0
4589.0			1.0
4589.9			0.9744514856949911
4590.8			0.9048127584799867
4591.7			0.8500771847293439
4592.6			0.8354598909470372
4593.5			0.8198966876361227
4594.4			0.7898163560569698
4595.3			0.7886531834976555
4596.2			0.8115112681355859
4597.1			0.8227329674886045
4598.0			0.8397854134277473
4598.9			0.8590644395686337
4599.8			0.8472176020775685
4600.7			0.8309975483246862
4601.6			0.8398182970227386
4602.5			0.8376654415558752
4603.4			0.8137544977393193
4604.3			0.7812010492185892
4605.2			0.7460910232811055
4606.1			0.7624804528653668
4607.0			0.8662141897829745
4607.9			1.006134167655811
4608.8			1.0837250016586941
4609.7			1.0623877828526511
4610.6			1.0000948307066817
4611.5			0.9554483784329609
4612.4			0.9300602389300149
4613.3			0.9240290312808591
4614.2			0.9618326796053679
4615.1			1.012688158274747
4616.0			1.038446662209188
4616.9			1.0630134272665037
4617.8			1.062718932675926
4618.7			1.00201411311118
4619.6			0.9623745464674182
4620.5			0.9999846560699784
4621.4			1.0
4622.3			1.0
4623.2			1.0
4624.1			1.0
4625.0			1.0
4625.9			1.0
4626.8			1.0
4627.7			1.0
4628.6			1.0
4629.5			1.0
4630.4			1.0
4631.3			1.0
4632.2			1.0
4633.1			1.0
4634.0			1.0
4634.9			1.0
4635.8			1.0
4636.7			1.0
4637.6			1.0
4638.5			1.0
4639.4			1.0
4640.3			0.9713330681133402
4641.2			1.041792052182555
4642.1			1.104257936085232
4643.0			1.0720188275502676
4643.9			1.0001217400115285
4644.8			0.9211023452414575
4645.7			0.8211458515655446
4646.6			0.7544935134116698
4647.5			0.7672626826145801
4648.4			0.8290821533870053
4649.3			0.90485662747125
4650.2			0.9697310608942311
4651.1			1.0061842898282858
4652.0			1.0
4652.9			0.9846613524304544
4653.8			0.9237426878915578
4654.7			0.849756971110829
4655.6			0.8176346507655177
4656.5			0.8416904791879483
4657.4			0.9116637562680304
4658.3			0.9981828333222665
4659.2			1.0
4660.1			1.0
4661.0			0.9627333092654544
4661.9			0.8926013589515394
4662.8			0.8360039120096389
4663.7			0.8294142122361949
4664.6			0.8478437047018199
4665.5			0.8175575647429167
4666.4			0.7243036451520948
4667.3			0.6581363784974126
4668.2			0.6955875687137854
4669.1			0.8082923000519653
4670.0			0.9222809850194237
4670.9			0.9981373481130857
4671.8			1.027636453417663
4672.7			1.0207980301320165
4673.6			0.994450990722644
4674.5			1.0
4675.4			1.0
4676.3			1.0
4677.2			1.0103453041675228
4678.1			0.9709746865252319
4679.0			0.9284423032269877
4679.9			0.8927304230661328
4680.8			0.8675575568344106
4681.7			0.8746528377360965
4682.6			0.9265560890867988
4683.5			0.9811746015236309
4684.4			0.9967308887346995
4685.3			1.0
4686.2			1.0
4687.1			1.0
4688.0			1.0
4688.9			1.0
4689.8			1.0
4690.7			1.0
4691.6			1.0
4692.5			1.0052416107270232
4693.4			1.024117263949972
4694.3			1.0668141070512824
4695.2			1.119305239417392
4696.1			1.128395750324242
4697.0			1.0627843593525215
4697.9			0.956142298802865
4698.8			0.8966588442701011
4699.7			0.9186527872835071
4700.6			0.9585264891277298
4701.5			0.9627883021405376
4702.4			0.9497438160419401
4703.3			0.9555218203537047
4704.2			0.9846495829568909
4705.1			0.9985459542408999
4706.0			1.0
4706.9			1.0
4707.8			1.0
4708.7			1.0
4709.6			1.0
4710.5			1.0
4711.4			1.0
4712.3			0.9852465439358644
4713.2			0.9238847095454881
4714.1			0.8692701973222136
4715.0			0.8910274930487396
4715.9			0.9958623495924733
4716.8			1.0
4717.7			1.0
4718.6			1.0
4719.5			1.0
4720.4			1.0
4721.3			1.0
4722.2			0.9555219888349712
4723.1			0.9637405083091005
4724.0			1.0286108886710277
4724.9			1.0824681514318928
4725.8			1.0542678634052223
4726.7			0.9305442495466877
4727.6			0.794722607006792
4728.5			0.742954443955309
4729.4			0.7734268271677184
4730.3			0.8253508066883924
4731.2			0.8738844068786007
4732.1			0.9250831094200104
4733.0			0.9587633662247153
4733.9			0.9791297233364598
4734.8			1.0040488137745676
4735.7			1.0
4736.6			1.0
4737.5			1.0
4738.4			1.0
4739.3			1.0
4740.2			1.0
4741.1			1.0
4742.0			1.0
4742.9			1.0
4743.8			1.0
4744.7			1.0
4745.6			1.0
4746.5			1.0
4747.4			1.0
4748.3			1.0
4749.2			1.0
4750.1			1.0
4751.0			1.0
4751.9			1.0
4752.8			1.0
4753.7			1.0
4754.6			1.0
4755.5			1.0
4756.4			1.0
4757.3			1.0
4758.2			1.0
4759.1			1.0
4760.0			1.0
4760.9			1.0
4761.8			0.9596375892232982
4762.7			0.9400358463109063
4763.6			0.9302171477595903
4764.5			0.8913676426232497
4765.4			0.8378247450189404
4766.3			0.8310578511903541
4767.2			0.8878455627712093
4768.1			0.9657411776643404
4769.0			1.026054495461421
4769.9			1.0416178699450556
4770.8			1.000537729075242
4771.7			1.0
4772.6			1.0
4773.5			1.0593691776021903
4774.4			1.1154087514400686
4775.3			1.1117496309169304
4776.2			1.091838087096617
4777.1			1.1054910879685949
4778.0			1.1089300541226383
4778.9			1.0764676597613114
4779.8			1.0376564457742863
4780.7			1.005583283026297
4781.6			0.9611959518271123
4782.5			0.9024616378532178
4783.4			0.8692377719576653
4784.3			0.8853529902855278
4785.2			0.899915097567988
4786.1			0.8807871005991895
4787.0			0.8807079487228338
4787.9			0.8992241928451056
4788.8			0.8817190110269859
4789.7			0.8589247129103191
4790.6			0.8718930629259036
4791.5			0.9016408531919308
4792.4			0.9446462229611525
4793.3			1.004955307474232
4794.2			1.0
4795.1			1.0
4796.0			0.9554681906708878
4796.9			0.9050590510691989
4797.8			0.8625511762895234
4798.7			0.8281691153288274
4799.6			0.819621607493211
4800.5			0.8558621547007416
4801.4			0.9250113566910468
4802.3			0.9852780040879442
4803.2			0.9991137744920201
4804.1			1.0
4805.0			1.0
4805.9			1.0
4806.8			1.0
4807.7			1.0
4808.6			1.0
4809.5			1.0
4810.4			1.0
4811.3			1.0
4812.2			1.0
4813.1			1.0
4814.0			1.0
4814.9			1.0
4815.8			1.0
4816.7			1.0
4817.6			1.0
4818.5			1.0
4819.4			1.0
4820.3			1.0
4821.2			1.0
4822.1			1.0
4823.0			1.0
4823.9			1.0
4824.8			1.0
4825.7			1.0
4826.6			1.0
4827.5			1.0
4828.4			1.0
4829.3			1.0
4830.2			1.0177311822697743
4831.1			0.9565686362762457
4832.0			0.8847686911003934
4832.9			0.9093820526555629
4833.8			0.997787055357602
4834.7			1.0
4835.6			1.0
4836.5			1.0
4837.4			1.0
4838.3			1.0
4839.2			1.0
4840.1			1.0
4841.0			1.0
4841.9			1.0
4842.8			1.0
4843.7			1.0
4844.6			1.0
4845.5			1.0
4846.4			1.0
4847.3			1.0
4848.2			1.0
4849.1			1.0
4850.0			1.0
4850.9			1.0
4851.8			1.0
4852.7			1.0
4853.6			1.0
4854.5			0.905664147397234
4855.4			0.8623895899442763
4856.3			0.9239422152658674
4857.2			1.0023654365424919
4858.1			1.0122853729397272
4859.0			0.9555284025036862
4859.9			0.861956587046746
4860.8			0.7783429866286644
4861.7			0.7860753493178955
4862.6			0.875942698662538
4863.5			0.9290653720531591
4864.4			0.9335819895629581
4865.3			0.9635330699869836
4866.2			1.0031201589228735
4867.1			0.9990243490730849
4868.0			1.0
4868.9			1.0
4869.8			0.9916021943370049
4870.7			0.9036842915817688
4871.6			0.8420758574164647
4872.5			0.8955903865282856
4873.4			0.9915621838239956
4874.3			1.0
4875.2			1.0
4876.1			1.0
4877.0			1.0
4877.9			1.0
4878.8			1.0
4879.7			1.0
4880.6			1.0
4881.5			1.0
4882.4			1.0
4883.3			1.047956657636095
4884.2			1.0113075053591853
4885.1			0.9228583959989823
4886.0			0.875500224500557
4886.9			0.900032290423798
4887.8			0.9521964300780554
4888.7			0.9717445896326715
4889.6			0.924974550484144
4890.5			0.8344818822777322
4891.4			0.8106925171048512
4892.3			0.9064102324368319
4893.2			1.031485305229199
4894.1			1.120188788146201
4895.0			1.1747339336882883
4895.9			1.1867211104459907
4896.8			1.1644317929803447
4897.7			1.1342484175102672
4898.6			1.0766977636915864
4899.5			0.9985200250165054
4900.4			1.0
4901.3			1.0
4902.2			1.0
4903.1			1.0
4904.0			1.0
4904.9			1.0
4905.8			1.063565659376708
4906.7			1.0570203425609528
4907.6			0.9905305514071853
4908.5			0.916562430057078
4909.4			0.8667228847062858
4910.3			0.8482398719878487
4911.2			0.8664580134901003
4912.1			0.9067653193714699
4913.0			0.9386883284331256
4913.9			0.9649798614890042
4914.8			0.9994263313831474
4915.7			1.0
4916.6			0.9900634817047776
4917.5			0.916420262535521
4918.4			0.8022793649366619
4919.3			0.7029146581408273
4920.2			0.6803659588853737
4921.1			0.7640075741428759
4922.0			0.9017386428326033
4922.9			0.9902522907362147
4923.8			0.9852168229397977
4924.7			1.0
4925.6			1.0
4926.5			1.0
4927.4			1.0
4928.3			1.0
4929.2			1.0
4930.1			1.0
4931.0			1.0
4931.9			1.0
4932.8			1.0
4933.7			1.0
4934.6			1.027599579962812
4935.5			1.0694911895148371
4936.4			1.0209130476910915
4937.3			0.9010230783563169
4938.2			0.8033118174870566
4939.1			0.7995580713142544
4940.0			0.8768696856638937
4940.9			0.9605350352472144
4941.8			1.0004890923377998
4942.7			1.0
4943.6			1.0
4944.5			1.0
4945.4			1.0
4946.3			1.0
4947.2			1.0
4948.1			1.0
4949.0			1.0
4949.9			1.0
4950.8			1.0
4951.7			1.0
4952.6			1.0
4953.5			1.0
4954.4			1.0
4955.3			0.9807576831329148
4956.2			0.8781987528362764
4957.1			0.7397104728989202
4958.0			0.7203328329700691
4958.9			0.8463486688819367
4959.8			0.9684490461457816
4960.7			0.9971218617718416
4961.6			1.0
4962.5			1.0
4963.4			1.0
4964.3			1.0
4965.2			1.0
4966.1			1.0
4967.0			1.0
4967.9			1.0
4968.8			1.0
4969.7			1.0
4970.6			1.0
4971.5			1.0
4972.4			1.0
4973.3			1.0
4974.2			1.0
4975.1			1.0
4976.0			1.0
4976.9			1.0
4977.8			1.0
4978.7			0.9546142801884816
4979.6			0.955267953958599
4980.5			0.945402330176177
4981.4			0.8743809788314352
4982.3			0.7989652046318878
4983.2			0.7971230513395984
4984.1			0.8478396002103024
4985.0			0.8880342059546826
4985.9			0.9213132811978132
4986.8			0.9684184195361326
4987.7			0.9995139259524454
4988.6			1.0
4989.5			1.0
4990.4			1.0
4991.3			1.0
4992.2			1.0
4993.1			1.0
4994.0			1.0
4994.9			1.0
4995.8			1.0
4996.7			1.0
4997.6			1.0
4998.5			1.0
4999.4			1.0
5000.3			1.0
5001.2			1.0167260997205323
5002.1			1.0399348790707266
5003.0			1.0399715063182156
5003.9			1.0093229219814515
5004.8			0.9477051143643136
5005.7			0.8940239439565598
5006.6			0.9161791324641733
5007.5			1.013155801491792
5008.4			1.0929945880934124
5009.3			1.1002424649703928
5010.2			1.0714888998289578
5011.1			1.0222603845468612
5012.0			0.9448666640623545
5012.9			0.866299649444293
5013.8			0.8256821926811336
5014.7			0.8564007852600474
5015.6			0.936330548391306
5016.5			0.9790047933143707
5017.4			0.9669290714670905
5018.3			0.9577938265985826
5019.2			0.9687864264708332
5020.1			0.9723827231491158
5021.0			0.9459582380552306
5021.9			0.9132277776551494
5022.8			0.9324382632901299
5023.7			0.9980817003935811
5024.6			1.0428844842864446
5025.5			1.043567331055224
5026.4			1.0002244270433764
5027.3			1.0
5028.2			1.0
5029.1			1.0
5030.0			1.0
5030.9			1.0
5031.8			1.0
5032.7			1.0
5033.6			1.0
5034.5			1.0
5035.4			1.0
5036.3			1.0
5037.2			1.0150779295573036
5038.1			0.9925981873542901
5039.0			0.8879088185739926
5039.9			0.7523183193587918
5040.8			0.6774630623637448
5041.7			0.7314356838637551
5042.6			1.0
5043.5			1.1105365458444296
5044.4			1.1777468905298127
5045.3			1.2305875310890135
5046.2			1.2326034599001172
5047.1			1.1478718604431548
5048.0			1.0178492887653448
5048.9			0.9281784999793044
5049.8			0.9081122879136767
5050.7			0.9155649076613902
5051.6			0.9141085468003796
5052.5			0.9208878516546501
5053.4			0.9533580888766421
5054.3			0.9917368087657065
5055.2			1.0057565220817501
5056.1			0.990873175504339
5057.0			1.0
5057.9			1.0
5058.8			1.0
5059.7			1.0
5060.6			1.0
5061.5			1.0
5062.4			0.9978010899973154
5063.3			0.9335439731902392
5064.2			0.8553213484869835
5065.1			0.8570308702145921
5066.0			0.9406761696302447
5066.9			1.008230250182344
5067.8			1.028559778750543
5068.7			1.0
5069.6			1.0
5070.5			1.0
5071.4			1.0
5072.3			1.0
5073.2			1.046956314709772
5074.1			1.0924969098521893
5075.0			1.0691150662823625
5075.9			1.0294330285179134
5076.8			1.0327464602204768
5077.7			1.0184428202110765
5078.6			0.9204648746724994
5079.5			0.8203576986438189
5080.4			0.8165587637299251
5081.3			0.8701455006957285
5082.2			0.9004911192668846
5083.1			0.9131118965911869
5084.0			0.9411096489320606
5084.9			0.9692632259219848
5085.8			0.9779580823216769
5086.7			0.9828903112485334
5087.6			0.9985586817864514
5088.5			1.0
5089.4			1.0
5090.3			1.0
5091.2			1.0
5092.1			1.0
5093.0			1.0
5093.9			1.0
5094.8			0.947128321182756
5095.7			0.9119944639410604
5096.6			0.9069631422115751
5097.5			0.883679533219568
5098.4			0.8341979903312091
5099.3			0.8318013762683484
5100.2			0.907797313590716
5101.1			0.9979943459881622
5102.0			1.0
5102.9			0.976174057339851
5103.8			0.9392946463355113
5104.7			0.9229271064030335
5105.6			0.9192654116904185
5106.5			0.8964584127618085
5107.4			0.8626626769205062
5108.3			0.8477461017257496
5109.2			0.8391377733635779
5110.1			0.8356708976479477
5111.0			0.8537239923413997
5111.9			0.8713313101581199
5112.8			0.8802553442711294
5113.7			0.9085907662978201
5114.6			1.0
5115.5			1.0176791560835248
5116.4			1.042136652767869
5117.3			1.0757883304734088
5118.2			1.075623736765576
5119.1			1.0415134092541598
5120.0			1.0037789585169483
5120.9			0.9691716529186594
5121.8			0.9207463465980686
5122.7			0.8432623329996548
5123.6			0.7864968594930892
5124.5			0.8024261091356844
5125.4			0.8502993841379217
5126.3			0.8654647812103351
5127.2			0.8480527533300485
5128.1			0.8303915718704675
5129.0			0.8288239053970929
5129.9			0.8652437947708708
5130.8			0.9389368043381665
5131.7			0.9992677388149651
5132.6			1.0
5133.5			1.0
5134.4			1.0
5135.3			1.0
5136.2			1.0
5137.1			1.0
5138.0			1.0
5138.9			1.0
5139.8			1.0
5140.7			1.0
5141.6			1.0
5142.5			0.9419432964697029
5143.4			0.9665471984678657
5144.3			1.0038741547380678
5145.2			0.9842033303974076
5146.1			0.9421043866260426
5147.0			0.9217475802673646
5147.9			0.9395129776269899
5148.8			0.970237471319604
5149.7			0.9782967005355385
5150.6			0.9650026213171762
5151.5			0.9483002544233752
5152.4			0.9355372022611453
5153.3			0.9296866687226719
5154.2			0.9563565898859272
5155.1			1.0270118623232247
5156.0			1.1106703908993376
5156.9			1.1769587287486456
5157.8			1.1993595130771626
5158.7			1.17201331575163
5159.6			1.1590497740067667
5160.5			1.0
5161.4			1.0017353960691102
5162.3			0.9653931679972492
5163.2			0.9394208100926846
5164.1			0.9037749787276881
5165.0			0.8220080553694992
5165.9			0.7110765986879024
5166.8			0.6237137454980729
5167.7			0.6406135946616428
5168.6			0.7920546760016932
5169.5			0.9700795757854137
5170.4			0.9961929237580976
5171.3			0.8302372430718835
5172.2			0.666514461485269
5173.1			0.7265355481876646
5174.0			0.9942553356974371
5174.9			1.2445539693622798
5175.8			1.359579225293118
5176.7			1.4209731102622147
5177.6			1.4892817806285934
5178.5			1.5364959254851773
5179.4			1.0
5180.3			0.9418065989100849
5181.2			0.8425524731264004
5182.1			0.6874173826540358
5183.0			0.5529617984796007
5183.9			0.5821899997215771
5184.8			0.7812547658802967
5185.7			0.9999738154964264
5186.6			1.0
5187.5			1.0
5188.4			1.0095288189840506
5189.3			1.0487557424544347
5190.2			1.0374596743765034
5191.1			0.9104965087393766
5192.0			0.7825140501849684
5192.9			0.7784361057966345
5193.8			0.8409828895413616
5194.7			0.8759827482775242
5195.6			0.8986578709542129
5196.5			0.9462787836987573
5197.4			1.000702541116275
5198.3			1.0
5199.2			1.0
5200.1			1.0
5201.0			1.0
5201.9			0.9834839279365475
5202.8			0.95758977407042
5203.7			0.8719841722495889
5204.6			0.7451760279254457
5205.5			0.6728985877102832
5206.4			0.6739470946094934
5207.3			0.6623215142622565
5208.2			0.6271428759564981
5209.1			0.6458191749878184
5210.0			0.7303577559719272
5210.9			0.8497815557676676
5211.8			0.9642389801486658
5212.7			1.0329116184337104
5213.6			1.0428958340846752
5214.5			1.000677928503593
5215.4			1.0
5216.3			1.0
5217.2			1.0
5218.1			1.0
5219.0			1.0
5219.9			1.0
5220.8			1.0
5221.7			1.0
5222.6			0.9438577743395382
5223.5			0.8535518886639304
5224.4			0.7670928132266138
5225.3			0.7036373407779271
5226.2			0.6663824180317335
5227.1			0.7062993386438491
5228.0			0.8357178271246017
5228.9			0.9542576993612397
5229.8			0.9999867547019924
5230.7			1.0
5231.6			1.0
5232.5			1.0
5233.4			1.0
5234.3			1.0
5235.2			1.0
5236.1			1.0
5237.0			1.0
5237.9			1.0
5238.8			1.0
5239.7			0.9948630282217769
5240.6			1.0166515679764183
5241.5			1.040382713191147
5242.4			1.051398824012108
5243.3			1.083600891327712
5244.2			1.1251911358090976
5245.1			1.083478079704308
5246.0			0.943188271613135
5246.9			0.8418920015548069
5247.8			0.8723072977426148
5248.7			0.9339140952879377
5249.6			0.9142173269894598
5250.5			0.8810865428668587
5251.4			0.9263859169104156
5252.3			1.0107356626089825
5253.2			1.0462012768882718
5254.1			1.0038061534325833
5255.0			1.0
5255.9			1.0
5256.8			1.0
5257.7			1.0
5258.6			1.0
5259.5			1.0
5260.4			0.9427930377167882
5261.3			0.8763255370984858
5262.2			0.798380357238557
5263.1			0.7271640611467373
5264.0			0.678879212155007
5264.9			0.6399133578501687
5265.8			0.6394420568479199
5266.7			0.710173719086302
5267.6			0.7433918193896242
5268.5			0.6362945413114383
5269.4			0.5193052258636099
5270.3			0.5658465030139765
5271.2			0.7249387308749948
5272.1			0.8364536671660976
5273.0			0.8605736652463201
5273.9			0.8446867209220245
5274.8			0.8205311856759235
5275.7			0.8353187282120086
5276.6			0.904766147773247
5277.5			0.9759114030719861
5278.4			1.0
5279.3			0.9633478994934425
5280.2			0.9018658814654459
5281.1			0.8507299438621717
5282.0			0.8190898069379194
5282.9			0.797903568781949
5283.8			0.8099909523721476
5284.7			0.8842223146978558
5285.6			0.974693085040068
5286.5			1.0034951124854612
5287.4			1.0
5288.3			1.0
5289.2			1.0
5290.1			1.0
5291.0			1.0
5291.9			0.988210951606742
5292.8			0.961206341852085
5293.7			0.9565587626847412
5294.6			0.9526357951522717
5295.5			0.9001295127499468
5296.4			0.7977924699563121
5297.3			0.7244279555919013
5298.2			0.7595424613739306
5299.1			0.8583211648418521
5300.0			0.9100207371817204
5300.9			0.9069891276911495
5301.8			0.9255031194497788
5302.7			0.9929177092604845
5303.6			1.0
5304.5			1.0
5305.4			1.0
5306.3			1.0
5307.2			1.0
5308.1			1.0
5309.0			1.0
5309.9			1.0
5310.8			1.0
5311.7			1.0
5312.6			1.0
5313.5			1.0
5314.4			1.0
5315.3			1.0
5316.2			1.0
5317.1			1.0
5318.0			1.0
5318.9			1.0
5319.8			1.0
5320.7			1.0
5321.6			1.0
5322.5			1.0
5323.4			1.0
5324.3			0.9801372972705359
5325.2			1.0030767204389524
5326.1			0.9527527916684941
5327.0			0.7900173965738922
5327.9			0.6529355281142808
5328.8			0.6906051478205353
5329.7			0.8487838678725924
5330.6			0.969308517633056
5331.5			0.9988333587362704
5332.4			1.0
5333.3			1.0
5334.2			1.0
5335.1			1.0
5336.0			1.0
5336.9			1.0
5337.8			0.9976837099811404
5338.7			0.9545631522364959
5339.6			0.8673299424041396
5340.5			0.8254900526775735
5341.4			0.8834499874069179
5342.3			0.9673897948815344
5343.2			1.0001082476754053
5344.1			1.0
5345.0			1.0
5345.9			1.0
5346.8			1.0
5347.7			1.0
5348.6			1.0
5349.5			1.0
5350.4			1.0
5351.3			1.0
5352.2			1.0
5353.1			1.0
5354.0			1.0
5354.9			1.0
5355.8			1.0
5356.7			1.0
5357.6			1.0
5358.5			1.0
5359.4			1.0
5360.3			1.0
5361.2			1.0
5362.1			1.0
5363.0			1.0
5363.9			1.0
5364.8			1.0
5365.7			1.0
5366.6			1.0
5367.5			0.9864350172531666
5368.4			0.9417059187681605
5369.3			0.8519222862586873
5370.2			0.7546099900870915
5371.1			0.7279927709375725
5372.0			0.8045330248702505
5372.9			0.9165673760816988
5373.8			0.9846665663109877
5374.7			0.9932130997228635
5375.6			1.0
5376.5			1.0
5377.4			1.0
5378.3			1.0
5379.2			1.0
5380.1			1.0
5381.0			1.0
5381.9			1.0
5382.8			1.0
5383.7			1.0
5384.6			1.0
5385.5			1.0
5386.4			1.0
5387.3			1.0
5388.2			1.0
5389.1			1.0
5390.0			1.0
5390.9			1.0
5391.8			1.0
5392.7			1.0
5393.6			1.0
5394.5			1.0
5395.4			1.0
5396.3			1.0
5397.2			0.9675026837464162
5398.1			1.0612352784897299
5399.0			1.1421409511078822
5399.9			1.1317886295863921
5400.8			1.0990204001176331
5401.7			1.0958549681813452
5402.6			1.0753810538676516
5403.5			0.9873137955746492
5404.4			0.8623436759872978
5405.3			0.7843686964883522
5406.2			0.8043120037418119
5407.1			0.8751502686710235
5408.0			0.9023874540671505
5408.9			0.8620144010177233
5409.8			0.8367090545684035
5410.7			0.888773175425632
5411.6			0.9668602032194067
5412.5			0.999463721603192
5413.4			0.9905174281709093
5414.3			1.0
5415.2			1.0
5416.1			1.0
5417.0			1.0
5417.9			1.0
5418.8			1.0
5419.7			1.0
5420.6			0.9953079470529677
5421.5			1.030356858784616
5422.4			1.0442164277397237
5423.3			1.0030319113516024
5424.2			0.972013811155172
5425.1			1.0011103892005504
5426.0			1.0577636384399913
5426.9			1.0786183439463464
5427.8			1.0113721678631533
5428.7			0.8806544161170111
5429.6			0.8204662539968502
5430.5			0.8790872813457105
5431.4			0.9330771883119874
5432.3			0.9059466841798978
5433.2			0.8501982464298045
5434.1			0.8171103196082506
5435.0			0.8168251629878179
5435.9			0.8364616690040859
5436.8			0.8751679713795409
5437.7			0.9372395665658383
5438.6			0.999194023430383
5439.5			1.0
5440.4			1.0
5441.3			1.0
5442.2			1.0
5443.1			1.0
5444.0			0.9746900464195672
5444.9			0.9014363084472299
5445.8			0.8016201895783516
5446.7			0.7552431727232737
5447.6			0.8136537968942176
5448.5			0.9193176504626722
5449.4			0.9972385733844875
5450.3			1.0
5451.2			1.0
5452.1			1.0
5453.0			0.9570665417842047
5453.9			0.8888468443905685
5454.8			0.814204186618323
5455.7			0.7968096062820713
5456.6			0.8642288758661724
5457.5			0.9572447445994158
5458.4			1.002955906794243
5459.3			1.0
5460.2			1.0
5461.1			1.0
5462.0			1.0
5462.9			1.0
5463.8			1.0
5464.7			1.0
5465.6			1.0
5466.5			1.0
5467.4			1.0
5468.3			1.0
5469.2			1.0
5470.1			1.0
5471.0			1.0150833108647614
5471.9			1.027371130553505
5472.8			1.0020261116342506
5473.7			0.9882804727792919
5474.6			1.001135001588953
5475.5			0.9685893276161722
5476.4			0.9136710535106166
5477.3			0.9535963642614949
5478.2			1.0763583739291145
5479.1			1.145791204560912
5480.0			1.0936537920487563
5480.9			1.0063763626742488
5481.8			1.0
5482.7			1.0439664046299972
5483.6			1.1055478632450462
5484.5			1.1520620748473198
5485.4			1.1443414478897123
5486.3			1.0689828545016393
5487.2			0.9894622137629352
5488.1			0.9740449513712068
5489.0			0.9870028634739525
5489.9			0.9798280187767003
5490.8			0.9822920958088909
5491.7			0.9889710883499488
5492.6			1.0
5493.5			1.0
5494.4			1.0
5495.3			1.0
5496.2			1.0
5497.1			1.0
5498.0			1.0
5498.9			1.0
5499.8			1.0
5500.7			1.0
5501.6			1.0
5502.5			1.0
5503.4			1.0
5504.3			1.0
5505.2			1.0
5506.1			1.0
5507.0			1.0222454561390695
5507.9			1.081428450235262
5508.8			1.0969844604167494
5509.7			1.0643797077223869
5510.6			1.0122874862519864
5511.5			0.9457905538449085
5512.4			0.8960151368460028
5513.3			0.8819450197876917
5514.2			0.8805130121737411
5515.1			0.8872730696936079
5516.0			0.9031792064855604
5516.9			0.9315411160283488
5517.8			0.9777690991350492
5518.7			1.0087025155200198
5519.6			0.993965398102579
5520.5			1.0
5521.4			1.0
5522.3			1.0
5523.2			1.0
5524.1			1.0
5525.0			0.9937449609112561
5525.9			0.9700405739220005
5526.8			0.9274551962988494
5527.7			0.887905563197248
5528.6			0.8966303409466907
5529.5			0.9539519493369067
5530.4			0.9981991801530351
5531.3			1.0
5532.2			1.0
5533.1			1.0
5534.0			1.0
5534.9			1.0
5535.8			1.0
5536.7			1.0
5537.6			1.0
5538.5			1.0
5539.4			1.0
5540.3			1.0
5541.2			1.0
5542.1			1.0
5543.0			1.0
5543.9			1.0
5544.8			1.0
5545.7			1.0
5546.6			1.0
5547.5			1.0
5548.4			1.0
5549.3			1.0
5550.200000000001			1.0
5551.1			1.0
5552.0			1.0
5552.9			1.0
5553.8			1.0
5554.700000000001			1.0
5555.6			1.0
5556.5			1.0
5557.4			1.0
5558.3			1.0
5559.200000000001			1.0
5560.1			1.0
5561.0			1.0
5561.9			0.9821339517932103
5562.8			0.9794688022756878
5563.700000000001			0.9932037377957694
5564.6			0.9877647692390187
5565.5			0.9565054858795371
5566.4			0.9352486535913417
5567.3			0.94574833685862
5568.200000000001			0.959998862634156
5569.1			0.9613044245978554
5570.0			0.9773126622691227
5570.9			1.000529201744723
5571.8			1.0
5572.700000000001			1.0
5573.6			1.0
5574.5			1.0
5575.4			1.0
5576.3			1.0
5577.200000000001			1.0
5578.1			0.9906325438781042
5579.0			0.9906294856406651
5579.9			1.0082699641162545
5580.8			1.011634080931277
5581.700000000001			0.9972091806454547
5582.6			0.9865341362032802
5583.5			0.9732021081306304
5584.4			0.9467552753432359
5585.3			0.9155457660558889
5586.200000000001			0.8780535156703548
5587.1			0.8422537896296652
5588.0			0.8324075305721624
5588.9			0.8499176379372221
5589.8			0.8801639090338778
5590.700000000001			0.9041200330165571
5591.6			0.9114185898475162
5592.5			0.9104479375749108
5593.4			0.9181590892265232
5594.3			0.9503846231288126
5595.200000000001			1.0115124935183741
5596.1			1.0
5597.0			0.9860328668322678
5597.9			0.9360651867445265
5598.8			0.9035547464389763
5599.700000000001			0.8882190279752781
5600.6			0.8632978477769828
5601.5			0.8361539572284683
5602.4			0.8330336358257403
5603.3			0.8660103972828899
5604.200000000001			0.9207980809294611
5605.1			0.9735865895154984
5606.0			1.0068859062989004
5606.9			1.0123679355613107
5607.8			0.9983367903143257
5608.700000000001			1.0
5609.6			1.0
5610.5			1.0
5611.4			1.0
5612.3			1.0
5613.200000000001			1.0
5614.1			0.9303243656920709
5615.0			0.858397989318399
5615.9			0.8699247375505242
5616.8			0.9439308372968965
5617.700000000001			0.9917108545670607
5618.6			1.0
5619.5			1.0
5620.4			1.0133113924336759
5621.3			1.048439441328833
5622.200000000001			1.045572259921115
5623.1			0.9791367281395291
5624.0			0.89194877278859
5624.9			1.0
5625.8			1.039206360496662
5626.700000000001			1.0884521749585188
5627.6			1.1212279291941893
5628.5			1.1583736152974293
5629.4			1.1943742902978145
5630.3			1.2090122394053588
5631.200000000001			1.1996797309399285
5632.1			1.1806039340315
5633.0			1.1583262186520837
5633.9			1.1345664645561795
5634.8			1.1100133117240292
5635.700000000001			1.079977029846715
5636.6			1.0548534176911115
5637.5			1.0512277625028106
5638.4			1.0659962996380519
5639.3			1.0714769466543375
5640.200000000001			1.0497757128751792
5641.1			1.0196922491081133
5642.0			1.015479462750854
5642.9			1.0284967278979658
5643.8			1.037111476967246
5644.700000000001			1.0396031401707206
5645.6			1.0373550761878558
5646.5			1.0372185263126248
5647.4			1.037479978583319
5648.3			1.030768802521483
5649.200000000001			1.0232721689885291
5650.1			1.0334548902387266
5651.0			1.0616626135004745
5651.9			1.0838903469538945
5652.8			1.0756722019257388
5653.700000000001			1.0
5654.6			0.9812718759230328
5655.5			1.0013275681152347
5656.4			1.0069189954719644
5657.3			0.9435991025691278
5658.200000000001			0.8825050165662167
5659.1			0.9122446838892555
5660.0			0.9904223057494154
5660.9			1.0193977211559637
5661.8			1.0030013566407643
5662.700000000001			1.0
5663.6			1.0
5664.5			1.0
5665.4			1.0
5666.3			1.0
5667.200000000001			1.0
5668.1			1.0
5669.0			1.0
5669.9			1.0
5670.8			1.0
5671.700000000001			1.0
5672.6			1.0
5673.5			1.0
5674.4			1.0
5675.3			1.0
5676.200000000001			1.0
5677.1			1.0
5678.0			1.0
5678.9			1.0
5679.8			1.0
5680.700000000001			1.0
5681.6			1.0
5682.5			1.0
5683.4			1.007611602949143
5684.3			1.0308657232147402
5685.200000000001			1.0208422031199729
5686.1			0.9750698664546095
5687.0			0.9298863995891599
5687.9			0.9130905365085588
5688.8			0.9266058818969405
5689.700000000001			0.951596583061358
5690.6			0.9679637657189025
5691.5			0.9819098427704346
5692.4			0.9911449004276819
5693.3			1.0
5694.200000000001			1.0
5695.1			1.0
5696.0			1.0
5696.9			1.0
5697.8			1.0
5698.700000000001			1.0
5699.6			1.0
5700.5			1.0
5701.4			0.9652212781784941
5702.3			0.9639269754376667
5703.200000000001			1.0002981149454093
5704.1			1.0313088052295063
5705.0			1.0201225703256818
5705.9			0.970177779347921
5706.8			0.9153633212586159
5707.700000000001			0.870464212811802
5708.6			0.8467725130917058
5709.5			0.8640322558309305
5710.4			0.8873907462821441
5711.3			0.8862734151490693
5712.200000000001			0.8988891879846687
5713.1			0.9454899821763318
5714.0			0.9852750812984399
5714.9			0.9988049283097402
5715.8			0.999726757911973
5716.700000000001			1.0
5717.6			1.0
5718.5			1.0
5719.4			1.0
5720.3			1.0
5721.200000000001			1.0
5722.1			1.0
5723.0			1.0
5723.9			1.0
5724.8			0.9997917811935225
5725.700000000001			0.9788940229947853
5726.6			0.9400246347506831
5727.5			0.9342249273817258
5728.4			0.9793870547863273
5729.3			1.0204955413305137
5730.200000000001			1.0055624955608464
5731.1			1.0
5732.0			1.0
5732.9			1.0
5733.8			1.0
5734.700000000001			1.0
5735.6			1.0
5736.5			1.0
5737.4			1.0
5738.3			1.0
5739.200000000001			1.0
5740.1			1.0
5741.0			1.0
5741.9			1.0
5742.8			1.0
5743.700000000001			1.0
5744.6			1.0
5745.5			1.0
5746.4			0.9844412545726033
5747.3			0.9347335658688546
5748.200000000001			0.9100722761503476
5749.1			0.9456694751592385
5750.0			1.0009726565385806
5750.9			1.0
5751.8			1.0
5752.700000000001			1.0
5753.6			1.0
5754.5			1.0
5755.4			1.0
5756.3			1.0
5757.200000000001			1.0
5758.1			0.9933182167219412
5759.0			0.9626257052179703
5759.9			0.9128367354965334
5760.8			0.8621251806184331
5761.700000000001			0.8368477763831601
5762.6			0.8586201759726709
5763.5			0.919004699640717
5764.4			0.9762456187487885
5765.3			0.9991175680646002
5766.200000000001			1.0
5767.1			1.0
5768.0			1.0
5768.9			1.0
5769.8			1.0
5770.700000000001			1.0
5771.6			1.0
5772.5			1.0
5773.4			1.0
5774.3			0.9992201723332075
5775.200000000001			1.0029874202803208
5776.1			1.0115425263689934
5777.0			1.020440999690076
5777.9			1.0292020607798664
5778.8			1.0139748114063092
5779.700000000001			0.9478728516018053
5780.6			0.8611571904945811
5781.5			0.8215091362442443
5782.4			0.8425471226852377
5783.3			0.8638835425401505
5784.200000000001			0.84694774111957
5785.1			0.8284716318540349
5786.0			0.860567044749427
5786.9			0.9249414178969142
5787.8			0.9770254219691298
5788.700000000001			0.9998121402439765
5789.6			1.0
5790.5			1.0
5791.4			1.0
5792.3			1.0
5793.200000000001			1.0
5794.1			1.0
5795.0			1.0
5795.9			0.9700815483826472
5796.8			0.9091806546651936
5797.700000000001			0.8807055631408168
5798.6			0.9246681199380855
5799.5			0.9980609718129502
5800.4			1.0
5801.3			1.0
5802.200000000001			1.0
5803.1			1.0
5804.0			1.0
5804.9			1.0
5805.8			1.0
5806.700000000001			1.0
5807.6			1.0
5808.5			1.0
5809.4			1.0
5810.3			1.0
5811.200000000001			1.0
5812.1			1.0
5813.0			1.0
5813.9			1.0
5814.8			1.0
5815.700000000001			1.0
5816.6			1.0
5817.5			1.0
5818.4			1.0
5819.3			1.0
5820.200000000001			1.0
5821.1			1.0
5822.0			1.0
5822.9			1.0
5823.8			1.0
5824.700000000001			1.0
5825.6			1.0
5826.5			1.0
5827.4			0.9934452400084512
5828.3			0.9985193730258873
5829.200000000001			1.0044848613729753
5830.1			0.9982963241054548
5831.0			0.9853001597442521
5831.9			0.9782506091754407
5832.8			0.9683403239696456
5833.700000000001			0.9446985127929447
5834.6			0.9314914673215464
5835.5			0.9487126928654237
5836.4			0.9646207295935303
5837.3			0.949820358503484
5838.200000000001			0.9294290001232277
5839.1			0.9388569119673581
5840.0			0.9673553238276993
5840.9			0.9904330579658878
5841.8			1.0009437391857225
5842.700000000001			1.0
5843.6			1.0
5844.5			1.0
5845.4			1.0
5846.3			1.0
5847.200000000001			1.0
5848.1			1.0
5849.0			1.0
5849.9			1.0
5850.8			1.0
5851.700000000001			1.0
5852.6			1.0
5853.5			1.0
5854.4			1.0270131044019706
5855.3			1.0334130239951644
5856.200000000001			0.9917797686419665
5857.1			0.9381321068675222
5858.0			0.9213013147825044
5858.9			0.9451581960074565
5859.8			0.9823782631219631
5860.700000000001			1.0059052788677842
5861.6			0.997226903085508
5862.5			1.0
5863.4			1.0
5864.3			1.0
5865.200000000001			1.0
5866.1			1.0
5867.0			1.0
5867.9			1.0
5868.8			1.0
5869.700000000001			1.0
5870.6			1.0
5871.5			1.0
5872.4			1.0
5873.3			1.0
5874.200000000001			1.0
5875.1			1.0
5876.0			1.0
5876.9			1.0
5877.8			1.0
5878.700000000001			1.0
5879.6			1.0
5880.5			1.0
5881.4			1.0
5882.3			1.0
5883.200000000001			1.0
5884.1			1.0
5885.0			1.0234158837461302
5885.9			1.0517782401270341
5886.8			1.0256409946948333
5887.700000000001			0.8950774258895694
5888.6			0.6848291686783903
5889.5			0.533801874292681
5890.4			0.5772001564825371
5891.3			0.7673375342648506
5892.200000000001			0.9457994479191674
5893.1			1.0301996581251969
5894.0			0.9919527788182915
5894.9			1.0
5895.8			1.0
5896.700000000001			1.0
5897.6			1.0
5898.5			1.0
5899.4			1.0
5900.3			1.0
5901.200000000001			1.0
5902.1			1.0
5903.0			1.0
5903.9			1.0
5904.8			1.0
5905.700000000001			1.0
5906.6			1.0
5907.5			1.0
5908.4			1.0
5909.3			1.0
5910.200000000001			1.0
5911.1			1.0099802972658103
5912.0			0.997403538083418
5912.9			0.9636963805958262
5913.8			0.9330097419021234
5914.700000000001			0.9146075097134089
5915.6			0.90737583344892
5916.5			0.9264209375497826
5917.4			0.9577532140551002
5918.3			0.9780162452804545
5919.200000000001			0.993200690475341
5920.1			1.000741940835137
5921.0			1.0
5921.9			1.0
5922.8			1.0
5923.700000000001			1.0
5924.6			1.0
5925.5			1.0
5926.4			1.0
5927.3			1.0
5928.200000000001			1.0
5929.1			1.0
5930.0			1.0
5930.9			1.0
5931.8			1.0254294143003506
5932.700000000001			1.0129063292757359
5933.6			0.9648887842017265
5934.5			0.9296729594020692
5935.4			0.9450836799532033
5936.3			0.9807548741641218
5937.200000000001			1.0002802133161801
5938.1			1.0
5939.0			1.0
5939.9			1.0
5940.8			1.0
5941.700000000001			1.0
5942.6			1.0
5943.5			1.0
5944.4			1.0
5945.3			1.0
5946.200000000001			1.0
5947.1			1.0
5948.0			1.0
5948.9			1.0
5949.8			1.0257197123011497
5950.700000000001			1.0482465439956157
5951.6			1.0241549315849647
5952.5			0.9810926232081283
5953.4			0.9722450056322186
5954.3			0.9899946833912264
5955.200000000001			0.9888712766651543
5956.1			0.9669573551677582
5957.0			0.9539759720341723
5957.9			0.9638147950422149
5958.8			0.986624337603465
5959.700000000001			1.0108377180970929
5960.6			1.0307092674135
5961.5			1.0394175718613625
5962.4			1.0328705859111547
5963.3			1.0190141777228705
5964.200000000001			0.9978128200460803
5965.1			1.0
5966.0			1.0
5966.9			1.0
5967.8			1.0
5968.700000000001			1.0
5969.6			1.0
5970.5			1.0
5971.4			1.0
5972.3			1.0
5973.200000000001			1.0
5974.1			1.0
5975.0			1.0
5975.9			1.0
5976.8			1.0
5977.700000000001			1.0
5978.6			1.0
5979.5			1.0
5980.4			1.0179027525844822
5981.3			1.011852287464011
5982.200000000001			0.9789925150820731
5983.1			0.9273952571808801
5984.0			0.8979459043475847
5984.9			0.9286353187214603
5985.8			0.9805323628863215
5986.700000000001			0.9992481071044719
5987.6			0.9995954822821405
5988.5			1.0
5989.4			1.0
5990.3			1.0
5991.200000000001			1.0
5992.1			1.0
5993.0			1.0
5993.9			1.0
5994.8			1.0
5995.700000000001			1.0
5996.6			1.0
5997.5			1.0
5998.4			1.0
5999.3			1.0
6000.200000000001			1.0
6001.1			1.0
6002.0			1.0
6002.9			1.0
6003.8			1.0118683555137886
6004.700000000001			1.0098846226719616
6005.6			0.9837380948273132
6006.5			0.9449489593836776
6007.4			0.9105107281196987
6008.3			0.9148729295065554
6009.200000000001			0.9631822345391492
6010.1			1.0052314337528505
6011.0			0.9975890072966063
6011.9			1.0
6012.8			1.0
6013.700000000001			1.0
6014.6			1.0
6015.5			1.0
6016.4			1.0
6017.3			1.0
6018.200000000001			1.0
6019.1			1.0
6020.0			1.0
6020.9			1.0
6021.8			1.0
6022.700000000001			1.0
6023.6			1.0
6024.5			1.0
6025.4			1.0
6026.3			1.0
6027.200000000001			1.0
6028.1			1.0
6029.0			1.0
6029.9			1.0
6030.8			1.0
6031.700000000001			1.0
6032.6			1.0
6033.5			1.0
6034.4			1.0
6035.3			1.0
6036.200000000001			1.0
6037.1			1.0
6038.0			1.0
6038.9			1.0
6039.8			1.0
6040.700000000001			1.0
6041.6			1.0
6042.5			1.0
6043.4			1.0
6044.3			1.0
6045.200000000001			1.0
6046.1			1.0
6047.0			1.0
6047.9			1.0
6048.8			1.0
6049.700000000001			1.0
6050.6			1.0
6051.5			1.0
6052.4			1.0
6053.3			1.0
6054.200000000001			1.0
6055.1			1.0
6056.0			1.0
6056.9			1.0
6057.8			1.0
6058.700000000001			1.0
6059.6			1.0
6060.5			1.0
6061.4			0.9795728936582704
6062.3			0.949820205076191
6063.200000000001			0.9225327727980012
6064.1			0.8941519227263042
6065.0			0.8819680690197615
6065.9			0.9164879327856764
6066.8			0.9727130659058232
6067.700000000001			1.0025802380663624
6068.6			1.0007108355603913
6069.5			1.0
6070.4			1.0
6071.3			1.0
6072.200000000001			1.0
6073.1			1.0
6074.0			1.0
6074.9			1.0
6075.8			1.0
6076.700000000001			1.0
6077.6			1.0
6078.5			1.0
6079.4			1.0
6080.3			1.0
6081.200000000001			1.0
6082.1			1.0
6083.0			1.0
6083.9			1.0
6084.8			1.0
6085.700000000001			0.9872482531512864
6086.6			0.9934513420601107
6087.5			1.0086587216695393
6088.4			0.9983682388913333
6089.3			0.9604556493398664
6090.200000000001			0.9326662549195974
6091.1			0.9326316163239917
6092.0			0.9378132882620638
6092.9			0.9428889458860638
6093.8			0.9685469252644143
6094.700000000001			1.0007355222111256
6095.6			1.0
6096.5			1.0
6097.4			1.0
6098.3			1.0
6099.200000000001			1.0
6100.1			1.0132300968708683
6101.0			0.972604486324908
6101.9			0.8971402497788703
6102.8			0.8716057943904039
6103.700000000001			0.9234013414478851
6104.6			0.9835685209447246
6105.5			1.0024479391047096
6106.4			1.0
6107.3			1.0
6108.200000000001			1.0
6109.1			1.0
6110.0			1.0
6110.9			1.0
6111.8			1.0
6112.700000000001			1.0
6113.6			1.0
6114.5			1.0
6115.4			1.0
6116.3			1.0
6117.200000000001			1.0
6118.1			0.9981058393872515
6119.0			0.9672779067612267
6119.9			0.9250898586480917
6120.8			0.8901643337158502
6121.700000000001			0.8801604203905655
6122.6			0.9246062294922288
6123.5			0.9931577547788956
6124.4			1.01890382934425
6125.3			0.9997426422102897
6126.200000000001			1.0
6127.1			1.0
6128.0			1.0
6128.9			1.0
6129.8			1.0
6130.700000000001			1.0
6131.6			1.0
6132.5			1.0
6133.4			0.9724553828596453
6134.3			0.9114000828879415
6135.200000000001			0.8330246949322617
6136.1			0.763673327294842
6137.0			0.7534583380513229
6137.9			0.8377452846390494
6138.8			0.9573389625477381
6139.700000000001			1.0186978771294437
6140.6			1.0058362656381787
6141.5			1.0
6142.4			1.0
6143.3			1.0
6144.200000000001			1.0
6145.1			1.0
6146.0			1.0
6146.9			1.0
6147.8			1.0
6148.700000000001			1.0
6149.6			1.0
6150.5			1.0
6151.4			1.0
6152.3			1.0
6153.200000000001			1.0
6154.1			1.0
6155.0			1.0
6155.9			1.0
6156.8			1.0
6157.700000000001			1.0
6158.6			1.0008061496441398
6159.5			0.9701481465083873
6160.4			0.8923726919274927
6161.3			0.814993190018953
6162.200000000001			0.8021486686189243
6163.1			0.853532012588541
6164.0			0.9238651982887246
6164.9			0.971698905879609
6165.8			0.9994414126558598
6166.700000000001			1.0
6167.6			1.0
6168.5			1.0
6169.4			1.0
6170.3			1.0
6171.200000000001			1.0
6172.1			1.0
6173.0			1.0
6173.9			1.0
6174.8			1.0
6175.700000000001			1.0
6176.6			1.0
6177.5			1.0
6178.4			1.0
6179.3			1.0
6180.200000000001			1.0
6181.1			1.0
6182.0			1.0
6182.9			1.0
6183.8			1.0
6184.700000000001			1.0
6185.6			1.0
6186.5			1.0
6187.4			0.9763346696617488
6188.3			0.9649997484731792
6189.200000000001			0.9466862307039473
6190.1			0.8960810092990388
6191.0			0.8364929827870343
6191.9			0.8425501763396716
6192.8			0.9136256766397889
6193.700000000001			0.9761146572485057
6194.6			1.0008345914140484
6195.5			1.0
6196.4			1.0
6197.3			0.9907244383781262
6198.200000000001			0.9415953040102801
6199.1			0.8845651356342676
6200.0			0.8778133157704523
6200.9			0.9250199882185842
6201.8			0.9776264470189907
6202.700000000001			1.0012147445121609
6203.6			1.0
6204.5			1.0
6205.4			1.0
6206.3			1.0
6207.200000000001			1.0
6208.1			1.0
6209.0			1.0
6209.9			1.0
6210.8			0.9876069992792189
6211.700000000001			0.9735095520393997
6212.6			0.9304223958709447
6213.5			0.8817957016793596
6214.4			0.8688754069972314
6215.3			0.8922975301848936
6216.200000000001			0.9374389274226853
6217.1			0.9874301775118971
6218.0			1.0017061519628783
6218.9			1.0
6219.8			1.0
6220.700000000001			1.0
6221.6			1.0
6222.5			1.0
6223.4			1.0
6224.3			1.0
6225.200000000001			1.0
6226.1			1.0
6227.0			1.0065427819786474
6227.9			0.989617204401663
6228.8			0.9361386123011021
6229.700000000001			0.859824711614581
6230.6			0.8203431855984624
6231.5			0.8428580713478288
6232.4			0.8875671199564049
6233.3			0.9413409748724823
6234.200000000001			1.0008223619524221
6235.1			1.0
6236.0			0.9978174723768085
6236.9			0.9749204260529979
6237.8			0.9421194180570756
6238.700000000001			0.8940527776644285
6239.6			0.8568719209882533
6240.5			0.8711755738912335
6241.4			0.894623547480258
6242.3			0.871059024736153
6243.200000000001			0.8542115041174386
6244.1			0.885802351726951
6245.0			0.9250595712081571
6245.9			0.9606889141073925
6246.8			1.0131617635248373
6247.700000000001			1.0
6248.6			0.9925700421277939
6249.5			0.9683505155448785
6250.4			0.9451005032524545
6251.3			0.909292931738306
6252.200000000001			0.8802948365056934
6253.1			0.883682315654435
6254.0			0.9021280310217359
6254.9			0.9061516259973353
6255.8			0.8755515295954243
6256.700000000001			0.8163297421870334
6257.6			0.7692229437552608
6258.5			0.7853442359310664
6259.4			0.8635167677386894
6260.3			0.9320691436442077
6261.200000000001			0.9693066036602488
6262.1			1.0137891211603927
6263.0			1.0516449818481297
6263.9			1.0320070911886812
6264.8			0.978339953820812
6265.700000000001			0.9654286420271485
6266.6			0.9980892126292503
6267.5			1.0
6268.4			1.0
6269.3			1.0
6270.200000000001			1.0
6271.1			1.0
6272.0			1.0
6272.9			1.0
6273.8			1.0
6274.700000000001			1.0
6275.6			1.0
6276.5			1.0
6277.4			1.0
6278.3			1.0049149818155634
6279.200000000001			0.9733046672987098
6280.1			0.9298727744286833
6281.0			0.9176602221808491
6281.9			0.9395825494698332
6282.8			0.9767615087474375
6283.700000000001			0.9996081670648224
6284.6			1.0
6285.5			1.0
6286.4			1.0107439941012224
6287.3			1.0397868024796486
6288.200000000001			1.065548419392371
6289.1			1.064525273407556
6290.0			1.0330835280202488
6290.9			0.9924347776653746
6291.8			0.95983195930959
6292.700000000001			0.9435723215180036
6293.6			0.9568838165555458
6294.5			0.9728432762873256
6295.4			0.9433532927258429
6296.3			0.8906448511307195
6297.200000000001			0.8766568038166523
6298.1			0.9081244668400735
6299.0			0.9412665044565207
6299.9			0.9418638985824563
6300.8			0.9206419493696024
6301.700000000001			0.9084419038432955
6302.6			0.9172588812710841
6303.5			0.9247079007248611
6304.4			0.9113215737324233
6305.3			0.8977720616361461
6306.200000000001			0.9249273077256895
6307.1			0.9747888540222087
6308.0			1.0
6308.9			0.9917816112984311
6309.8			0.9587907589104426
6310.700000000001			0.9226293165225222
6311.6			0.905693064300703
6312.5			0.9160632519752734
6313.4			0.9248756502987617
6314.3			0.9117844526409011
6315.200000000001			0.9063047753803984
6316.1			0.9152210559274443
6317.0			0.8981465493907117
6317.9			0.8676305709778944
6318.8			0.8752760889874325
6319.700000000001			0.9162258213997305
6320.6			0.9534080223040368
6321.5			0.9662248503707119
6322.4			0.9767960520036532
6323.3			0.9958618264314831
6324.200000000001			1.0082073147984925
6325.1			1.009184788249553
6326.0			1.0020479167012002
6326.9			0.999370619991721
6327.8			1.0
6328.700000000001			1.0
6329.6			1.0
6330.5			1.0
6331.4			1.0
6332.3			1.0
6333.200000000001			1.009511134136553
6334.1			0.9718101393645661
6335.0			0.9155167283062927
6335.9			0.9046318250222427
6336.8			0.9508194327375719
6337.700000000001			0.9923541286834857
6338.6			1.0059031585666012
6339.5			1.0
6340.4			1.0
6341.3			1.0
6342.200000000001			1.0
6343.1			1.0
6344.0			1.0
6344.9			1.0
6345.8			1.0
6346.700000000001			1.0
6347.6			1.0
6348.5			1.0
6349.4			0.9946252572810587
6350.3			0.9974844429465066
6351.200000000001			1.0112047762113245
6352.1			1.0125314741320908
6353.0			0.9837079033194794
6353.9			0.9415357866137096
6354.8			0.9233565447575092
6355.700000000001			0.9333232321855278
6356.6			0.9316000481170762
6357.5			0.8979810606866351
6358.4			0.8609229874485937
6359.3			0.8494066261581924
6360.200000000001			0.8474540124108881
6361.1			0.8336468995579688
6362.0			0.8230989170927379
6362.9			0.8355024973208905
6363.8			0.8635074853085416
6364.700000000001			0.892800340969634
6365.6			0.9176160222052278
6366.5			0.9450456162924805
6367.4			0.979220317376765
6368.3			0.9990106527166335
6369.200000000001			0.9909357592688209
6370.1			0.9756465029153376
6371.0			0.9852845888662093
6371.9			1.0170778484034113
6372.8			1.031110360120915
6373.700000000001			1.0157200421822241
6374.6			0.9999501566782538
6375.5			1.0
6376.4			1.0
6377.3			1.0
6378.200000000001			1.0
6379.1			1.0
6380.0			1.0
6380.9			1.0
6381.8			1.0
6382.700000000001			1.0
6383.6			1.0
6384.5			1.0
6385.4			1.0
6386.3			1.0
6387.200000000001			1.0
6388.1			1.0
6389.0			1.0
6389.9			1.0
6390.8			0.9918138738907518
6391.700000000001			0.94395766868168
6392.6			0.8831809067738171
6393.5			0.8692817136675047
6394.4			0.9115624854087191
6395.3			0.9640413775950013
6396.200000000001			0.9999227856739811
6397.1			1.0
6398.0			1.0
6398.9			1.0
6399.8			1.0
6400.700000000001			1.0
6401.6			1.0
6402.5			1.0
6403.4			1.0
6404.3			1.0
6405.200000000001			1.0
6406.1			1.0
6407.0			1.0
6407.9			1.0
6408.8			1.0
6409.700000000001			1.0
6410.6			1.0
6411.5			1.0
6412.4			1.0
6413.3			1.0
6414.200000000001			1.0
6415.1			1.0
6416.0			1.0
6416.9			0.99673157361948
6417.8			0.9713850704943104
6418.700000000001			0.9365223831135674
6419.6			0.9066150025373523
6420.5			0.8999076720786198
6421.4			0.9298108908926227
6422.3			0.9839251674500976
6423.200000000001			1.0135804726495627
6424.1			0.9986880572614567
6425.0			1.0
6425.9			1.0
6426.8			1.0
6427.700000000001			1.0151999557334015
6428.6			0.9903278010914083
6429.5			0.9288965142576818
6430.4			0.8742069744384662
6431.3			0.8820971816693152
6432.200000000001			0.9422750908801135
6433.1			0.9951273148572711
6434.0			1.0
6434.9			1.0
6435.8			1.0
6436.700000000001			1.0
6437.6			1.0
6438.5			1.0
6439.4			1.0
6440.3			1.0
6441.200000000001			1.0
6442.1			1.0
6443.0			1.0
6443.9			1.0
6444.8			1.0
6445.700000000001			1.0
6446.6			1.0
6447.5			0.9700918867030243
6448.4			0.8800941957698294
6449.3			0.7869538641788774
6450.200000000001			0.7768467155295484
6451.1			0.84793427720847
6452.0			0.9338644125078218
6452.9			0.9946471287360165
6453.8			1.0
6454.700000000001			1.0
6455.6			1.0
6456.5			1.0
6457.4			1.0
6458.3			1.0
6459.200000000001			1.0
6460.1			1.0090042928161962
6461.0			0.9770248500051193
6461.9			0.9176378594522947
6462.8			0.8943448951296011
6463.700000000001			0.9274262569852283
6464.6			0.9744665291162081
6465.5			1.00631570875174
6466.4			1.0
6467.3			1.0
6468.200000000001			1.0
6469.1			1.0
6470.0			1.0
6470.9			1.0
6471.8			1.0
6472.700000000001			1.0
6473.6			1.0
6474.5			1.0
6475.4			1.0
6476.3			1.0
6477.200000000001			1.0
6478.1			1.0
6479.0			1.0
6479.9			0.9969524310858571
6480.8			0.9627442558417034
6481.700000000001			0.918005921875173
6482.6			0.9088112808156023
6483.5			0.9406060205957597
6484.4			0.9799588170064956
6485.3			1.0007873836651502
6486.200000000001			1.0
6487.1			1.0
6488.0			1.0
6488.9			0.981752039973851
6489.8			0.9590279587712189
6490.700000000001			0.9574029283525134
6491.6			0.9649916240219745
6492.5			0.9337186353619693
6493.4			0.8520342901126342
6494.3			0.7812788502908632
6495.200000000001			0.7768540511061123
6496.1			0.8193719690350785
6497.0			0.8637373237012737
6497.9			0.8907211879873488
6498.8			0.9111974158793319
6499.700000000001			0.9449188108615327
6500.6			0.9790319681857669
6501.5			0.9979680411338759
6502.4			1.0
6503.3			1.0
6504.200000000001			1.0
6505.1			1.0
6506.0			1.0
6506.9			1.0
6507.8			1.0
6508.700000000001			1.0
6509.6			1.0
6510.5			1.0
6511.4			1.0
6512.3			1.0
6513.200000000001			1.0
6514.1			1.0
6515.0			1.0
6515.9			1.0
6516.8			1.0
6517.700000000001			1.0
6518.6			1.0
6519.5			1.0
6520.4			1.0
6521.3			1.0
6522.200000000001			1.0
6523.1			1.0
6524.0			1.0
6524.9			1.0
6525.8			1.0
6526.700000000001			1.0
6527.6			1.0
6528.5			1.0
6529.4			1.0
6530.3			1.0
6531.200000000001			1.0
6532.1			1.0
6533.0			1.0
6533.9			1.0
6534.8			1.0
6535.700000000001			1.0
6536.6			1.0
6537.5			1.0
6538.4			1.0
6539.3			1.0
6540.200000000001			1.0
6541.1			1.0
6542.0			1.0
6542.9			1.0
6543.8			1.0
6544.700000000001			1.0
6545.6			1.0
6546.5			1.0
6547.4			1.0
6548.3			1.0
6549.200000000001			1.0
6550.1			1.0
6551.0			1.0
6551.9			1.0
6552.8			1.0
6553.700000000001			1.0
6554.6			1.0
6555.5			1.0
6556.4			1.0
6557.3			1.0
6558.200000000001			1.0
6559.1			1.0
6560.0			0.9954322862628125
6560.9			0.9182404374281407
6561.8			0.7624252389419212
6562.700000000001			0.6605913175639689
6563.6			0.73142552121066
6564.5			0.889929748481337
6565.4			0.99960831864119
6566.3			1.0
6567.200000000001			1.0
6568.1			0.978611655620549
6569.0			0.938310697453335
6569.9			0.9275017115878798
6570.8			0.9466255046881769
6571.700000000001			0.9483157541905328
6572.6			0.9229758380644479
6573.5			0.9001612940018852
6574.4			0.8990528121150152
6575.3			0.9283928018666697
6576.200000000001			0.9836057088449944
6577.1			1.038974009698579
6578.0			1.0689571386815104
6578.9			1.0614543610546425
6579.8			1.0265013730858112
6580.700000000001			0.9959670098448407
6581.6			1.0
6582.5			1.0
6583.4			1.0
6584.3			1.0
6585.200000000001			1.0
6586.1			1.0
6587.0			1.0
6587.9			1.0
6588.8			1.0
6589.700000000001			1.0063599411884119
6590.6			0.9987200541830987
6591.5			0.9523085294494517
6592.4			0.8899621635346974
6593.3			0.8724647892268911
6594.200000000001			0.9151928523754141
6595.1			0.9695568645478939
6596.0			1.0000514286191866
6596.9			1.0063725755395365
6597.8			1.0
6598.700000000001			1.0
6599.6			1.0
6600.5			1.0
6601.4			1.0
6602.3			1.0
6603.200000000001			0.9856565433667397
6604.1			0.968735068706837
6605.0			0.9494634787096825
6605.9			0.9338064307214403
6606.8			0.923700901764809
6607.700000000001			0.9098699942339483
6608.6			0.8930580243130021
6609.5			0.9048232965420057
6610.4			0.9596827615844173
6611.3			1.0113033660533959
6612.200000000001			1.0183054083484695
6613.1			0.999342006411837
6614.0			1.0021943561539837
6614.9			1.0
6615.8			1.0
6616.700000000001			1.0
6617.6			1.0
6618.5			1.0
6619.4			1.0
6620.3			1.0
6621.200000000001			1.0
6622.1			1.0
6623.0			1.0
6623.9			1.0
6624.8			1.0
6625.700000000001			1.0
6626.6			1.0
6627.5			1.0
6628.4			0.9883852237289478
6629.3			0.9753352664437891
6630.200000000001			0.9617388108356253
6631.1			0.942688600201816
6632.0			0.9189408983182128
6632.9			0.8996267610712139
6633.8			0.899331292672964
6634.700000000001			0.9292943132974096
6635.6			0.9703835214149628
6636.5			0.9950819056196385
6637.4			0.9993110173033127
6638.3			1.0
6639.200000000001			1.0
6640.1			1.0
6641.0			1.0
6641.9			1.0
6642.8			1.0
6643.700000000001			1.0
6644.6			1.0
6645.5			1.0
6646.4			1.0
6647.3			1.0
6648.200000000001			1.0
6649.1			1.0
6650.0			1.0
6650.9			1.0
6651.8			1.0
6652.700000000001			1.0
6653.6			1.0
6654.5			1.0
6655.4			1.0
6656.3			1.0
6657.200000000001			1.0
6658.1			1.0
6659.0			1.0
6659.9			1.0
6660.8			1.0
6661.700000000001			1.0
6662.6			1.0
6663.5			1.0
6664.4			1.0
6665.3			1.0
6666.200000000001			1.0
6667.1			1.0
6668.0			1.0
6668.9			1.0
6669.8			1.0
6670.700000000001			1.0
6671.6			1.0
6672.5			1.0
6673.4			1.0
6674.3			1.0
6675.200000000001			0.9968815723195665
6676.1			0.9683497115171726
6677.0			0.9078879425235383
6677.9			0.8671766174674012
6678.8			0.8998599646805988
6679.700000000001			0.9661114189364044
6680.6			0.9998243861524736
6681.5			1.0
6682.4			1.0
6683.3			1.0
6684.200000000001			1.0
6685.1			1.0
6686.0			1.0
6686.9			1.0
6687.8			1.0
6688.700000000001			1.0
6689.6			1.0
6690.5			1.0
6691.4			1.0
6692.3			1.0
6693.200000000001			1.0
6694.1			1.0
6695.0			1.0
6695.9			1.0
6696.8			1.0
6697.700000000001			1.0
6698.6			1.0
6699.5			1.0
6700.4			1.0
6701.3			1.0
6702.200000000001			1.0
6703.1			1.0
6704.0			1.0
6704.9			1.0
6705.8			1.0
6706.700000000001			1.0
6707.6			1.0
6708.5			1.0
6709.4			1.0
6710.3			1.0
6711.200000000001			1.0
6712.1			1.0101708377796947
6713.0			1.0016077446043121
6713.9			0.9780224946591126
6714.8			0.9488916983626355
6715.700000000001			0.9254009780253247
6716.6			0.9109801278123337
6717.5			0.9202063027499993
6718.4			0.9665161650401297
6719.3			1.0117617880418437
6720.200000000001			1.0195992486514027
6721.1			1.0006056162459798
6722.0			1.0
6722.9			1.0
6723.8			1.0
6724.700000000001			1.0
6725.6			1.0
6726.5			1.0
6727.4			1.0
6728.3			1.0
6729.200000000001			1.0
6730.1			1.0
6731.0			1.0
6731.9			1.0
6732.8			1.0
6733.700000000001			1.0
6734.6			1.0
6735.5			1.0
6736.4			1.0
6737.3			1.0
6738.200000000001			1.0
6739.1			1.0
6740.0			1.0
6740.9			1.0
6741.8			1.0
6742.700000000001			1.0
6743.6			1.0
6744.5			1.0
6745.4			1.0
6746.3			1.0
6747.200000000001			1.0
6748.1			1.0
6749.0			1.0
6749.9			0.9990429894046985
6750.8			0.9985493618779091
6751.700000000001			0.9777472693876865
6752.6			0.9399175414349179
6753.5			0.9288023972304843
6754.4			0.9479092314715739
6755.3			0.969173257206868
6756.200000000001			0.9875274733895132
6757.1			1.0029784481699495
6758.0			1.0
6758.9			1.0
6759.8			1.0031180043303771
6760.700000000001			0.9894676247847258
6761.6			0.9673272974588346
6762.5			0.9620336319745935
6763.4			0.9741311787461605
6764.3			0.9774094580528364
6765.200000000001			0.9589369150933494
6766.1			0.9278301612017293
6767.0			0.909518518760966
6767.9			0.915954330090913
6768.8			0.9305230875308144
6769.700000000001			0.9278624001110076
6770.6			0.9141464975791046
6771.5			0.9204817021557761
6772.4			0.9494020726936173
6773.3			0.9804483577706365
6774.200000000001			0.9996674216763324
6775.1			1.0
6776.0			1.0
6776.9			1.0
6777.8			1.0
6778.700000000001			1.0
6779.6			1.0
6780.5			0.9996890504029
6781.4			0.9858119533158928
6782.3			0.9547532474607682
6783.200000000001			0.9171997265042952
6784.1			0.8954522760766943
6785.0			0.9017811736654081
6785.9			0.930300419076596
6786.8			0.9709258251352089
6787.700000000001			1.0010539198867905
6788.6			1.0
6789.5			1.0
6790.4			1.0
6791.3			1.0
6792.200000000001			1.0
6793.1			1.0
6794.0			1.0
6794.9			1.0
6795.8			1.0
6796.700000000001			1.0
6797.6			1.0
6798.5			1.0
6799.4			1.0
6800.3			1.0
6801.200000000001			1.0
6802.1			1.0
6803.0			1.0
6803.9			1.0
6804.8			1.0
6805.700000000001			1.0
6806.6			1.0
6807.5			1.0
6808.4			1.0
6809.3			1.0
6810.200000000001			1.0
6811.1			1.0
6812.0			1.0
6812.9			1.0
6813.8			1.0
6814.700000000001			1.0
6815.6			1.0
6816.5			1.0
6817.4			1.0
6818.3			1.0
6819.200000000001			1.0
6820.1			1.0
6821.0			1.0
6821.9			1.0
6822.8			1.0
6823.700000000001			1.0
6824.6			1.0
6825.5			1.0
6826.4			1.0
6827.3			1.0
6828.200000000001			1.0
6829.1			1.0
6830.0			1.0
6830.9			1.0
6831.8			1.0
6832.700000000001			1.0
6833.6			1.0
6834.5			1.0
6835.4			1.0
6836.3			0.9928115526963022
6837.200000000001			0.97991149058372
6838.1			0.9681690022850427
6839.0			0.9459093083086862
6839.9			0.9181820860833472
6840.8			0.9015134213995991
6841.700000000001			0.9064459745977643
6842.6			0.9295100645745402
6843.5			0.9586597171527812
6844.4			0.9852987276776335
6845.3			1.0000098972425946
6846.200000000001			1.0
6847.1			1.0
6848.0			1.0
6848.9			1.0
6849.8			1.0
6850.700000000001			1.0
6851.6			1.0
6852.5			1.0
6853.4			1.0
6854.3			1.0
6855.200000000001			1.0
6856.1			1.0
6857.0			1.0
6857.9			1.0
6858.8			1.0
6859.700000000001			1.0
6860.6			1.0
6861.5			1.0
6862.4			1.0
6863.3			1.0
6864.200000000001			1.0221224419460437
6865.1			0.99600101621762
6866.0			0.9403467289945043
6866.9			0.9043196451178173
6867.8			0.9290002839776114
6868.700000000001			0.9824894927984558
6869.6			0.9997676449300996
6870.5			1.0
6871.4			1.0
6872.3			1.0
6873.200000000001			1.0
6874.1			1.0
6875.0			1.0
6875.9			1.0
6876.8			1.0
6877.700000000001			1.0
6878.6			1.0
6879.5			1.0
6880.4			1.0
6881.3			1.0
6882.200000000001			1.0
6883.1			1.0
6884.0			1.0
6884.9			1.0
6885.8			1.0
6886.700000000001			1.0
6887.6			1.0
6888.5			1.0
6889.4			1.0
6890.3			1.0
6891.200000000001			1.0
6892.1			1.0
6893.0			1.0
6893.9			1.0
6894.8			1.0
6895.700000000001			1.0
6896.6			1.0
6897.5			1.0
6898.4			1.0
6899.3			1.0
6900.200000000001			1.0
6901.1			1.0
6902.0			1.0
6902.9			1.0
6903.8			1.0
6904.700000000001			1.0
6905.6			1.0
6906.5			1.0
6907.4			1.0
6908.3			1.0
6909.200000000001			1.0
6910.1			1.0
6911.0			1.0
6911.9			1.0
6912.8			1.0
6913.700000000001			1.0
6914.6			1.0
6915.5			1.0
6916.4			1.0
6917.3			1.0
6918.200000000001			1.0
6919.1			1.0
6920.0			1.0
6920.9			1.0
6921.8			1.0
6922.700000000001			0.9974552645407598
6923.6			0.9808143676821801
6924.5			0.9449235500204303
6925.4			0.910859086801817
6926.3			0.9107198236003375
6927.200000000001			0.9426101411200682
6928.1			0.9750516671861605
6929.0			0.9962568290168727
6929.9			1.004020094289637
6930.8			1.0
6931.700000000001			1.0
6932.6			1.0
6933.5			1.0
6934.4			1.0
6935.3			1.0
6936.200000000001			1.0
6937.1			0.9967167484213763
6938.0			1.0063138234203788
6938.9			1.0
6939.8			1.0212626632345587
6940.700000000001			1.0357671730745017
6941.6			1.025013130116984
6942.5			0.9850611902289791
6943.4			0.9396896579084265
6944.3			0.9102311523189915
6945.200000000001			0.9052972859288682
6946.1			0.9280954243783878
6947.0			0.9584948554516616
6947.9			0.9769550566564837
6948.8			0.9870524487714389
6949.700000000001			0.9844860005645877
6950.6			0.9634948559491466
6951.5			0.943573890839452
6952.4			0.9327543783569727
6953.3			0.9206779963743701
6954.200000000001			0.9119220593689473
6955.1			0.9266123827395836
6956.0			0.9641124773188677
6956.9			0.9895775462590769
6957.8			0.9878753288009857
6958.700000000001			0.9802319654037001
6959.6			0.9789716873750014
6960.5			0.9820448008535438
6961.4			0.9831489938379218
6962.3			0.9797889302812064
6963.200000000001			0.983791756997889
6964.1			0.9956596998228431
6965.0			0.9882196084676312
6965.9			0.9674800245128016
6966.8			0.9705718616319846
6967.700000000001			0.9974459406581534
6968.6			1.017181223812286
6969.5			1.0054451610821498
6970.4			0.9705470404384969
6971.3			0.9557764522202662
6972.200000000001			0.9820360295362766
6973.1			1.0098539213639577
6974.0			1.0008527993567242
6974.9			0.9703262132161924
6975.8			0.9465542635911169
6976.700000000001			0.9207388813972477
6977.6			0.8689387104120213
6978.5			0.8219165456056814
6979.4			0.8327550561108482
6980.3			0.8871915929710144
6981.200000000001			0.9335961926841216
6982.1			0.9639301015360289
6983.0			0.9853213661581918
6983.9			0.9943430823648857
6984.8			0.9913541026681093
6985.700000000001			0.9879834060399223
6986.6			0.9910015312684048
6987.5			0.9952800606864601
6988.4			0.9878284636263601
6989.3			0.9651914636620735
6990.200000000001			0.953714847786308
6991.1			0.970076334292555
6992.0			0.9999865281958586
6992.9			1.0175719908688055
6993.8			1.0054128574294259
6994.700000000001			0.9834279990537083
6995.6			0.9813747299286754
6996.5			0.9928881873251006
6997.4			0.9997345570241204
6998.3			1.0
6999.200000000001			1.0
7000.1			1.0
7001.0			1.0
7001.9			1.0
7002.8			1.0
7003.700000000001			1.0
7004.6			1.0
7005.5			1.0
7006.4			1.0
7007.3			1.0
7008.200000000001			1.0
7009.1			1.0
7010.0			1.0
7010.9			1.0
7011.8			1.0
7012.700000000001			1.0
7013.6			1.0
7014.5			1.0
7015.4			1.0
7016.3			1.0
7017.200000000001			1.0
7018.1			1.0
7019.0			1.0
7019.9			1.0
7020.8			1.0
7021.700000000001			1.0
7022.6			1.0
7023.5			1.0
7024.4			1.0
7025.3			1.0
7026.200000000001			1.0
7027.1			1.0
7028.0			1.0
7028.9			1.0
7029.8			1.0
7030.700000000001			1.0
7031.6			1.0
7032.5			1.0
7033.4			1.0
7034.3			1.0
7035.200000000001			1.0
7036.1			1.0
7037.0			1.0
7037.9			1.0
7038.8			1.0
7039.700000000001			1.0
7040.6			1.0
7041.5			1.0
7042.4			1.0
7043.3			1.0
7044.200000000001			1.0
7045.1			1.0
7046.0			1.0
7046.9			1.0
7047.8			1.0
7048.700000000001			1.0
7049.6			1.0
7050.5			1.0
7051.4			1.0
7052.3			1.0
7053.200000000001			1.0
7054.1			1.0
7055.0			1.0
7055.9			1.0
7056.8			1.0
7057.700000000001			1.0
7058.6			1.0
7059.5			1.0
7060.4			1.0
7061.3			1.0
7062.200000000001			1.0
7063.1			1.0
7064.0			1.0
7064.9			1.0
7065.8			1.0
7066.700000000001			1.0
7067.6			1.0
7068.5			1.0
7069.4			1.0
7070.3			1.0
7071.200000000001			1.0
7072.1			1.0
7073.0			1.0
7073.9			1.0
7074.8			1.0
7075.700000000001			1.0
7076.6			1.0
7077.5			1.0
7078.4			1.0
7079.3			1.0
7080.200000000001			1.0
7081.1			1.0
7082.0			1.0
7082.9			1.0
7083.8			1.0
7084.700000000001			1.0
7085.6			1.0
7086.5			1.0
7087.4			1.0
7088.3			1.0
7089.200000000001			1.0
7090.1			1.0
7091.0			1.0
7091.9			1.0
7092.8			1.0
7093.700000000001			1.0
7094.6			1.0
7095.5			1.0
7096.4			1.0
7097.3			1.0
7098.200000000001			1.0
7099.1			1.0
7100.0			1.0
7100.9			1.0
7101.8			1.0
7102.700000000001			1.0
7103.6			1.0
7104.5			1.0
7105.4			1.0
7106.3			1.0
7107.200000000001			1.0
7108.1			1.0
7109.0			1.0
7109.9			1.0
7110.8			1.0
7111.700000000001			1.0
7112.6			1.0
7113.5			1.0
7114.4			1.0
7115.3			1.0
7116.200000000001			1.0
7117.1			1.0
7118.0			1.0
7118.9			1.0
7119.8			1.0
7120.700000000001			1.0
7121.6			1.0
7122.5			1.0
7123.4			1.0
7124.3			1.0
7125.200000000001			1.0
7126.1			1.0
7127.0			1.0
7127.9			1.0
7128.8			1.0
7129.700000000001			1.0
7130.6			1.0
7131.5			1.0
7132.4			1.0
7133.3			1.0
7134.200000000001			1.0
7135.1			1.0
7136.0			1.0
7136.9			1.0
7137.8			1.0
7138.700000000001			1.0
7139.6			1.0
7140.5			1.0
7141.4			1.0
7142.3			1.0
7143.200000000001			1.0
7144.1			1.0
7145.0			1.0
7145.9			1.0
7146.8			1.0
7147.700000000001			1.0
7148.6			1.0
7149.5			1.0
7150.4			1.0
7151.3			1.0
7152.200000000001			1.0
7153.1			1.0
7154.0			1.0
7154.9			1.0
7155.8			1.0
7156.700000000001			1.0
7157.6			1.0
7158.5			1.0
7159.4			1.0
7160.3			1.0
7161.200000000001			1.0
7162.1			1.0
7163.0			1.0
7163.9			1.0
7164.8			1.0
7165.700000000001			1.0
7166.6			1.0
7167.5			1.0
7168.4			1.0
7169.3			1.0
7170.200000000001			1.0
7171.1			1.0
7172.0			1.0
7172.9			1.0
7173.8			1.0
7174.700000000001			1.0
7175.6			1.0
7176.5			1.0
7177.4			1.0
7178.3			1.0
7179.200000000001			1.0
7180.1			1.0
7181.0			1.0
7181.9			1.0
7182.8			1.0
7183.700000000001			1.0
7184.6			1.0
7185.5			1.0
7186.4			1.0
7187.3			1.0
7188.200000000001			1.0
7189.1			1.0
7190.0			1.0
7190.9			1.0
7191.8			1.0
7192.700000000001			1.0
7193.6			1.0
7194.5			1.0
7195.4			1.0
7196.3			1.0
7197.200000000001			1.0
7198.1			1.0
7199.0			1.0
7199.9			1.0
7200.8			1.0
7201.700000000001			1.0
7202.6			1.0
7203.5			1.0
7204.4			1.0
7205.3			1.0
7206.200000000001			1.0
7207.1			1.0
7208.0			1.0
7208.9			1.0
7209.8			1.0
7210.700000000001			1.0
7211.6			1.0
7212.5			1.0
7213.4			1.0
7214.3			1.0
7215.200000000001			1.0
7216.1			1.0
7217.0			1.0
7217.9			1.0
7218.8			1.0
7219.700000000001			1.0
7220.6			1.0
7221.5			1.0
7222.4			1.0
7223.3			1.0
7224.200000000001			1.0
7225.1			1.0
7226.0			1.0
7226.9			1.0
7227.8			1.0
7228.700000000001			1.0
7229.6			1.0
7230.5			1.0
7231.4			1.0
7232.3			1.0
7233.200000000001			1.0
7234.1			1.0
7235.0			1.0
7235.9			1.0
7236.8			1.0
7237.700000000001			1.0
7238.6			1.0
7239.5			1.0
7240.4			1.0
7241.3			1.0
7242.200000000001			1.0
7243.1			1.0
7244.0			1.0
7244.9			1.0
7245.8			1.0
7246.700000000001			1.0
7247.6			1.0
7248.5			1.0
7249.4			1.0
7250.3			1.0
7251.200000000001			1.0
7252.1			1.0
7253.0			1.0
7253.9			1.0
7254.8			1.0
7255.700000000001			1.0
7256.6			1.0
7257.5			1.0
7258.4			1.0
7259.3			1.0
7260.200000000001			1.0
7261.1			1.0
7262.0			1.0
7262.9			1.0
7263.8			1.0
7264.700000000001			1.0
7265.6			1.0
7266.5			1.0
7267.4			1.0
7268.3			1.0
7269.200000000001			1.0
7270.1			1.0
7271.0			1.0
7271.9			1.0
7272.8			1.0
7273.700000000001			1.0
7274.6			1.0
7275.5			1.0
7276.4			1.0
7277.3			1.0
7278.200000000001			1.0
7279.1			1.0
7280.0			1.0
7280.9			1.0
7281.8			1.0
7282.700000000001			1.0
7283.6			1.0
7284.5			1.0
7285.4			1.0
7286.3			1.0
7287.200000000001			1.0
7288.1			1.0
7289.0			1.0
7289.9			1.0
7290.8			1.0
7291.700000000001			1.0
7292.6			1.0
7293.5			1.0
7294.4			1.0
7295.3			1.0
7296.200000000001			1.0
7297.1			1.0
7298.0			1.0
7298.9			1.0
7299.8			1.0
7300.700000000001			1.0
7301.6			1.0
7302.5			1.0
7303.4			1.0
7304.3			1.0
7305.200000000001			1.0
7306.1			1.0
7307.0			1.0
7307.9			1.0
7308.8			1.0
7309.700000000001			1.0
7310.6			1.0
7311.5			1.0
7312.4			1.0
7313.3			1.0
7314.200000000001			1.0
7315.1			1.0
7316.0			1.0
7316.9			1.0
7317.8			1.0
7318.700000000001			1.0
7319.6			1.0
7320.5			1.0
7321.4			1.0
7322.3			1.0
7323.200000000001			1.0
7324.1			1.0
7325.0			1.0
7325.9			1.0
7326.8			1.0
7327.700000000001			1.0
7328.6			1.0
7329.5			1.0
7330.4			1.0
7331.3			1.0
7332.200000000001			1.0
7333.1			1.0
7334.0			1.0
7334.9			1.0
7335.8			1.0
7336.700000000001			1.0
7337.6			1.0
7338.5			1.0
7339.4			1.0
7340.3			1.0
7341.200000000001			1.0
7342.1			1.0
7343.0			1.0
7343.9			1.0
7344.8			1.0
7345.700000000001			1.0
7346.6			1.0
7347.5			1.0
7348.4			1.0
7349.3			1.0
7350.200000000001			1.0
7351.1			1.0
7352.0			1.0
7352.9			1.0
7353.8			1.0
7354.700000000001			1.0
7355.6			1.0
7356.5			1.0
7357.4			1.0
7358.3			1.0
7359.200000000001			1.0
7360.1			1.0
7361.0			1.0
7361.9			1.0
7362.8			1.0
7363.700000000001			1.0
7364.6			1.0
7365.5			1.0
7366.4			1.0
7367.3			1.0
7368.200000000001			1.0
7369.1			1.0
7370.0			1.0
7370.9			1.0
7371.8			1.0
7372.700000000001			1.0
7373.6			1.0
7374.5			1.0
7375.4			1.0
7376.3			1.0
7377.200000000001			1.0
7378.1			1.0
7379.0			1.0
7379.9			1.0
7380.8			1.0
7381.700000000001			1.0
7382.6			1.0
7383.5			1.0
7384.4			1.0
7385.3			1.0
7386.200000000001			1.0
7387.1			1.0
7388.0			1.0
7388.9			1.0
7389.8			1.0
7390.700000000001			1.0
7391.6			1.0
7392.5			1.0
7393.4			1.0
7394.3			1.0
7395.200000000001			1.0
7396.1			1.0
7397.0			1.0
7397.9			1.0
7398.8			1.0
7399.700000000001			1.0
7400.6			1.0
7401.5			1.0
7402.4			1.0
7403.3			1.0
7404.200000000001			1.0
7405.1			1.0
7406.0			1.0
7406.9			1.0
7407.8			1.0
7408.700000000001			1.0
7409.6			1.0
7410.5			1.0
7411.4			1.0
7412.3			1.0
7413.200000000001			1.0
7414.1			1.0
7415.0			1.0
7415.9			1.0
7416.8			1.0
7417.700000000001			1.0
7418.6			1.0
7419.5			1.0
7420.4			1.0
7421.3			1.0
7422.200000000001			1.0
7423.1			1.0
7424.0			1.0
7424.9			1.0
7425.8			1.0
7426.700000000001			1.0
7427.6			1.0
7428.5			1.0
7429.4			1.0
