3500.0			1.0
3500.9			1.0
3501.8			1.0
3502.7			1.0
3503.6			1.0
3504.5			1.0
3505.4			1.0
3506.3			1.0
3507.2			1.0
3508.1			1.0
3509.0			1.0
3509.9			1.0
3510.8			1.0
3511.7			1.0
3512.6			1.0
3513.5			1.0
3514.4			1.0
3515.3			1.0
3516.2			1.0
3517.1			1.0
3518.0			1.0
3518.9			1.0
3519.8			1.0
3520.7			1.0
3521.6			1.0
3522.5			1.0
3523.4			1.0
3524.3			1.0
3525.2			1.0
3526.1			1.0
3527.0			1.0
3527.9			1.0
3528.8			1.0
3529.7			1.0
3530.6			1.0
3531.5			1.0
3532.4			1.0
3533.3			1.0
3534.2			1.0
3535.1			1.0
3536.0			1.0
3536.9			1.0
3537.8			1.0
3538.7			1.0
3539.6			1.0
3540.5			1.0
3541.4			1.0
3542.3			1.0
3543.2			1.0
3544.1			1.0
3545.0			1.0
3545.9			1.0
3546.8			1.0
3547.7			1.0
3548.6			1.0
3549.5			1.0
3550.4			1.0
3551.3			1.0
3552.2			1.0
3553.1			1.0
3554.0			1.0
3554.9			1.0
3555.8			1.0
3556.7			1.0
3557.6			1.0
3558.5			1.0
3559.4			1.0
3560.3			1.0
3561.2			1.0
3562.1			1.0
3563.0			1.0
3563.9			1.0
3564.8			1.0
3565.7			1.0
3566.6			1.0
3567.5			1.0
3568.4			1.0
3569.3			1.0
3570.2			1.0
3571.1			1.0
3572.0			1.0
3572.9			1.0
3573.8			1.0
3574.7			1.0
3575.6			1.0
3576.5			1.0
3577.4			1.0
3578.3			1.0
3579.2			1.0
3580.1			1.0
3581.0			1.0
3581.9			1.0
3582.8			1.0
3583.7			1.0
3584.6			1.0
3585.5			1.0
3586.4			1.0
3587.3			1.0
3588.2			1.0
3589.1			1.0
3590.0			1.0
3590.9			1.0
3591.8			1.0
3592.7			1.0
3593.6			1.0
3594.5			1.0
3595.4			1.0
3596.3			1.0
3597.2			1.0
3598.1			1.0
3599.0			1.0
3599.9			1.0
3600.8			1.0
3601.7			1.0
3602.6			1.0
3603.5			1.0
3604.4			1.0
3605.3			1.0
3606.2			1.0
3607.1			1.0
3608.0			1.0
3608.9			1.0
3609.8			1.0
3610.7			1.0
3611.6			1.0
3612.5			1.0
3613.4			1.0
3614.3			1.0
3615.2			1.0
3616.1			1.0
3617.0			1.0
3617.9			1.0
3618.8			1.0
3619.7			1.0
3620.6			1.0
3621.5			1.0
3622.4			1.0
3623.3			1.0
3624.2			1.0
3625.1			1.0
3626.0			1.0
3626.9			1.0
3627.8			1.0
3628.7			1.0
3629.6			1.0
3630.5			1.0
3631.4			1.0
3632.3			1.0
3633.2			1.0
3634.1			1.0
3635.0			1.0
3635.9			1.0
3636.8			1.0
3637.7			1.0
3638.6			1.0
3639.5			1.0
3640.4			1.0
3641.3			1.0
3642.2			1.0
3643.1			1.0
3644.0			1.0
3644.9			1.0
3645.8			1.0
3646.7			1.0
3647.6			1.0
3648.5			1.0
3649.4			1.0
3650.3			1.0
3651.2			1.0
3652.1			1.0
3653.0			1.0
3653.9			1.0
3654.8			1.0
3655.7			1.0
3656.6			1.0
3657.5			1.0
3658.4			1.0
3659.3			1.0
3660.2			1.0
3661.1			1.0
3662.0			1.0
3662.9			1.0
3663.8			1.0
3664.7			1.0
3665.6			1.0
3666.5			1.0
3667.4			1.0
3668.3			1.0
3669.2			1.0
3670.1			1.0
3671.0			1.0
3671.9			1.0
3672.8			1.0
3673.7			1.0
3674.6			1.0
3675.5			1.0
3676.4			1.0
3677.3			1.0
3678.2			1.0
3679.1			1.0
3680.0			1.0
3680.9			1.0
3681.8			1.0
3682.7			1.0
3683.6			1.0
3684.5			1.0
3685.4			1.0
3686.3			1.0
3687.2			1.0
3688.1			1.0
3689.0			1.0
3689.9			1.0
3690.8			1.0
3691.7			1.0
3692.6			1.0
3693.5			1.0
3694.4			1.0
3695.3			1.0
3696.2			1.0
3697.1			1.0
3698.0			1.0
3698.9			1.0
3699.8			1.0
3700.7			1.0
3701.6			1.0
3702.5			1.0
3703.4			1.0
3704.3			1.0
3705.2			1.0
3706.1			1.0
3707.0			1.0
3707.9			1.0
3708.8			1.0
3709.7			1.0
3710.6			1.0
3711.5			1.0
3712.4			1.0
3713.3			1.0
3714.2			1.0
3715.1			1.0
3716.0			1.0
3716.9			1.0
3717.8			1.0
3718.7			1.0
3719.6			1.0
3720.5			1.0
3721.4			1.0
3722.3			1.0
3723.2			1.0
3724.1			1.0
3725.0			1.0
3725.9			1.0
3726.8			1.0
3727.7			1.0
3728.6			1.0
3729.5			1.0
3730.4			1.0
3731.3			1.0
3732.2			1.0
3733.1			1.0
3734.0			1.0
3734.9			1.0
3735.8			1.0
3736.7			1.0
3737.6			1.0
3738.5			1.0
3739.4			1.0
3740.3			1.0
3741.2			1.0
3742.1			1.0
3743.0			1.0
3743.9			1.0
3744.8			1.0
3745.7			1.0
3746.6			1.0
3747.5			1.0
3748.4			1.0
3749.3			1.0
3750.2			1.0
3751.1			1.0
3752.0			1.0
3752.9			1.0
3753.8			1.0
3754.7			1.0
3755.6			1.0
3756.5			1.0
3757.4			1.0
3758.3			1.0
3759.2			1.0
3760.1			1.0
3761.0			1.0
3761.9			1.0
3762.8			1.0
3763.7			1.0
3764.6			1.0
3765.5			1.0
3766.4			1.0
3767.3			1.0
3768.2			1.0
3769.1			1.0
3770.0			1.0
3770.9			1.0
3771.8			1.0
3772.7			1.0
3773.6			1.0
3774.5			1.0
3775.4			1.0
3776.3			1.0
3777.2			1.0
3778.1			1.0
3779.0			1.0
3779.9			1.0
3780.8			1.0
3781.7			1.0
3782.6			1.0
3783.5			1.0
3784.4			1.0
3785.3			1.0
3786.2			1.0
3787.1			1.0
3788.0			1.0
3788.9			1.0
3789.8			1.0
3790.7			1.0
3791.6			1.0
3792.5			1.0
3793.4			1.0
3794.3			1.0
3795.2			1.0
3796.1			1.0
3797.0			1.0
3797.9			1.0
3798.8			1.0
3799.7			1.0
3800.6			1.0
3801.5			1.0
3802.4			1.0
3803.3			1.0
3804.2			1.0
3805.1			1.0
3806.0			1.0
3806.9			1.0
3807.8			1.0
3808.7			1.0
3809.6			1.0
3810.5			1.0
3811.4			1.0
3812.3			1.0
3813.2			1.0
3814.1			1.0
3815.0			1.0
3815.9			1.0
3816.8			1.0
3817.7			1.0
3818.6			1.0
3819.5			1.0
3820.4			1.0
3821.3			1.0
3822.2			1.0
3823.1			1.0
3824.0			1.0
3824.9			1.0
3825.8			1.0
3826.7			1.0
3827.6			1.0
3828.5			1.0
3829.4			1.0
3830.3			1.0
3831.2			1.0
3832.1			1.0
3833.0			1.0
3833.9			1.0
3834.8			1.0
3835.7			1.0
3836.6			1.0
3837.5			1.0
3838.4			1.0
3839.3			1.0
3840.2			1.0
3841.1			1.0
3842.0			1.0
3842.9			1.0
3843.8			1.0
3844.7			1.0
3845.6			1.0
3846.5			1.0
3847.4			1.0
3848.3			1.0
3849.2			1.0
3850.1			1.0
3851.0			1.0
3851.9			1.0
3852.8			1.0
3853.7			1.0
3854.6			1.0
3855.5			1.0
3856.4			1.0
3857.3			1.0
3858.2			1.0
3859.1			1.0
3860.0			1.0
3860.9			1.0
3861.8			1.0
3862.7			1.0
3863.6			1.0
3864.5			1.0
3865.4			1.0
3866.3			1.0
3867.2			1.0
3868.1			1.0
3869.0			1.0
3869.9			1.0
3870.8			1.0
3871.7			1.0
3872.6			1.0
3873.5			1.0
3874.4			1.0
3875.3			1.0
3876.2			1.0
3877.1			1.0
3878.0			1.0
3878.9			1.0
3879.8			1.0
3880.7			1.0
3881.6			1.0
3882.5			1.0
3883.4			1.0
3884.3			1.0
3885.2			1.0
3886.1			1.0
3887.0			1.0
3887.9			1.0
3888.8			1.0
3889.7			1.0
3890.6			1.0
3891.5			1.0
3892.4			1.0
3893.3			1.0
3894.2			1.0
3895.1			1.0
3896.0			1.0
3896.9			1.0
3897.8			1.0
3898.7			1.0
3899.6			1.0
3900.5			1.0
3901.4			1.0
3902.3			1.0
3903.2			1.0
3904.1			1.0
3905.0			1.0
3905.9			1.0
3906.8			1.0
3907.7			1.0
3908.6			1.0
3909.5			1.0
3910.4			1.0
3911.3			1.0
3912.2			1.0
3913.1			1.0
3914.0			1.0
3914.9			1.0
3915.8			1.0
3916.7			1.0
3917.6			1.0
3918.5			1.0
3919.4			1.0
3920.3			1.0
3921.2			1.0
3922.1			1.0
3923.0			1.0
3923.9			1.0
3924.8			1.0
3925.7			1.0
3926.6			1.0
3927.5			1.0
3928.4			1.0
3929.3			1.0
3930.2			1.0
3931.1			1.0
3932.0			1.0
3932.9			1.0
3933.8			1.0
3934.7			1.0
3935.6			1.0
3936.5			1.0
3937.4			1.0
3938.3			1.0
3939.2			1.0
3940.1			1.0
3941.0			1.0
3941.9			1.0
3942.8			1.0
3943.7			1.0
3944.6			1.0
3945.5			1.0
3946.4			1.0
3947.3			1.0
3948.2			1.0
3949.1			1.0
3950.0			1.0
3950.9			1.0
3951.8			1.0
3952.7			1.0
3953.6			1.0
3954.5			1.0
3955.4			1.0
3956.3			1.0
3957.2			1.0
3958.1			1.0
3959.0			1.0
3959.9			1.0
3960.8			1.0
3961.7			1.0
3962.6			1.0
3963.5			1.0
3964.4			1.0
3965.3			1.0
3966.2			1.0
3967.1			1.0
3968.0			1.0
3968.9			1.0
3969.8			1.0
3970.7			1.0
3971.6			1.0
3972.5			1.0
3973.4			1.0
3974.3			1.0
3975.2			1.0
3976.1			1.0
3977.0			1.0
3977.9			1.0
3978.8			1.0
3979.7			1.0
3980.6			1.0
3981.5			1.0
3982.4			1.0
3983.3			1.0
3984.2			1.0
3985.1			1.0
3986.0			1.0
3986.9			1.0
3987.8			1.0
3988.7			1.0
3989.6			1.0
3990.5			1.0
3991.4			1.0
3992.3			1.0
3993.2			1.0
3994.1			1.0
3995.0			1.0
3995.9			1.0
3996.8			1.0
3997.7			1.0
3998.6			1.0
3999.5			1.0
4000.4			1.0
4001.3			1.0
4002.2			1.0
4003.1			1.0239476595866162
4004.0			0.9391508938592874
4004.9			0.7862746876792273
4005.8			0.7271454127237066
4006.7			0.8078829798337103
4007.6			0.9243155872747816
4008.5			0.9995222802443553
4009.4			1.0
4010.3			1.0
4011.2			1.0
4012.1			1.0
4013.0			1.0
4013.9			1.0
4014.8			1.0
4015.7			1.0
4016.6			1.0
4017.5			1.0
4018.4			1.0
4019.3			1.0
4020.2			1.0
4021.1			1.0
4022.0			1.0
4022.9			1.0
4023.8			1.0
4024.7			1.0
4025.6			1.0
4026.5			1.0
4027.4			1.0697871232440712
4028.3			1.1068478302368372
4029.2			1.0374645889282743
4030.1			0.8726358960569647
4031.0			0.7386575332236249
4031.9			0.6882144430449486
4032.8			0.673047123327961
4033.7			0.6829854080982085
4034.6			0.7368984049498999
4035.5			0.8268001681057984
4036.4			0.9232878698897066
4037.3			0.988714184666314
4038.2			0.9946980475288494
4039.1			1.0
4040.0			1.0
4040.9			1.0
4041.8			1.0363747981010634
4042.7			1.0290665614125523
4043.6			0.8960167119214724
4044.5			0.6821028409897693
4045.4			0.5365777065735259
4046.3			0.579952606956325
4047.2			0.7638900240794466
4048.1			0.9260559828113373
4049.0			0.9956682506511846
4049.9			1.0
4050.8			1.0
4051.7			1.0
4052.6			1.0
4053.5			1.0
4054.4			1.0
4055.3			1.0
4056.2			1.0
4057.1			1.0
4058.0			1.0
4058.9			1.0
4059.8			1.0
4060.7			1.0966130800667178
4061.6			1.0496856502354055
4062.5			0.8554292310728133
4063.4			0.6910073202317935
4064.3			0.7339053346218795
4065.2			0.9021644262506155
4066.1			0.9931908689114964
4067.0			1.0
4067.9			1.0
4068.8			1.0
4069.7			1.0
4070.6			1.0
4071.5			1.0
4072.4			1.0
4073.3			1.0
4074.2			1.0696571245067723
4075.1			0.9891763768499523
4076.0			0.8267458243665785
4076.9			0.7067633384684006
4077.8			0.7164022735767307
4078.7			0.8408531169285469
4079.6			1.0012140524628474
4080.5			1.0
4081.4			1.0
4082.3			1.0
4083.2			1.0
4084.1			1.0
4085.0			1.0
4085.9			1.0
4086.8			1.0
4087.7			1.0
4088.6			1.0
4089.5			1.0
4090.4			1.0
4091.3			1.0
4092.2			1.0
4093.1			1.0
4094.0			1.0
4094.9			1.0
4095.8			1.0
4096.7			1.0
4097.6			1.0388605185920459
4098.5			1.078301811779609
4099.4			1.0306481981522138
4100.3			0.8977756069094383
4101.2			0.7963065911036644
4102.1			0.8229246858572011
4103.0			0.9101895413849123
4103.9			0.9648157124374429
4104.8			1.0071996609005198
4105.7			1.0
4106.6			1.0
4107.5			1.0
4108.4			1.0
4109.3			1.0
4110.2			1.0
4111.1			1.0
4112.0			1.0
4112.9			1.0
4113.8			1.0
4114.7			1.0
4115.6			1.0
4116.5			1.0
4117.4			1.0
4118.3			1.0
4119.2			1.0
4120.1			1.0
4121.0			1.0
4121.9			1.0
4122.8			1.0
4123.7			1.0
4124.6			1.0
4125.5			1.0
4126.4			1.0
4127.3			1.0
4128.2			0.929989898347821
4129.1			0.8861014308172984
4130.0			0.8661976652579096
4130.9			0.8377538789834444
4131.8			0.7830817595378723
4132.7			0.7374780106381797
4133.6			0.734732037374859
4134.5			0.7942663827744254
4135.4			0.8993863769867505
4136.3			0.9685902414835678
4137.2			0.9810258502391545
4138.1			1.0
4139.0			1.0215720753980893
4139.9			1.0224039669352434
4140.8			0.9719523639855606
4141.7			0.8263284113107306
4142.6			0.6322640742811043
4143.5			0.5430874956951055
4144.4			0.633514435851666
4145.3			0.8049257148718001
4146.2			0.9366269448309622
4147.1			1.0017574638173985
4148.0			1.0033403107169756
4148.9			1.0
4149.8			1.0
4150.7			1.0
4151.6			1.0
4152.5			1.0
4153.4			1.0
4154.3			1.0
4155.2			1.0
4156.1			1.0
4157.0			1.0
4157.9			1.0
4158.8			1.0
4159.7			1.0
4160.6			1.0
4161.5			1.0
4162.4			1.0
4163.3			1.0
4164.2			1.0
4165.1			1.0
4166.0			1.0
4166.9			1.0
4167.8			1.0
4168.7			1.0285611263024796
4169.6			1.08658765365729
4170.5			1.096488656315378
4171.4			0.9851559599297034
4172.3			0.8328673547367584
4173.2			0.7894850382989208
4174.1			0.8637180918087207
4175.0			0.9611385070132642
4175.9			1.0186670654290901
4176.8			1.0171731572946074
4177.7			1.0035307258591764
4178.6			1.0
4179.5			1.0
4180.4			1.0
4181.3			1.0
4182.2			1.0
4183.1			1.0
4184.0			1.0
4184.9			1.0
4185.8			1.0
4186.7			1.0
4187.6			1.0
4188.5			1.0381569633498315
4189.4			1.0607025639842913
4190.3			1.0095891289905368
4191.2			0.9708655452800729
4192.1			1.0314907692595
4193.0			1.120126152442894
4193.9			1.1180256609591552
4194.8			1.0183241782220658
4195.7			0.903797301848788
4196.6			0.8335647455117983
4197.5			0.7974744367467578
4198.4			0.7803105098097032
4199.3			0.800384215881107
4200.2			0.81631038439419
4201.1			0.7815370977541023
4202.0			0.7580113394451566
4202.9			0.7994620467003835
4203.8			0.837440552358375
4204.7			0.8422763958463401
4205.6			0.8676851091890502
4206.5			0.9202590843961507
4207.4			0.9728574082761738
4208.3			0.9945636197626092
4209.2			1.0
4210.1			1.0
4211.0			1.0
4211.9			1.0
4212.8			0.9667137044437539
4213.7			0.8827692087295431
4214.6			0.7658009542500246
4215.5			0.7014568057949571
4216.4			0.7721433784147282
4217.3			0.9049251126081436
4218.2			0.9795788124792526
4219.1			1.0
4220.0			1.0
4220.9			1.0
4221.8			0.959823511779438
4222.7			0.8658527622827021
4223.6			0.7605547102773612
4224.5			0.6311518353640353
4225.4			0.4597239255643704
4226.3			0.3202752070325026
4227.2			0.34601323951788915
4228.1			0.5536457262988127
4229.0			0.7869793250562013
4229.9			0.9331300673509391
4230.8			1.0106590107740874
4231.7			1.0
4232.6			1.0
4233.5			1.0
4234.4			1.0
4235.3			1.0
4236.2			1.0
4237.1			1.0
4238.0			1.0
4238.9			1.0
4239.8			1.0
4240.7			1.0
4241.6			1.0
4242.5			1.0
4243.4			1.041868128841328
4244.3			1.1143716987850834
4245.2			1.1344141708225632
4246.1			1.0695865232148547
4247.0			0.9732466463704551
4247.9			0.9064611187866939
4248.8			0.8654861755618974
4249.7			0.8144315009921914
4250.6			0.7883366279661893
4251.5			0.8360160099788978
4252.4			0.8943872428130398
4253.3			0.8701605119641884
4254.2			0.7992128028560165
4255.1			0.7975620969971848
4256.0			1.0
4256.9			1.0905835384777867
4257.8			1.0558803415389841
4258.7			0.9215954163678857
4259.6			0.7874223790270906
4260.5			0.7250893714204326
4261.4			0.7664161097593435
4262.3			0.8728150810279371
4263.2			0.9612898590477591
4264.1			0.9897046126441972
4265.0			1.0
4265.9			1.0
4266.8			0.9623893494445814
4267.7			0.9000752656977783
4268.6			0.8589766571415409
4269.5			0.8105547795206282
4270.4			0.6989793441598157
4271.3			0.5769213337545825
4272.2			0.5642320813943915
4273.1			0.6304729147067111
4274.0			0.6582701341250188
4274.9			0.6796929958495891
4275.8			0.7750581298287732
4276.7			0.9050502316514576
4277.6			0.9987188611200187
4278.5			1.0
4279.4			1.0
4280.3			1.0
4281.2			1.0
4282.1			1.0
4283.0			1.0
4283.9			1.0
4284.8			1.0
4285.7			1.0
4286.6			1.0
4287.5			1.0152947772932808
4288.4			0.9322697969757321
4289.3			0.7860631979716497
4290.2			0.7228748282473111
4291.1			0.7866794503455787
4292.0			0.9152855761518143
4292.9			1.0
4293.8			0.9791416551968594
4294.7			0.9406219169438963
4295.6			0.9438180354345942
4296.5			0.9324371293293934
4297.4			0.8691110218303933
4298.3			0.7503797654264205
4299.2			0.6213254374835595
4300.1			0.5811905374871729
4301.0			0.6359343686736277
4301.9			0.6792470364059107
4302.8			0.6840789715530374
4303.7			0.699077548545287
4304.6			0.7026555569920285
4305.5			0.6690846174336653
4306.4			0.6171593978832283
4307.3			0.5460604274684269
4308.2			0.49649887728428616
4309.1			0.5148607089213575
4310.0			0.5854821011079991
4310.9			0.6701257686781817
4311.8			0.7414982296776175
4312.7			0.7969546227483515
4313.6			0.8296796718992665
4314.5			0.8838689266932295
4315.4			1.0476715356039534
4316.3			1.2382603910650483
4317.2			1.3177405086399352
4318.1			1.3004739562443124
4319.0			1.2582590248895136
4319.9			1.196730266683959
4320.8			1.0
4321.7			0.9560821142423863
4322.6			0.8887559861617617
4323.5			0.7639223736367303
4324.4			0.6226766523242323
4325.3			0.5244543455940315
4326.2			0.5636443469231055
4327.1			0.7501892150793111
4328.0			0.9403425099578272
4328.9			1.0028253353983854
4329.8			1.0
4330.7			1.0
4331.6			1.0
4332.5			1.0
4333.4			1.0
4334.3			1.0
4335.2			1.0
4336.1			0.9715974811021266
4337.0			0.8408239643834635
4337.9			0.7289155832272438
4338.8			0.6858455804531787
4339.7			0.6512628185335837
4340.6			0.6549682860700701
4341.5			0.7610532312639773
4342.4			0.8874764240545211
4343.3			0.9320772259559744
4344.2			0.9500362416667506
4345.1			0.9968181576094316
4346.0			1.0
4346.9			1.0
4347.8			1.0
4348.7			1.0849717436557837
4349.6			1.098093778750497
4350.5			0.9599357417937014
4351.4			0.7871324416664028
4352.3			0.7489057867113473
4353.2			0.8403516397354976
4354.1			0.9249375104944488
4355.0			0.9572675736294436
4355.9			1.0024192916975294
4356.8			1.0
4357.7			1.0
4358.6			1.0
4359.5			1.0
4360.4			1.0
4361.3			1.0
4362.2			1.0
4363.1			1.0
4364.0			1.0
4364.9			1.0
4365.8			1.0
4366.7			1.0
4367.6			1.0
4368.5			1.0
4369.4			1.0
4370.3			1.0
4371.2			1.0
4372.1			0.9879441198744657
4373.0			0.9252260442612147
4373.9			0.8241900672668926
4374.8			0.7586348972123622
4375.7			0.7920116082459795
4376.6			0.9021195698143968
4377.5			1.0023343248927288
4378.4			1.0
4379.3			1.0
4380.2			0.9769129980532419
4381.1			0.9488899200217046
4382.0			0.828794764964483
4382.9			0.6177180123153319
4383.8			0.48467523520230926
4384.7			0.5621705738073457
4385.6			0.7790502479934479
4386.5			0.95179530866287
4387.4			1.0021163329021716
4388.3			1.0
4389.2			1.0
4390.1			1.0
4391.0			1.0
4391.9			1.0
4392.8			1.0
4393.7			1.0
4394.6			1.0
4395.5			1.0
4396.4			1.0
4397.3			1.0
4398.2			1.0
4399.1			1.0
4400.0			0.90529879155826
4400.9			0.8976011930276604
4401.8			0.9890004201578345
4402.7			1.0088658759966393
4403.6			0.8544827629403788
4404.5			0.6802616466534522
4405.4			0.674532496368151
4406.3			0.772553445731836
4407.2			0.8012568395818593
4408.1			0.7648681293528441
4409.0			0.7960890784351651
4409.9			0.9106366641001953
4410.8			1.000239179985626
4411.7			1.0
4412.6			1.0242097017147616
4413.5			0.9881478757019319
4414.4			0.8681580695257285
4415.3			0.7916273075962664
4416.2			0.8288698261009004
4417.1			0.9084048590829228
4418.0			0.9953987808579089
4418.9			1.0
4419.8			1.0
4420.7			1.0
4421.6			1.0
4422.5			1.0
4423.4			1.0
4424.3			1.0
4425.2			1.0
4426.1			1.0
4427.0			1.0
4427.9			1.0
4428.8			1.0
4429.7			1.0
4430.6			1.0
4431.5			1.0
4432.4			1.0324541724923204
4433.3			0.963386899048402
4434.2			0.8473984411918934
4435.1			0.7733842813574939
4436.0			0.8053933154403634
4436.9			0.9105658017028277
4437.8			1.0028809896144142
4438.7			1.0
4439.6			1.0
4440.5			1.0
4441.4			1.0
4442.3			1.0
4443.2			1.0
4444.1			1.0
4445.0			1.0
4445.9			1.0
4446.8			1.0
4447.7			1.0
4448.6			1.0
4449.5			1.0
4450.4			1.0
4451.3			1.0
4452.2			1.0187326841347588
4453.1			0.9896568361022814
4454.0			0.922997587439294
4454.9			0.8658176743836562
4455.8			0.8738373165285859
4456.7			0.9160584379664037
4457.6			0.9262889419226844
4458.5			0.9007803941025472
4459.4			0.8753472492753467
4460.3			0.8523561875184972
4461.2			0.8121065599309587
4462.1			0.8199724812055068
4463.0			0.9224752526983987
4463.9			1.021537785173245
4464.8			1.0407676598210007
4465.7			1.0335709597227711
4466.6			1.040469564694047
4467.5			1.0411536703827082
4468.4			1.0078997968198784
4469.3			0.9791581060567648
4470.2			0.9981772093681032
4471.1			1.0
4472.0			1.0
4472.9			1.0
4473.8			1.0
4474.7			1.0
4475.6			1.0
4476.5			1.0
4477.4			1.0
4478.3			0.9749889257082675
4479.2			0.8969094916439072
4480.1			0.8216283753909482
4481.0			0.7839616415891725
4481.9			0.784582539458133
4482.8			0.8335533159924287
4483.7			0.908599907323585
4484.6			0.96725321697342
4485.5			0.9996714350813304
4486.4			1.0
4487.3			1.0
4488.2			1.0
4489.1			1.0
4490.0			1.0
4490.9			1.0
4491.8			1.0618591343903407
4492.7			1.0599168882385333
4493.6			0.9808807815361279
4494.5			0.8847859782819474
4495.4			0.8349457684571409
4496.3			0.8417258779607794
4497.2			0.8989709320649448
4498.1			0.969535971595054
4499.0			1.0050615091219868
4499.9			1.0
4500.8			1.0
4501.7			1.0
4502.6			1.0
4503.5			1.0
4504.4			1.0
4505.3			1.0
4506.2			1.0
4507.1			1.0
4508.0			1.0
4508.9			1.0
4509.8			1.0
4510.7			1.0
4511.6			1.0
4512.5			1.0
4513.4			1.0
4514.3			1.0
4515.2			1.0041684141721043
4516.1			1.0098633313695664
4517.0			0.9712276691004562
4517.9			0.9164809383956962
4518.8			0.9141501765274458
4519.7			0.9652420232572136
4520.6			1.0
4521.5			0.9892835540653183
4522.4			0.9212448466939224
4523.3			0.8858757771201501
4524.2			0.8937043343725597
4525.1			0.8808525894230247
4526.0			0.8326676799808959
4526.9			0.7817850105002144
4527.8			0.7517730384173996
4528.7			0.753534531799012
4529.6			0.7793949015212539
4530.5			0.8119111324218092
4531.4			0.8619494888828583
4532.3			0.9018124655612298
4533.2			0.879870019227239
4534.1			0.8145712459599457
4535.0			0.7709027151874307
4535.9			0.8258077447658966
4536.8			0.958861130840429
4537.7			1.0488776910800899
4538.6			1.046652030254979
4539.5			0.9929515713662949
4540.4			0.943320812838345
4541.3			0.9459491663279889
4542.2			0.9966956684683197
4543.1			1.0236131136191973
4544.0			0.9886907675955656
4544.9			0.9542262584309648
4545.8			0.9736876609960977
4546.7			1.0154259855361862
4547.6			1.0302290602750108
4548.5			1.0010953187977918
4549.4			1.0
4550.3			1.0
4551.2			1.0177279450380192
4552.1			0.9834316034062707
4553.0			0.9346417188367937
4553.9			0.8948449557352199
4554.8			0.873527084138762
4555.7			0.8981745410139481
4556.6			0.9585960946513632
4557.5			0.9992874530752258
4558.4			0.999341522825527
4559.3			1.0
4560.2			1.0
4561.1			0.9965880211458858
4562.0			0.9850255453336739
4562.9			0.9349116513931871
4563.8			0.875885271665155
4564.7			0.8406746262855879
4565.6			0.8539412731979379
4566.5			0.9188685044584708
4567.4			0.9805446880547409
4568.3			0.9957283619895717
4569.2			1.0
4570.1			1.0
4571.0			1.0
4571.9			0.9833819935141285
4572.8			1.068442849684751
4573.7			1.119048229892079
4574.6			1.0928424097192015
4575.5			1.0676252516296376
4576.4			1.0662066589712438
4577.3			1.05548142717723
4578.2			1.0092296442991633
4579.1			0.9351956926121355
4580.0			0.8766778808289724
4580.9			0.8785920357184098
4581.8			0.9259636227337066
4582.7			0.9538428143545339
4583.6			0.9475097353178003
4584.5			1.0
4585.4			0.9769650669049389
4586.3			0.9719103573659797
4587.2			1.0213524637113045
4588.1			1.0810371486988186
4589.0			1.1061419764863625
4589.9			1.09054059641996
4590.8			1.0406586959700306
4591.7			0.9873024131910623
4592.6			0.9631879755253587
4593.5			0.9493665335552098
4594.4			0.9338296586186463
4595.3			0.9328538078384068
4596.2			0.9467921256592098
4597.1			0.9547387252941755
4598.0			0.9676594138795769
4598.9			0.9761309664860892
4599.8			0.9410435955625709
4600.7			0.9133139954101841
4601.6			0.9340154360224475
4602.5			0.9558139689940393
4603.4			0.9635134428758798
4604.3			0.9583760308134381
4605.2			0.9419970186061002
4606.1			0.9443011679084801
4607.0			0.9845445112764811
4607.9			1.0492687693375868
4608.8			1.0878015360406454
4609.7			1.0767189046217933
4610.6			1.035413791249846
4611.5			1.0051641250165857
4612.4			0.9860247248670334
4613.3			0.9699603650304413
4614.2			0.9866988479307272
4615.1			1.0036806970765741
4616.0			0.9983491176557538
4616.9			1.0
4617.8			1.0
4618.7			1.0
4619.6			1.0
4620.5			1.0
4621.4			1.0
4622.3			1.0
4623.2			1.0
4624.1			1.0
4625.0			1.0
4625.9			1.0
4626.8			1.0
4627.7			1.0
4628.6			1.0
4629.5			1.0
4630.4			1.0
4631.3			1.0
4632.2			1.0
4633.1			1.0
4634.0			1.0
4634.9			1.0
4635.8			1.0
4636.7			1.0
4637.6			1.0
4638.5			1.0
4639.4			1.0
4640.3			1.0
4641.2			1.0
4642.1			1.044318380040564
4643.0			1.038946661231465
4643.9			1.0159670329378687
4644.8			0.9704754958276555
4645.7			0.8945451048342562
4646.6			0.843368710320027
4647.5			0.8550217626828333
4648.4			0.9025690316553511
4649.3			0.9496712170968006
4650.2			0.9824872815111733
4651.1			0.9999336081262841
4652.0			1.0
4652.9			1.0
4653.8			1.0
4654.7			1.0
4655.6			1.0
4656.5			1.0
4657.4			1.0
4658.3			1.0
4659.2			1.0
4660.1			1.0
4661.0			1.0
4661.9			1.0
4662.8			0.9510803102273544
4663.7			0.94138088631979
4664.6			0.957349739970607
4665.5			0.9329505810071307
4666.4			0.8452883159947143
4667.3			0.7678187922558105
4668.2			0.7725025281993618
4669.1			0.8375028615110016
4670.0			0.9124136888025588
4670.9			0.9754990952301104
4671.8			1.0000857735143303
4672.7			1.0
4673.6			1.0
4674.5			1.0
4675.4			1.0
4676.3			1.0
4677.2			1.0
4678.1			0.9708857473725113
4679.0			0.9348218356464701
4679.9			0.8979966907038339
4680.8			0.8690583790945181
4681.7			0.8726705365180634
4682.6			0.9221550007950426
4683.5			0.9815631573077371
4684.4			1.0047981186042172
4685.3			0.9997904579550198
4686.2			1.0
4687.1			1.0
4688.0			1.0
4688.9			1.0
4689.8			1.0
4690.7			1.0
4691.6			1.0
4692.5			1.0
4693.4			1.0
4694.3			1.0
4695.2			1.0
4696.1			1.014263208268838
4697.0			0.9758008640116058
4697.9			0.897528472770654
4698.8			0.8503223299206746
4699.7			0.8698495739840065
4700.6			0.8973157665700651
4701.5			0.8956191075625138
4702.4			0.8781735146301908
4703.3			0.8752425518684865
4704.2			0.9007088498603065
4705.1			0.9242193120933968
4706.0			0.9175329158728942
4706.9			0.8893746835888674
4707.8			0.8613518551566481
4708.7			0.840065234762013
4709.6			0.8458393558497189
4710.5			0.8994051052450049
4711.4			0.9574041135938793
4712.3			0.9695542184941167
4713.2			0.9372273487969037
4714.1			0.8898732825773846
4715.0			0.8815152310060824
4715.9			0.9293681850959686
4716.8			0.9768729380442078
4717.7			0.9907407287460533
4718.6			0.9990336619135884
4719.5			1.0138471409383705
4720.4			1.0188415509455484
4721.3			1.0
4722.2			0.973885950536811
4723.1			0.9777345739492135
4724.0			1.0180456397824844
4724.9			1.0493544097439065
4725.8			1.0229767922653106
4726.7			0.9351897766000553
4727.6			0.8499176393290668
4728.5			0.8308087649324747
4729.4			0.8597247436847067
4730.3			0.8868757393854566
4731.2			0.9056632315396398
4732.1			0.9283116202260339
4733.0			0.946477450779952
4733.9			0.9703693264559765
4734.8			0.9999628310404424
4735.7			1.0
4736.6			1.0
4737.5			1.0
4738.4			1.0
4739.3			1.0
4740.2			1.0
4741.1			1.0
4742.0			1.0
4742.9			1.0
4743.8			1.0
4744.7			1.0
4745.6			1.0
4746.5			1.0
4747.4			1.0
4748.3			1.0
4749.2			1.0
4750.1			1.0
4751.0			1.0
4751.9			1.0
4752.8			1.0
4753.7			1.0
4754.6			1.0
4755.5			1.0
4756.4			1.0
4757.3			1.0
4758.2			1.0
4759.1			1.0261618525417446
4760.0			1.0598401628300942
4760.9			1.0486861488994208
4761.8			0.9990192368087936
4762.7			0.9685673940124266
4763.6			0.9649349861150844
4764.5			0.9573554260930638
4765.4			0.9378565916484322
4766.3			0.937845550294123
4767.2			0.9682771020304065
4768.1			1.0081621274431958
4769.0			1.0485946278943996
4769.9			1.0645281483125046
4770.8			1.0343395887268019
4771.7			0.9995871487206213
4772.6			1.0
4773.5			1.0
4774.4			1.0
4775.3			1.0
4776.2			1.0
4777.1			1.0
4778.0			1.0
4778.9			0.9893390123365972
4779.8			0.9772893905943633
4780.7			0.9674092862260777
4781.6			0.951384302515999
4782.5			0.929427988651363
4783.4			0.9258958580549279
4784.3			0.9525396809562816
4785.2			0.9581550554680165
4786.1			0.9302070601233613
4787.0			0.9291539297010107
4787.9			0.9446757952855536
4788.8			0.9342746620912576
4789.7			0.9306724491709817
4790.6			0.9517820757346896
4791.5			0.9766635893696652
4792.4			1.007606498903893
4793.3			1.0535730015113953
4794.2			1.0934494995663206
4795.1			1.0
4796.0			0.9746072289852237
4796.9			0.9452807126472885
4797.8			0.9108025805820044
4798.7			0.8776219492101104
4799.6			0.8702023336661737
4800.5			0.9016358309576644
4801.4			0.9542894293482173
4802.3			0.9926100641467555
4803.2			1.0001585205820367
4804.1			1.0
4805.0			1.0
4805.9			1.0
4806.8			1.0
4807.7			1.0
4808.6			1.0
4809.5			1.0
4810.4			1.0
4811.3			1.0
4812.2			1.0
4813.1			1.0
4814.0			1.0
4814.9			1.0
4815.8			1.0
4816.7			1.0
4817.6			1.0
4818.5			1.0
4819.4			1.0
4820.3			1.0
4821.2			1.0
4822.1			1.0
4823.0			1.0
4823.9			1.0
4824.8			1.0
4825.7			1.0
4826.6			1.0
4827.5			1.0
4828.4			1.0
4829.3			1.005515464099559
4830.2			1.0043124895501698
4831.1			0.9559326746150891
4832.0			0.915147827507711
4832.9			0.9419805116214304
4833.8			0.9894318405490105
4834.7			0.9989437032421853
4835.6			1.0
4836.5			1.0
4837.4			1.0
4838.3			1.0
4839.2			1.0
4840.1			1.0
4841.0			1.0
4841.9			1.0
4842.8			1.0
4843.7			1.0
4844.6			1.0
4845.5			1.0
4846.4			1.0
4847.3			1.0
4848.2			1.0
4849.1			1.0
4850.0			1.0
4850.9			1.0
4851.8			1.0
4852.7			1.0
4853.6			1.0
4854.5			1.0
4855.4			1.0
4856.3			1.0
4857.2			1.0693953696192369
4858.1			1.0710013201239579
4859.0			1.0055724033968947
4859.9			0.891025409069923
4860.8			0.7795039305613651
4861.7			0.8020515502079321
4862.6			0.9233143355684021
4863.5			0.9841086700114157
4864.4			1.0012770772243424
4865.3			1.0
4866.2			1.0
4867.1			1.0
4868.0			1.0
4868.9			1.0
4869.8			0.9849079918038411
4870.7			0.9200669941224003
4871.6			0.890735805213947
4872.5			0.9382229202605956
4873.4			0.9950402432438383
4874.3			1.0
4875.2			1.0
4876.1			1.0
4877.0			1.0
4877.9			1.0
4878.8			1.0
4879.7			1.0
4880.6			1.0
4881.5			1.0
4882.4			1.0
4883.3			1.0312148588906582
4884.2			0.9969915454617655
4885.1			0.9300608586201041
4886.0			0.9002543042816727
4886.9			0.9137989705775408
4887.8			0.9282590978184166
4888.7			0.9204163660533362
4889.6			0.8896075914562507
4890.5			0.8334407387893542
4891.4			0.832218953577443
4892.3			0.9066122165289968
4893.2			0.9739265049010422
4894.1			1.013446474332532
4895.0			1.0341141582191833
4895.9			1.0294117095962136
4896.8			1.0173845270104886
4897.7			1.0019732925520555
4898.6			1.0
4899.5			1.0
4900.4			1.0
4901.3			1.0
4902.2			1.0
4903.1			1.0
4904.0			1.0
4904.9			1.0
4905.8			1.043625597821526
4906.7			1.037586007761335
4907.6			0.9918025124322815
4908.5			0.9402561136468303
4909.4			0.898177105945074
4910.3			0.8800213508249776
4911.2			0.8946112638745172
4912.1			0.925570383268859
4913.0			0.9477074146758294
4913.9			0.9675289074694325
4914.8			1.0
4915.7			1.0346197396124701
4916.6			1.0291790844794473
4917.5			0.9756071930898281
4918.4			0.892896852939289
4919.3			0.8246733673551244
4920.2			0.808473060261824
4921.1			0.8721790540802984
4922.0			0.9754132828207713
4922.9			1.0359691425811928
4923.8			1.0266585508285682
4924.7			1.0107828702247792
4925.6			1.0
4926.5			1.0
4927.4			1.0
4928.3			1.0
4929.2			1.0
4930.1			1.0
4931.0			1.0
4931.9			1.0
4932.8			1.0
4933.7			1.0
4934.6			1.0292087660769478
4935.5			1.0625201045006605
4936.4			1.0248494010831084
4937.3			0.9360399325091924
4938.2			0.8620201373231952
4939.1			0.8605851168833084
4940.0			0.9250893644997102
4940.9			0.9811691691096344
4941.8			0.9902090747760735
4942.7			1.0
4943.6			1.0
4944.5			1.0
4945.4			1.0
4946.3			1.0
4947.2			1.0
4948.1			1.0
4949.0			1.0
4949.9			1.0
4950.8			1.0
4951.7			1.0
4952.6			1.0
4953.5			1.0
4954.4			1.0
4955.3			1.0
4956.2			0.9201375579105459
4957.1			0.8145547823345615
4958.0			0.81303888840747
4958.9			0.9154439102377446
4959.8			1.000835795616359
4960.7			1.0
4961.6			1.0
4962.5			1.0
4963.4			1.0
4964.3			1.0
4965.2			1.0
4966.1			1.0
4967.0			1.0
4967.9			1.0
4968.8			1.0
4969.7			1.0
4970.6			1.0
4971.5			1.0
4972.4			1.0
4973.3			1.0
4974.2			1.0
4975.1			1.0
4976.0			1.0
4976.9			1.0
4977.8			0.9679992397631404
4978.7			0.9565956310180831
4979.6			0.9698670920980057
4980.5			0.9595909032016323
4981.4			0.9073167450940747
4982.3			0.8608727094366896
4983.2			0.8649430366262405
4984.1			0.8992942221366316
4985.0			0.9273527018320065
4985.9			0.9568041109289006
4986.8			0.9997286905269274
4987.7			1.0
4988.6			1.0
4989.5			1.0
4990.4			1.0
4991.3			1.0
4992.2			1.0
4993.1			1.0
4994.0			1.0
4994.9			1.0
4995.8			1.0
4996.7			1.0
4997.6			1.0
4998.5			1.0
4999.4			1.0
5000.3			1.0
5001.2			1.0
5002.1			1.0
5003.0			1.0
5003.9			1.0
5004.8			1.0
5005.7			0.9633263612572568
5006.6			0.9785989830150164
5007.5			1.0450309019234314
5008.4			1.0983644917551183
5009.3			1.1004595344455403
5010.2			1.0787084810910847
5011.1			1.0401328628164481
5012.0			0.9790306312099841
5012.9			0.9246122443313881
5013.8			0.903415360134095
5014.7			0.9382306573345527
5015.6			1.0026848377627653
5016.5			1.035535887499716
5017.4			1.0327835380312107
5018.3			1.03584313164873
5019.2			1.0556754169435143
5020.1			1.0607520574063831
5021.0			1.0338470819526984
5021.9			1.0005422223563125
5022.8			1.0
5023.7			1.0
5024.6			1.0
5025.5			1.0
5026.4			1.0
5027.3			1.0
5028.2			1.0
5029.1			1.0
5030.0			1.0
5030.9			1.0
5031.8			1.0
5032.7			1.0
5033.6			1.0
5034.5			1.0
5035.4			1.0
5036.3			1.0
5037.2			1.0219263141266133
5038.1			1.0063910562076075
5039.0			0.9236895130283986
5039.9			0.8129759294172358
5040.8			0.7459465447331562
5041.7			0.7907395054141597
5042.6			0.8977569538820639
5043.5			1.0
5044.4			1.0403301524515487
5045.3			1.0774217195373164
5046.2			1.0894321057869794
5047.1			1.0446079282351581
5048.0			0.961624839232264
5048.9			0.9012938078992522
5049.8			0.8900375444151679
5050.7			0.896439642212411
5051.6			0.9018423189962341
5052.5			0.9222095170637747
5053.4			0.9552697007747321
5054.3			0.9832132341676597
5055.2			0.994527618076337
5056.1			1.0
5057.0			1.0
5057.9			1.0
5058.8			1.0
5059.7			1.0
5060.6			1.0
5061.5			1.0
5062.4			1.0061258990519484
5063.3			0.9646768901075089
5064.2			0.9000492588454031
5065.1			0.8927400767431686
5066.0			0.9558351487114649
5066.9			1.0079444857717783
5067.8			1.0199656572341025
5068.7			1.0
5069.6			1.0
5070.5			1.0
5071.4			1.0
5072.3			1.0
5073.2			1.0
5074.1			1.0
5075.0			0.9874215559712065
5075.9			0.9715659620422474
5076.8			0.9877125106181376
5077.7			0.9847928606496588
5078.6			0.909526211933626
5079.5			0.8261468787621736
5080.4			0.8235194466083114
5081.3			0.8740169662314546
5082.2			0.9052020955975139
5083.1			0.9136057758236802
5084.0			0.9352706818911708
5084.9			0.9707848132773187
5085.8			0.9976069607321102
5086.7			1.0
5087.6			1.0
5088.5			1.0
5089.4			1.0
5090.3			1.0
5091.2			1.0
5092.1			1.0
5093.0			1.0
5093.9			1.0
5094.8			1.0
5095.7			0.9737449271840811
5096.6			0.9565424440774758
5097.5			0.9262032608567854
5098.4			0.8817721109045243
5099.3			0.8788611595915586
5100.2			0.9372347328622986
5101.1			0.9969684401882798
5102.0			1.0141797337059701
5102.9			0.9992638977256322
5103.8			1.0
5104.7			1.0
5105.6			1.0
5106.5			1.0
5107.4			1.0
5108.3			1.0
5109.2			1.0
5110.1			1.0
5111.0			1.0
5111.9			1.0
5112.8			1.0
5113.7			1.0
5114.6			1.0233031002721074
5115.5			1.0353066383851166
5116.4			1.0520970024868734
5117.3			1.074150990733532
5118.2			1.0770751394451183
5119.1			1.0571637365126116
5120.0			1.0264765131825595
5120.9			0.995911046740078
5121.8			0.9572580164579186
5122.7			0.8954862054789109
5123.6			0.8507874572894984
5124.5			0.8661000708504785
5125.4			0.9072884511515499
5126.3			0.9252012734015888
5127.2			0.9192156010079794
5128.1			0.9076871554781358
5129.0			0.8948745503774489
5129.9			0.9018513523960625
5130.8			0.9412559500940089
5131.7			0.9826237760427443
5132.6			0.9997894696613163
5133.5			1.0
5134.4			1.0
5135.3			1.0
5136.2			1.0
5137.1			1.0
5138.0			1.0
5138.9			0.9840634159196298
5139.8			1.0232954709850275
5140.7			1.0644935195077865
5141.6			1.0288686814735628
5142.5			0.9818928080223217
5143.4			1.0065982525314328
5144.3			1.0488945060587958
5145.2			1.0468335317571804
5146.1			1.0284955288858235
5147.0			1.0325326183855112
5147.9			1.067493721720756
5148.8			1.1051531160433248
5149.7			1.1046329066806804
5150.6			1.071252284629747
5151.5			1.0444534110226544
5152.4			1.0415183809780513
5153.3			1.0576118435670738
5154.2			1.099508883564546
5155.1			1.1710033657712184
5156.0			1.2470959713514504
5156.9			1.3075674572616607
5157.8			1.3363517029407883
5158.7			1.3369990884240261
5159.6			1.3528698354093527
5160.5			1.3827936627403434
5161.4			1.3752194574096401
5162.3			1.0
5163.2			0.9932507163642044
5164.1			0.9665479691294026
5165.0			0.8763308842398081
5165.9			0.7449479200081274
5166.8			0.6401963744050034
5167.7			0.6365725595542803
5168.6			0.7437869166522635
5169.5			0.8715378017351058
5170.4			0.8859431265894057
5171.3			0.7511680399210603
5172.2			0.6127535840607703
5173.1			0.6426822555910797
5174.0			0.8207114312004429
5174.9			0.9825467347625404
5175.8			1.0514096198873673
5176.7			1.0786563495016166
5177.6			1.1044844628185437
5178.5			1.116099805487713
5179.4			1.0
5180.3			0.967687297619885
5181.2			0.8911357836590402
5182.1			0.7493859396963453
5183.0			0.6122867951589867
5183.9			0.6249289000362707
5184.8			0.8022004528291831
5185.7			0.9986109515629837
5186.6			1.0
5187.5			1.0
5188.4			1.0014719920843498
5189.3			1.0296355152054961
5190.2			1.0272558672896246
5191.1			0.9430248465723201
5192.0			0.8530543774509115
5192.9			0.8497732744333639
5193.8			0.8969959253974519
5194.7			0.9203176948432652
5195.6			0.9327070026874481
5196.5			0.9656525087567491
5197.4			1.0002498347123296
5198.3			1.0
5199.2			1.0
5200.1			1.0
5201.0			1.0
5201.9			0.9853675243394626
5202.8			0.9697161300097944
5203.7			0.9243809128838397
5204.6			0.8548976062117434
5205.5			0.8141833121346854
5206.4			0.8128537836440309
5207.3			0.7949613150382315
5208.2			0.7572002336528816
5209.1			0.7567899514818367
5210.0			0.8008628672268838
5210.9			0.8709761525738953
5211.8			0.9511366089571933
5212.7			1.0133928322303145
5213.6			1.0319706713907322
5214.5			1.000007689557295
5215.4			1.0
5216.3			1.0
5217.2			1.0
5218.1			1.0
5219.0			1.0
5219.9			1.0
5220.8			1.0
5221.7			1.0
5222.6			0.9645495968316727
5223.5			0.9047942142459982
5224.4			0.842266106399358
5225.3			0.7900147543682708
5226.2			0.7580263055059967
5227.1			0.787197364123796
5228.0			0.8819835436577346
5228.9			0.9660062355742309
5229.8			0.9998991634338941
5230.7			1.0
5231.6			1.0
5232.5			1.0
5233.4			1.0
5234.3			1.0
5235.2			1.0
5236.1			1.0
5237.0			1.0
5237.9			1.0
5238.8			1.0
5239.7			1.0
5240.6			1.0204924097957497
5241.5			1.031677194472372
5242.4			1.0260821752301454
5243.3			1.0311599846160904
5244.2			1.049993486985417
5245.1			1.0278730019120004
5246.0			0.9389921031744243
5246.9			0.8619149315451546
5247.8			0.870072104850934
5248.7			0.9043207464322984
5249.6			0.8868920099453121
5250.5			0.857386307775719
5251.4			0.875348982689034
5252.3			0.9205145542208739
5253.2			0.9405227025985015
5254.1			0.9164308990616135
5255.0			0.8952934924712517
5255.9			0.936454111495023
5256.8			1.012140050282936
5257.7			1.0593369658450458
5258.6			1.0636234959865363
5259.5			1.0
5260.4			0.9598374356617727
5261.3			0.9008931085983084
5262.2			0.8364697606258144
5263.1			0.7865493307838984
5264.0			0.7520275931205199
5264.9			0.7243373696848635
5265.8			0.7292150498787653
5266.7			0.7904267341420936
5267.6			0.8263260751374111
5268.5			0.7512129266793147
5269.4			0.6555641567689509
5270.3			0.6857373884331178
5271.2			0.8077438049523477
5272.1			0.886134381853227
5273.0			0.8917382483384307
5273.9			0.8735066303674885
5274.8			0.8528697411648508
5275.7			0.8605620728751441
5276.6			0.9186877038062533
5277.5			1.0
5278.4			1.0186326826810848
5279.3			0.9905081174657977
5280.2			0.9438259012129455
5281.1			0.904879286839347
5282.0			0.8788907804503746
5282.9			0.8587760618839264
5283.8			0.8643908894814674
5284.7			0.9189903769688432
5285.6			0.9876389958735174
5286.5			1.0150285188001984
5287.4			0.9986809029009971
5288.3			1.0
5289.2			1.0
5290.1			1.0
5291.0			1.0
5291.9			0.9891918592689326
5292.8			0.9760480197804712
5293.7			0.976072729734502
5294.6			0.9716259890502797
5295.5			0.9326053208056768
5296.4			0.861257849679924
5297.3			0.8033909640618511
5298.2			0.8139097609116309
5299.1			0.8805977033151661
5300.0			0.9273057960892022
5300.9			0.9346373546038698
5301.8			0.9494907855268733
5302.7			0.9968442793144048
5303.6			1.0
5304.5			1.0
5305.4			1.0
5306.3			1.0
5307.2			1.0
5308.1			1.0
5309.0			1.0
5309.9			1.0
5310.8			1.0
5311.7			1.0
5312.6			1.0
5313.5			1.0
5314.4			1.0
5315.3			1.0
5316.2			1.0
5317.1			1.0
5318.0			1.0
5318.9			1.0
5319.8			1.0
5320.7			1.0
5321.6			1.0
5322.5			1.0
5323.4			1.0
5324.3			0.9870230619195348
5325.2			1.0017930391846404
5326.1			0.9807953869974481
5327.0			0.8713071505635371
5327.9			0.7533014429941595
5328.8			0.76198489798422
5329.7			0.8780150664864813
5330.6			0.9758223782867406
5331.5			0.9994310776383855
5332.4			1.0
5333.3			1.0
5334.2			1.0
5335.1			1.0
5336.0			1.0
5336.9			1.0
5337.8			0.9995283668364042
5338.7			0.977310733365505
5339.6			0.9187471996143021
5340.5			0.8782624972825527
5341.4			0.905517706231406
5342.3			0.9630523849334667
5343.2			1.000295293673844
5344.1			1.0
5345.0			1.0
5345.9			1.0
5346.8			1.0
5347.7			1.0
5348.6			1.0
5349.5			1.0
5350.4			1.0
5351.3			1.0
5352.2			1.0
5353.1			1.0
5354.0			1.0
5354.9			1.0
5355.8			1.0
5356.7			1.0
5357.6			1.0
5358.5			1.0
5359.4			1.0
5360.3			1.0
5361.2			1.0
5362.1			1.0
5363.0			1.0
5363.9			1.0
5364.8			1.0
5365.7			1.0
5366.6			1.0
5367.5			0.9947342121570764
5368.4			0.9718346378032334
5369.3			0.9156659517876462
5370.2			0.8473512726399534
5371.1			0.8163248526591842
5372.0			0.8574355527190115
5372.9			0.9316821701271213
5373.8			0.9813501048284914
5374.7			0.9943276671366542
5375.6			1.0
5376.5			1.0
5377.4			1.0
5378.3			1.0
5379.2			1.0
5380.1			1.0
5381.0			1.0
5381.9			1.0
5382.8			1.0
5383.7			1.0
5384.6			1.0
5385.5			1.0
5386.4			1.0
5387.3			1.0
5388.2			1.0
5389.1			1.0
5390.0			1.0
5390.9			1.0
5391.8			1.0
5392.7			1.0
5393.6			1.0
5394.5			1.0
5395.4			1.0
5396.3			1.0
5397.2			1.0
5398.1			1.0596090520097017
5399.0			1.1137487986545054
5399.9			1.108429678172988
5400.8			1.090526658901439
5401.7			1.093938127252872
5402.6			1.0795972693476446
5403.5			1.016838346059167
5404.4			0.9339737762553472
5405.3			0.8798963479161958
5406.2			0.8857597674459607
5407.1			0.927507210755015
5408.0			0.944965464495998
5408.9			0.9172233548491215
5409.8			0.8970308201494538
5410.7			0.9276920309993181
5411.6			0.9796385617322232
5412.5			1.0061366705258536
5413.4			1.0
5414.3			1.0
5415.2			1.0
5416.1			1.0
5417.0			1.0
5417.9			1.0
5418.8			1.0
5419.7			1.0
5420.6			1.0
5421.5			1.0259702055618511
5422.4			1.0387421416476796
5423.3			1.0093790925773192
5424.2			0.9783727408464281
5425.1			0.9892235574797379
5426.0			1.0278404809083548
5426.9			1.0570899031677696
5427.8			1.0300786841869531
5428.7			0.9451028959320832
5429.6			0.8952602342712797
5430.5			0.9310533770648785
5431.4			0.9700212046407889
5432.3			0.9581243908627536
5433.2			0.9291028429151511
5434.1			0.9072440921680837
5435.0			0.9015032853131232
5435.9			0.9136603878087273
5436.8			0.9478272167323013
5437.7			1.0003643529501964
5438.6			1.0
5439.5			1.0
5440.4			1.0
5441.3			1.0
5442.2			1.0
5443.1			1.0
5444.0			0.9776217325801225
5444.9			0.9210892936791646
5445.8			0.8490613020265816
5446.7			0.8194056176910658
5447.6			0.8708984806413337
5448.5			0.9505297766181517
5449.4			0.999853718246727
5450.3			1.0
5451.2			1.0
5452.1			1.0
5453.0			0.9735938759057102
5453.9			0.9219718864733358
5454.8			0.8630288110289437
5455.7			0.8553003286052572
5456.6			0.9139105523201096
5457.5			0.9774337639051179
5458.4			0.9996475132972508
5459.3			1.0
5460.2			1.0
5461.1			1.0
5462.0			1.0
5462.9			1.0
5463.8			1.0
5464.7			1.0
5465.6			1.0
5466.5			1.0
5467.4			1.0
5468.3			1.0
5469.2			1.0
5470.1			1.0
5471.0			1.0067457643016584
5471.9			1.0240553522654472
5472.8			1.0142286453604548
5473.7			1.0044856035700462
5474.6			1.008450842888877
5475.5			0.9823654448318322
5476.4			0.942134239805741
5477.3			0.96976753111419
5478.2			1.057049627806008
5479.1			1.1092586517925416
5480.0			1.079059745859514
5480.9			1.0176195195206503
5481.8			1.0036565772394277
5482.7			1.0
5483.6			1.0
5484.5			1.0
5485.4			1.0
5486.3			1.0
5487.2			1.0
5488.1			1.0
5489.0			1.0
5489.9			1.0
5490.8			1.0
5491.7			1.0
5492.6			1.0
5493.5			1.0
5494.4			1.0
5495.3			1.0
5496.2			1.0
5497.1			1.0
5498.0			1.0
5498.9			1.0
5499.8			1.0
5500.7			1.0
5501.6			1.0
5502.5			1.0
5503.4			1.0
5504.3			1.0
5505.2			1.0
5506.1			1.0
5507.0			1.0
5507.9			1.0
5508.8			1.0138467877845092
5509.7			0.9995738325357941
5510.6			0.9703899995581693
5511.5			0.9261845810355178
5512.4			0.8928392740407518
5513.3			0.8898017878616324
5514.2			0.9055308144094886
5515.1			0.9292813300195746
5516.0			0.9488000255320401
5516.9			0.9702240355597499
5517.8			1.0019191733394766
5518.7			1.0
5519.6			1.0
5520.5			1.0
5521.4			1.0
5522.3			1.0
5523.2			1.0
5524.1			1.0017844543645993
5525.0			0.9914966189898224
5525.9			0.9705000003345141
5526.8			0.9383044379858528
5527.7			0.9099384078996765
5528.6			0.918309006505941
5529.5			0.9607951815344462
5530.4			0.9949731700008374
5531.3			1.0007425166742576
5532.2			1.0
5533.1			1.0
5534.0			1.0
5534.9			1.0
5535.8			1.0
5536.7			1.0
5537.6			1.0
5538.5			1.0
5539.4			1.0
5540.3			1.0
5541.2			1.0
5542.1			1.0
5543.0			1.0
5543.9			1.0
5544.8			1.0
5545.7			1.0
5546.6			1.0
5547.5			1.0
5548.4			1.0
5549.3			1.0
5550.200000000001			1.0
5551.1			1.0
5552.0			1.0
5552.9			1.0
5553.8			1.0
5554.700000000001			1.0
5555.6			1.0
5556.5			1.0
5557.4			1.0
5558.3			1.0
5559.200000000001			1.0
5560.1			1.0
5561.0			1.0
5561.9			1.0
5562.8			1.0
5563.700000000001			1.0
5564.6			1.0
5565.5			1.0
5566.4			1.0
5567.3			1.0
5568.200000000001			1.0
5569.1			1.0
5570.0			1.0
5570.9			1.0
5571.8			1.0
5572.700000000001			1.0
5573.6			1.0
5574.5			1.0
5575.4			1.0
5576.3			1.0
5577.200000000001			1.0
5578.1			1.0
5579.0			0.999970748141635
5579.9			1.0165249004138226
5580.8			1.0188707831036936
5581.700000000001			1.008242810154268
5582.6			1.0069021973640726
5583.5			1.004031542200194
5584.4			0.9911487061208571
5585.3			0.9677679263636859
5586.200000000001			0.9277392460594646
5587.1			0.8884429090059841
5588.0			0.8784011631130755
5588.9			0.890669185372625
5589.8			0.9081719778814821
5590.700000000001			0.9257839671829627
5591.6			0.933379383540587
5592.5			0.9307415065730398
5593.4			0.9265812560850644
5594.3			0.9334988416023375
5595.200000000001			0.9747993404235482
5596.1			1.0
5597.0			0.9853479357269725
5597.9			0.9385325727219029
5598.8			0.9151497596721503
5599.700000000001			0.9146690569865904
5600.6			0.90851259179063
5601.5			0.8974266175658921
5602.4			0.8922363430047953
5603.3			0.9085383807014173
5604.200000000001			0.9489117075214737
5605.1			0.984298249007924
5606.0			1.0031861037932868
5606.9			1.0062517224625986
5607.8			1.0012887361931737
5608.700000000001			1.0
5609.6			1.0
5610.5			1.0
5611.4			1.0
5612.3			1.0
5613.200000000001			0.9914150223886886
5614.1			0.9455313234176193
5615.0			0.891452400148981
5615.9			0.8975045599961639
5616.8			0.9551837621911344
5617.700000000001			0.9981999051311242
5618.6			1.009964370448573
5619.5			1.0
5620.4			1.0
5621.3			1.0205937481912362
5622.200000000001			1.0274693673127029
5623.1			0.9904809130177585
5624.0			0.9277097788374801
5624.9			0.9049260548445057
5625.8			0.9344027082575904
5626.700000000001			0.9635160349720869
5627.6			0.9767361270645613
5628.5			0.9999806675418599
5629.4			1.0
5630.3			1.0
5631.200000000001			1.0
5632.1			1.0
5633.0			1.0
5633.9			1.0
5634.8			1.0
5635.700000000001			1.0
5636.6			1.0
5637.5			1.0
5638.4			1.0
5639.3			1.0
5640.200000000001			1.0
5641.1			1.0
5642.0			1.0
5642.9			1.0
5643.8			1.0
5644.700000000001			1.0
5645.6			1.0
5646.5			1.0
5647.4			1.0
5648.3			1.0
5649.200000000001			1.0
5650.1			1.0
5651.0			1.0
5651.9			1.0
5652.8			1.0
5653.700000000001			1.0
5654.6			1.0
5655.5			1.0060884403643198
5656.4			0.9999833417510304
5657.3			0.9324305672833894
5658.200000000001			0.8735114225629572
5659.1			0.9063437363165239
5660.0			0.9799536485731447
5660.9			0.9994619925754522
5661.8			1.0
5662.700000000001			1.0
5663.6			1.0
5664.5			1.0
5665.4			1.0
5666.3			1.0
5667.200000000001			1.0
5668.1			1.0
5669.0			1.0
5669.9			1.0
5670.8			1.0
5671.700000000001			1.0
5672.6			1.0
5673.5			1.0
5674.4			1.0
5675.3			1.0
5676.200000000001			1.0
5677.1			1.0
5678.0			1.0
5678.9			1.0
5679.8			1.0
5680.700000000001			1.0
5681.6			1.0
5682.5			1.0
5683.4			1.0
5684.3			1.0
5685.200000000001			1.0
5686.1			1.0
5687.0			1.0
5687.9			1.0
5688.8			1.0
5689.700000000001			1.0
5690.6			1.0
5691.5			1.0
5692.4			1.0
5693.3			1.0
5694.200000000001			1.0
5695.1			1.0
5696.0			1.0
5696.9			1.0
5697.8			1.0
5698.700000000001			1.0
5699.6			1.0
5700.5			1.0
5701.4			0.9818076083226792
5702.3			0.9838715924675401
5703.200000000001			1.0080535409129434
5704.1			1.023652967604546
5705.0			1.011728632363957
5705.9			0.9814110282089128
5706.8			0.9537348756041476
5707.700000000001			0.9270505243795099
5708.6			0.9007342201749136
5709.5			0.9004500649556928
5710.4			0.9132000824386197
5711.3			0.9109982408915247
5712.200000000001			0.9267547070357617
5713.1			0.9713170595217882
5714.0			1.0001274211784035
5714.9			1.0043592742030156
5715.8			1.003250521688977
5716.700000000001			1.0
5717.6			1.0
5718.5			1.0
5719.4			1.0
5720.3			1.0
5721.200000000001			1.0
5722.1			1.0
5723.0			1.0
5723.9			1.0
5724.8			1.0
5725.700000000001			1.0
5726.6			1.0
5727.5			1.0
5728.4			1.0
5729.3			1.0
5730.200000000001			1.0
5731.1			1.0
5732.0			1.0
5732.9			1.0
5733.8			1.0
5734.700000000001			1.0
5735.6			1.0
5736.5			1.0
5737.4			1.0
5738.3			1.0
5739.200000000001			1.0
5740.1			1.0
5741.0			1.0
5741.9			1.0
5742.8			1.0
5743.700000000001			1.0
5744.6			1.0
5745.5			1.0
5746.4			1.0
5747.3			1.0
5748.200000000001			1.0
5749.1			1.0
5750.0			1.0
5750.9			0.9959313404952179
5751.8			0.966330352526117
5752.700000000001			0.9263495657488449
5753.6			0.9009833380797556
5754.5			0.9134933763391808
5755.4			0.958013241793968
5756.3			0.9998023097690917
5757.200000000001			1.0
5758.1			1.0
5759.0			1.0
5759.9			1.0
5760.8			1.0
5761.700000000001			1.0
5762.6			1.0
5763.5			1.0
5764.4			1.0
5765.3			1.0
5766.200000000001			1.0
5767.1			1.0
5768.0			1.0
5768.9			1.0
5769.8			1.0
5770.700000000001			1.0
5771.6			1.0
5772.5			1.0
5773.4			1.0
5774.3			0.9936629619635013
5775.200000000001			0.9913117688974358
5776.1			0.999419531174587
5777.0			1.0070106626136341
5777.9			1.0085007608161325
5778.8			1.0007564814508623
5779.700000000001			0.9672636910537631
5780.6			0.9134531865810702
5781.5			0.8824918901248406
5782.4			0.8937447475747915
5783.3			0.9133615610477979
5784.200000000001			0.9090176294376388
5785.1			0.8956619908674499
5786.0			0.9133074173629426
5786.9			0.9571716491659864
5787.8			0.9889612676770689
5788.700000000001			1.0001185526864398
5789.6			1.0
5790.5			1.0
5791.4			1.0
5792.3			1.0
5793.200000000001			1.0
5794.1			1.0
5795.0			1.0
5795.9			1.0
5796.8			1.0
5797.700000000001			1.0
5798.6			1.0
5799.5			1.0
5800.4			1.0
5801.3			1.0
5802.200000000001			1.0
5803.1			1.0
5804.0			1.0
5804.9			1.0
5805.8			1.0
5806.700000000001			1.0
5807.6			1.0
5808.5			1.0
5809.4			1.0
5810.3			1.0
5811.200000000001			1.0
5812.1			1.0
5813.0			1.0
5813.9			1.0
5814.8			1.0
5815.700000000001			1.0
5816.6			1.0
5817.5			1.0
5818.4			1.0
5819.3			1.0
5820.200000000001			1.0
5821.1			1.0
5822.0			1.0
5822.9			1.0
5823.8			1.0
5824.700000000001			1.0
5825.6			1.0
5826.5			1.0
5827.4			1.0
5828.3			1.0
5829.200000000001			1.0
5830.1			1.0
5831.0			1.0
5831.9			1.0
5832.8			1.0
5833.700000000001			1.0
5834.6			1.0
5835.5			1.0
5836.4			1.0
5837.3			1.0
5838.200000000001			1.0
5839.1			1.0
5840.0			1.0
5840.9			1.0
5841.8			1.0
5842.700000000001			1.0
5843.6			1.0
5844.5			1.0
5845.4			1.0
5846.3			1.0
5847.200000000001			1.0
5848.1			1.0
5849.0			1.0
5849.9			1.0
5850.8			1.0
5851.700000000001			1.0
5852.6			1.0
5853.5			1.0
5854.4			1.0153323029065624
5855.3			1.018464710490347
5856.200000000001			0.9897147935150428
5857.1			0.9529621085608707
5858.0			0.9451847238549589
5858.9			0.9663659742867081
5859.8			0.9921107989790106
5860.700000000001			1.0080350710932313
5861.6			1.003509437751175
5862.5			1.0
5863.4			1.0
5864.3			1.0
5865.200000000001			1.0
5866.1			1.0
5867.0			1.0
5867.9			1.0
5868.8			1.0
5869.700000000001			1.0
5870.6			1.0
5871.5			1.0
5872.4			1.0
5873.3			1.0
5874.200000000001			1.0
5875.1			1.0
5876.0			1.0
5876.9			1.0
5877.8			1.0
5878.700000000001			1.0
5879.6			1.0
5880.5			1.0
5881.4			1.0
5882.3			1.0
5883.200000000001			1.0
5884.1			1.0
5885.0			1.0
5885.9			1.0
5886.8			1.004794352915488
5887.700000000001			0.9629251161231488
5888.6			0.851411832953009
5889.5			0.7347595241761302
5890.4			0.7400362101024955
5891.3			0.8560544439868998
5892.200000000001			0.9592422717354423
5893.1			1.007588879463817
5894.0			1.0069877797861382
5894.9			1.0
5895.8			1.0
5896.700000000001			1.0
5897.6			1.0
5898.5			1.0
5899.4			1.0
5900.3			1.0
5901.200000000001			1.0
5902.1			1.0
5903.0			1.0
5903.9			1.0
5904.8			1.0
5905.700000000001			1.0
5906.6			1.0
5907.5			1.0
5908.4			1.0
5909.3			1.0
5910.200000000001			1.0
5911.1			1.0
5912.0			1.0
5912.9			1.0
5913.8			1.0
5914.700000000001			1.0
5915.6			1.0
5916.5			1.0
5917.4			1.0
5918.3			1.0
5919.200000000001			1.0
5920.1			1.0
5921.0			1.0
5921.9			1.0
5922.8			1.0
5923.700000000001			1.0
5924.6			1.0
5925.5			1.0
5926.4			1.0
5927.3			1.0
5928.200000000001			1.0
5929.1			1.0
5930.0			1.0
5930.9			1.0
5931.8			1.0
5932.700000000001			1.0
5933.6			1.0
5934.5			1.0
5935.4			1.0
5936.3			1.0
5937.200000000001			1.0
5938.1			1.0
5939.0			1.0
5939.9			1.0
5940.8			1.0
5941.700000000001			1.0
5942.6			1.0
5943.5			1.0
5944.4			1.0
5945.3			1.0
5946.200000000001			1.0
5947.1			1.0
5948.0			1.0
5948.9			1.0
5949.8			1.0
5950.700000000001			1.0
5951.6			1.0
5952.5			1.0
5953.4			1.0
5954.3			1.0
5955.200000000001			1.0
5956.1			1.0
5957.0			1.0
5957.9			1.0
5958.8			1.0
5959.700000000001			1.0
5960.6			1.0
5961.5			1.0
5962.4			1.0
5963.3			1.0
5964.200000000001			1.0
5965.1			1.0
5966.0			1.0
5966.9			1.0
5967.8			1.0
5968.700000000001			1.0
5969.6			1.0
5970.5			1.0
5971.4			1.0
5972.3			1.0
5973.200000000001			1.0
5974.1			1.0
5975.0			1.0
5975.9			1.0
5976.8			1.0
5977.700000000001			1.0
5978.6			1.0
5979.5			1.015645454855725
5980.4			1.0215301172688964
5981.3			1.0158121202125197
5982.200000000001			1.0031787046636516
5983.1			0.9745186169785819
5984.0			0.9461497153462896
5984.9			0.9477424608826256
5985.8			0.9705311317130966
5986.700000000001			0.9875325399214981
5987.6			0.9940235565550415
5988.5			0.9996232660342413
5989.4			1.0
5990.3			1.0
5991.200000000001			1.0
5992.1			1.0
5993.0			1.0
5993.9			1.0
5994.8			1.0
5995.700000000001			1.0
5996.6			1.0
5997.5			1.0
5998.4			1.0
5999.3			1.0
6000.200000000001			1.0
6001.1			1.0
6002.0			1.0
6002.9			1.0
6003.8			1.0
6004.700000000001			1.0
6005.6			1.0
6006.5			1.0
6007.4			1.0
6008.3			1.0
6009.200000000001			1.0
6010.1			1.0
6011.0			1.0
6011.9			1.0
6012.8			1.0
6013.700000000001			1.0
6014.6			1.0
6015.5			1.0
6016.4			1.0
6017.3			1.0
6018.200000000001			1.0
6019.1			1.0
6020.0			1.0
6020.9			1.0
6021.8			1.0
6022.700000000001			1.0
6023.6			1.0
6024.5			1.0
6025.4			1.0
6026.3			1.0
6027.200000000001			1.0
6028.1			1.0
6029.0			1.0
6029.9			1.0
6030.8			1.0
6031.700000000001			1.0
6032.6			1.0
6033.5			1.0
6034.4			1.0
6035.3			1.0
6036.200000000001			1.0
6037.1			1.0
6038.0			1.0
6038.9			1.0
6039.8			1.0
6040.700000000001			1.0
6041.6			1.0
6042.5			1.0
6043.4			1.0
6044.3			1.0
6045.200000000001			1.0
6046.1			1.0
6047.0			1.0
6047.9			1.0
6048.8			1.0
6049.700000000001			1.0
6050.6			1.0
6051.5			1.0
6052.4			1.0
6053.3			1.0
6054.200000000001			1.0
6055.1			1.0
6056.0			1.0
6056.9			1.0
6057.8			1.0
6058.700000000001			1.0
6059.6			1.0
6060.5			1.0
6061.4			1.0
6062.3			0.9833387698797618
6063.200000000001			0.9632740862232831
6064.1			0.9350902842512392
6065.0			0.9147037091789513
6065.9			0.9352427953581838
6066.8			0.9776514776589432
6067.700000000001			1.0014395489693066
6068.6			1.0
6069.5			1.0
6070.4			1.0
6071.3			1.0
6072.200000000001			1.0
6073.1			1.0
6074.0			1.0
6074.9			1.0
6075.8			1.0
6076.700000000001			1.0
6077.6			1.0
6078.5			1.0
6079.4			1.0
6080.3			1.0
6081.200000000001			1.0
6082.1			1.0
6083.0			1.0
6083.9			1.0
6084.8			1.0
6085.700000000001			1.0
6086.6			1.0
6087.5			1.0
6088.4			1.0
6089.3			1.0
6090.200000000001			1.0
6091.1			1.0
6092.0			1.0
6092.9			1.0
6093.8			1.0
6094.700000000001			1.0
6095.6			1.0
6096.5			1.0
6097.4			1.0
6098.3			1.0
6099.200000000001			1.0
6100.1			0.9983183358235687
6101.0			0.9670009034869115
6101.9			0.912371945530765
6102.8			0.8892303688001698
6103.700000000001			0.9286225485835915
6104.6			0.9801313112087516
6105.5			1.0011202446410483
6106.4			1.0
6107.3			1.0
6108.200000000001			1.0
6109.1			1.0
6110.0			1.0
6110.9			1.0
6111.8			1.0
6112.700000000001			1.0
6113.6			1.0
6114.5			1.0
6115.4			1.0
6116.3			1.0
6117.200000000001			1.0
6118.1			1.0118064466014052
6119.0			1.0004803934253166
6119.9			0.9724149565720958
6120.8			0.9487490315010072
6121.700000000001			0.9369057648632124
6122.6			0.9527821823279857
6123.5			0.9915788808526091
6124.4			1.0106224192988316
6125.3			1.0006954216519461
6126.200000000001			1.0
6127.1			1.0
6128.0			1.0
6128.9			1.0
6129.8			1.0
6130.700000000001			1.0
6131.6			1.0
6132.5			1.0
6133.4			1.0
6134.3			0.9699726013393517
6135.200000000001			0.9112543772507906
6136.1			0.8431124447870324
6137.0			0.8149039656096819
6137.9			0.8645545250905372
6138.8			0.9500800763302226
6139.700000000001			0.9983461412862903
6140.6			1.0
6141.5			1.0
6142.4			1.0
6143.3			1.0
6144.200000000001			1.0
6145.1			1.0
6146.0			1.0
6146.9			1.0
6147.8			1.0
6148.700000000001			1.0
6149.6			1.0
6150.5			1.0
6151.4			1.0
6152.3			1.0
6153.200000000001			1.0
6154.1			1.0
6155.0			1.0
6155.9			1.0
6156.8			1.0
6157.700000000001			1.0
6158.6			1.004361152369653
6159.5			0.9944470527957809
6160.4			0.9512524977382495
6161.3			0.8956798327429562
6162.200000000001			0.8715863422472907
6163.1			0.8910762520034259
6164.0			0.9347541479142009
6164.9			0.9757492780726096
6165.8			0.9993735261860417
6166.700000000001			1.0
6167.6			1.0
6168.5			1.0
6169.4			1.0
6170.3			1.0
6171.200000000001			1.0
6172.1			1.0
6173.0			1.0
6173.9			1.0
6174.8			1.0
6175.700000000001			1.0
6176.6			1.0
6177.5			1.0
6178.4			1.0
6179.3			1.0
6180.200000000001			1.0
6181.1			1.0
6182.0			1.0
6182.9			1.0
6183.8			1.0
6184.700000000001			1.0
6185.6			1.0
6186.5			1.0
6187.4			0.9801221236862282
6188.3			0.964993333994101
6189.200000000001			0.9530788585871506
6190.1			0.9262953813893666
6191.0			0.8959244143791005
6191.9			0.9123606217611175
6192.8			0.9656396114318199
6193.700000000001			0.9977729822360467
6194.6			1.00174061797614
6195.5			1.0
6196.4			1.0
6197.3			0.9937642057049187
6198.200000000001			0.9577288306619586
6199.1			0.9138675794992674
6200.0			0.9065232896080849
6200.9			0.9417739668637269
6201.8			0.982081852249551
6202.700000000001			1.0002863931787511
6203.6			1.0
6204.5			1.0
6205.4			1.0
6206.3			1.0
6207.200000000001			1.0
6208.1			1.0
6209.0			1.0
6209.9			1.0
6210.8			0.9891723214464712
6211.700000000001			0.9813175212567781
6212.6			0.9578331030025083
6213.5			0.931236318947588
6214.4			0.9237021774402691
6215.3			0.9323321373047788
6216.200000000001			0.957595067273014
6217.1			0.9903088415044247
6218.0			0.9989864006203116
6218.9			1.0
6219.8			1.0
6220.700000000001			1.0
6221.6			1.0
6222.5			1.0
6223.4			1.0
6224.3			1.0
6225.200000000001			1.0
6226.1			1.0
6227.0			1.004749036085517
6227.9			1.0010229870175054
6228.8			0.9744579366919844
6229.700000000001			0.926323128772892
6230.6			0.8953452760622103
6231.5			0.9042555960369164
6232.4			0.9296452858386389
6233.3			0.9607350233414854
6234.200000000001			0.9992588134547907
6235.1			1.0
6236.0			1.0088013094256394
6236.9			1.0057178298200982
6237.8			0.9908583477540016
6238.700000000001			0.9569332453342242
6239.6			0.9261085489947111
6240.5			0.9283032024382811
6241.4			0.9365304026949178
6242.3			0.9162447367367509
6243.200000000001			0.8995968946491781
6244.1			0.9147969290983891
6245.0			0.9342127656984518
6245.9			0.9478566626831791
6246.8			0.9746527645718048
6247.700000000001			1.0090289525065868
6248.6			1.0
6249.5			0.9966699286300774
6250.4			0.975294562656357
6251.3			0.9351950829639899
6252.200000000001			0.9021056255986261
6253.1			0.9011991053833058
6254.0			0.9170703765890718
6254.9			0.9195886875527152
6255.8			0.8986311860643112
6256.700000000001			0.8675698137579939
6257.6			0.8424597141313889
6258.5			0.8439817621724734
6259.4			0.8834192376330215
6260.3			0.9246355580380876
6261.200000000001			0.9528892484761032
6262.1			0.9883147178595167
6263.0			1.0179073731691242
6263.9			1.0086380025987742
6264.8			0.9752568794355012
6265.700000000001			0.9653758753530578
6266.6			0.9853798507817441
6267.5			0.9996361776265745
6268.4			1.0
6269.3			1.0
6270.200000000001			1.0
6271.1			1.0
6272.0			1.0
6272.9			1.0
6273.8			1.0
6274.700000000001			1.0
6275.6			1.0
6276.5			1.0
6277.4			1.0
6278.3			1.0
6279.200000000001			1.0
6280.1			1.0
6281.0			1.0
6281.9			1.0
6282.8			1.0
6283.700000000001			1.0
6284.6			1.0
6285.5			1.0
6286.4			1.0
6287.3			1.0
6288.200000000001			1.0
6289.1			1.0
6290.0			1.0
6290.9			1.0
6291.8			1.0
6292.700000000001			1.0
6293.6			1.0144519946466775
6294.5			1.0188602641558469
6295.4			0.996504040610777
6296.3			0.9663785867004088
6297.200000000001			0.9635610378898767
6298.1			0.99155322722767
6299.0			1.0211334007767032
6299.9			1.022648450307882
6300.8			1.002088637083864
6301.700000000001			1.0
6302.6			1.0
6303.5			1.0
6304.4			1.0
6305.3			1.0
6306.200000000001			1.0
6307.1			1.0
6308.0			1.0
6308.9			1.0
6309.8			0.982692313670096
6310.700000000001			0.9595615143622029
6311.6			0.9485478228291705
6312.5			0.9560056491759898
6313.4			0.957127687873227
6314.3			0.9374907143826271
6315.200000000001			0.9277549523391475
6316.1			0.939263816726611
6317.0			0.9384955885678873
6317.9			0.9199632353969025
6318.8			0.918058083663513
6319.700000000001			0.944105600956783
6320.6			0.9679302328674512
6321.5			0.970163894658184
6322.4			0.9667976525605159
6323.3			0.9760326890573834
6324.200000000001			0.9908893622389296
6325.1			0.9955351584001759
6326.0			0.9926144411523643
6326.9			0.9920841714282422
6327.8			0.9993839627663931
6328.700000000001			1.0
6329.6			1.0
6330.5			1.0
6331.4			1.0
6332.3			1.0162196451762566
6333.200000000001			1.011644701122271
6334.1			0.9779665092688773
6335.0			0.9353769879563596
6335.9			0.9216878614414363
6336.8			0.9429192400374986
6337.700000000001			0.9697052714426163
6338.6			0.9850947433970895
6339.5			0.9999967098139888
6340.4			1.0
6341.3			1.0
6342.200000000001			1.0
6343.1			1.0
6344.0			1.0
6344.9			1.0
6345.8			1.0
6346.700000000001			1.0
6347.6			1.0
6348.5			1.0
6349.4			1.0
6350.3			1.0024732727032766
6351.200000000001			1.008612683695673
6352.1			1.0101074330701
6353.0			0.9963428794075448
6353.9			0.9703653737576863
6354.8			0.9561065981303306
6355.700000000001			0.9665856717124496
6356.6			0.9771140602355112
6357.5			0.959904922063996
6358.4			0.9308631382502973
6359.3			0.9225711244433963
6360.200000000001			0.9335677275033966
6361.1			0.9373391771820911
6362.0			0.929831729718965
6362.9			0.926005938930742
6363.8			0.9325127827081624
6364.700000000001			0.9436229553415622
6365.6			0.9510441044397973
6366.5			0.9626230689606858
6367.4			0.9838430994497523
6368.3			0.999941822912524
6369.200000000001			1.0
6370.1			1.0
6371.0			1.0
6371.9			1.0
6372.8			1.0
6373.700000000001			1.0
6374.6			1.0
6375.5			1.0
6376.4			1.0
6377.3			1.0
6378.200000000001			1.0
6379.1			1.0
6380.0			1.0
6380.9			1.0
6381.8			1.0
6382.700000000001			1.0
6383.6			1.0
6384.5			1.0
6385.4			1.0
6386.3			1.0
6387.200000000001			1.0
6388.1			1.0
6389.0			1.0
6389.9			1.0
6390.8			1.0
6391.700000000001			1.0
6392.6			1.0
6393.5			1.0
6394.4			1.0
6395.3			1.0
6396.200000000001			1.0
6397.1			1.001204547337786
6398.0			0.9770102927328086
6398.9			0.9309048238754871
6399.8			0.8979201789854463
6400.700000000001			0.9162587695086514
6401.6			0.967094332308729
6402.5			1.0006019061763582
6403.4			1.0
6404.3			1.0
6405.200000000001			1.0
6406.1			1.0
6407.0			1.0
6407.9			1.0
6408.8			1.0
6409.700000000001			1.0
6410.6			1.0
6411.5			1.0
6412.4			1.0
6413.3			1.0
6414.200000000001			1.0
6415.1			1.0
6416.0			1.0
6416.9			1.0
6417.8			1.0
6418.700000000001			1.0
6419.6			1.0
6420.5			1.0
6421.4			1.0
6422.3			1.0
6423.200000000001			1.0
6424.1			1.0
6425.0			1.0
6425.9			1.0
6426.8			1.0
6427.700000000001			1.001374074580494
6428.6			0.9831071034180672
6429.5			0.9466383656223673
6430.4			0.9151991361102707
6431.3			0.9170515174392603
6432.200000000001			0.9468200844981507
6433.1			0.975770943274641
6434.0			0.9923524812675819
6434.9			1.0017993800728702
6435.8			1.0
6436.700000000001			1.0
6437.6			1.0
6438.5			1.0
6439.4			1.0
6440.3			1.0
6441.200000000001			1.0
6442.1			1.0
6443.0			1.0
6443.9			1.0
6444.8			1.0
6445.700000000001			1.0
6446.6			1.0
6447.5			0.9867635782443898
6448.4			0.9368823369058137
6449.3			0.8735752743013628
6450.200000000001			0.8575531305365571
6451.1			0.9067194405854767
6452.0			0.9685354385347864
6452.9			0.9999427304102354
6453.8			1.0
6454.700000000001			1.0
6455.6			1.0
6456.5			1.0
6457.4			1.0
6458.3			1.0
6459.200000000001			1.0
6460.1			0.9981069007551867
6461.0			0.9655056461305217
6461.9			0.9164693135522484
6462.8			0.8975864100952262
6463.700000000001			0.9268859658855085
6464.6			0.9715941985445874
6465.5			1.0008705871578156
6466.4			1.0
6467.3			1.0
6468.200000000001			1.0
6469.1			1.0
6470.0			1.0
6470.9			1.0
6471.8			1.0
6472.700000000001			1.0
6473.6			1.0
6474.5			1.0
6475.4			1.0
6476.3			1.0
6477.200000000001			1.0
6478.1			1.0
6479.0			1.0
6479.9			1.0
6480.8			1.0
6481.700000000001			1.0
6482.6			1.0
6483.5			1.0
6484.4			1.0
6485.3			1.0
6486.200000000001			1.0
6487.1			1.0
6488.0			1.0
6488.9			0.9922973434850386
6489.8			0.98240790881952
6490.700000000001			0.9747025794122713
6491.6			0.968233898731587
6492.5			0.9471376232424449
6493.4			0.901373751715217
6494.3			0.8568794313308671
6495.200000000001			0.8458724455582081
6496.1			0.8619352813114225
6497.0			0.8854183727649233
6497.9			0.9044454326042227
6498.8			0.9144265831179509
6499.700000000001			0.9332193828852394
6500.6			0.9679768006357105
6501.5			0.998658453677638
6502.4			1.0
6503.3			1.0
6504.200000000001			1.0
6505.1			1.0
6506.0			1.0
6506.9			1.0
6507.8			1.0
6508.700000000001			1.0
6509.6			1.0
6510.5			1.0
6511.4			1.0
6512.3			1.0
6513.200000000001			1.0
6514.1			1.0
6515.0			1.0
6515.9			1.0
6516.8			1.0
6517.700000000001			1.0
6518.6			1.0
6519.5			1.0
6520.4			1.0
6521.3			1.0
6522.200000000001			1.0
6523.1			1.0
6524.0			1.0
6524.9			1.0
6525.8			1.0
6526.700000000001			1.0
6527.6			1.0
6528.5			1.0
6529.4			1.0
6530.3			1.0
6531.200000000001			1.0
6532.1			1.0
6533.0			1.0
6533.9			1.0
6534.8			1.0
6535.700000000001			1.0
6536.6			1.0
6537.5			1.0
6538.4			1.0
6539.3			1.0
6540.200000000001			1.0
6541.1			1.0
6542.0			1.0
6542.9			1.0
6543.8			1.0
6544.700000000001			1.0
6545.6			1.0
6546.5			1.0
6547.4			1.0
6548.3			1.0
6549.200000000001			1.0
6550.1			1.0
6551.0			1.0
6551.9			1.0
6552.8			1.0
6553.700000000001			1.0
6554.6			1.0
6555.5			1.0
6556.4			1.0
6557.3			1.0
6558.200000000001			1.0
6559.1			1.0
6560.0			0.9670948011798434
6560.9			0.8760500948072086
6561.8			0.7308343444489643
6562.700000000001			0.6523370749621745
6563.6			0.7362789000705059
6564.5			0.8950544080010933
6565.4			0.999863918631534
6566.3			1.0
6567.200000000001			1.0
6568.1			1.0
6569.0			1.0
6569.9			0.9961673496523182
6570.8			0.9961263823539412
6571.700000000001			0.9773630367817954
6572.6			0.9424608029858632
6573.5			0.9139900839284021
6574.4			0.9118223906177179
6575.3			0.9395129849568298
6576.200000000001			0.9761386449938196
6577.1			0.9962058095788104
6578.0			1.0
6578.9			1.0
6579.8			1.0
6580.700000000001			1.0
6581.6			1.0
6582.5			1.0
6583.4			1.0
6584.3			1.0
6585.200000000001			1.0
6586.1			1.0
6587.0			1.0
6587.9			1.0
6588.8			1.0
6589.700000000001			1.0
6590.6			0.9945995626502963
6591.5			0.9647103703145724
6592.4			0.9222034137344206
6593.3			0.9047533733657861
6594.200000000001			0.9322006650177285
6595.1			0.9756398667819359
6596.0			0.9988847457775037
6596.9			1.0
6597.8			1.0
6598.700000000001			1.0
6599.6			1.0
6600.5			1.0
6601.4			1.0
6602.3			1.0
6603.200000000001			0.9862675872104759
6604.1			0.9707313920205509
6605.0			0.9611396051010996
6605.9			0.9581286657046894
6606.8			0.9524618926763944
6607.700000000001			0.9369382215491232
6608.6			0.9229660346174765
6609.5			0.9340214585316005
6610.4			0.9700367420712599
6611.3			1.0024889523712301
6612.200000000001			1.008195429804013
6613.1			0.9980476010322672
6614.0			1.0006317688452242
6614.9			1.0
6615.8			1.0
6616.700000000001			1.0
6617.6			1.0065360513373527
6618.5			1.0153028655137224
6619.4			1.0238133134131637
6620.3			1.03322053591898
6621.200000000001			1.0430749534323245
6622.1			1.0439421011294177
6623.0			1.0279417252423915
6623.9			1.005050610169155
6624.8			1.0013890540349681
6625.700000000001			1.0
6626.6			1.0
6627.5			1.0
6628.4			1.0
6629.3			1.0
6630.200000000001			1.0
6631.1			1.0
6632.0			1.0
6632.9			1.0
6633.8			1.0
6634.700000000001			1.0
6635.6			1.0
6636.5			1.0
6637.4			1.0
6638.3			1.0
6639.200000000001			1.0
6640.1			1.0
6641.0			1.0
6641.9			1.0
6642.8			1.0
6643.700000000001			1.0
6644.6			1.0
6645.5			1.0
6646.4			1.0
6647.3			1.0
6648.200000000001			1.0
6649.1			1.0
6650.0			1.0
6650.9			1.0
6651.8			1.0
6652.700000000001			1.0
6653.6			1.0
6654.5			0.9963052431254981
6655.4			0.9920943829362138
6656.3			0.9903382753845332
6657.200000000001			0.9928859962260725
6658.1			0.9983159272628659
6659.0			1.0026728412694168
6659.9			1.0046489609785962
6660.8			0.9988250525936553
6661.700000000001			0.977649430120382
6662.6			0.9495702195199528
6663.5			0.9403369527721813
6664.4			0.9554892886109649
6665.3			0.9709665865784515
6666.200000000001			0.9736881476414242
6667.1			0.973397586817358
6668.0			0.979691256307461
6668.9			0.990049156709148
6669.8			1.0003525841934207
6670.700000000001			1.0099510035255557
6671.6			1.0164912937375885
6672.5			1.0186354908924302
6673.4			1.0184077460471752
6674.3			1.0160084993207419
6675.200000000001			1.0067881083306163
6676.1			0.9817262936464848
6677.0			0.9414612469396555
6677.9			0.9152482946734724
6678.8			0.9287125229411454
6679.700000000001			0.9662446492633505
6680.6			0.9961137874122554
6681.5			1.0095056677609142
6682.4			1.0142267766602562
6683.3			1.0156750710147475
6684.200000000001			1.0147084141754052
6685.1			1.0110503666601094
6686.0			1.006890277510909
6686.9			1.003474271097899
6687.8			1.0005941207759768
6688.700000000001			0.9995124683014144
6689.6			1.0006627485547446
6690.5			1.003024498418703
6691.4			1.0060805954737209
6692.3			1.0085802705545812
6693.200000000001			1.0078064456511844
6694.1			0.9998852328311887
6695.0			0.983553787616965
6695.9			0.9683165900071966
6696.8			0.9675701367364358
6697.700000000001			0.9785805369527576
6698.6			0.9901527515783269
6699.5			1.000216521450686
6700.4			1.0077109682278813
6701.3			1.004734162314171
6702.200000000001			0.9916936933640453
6703.1			0.9781112155703071
6704.0			0.9731441573730456
6704.9			0.9794958776710555
6705.8			0.9937410572234046
6706.700000000001			1.00906723325629
6707.6			1.0153506631887144
6708.5			1.0070388528693859
6709.4			0.9914737412043626
6710.3			0.984483328282605
6711.200000000001			0.9918845991464571
6712.1			0.9996931295364508
6713.0			1.0
6713.9			1.0
6714.8			1.0
6715.700000000001			1.0
6716.6			1.0
6717.5			1.0
6718.4			1.0
6719.3			1.0
6720.200000000001			1.0
6721.1			1.0
6722.0			1.0
6722.9			1.0
6723.8			1.0
6724.700000000001			1.0
6725.6			1.0
6726.5			1.0
6727.4			1.0
6728.3			1.0
6729.200000000001			1.0
6730.1			1.0
6731.0			1.0
6731.9			1.0
6732.8			1.0
6733.700000000001			1.0
6734.6			1.0
6735.5			1.0
6736.4			1.0
6737.3			1.0
6738.200000000001			1.0
6739.1			1.0
6740.0			1.0
6740.9			1.0
6741.8			1.0
6742.700000000001			1.0
6743.6			1.0
6744.5			1.0
6745.4			1.0
6746.3			1.0
6747.200000000001			1.0
6748.1			1.0
6749.0			1.0
6749.9			1.0
6750.8			1.0
6751.700000000001			1.0
6752.6			1.0
6753.5			1.0
6754.4			1.0
6755.3			1.0
6756.200000000001			1.0
6757.1			1.0
6758.0			1.0
6758.9			1.0
6759.8			1.0
6760.700000000001			1.0
6761.6			1.0
6762.5			1.0
6763.4			1.0
6764.3			1.0
6765.200000000001			1.0
6766.1			1.0
6767.0			1.0
6767.9			1.0
6768.8			1.0
6769.700000000001			1.0
6770.6			1.0
6771.5			1.0
6772.4			1.0
6773.3			1.0
6774.200000000001			1.0
6775.1			1.0
6776.0			1.0
6776.9			1.0
6777.8			1.0
6778.700000000001			1.0
6779.6			1.0
6780.5			1.0
6781.4			1.0
6782.3			1.0
6783.200000000001			1.0
6784.1			1.0
6785.0			1.0
6785.9			1.0
6786.8			1.0
6787.700000000001			1.0
6788.6			1.0
6789.5			1.0
6790.4			1.0
6791.3			1.0
6792.200000000001			1.0
6793.1			1.0
6794.0			1.0
6794.9			1.0
6795.8			1.0
6796.700000000001			1.0
6797.6			1.0
6798.5			1.0
6799.4			1.0
6800.3			1.0
6801.200000000001			1.0
6802.1			1.0
6803.0			1.0
6803.9			1.0
6804.8			1.0
6805.700000000001			1.0
6806.6			1.0
6807.5			1.0
6808.4			1.0
6809.3			1.0
6810.200000000001			1.0
6811.1			1.0
6812.0			1.0
6812.9			1.0
6813.8			1.0
6814.700000000001			1.0
6815.6			1.0
6816.5			1.0
6817.4			1.0
6818.3			1.0
6819.200000000001			1.0
6820.1			1.0
6821.0			1.0
6821.9			1.0
6822.8			1.0
6823.700000000001			1.0
6824.6			1.0
6825.5			1.0
6826.4			1.0
6827.3			1.0
6828.200000000001			1.0
6829.1			1.0
6830.0			1.0
6830.9			1.0
6831.8			1.0
6832.700000000001			1.0
6833.6			1.0
6834.5			1.0
6835.4			1.0
6836.3			1.0
6837.200000000001			1.0
6838.1			1.0
6839.0			1.0
6839.9			1.0
6840.8			1.0
6841.700000000001			1.0
6842.6			1.0
6843.5			1.0
6844.4			1.0
6845.3			1.0
6846.200000000001			1.0
6847.1			1.0
6848.0			1.0
6848.9			1.0
6849.8			1.0
6850.700000000001			1.0
6851.6			1.0
6852.5			1.0
6853.4			1.0
6854.3			1.0
6855.200000000001			1.0
6856.1			1.0
6857.0			1.0
6857.9			1.0
6858.8			1.0
6859.700000000001			1.0
6860.6			1.0
6861.5			1.0
6862.4			1.0
6863.3			1.0
6864.200000000001			1.0
6865.1			1.0
6866.0			1.0
6866.9			1.0
6867.8			1.0
6868.700000000001			1.0
6869.6			1.0
6870.5			1.0
6871.4			1.0
6872.3			1.0
6873.200000000001			1.0
6874.1			1.0
6875.0			1.0
6875.9			1.0
6876.8			1.0
6877.700000000001			1.0
6878.6			1.0
6879.5			1.0
6880.4			1.0
6881.3			1.0
6882.200000000001			1.0
6883.1			1.0
6884.0			1.0
6884.9			1.0
6885.8			1.0
6886.700000000001			1.0
6887.6			1.0
6888.5			1.0
6889.4			1.0
6890.3			1.0
6891.200000000001			1.0
6892.1			1.0
6893.0			1.0
6893.9			1.0
6894.8			1.0
6895.700000000001			1.0
6896.6			1.0
6897.5			1.0
6898.4			1.0
6899.3			1.0
6900.200000000001			1.0
6901.1			1.0
6902.0			1.0
6902.9			1.0
6903.8			1.0
6904.700000000001			1.0
6905.6			1.0
6906.5			1.0
6907.4			1.0
6908.3			1.0
6909.200000000001			1.0
6910.1			1.0
6911.0			1.0
6911.9			1.0
6912.8			1.0
6913.700000000001			1.0
6914.6			1.0
6915.5			1.0
6916.4			1.0
6917.3			1.0
6918.200000000001			1.0
6919.1			1.0
6920.0			1.0
6920.9			1.0
6921.8			1.0
6922.700000000001			1.0
6923.6			1.0
6924.5			1.0
6925.4			1.0
6926.3			1.0
6927.200000000001			1.0
6928.1			1.0
6929.0			1.0
6929.9			1.0
6930.8			1.0
6931.700000000001			1.0
6932.6			1.0
6933.5			1.0
6934.4			1.0
6935.3			1.0
6936.200000000001			1.0
6937.1			1.0
6938.0			1.0
6938.9			1.0
6939.8			1.0
6940.700000000001			1.0
6941.6			1.0
6942.5			1.0
6943.4			1.0
6944.3			1.0
6945.200000000001			1.0
6946.1			1.0
6947.0			1.0
6947.9			1.0
6948.8			1.0
6949.700000000001			1.0
6950.6			1.0
6951.5			1.0
6952.4			1.0
6953.3			1.0
6954.200000000001			1.0
6955.1			1.0
6956.0			1.0
6956.9			1.0
6957.8			1.0
6958.700000000001			1.0
6959.6			1.0
6960.5			1.0
6961.4			1.0
6962.3			1.0
6963.200000000001			1.0
6964.1			1.0
6965.0			1.0
6965.9			1.0
6966.8			1.0
6967.700000000001			1.0
6968.6			1.0
6969.5			1.0
6970.4			1.0
6971.3			1.0
6972.200000000001			1.0
6973.1			1.0
6974.0			1.0
6974.9			0.9901824123176921
6975.8			0.9728023500802715
6976.700000000001			0.9454775826528573
6977.6			0.9111476689090702
6978.5			0.8881625820681959
6979.4			0.9014458094695971
6980.3			0.9429650881216384
6981.200000000001			0.9797724773502928
6982.1			1.0003707425222614
6983.0			1.0
6983.9			1.0
6984.8			1.0
6985.700000000001			1.0
6986.6			1.0
6987.5			1.0
6988.4			1.0
6989.3			1.0
6990.200000000001			1.0
6991.1			1.0
6992.0			1.0
6992.9			1.0
6993.8			1.0
6994.700000000001			1.0
6995.6			1.0
6996.5			1.0
6997.4			1.0
6998.3			1.0
6999.200000000001			1.0
7000.1			1.0
7001.0			1.0
7001.9			1.0
7002.8			1.0
7003.700000000001			1.0
7004.6			1.0
7005.5			1.0
7006.4			1.0
7007.3			1.0
7008.200000000001			1.0
7009.1			1.0
7010.0			1.0
7010.9			1.0
7011.8			1.0
7012.700000000001			1.0
7013.6			1.0
7014.5			1.0
7015.4			1.0
7016.3			1.0
7017.200000000001			1.0
7018.1			1.0
7019.0			1.0
7019.9			1.0
7020.8			1.0
7021.700000000001			1.0
7022.6			1.0
7023.5			1.0
7024.4			1.0
7025.3			1.0
7026.200000000001			1.0
7027.1			1.0
7028.0			1.0
7028.9			1.0
7029.8			1.0
7030.700000000001			1.0
7031.6			1.0
7032.5			1.0
7033.4			1.0
7034.3			1.0
7035.200000000001			1.0
7036.1			1.0
7037.0			1.0
7037.9			1.0
7038.8			1.0
7039.700000000001			1.0
7040.6			1.0
7041.5			1.0
7042.4			1.0
7043.3			1.0
7044.200000000001			1.0
7045.1			1.0
7046.0			1.0
7046.9			1.0
7047.8			1.0
7048.700000000001			1.0
7049.6			1.0
7050.5			1.0
7051.4			1.0
7052.3			1.0
7053.200000000001			1.0
7054.1			1.0
7055.0			1.0
7055.9			1.0
7056.8			1.0
7057.700000000001			1.0
7058.6			1.0
7059.5			1.0
7060.4			1.0
7061.3			1.0
7062.200000000001			1.0
7063.1			1.0
7064.0			1.0
7064.9			1.0
7065.8			1.0
7066.700000000001			1.0
7067.6			1.0
7068.5			1.0
7069.4			1.0
7070.3			1.0
7071.200000000001			1.0
7072.1			1.0
7073.0			1.0
7073.9			1.0
7074.8			1.0
7075.700000000001			1.0
7076.6			1.0
7077.5			1.0
7078.4			1.0
7079.3			1.0
7080.200000000001			1.0
7081.1			1.0
7082.0			1.0
7082.9			1.0
7083.8			1.0
7084.700000000001			1.0
7085.6			1.0
7086.5			1.0
7087.4			1.0
7088.3			1.0
7089.200000000001			1.0
7090.1			1.0
7091.0			1.0
7091.9			1.0
7092.8			1.0
7093.700000000001			1.0
7094.6			1.0
7095.5			1.0
7096.4			1.0
7097.3			1.0
7098.200000000001			1.0
7099.1			1.0
7100.0			1.0
7100.9			1.0
7101.8			1.0
7102.700000000001			1.0
7103.6			1.0
7104.5			1.0
7105.4			1.0
7106.3			1.0
7107.200000000001			1.0
7108.1			1.0
7109.0			1.0
7109.9			1.0
7110.8			1.0
7111.700000000001			1.0
7112.6			1.0
7113.5			1.0
7114.4			1.0
7115.3			1.0
7116.200000000001			1.0
7117.1			1.0
7118.0			1.0
7118.9			1.0
7119.8			1.0
7120.700000000001			1.0
7121.6			1.0
7122.5			1.0
7123.4			1.0
7124.3			1.0
7125.200000000001			1.0
7126.1			1.0
7127.0			1.0
7127.9			1.0
7128.8			1.0
7129.700000000001			1.0
7130.6			1.0
7131.5			1.0
7132.4			1.0
7133.3			1.0
7134.200000000001			1.0
7135.1			1.0
7136.0			1.0
7136.9			1.0
7137.8			1.0
7138.700000000001			1.0
7139.6			1.0
7140.5			1.0
7141.4			1.0
7142.3			1.0
7143.200000000001			1.0
7144.1			1.0
7145.0			1.0
7145.9			1.0
7146.8			1.0
7147.700000000001			1.0
7148.6			1.0
7149.5			1.0
7150.4			1.0
7151.3			1.0
7152.200000000001			1.0
7153.1			1.0
7154.0			1.0
7154.9			1.0
7155.8			1.0
7156.700000000001			1.0
7157.6			1.0
7158.5			1.0
7159.4			1.0
7160.3			1.0
7161.200000000001			1.0
7162.1			1.0
7163.0			1.0
7163.9			1.0
7164.8			1.0
7165.700000000001			1.0
7166.6			1.0
7167.5			1.0
7168.4			1.0
7169.3			1.0
7170.200000000001			1.0
7171.1			1.0
7172.0			1.0
7172.9			1.0
7173.8			1.0
7174.700000000001			1.0
7175.6			1.0
7176.5			1.0
7177.4			1.0
7178.3			1.0
7179.200000000001			1.0
7180.1			1.0
7181.0			1.0
7181.9			1.0
7182.8			1.0
7183.700000000001			1.0
7184.6			1.0
7185.5			1.0
7186.4			1.0
7187.3			1.0
7188.200000000001			1.0
7189.1			1.0
7190.0			1.0
7190.9			1.0
7191.8			1.0
7192.700000000001			1.0
7193.6			1.0
7194.5			1.0
7195.4			1.0
7196.3			1.0
7197.200000000001			1.0
7198.1			1.0
7199.0			1.0
7199.9			1.0
7200.8			1.0
7201.700000000001			1.0
7202.6			1.0
7203.5			1.0
7204.4			1.0
7205.3			1.0
7206.200000000001			1.0
7207.1			1.0
7208.0			1.0
7208.9			1.0
7209.8			1.0
7210.700000000001			1.0
7211.6			1.0
7212.5			1.0
7213.4			1.0
7214.3			1.0
7215.200000000001			1.0
7216.1			1.0
7217.0			1.0
7217.9			1.0
7218.8			1.0
7219.700000000001			1.0
7220.6			1.0
7221.5			1.0
7222.4			1.0
7223.3			1.0
7224.200000000001			1.0
7225.1			1.0
7226.0			1.0
7226.9			1.0
7227.8			1.0
7228.700000000001			1.0
7229.6			1.0
7230.5			1.0
7231.4			1.0
7232.3			1.0
7233.200000000001			1.0
7234.1			1.0
7235.0			1.0
7235.9			1.0
7236.8			1.0
7237.700000000001			1.0
7238.6			1.0
7239.5			1.0
7240.4			1.0
7241.3			1.0
7242.200000000001			1.0
7243.1			1.0
7244.0			1.0
7244.9			1.0
7245.8			1.0
7246.700000000001			1.0
7247.6			1.0
7248.5			1.0
7249.4			1.0
7250.3			1.0
7251.200000000001			1.0
7252.1			1.0
7253.0			1.0
7253.9			1.0
7254.8			1.0
7255.700000000001			1.0
7256.6			1.0
7257.5			1.0
7258.4			1.0
7259.3			1.0
7260.200000000001			1.0
7261.1			1.0
7262.0			1.0
7262.9			1.0
7263.8			1.0
7264.700000000001			1.0
7265.6			1.0
7266.5			1.0
7267.4			1.0
7268.3			1.0
7269.200000000001			1.0
7270.1			1.0
7271.0			1.0
7271.9			1.0
7272.8			1.0
7273.700000000001			1.0
7274.6			1.0
7275.5			1.0
7276.4			1.0
7277.3			1.0
7278.200000000001			1.0
7279.1			1.0
7280.0			1.0
7280.9			1.0
7281.8			1.0
7282.700000000001			1.0
7283.6			1.0
7284.5			1.0
7285.4			1.0
7286.3			1.0
7287.200000000001			1.0
7288.1			1.0
7289.0			1.0
7289.9			1.0
7290.8			1.0
7291.700000000001			1.0
7292.6			1.0
7293.5			1.0
7294.4			1.0
7295.3			1.0
7296.200000000001			1.0
7297.1			1.0
7298.0			1.0
7298.9			1.0
7299.8			1.0
7300.700000000001			1.0
7301.6			1.0
7302.5			1.0
7303.4			1.0
7304.3			1.0
7305.200000000001			1.0
7306.1			1.0
7307.0			1.0
7307.9			1.0
7308.8			1.0
7309.700000000001			1.0
7310.6			1.0
7311.5			1.0
7312.4			1.0
7313.3			1.0
7314.200000000001			1.0
7315.1			1.0
7316.0			1.0
7316.9			1.0
7317.8			1.0
7318.700000000001			1.0
7319.6			1.0
7320.5			1.0
7321.4			1.0
7322.3			1.0
7323.200000000001			1.0
7324.1			1.0
7325.0			1.0
7325.9			1.0
7326.8			1.0
7327.700000000001			1.0
7328.6			1.0
7329.5			1.0
7330.4			1.0
7331.3			1.0
7332.200000000001			1.0
7333.1			1.0
7334.0			1.0
7334.9			1.0
7335.8			1.0
7336.700000000001			1.0
7337.6			1.0
7338.5			1.0
7339.4			1.0
7340.3			1.0
7341.200000000001			1.0
7342.1			1.0
7343.0			1.0
7343.9			1.0
7344.8			1.0
7345.700000000001			1.0
7346.6			1.0
7347.5			1.0
7348.4			1.0
7349.3			1.0
7350.200000000001			1.0
7351.1			1.0
7352.0			1.0
7352.9			1.0
7353.8			1.0
7354.700000000001			1.0
7355.6			1.0
7356.5			1.0
7357.4			1.0
7358.3			1.0
7359.200000000001			1.0
7360.1			1.0
7361.0			1.0
7361.9			1.0
7362.8			1.0
7363.700000000001			1.0
7364.6			1.0
7365.5			1.0
7366.4			1.0
7367.3			1.0
7368.200000000001			1.0
7369.1			1.0
7370.0			1.0
7370.9			1.0
7371.8			1.0
7372.700000000001			1.0
7373.6			1.0
7374.5			1.0
7375.4			1.0
7376.3			1.0
7377.200000000001			1.0
7378.1			1.0
7379.0			1.0
7379.9			1.0
7380.8			1.0
7381.700000000001			1.0
7382.6			1.0
7383.5			1.0
7384.4			1.0
7385.3			1.0
7386.200000000001			1.0
7387.1			1.0
7388.0			1.0
7388.9			1.0
7389.8			1.0
7390.700000000001			1.0
7391.6			1.0
7392.5			1.0
7393.4			1.0
7394.3			1.0
7395.200000000001			1.0
7396.1			1.0
7397.0			1.0
7397.9			1.0
7398.8			1.0
7399.700000000001			1.0
7400.6			1.0
7401.5			1.0
7402.4			1.0
7403.3			1.0
7404.200000000001			1.0
7405.1			1.0
7406.0			1.0
7406.9			1.0
7407.8			1.0
7408.700000000001			1.0
7409.6			1.0
7410.5			1.0
7411.4			1.0
7412.3			1.0
7413.200000000001			1.0
7414.1			1.0
7415.0			1.0
7415.9			1.0
7416.8			1.0
7417.700000000001			1.0
7418.6			1.0
7419.5			1.0
7420.4			1.0
7421.3			1.0
7422.200000000001			1.0
7423.1			1.0
7424.0			1.0
7424.9			1.0
7425.8			1.0
7426.700000000001			1.0
7427.6			1.0
7428.5			1.0
7429.4			1.0
