3500.0			1.0
3500.9			1.0
3501.8			1.0
3502.7			1.0
3503.6			1.0
3504.5			1.0
3505.4			1.0
3506.3			1.0
3507.2			1.0
3508.1			1.0
3509.0			1.0
3509.9			1.0
3510.8			1.0
3511.7			1.0
3512.6			1.0
3513.5			1.0
3514.4			1.0
3515.3			1.0
3516.2			1.0
3517.1			1.0
3518.0			1.0
3518.9			1.0
3519.8			1.0
3520.7			1.0
3521.6			1.0
3522.5			1.0
3523.4			1.0
3524.3			1.0
3525.2			1.0
3526.1			1.0
3527.0			1.0
3527.9			1.0
3528.8			1.0
3529.7			1.0
3530.6			1.0
3531.5			1.0
3532.4			1.0
3533.3			1.0
3534.2			1.0
3535.1			1.0
3536.0			1.0
3536.9			1.0
3537.8			1.0
3538.7			1.0
3539.6			1.0
3540.5			1.0
3541.4			1.0
3542.3			1.0
3543.2			1.0
3544.1			1.0
3545.0			1.0
3545.9			1.0
3546.8			1.0
3547.7			1.0
3548.6			1.0
3549.5			1.0
3550.4			1.0
3551.3			1.0
3552.2			1.0
3553.1			1.0
3554.0			1.0
3554.9			1.0
3555.8			1.0
3556.7			1.0
3557.6			1.0
3558.5			1.0
3559.4			1.0
3560.3			1.0
3561.2			1.0
3562.1			1.0
3563.0			1.0
3563.9			1.0
3564.8			1.0
3565.7			1.0
3566.6			1.0
3567.5			1.0
3568.4			1.0
3569.3			1.0
3570.2			1.0
3571.1			1.0
3572.0			1.0
3572.9			1.0
3573.8			1.0
3574.7			1.0
3575.6			1.0
3576.5			1.0
3577.4			1.0
3578.3			1.0
3579.2			1.0
3580.1			1.0
3581.0			1.0
3581.9			1.0
3582.8			1.0
3583.7			1.0
3584.6			1.0
3585.5			1.0
3586.4			1.0
3587.3			1.0
3588.2			1.0
3589.1			1.0
3590.0			1.0
3590.9			1.0
3591.8			1.0
3592.7			1.0
3593.6			1.0
3594.5			1.0
3595.4			1.0
3596.3			1.0
3597.2			1.0
3598.1			1.0
3599.0			1.0
3599.9			1.0
3600.8			1.0
3601.7			1.0
3602.6			1.0
3603.5			1.0
3604.4			1.0
3605.3			1.0
3606.2			1.0
3607.1			1.0
3608.0			1.0
3608.9			1.0
3609.8			1.0
3610.7			1.0
3611.6			1.0
3612.5			1.0
3613.4			1.0
3614.3			1.0
3615.2			1.0
3616.1			1.0
3617.0			1.0
3617.9			1.0
3618.8			1.0
3619.7			1.0
3620.6			1.0
3621.5			1.0
3622.4			1.0
3623.3			1.0
3624.2			1.0
3625.1			1.0
3626.0			1.0
3626.9			1.0
3627.8			1.0
3628.7			1.0
3629.6			1.0
3630.5			1.0
3631.4			1.0
3632.3			1.0
3633.2			1.0
3634.1			1.0
3635.0			1.0
3635.9			1.0
3636.8			1.0
3637.7			1.0
3638.6			1.0
3639.5			1.0
3640.4			1.0
3641.3			1.0
3642.2			1.0
3643.1			1.0
3644.0			1.0
3644.9			1.0
3645.8			1.0
3646.7			1.0
3647.6			1.0
3648.5			1.0
3649.4			1.0
3650.3			1.0
3651.2			1.0
3652.1			1.0
3653.0			1.0
3653.9			1.0
3654.8			1.0
3655.7			1.0
3656.6			1.0
3657.5			1.0
3658.4			1.0
3659.3			1.0
3660.2			1.0
3661.1			1.0
3662.0			1.0
3662.9			1.0
3663.8			1.0
3664.7			1.0
3665.6			1.0
3666.5			1.0
3667.4			1.0
3668.3			1.0
3669.2			1.0
3670.1			1.0
3671.0			1.0
3671.9			1.0
3672.8			1.0
3673.7			1.0
3674.6			1.0
3675.5			1.0
3676.4			1.0
3677.3			1.0
3678.2			1.0
3679.1			1.0
3680.0			1.0
3680.9			1.0
3681.8			1.0
3682.7			1.0
3683.6			1.0
3684.5			1.0
3685.4			1.0
3686.3			1.0
3687.2			1.0
3688.1			1.0
3689.0			1.0
3689.9			1.0
3690.8			1.0
3691.7			1.0
3692.6			1.0
3693.5			1.0
3694.4			1.0
3695.3			1.0
3696.2			1.0
3697.1			1.0
3698.0			1.0
3698.9			1.0
3699.8			1.0
3700.7			1.0
3701.6			1.0
3702.5			1.0
3703.4			1.0
3704.3			1.0
3705.2			1.0
3706.1			1.0
3707.0			1.0
3707.9			1.0
3708.8			1.0
3709.7			1.0
3710.6			1.0
3711.5			1.0
3712.4			1.0
3713.3			1.0
3714.2			1.0
3715.1			1.0
3716.0			1.0
3716.9			1.0
3717.8			1.0
3718.7			1.0
3719.6			1.0
3720.5			1.0
3721.4			1.0
3722.3			1.0
3723.2			1.0
3724.1			1.0
3725.0			1.0
3725.9			1.0
3726.8			1.0
3727.7			1.0
3728.6			1.0
3729.5			1.0
3730.4			1.0
3731.3			1.0
3732.2			1.0
3733.1			1.0
3734.0			1.0
3734.9			1.0
3735.8			1.0
3736.7			1.0
3737.6			1.0
3738.5			1.0
3739.4			1.0
3740.3			1.0
3741.2			1.0
3742.1			1.0
3743.0			1.0
3743.9			1.0
3744.8			1.0
3745.7			1.0
3746.6			1.0
3747.5			1.0
3748.4			1.0
3749.3			1.0
3750.2			1.0
3751.1			1.0
3752.0			1.0
3752.9			1.0
3753.8			1.0
3754.7			1.0
3755.6			1.0
3756.5			1.0
3757.4			1.0
3758.3			1.0
3759.2			1.0
3760.1			1.0
3761.0			1.0
3761.9			1.0
3762.8			1.0
3763.7			1.0
3764.6			1.0
3765.5			1.0
3766.4			1.0
3767.3			1.0
3768.2			1.0
3769.1			1.0
3770.0			1.0
3770.9			1.0
3771.8			1.0
3772.7			1.0
3773.6			1.0
3774.5			1.0
3775.4			1.0
3776.3			1.0
3777.2			1.0
3778.1			1.0
3779.0			1.0
3779.9			1.0
3780.8			1.0
3781.7			1.0
3782.6			1.0
3783.5			1.0
3784.4			1.0
3785.3			1.0
3786.2			1.0
3787.1			1.0
3788.0			1.0
3788.9			1.0
3789.8			1.0
3790.7			1.0
3791.6			1.0
3792.5			1.0
3793.4			1.0
3794.3			1.0
3795.2			1.0
3796.1			1.0
3797.0			1.0
3797.9			1.0
3798.8			1.0
3799.7			1.0
3800.6			1.0
3801.5			1.0
3802.4			1.0
3803.3			1.0
3804.2			1.0
3805.1			1.0
3806.0			1.0
3806.9			1.0
3807.8			1.0
3808.7			1.0
3809.6			1.0
3810.5			1.0
3811.4			1.0
3812.3			1.0
3813.2			1.0
3814.1			1.0
3815.0			1.0
3815.9			1.0
3816.8			1.0
3817.7			1.0
3818.6			1.0
3819.5			1.0
3820.4			1.0
3821.3			1.0
3822.2			1.0
3823.1			1.0
3824.0			1.0
3824.9			1.0
3825.8			1.0
3826.7			1.0
3827.6			1.0
3828.5			1.0
3829.4			1.0
3830.3			1.0
3831.2			1.0
3832.1			1.0
3833.0			1.0
3833.9			1.0
3834.8			1.0
3835.7			1.0
3836.6			1.0
3837.5			1.0
3838.4			1.0
3839.3			1.0
3840.2			1.0
3841.1			1.0
3842.0			1.0
3842.9			1.0
3843.8			1.0
3844.7			1.0
3845.6			1.0
3846.5			1.0
3847.4			1.0
3848.3			1.0
3849.2			1.0
3850.1			1.0
3851.0			1.0
3851.9			1.0
3852.8			1.0
3853.7			1.0
3854.6			1.0
3855.5			1.0
3856.4			1.0
3857.3			1.0
3858.2			1.0
3859.1			1.0
3860.0			1.0
3860.9			1.0
3861.8			1.0
3862.7			1.0
3863.6			1.0
3864.5			1.0
3865.4			1.0
3866.3			1.0
3867.2			1.0
3868.1			1.0
3869.0			1.0
3869.9			1.0
3870.8			1.0
3871.7			1.0
3872.6			1.0
3873.5			1.0
3874.4			1.0
3875.3			1.0
3876.2			1.0
3877.1			1.0
3878.0			1.0
3878.9			1.0
3879.8			1.0
3880.7			1.0
3881.6			1.0
3882.5			1.0
3883.4			1.0
3884.3			1.0
3885.2			1.0
3886.1			1.0
3887.0			1.0
3887.9			1.0
3888.8			1.0
3889.7			1.0
3890.6			1.0
3891.5			1.0
3892.4			1.0
3893.3			1.0
3894.2			1.0
3895.1			1.0
3896.0			1.0
3896.9			1.0
3897.8			1.0
3898.7			1.0
3899.6			1.0
3900.5			1.0
3901.4			1.0
3902.3			1.0
3903.2			1.0
3904.1			1.0
3905.0			1.0
3905.9			1.0
3906.8			1.0
3907.7			1.0
3908.6			1.0
3909.5			1.0
3910.4			1.0
3911.3			1.0
3912.2			1.0
3913.1			1.0
3914.0			1.0
3914.9			1.0
3915.8			1.0
3916.7			1.0
3917.6			1.0
3918.5			1.0
3919.4			1.0
3920.3			1.0
3921.2			1.0
3922.1			1.0
3923.0			1.0
3923.9			1.0
3924.8			1.0
3925.7			1.0
3926.6			1.0
3927.5			1.0
3928.4			1.0
3929.3			1.0
3930.2			1.0
3931.1			1.0
3932.0			1.0
3932.9			1.0
3933.8			1.0
3934.7			1.0
3935.6			1.0
3936.5			1.0
3937.4			1.0
3938.3			1.0
3939.2			1.0
3940.1			1.0
3941.0			1.0
3941.9			1.0
3942.8			1.0
3943.7			1.0
3944.6			1.0
3945.5			1.0
3946.4			1.0
3947.3			1.0
3948.2			1.0
3949.1			1.0
3950.0			1.0
3950.9			1.0
3951.8			1.0
3952.7			1.0
3953.6			1.0
3954.5			1.0
3955.4			1.0
3956.3			1.0
3957.2			1.0
3958.1			1.0
3959.0			1.0
3959.9			1.0
3960.8			1.0
3961.7			1.0
3962.6			1.0
3963.5			1.0
3964.4			1.0
3965.3			1.0
3966.2			1.0
3967.1			1.0
3968.0			1.0
3968.9			1.0
3969.8			1.0
3970.7			1.0
3971.6			1.0
3972.5			1.0
3973.4			1.0
3974.3			1.0
3975.2			1.0
3976.1			1.0
3977.0			1.0
3977.9			1.0
3978.8			1.0
3979.7			1.0
3980.6			1.0
3981.5			1.0
3982.4			1.0
3983.3			1.0
3984.2			1.0
3985.1			1.0
3986.0			1.0
3986.9			1.0
3987.8			1.0
3988.7			1.0
3989.6			1.0
3990.5			1.0
3991.4			1.0
3992.3			1.0
3993.2			1.0
3994.1			1.0
3995.0			1.0
3995.9			1.0
3996.8			1.0
3997.7			1.0
3998.6			1.0
3999.5			1.0
4000.4			1.0
4001.3			1.0
4002.2			1.0
4003.1			1.0
4004.0			1.0
4004.9			1.0
4005.8			1.0
4006.7			1.0
4007.6			1.0
4008.5			1.0
4009.4			1.0
4010.3			1.0
4011.2			1.0
4012.1			1.0
4013.0			1.0
4013.9			1.0
4014.8			1.0
4015.7			1.0
4016.6			1.0
4017.5			1.0
4018.4			1.0
4019.3			1.0
4020.2			1.0
4021.1			1.0
4022.0			1.0
4022.9			1.0
4023.8			1.0
4024.7			1.0
4025.6			1.0
4026.5			1.0
4027.4			1.0
4028.3			1.045832666169517
4029.2			0.963236321565135
4030.1			0.7575042084399163
4031.0			0.5730259948411125
4031.9			0.4855191187083207
4032.8			0.44351195220442396
4033.7			0.4373660940160653
4034.6			0.5147403414893934
4035.5			0.6775076776184071
4036.4			0.8606023494873554
4037.3			0.9835993220795658
4038.2			1.0227187062726348
4039.1			0.9976708864567762
4040.0			1.0
4040.9			1.0
4041.8			1.0
4042.7			0.974955137683333
4043.6			0.8511015599438079
4044.5			0.6379773177595774
4045.4			0.46514837130229875
4046.3			0.4546616777299931
4047.2			0.5945680746612787
4048.1			0.7718344515451184
4049.0			0.9083906376690863
4049.9			1.0012158510875298
4050.8			1.0
4051.7			1.0
4052.6			1.0
4053.5			1.0
4054.4			1.0
4055.3			1.0
4056.2			1.0
4057.1			1.0
4058.0			1.0
4058.9			1.0
4059.8			1.1039649799513276
4060.7			1.1688232663621851
4061.6			1.0914363354120529
4062.5			0.8643616646893238
4063.4			0.6520662632805055
4064.3			0.6511302474979246
4065.2			0.8219060242310446
4066.1			0.9577207218320294
4067.0			0.9955418244828343
4067.9			1.0
4068.8			1.0
4069.7			1.0
4070.6			1.0
4071.5			1.0
4072.4			1.0
4073.3			1.0
4074.2			1.0
4075.1			0.950428487980468
4076.0			0.782208682214402
4076.9			0.6291491804415839
4077.8			0.6035962994955186
4078.7			0.7075190036986935
4079.6			0.8644660951828187
4080.5			1.0034345318261744
4081.4			1.0
4082.3			1.0
4083.2			1.0
4084.1			1.0
4085.0			1.0
4085.9			1.0
4086.8			1.0
4087.7			1.0
4088.6			1.0
4089.5			1.0
4090.4			1.0
4091.3			1.0
4092.2			0.9816831733326281
4093.1			1.0208796569594012
4094.0			1.0576072379137322
4094.9			0.9851885439967869
4095.8			0.8376142965283412
4096.7			0.7562196937821137
4097.6			0.7813839458281373
4098.5			0.8321815253427782
4099.4			0.8245565397417286
4100.3			0.7511541454073318
4101.2			0.6991449154296359
4102.1			0.7471811089208508
4103.0			0.8379218408764986
4103.9			0.8862791484736583
4104.8			0.9386201554654053
4105.7			1.0569127912301801
4106.6			1.1714762993443153
4107.5			1.1978043980632354
4108.4			1.1628950975610117
4109.3			1.1000873925627308
4110.2			1.0067356282620779
4111.1			1.0
4112.0			1.0
4112.9			1.0
4113.8			1.0
4114.7			1.0
4115.6			1.0
4116.5			1.0
4117.4			1.0
4118.3			1.0
4119.2			1.0
4120.1			1.0
4121.0			1.0
4121.9			1.0
4122.8			1.0
4123.7			1.0
4124.6			1.0
4125.5			1.0
4126.4			1.0
4127.3			1.0
4128.2			1.0
4129.1			1.0
4130.0			1.0
4130.9			1.0
4131.8			1.0
4132.7			1.0
4133.6			1.0
4134.5			1.0
4135.4			1.0
4136.3			1.0
4137.2			1.0
4138.1			1.0
4139.0			1.0020463255221321
4139.9			1.0053375687242385
4140.8			0.9724028010149459
4141.7			0.8393793355834678
4142.6			0.6325265307495966
4143.5			0.5089593883377947
4144.4			0.5803112808158777
4145.3			0.7769381140320449
4146.2			0.9445635250692366
4147.1			1.0097259021279075
4148.0			0.9984795700936101
4148.9			1.0
4149.8			1.0
4150.7			1.0
4151.6			1.0
4152.5			1.0
4153.4			1.0
4154.3			1.0
4155.2			1.0
4156.1			1.0
4157.0			1.0
4157.9			1.0
4158.8			1.0
4159.7			1.0
4160.6			1.0
4161.5			1.0
4162.4			1.0
4163.3			1.0
4164.2			1.0
4165.1			1.0
4166.0			1.0
4166.9			1.0
4167.8			0.966151094930387
4168.7			0.9816744426576306
4169.6			1.0493147445162443
4170.5			1.0672818020993011
4171.4			0.955995278326097
4172.3			0.7868755023870413
4173.2			0.7083349098032864
4174.1			0.7586097097862929
4175.0			0.8568863192769026
4175.9			0.9256057274241137
4176.8			0.9427811003176542
4177.7			0.9525947534408499
4178.6			0.9962268247951136
4179.5			1.0
4180.4			1.0
4181.3			1.0
4182.2			1.0
4183.1			1.0
4184.0			1.0
4184.9			1.0
4185.8			1.0
4186.7			1.0
4187.6			1.0
4188.5			1.0
4189.4			1.0
4190.3			1.0
4191.2			1.0
4192.1			1.0498736956154109
4193.0			1.1452320084070942
4193.9			1.1555100786265768
4194.8			1.0756576437195662
4195.7			0.9710337782951802
4196.6			0.8775047799202993
4197.5			0.8097227781713877
4198.4			0.777506523768605
4199.3			0.7773046879951588
4200.2			0.7736846588353119
4201.1			0.7432136801799415
4202.0			0.7380589188837295
4202.9			0.8005602664160443
4203.8			0.8694738281395772
4204.7			0.8992474613776716
4205.6			0.9305155239696836
4206.5			0.9856506727851452
4207.4			1.0515931662524238
4208.3			1.0957131719275914
4209.2			1.0660813019703776
4210.1			0.9912555056699691
4211.0			1.0
4211.9			1.0
4212.8			0.964063874605425
4213.7			0.8531302063636395
4214.6			0.7096337704085247
4215.5			0.6568220739821197
4216.4			0.7612054115716463
4217.3			0.9191090538455449
4218.2			1.0005834148063784
4219.1			1.0
4220.0			1.0
4220.9			0.9842117877990877
4221.8			0.9105954496636676
4222.7			0.777753367778456
4223.6			0.6158535592745596
4224.5			0.4473452133013473
4225.4			0.2883257229987773
4226.3			0.1802123964873083
4227.2			0.17073569943546182
4228.1			0.2739531443125561
4229.0			0.45992177075395385
4229.9			0.6852170469431227
4230.8			0.8972036540717502
4231.7			1.0130156940278026
4232.6			1.014057630419821
4233.5			1.0066849478061706
4234.4			1.0
4235.3			1.0
4236.2			1.0
4237.1			1.0
4238.0			1.0
4238.9			1.0
4239.8			1.0
4240.7			1.0
4241.6			1.0
4242.5			1.0
4243.4			1.0
4244.3			1.0
4245.2			1.0
4246.1			1.0
4247.0			1.0
4247.9			0.9544584467531267
4248.8			0.9190794109638444
4249.7			0.8241894317594199
4250.6			0.7185647955346446
4251.5			0.7095244484476884
4252.4			0.7564707597106072
4253.3			0.7223670181826743
4254.2			0.6367928486084045
4255.1			0.6898007718169836
4256.0			0.938295010248883
4256.9			1.197940668462476
4257.8			1.2814267401728743
4258.7			1.1923665406080461
4259.6			1.0457717889705225
4260.5			0.9722555045510027
4261.4			1.0
4262.3			1.0
4263.2			1.0
4264.1			1.1006004770452733
4265.0			1.129666745811732
4265.9			1.1103008809209698
4266.8			1.0500597967230358
4267.7			0.9606933978133223
4268.6			0.8724726611867885
4269.5			0.7751467815468202
4270.4			0.6294273790890155
4271.3			0.4821571981857786
4272.2			0.43386445924296463
4273.1			0.46784982237619815
4274.0			0.4853399480264682
4274.9			0.5032278519880888
4275.8			0.6137498286035883
4276.7			0.816493929106903
4277.6			1.0283872623372243
4278.5			1.1445294170676925
4279.4			1.1088756502846167
4280.3			1.00481932142799
4281.2			1.0
4282.1			1.0
4283.0			1.0
4283.9			1.0
4284.8			1.0
4285.7			1.0
4286.6			1.0
4287.5			0.9507234529764248
4288.4			0.8208705684837772
4289.3			0.6471365861160763
4290.2			0.5579815477162627
4291.1			0.641699839706491
4292.0			0.8485084384207303
4292.9			0.9977167743239711
4293.8			1.0
4294.7			1.0
4295.6			1.0
4296.5			1.0
4297.4			1.0
4298.3			1.0
4299.2			1.0
4300.1			1.0
4301.0			1.0
4301.9			1.0
4302.8			1.0
4303.7			1.0294206002971402
4304.6			1.0024315578677119
4305.5			0.8709612157601966
4306.4			0.6978362649810469
4307.3			0.5610089649000746
4308.2			0.5121827109608117
4309.1			0.5733066917203641
4310.0			0.7172952214559672
4310.9			0.8797512873832577
4311.8			0.9917168524769006
4312.7			1.0203952503137415
4313.6			1.0
4314.5			1.0
4315.4			1.0
4316.3			1.0
4317.2			1.0
4318.1			1.0
4319.0			1.0
4319.9			1.0
4320.8			1.0
4321.7			0.9733393826506964
4322.6			0.9331838383887302
4323.5			0.8077996659123777
4324.4			0.6166497870338907
4325.3			0.4595903926985838
4326.2			0.4549397637427841
4327.1			0.6346713816761101
4328.0			0.8733149414470838
4328.9			0.9996307180739522
4329.8			1.0
4330.7			1.0
4331.6			1.0
4332.5			1.0
4333.4			1.0
4334.3			1.0
4335.2			1.0381846490288826
4336.1			0.9798425845846266
4337.0			0.8250324180024623
4337.9			0.6927969466222151
4338.8			0.6500199405950932
4339.7			0.649373553839169
4340.6			0.682950533550288
4341.5			0.7867429908948141
4342.4			0.9053417519579872
4343.3			0.9552461012391876
4344.2			0.9752089728404064
4345.1			1.0
4346.0			1.0
4346.9			1.0
4347.8			1.0
4348.7			1.1027257007844824
4349.6			1.1081715291624885
4350.5			0.9423721547779419
4351.4			0.7359462655806625
4352.3			0.657572629234862
4353.2			0.7204364243854695
4354.1			0.8239661688906657
4355.0			0.9127832702918269
4355.9			0.9997837970223575
4356.8			1.0
4357.7			1.0
4358.6			1.0
4359.5			1.0
4360.4			1.0
4361.3			1.0
4362.2			1.0
4363.1			1.0
4364.0			1.0
4364.9			1.0
4365.8			1.0
4366.7			1.0
4367.6			1.0
4368.5			1.0
4369.4			1.0
4370.3			1.0
4371.2			1.0
4372.1			0.9845394064840857
4373.0			0.9209102554488928
4373.9			0.8162643512689292
4374.8			0.728992864311374
4375.7			0.7417952194802815
4376.6			0.8656340204691674
4377.5			1.0
4378.4			1.0559421698327391
4379.3			1.008132741837136
4380.2			0.9224411297239974
4381.1			0.827269423241013
4382.0			0.6796681779938548
4382.9			0.48800977324984773
4383.8			0.37996322600068894
4384.7			0.47616392537082874
4385.6			0.7244575014726293
4386.5			0.9395981658535731
4387.4			1.0263802864580738
4388.3			1.0331145593648852
4389.2			1.017653562892903
4390.1			1.0
4391.0			1.0
4391.9			1.0
4392.8			1.0
4393.7			1.0
4394.6			1.0
4395.5			1.0
4396.4			1.0
4397.3			1.0
4398.2			1.0
4399.1			1.0
4400.0			0.887136114369283
4400.9			0.8666165907220779
4401.8			0.9283749013386752
4402.7			0.9019321474800928
4403.6			0.7055373867205635
4404.5			0.5003904216817784
4405.4			0.46092839546399195
4406.3			0.5441555549003714
4407.2			0.6037024099353122
4408.1			0.6331694259653976
4409.0			0.7332872364466212
4409.9			0.8924450174375053
4410.8			0.9981831195840771
4411.7			1.0
4412.6			0.985329401449503
4413.5			0.8911576752072728
4414.4			0.7318053151429026
4415.3			0.6382458836046249
4416.2			0.697321942237081
4417.1			0.8486704236489652
4418.0			0.993597028417968
4418.9			1.0
4419.8			1.0
4420.7			1.0
4421.6			1.0
4422.5			1.0
4423.4			1.0
4424.3			1.0
4425.2			1.0
4426.1			1.0
4427.0			1.0
4427.9			1.0
4428.8			1.0
4429.7			1.0
4430.6			1.0
4431.5			1.0
4432.4			1.0541640355888766
4433.3			0.9665640528053636
4434.2			0.7975230785554359
4435.1			0.6909087776568332
4436.0			0.7274328924855257
4436.9			0.8626717586704618
4437.8			1.0022241201068727
4438.7			1.0
4439.6			1.0
4440.5			1.0
4441.4			1.0
4442.3			1.0
4443.2			1.0
4444.1			1.0
4445.0			1.0
4445.9			1.0
4446.8			1.0
4447.7			1.0
4448.6			1.0
4449.5			1.0
4450.4			1.0
4451.3			1.0
4452.2			0.9922339563397536
4453.1			0.9216195748275294
4454.0			0.8270579481353787
4454.9			0.7589542777347894
4455.8			0.7585160976260673
4456.7			0.8023097126945153
4457.6			0.8221065962490338
4458.5			0.7961006131465521
4459.4			0.7591935416379649
4460.3			0.7266420785810999
4461.2			0.7047353761096762
4462.1			0.7614262307153137
4463.0			0.9148461823951786
4463.9			1.033476820397032
4464.8			1.0290339479436141
4465.7			0.9871025414174768
4466.6			0.9970522151596207
4467.5			1.021279973812654
4468.4			1.0036479318295695
4469.3			0.9781454899704329
4470.2			0.9961390693358625
4471.1			1.0
4472.0			1.0
4472.9			1.0
4473.8			1.0
4474.7			1.0
4475.6			1.0
4476.5			1.0
4477.4			1.0
4478.3			0.9893894056576102
4479.2			0.90290443231475
4480.1			0.7919814566253125
4481.0			0.7148758631418473
4481.9			0.7070020965041768
4482.8			0.7757091503131687
4483.7			0.8780919117299114
4484.6			0.9573479694954891
4485.5			0.9972287399209461
4486.4			1.0
4487.3			1.0
4488.2			1.0
4489.1			1.0
4490.0			1.0
4490.9			1.0548170871164126
4491.8			1.1275494342770025
4492.7			1.114298462040648
4493.6			0.9893799933880806
4494.5			0.8371023143514241
4495.4			0.7605090414044464
4496.3			0.7827637567736024
4497.2			0.869832382654673
4498.1			0.9700011419578473
4499.0			1.0258118128040792
4499.9			0.99306966860007
4500.8			1.0
4501.7			1.0
4502.6			1.0
4503.5			1.0
4504.4			1.0
4505.3			1.0
4506.2			0.9185492191323138
4507.1			0.8769154992863677
4508.0			0.8893800745248942
4508.9			0.9328929161900041
4509.8			0.9687830767753167
4510.7			0.963397014063331
4511.6			0.9105226183529029
4512.5			0.8458284506685748
4513.4			0.8116536095712475
4514.3			0.8209622349874438
4515.2			0.8596999282234438
4516.1			1.0
4517.0			0.9808135155814701
4517.9			0.9470902522953248
4518.8			0.9714633242028751
4519.7			1.0610808797710354
4520.6			1.155126084701967
4521.5			1.1653028025211827
4522.4			1.0850287290664937
4523.3			1.0160228381857836
4524.2			0.9988700649557309
4525.1			0.9633907150789115
4526.0			0.8760686014864085
4526.9			0.7774527031678722
4527.8			0.7146181918889627
4528.7			0.7151356856418751
4529.6			0.7613959651263553
4530.5			0.8190814048653737
4531.4			0.888901738484229
4532.3			0.9427301412721463
4533.2			0.9182192636843705
4534.1			0.8242853141738634
4535.0			0.7693470551568743
4535.9			0.8665349419234348
4536.8			1.0669849110621645
4537.7			1.0
4538.6			0.9926258896360054
4539.5			0.9155291034964287
4540.4			0.8459865392396954
4541.3			0.8497136571852527
4542.2			0.9322463784257905
4543.1			1.0098946433898195
4544.0			1.0022791618471805
4544.9			1.0
4545.8			1.0
4546.7			1.0
4547.6			1.0
4548.5			1.0
4549.4			1.0
4550.3			1.0
4551.2			1.0147706678387558
4552.1			0.9669835467577058
4553.0			0.8980337338802608
4553.9			0.852944496744063
4554.8			0.8505201794357591
4555.7			0.9057963504991238
4556.6			1.000178156584827
4557.5			1.0
4558.4			1.0
4559.3			1.0
4560.2			1.0
4561.1			1.0
4562.0			0.9896139007700474
4562.9			0.9290836132777506
4563.8			0.841978800866143
4564.7			0.7978773470079207
4565.6			0.8280879771049519
4566.5			0.9172449433229799
4567.4			1.0045421849150893
4568.3			1.0
4569.2			1.0
4570.1			1.0
4571.0			1.0
4571.9			1.0
4572.8			1.0
4573.7			1.0
4574.6			1.0
4575.5			1.0
4576.4			1.0096691400026505
4577.3			1.0069662209114623
4578.2			0.9601401931529268
4579.1			0.8825432319303097
4580.0			0.8295176489279971
4580.9			0.8562273150016466
4581.8			0.9439203782594191
4582.7			1.0087413156337297
4583.6			1.0018235171926615
4584.5			1.0
4585.4			1.0
4586.3			1.0
4587.2			1.0
4588.1			1.0
4589.0			1.0
4589.9			0.9749988093210935
4590.8			0.9038932205329414
4591.7			0.8469294006862554
4592.6			0.8292775568250677
4593.5			0.814727281482316
4594.4			0.7906697195924545
4595.3			0.7916128659866533
4596.2			0.8188881922434726
4597.1			0.8375403792870997
4598.0			0.8515423969203736
4598.9			0.868641057781481
4599.8			0.8602397806317829
4600.7			0.8396822902773657
4601.6			0.8438157640603118
4602.5			0.8510507466455594
4603.4			0.8351192980332314
4604.3			0.8053124050004794
4605.2			0.7785951220474244
4606.1			0.791646554470601
4607.0			0.8763474111000544
4607.9			0.9975693447754146
4608.8			1.066201340184831
4609.7			1.0490164086862679
4610.6			0.994358695300945
4611.5			0.9486606649976008
4612.4			0.9222923320588481
4613.3			0.9257181114900787
4614.2			0.9707979787667425
4615.1			1.023940582137983
4616.0			1.05249275698851
4616.9			1.0714860284527816
4617.8			1.0699429718919249
4618.7			1.023345752778997
4619.6			0.9828966236997578
4620.5			0.9999214052041806
4621.4			1.0
4622.3			1.0
4623.2			1.0
4624.1			1.0
4625.0			1.0
4625.9			1.0
4626.8			1.0
4627.7			1.0
4628.6			1.0
4629.5			1.0
4630.4			1.0
4631.3			1.0
4632.2			1.0
4633.1			1.0
4634.0			1.0
4634.9			1.0
4635.8			1.0
4636.7			1.0
4637.6			1.0
4638.5			1.0
4639.4			1.0
4640.3			0.9592495506400258
4641.2			1.0252489179553597
4642.1			1.1042785409795421
4643.0			1.0988219534792076
4643.9			1.02985280902609
4644.8			0.9365965791970546
4645.7			0.8301207595496978
4646.6			0.763050237127097
4647.5			0.7798887798021628
4648.4			0.8440277000759236
4649.3			0.9089241336787808
4650.2			0.9604067734250242
4651.1			0.9922132174810319
4652.0			1.0
4652.9			0.9890560112643758
4653.8			0.9357631796765672
4654.7			0.8609359406234883
4655.6			0.8128426239891982
4656.5			0.824034844667315
4657.4			0.8964990732003686
4658.3			0.9878036383565357
4659.2			1.0
4660.1			1.0
4661.0			1.0
4661.9			0.9346664609809583
4662.8			0.8789588632030855
4663.7			0.865952192113733
4664.6			0.8763251816879667
4665.5			0.8483100537056198
4666.4			0.7617397107389882
4667.3			0.6848373132793364
4668.2			0.697200262521298
4669.1			0.7960661863743752
4670.0			0.9120391435776309
4670.9			0.988778645834297
4671.8			1.0148383957688711
4672.7			1.0040097840052367
4673.6			1.0
4674.5			1.0
4675.4			1.0
4676.3			1.0
4677.2			1.0
4678.1			0.9796195431767015
4679.0			0.9444502311850427
4679.9			0.9082074221691345
4680.8			0.8789398427763845
4681.7			0.8814044986390774
4682.6			0.9287258979074161
4683.5			0.9805645273878607
4684.4			1.001844193347737
4685.3			1.0000423997089043
4686.2			1.0
4687.1			1.0
4688.0			1.0
4688.9			1.0
4689.8			1.0
4690.7			1.0
4691.6			1.0
4692.5			0.9976423932975383
4693.4			1.019248836186336
4694.3			1.0634941089072318
4695.2			1.1178562931901388
4696.1			1.1379366176647754
4697.0			1.077798908441682
4697.9			0.96602791255624
4698.8			0.9003665076640666
4699.7			0.9197765556635465
4700.6			0.9647753398046061
4701.5			0.9769459082337273
4702.4			0.9633947392718387
4703.3			0.9645382633137992
4704.2			0.9891855021255943
4705.1			0.9973916221043583
4706.0			1.0
4706.9			1.0
4707.8			1.0
4708.7			1.0
4709.6			1.0
4710.5			1.0
4711.4			1.0
4712.3			1.0
4713.2			0.9373311672358788
4714.1			0.8701973152409163
4715.0			0.8664524182873796
4715.9			0.9328616785934918
4716.8			1.001853195019697
4717.7			1.0
4718.6			1.0
4719.5			1.0
4720.4			1.0
4721.3			1.0
4722.2			1.0
4723.1			0.9921400445874872
4724.0			1.0432044965190173
4724.9			1.1002345868243755
4725.8			1.084266407834182
4726.7			0.9727121749782028
4727.6			0.8363941321812326
4728.5			0.7653879258482421
4729.4			0.7751118049298151
4730.3			0.820853236653215
4731.2			0.8764801760424908
4732.1			0.9330912326054873
4733.0			0.9703683687237927
4733.9			0.9977722132178556
4734.8			1.0
4735.7			1.0
4736.6			1.0
4737.5			1.0
4738.4			1.0
4739.3			1.0
4740.2			1.0
4741.1			1.0
4742.0			1.0
4742.9			1.0
4743.8			1.0
4744.7			1.0
4745.6			1.0
4746.5			1.0
4747.4			1.0
4748.3			1.0
4749.2			1.0
4750.1			1.0
4751.0			1.0
4751.9			1.0
4752.8			1.0
4753.7			1.0
4754.6			1.0
4755.5			1.0
4756.4			1.0
4757.3			1.0
4758.2			1.0
4759.1			1.0
4760.0			1.0324528553718157
4760.9			1.0227650779953816
4761.8			0.978867200480346
4762.7			0.9491565572118711
4763.6			0.9379398655006742
4764.5			0.9104580259732162
4765.4			0.8674530984417689
4766.3			0.8570708495794573
4767.2			0.905167870466193
4768.1			0.9795226490190797
4769.0			1.0452311979991449
4769.9			1.0746690430569408
4770.8			1.0484067254695395
4771.7			1.0022560287225466
4772.6			1.0004737049787502
4773.5			1.0
4774.4			1.0
4775.3			1.0
4776.2			1.0
4777.1			1.0
4778.0			1.0063457920507786
4778.9			0.9928883480692583
4779.8			0.9825638007327395
4780.7			0.9743699427788893
4781.6			0.9402147683967355
4782.5			0.8855508018234101
4783.4			0.865051566986798
4784.3			0.9056181452577858
4785.2			0.95270768250341
4786.1			0.9648258650014158
4787.0			0.9795142802448137
4787.9			1.0039889465935885
4788.8			1.0027487335158765
4789.7			1.0
4790.6			1.0
4791.5			1.0
4792.4			1.0
4793.3			1.0
4794.2			1.0
4795.1			1.0
4796.0			1.0
4796.9			1.0
4797.8			1.0
4798.7			1.0
4799.6			1.0
4800.5			1.0
4801.4			1.0
4802.3			1.0
4803.2			1.0248608799902807
4804.1			0.9860394659447601
4805.0			0.9271958101872584
4805.9			0.8907054492324237
4806.8			0.8743769042775412
4807.7			0.8726036210344541
4808.6			0.9032341930234706
4809.5			0.9588961583799478
4810.4			0.9965191285757936
4811.3			1.0001609838069787
4812.2			0.9928039079667329
4813.1			1.0
4814.0			1.0
4814.9			1.0
4815.8			1.0
4816.7			1.0
4817.6			1.0
4818.5			1.0
4819.4			1.0
4820.3			1.0
4821.2			1.0
4822.1			1.0
4823.0			1.0
4823.9			1.0
4824.8			1.0
4825.7			1.0
4826.6			1.0
4827.5			1.0
4828.4			1.0
4829.3			1.0129257069439899
4830.2			1.0122075638783659
4831.1			0.9447776308009271
4832.0			0.8682661215568327
4832.9			0.8796754825133966
4833.8			0.9532485974708106
4834.7			0.99396705248345
4835.6			1.0
4836.5			1.0
4837.4			1.0
4838.3			1.0
4839.2			1.0
4840.1			1.0
4841.0			1.0
4841.9			1.0
4842.8			1.0
4843.7			1.0
4844.6			1.0
4845.5			1.0
4846.4			1.0
4847.3			1.0
4848.2			1.0
4849.1			1.0
4850.0			1.0
4850.9			1.0
4851.8			1.0
4852.7			1.0
4853.6			1.0
4854.5			0.9274477202804375
4855.4			0.8880500263292876
4856.3			0.935965092750234
4857.2			1.0075416611961678
4858.1			1.0204812397929977
4859.0			0.9669257132103972
4859.9			0.8823205425474189
4860.8			0.8163042915876759
4861.7			0.8252864798727847
4862.6			0.8924044510143689
4863.5			0.9333858233465164
4864.4			0.940763679400426
4865.3			0.9658245610327958
4866.2			0.9982103370417664
4867.1			0.9996573306129438
4868.0			1.0
4868.9			1.0
4869.8			0.9921793223199233
4870.7			0.9106555704566945
4871.6			0.8500936463041611
4872.5			0.8995399123336723
4873.4			0.9941211105676129
4874.3			1.0
4875.2			1.0
4876.1			1.0
4877.0			1.0
4877.9			1.0
4878.8			1.0
4879.7			1.0
4880.6			1.0
4881.5			1.0
4882.4			1.0
4883.3			1.0
4884.2			1.0
4885.1			1.0
4886.0			1.0
4886.9			1.0
4887.8			1.0256374418470477
4888.7			1.0143281149370305
4889.6			0.9323798890813487
4890.5			0.8176181453089785
4891.4			0.7764426716414984
4892.3			0.8376105085593083
4893.2			0.9137703379609692
4894.1			0.9610234472694096
4895.0			0.9887695751622031
4895.9			1.0
4896.8			1.0
4897.7			1.0
4898.6			1.0
4899.5			1.0
4900.4			1.0
4901.3			1.0
4902.2			1.0
4903.1			1.0
4904.0			1.0
4904.9			1.0
4905.8			1.066978029123094
4906.7			1.068965167994621
4907.6			1.0068473710548296
4908.5			0.9334979170124404
4909.4			0.8870529904329881
4910.3			0.8806192937694918
4911.2			0.9069876704157162
4912.1			0.9337833334880624
4913.0			0.9480779837923199
4913.9			0.9697346097842837
4914.8			1.0016220571339356
4915.7			1.0
4916.6			0.9920082075196318
4917.5			0.9267520563251773
4918.4			0.8179281210154005
4919.3			0.7148920134227621
4920.2			0.686796165287333
4921.1			0.7682747778699975
4922.0			0.9070267090837214
4922.9			0.996402136105477
4923.8			0.989758315139754
4924.7			1.0
4925.6			1.0
4926.5			1.0
4927.4			1.0
4928.3			1.0
4929.2			1.0
4930.1			1.0
4931.0			1.0
4931.9			1.0
4932.8			1.0
4933.7			1.0
4934.6			1.039824530487527
4935.5			1.0871195333112968
4936.4			1.0443398783088955
4937.3			0.9234863335770739
4938.2			0.8245736150685948
4939.1			0.8258196912140329
4940.0			0.9046226400701484
4940.9			0.9740943374794143
4941.8			1.0016791062281296
4942.7			1.0
4943.6			1.0
4944.5			1.0
4945.4			1.0
4946.3			1.0
4947.2			1.0
4948.1			1.0
4949.0			1.0
4949.9			1.0
4950.8			1.0
4951.7			1.0
4952.6			1.0
4953.5			1.0
4954.4			1.0
4955.3			0.9596899109619339
4956.2			0.8590226918298189
4957.1			0.7363807027199504
4958.0			0.717869789858732
4958.9			0.8306830880438764
4959.8			0.9565261518833664
4960.7			1.0002476339166222
4961.6			1.0
4962.5			1.0
4963.4			1.0
4964.3			1.0
4965.2			1.0
4966.1			1.0
4967.0			1.0
4967.9			1.0
4968.8			1.0
4969.7			1.0
4970.6			1.0
4971.5			1.0
4972.4			1.0
4973.3			1.0
4974.2			1.0
4975.1			1.0
4976.0			1.0
4976.9			1.0
4977.8			1.0
4978.7			0.9562160473505223
4979.6			0.9496037339058725
4980.5			0.9327076286650408
4981.4			0.8639302700244254
4982.3			0.799158414117644
4983.2			0.8195483656929599
4984.1			0.9012964427737815
4985.0			0.9612772724580482
4985.9			0.9960031363509123
4986.8			1.0
4987.7			1.0
4988.6			1.0
4989.5			1.0
4990.4			1.0
4991.3			1.0
4992.2			1.0
4993.1			1.0
4994.0			1.0
4994.9			1.0
4995.8			1.0
4996.7			1.0
4997.6			1.0
4998.5			1.0
4999.4			1.0
5000.3			1.0
5001.2			1.0325683598710642
5002.1			1.064243053419637
5003.0			1.0656306778419904
5003.9			1.0355216916250232
5004.8			0.974677185963016
5005.7			0.9120153285922148
5006.6			0.9079649547570784
5007.5			0.9774699063600129
5008.4			1.052169342599091
5009.3			1.0812064453527497
5010.2			1.0780369883145478
5011.1			1.041430644996828
5012.0			0.9641191548793384
5012.9			0.874897365116909
5013.8			0.818882280939593
5014.7			0.842448393593796
5015.6			0.9286099861118727
5016.5			0.9927179350343195
5017.4			1.0065944012555446
5018.3			1.0101888600814937
5019.2			1.0139757972462662
5020.1			0.9957268011381796
5021.0			0.9471295908210434
5021.9			0.8975989211289535
5022.8			0.9094247757944317
5023.7			0.981413333040631
5024.6			1.0417899160025748
5025.5			1.0491346004616944
5026.4			0.9997714627668483
5027.3			1.0
5028.2			1.0
5029.1			1.0
5030.0			1.0
5030.9			1.0
5031.8			1.0
5032.7			1.0
5033.6			1.0
5034.5			1.0
5035.4			1.0
5036.3			1.0
5037.2			1.0286502453388457
5038.1			1.0121670699447571
5039.0			0.8990614793258076
5039.9			0.7603142973470807
5040.8			0.6899176972773249
5041.7			0.7414592653424669
5042.6			1.0
5043.5			1.1114708469292958
5044.4			1.1877059475864327
5045.3			1.2420440155154466
5046.2			1.2442391701730542
5047.1			1.1704873204287431
5048.0			1.043686929303193
5048.9			0.9359533279071468
5049.8			0.9003083688310672
5050.7			0.9146452053483006
5051.6			0.9324139040820052
5052.5			0.9406630010052105
5053.4			0.955356609300738
5054.3			0.9811147842415742
5055.2			0.9951071061881842
5056.1			0.9918864067543564
5057.0			1.0
5057.9			1.0
5058.8			1.0
5059.7			1.0
5060.6			1.0
5061.5			1.0
5062.4			0.9846768960064227
5063.3			0.9028986023949575
5064.2			0.8122717348259667
5065.1			0.815305876170653
5066.0			0.9078095278607751
5066.9			0.9783613947916019
5067.8			0.9902548052796141
5068.7			1.0
5069.6			1.0
5070.5			1.0
5071.4			1.0
5072.3			1.0
5073.2			1.0622896452304016
5074.1			1.1188295749791863
5075.0			1.0799968333427858
5075.9			1.0103016893314904
5076.8			1.010690918463828
5077.7			1.0222259822675657
5078.6			0.9439927382246249
5079.5			0.8363791521182745
5080.4			0.8075973001482658
5081.3			0.8372729556332982
5082.2			0.8568290923740361
5083.1			0.8685866606069867
5084.0			0.898543676121706
5084.9			0.9381330645131769
5085.8			0.9721768636751295
5086.7			0.9930854699356546
5087.6			1.0003083991858093
5088.5			1.0
5089.4			1.0
5090.3			1.0
5091.2			1.0
5092.1			1.0
5093.0			1.0555438862397362
5093.9			1.0413415827330854
5094.8			0.9675955574120412
5095.7			0.9219873255361568
5096.6			0.9392788379392523
5097.5			0.9460172032825657
5098.4			0.8938138716731046
5099.3			0.8631727426362701
5100.2			0.9114109002867999
5101.1			0.9846405584936252
5102.0			1.0272751939243654
5102.9			1.0241715298079415
5103.8			0.9974388801868374
5104.7			0.9906005272758529
5105.6			1.0010163205657545
5106.5			1.0
5107.4			1.0
5108.3			1.0
5109.2			1.0
5110.1			1.0
5111.0			1.0
5111.9			1.0
5112.8			1.0
5113.7			1.0
5114.6			1.0
5115.5			1.0357774449510575
5116.4			1.054595742852401
5117.3			1.081024122943243
5118.2			1.0776521305871392
5119.1			1.037612108525504
5120.0			0.9897661934694917
5120.9			0.957846980293564
5121.8			0.926909040945175
5122.7			0.8585998944431791
5123.6			0.7920280105168243
5124.5			0.7962796460238409
5125.4			0.8418220663920273
5126.3			0.8577453030953289
5127.2			0.8432599857065599
5128.1			0.8259690651996564
5129.0			0.8097294960320751
5129.9			0.829994080587225
5130.8			0.9145695824687019
5131.7			0.9980978535016338
5132.6			1.0
5133.5			1.0
5134.4			1.0
5135.3			1.0
5136.2			1.0
5137.1			1.0
5138.0			1.0
5138.9			1.0
5139.8			1.0641625874426304
5140.7			1.1451250544374916
5141.6			1.1192038280905063
5142.5			1.057502328112593
5143.4			1.0766376048148294
5144.3			1.119129386575098
5145.2			1.1008797089453006
5146.1			1.062952220638558
5147.0			1.0702618076025427
5147.9			1.1213233673843994
5148.8			1.1696333823213172
5149.7			1.1800555544685494
5150.6			1.0
5151.5			0.9763385506038713
5152.4			0.9493597470472466
5153.3			0.9289022955951182
5154.2			0.9684303589738321
5155.1			1.0771322154943548
5156.0			1.1906511006281606
5156.9			1.2717903581961434
5157.8			1.296723012686281
5158.7			1.2600268477154812
5159.6			1.2384939331982863
5160.5			1.2664637723453538
5161.4			1.2557039873902447
5162.3			1.186778603990247
5163.2			1.137754517591359
5164.1			1.0834928407834432
5165.0			0.9438010718217774
5165.9			0.7520898652972943
5166.8			0.6160092412133951
5167.7			0.6026772886589901
5168.6			0.7006920020032256
5169.5			0.821282687053046
5170.4			0.8369210890136533
5171.3			0.711896701951584
5172.2			0.5791174499336695
5173.1			0.6034056679483509
5174.0			0.7788823638336931
5174.9			0.9527987037451459
5175.8			1.0372548762646612
5176.7			1.0602964593480275
5177.6			1.0606105487173352
5178.5			1.0452065233754013
5179.4			1.0
5180.3			0.9293221367657231
5181.2			0.8210741326816346
5182.1			0.6787621675006013
5183.0			0.5653199205036598
5183.9			0.5981825653964778
5184.8			0.7899247532466854
5185.7			1.0050923802077734
5186.6			1.2562726889535036
5187.5			1.2964214695189447
5188.4			1.0
5189.3			1.0293884393703245
5190.2			1.0175737354857
5191.1			0.9007629308918844
5192.0			0.7719797325497821
5192.9			0.7560619554828358
5193.8			0.8237998936870712
5194.7			0.8797335793567738
5195.6			0.927622223427344
5196.5			0.998149605375002
5197.4			1.0
5198.3			1.0
5199.2			1.0
5200.1			1.0
5201.0			1.0
5201.9			0.9614851344076316
5202.8			0.9154044630334525
5203.7			0.8104815386756158
5204.6			0.6735591152135914
5205.5			0.5931232767861885
5206.4			0.5859944367396347
5207.3			0.5746765409321977
5208.2			0.542468188932513
5209.1			0.5574746516811168
5210.0			0.6443095044963112
5210.9			0.7833145281697197
5211.8			0.9226033172826988
5212.7			1.0061095770961845
5213.6			1.0281923326562095
5214.5			1.0008400258044003
5215.4			1.0
5216.3			1.0
5217.2			1.0
5218.1			1.0
5219.0			1.0
5219.9			1.0
5220.8			1.0
5221.7			0.9841515511623544
5222.6			0.9209960663500486
5223.5			0.8255917184337774
5224.4			0.7407783787004101
5225.3			0.67980599054782
5226.2			0.6457553729418062
5227.1			0.6903641665525397
5228.0			0.8282038209727474
5228.9			0.955520085691667
5229.8			1.000402558095552
5230.7			1.0028508077653477
5231.6			1.0
5232.5			1.0
5233.4			1.0
5234.3			1.0
5235.2			1.0
5236.1			1.0
5237.0			1.036525321303789
5237.9			1.0277284220711973
5238.8			0.9935260664290468
5239.7			0.9655339865311269
5240.6			0.9686093426220796
5241.5			0.9920472149960884
5242.4			1.0093415669290746
5243.3			1.036484948620317
5244.2			1.0638428237260835
5245.1			1.0095716946481128
5246.0			0.8600370652344135
5246.9			0.7520932815370485
5247.8			0.7801375435028935
5248.7			0.8454237288153941
5249.6			0.8285080172019624
5250.5			0.7787750568155477
5251.4			0.799253341038728
5252.3			0.8708854360460357
5253.2			0.9041118601226567
5254.1			0.8684456015154592
5255.0			0.8409431630501839
5255.9			0.9012053849746843
5256.8			0.9999267842865501
5257.7			1.0
5258.6			1.0
5259.5			1.0
5260.4			1.0
5261.3			0.9218472055445933
5262.2			0.8354597509159352
5263.1			0.7591842149455109
5264.0			0.7027842690529919
5264.9			0.6618967997816356
5265.8			0.6634520889933516
5266.7			0.7274755324778015
5267.6			0.7529088698370383
5268.5			0.6436496102907567
5269.4			0.5230012067048486
5270.3			0.5645346497856402
5271.2			0.7263456087759617
5272.1			0.8494517426878093
5273.0			0.8887614049225606
5273.9			0.8853953903119949
5274.8			0.8612318405805328
5275.7			0.8673991331859984
5276.6			0.9366427463928388
5277.5			1.0046266365497083
5278.4			1.0
5279.3			0.9661624656350083
5280.2			0.9070973905783204
5281.1			0.85287655683976
5282.0			0.8138907635907622
5282.9			0.7929567718744496
5283.8			0.8153967274018954
5284.7			0.8921674956428265
5285.6			0.9740984210153625
5286.5			1.0011532713514681
5287.4			1.0
5288.3			1.0
5289.2			1.0
5290.1			1.0
5291.0			1.0
5291.9			0.9957115925388587
5292.8			0.9806518281727653
5293.7			0.9840175402745791
5294.6			0.9798110478180714
5295.5			0.9145082019600835
5296.4			0.804812573015683
5297.3			0.7336703894003928
5298.2			0.7669463938607518
5299.1			0.8620566848554198
5300.0			0.9135160634666813
5300.9			0.9092603758188753
5301.8			0.9270983374174274
5302.7			0.99567072774904
5303.6			1.0
5304.5			1.0
5305.4			1.0
5306.3			1.0
5307.2			1.0
5308.1			1.0
5309.0			1.0
5309.9			1.0
5310.8			1.0
5311.7			1.0
5312.6			1.0
5313.5			1.0
5314.4			1.0
5315.3			1.0
5316.2			1.0
5317.1			1.0
5318.0			1.0
5318.9			1.0
5319.8			1.0
5320.7			1.0
5321.6			1.0
5322.5			1.0
5323.4			1.0
5324.3			0.9824071491630094
5325.2			1.0053593495644895
5326.1			0.9584104943992836
5327.0			0.790922944684493
5327.9			0.6385583149281119
5328.8			0.6649452829661816
5329.7			0.8261586404314056
5330.6			0.9584124964886519
5331.5			0.9989579532047842
5332.4			1.0
5333.3			1.0
5334.2			1.0
5335.1			1.0
5336.0			1.0
5336.9			1.0
5337.8			0.994570210752447
5338.7			0.952393198527658
5339.6			0.8636977536828329
5340.5			0.815792968981918
5341.4			0.8717216215590661
5342.3			0.9611719735144967
5343.2			1.0002681314956463
5344.1			1.0
5345.0			1.0
5345.9			1.0
5346.8			1.0
5347.7			1.0
5348.6			1.0
5349.5			1.0
5350.4			1.0
5351.3			1.0
5352.2			1.0
5353.1			1.0
5354.0			1.0
5354.9			1.0
5355.8			1.0
5356.7			1.0
5357.6			1.0
5358.5			1.0
5359.4			1.0
5360.3			1.0
5361.2			1.0
5362.1			1.0
5363.0			1.0
5363.9			1.0
5364.8			1.0
5365.7			1.0
5366.6			1.0
5367.5			0.9856836942405605
5368.4			0.9465033580023634
5369.3			0.8571458730162679
5370.2			0.7466351691297192
5371.1			0.701201050016887
5372.0			0.7770361488720383
5372.9			0.9073555893851462
5373.8			0.9887817025983908
5374.7			1.003578363204429
5375.6			1.0
5376.5			1.0
5377.4			1.0
5378.3			1.0
5379.2			1.0
5380.1			1.0
5381.0			1.0
5381.9			1.0
5382.8			1.0
5383.7			1.0
5384.6			1.0
5385.5			1.0
5386.4			1.0
5387.3			1.0
5388.2			1.0
5389.1			1.0
5390.0			1.0
5390.9			1.0
5391.8			1.0
5392.7			1.0
5393.6			1.0
5394.5			1.0
5395.4			1.0
5396.3			1.0
5397.2			1.0
5398.1			1.0954118083655369
5399.0			1.1969658657130524
5399.9			1.1932714002146703
5400.8			1.148578956104829
5401.7			1.1355448266508559
5402.6			1.1214451062954958
5403.5			1.0395545398088541
5404.4			0.9045062383757861
5405.3			0.8052975520282135
5406.2			0.8097118905366597
5407.1			0.879420536725948
5408.0			0.9069872799437286
5408.9			0.8573377950442126
5409.8			0.8217269619874688
5410.7			0.8714328749439971
5411.6			0.9529877770368568
5412.5			0.9952463953358371
5413.4			1.0
5414.3			1.0
5415.2			1.0
5416.1			1.0
5417.0			1.0
5417.9			1.0
5418.8			1.0
5419.7			1.0
5420.6			0.9921247868409233
5421.5			1.0256315192909358
5422.4			1.0498070062361442
5423.3			1.0191000825104515
5424.2			0.9829656896096051
5425.1			1.0017903602759948
5426.0			1.0546321066198383
5426.9			1.091030423254316
5427.8			1.042335057354086
5428.7			0.9050496978711687
5429.6			0.8182946541926773
5430.5			0.8672337905439603
5431.4			0.9330449276967733
5432.3			0.9148820988378661
5433.2			0.8598413861604728
5434.1			0.8224967621552204
5435.0			0.8207200909945845
5435.9			0.8483086289750263
5436.8			0.8883296905999252
5437.7			0.9407016477532877
5438.6			1.000003961681194
5439.5			1.0
5440.4			1.0
5441.3			1.0
5442.2			1.0
5443.1			1.0085675020985705
5444.0			0.9907390387352814
5444.9			0.9157481268816129
5445.8			0.8017041336183272
5446.7			0.7354930448528635
5447.6			0.7792708433209802
5448.5			0.8813848023836105
5449.4			0.9646439056656004
5450.3			1.003602928130941
5451.2			1.0
5452.1			1.0
5453.0			0.9631526532566943
5453.9			0.8985149164762263
5454.8			0.8185133905267649
5455.7			0.7877358652826777
5456.6			0.8475731327024669
5457.5			0.9442890685919244
5458.4			1.0005998604633113
5459.3			1.0
5460.2			1.0
5461.1			1.0
5462.0			1.0
5462.9			1.0
5463.8			1.0
5464.7			1.0
5465.6			1.0
5466.5			1.0
5467.4			1.0
5468.3			1.0
5469.2			1.0
5470.1			1.0
5471.0			1.0
5471.9			1.0214462216427913
5472.8			0.9999035315880247
5473.7			0.9729158322305136
5474.6			0.9808209870532997
5475.5			0.9654333799360314
5476.4			0.914385504474329
5477.3			0.9331574419586343
5478.2			1.0403451957891774
5479.1			1.1185825760795933
5480.0			1.0850505564527937
5480.9			0.9955743175142507
5481.8			1.0
5482.7			1.0
5483.6			1.069606283471953
5484.5			1.12340344119418
5485.4			1.1300294803232107
5486.3			1.0705644493858644
5487.2			0.9935261162047481
5488.1			0.9747300578971466
5489.0			0.9911476280851137
5489.9			0.9844640057059807
5490.8			0.9858632700354262
5491.7			1.006927279508087
5492.6			0.9950598729471808
5493.5			1.0
5494.4			1.0
5495.3			1.0
5496.2			1.0
5497.1			1.0
5498.0			1.0
5498.9			1.0
5499.8			1.0
5500.7			1.0
5501.6			1.0
5502.5			1.0
5503.4			1.0
5504.3			1.0
5505.2			1.0
5506.1			1.0
5507.0			1.0
5507.9			1.0
5508.8			1.0328124803545682
5509.7			1.0118665151187785
5510.6			0.9609651782424596
5511.5			0.8983221198886914
5512.4			0.8533876271786126
5513.3			0.8338039775562858
5514.2			0.8199368448660913
5515.1			0.8243323321013937
5516.0			0.8555681201588052
5516.9			0.9029883095900588
5517.8			0.963458091090507
5518.7			1.005845823290473
5519.6			1.0013017846542211
5520.5			1.0
5521.4			1.0
5522.3			1.0
5523.2			1.0
5524.1			1.0
5525.0			0.9938158678144897
5525.9			0.9704983923506119
5526.8			0.924029120956209
5527.7			0.8789267230438949
5528.6			0.8883395048305702
5529.5			0.952037730907813
5530.4			0.999936510551043
5531.3			1.0
5532.2			1.0
5533.1			1.0
5534.0			1.0
5534.9			1.0
5535.8			1.0
5536.7			1.0
5537.6			1.0
5538.5			1.0
5539.4			1.0
5540.3			1.0
5541.2			1.0
5542.1			1.0
5543.0			1.0
5543.9			1.0
5544.8			1.0
5545.7			1.0
5546.6			1.0
5547.5			1.0
5548.4			1.0
5549.3			1.0
5550.200000000001			1.0
5551.1			1.0
5552.0			1.0
5552.9			1.0
5553.8			1.0
5554.700000000001			1.0
5555.6			1.0
5556.5			1.0
5557.4			1.0
5558.3			1.0
5559.200000000001			1.0
5560.1			1.0
5561.0			1.0
5561.9			0.9811732484478787
5562.8			0.9818875017569114
5563.700000000001			0.9966030114253741
5564.6			0.9904413047546475
5565.5			0.9540405880106199
5566.4			0.9270251536171051
5567.3			0.9351637444091595
5568.200000000001			0.9552759496981432
5569.1			0.9599821506603544
5570.0			0.9723422705519378
5570.9			1.0009195442077723
5571.8			1.0
5572.700000000001			1.0
5573.6			1.0
5574.5			1.0
5575.4			1.0
5576.3			1.0
5577.200000000001			1.0
5578.1			1.0
5579.0			0.989071962230215
5579.9			1.0055548765053894
5580.8			1.0148014529788814
5581.700000000001			0.9978554191850597
5582.6			0.9823445807780086
5583.5			0.9686383644333075
5584.4			0.9463176722708122
5585.3			0.91928538984264
5586.200000000001			0.8825907242520048
5587.1			0.8407252702529115
5588.0			0.816098450454203
5588.9			0.8199828338038058
5589.8			0.8470887536901514
5590.700000000001			0.8797611627946155
5591.6			0.8925317882165175
5592.5			0.8935151498555777
5593.4			0.9025640334624039
5594.3			1.0
5595.200000000001			1.0470841915499136
5596.1			1.0869952956395827
5597.0			1.0539282324011547
5597.9			0.9700318396241217
5598.8			0.9203987937814385
5599.700000000001			0.9122099517214242
5600.6			0.8984266722609182
5601.5			0.8822717584565335
5602.4			0.8781567697986884
5603.3			0.890147217127894
5604.200000000001			0.920771499884629
5605.1			0.9609337218140803
5606.0			0.9973442895795326
5606.9			1.010495178378991
5607.8			1.0012800328488207
5608.700000000001			1.0
5609.6			1.0
5610.5			1.0
5611.4			1.0
5612.3			1.0
5613.200000000001			1.0
5614.1			0.9453157136321189
5615.0			0.867472819493462
5615.9			0.8589381936791364
5616.8			0.9269237711954159
5617.700000000001			0.9832210892688676
5618.6			1.0
5619.5			1.0
5620.4			1.0050847622652006
5621.3			1.0475026315505689
5622.200000000001			1.0700395102385443
5623.1			1.0264869240996937
5624.0			0.9395692441048047
5624.9			0.8895582170088624
5625.8			0.9116005483337293
5626.700000000001			0.9540717544665016
5627.6			1.0
5628.5			1.0175203873731977
5629.4			1.0392617546713974
5630.3			1.053379810513778
5631.200000000001			1.0597076499396336
5632.1			1.0611165116995722
5633.0			1.0599096750413253
5633.9			1.051462297222408
5634.8			1.0283151416869079
5635.700000000001			0.9981799492706691
5636.6			0.97770083714524
5637.5			0.9746474585048178
5638.4			0.9833189202501453
5639.3			0.988742618080148
5640.200000000001			0.9749295492735152
5641.1			0.9517992089062687
5642.0			0.9472790879558571
5642.9			0.9586701357156537
5643.8			0.9661629258166958
5644.700000000001			0.9706699789831174
5645.6			0.9702307081076266
5646.5			0.9704086610012923
5647.4			0.9760058480904723
5648.3			0.9737494646113986
5649.200000000001			0.9712817134856502
5650.1			0.9898551140365779
5651.0			1.0259345213469162
5651.9			1.0547008840311332
5652.8			1.0576456745002216
5653.700000000001			1.0330215629115742
5654.6			1.0
5655.5			1.0046627325756388
5656.4			1.0094818031380561
5657.3			0.9499409600672163
5658.200000000001			0.8698240075560868
5659.1			0.8788698254342039
5660.0			0.9601716303403345
5660.9			0.9948493163626122
5661.8			1.0
5662.700000000001			1.0
5663.6			1.0
5664.5			1.0
5665.4			1.0
5666.3			1.0
5667.200000000001			1.0
5668.1			1.0
5669.0			1.0
5669.9			1.0
5670.8			1.0
5671.700000000001			1.0
5672.6			1.0
5673.5			1.0
5674.4			1.0
5675.3			1.0
5676.200000000001			1.0
5677.1			1.0
5678.0			1.0
5678.9			1.0
5679.8			1.0
5680.700000000001			1.0
5681.6			1.0
5682.5			1.0
5683.4			1.0
5684.3			1.0286774474099476
5685.200000000001			1.0326995264795535
5686.1			0.9889417508617147
5687.0			0.9360864862964388
5687.9			0.9166654726509597
5688.8			0.9307296110878668
5689.700000000001			0.9588393326478055
5690.6			0.9807444739330913
5691.5			0.9948752048328589
5692.4			1.0
5693.3			1.0
5694.200000000001			1.0
5695.1			1.0
5696.0			1.0
5696.9			1.0
5697.8			1.0
5698.700000000001			1.0
5699.6			1.0
5700.5			1.0
5701.4			0.9636692930648586
5702.3			0.948214892544962
5703.200000000001			0.9772327232870478
5704.1			1.0213376196929949
5705.0			1.028310863453302
5705.9			0.9865966588888341
5706.8			0.9295946186131658
5707.700000000001			0.8825828433070242
5708.6			0.8554259833391409
5709.5			0.8698367156122282
5710.4			0.9019613276059417
5711.3			0.8993763377725874
5712.200000000001			0.8979640231993614
5713.1			0.9427805965396768
5714.0			0.987254988732084
5714.9			1.000078509109009
5715.8			0.9976862196962288
5716.700000000001			1.0
5717.6			1.0
5718.5			1.0
5719.4			1.0
5720.3			1.0
5721.200000000001			1.0
5722.1			1.0
5723.0			1.0
5723.9			1.0
5724.8			0.9891938058659303
5725.700000000001			0.9717217872747279
5726.6			0.9323246781410383
5727.5			0.9150753157116415
5728.4			0.9591619209344391
5729.3			1.009529892352182
5730.200000000001			1.0005422104628434
5731.1			1.0
5732.0			1.0
5732.9			1.0
5733.8			1.0
5734.700000000001			1.0
5735.6			1.0
5736.5			1.0
5737.4			1.0
5738.3			1.0
5739.200000000001			1.0
5740.1			1.0
5741.0			1.0
5741.9			1.0
5742.8			1.0
5743.700000000001			1.0
5744.6			1.0
5745.5			1.0
5746.4			0.9970771809675106
5747.3			0.9539503449625862
5748.200000000001			0.9225373455950262
5749.1			0.9466232350071847
5750.0			1.0000017131454284
5750.9			1.0
5751.8			1.0
5752.700000000001			1.0
5753.6			1.0
5754.5			1.0
5755.4			1.0
5756.3			1.0
5757.200000000001			1.0
5758.1			0.993387105648564
5759.0			0.9628273600456664
5759.9			0.9155762210173027
5760.8			0.865953055764424
5761.700000000001			0.8358015250577163
5762.6			0.8457395082495809
5763.5			0.9007820467468735
5764.4			0.966895730802427
5765.3			1.0007144324447554
5766.200000000001			1.0
5767.1			1.0
5768.0			1.0
5768.9			1.0
5769.8			1.0
5770.700000000001			1.0
5771.6			1.0
5772.5			1.0
5773.4			1.0
5774.3			1.0
5775.200000000001			1.0
5776.1			1.0
5777.0			1.0
5777.9			1.0142771335078915
5778.8			1.0159334643544562
5779.700000000001			0.9700312929100626
5780.6			0.8883487217919651
5781.5			0.8354185885082178
5782.4			0.8435789996822035
5783.3			0.8675632371967814
5784.200000000001			0.8550354406360013
5785.1			0.8291503437158427
5786.0			0.855627623263017
5786.9			0.9221817342037043
5787.8			0.967123548077045
5788.700000000001			0.9858220411958958
5789.6			0.9803752628949789
5790.5			0.9513887111330341
5791.4			0.9505592421460919
5792.3			0.999692236459032
5793.200000000001			1.0
5794.1			1.0
5795.0			1.0
5795.9			0.9787514840304835
5796.8			0.9220029088132835
5797.700000000001			0.8849665635530436
5798.6			0.9189131656916384
5799.5			0.9947384532660413
5800.4			1.0
5801.3			1.0
5802.200000000001			1.0
5803.1			1.0
5804.0			1.0
5804.9			1.0
5805.8			1.0
5806.700000000001			1.0
5807.6			1.0
5808.5			1.0
5809.4			1.0
5810.3			1.0
5811.200000000001			1.0049228794380778
5812.1			0.9976232666045451
5813.0			0.9811795063158542
5813.9			0.9578255497272613
5814.8			0.9304639401547588
5815.700000000001			0.9090575195436555
5816.6			0.9101847884861405
5817.5			0.9442623043922937
5818.4			0.9845607260287833
5819.3			1.0000103523104995
5820.200000000001			0.9984203600052741
5821.1			1.0
5822.0			1.0
5822.9			1.0
5823.8			1.0
5824.700000000001			1.0
5825.6			1.0
5826.5			1.0
5827.4			1.0
5828.3			1.0
5829.200000000001			1.0
5830.1			1.0
5831.0			1.0
5831.9			1.0
5832.8			1.0
5833.700000000001			1.0
5834.6			1.0
5835.5			1.0
5836.4			1.0
5837.3			1.0
5838.200000000001			1.0
5839.1			1.0
5840.0			1.0
5840.9			1.0
5841.8			1.0
5842.700000000001			1.0
5843.6			1.0
5844.5			1.0
5845.4			1.0
5846.3			1.0
5847.200000000001			1.0
5848.1			1.0
5849.0			1.0
5849.9			1.0
5850.8			1.0
5851.700000000001			1.0
5852.6			1.0
5853.5			1.0
5854.4			1.0
5855.3			1.0076301829074341
5856.200000000001			0.9734084392038301
5857.1			0.9219161928401555
5858.0			0.9066750031241105
5858.9			0.9392555502158334
5859.8			0.9812874408579293
5860.700000000001			1.0035464957843117
5861.6			1.0
5862.5			1.0
5863.4			1.0
5864.3			1.0
5865.200000000001			1.0
5866.1			1.0
5867.0			1.0
5867.9			1.0
5868.8			1.0
5869.700000000001			1.0
5870.6			1.0
5871.5			1.0
5872.4			1.0
5873.3			1.0
5874.200000000001			1.0
5875.1			1.0
5876.0			1.0
5876.9			1.0
5877.8			1.0
5878.700000000001			1.0
5879.6			1.0
5880.5			0.9902574611597453
5881.4			1.0346803411510903
5882.3			1.068794114366895
5883.200000000001			1.0583819839801922
5884.1			1.0366932900771957
5885.0			1.0326334059193796
5885.9			1.029191807468041
5886.8			0.9815535135519529
5887.700000000001			0.8490602561112325
5888.6			0.6425111553771089
5889.5			0.46659044732110105
5890.4			0.45729455287039145
5891.3			0.6023849135154622
5892.200000000001			0.7535252011370391
5893.1			0.8164167998853
5894.0			0.7765451369805156
5894.9			0.6436758412981258
5895.8			0.54205260507695
5896.700000000001			0.6173136161084349
5897.6			0.7903134644949096
5898.5			0.9021195601000633
5899.4			0.95169999977172
5900.3			0.9999803538336488
5901.200000000001			1.0
5902.1			1.0
5903.0			1.0
5903.9			1.0
5904.8			1.0
5905.700000000001			1.0
5906.6			1.0
5907.5			1.0
5908.4			1.0
5909.3			1.0
5910.200000000001			1.0
5911.1			1.0
5912.0			0.9942149058121192
5912.9			0.9604072270964975
5913.8			0.9224985228176381
5914.700000000001			0.9075875754491519
5915.6			0.9092735389745719
5916.5			0.9293981393175111
5917.4			0.9648914684509283
5918.3			0.983183097589906
5919.200000000001			0.9973261882940959
5920.1			1.0
5921.0			1.0
5921.9			1.0
5922.8			1.0
5923.700000000001			1.0
5924.6			1.0
5925.5			1.0
5926.4			1.0
5927.3			1.0
5928.200000000001			1.0
5929.1			1.0
5930.0			1.0
5930.9			1.0
5931.8			1.0305693040613808
5932.700000000001			1.0289659625921044
5933.6			0.9884667261218537
5934.5			0.9433349016850704
5935.4			0.944579791944535
5936.3			0.9798343585503345
5937.200000000001			0.9990618451868062
5938.1			1.0
5939.0			1.0
5939.9			1.0
5940.8			1.0
5941.700000000001			1.0
5942.6			1.0
5943.5			1.0
5944.4			1.0
5945.3			1.0
5946.200000000001			1.0
5947.1			1.0
5948.0			1.0
5948.9			1.0
5949.8			1.0052541537679944
5950.700000000001			1.0266169173815778
5951.6			1.0184723817167542
5952.5			0.9887364271964926
5953.4			0.9823824200544977
5954.3			0.9973683357602463
5955.200000000001			0.991410473522151
5956.1			0.9631417316211879
5957.0			0.9462563647245877
5957.9			0.9541826207231014
5958.8			0.9774120505054431
5959.700000000001			1.0049199822401278
5960.6			1.0285038113324385
5961.5			1.0391255806285573
5962.4			1.032277923316745
5963.3			1.016899324144954
5964.200000000001			1.0002496746101388
5965.1			1.0
5966.0			1.0
5966.9			1.0
5967.8			1.0
5968.700000000001			1.0
5969.6			1.0
5970.5			1.0
5971.4			1.0
5972.3			1.0
5973.200000000001			1.0
5974.1			1.0
5975.0			1.0
5975.9			1.0
5976.8			1.0
5977.700000000001			1.0
5978.6			1.0
5979.5			1.0
5980.4			1.0
5981.3			0.9953083131716106
5982.200000000001			0.9714848940585151
5983.1			0.9309295134419967
5984.0			0.899856563601974
5984.9			0.9206133440913197
5985.8			0.9746024145467023
5986.700000000001			1.0008088720162451
5987.6			1.0
5988.5			1.0
5989.4			1.0
5990.3			1.0
5991.200000000001			1.0
5992.1			1.0
5993.0			1.0
5993.9			1.0
5994.8			1.0
5995.700000000001			1.0
5996.6			1.0
5997.5			1.0
5998.4			1.0
5999.3			1.0
6000.200000000001			1.0
6001.1			1.0
6002.0			1.0
6002.9			1.0
6003.8			1.0
6004.700000000001			1.0161137246841088
6005.6			0.9994377339642168
6006.5			0.9692204016674218
6007.4			0.9382161673090709
6008.3			1.0
6009.200000000001			1.0469287920705905
6010.1			1.0992495106319158
6011.0			1.0968092240169927
6011.9			1.0457029795061334
6012.8			0.9974421989718516
6013.700000000001			0.9932422448215958
6014.6			1.016267910010827
6015.5			1.0122279348017307
6016.4			0.9761640631039633
6017.3			0.9565390470856454
6018.200000000001			0.9652910820522227
6019.1			0.9734974972057692
6020.0			0.9767932267164948
6020.9			0.984466174692977
6021.8			0.9918281910420179
6022.700000000001			0.9942308069512851
6023.6			0.9904052945106506
6024.5			0.9933455391731179
6025.4			1.003587319739379
6026.3			1.0
6027.200000000001			1.0
6028.1			1.0
6029.0			1.0
6029.9			1.0
6030.8			1.0
6031.700000000001			1.0
6032.6			1.0
6033.5			1.0
6034.4			1.0
6035.3			1.0
6036.200000000001			1.0
6037.1			1.0
6038.0			1.0
6038.9			1.0
6039.8			1.0
6040.700000000001			1.0
6041.6			1.0
6042.5			1.0
6043.4			1.0
6044.3			1.0
6045.200000000001			1.0
6046.1			1.0
6047.0			1.0
6047.9			1.0
6048.8			1.0
6049.700000000001			1.0
6050.6			1.0
6051.5			1.0
6052.4			1.0
6053.3			1.0
6054.200000000001			1.0
6055.1			1.0
6056.0			1.0
6056.9			1.0
6057.8			1.0
6058.700000000001			1.0
6059.6			1.0
6060.5			1.0
6061.4			0.9840664180486073
6062.3			0.9541486488589265
6063.200000000001			0.9248739346439011
6064.1			0.897455935932899
6065.0			0.8777624625345887
6065.9			0.9037409575949311
6066.8			0.9620968392798203
6067.700000000001			0.9961305015630919
6068.6			0.9996654977643458
6069.5			1.0
6070.4			1.0
6071.3			1.0
6072.200000000001			1.0
6073.1			1.0
6074.0			1.0
6074.9			1.0
6075.8			1.0
6076.700000000001			1.0
6077.6			1.0
6078.5			1.0
6079.4			1.0
6080.3			1.0
6081.200000000001			1.0
6082.1			1.0
6083.0			1.0
6083.9			1.0
6084.8			1.0
6085.700000000001			0.9897072476692577
6086.6			0.9931155704736432
6087.5			1.00357380578603
6088.4			0.9995782585370738
6089.3			0.9619751932826096
6090.200000000001			0.9252528710998995
6091.1			0.9265180730677233
6092.0			0.940549442253912
6092.9			0.9426091016333648
6093.8			0.9610567183045046
6094.700000000001			1.0018572870264757
6095.6			1.0
6096.5			1.0
6097.4			1.0
6098.3			1.0
6099.200000000001			1.0
6100.1			1.017376829225858
6101.0			0.9804937533873438
6101.9			0.8968458216217623
6102.8			0.852098187051681
6103.700000000001			0.9029216852176205
6104.6			0.9758716129058755
6105.5			1.0025121262395016
6106.4			1.0
6107.3			1.0
6108.200000000001			1.0
6109.1			1.0
6110.0			1.0
6110.9			1.0
6111.8			1.0
6112.700000000001			1.0
6113.6			1.0
6114.5			1.0
6115.4			1.0
6116.3			1.0
6117.200000000001			1.0
6118.1			1.0084874505262926
6119.0			0.97729085927369
6119.9			0.9216334680272855
6120.8			0.8730103213598488
6121.700000000001			0.8440964809062779
6122.6			0.8769733937745025
6123.5			0.9648824051644914
6124.4			1.0158329944409688
6125.3			0.9999721670993453
6126.200000000001			1.0
6127.1			1.0
6128.0			1.0
6128.9			1.0
6129.8			1.0
6130.700000000001			1.0
6131.6			1.0
6132.5			1.0
6133.4			0.9746265901103344
6134.3			0.9106318346371196
6135.200000000001			0.8315501413553381
6136.1			0.7632110774611585
6137.0			0.74264469150575
6137.9			0.8155178583304765
6138.8			0.9399554317032763
6139.700000000001			1.0121945352708055
6140.6			1.0053135937523734
6141.5			1.0
6142.4			1.0
6143.3			1.0
6144.200000000001			1.0
6145.1			1.0
6146.0			1.0
6146.9			1.0
6147.8			0.9889353304363288
6148.700000000001			0.9559939141755948
6149.6			0.9294183671651159
6150.5			0.9450552835608071
6151.4			0.9935430589651769
6152.3			1.0
6153.200000000001			1.0
6154.1			1.0
6155.0			1.0
6155.9			1.0
6156.8			1.0
6157.700000000001			1.0
6158.6			0.9971557829288438
6159.5			0.9702799272112894
6160.4			0.8925268986583087
6161.3			0.8006462787676182
6162.200000000001			0.7735539991663177
6163.1			0.8315112389879807
6164.0			0.9176668834799712
6164.9			0.9757722344103613
6165.8			1.0035248886354347
6166.700000000001			1.0
6167.6			1.0
6168.5			1.0
6169.4			1.0
6170.3			1.0
6171.200000000001			1.0
6172.1			1.0
6173.0			1.0
6173.9			1.0
6174.8			1.0
6175.700000000001			1.0
6176.6			1.0
6177.5			1.0
6178.4			1.0
6179.3			1.0
6180.200000000001			1.0
6181.1			1.0
6182.0			1.0
6182.9			1.0
6183.8			1.0
6184.700000000001			1.0
6185.6			0.9590865615805033
6186.5			0.912667585596411
6187.4			0.8964017411036284
6188.3			0.892954310452048
6189.200000000001			0.8773750197104917
6190.1			0.8404724554144147
6191.0			0.7967442423751021
6191.9			0.8061304880395498
6192.8			0.87305080320721
6193.700000000001			0.9306432358937936
6194.6			0.9628735352673906
6195.5			0.9859538577140423
6196.4			1.0
6197.3			0.9912926580860895
6198.200000000001			0.9474029547995811
6199.1			0.8906446239891087
6200.0			0.8788877678220886
6200.9			0.9240275356637393
6201.8			0.9767104199919118
6202.700000000001			0.9993687102780432
6203.6			1.0
6204.5			1.0
6205.4			1.0
6206.3			1.0
6207.200000000001			1.0
6208.1			1.0
6209.0			1.0
6209.9			1.0
6210.8			0.9844683226578063
6211.700000000001			0.9791152999367703
6212.6			0.9450898223864278
6213.5			0.8881711231708614
6214.4			0.8632596447668534
6215.3			0.8749427498489996
6216.200000000001			0.91167209900619
6217.1			0.9733269882085259
6218.0			1.0092932594354076
6218.9			1.0
6219.8			1.0
6220.700000000001			1.0
6221.6			1.0
6222.5			1.0
6223.4			1.0
6224.3			1.0
6225.200000000001			1.0
6226.1			1.0
6227.0			1.0061725673123558
6227.9			0.9914180808458586
6228.8			0.9435446501349048
6229.700000000001			0.8666240752471048
6230.6			0.8199507472961426
6231.5			0.8445421085455984
6232.4			0.8936644785119384
6233.3			0.9410713766305677
6234.200000000001			1.0013512621467948
6235.1			1.0
6236.0			0.9975811449007636
6236.9			0.9799653520631979
6237.8			0.9439282525587884
6238.700000000001			0.8788228544304761
6239.6			0.8245039214025659
6240.5			0.8454231902575388
6241.4			0.8915522851323393
6242.3			0.867669264527661
6243.200000000001			0.833199156661696
6244.1			0.8638408338708252
6245.0			1.0
6245.9			1.0280291539294226
6246.8			1.0718016004273256
6247.700000000001			1.1079715654296518
6248.6			1.1017745154495473
6249.5			1.0773159521454596
6250.4			1.053938828424721
6251.3			1.0050310337455404
6252.200000000001			0.9538952241191656
6253.1			0.9498320934574258
6254.0			0.9702524411939891
6254.9			0.9709664486695059
6255.8			0.9314448851183765
6256.700000000001			0.8573676313896341
6257.6			0.7886879113916893
6258.5			0.782492002169012
6259.4			0.8612330850342058
6260.3			0.9369281948615992
6261.200000000001			0.9630567987658505
6262.1			1.0058716999821327
6263.0			1.0526746459203555
6263.9			1.0324456691843673
6264.8			0.9653785267500344
6265.700000000001			0.9352453762550552
6266.6			0.9586439047349304
6267.5			0.9672845358204089
6268.4			0.9437428062824904
6269.3			0.9456164526843145
6270.200000000001			0.9779935313154434
6271.1			0.9973291885504525
6272.0			1.0
6272.9			1.0
6273.8			1.0
6274.700000000001			1.0
6275.6			1.0
6276.5			1.0
6277.4			1.0
6278.3			1.0
6279.200000000001			1.0
6280.1			1.0
6281.0			1.0
6281.9			1.0
6282.8			1.0
6283.700000000001			1.0
6284.6			1.0
6285.5			1.0
6286.4			1.0
6287.3			1.0
6288.200000000001			1.0
6289.1			1.0
6290.0			1.0
6290.9			1.0
6291.8			1.0
6292.700000000001			0.9786263587267461
6293.6			0.9866513175735825
6294.5			0.9957004381446087
6295.4			0.9554233435069341
6296.3			0.8976757275735949
6297.200000000001			0.8979573312158289
6298.1			0.9541440741558688
6299.0			0.9988709909355041
6299.9			1.0004885849000373
6300.8			1.0
6301.700000000001			1.0
6302.6			1.0
6303.5			1.0
6304.4			1.0
6305.3			1.0
6306.200000000001			1.0
6307.1			1.0
6308.0			1.0
6308.9			1.0
6309.8			1.0
6310.700000000001			1.0
6311.6			0.9711196385876042
6312.5			0.9833953186571937
6313.4			1.001622535904931
6314.3			0.9786537475058719
6315.200000000001			0.9541863494627152
6316.1			0.9588492251830336
6317.0			0.94405106378307
6317.9			0.905368392924863
6318.8			0.9095462562937882
6319.700000000001			0.9577258535469427
6320.6			0.9862575307963899
6321.5			0.9850687764410693
6322.4			0.983924328252468
6323.3			0.9989691631322533
6324.200000000001			0.9996616994430912
6325.1			1.0
6326.0			1.0
6326.9			1.0
6327.8			1.0
6328.700000000001			1.0
6329.6			1.0
6330.5			1.0
6331.4			1.0
6332.3			1.0
6333.200000000001			1.0
6334.1			1.0
6335.0			1.0
6335.9			1.0
6336.8			1.0
6337.700000000001			1.0
6338.6			1.0
6339.5			1.0
6340.4			1.0
6341.3			0.9961183935404779
6342.200000000001			0.9553887342862292
6343.1			0.9044778069279775
6344.0			0.880939908533725
6344.9			0.911417520426507
6345.8			0.9667384972180427
6346.700000000001			0.9993056977240145
6347.6			1.0
6348.5			1.0
6349.4			1.0
6350.3			1.0
6351.200000000001			1.0
6352.1			1.0
6353.0			1.0
6353.9			0.960776122552656
6354.8			0.9390720894496963
6355.700000000001			0.9491439533267673
6356.6			0.9551359739247776
6357.5			0.9171984773272103
6358.4			0.8631183763271645
6359.3			0.8387861900881312
6360.200000000001			0.8393638921485885
6361.1			0.8287946256257639
6362.0			0.8170488008385578
6362.9			0.8308147229816183
6363.8			0.8621873333496718
6364.700000000001			0.8925493182165691
6365.6			0.921311393998286
6366.5			0.9543055714084742
6367.4			0.9955353783369952
6368.3			1.0210899083458411
6369.200000000001			1.0154264977019047
6370.1			0.9996826144542922
6371.0			1.0
6371.9			1.0
6372.8			1.0
6373.700000000001			1.0
6374.6			1.0
6375.5			1.005407193522025
6376.4			1.0141946074608668
6377.3			0.9938341770103452
6378.200000000001			0.9493989542196755
6379.1			0.9323419637721669
6380.0			0.9488615864310858
6380.9			0.964024266616639
6381.8			0.9807814788858281
6382.700000000001			1.0001166841195595
6383.6			1.0
6384.5			1.0
6385.4			1.0
6386.3			1.0
6387.200000000001			1.0
6388.1			1.0
6389.0			1.0
6389.9			1.0
6390.8			0.9916284362739434
6391.700000000001			0.9487072541841138
6392.6			0.884829067106302
6393.5			0.8634245284738974
6394.4			0.9061814931273086
6395.3			0.9612079071997615
6396.200000000001			0.999977882421825
6397.1			1.0
6398.0			1.0
6398.9			1.0
6399.8			1.0
6400.700000000001			1.0
6401.6			1.0
6402.5			1.0
6403.4			1.0
6404.3			1.0
6405.200000000001			1.0
6406.1			1.0
6407.0			1.0
6407.9			1.0
6408.8			1.0
6409.700000000001			1.0
6410.6			1.0
6411.5			1.0
6412.4			1.0
6413.3			1.0
6414.200000000001			1.0
6415.1			1.0
6416.0			1.0
6416.9			0.9857388827522747
6417.8			0.9554492522804133
6418.700000000001			0.926234547397605
6419.6			0.9018879858685717
6420.5			0.8936410342397635
6421.4			0.9217129289483409
6422.3			0.9821405785977942
6423.200000000001			1.0155960446246566
6424.1			1.000206542008597
6425.0			1.0
6425.9			1.0
6426.8			1.0
6427.700000000001			1.0093241044248333
6428.6			0.9871606915494343
6429.5			0.927089383156282
6430.4			0.864453041689417
6431.3			0.8758229780240044
6432.200000000001			0.9472908276227813
6433.1			1.000165283409533
6434.0			1.0
6434.9			1.0
6435.8			1.0
6436.700000000001			1.0
6437.6			1.0
6438.5			1.0
6439.4			1.0
6440.3			1.0
6441.200000000001			1.0
6442.1			1.0
6443.0			1.0
6443.9			1.0
6444.8			1.0
6445.700000000001			1.0
6446.6			1.0
6447.5			0.9608727423261081
6448.4			0.8708160292373436
6449.3			0.7808616058235608
6450.200000000001			0.7770178253128323
6451.1			0.8525230572154583
6452.0			0.9318257237810668
6452.9			0.9943347993475397
6453.8			1.0
6454.700000000001			1.0
6455.6			1.0
6456.5			1.0
6457.4			1.0
6458.3			1.0
6459.200000000001			1.0
6460.1			1.0
6461.0			0.966719377120066
6461.9			0.9051612653846296
6462.8			0.8872703956589414
6463.700000000001			0.9368398595394677
6464.6			0.9894574330741522
6465.5			1.0
6466.4			1.0
6467.3			1.0
6468.200000000001			1.0
6469.1			1.0
6470.0			1.0
6470.9			1.0
6471.8			1.0
6472.700000000001			1.0
6473.6			1.0
6474.5			1.0
6475.4			1.0
6476.3			1.0
6477.200000000001			1.0
6478.1			1.0
6479.0			1.0
6479.9			1.0021657242872177
6480.8			0.9648569276090572
6481.700000000001			0.9146494194567916
6482.6			0.90838954885728
6483.5			0.9456539467017022
6484.4			0.9843365641918237
6485.3			1.0049549359835066
6486.200000000001			1.0
6487.1			1.0
6488.0			1.0029734882613284
6488.9			0.9845969260185459
6489.8			0.9574953509056209
6490.700000000001			0.9505899512801276
6491.6			0.957968854253
6492.5			0.932676283553962
6493.4			0.8539044803321241
6494.3			0.7824591433532689
6495.200000000001			0.7801657744152078
6496.1			0.8187941333310119
6497.0			0.8531931425734901
6497.9			0.8749127231635913
6498.8			0.8879587048942669
6499.700000000001			0.9154932305386384
6500.6			0.9497715827680934
6501.5			0.9752557273524098
6502.4			0.9989623942389776
6503.3			1.0
6504.200000000001			1.0
6505.1			1.0
6506.0			1.0
6506.9			1.0
6507.8			1.0
6508.700000000001			1.0
6509.6			1.0
6510.5			1.0
6511.4			1.0
6512.3			1.0
6513.200000000001			1.0
6514.1			1.0
6515.0			1.0
6515.9			1.0
6516.8			1.0
6517.700000000001			1.0
6518.6			1.0
6519.5			1.0
6520.4			1.0
6521.3			1.0
6522.200000000001			1.0
6523.1			1.0
6524.0			1.0
6524.9			1.0
6525.8			1.0
6526.700000000001			1.0
6527.6			1.0
6528.5			1.0
6529.4			1.010000804545142
6530.3			0.9996125885445033
6531.200000000001			0.971257549517404
6532.1			0.9486834602283171
6533.0			0.9508056203043707
6533.9			0.9763293738037744
6534.8			1.0015525572195272
6535.700000000001			1.0
6536.6			1.0
6537.5			1.0
6538.4			1.0
6539.3			1.0
6540.200000000001			1.0
6541.1			1.0
6542.0			1.0
6542.9			1.0
6543.8			1.0
6544.700000000001			1.0
6545.6			1.0
6546.5			1.0
6547.4			1.0
6548.3			1.0
6549.200000000001			1.0
6550.1			1.0
6551.0			1.0
6551.9			1.0
6552.8			1.0
6553.700000000001			1.0
6554.6			1.0
6555.5			1.0
6556.4			1.0
6557.3			1.0
6558.200000000001			1.0
6559.1			1.0
6560.0			1.0022878610167936
6560.9			0.9323194394392843
6561.8			0.7790377643379498
6562.700000000001			0.6781242673173061
6563.6			0.7551745338020397
6564.5			0.9084592536328384
6565.4			1.0001727439200272
6566.3			1.0
6567.200000000001			1.0
6568.1			1.0
6569.0			0.964440550324005
6569.9			0.956756330365698
6570.8			0.9628752306943262
6571.700000000001			0.9443860008050293
6572.6			0.908838538313612
6573.5			0.8883929460655713
6574.4			0.888336075527679
6575.3			0.9116688608619489
6576.200000000001			0.9544965368256779
6577.1			0.9893575750866249
6578.0			0.9983806868303747
6578.9			1.0
6579.8			1.0
6580.700000000001			1.0
6581.6			1.0
6582.5			1.0
6583.4			1.0
6584.3			1.0
6585.200000000001			1.0
6586.1			1.0
6587.0			1.0
6587.9			1.0
6588.8			1.0
6589.700000000001			1.0
6590.6			0.9874672755575638
6591.5			0.9420691431520061
6592.4			0.8818394478051856
6593.3			0.8645739537686862
6594.200000000001			0.9094949427878123
6595.1			0.9668643098297193
6596.0			0.9964129983865718
6596.9			1.0
6597.8			1.0
6598.700000000001			1.0
6599.6			1.0
6600.5			1.0
6601.4			1.0
6602.3			1.0
6603.200000000001			0.986340115956116
6604.1			0.965430653819094
6605.0			0.9399686008213114
6605.9			0.9256130877014719
6606.8			0.9221900965818105
6607.700000000001			0.9119076300641534
6608.6			0.8981595825463693
6609.5			0.9174185452186623
6610.4			0.9750300738785345
6611.3			1.0194274145736777
6612.200000000001			1.0188308560003028
6613.1			0.9975723608023804
6614.0			1.000845852753926
6614.9			1.0
6615.8			1.0
6616.700000000001			1.0
6617.6			1.0
6618.5			1.0
6619.4			1.0
6620.3			1.0
6621.200000000001			1.0
6622.1			1.0
6623.0			0.9575330184301625
6623.9			0.912777476487919
6624.8			0.9073216253018219
6625.700000000001			0.9534743041514445
6626.6			0.996949913543809
6627.5			1.0
6628.4			1.0
6629.3			0.9833384079523826
6630.200000000001			0.9714581892652483
6631.1			0.9622983583940116
6632.0			0.9460422270607701
6632.9			0.9272079663325746
6633.8			0.9259002225067638
6634.700000000001			0.9541348615321519
6635.6			0.9905680469643691
6636.5			1.0115170105519424
6637.4			1.0135907349763753
6638.3			0.9993486151868447
6639.200000000001			1.0
6640.1			1.0
6641.0			1.0
6641.9			1.0
6642.8			1.0
6643.700000000001			1.0
6644.6			1.0
6645.5			1.0
6646.4			1.0
6647.3			1.0
6648.200000000001			1.0
6649.1			1.0
6650.0			1.0
6650.9			1.0
6651.8			1.0
6652.700000000001			1.0
6653.6			1.0
6654.5			1.0
6655.4			1.0
6656.3			1.0
6657.200000000001			1.0
6658.1			1.0
6659.0			1.0
6659.9			0.9893778701399393
6660.8			0.9788694939943086
6661.700000000001			0.9636308575567806
6662.6			0.9387222718176761
6663.5			0.9282342046046602
6664.4			0.9412497809189831
6665.3			0.9409065079850699
6666.200000000001			0.9235798177846215
6667.1			0.9182630020465715
6668.0			0.9377570725592144
6668.9			0.9726789954534021
6669.8			1.002411195239925
6670.700000000001			1.0146752557395076
6671.6			1.0095474877294663
6672.5			1.0003207466669288
6673.4			0.998251216545633
6674.3			1.0
6675.200000000001			1.0037148480199982
6676.1			0.9775189182056695
6677.0			0.920212974188992
6677.9			0.8864977535260951
6678.8			0.923688799605363
6679.700000000001			0.9842137342323931
6680.6			1.0054438344955823
6681.5			1.0
6682.4			1.0
6683.3			1.0
6684.200000000001			1.0
6685.1			1.0
6686.0			1.0
6686.9			1.0
6687.8			1.0
6688.700000000001			1.0
6689.6			1.0
6690.5			1.0
6691.4			1.0
6692.3			1.0
6693.200000000001			0.9979421165039488
6694.1			0.986349550829166
6695.0			0.9537954600999772
6695.9			0.9214435105827234
6696.8			0.9176302096321906
6697.700000000001			0.9356815647495912
6698.6			0.9588265291137322
6699.5			0.9852628401273725
6700.4			0.9988040488274113
6701.3			1.0
6702.200000000001			1.0
6703.1			1.0
6704.0			1.0
6704.9			1.0
6705.8			1.0
6706.700000000001			1.0
6707.6			1.0
6708.5			1.0
6709.4			1.0
6710.3			0.9874183892298753
6711.200000000001			0.9953146876131315
6712.1			0.9998547800843414
6713.0			0.9880893898832294
6713.9			0.9640072430110286
6714.8			0.9338196844516018
6715.700000000001			0.906375306041111
6716.6			0.8913857905757296
6717.5			0.9029597145922748
6718.4			0.9492906790660803
6719.3			0.992957655071354
6720.200000000001			1.0027814003534918
6721.1			0.9931382776535028
6722.0			0.988990913587226
6722.9			0.9997169368806463
6723.8			1.0
6724.700000000001			1.0
6725.6			1.0
6726.5			1.0
6727.4			1.0
6728.3			1.0
6729.200000000001			1.0
6730.1			1.0
6731.0			1.0
6731.9			1.0
6732.8			1.0
6733.700000000001			1.0
6734.6			1.0
6735.5			1.0
6736.4			1.0
6737.3			1.0
6738.200000000001			1.0
6739.1			1.0
6740.0			1.0
6740.9			1.0
6741.8			1.0
6742.700000000001			1.0
6743.6			1.0
6744.5			1.0
6745.4			1.0
6746.3			1.0
6747.200000000001			1.0
6748.1			1.0
6749.0			1.0
6749.9			1.0010794162691632
6750.8			0.9984464898038117
6751.700000000001			0.9660940562156624
6752.6			0.9258138114119038
6753.5			0.9354753963008957
6754.4			0.9768884314597469
6755.3			1.0010908218945407
6756.200000000001			1.0
6757.1			1.0
6758.0			1.0
6758.9			1.0
6759.8			1.0
6760.700000000001			0.9916268800631899
6761.6			0.9735264545208855
6762.5			0.9691319954905574
6763.4			0.978916112745031
6764.3			0.9763175888665414
6765.200000000001			0.9490635552050574
6766.1			0.9138531187867291
6767.0			0.9068134830487786
6767.9			0.9314321840157355
6768.8			0.9535530349915547
6769.700000000001			0.9504019986119728
6770.6			0.9398155613347224
6771.5			0.9485457895489582
6772.4			0.9752840810383764
6773.3			0.9995902183295708
6774.200000000001			1.0
6775.1			1.0
6776.0			1.0
6776.9			1.0
6777.8			1.0
6778.700000000001			1.0
6779.6			1.0099959347404097
6780.5			1.0004907331459683
6781.4			0.9764225958629951
6782.3			0.9379815043737425
6783.200000000001			0.8986332763243006
6784.1			0.8819827880510203
6785.0			0.8969644956129068
6785.9			0.9328562879769673
6786.8			0.975319993772671
6787.700000000001			1.0035719468202837
6788.6			1.0026625073204314
6789.5			1.0
6790.4			1.0
6791.3			1.0
6792.200000000001			1.0
6793.1			1.0
6794.0			1.0
6794.9			1.0
6795.8			1.0
6796.700000000001			1.0
6797.6			1.0
6798.5			1.0
6799.4			1.0
6800.3			1.0
6801.200000000001			1.0
6802.1			1.0
6803.0			1.0
6803.9			1.0
6804.8			1.0
6805.700000000001			1.0
6806.6			1.0
6807.5			1.0
6808.4			1.0
6809.3			1.0
6810.200000000001			1.0
6811.1			1.0
6812.0			1.0
6812.9			1.0
6813.8			1.0
6814.700000000001			1.0
6815.6			1.0
6816.5			1.0
6817.4			1.0
6818.3			1.0
6819.200000000001			1.0
6820.1			1.0
6821.0			1.0
6821.9			1.0
6822.8			1.0
6823.700000000001			1.0
6824.6			1.0
6825.5			1.0
6826.4			1.0
6827.3			1.0
6828.200000000001			1.0
6829.1			1.0
6830.0			1.0
6830.9			1.0
6831.8			1.0
6832.700000000001			1.0
6833.6			1.0
6834.5			1.023639327864965
6835.4			1.0290028985258948
6836.3			1.019908879223445
6837.200000000001			1.0103174540145123
6838.1			0.9968323589307521
6839.0			0.9735923172077386
6839.9			0.9463716897657827
6840.8			0.926896003457113
6841.700000000001			0.9291206708598714
6842.6			0.9519020946986596
6843.5			0.9801634519648417
6844.4			1.0010557708768881
6845.3			1.0074835942605345
6846.200000000001			1.0055387073279167
6847.1			1.0082794441113414
6848.0			1.0114694091807093
6848.9			1.0032701694238901
6849.8			0.9925462319163116
6850.700000000001			0.991122925883861
6851.6			0.998406957195377
6852.5			1.005375315569992
6853.4			0.993848415758428
6854.3			0.9645152972297336
6855.200000000001			0.9479079644402365
6856.1			0.9593708401079667
6857.0			0.9775879053109471
6857.9			0.9875100103089373
6858.8			0.9860592011615358
6859.700000000001			1.0
6860.6			0.9625724478894493
6861.5			0.9558070591088434
6862.4			0.9947321517675706
6863.3			1.0427816845448463
6864.200000000001			1.0630593942394082
6865.1			1.0
6866.0			0.9951483425856935
6866.9			0.9908313148665202
6867.8			0.9680908624746147
6868.700000000001			0.9322436082594904
6869.6			0.9229420358351118
6870.5			0.9512510586458712
6871.4			0.9628680502755783
6872.3			0.9443952833438065
6873.200000000001			1.0
6874.1			1.0154637482488162
6875.0			1.025018227980145
6875.9			1.0388324177859771
6876.8			1.0619345492339678
6877.700000000001			1.0757672327461656
6878.6			1.0738313102151087
6879.5			1.0613919289379907
6880.4			1.0327000426402857
6881.3			1.0030911591576799
6882.200000000001			1.0014125063987382
6883.1			1.0241685939430991
6884.0			1.0479343771829035
6884.9			1.0565341394308567
6885.8			1.052850846108351
6886.700000000001			1.0477536476925922
6887.6			1.0568432886089196
6888.5			1.0867813563683884
6889.4			1.0980896974699388
6890.3			1.075228291957677
6891.200000000001			1.074179135435875
6892.1			1.0984152830968295
6893.0			1.0862439308669645
6893.9			1.0532444638154752
6894.8			1.062927412864343
6895.700000000001			1.0954607617211802
6896.6			1.0797890804018002
6897.5			1.0423056944486242
6898.4			1.0514918838421043
6899.3			1.083167050324603
6900.200000000001			1.0695164266511965
6901.1			1.0364504574029532
6902.0			1.0522768534277127
6902.9			1.1043112802267148
6903.8			1.111719830017002
6904.700000000001			1.0597183898833105
6905.6			1.0206411498102954
6906.5			1.049060888906439
6907.4			1.1079707948315751
6908.3			1.1194265697799857
6909.200000000001			1.0822625164734923
6910.1			1.0443470658879008
6911.0			1.045902369277932
6911.9			1.069946563819968
6912.8			1.058097511455752
6913.700000000001			1.0179281994961336
6914.6			1.0047627739433576
6915.5			1.0333915742943307
6916.4			1.068469931778467
6917.3			1.0818358730666051
6918.200000000001			1.0778316669702954
6919.1			1.0683122871412674
6920.0			1.072911154820794
6920.9			1.093925866494179
6921.8			1.1058532166025663
6922.700000000001			1.0830023374424804
6923.6			1.0332218227494767
6924.5			0.9914140359285262
6925.4			0.9875027166888454
6926.3			1.0200826201045594
6927.200000000001			1.0534461966387934
6928.1			1.0613214737959382
6929.0			1.056739598578563
6929.9			1.0489692011985454
6930.8			1.0440077665375567
6931.700000000001			1.0377493051961024
6932.6			1.024912124487457
6933.5			1.0279589424364801
6934.4			1.0454880160989242
6935.3			1.048666471949204
6936.200000000001			1.0417255096477445
6937.1			1.0415855069202173
6938.0			1.0493522067681373
6938.9			1.0660665160544
6939.8			1.0877775538126042
6940.700000000001			1.0957080852517977
6941.6			1.0782254772012039
6942.5			1.0491193132143213
6943.4			1.0221842706832371
6944.3			1.0009182561586398
6945.200000000001			1.0042649374834662
6946.1			1.0348704746744355
6947.0			1.0608174028019115
6947.9			1.0720015239590668
6948.8			1.0774182796462068
6949.700000000001			1.0705099397005906
6950.6			1.0477031730320756
6951.5			1.0267328890564629
6952.4			1.0138295440777896
6953.3			0.9994314807313949
6954.200000000001			1.0031038985769425
6955.1			1.0343408729381767
6956.0			1.0659528945609096
6956.9			1.0701857934007735
6957.8			1.063892022859159
6958.700000000001			1.068396484017082
6959.6			1.073103624959974
6960.5			1.0745370251926132
6961.4			1.075668760870264
6962.3			1.0764749989808886
6963.200000000001			1.0834758619797737
6964.1			1.0845066611324257
6965.0			1.062857837470412
6965.9			1.048261314101198
6966.8			1.06589361682403
6967.700000000001			1.0915130155557304
6968.6			1.094343617114266
6969.5			1.071283253258343
6970.4			1.0429139495667266
6971.3			1.0412123616713842
6972.200000000001			1.0661007615743068
6973.1			1.0786458983822043
6974.0			1.059914871806941
6974.9			1.0349502106351434
6975.8			1.0153511465712872
6976.700000000001			0.9779148403424771
6977.6			0.9178369999935138
6978.5			0.8882823605405371
6979.4			0.9258220574139594
6980.3			0.9853350450410948
6981.200000000001			1.0215898691204803
6982.1			1.040942236313478
6983.0			1.0543271094247146
6983.9			1.0629899901137858
6984.8			1.0658002901632622
6985.700000000001			1.0652113999922648
6986.6			1.064160068287009
6987.5			1.0557183070587264
6988.4			1.033371457787165
6989.3			1.0135521935919731
6990.200000000001			1.0193751750733449
6991.1			1.0478058644460235
6992.0			1.072880464587586
6992.9			1.07448016760656
6993.8			1.056695348262724
6994.700000000001			1.046466839360086
6995.6			1.049572455752787
6996.5			1.0523985918995598
6997.4			1.0511250075574543
6998.3			1.033620851965198
6999.200000000001			1.0038532296248979
7000.1			1.0
7001.0			1.0
7001.9			1.0
7002.8			1.0
7003.700000000001			1.0
7004.6			1.0
7005.5			1.0
7006.4			1.0
7007.3			1.0
7008.200000000001			1.0
7009.1			1.0
7010.0			1.0
7010.9			1.0
7011.8			1.0
7012.700000000001			1.0
7013.6			1.0
7014.5			1.0
7015.4			1.0
7016.3			1.0
7017.200000000001			1.0
7018.1			1.0
7019.0			1.0
7019.9			1.0
7020.8			1.0
7021.700000000001			1.0
7022.6			1.0
7023.5			1.0
7024.4			1.0
7025.3			1.0
7026.200000000001			1.0
7027.1			1.0
7028.0			1.0
7028.9			1.0
7029.8			1.0
7030.700000000001			1.0
7031.6			1.0
7032.5			1.0
7033.4			1.0
7034.3			1.0
7035.200000000001			1.0
7036.1			1.0
7037.0			1.0
7037.9			1.0
7038.8			1.0
7039.700000000001			1.0
7040.6			1.0
7041.5			1.0
7042.4			1.0
7043.3			1.0
7044.200000000001			1.0
7045.1			1.0
7046.0			1.0
7046.9			1.0
7047.8			1.0
7048.700000000001			1.0
7049.6			1.0
7050.5			1.0
7051.4			1.0
7052.3			1.0
7053.200000000001			1.0
7054.1			1.0
7055.0			1.0
7055.9			1.0
7056.8			1.0
7057.700000000001			1.0
7058.6			1.0
7059.5			1.0
7060.4			1.0
7061.3			1.0
7062.200000000001			1.0
7063.1			1.0
7064.0			1.0
7064.9			1.0
7065.8			1.0
7066.700000000001			1.0
7067.6			1.0
7068.5			1.0
7069.4			1.0
7070.3			1.0
7071.200000000001			1.0
7072.1			1.0
7073.0			1.0
7073.9			1.0
7074.8			1.0
7075.700000000001			1.0
7076.6			1.0
7077.5			1.0
7078.4			1.0
7079.3			1.0
7080.200000000001			1.0
7081.1			1.0
7082.0			1.0
7082.9			1.0
7083.8			1.0
7084.700000000001			1.0
7085.6			1.0
7086.5			1.0
7087.4			1.0
7088.3			1.0
7089.200000000001			1.0
7090.1			1.0
7091.0			1.0
7091.9			1.0
7092.8			1.0
7093.700000000001			1.0
7094.6			1.0
7095.5			1.0
7096.4			1.0
7097.3			1.0
7098.200000000001			1.0
7099.1			1.0
7100.0			1.0
7100.9			1.0
7101.8			1.0
7102.700000000001			1.0
7103.6			1.0
7104.5			1.0
7105.4			1.0
7106.3			1.0
7107.200000000001			1.0
7108.1			1.0
7109.0			1.0
7109.9			1.0
7110.8			1.0
7111.700000000001			1.0
7112.6			1.0
7113.5			1.0
7114.4			1.0
7115.3			1.0
7116.200000000001			1.0
7117.1			1.0
7118.0			1.0
7118.9			1.0
7119.8			1.0
7120.700000000001			1.0
7121.6			1.0
7122.5			1.0
7123.4			1.0
7124.3			1.0
7125.200000000001			1.0
7126.1			1.0
7127.0			1.0
7127.9			1.0
7128.8			1.0
7129.700000000001			1.0
7130.6			1.0
7131.5			1.0
7132.4			1.0
7133.3			1.0
7134.200000000001			1.0
7135.1			1.0
7136.0			1.0
7136.9			1.0
7137.8			1.0
7138.700000000001			1.0
7139.6			1.0
7140.5			1.0
7141.4			1.0
7142.3			1.0
7143.200000000001			1.0
7144.1			1.0
7145.0			1.0
7145.9			1.0
7146.8			1.0
7147.700000000001			1.0
7148.6			1.0
7149.5			1.0
7150.4			1.0
7151.3			1.0
7152.200000000001			1.0
7153.1			1.0
7154.0			1.0
7154.9			1.0
7155.8			1.0
7156.700000000001			1.0
7157.6			1.0
7158.5			1.0
7159.4			1.0
7160.3			1.0
7161.200000000001			1.0
7162.1			1.0
7163.0			1.0
7163.9			1.0
7164.8			1.0
7165.700000000001			1.0
7166.6			1.0
7167.5			1.0
7168.4			1.0
7169.3			1.0
7170.200000000001			1.0
7171.1			1.0
7172.0			1.0
7172.9			1.0
7173.8			1.0
7174.700000000001			1.0
7175.6			1.0
7176.5			1.0
7177.4			1.0
7178.3			1.0
7179.200000000001			1.0
7180.1			1.0
7181.0			1.0
7181.9			1.0
7182.8			1.0
7183.700000000001			1.0
7184.6			1.0
7185.5			1.0
7186.4			1.0
7187.3			1.0
7188.200000000001			1.0
7189.1			1.0
7190.0			1.0
7190.9			1.0
7191.8			1.0
7192.700000000001			1.0
7193.6			1.0
7194.5			1.0
7195.4			1.0
7196.3			1.0
7197.200000000001			1.0
7198.1			1.0
7199.0			1.0
7199.9			1.0
7200.8			1.0
7201.700000000001			1.0
7202.6			1.0
7203.5			1.0
7204.4			1.0
7205.3			1.0
7206.200000000001			1.0
7207.1			1.0
7208.0			1.0
7208.9			1.0
7209.8			1.0
7210.700000000001			1.0
7211.6			1.0
7212.5			1.0
7213.4			1.0
7214.3			1.0
7215.200000000001			1.0
7216.1			1.0
7217.0			1.0
7217.9			1.0
7218.8			1.0
7219.700000000001			1.0
7220.6			1.0
7221.5			1.0
7222.4			1.0
7223.3			1.0
7224.200000000001			1.0
7225.1			1.0
7226.0			1.0
7226.9			1.0
7227.8			1.0
7228.700000000001			1.0
7229.6			1.0
7230.5			1.0
7231.4			1.0
7232.3			1.0
7233.200000000001			1.0
7234.1			1.0
7235.0			1.0
7235.9			1.0
7236.8			1.0
7237.700000000001			1.0
7238.6			1.0
7239.5			1.0
7240.4			1.0
7241.3			1.0
7242.200000000001			1.0
7243.1			1.0
7244.0			1.0
7244.9			1.0
7245.8			1.0
7246.700000000001			1.0
7247.6			1.0
7248.5			1.0
7249.4			1.0
7250.3			1.0
7251.200000000001			1.0
7252.1			1.0
7253.0			1.0
7253.9			1.0
7254.8			1.0
7255.700000000001			1.0
7256.6			1.0
7257.5			1.0
7258.4			1.0
7259.3			1.0
7260.200000000001			1.0
7261.1			1.0
7262.0			1.0
7262.9			1.0
7263.8			1.0
7264.700000000001			1.0
7265.6			1.0
7266.5			1.0
7267.4			1.0
7268.3			1.0
7269.200000000001			1.0
7270.1			1.0
7271.0			1.0
7271.9			1.0
7272.8			1.0
7273.700000000001			1.0
7274.6			1.0
7275.5			1.0
7276.4			1.0
7277.3			1.0
7278.200000000001			1.0
7279.1			1.0
7280.0			1.0
7280.9			1.0
7281.8			1.0
7282.700000000001			1.0
7283.6			1.0
7284.5			1.0
7285.4			1.0
7286.3			1.0
7287.200000000001			1.0
7288.1			1.0
7289.0			1.0
7289.9			1.0
7290.8			1.0
7291.700000000001			1.0
7292.6			1.0
7293.5			1.0
7294.4			1.0
7295.3			1.0
7296.200000000001			1.0
7297.1			1.0
7298.0			1.0
7298.9			1.0
7299.8			1.0
7300.700000000001			1.0
7301.6			1.0
7302.5			1.0
7303.4			1.0
7304.3			1.0
7305.200000000001			1.0
7306.1			1.0
7307.0			1.0
7307.9			1.0
7308.8			1.0
7309.700000000001			1.0
7310.6			1.0
7311.5			1.0
7312.4			1.0
7313.3			1.0
7314.200000000001			1.0
7315.1			1.0
7316.0			1.0
7316.9			1.0
7317.8			1.0
7318.700000000001			1.0
7319.6			1.0
7320.5			1.0
7321.4			1.0
7322.3			1.0
7323.200000000001			1.0
7324.1			1.0
7325.0			1.0
7325.9			1.0
7326.8			1.0
7327.700000000001			1.0
7328.6			1.0
7329.5			1.0
7330.4			1.0
7331.3			1.0
7332.200000000001			1.0
7333.1			1.0
7334.0			1.0
7334.9			1.0
7335.8			1.0
7336.700000000001			1.0
7337.6			1.0
7338.5			1.0
7339.4			1.0
7340.3			1.0
7341.200000000001			1.0
7342.1			1.0
7343.0			1.0
7343.9			1.0
7344.8			1.0
7345.700000000001			1.0
7346.6			1.0
7347.5			1.0
7348.4			1.0
7349.3			1.0
7350.200000000001			1.0
7351.1			1.0
7352.0			1.0
7352.9			1.0
7353.8			1.0
7354.700000000001			1.0
7355.6			1.0
7356.5			1.0
7357.4			1.0
7358.3			1.0
7359.200000000001			1.0
7360.1			1.0
7361.0			1.0
7361.9			1.0
7362.8			1.0
7363.700000000001			1.0
7364.6			1.0
7365.5			1.0
7366.4			1.0
7367.3			1.0
7368.200000000001			1.0
7369.1			1.0
7370.0			1.0
7370.9			1.0
7371.8			1.0
7372.700000000001			1.0
7373.6			1.0
7374.5			1.0
7375.4			1.0
7376.3			1.0
7377.200000000001			1.0
7378.1			1.0
7379.0			1.0
7379.9			1.0
7380.8			1.0
7381.700000000001			1.0
7382.6			1.0
7383.5			1.0
7384.4			1.0
7385.3			1.0
7386.200000000001			1.0
7387.1			1.0
7388.0			1.0
7388.9			1.0
7389.8			1.0
7390.700000000001			1.0
7391.6			1.0
7392.5			1.0
7393.4			1.0
7394.3			1.0
7395.200000000001			1.0
7396.1			1.0
7397.0			1.0
7397.9			1.0
7398.8			1.0
7399.700000000001			1.0
7400.6			1.0
7401.5			1.0
7402.4			1.0
7403.3			1.0
7404.200000000001			1.0
7405.1			1.0
7406.0			1.0
7406.9			1.0
7407.8			1.0
7408.700000000001			1.0
7409.6			1.0
7410.5			1.0
7411.4			1.0
7412.3			1.0
7413.200000000001			1.0
7414.1			1.0
7415.0			1.0
7415.9			1.0
7416.8			1.0
7417.700000000001			1.0
7418.6			1.0
7419.5			1.0
7420.4			1.0
7421.3			1.0
7422.200000000001			1.0
7423.1			1.0
7424.0			1.0
7424.9			1.0
7425.8			1.0
7426.700000000001			1.0
7427.6			1.0
7428.5			1.0
7429.4			1.0
