3500.0			1.0
3500.9			1.0
3501.8			1.0
3502.7			1.0
3503.6			1.0
3504.5			1.0
3505.4			1.0
3506.3			1.0
3507.2			1.0
3508.1			1.0
3509.0			1.0
3509.9			1.0
3510.8			1.0
3511.7			1.0
3512.6			1.0
3513.5			1.0
3514.4			1.0
3515.3			1.0
3516.2			1.0
3517.1			1.0
3518.0			1.0
3518.9			1.0
3519.8			1.0
3520.7			1.0
3521.6			1.0
3522.5			1.0
3523.4			1.0
3524.3			1.0
3525.2			1.0
3526.1			1.0
3527.0			1.0
3527.9			1.0
3528.8			1.0
3529.7			1.0
3530.6			1.0
3531.5			1.0
3532.4			1.0
3533.3			1.0
3534.2			1.0
3535.1			1.0
3536.0			1.0
3536.9			1.0
3537.8			1.0
3538.7			1.0
3539.6			1.0
3540.5			1.0
3541.4			1.0
3542.3			1.0
3543.2			1.0
3544.1			1.0
3545.0			1.0
3545.9			1.0
3546.8			1.0
3547.7			1.0
3548.6			1.0
3549.5			1.0
3550.4			1.0
3551.3			1.0
3552.2			1.0
3553.1			1.0
3554.0			1.0
3554.9			1.0
3555.8			1.0
3556.7			1.0
3557.6			1.0
3558.5			1.0
3559.4			1.0
3560.3			1.0
3561.2			1.0
3562.1			1.0
3563.0			1.0
3563.9			1.0
3564.8			1.0
3565.7			1.0
3566.6			1.0
3567.5			1.0
3568.4			1.0
3569.3			1.0
3570.2			1.0
3571.1			1.0
3572.0			1.0
3572.9			1.0
3573.8			1.0
3574.7			1.0
3575.6			1.0
3576.5			1.0
3577.4			1.0
3578.3			1.0
3579.2			1.0
3580.1			1.0
3581.0			1.0
3581.9			1.0
3582.8			1.0
3583.7			1.0
3584.6			1.0
3585.5			1.0
3586.4			1.0
3587.3			1.0
3588.2			1.0
3589.1			1.0
3590.0			1.0
3590.9			1.0
3591.8			1.0
3592.7			1.0
3593.6			1.0
3594.5			1.0
3595.4			1.0
3596.3			1.0
3597.2			1.0
3598.1			1.0
3599.0			1.0
3599.9			1.0
3600.8			1.0
3601.7			1.0
3602.6			1.0
3603.5			1.0
3604.4			1.0
3605.3			1.0
3606.2			1.0
3607.1			1.0
3608.0			1.0
3608.9			1.0
3609.8			1.0
3610.7			1.0
3611.6			1.0
3612.5			1.0
3613.4			1.0
3614.3			1.0
3615.2			1.0
3616.1			1.0
3617.0			1.0
3617.9			1.0
3618.8			1.0
3619.7			1.0
3620.6			1.0
3621.5			1.0
3622.4			1.0
3623.3			1.0
3624.2			1.0
3625.1			1.0
3626.0			1.0
3626.9			1.0
3627.8			1.0
3628.7			1.0
3629.6			1.0
3630.5			1.0
3631.4			1.0
3632.3			1.0
3633.2			1.0
3634.1			1.0
3635.0			1.0
3635.9			1.0
3636.8			1.0
3637.7			1.0
3638.6			1.0
3639.5			1.0
3640.4			1.0
3641.3			1.0
3642.2			1.0
3643.1			1.0
3644.0			1.0
3644.9			1.0
3645.8			1.0
3646.7			1.0
3647.6			1.0
3648.5			1.0
3649.4			1.0
3650.3			1.0
3651.2			1.0
3652.1			1.0
3653.0			1.0
3653.9			1.0
3654.8			1.0
3655.7			1.0
3656.6			1.0
3657.5			1.0
3658.4			1.0
3659.3			1.0
3660.2			1.0
3661.1			1.0
3662.0			1.0
3662.9			1.0
3663.8			1.0
3664.7			1.0
3665.6			1.0
3666.5			1.0
3667.4			1.0
3668.3			1.0
3669.2			1.0
3670.1			1.0
3671.0			1.0
3671.9			1.0
3672.8			1.0
3673.7			1.0
3674.6			1.0
3675.5			1.0
3676.4			1.0
3677.3			1.0
3678.2			1.0
3679.1			1.0
3680.0			1.0
3680.9			1.0
3681.8			1.0
3682.7			1.0
3683.6			1.0
3684.5			1.0
3685.4			1.0
3686.3			1.0
3687.2			1.0
3688.1			1.0
3689.0			1.0
3689.9			1.0
3690.8			1.0
3691.7			1.0
3692.6			1.0
3693.5			1.0
3694.4			1.0
3695.3			1.0
3696.2			1.0
3697.1			1.0
3698.0			1.0
3698.9			1.0
3699.8			1.0
3700.7			1.0
3701.6			1.0
3702.5			1.0
3703.4			1.0
3704.3			1.0
3705.2			1.0
3706.1			1.0
3707.0			1.0
3707.9			1.0
3708.8			1.0
3709.7			1.0
3710.6			1.0
3711.5			1.0
3712.4			1.0
3713.3			1.0
3714.2			1.0
3715.1			1.0
3716.0			1.0
3716.9			1.0
3717.8			1.0
3718.7			1.0
3719.6			1.0
3720.5			1.0
3721.4			1.0
3722.3			1.0
3723.2			1.0
3724.1			1.0
3725.0			1.0
3725.9			1.0
3726.8			1.0
3727.7			1.0
3728.6			1.0
3729.5			1.0
3730.4			1.0
3731.3			1.0
3732.2			1.0
3733.1			1.0
3734.0			1.0
3734.9			1.0
3735.8			1.0
3736.7			1.0
3737.6			1.0
3738.5			1.0
3739.4			1.0
3740.3			1.0
3741.2			1.0
3742.1			1.0
3743.0			1.0
3743.9			1.0
3744.8			1.0
3745.7			1.0
3746.6			1.0
3747.5			1.0
3748.4			1.0
3749.3			1.0
3750.2			1.0
3751.1			1.0
3752.0			1.0
3752.9			1.0
3753.8			1.0
3754.7			1.0
3755.6			1.0
3756.5			1.0
3757.4			1.0
3758.3			1.0
3759.2			1.0
3760.1			1.0
3761.0			1.0
3761.9			1.0
3762.8			1.0
3763.7			1.0
3764.6			1.0
3765.5			1.0
3766.4			1.0
3767.3			1.0
3768.2			1.0
3769.1			1.0
3770.0			1.0
3770.9			1.0
3771.8			1.0
3772.7			1.0
3773.6			1.0
3774.5			1.0
3775.4			1.0
3776.3			1.0
3777.2			1.0
3778.1			1.0
3779.0			1.0
3779.9			1.0
3780.8			1.0
3781.7			1.0
3782.6			1.0
3783.5			1.0
3784.4			1.0
3785.3			1.0
3786.2			1.0
3787.1			1.0
3788.0			1.0
3788.9			1.0
3789.8			1.0
3790.7			1.0
3791.6			1.0
3792.5			1.0
3793.4			1.0
3794.3			1.0
3795.2			1.0
3796.1			1.0
3797.0			1.0
3797.9			1.0
3798.8			1.0
3799.7			1.0
3800.6			1.0
3801.5			1.0
3802.4			1.0
3803.3			1.0
3804.2			1.0
3805.1			1.0
3806.0			1.0
3806.9			1.0
3807.8			1.0
3808.7			1.0
3809.6			1.0
3810.5			1.0
3811.4			1.0
3812.3			1.0
3813.2			1.0
3814.1			1.0
3815.0			1.0
3815.9			1.0
3816.8			1.0
3817.7			1.0
3818.6			1.0
3819.5			1.0
3820.4			1.0
3821.3			1.0
3822.2			1.0
3823.1			1.0
3824.0			1.0
3824.9			1.0
3825.8			1.0
3826.7			1.0
3827.6			1.0
3828.5			1.0
3829.4			1.0
3830.3			1.0
3831.2			1.0
3832.1			1.0
3833.0			1.0
3833.9			1.0
3834.8			1.0
3835.7			1.0
3836.6			1.0
3837.5			1.0
3838.4			1.0
3839.3			1.0
3840.2			1.0
3841.1			1.0
3842.0			1.0
3842.9			1.0
3843.8			1.0
3844.7			1.0
3845.6			1.0
3846.5			1.0
3847.4			1.0
3848.3			1.0
3849.2			1.0
3850.1			1.0
3851.0			1.0
3851.9			1.0
3852.8			1.0
3853.7			1.0
3854.6			1.0
3855.5			1.0
3856.4			1.0
3857.3			1.0
3858.2			1.0
3859.1			1.0
3860.0			1.0
3860.9			1.0
3861.8			1.0
3862.7			1.0
3863.6			1.0
3864.5			1.0
3865.4			1.0
3866.3			1.0
3867.2			1.0
3868.1			1.0
3869.0			1.0
3869.9			1.0
3870.8			1.0
3871.7			1.0
3872.6			1.0
3873.5			1.0
3874.4			1.0
3875.3			1.0
3876.2			1.0
3877.1			1.0
3878.0			1.0
3878.9			1.0
3879.8			1.0
3880.7			1.0
3881.6			1.0
3882.5			1.0
3883.4			1.0
3884.3			1.0
3885.2			1.0
3886.1			1.0
3887.0			1.0
3887.9			1.0
3888.8			1.0
3889.7			1.0
3890.6			1.0
3891.5			1.0
3892.4			1.0
3893.3			1.0
3894.2			1.0
3895.1			1.0
3896.0			1.0
3896.9			1.0
3897.8			1.0
3898.7			1.0
3899.6			1.0
3900.5			1.0
3901.4			1.0
3902.3			1.0
3903.2			1.0
3904.1			1.0
3905.0			1.0
3905.9			1.0
3906.8			1.0
3907.7			1.0
3908.6			1.0
3909.5			1.0
3910.4			1.0
3911.3			1.0
3912.2			1.0
3913.1			1.0
3914.0			1.0
3914.9			1.0
3915.8			1.0
3916.7			1.0
3917.6			1.0
3918.5			1.0
3919.4			1.0
3920.3			1.0
3921.2			1.0
3922.1			1.0
3923.0			1.0
3923.9			1.0
3924.8			1.0
3925.7			1.0
3926.6			1.0
3927.5			1.0
3928.4			1.0
3929.3			1.0
3930.2			1.0
3931.1			1.0
3932.0			1.0
3932.9			1.0
3933.8			1.0
3934.7			1.0
3935.6			1.0
3936.5			1.0
3937.4			1.0
3938.3			1.0
3939.2			1.0
3940.1			1.0
3941.0			1.0
3941.9			1.0
3942.8			1.0
3943.7			1.0
3944.6			1.0
3945.5			1.0
3946.4			1.0
3947.3			1.0
3948.2			1.0
3949.1			1.0
3950.0			1.0
3950.9			1.0
3951.8			1.0
3952.7			1.0
3953.6			1.0
3954.5			1.0
3955.4			1.0
3956.3			1.0
3957.2			1.0
3958.1			1.0
3959.0			1.0
3959.9			1.0
3960.8			1.0
3961.7			1.0
3962.6			1.0
3963.5			1.0
3964.4			1.0
3965.3			1.0
3966.2			1.0
3967.1			1.0
3968.0			1.0
3968.9			1.0
3969.8			1.0
3970.7			1.0
3971.6			1.0
3972.5			1.0
3973.4			1.0
3974.3			1.0
3975.2			1.0
3976.1			1.0
3977.0			1.0
3977.9			1.0
3978.8			1.0
3979.7			1.0
3980.6			1.0
3981.5			1.0
3982.4			1.0
3983.3			1.0
3984.2			1.0
3985.1			1.0
3986.0			1.0
3986.9			1.0
3987.8			1.0
3988.7			1.0
3989.6			1.0
3990.5			1.0
3991.4			1.0
3992.3			1.0
3993.2			1.0
3994.1			1.0
3995.0			1.0
3995.9			1.0
3996.8			1.0
3997.7			1.0
3998.6			1.0
3999.5			1.0
4000.4			1.0
4001.3			1.0
4002.2			1.0
4003.1			1.0130804097379726
4004.0			0.9503551314581387
4004.9			0.803051790368326
4005.8			0.7132361343402412
4006.7			0.7768286353274071
4007.6			0.9072824075394492
4008.5			0.9941882805183101
4009.4			1.0
4010.3			1.0
4011.2			1.0
4012.1			1.0
4013.0			1.0
4013.9			1.0
4014.8			1.0
4015.7			1.0
4016.6			1.0
4017.5			1.0
4018.4			1.0
4019.3			1.0
4020.2			1.0
4021.1			1.0
4022.0			1.0
4022.9			1.0
4023.8			1.0
4024.7			1.0
4025.6			1.0
4026.5			1.0
4027.4			1.0
4028.3			1.0496681925432376
4029.2			1.000208647479773
4030.1			0.817875213920828
4031.0			0.6384809591658112
4031.9			0.5700296217574072
4032.8			0.5627091749786224
4033.7			0.5845215963922719
4034.6			0.665498502226351
4035.5			0.7987847622190247
4036.4			0.9316163118053588
4037.3			1.00014774849797
4038.2			1.0
4039.1			1.0
4040.0			1.0
4040.9			1.0
4041.8			1.0
4042.7			1.0303989316023296
4043.6			0.9477313155789625
4044.5			0.7443860115113683
4045.4			0.5681719079177344
4046.3			0.5997925570370957
4047.2			0.8196271804031392
4048.1			0.9971062733717407
4049.0			1.0
4049.9			1.0
4050.8			1.0
4051.7			1.0
4052.6			1.0
4053.5			1.0
4054.4			1.0
4055.3			1.0
4056.2			1.0
4057.1			1.0
4058.0			1.0
4058.9			1.0
4059.8			1.0
4060.7			1.0699010245148068
4061.6			1.0100699759515765
4062.5			0.8187780114134492
4063.4			0.6543011491321027
4064.3			0.7083221664135557
4065.2			0.9162698230212019
4066.1			1.0016260796594283
4067.0			1.0
4067.9			1.0
4068.8			1.0
4069.7			1.0
4070.6			1.0
4071.5			1.0
4072.4			1.0
4073.3			1.0
4074.2			1.0699424995214923
4075.1			0.9641881490079043
4076.0			0.7548612962513571
4076.9			0.573315594693022
4077.8			0.5252360806479306
4078.7			0.6253959937448079
4079.6			0.7870995536404285
4080.5			0.9344632741071042
4081.4			1.0128029271432442
4082.3			1.0
4083.2			1.0
4084.1			1.0
4085.0			1.0
4085.9			1.0
4086.8			1.0
4087.7			1.0
4088.6			1.0
4089.5			1.0
4090.4			1.0
4091.3			1.0
4092.2			1.0
4093.1			1.0
4094.0			1.0
4094.9			1.0
4095.8			1.0
4096.7			1.0
4097.6			1.0
4098.5			1.005431505254942
4099.4			0.9354979715102336
4100.3			0.7778877917556378
4101.2			0.6138674364168519
4102.1			0.5893849322251572
4103.0			0.7127008607243243
4103.9			0.8480227932680272
4104.8			0.9335630150486078
4105.7			0.9922355614993067
4106.6			1.0
4107.5			1.0
4108.4			1.0
4109.3			1.0
4110.2			1.0
4111.1			1.0
4112.0			1.0
4112.9			1.0
4113.8			1.0
4114.7			1.0
4115.6			1.0
4116.5			1.0
4117.4			1.0
4118.3			1.0
4119.2			1.0
4120.1			1.0
4121.0			1.0
4121.9			1.0
4122.8			1.0
4123.7			1.0
4124.6			1.0
4125.5			1.0
4126.4			0.9854211271632227
4127.3			0.9362655088665262
4128.2			0.8874118597605248
4129.1			0.8545738934445073
4130.0			0.8530680019519619
4130.9			0.8700395540264492
4131.8			0.846529223902651
4132.7			0.796563149780394
4133.6			0.7827511263021026
4134.5			0.8366782305332054
4135.4			0.9537930480710404
4136.3			1.0271369488441975
4137.2			1.0039308543457945
4138.1			0.9964588188860746
4139.0			1.0363170106023485
4139.9			1.046755790652672
4140.8			1.010664730786345
4141.7			0.9188316742332043
4142.6			0.7554193291614267
4143.5			0.6325698161187202
4144.4			0.6900130362075048
4145.3			0.8671080952235655
4146.2			0.9824457565916597
4147.1			0.9862065244717312
4148.0			0.943932810857028
4148.9			0.8672856980565202
4149.8			0.7816113605635181
4150.7			0.7654665135217196
4151.6			0.8057179245917473
4152.5			0.8448263186092637
4153.4			0.8661694134885985
4154.3			0.8633971701085189
4155.2			0.8482147483428614
4156.1			0.8262074641106105
4157.0			0.8372003414555254
4157.9			0.9217101626503605
4158.8			1.0133500282320578
4159.7			1.030617049615425
4160.6			0.9992981021090225
4161.5			1.0
4162.4			1.074775331252923
4163.3			1.087433173548497
4164.2			1.0242251853492514
4165.1			0.991187375660645
4166.0			0.9970685876200682
4166.9			0.9859418690093937
4167.8			0.9859273370378449
4168.7			1.0226096763935022
4169.6			1.0427841073871502
4170.5			1.011430823075441
4171.4			0.9124557371300582
4172.3			0.7553584793025787
4173.2			0.6511938074528414
4174.1			0.6780654963724658
4175.0			0.7600995809110557
4175.9			0.7968852790747756
4176.8			0.7682134251891864
4177.7			0.7276807566820346
4178.6			0.7405842702744171
4179.5			0.7987984408093134
4180.4			0.8368249494846479
4181.3			0.8299707422850363
4182.2			0.8299096795806924
4183.1			0.8904066466686914
4184.0			0.999142128543495
4184.9			1.0
4185.8			0.9946575173605032
4186.7			0.8817748297947482
4187.6			0.7864974786598561
4188.5			0.7980151096664172
4189.4			0.8431764223389338
4190.3			0.8474760746760264
4191.2			0.8525244650086015
4192.1			0.9179338474845387
4193.0			1.0111451168252767
4193.9			1.0317791164888348
4194.8			0.9374489191341983
4195.7			0.7988022861341726
4196.6			0.719364832027977
4197.5			0.7184421436039107
4198.4			0.7438671525298636
4199.3			0.7828477715811091
4200.2			0.8282833026413129
4201.1			0.823221813515929
4202.0			0.7809833588665875
4202.9			0.7753138512087292
4203.8			0.7923876812342119
4204.7			0.7863854898406077
4205.6			0.7853536243450951
4206.5			0.8191876136604559
4207.4			0.8792739329885808
4208.3			0.9484988631906984
4209.2			0.9996769524144475
4210.1			1.0
4211.0			1.0
4211.9			1.0
4212.8			1.0
4213.7			0.8455341544748586
4214.6			0.6696067333603216
4215.5			0.610108012934697
4216.4			0.7644642242156899
4217.3			1.0137559741792221
4218.2			1.0
4219.1			1.0
4220.0			1.0
4220.9			1.0
4221.8			0.9447008268862528
4222.7			0.8158149369349481
4223.6			0.6985710413957452
4224.5			0.6106131515612531
4225.4			0.49031751400192275
4226.3			0.3693158988956242
4227.2			0.3872217592864657
4228.1			0.5839907653473765
4229.0			0.8077588293079212
4229.9			0.9437132420557925
4230.8			0.9993988095923932
4231.7			1.0
4232.6			1.0
4233.5			1.0
4234.4			1.0
4235.3			1.0
4236.2			1.0
4237.1			1.0
4238.0			1.0
4238.9			1.0
4239.8			1.0
4240.7			1.0
4241.6			1.0
4242.5			1.0
4243.4			1.0
4244.3			1.0
4245.2			1.0
4246.1			1.0
4247.0			1.0
4247.9			1.0
4248.8			1.0
4249.7			1.0
4250.6			1.0
4251.5			1.0
4252.4			1.0
4253.3			1.0
4254.2			1.0
4255.1			1.0
4256.0			1.0
4256.9			1.079887279138423
4257.8			1.031339574745883
4258.7			0.8871548031357934
4259.6			0.77917888500018
4260.5			0.7447325703564049
4261.4			0.8003575560765614
4262.3			0.9223443209865034
4263.2			1.0052640468826561
4264.1			1.016844587632542
4265.0			1.0
4265.9			1.0
4266.8			0.969432095009011
4267.7			0.8781210149671709
4268.6			0.8041653124353788
4269.5			0.7403557685598331
4270.4			0.6268997634807363
4271.3			0.5012787374760815
4272.2			0.4819255851848527
4273.1			0.5721367569873841
4274.0			0.6452907483021795
4274.9			0.6841573402678465
4275.8			0.7768205163107091
4276.7			0.9085140395938005
4277.6			1.0011232223611348
4278.5			1.0
4279.4			1.0
4280.3			1.0
4281.2			1.0
4282.1			1.0
4283.0			1.0
4283.9			1.0
4284.8			1.0
4285.7			0.9403973585960383
4286.6			0.949845362321291
4287.5			0.9733602643416415
4288.4			0.8954612930217174
4289.3			0.7234711856045906
4290.2			0.6136998549348736
4291.1			0.678663306382374
4292.0			0.8620298997109055
4292.9			1.0130233680184106
4293.8			1.0285817465769533
4294.7			0.9798909010855444
4295.6			0.9783680368058972
4296.5			0.9895528245691659
4297.4			0.9440034181565552
4298.3			0.8197581797672849
4299.2			0.6555380076733051
4300.1			0.5767923360215554
4301.0			0.6271373263872395
4301.9			0.6949576185924136
4302.8			0.7283040431996913
4303.7			0.7698377319936371
4304.6			0.7920469427736303
4305.5			0.7581329649363291
4306.4			0.7091668868007867
4307.3			0.6587127944970721
4308.2			0.6145349117783578
4309.1			0.6477727203696799
4310.0			0.7903469899410084
4310.9			0.9730972550579243
4311.8			1.0885188074109693
4312.7			1.0853737252346938
4313.6			1.0078264476073624
4314.5			1.001162876467696
4315.4			1.0
4316.3			1.0
4317.2			1.0
4318.1			1.0
4319.0			1.0
4319.9			1.0
4320.8			1.0
4321.7			0.9579718382055995
4322.6			0.9410729228535823
4323.5			0.8507884396115858
4324.4			0.6747162403055357
4325.3			0.5138513925403885
4326.2			0.504995897348313
4327.1			0.6838264467848785
4328.0			0.9095490146491203
4328.9			0.9952854427735219
4329.8			1.0
4330.7			1.0
4331.6			1.0
4332.5			1.0
4333.4			1.0
4334.3			1.0
4335.2			1.0
4336.1			0.957953558408881
4337.0			0.7588983190043307
4337.9			0.5769419755783853
4338.8			0.5052785772885731
4339.7			0.45858081337093715
4340.6			0.45672222455480826
4341.5			0.6126364248586681
4342.4			0.8310582784852588
4343.3			0.9215941982488776
4344.2			0.9302120681298155
4345.1			0.986437508618265
4346.0			1.0
4346.9			1.0
4347.8			1.0
4348.7			1.0
4349.6			1.0299261918258493
4350.5			0.8657780383132576
4351.4			0.6717830064029064
4352.3			0.6577896045808129
4353.2			0.7988827790358445
4354.1			0.9247978812230109
4355.0			1.000156331161737
4355.9			1.0
4356.8			1.0
4357.7			1.0
4358.6			1.0
4359.5			1.0
4360.4			1.0
4361.3			1.0
4362.2			1.0
4363.1			1.0
4364.0			1.0
4364.9			1.0
4365.8			1.0
4366.7			1.0
4367.6			1.0
4368.5			1.0
4369.4			1.0
4370.3			1.0
4371.2			1.0
4372.1			0.9915146246387575
4373.0			0.8840956866422375
4373.9			0.7074732984413212
4374.8			0.5966347109189893
4375.7			0.6519986247030941
4376.6			0.8347085175905976
4377.5			1.0048000877310483
4378.4			1.0
4379.3			0.9795527198716474
4380.2			0.9441264181936396
4381.1			0.9221604249512443
4382.0			0.8175310923123701
4382.9			0.6042467368341231
4383.8			0.44188375081114933
4384.7			0.48769861393353614
4385.6			0.7110914717280089
4386.5			0.9287865950629918
4387.4			1.0093630737864456
4388.3			0.9969755104206783
4389.2			1.0
4390.1			1.0
4391.0			1.0
4391.9			1.0
4392.8			1.0
4393.7			1.0
4394.6			1.0
4395.5			1.0
4396.4			1.0
4397.3			1.0
4398.2			1.0
4399.1			1.0
4400.0			0.857301705083974
4400.9			0.8775579906494657
4401.8			1.061900510000357
4402.7			1.1540028746320847
4403.6			0.972063605053382
4404.5			0.7220484768205458
4405.4			0.6667107868140899
4406.3			0.7459040263124666
4407.2			0.7523403904478889
4408.1			0.6887666023667608
4409.0			0.7195192689869802
4409.9			0.8683804119324462
4410.8			1.0
4411.7			1.0876055565142921
4412.6			1.118851451720881
4413.5			1.044128372332828
4414.4			0.8669381787533144
4415.3			0.7406593981616438
4416.2			0.7576504257537503
4417.1			0.8326409576983961
4418.0			0.9087834131341006
4418.9			1.0078214074837306
4419.8			1.0
4420.7			1.0
4421.6			1.0
4422.5			1.0
4423.4			1.0
4424.3			1.0
4425.2			1.0
4426.1			1.0
4427.0			1.0
4427.9			1.0
4428.8			1.0
4429.7			1.0
4430.6			1.0
4431.5			1.0
4432.4			1.0
4433.3			1.0
4434.2			1.0
4435.1			1.0
4436.0			1.0
4436.9			1.0
4437.8			1.0
4438.7			1.0
4439.6			0.9947304453895319
4440.5			0.8987280529255085
4441.4			0.7630994186263429
4442.3			0.6518026036441823
4443.2			0.6136760262549966
4444.1			0.6867542163073446
4445.0			0.8387982272608053
4445.9			0.9561216992708557
4446.8			0.998100326129978
4447.7			1.0
4448.6			1.0
4449.5			1.0
4450.4			1.0
4451.3			1.015134142292678
4452.2			1.0548549141495263
4453.1			1.0174382406205682
4454.0			0.9165005551101016
4454.9			0.8259561491314039
4455.8			0.8140498767188286
4456.7			0.8647361527280412
4457.6			0.8905260154648723
4458.5			0.8711398873435602
4459.4			0.8550435708891194
4460.3			0.8325310774578119
4461.2			0.7772160376869851
4462.1			0.7851385188547197
4463.0			0.9266561555687051
4463.9			1.063097192045778
4464.8			1.0682478149718304
4465.7			1.0147199076817695
4466.6			0.9892932760717531
4467.5			0.9689032671116674
4468.4			0.9287669647895176
4469.3			0.9077969594672312
4470.2			0.9352891227683838
4471.1			1.0035155349457512
4472.0			1.0
4472.9			1.0
4473.8			1.0
4474.7			1.0
4475.6			1.0
4476.5			1.0
4477.4			1.0417222422954877
4478.3			0.9962092252056963
4479.2			0.8757414154499541
4480.1			0.7595798723376946
4481.0			0.70431633101503
4481.9			0.7192470151972407
4482.8			0.7983271080113297
4483.7			0.9069028144327939
4484.6			0.9987741022809761
4485.5			1.0
4486.4			1.0
4487.3			1.0
4488.2			1.0
4489.1			1.0
4490.0			1.0
4490.9			1.0854982984869046
4491.8			1.1945626930971163
4492.7			1.1846871865845183
4493.6			1.0460299466515397
4494.5			0.8918352825973485
4495.4			0.8141652306725129
4496.3			0.817720449379602
4497.2			0.886246689554413
4498.1			0.9822719780645377
4499.0			1.0393663728368694
4499.9			1.0066679755809578
4500.8			1.0
4501.7			1.0
4502.6			1.0
4503.5			1.0
4504.4			1.0
4505.3			1.0
4506.2			1.0
4507.1			1.0
4508.0			1.0
4508.9			1.0
4509.8			1.0
4510.7			1.0
4511.6			0.9905101666349381
4512.5			0.9327990497093748
4513.4			0.8804348683719662
4514.3			0.8638853664463394
4515.2			0.8864615841858192
4516.1			0.9215065187322667
4517.0			0.9195113981070441
4517.9			0.9013454440431891
4518.8			0.9426002529860229
4519.7			1.0
4520.6			1.0882662341071645
4521.5			1.093630581421164
4522.4			0.9899448420927622
4523.3			0.9028323906566255
4524.2			0.902642780330289
4525.1			0.8927949200634177
4526.0			0.8326484123903326
4526.9			0.772527329419164
4527.8			0.7421002758903147
4528.7			0.7470474559656012
4529.6			0.7776092608861809
4530.5			0.8175464561373268
4531.4			0.8807910189401238
4532.3			0.9409116985006193
4533.2			0.9066038060152811
4534.1			0.8003286058104535
4535.0			0.7635903770333949
4535.9			0.878647756612354
4536.8			1.081041873234578
4537.7			1.199908530132212
4538.6			1.159086110022545
4539.5			1.049057510955681
4540.4			0.9662772166256453
4541.3			0.9627382754353546
4542.2			1.0454518369224257
4543.1			1.1204800264457828
4544.0			1.0871733800255272
4544.9			1.010532201834815
4545.8			1.0235989419058797
4546.7			1.1069859368227222
4547.6			1.1384333157988518
4548.5			1.07276010658093
4549.4			1.0019809434368117
4550.3			1.0
4551.2			1.0471478452190273
4552.1			1.0072765114787234
4553.0			0.8996575624170802
4553.9			0.8013939538458091
4554.8			0.7595398096069927
4555.7			0.808269205637143
4556.6			0.920528573645992
4557.5			1.0068906933578121
4558.4			1.0123418008694711
4559.3			1.0
4560.2			1.0
4561.1			1.0
4562.0			0.9961107000915798
4562.9			0.9225851744771842
4563.8			0.8137054522047587
4564.7			0.7641380518550221
4565.6			0.8025500964748822
4566.5			0.9035592570929817
4567.4			1.0044023945446106
4568.3			1.0
4569.2			1.0
4570.1			1.0
4571.0			1.0
4571.9			1.0
4572.8			1.1181686266062258
4573.7			1.225422730837278
4574.6			1.1957947333275154
4575.5			1.1352374620475012
4576.4			1.121448063450733
4577.3			1.1039363123406445
4578.2			1.0342010368648134
4579.1			1.0
4580.0			0.9298852364102496
4580.9			0.9508598196804873
4581.8			0.9959353720188218
4582.7			0.984822520911044
4583.6			0.9509159508049759
4584.5			0.9603177475814755
4585.4			0.9915334200314523
4586.3			1.015070597160731
4587.2			1.0574059665486821
4588.1			1.112208964561429
4589.0			1.1321819271298805
4589.9			1.0938709136047657
4590.8			1.0091213130688188
4591.7			0.9229762624008965
4592.6			0.8737280182088317
4593.5			0.8483068911460021
4594.4			0.8235460245827692
4595.3			0.8123166933412881
4596.2			0.8221195541516475
4597.1			0.8414027847131734
4598.0			0.8738830016381418
4598.9			0.8954698652798087
4599.8			0.8588231534047412
4600.7			0.8016649918682599
4601.6			0.7961236950432338
4602.5			0.8192592149654665
4603.4			0.8181727132229488
4604.3			0.7890727414241451
4605.2			0.759131779186129
4606.1			0.7747484779662543
4607.0			0.8633956070599648
4607.9			0.9871228558593994
4608.8			1.0687779272735973
4609.7			1.0637366802130566
4610.6			0.9962563598007483
4611.5			1.0
4612.4			1.0
4613.3			1.0
4614.2			1.0
4615.1			1.0
4616.0			1.0
4616.9			1.0
4617.8			1.0
4618.7			1.0
4619.6			1.0
4620.5			1.0
4621.4			1.0
4622.3			1.0
4623.2			1.0
4624.1			1.0
4625.0			0.9837408958473564
4625.9			0.9730447315786765
4626.8			0.9895224153201574
4627.7			0.9865309369545561
4628.6			0.9428736464208397
4629.5			0.9390595624709118
4630.4			1.0342170266843147
4631.3			1.1362994344202317
4632.2			1.1244370369214924
4633.1			1.0384167936147646
4634.0			0.9962587721462342
4634.9			1.0
4635.8			1.0
4636.7			1.0
4637.6			1.0
4638.5			1.0
4639.4			1.0
4640.3			1.0
4641.2			1.0778975351652391
4642.1			1.1136719395071388
4643.0			1.0746659788027173
4643.9			1.012660072982763
4644.8			0.939528023250964
4645.7			0.8376743998685102
4646.6			0.7554642369163558
4647.5			0.7510126761310087
4648.4			0.8117235380934025
4649.3			0.8896722563356861
4650.2			0.9497929219462975
4651.1			0.984580791980849
4652.0			1.0
4652.9			0.9947622417396379
4653.8			0.9265508827534329
4654.7			0.8265772261660069
4655.6			0.7592040402785656
4656.5			0.7626701793919568
4657.4			0.8558857850035277
4658.3			0.9992014145033377
4659.2			1.0
4660.1			1.0
4661.0			1.0
4661.9			0.8946404779327638
4662.8			0.8308475678832636
4663.7			0.8390879552249071
4664.6			0.8711578187746357
4665.5			0.8378979918608935
4666.4			0.7249404555029573
4667.3			0.6298024401067758
4668.2			0.6374799864855961
4669.1			0.7271456497938865
4670.0			0.8422343061597891
4670.9			0.9482295344422083
4671.8			1.00498439984187
4672.7			0.9975021782859406
4673.6			1.0
4674.5			1.0
4675.4			1.0
4676.3			1.0
4677.2			1.0005032447600835
4678.1			0.9350297183902346
4679.0			0.865496555024852
4679.9			0.8145843083460711
4680.8			0.782199589950667
4681.7			0.7962738148384534
4682.6			0.8733113687487427
4683.5			0.9604787149643542
4684.4			0.9945995166586264
4685.3			1.0
4686.2			1.0
4687.1			1.0
4688.0			1.0
4688.9			1.0
4689.8			1.0
4690.7			1.0
4691.6			1.0
4692.5			1.0
4693.4			1.0
4694.3			1.0
4695.2			1.0
4696.1			1.0325385279935957
4697.0			0.9820943533531354
4697.9			0.8696314004220206
4698.8			0.7855029526874212
4699.7			0.7766150072290544
4700.6			0.7967587412192081
4701.5			0.7986045758833586
4702.4			0.7845232548680152
4703.3			0.7819150269701068
4704.2			0.8100138178817753
4705.1			0.8393047459268841
4706.0			0.8267052262925414
4706.9			0.7802926086104275
4707.8			0.7380361036965777
4708.7			0.7244873818092127
4709.6			0.7623357408755695
4710.5			0.8524059715370182
4711.4			0.924628345878368
4712.3			0.9205799225030389
4713.2			0.8631047826162405
4714.1			0.8015417274255794
4715.0			0.7922364293142562
4715.9			0.853914261460309
4716.8			0.9241114894906656
4717.7			0.959870386662578
4718.6			0.9830292174131922
4719.5			1.0067624079209216
4720.4			1.0171023790405966
4721.3			1.0
4722.2			0.9736905277368881
4723.1			0.9806313499635293
4724.0			1.0304826697142973
4724.9			1.067042744460494
4725.8			1.0279261747958426
4726.7			0.9031561712602567
4727.6			0.7690083841194331
4728.5			0.7244546708570518
4729.4			0.7642982305239783
4730.3			0.8087468173399393
4731.2			0.8368298561974203
4732.1			0.87502135840045
4733.0			0.9182924627171795
4733.9			0.9633593517027416
4734.8			1.0035609561382146
4735.7			1.0
4736.6			1.0
4737.5			1.0
4738.4			1.0
4739.3			1.0
4740.2			1.0
4741.1			1.0
4742.0			1.0
4742.9			1.0
4743.8			1.0
4744.7			1.0
4745.6			1.0
4746.5			1.0
4747.4			1.0
4748.3			1.0
4749.2			1.0
4750.1			1.0
4751.0			1.0
4751.9			1.0
4752.8			1.0
4753.7			1.0
4754.6			1.0
4755.5			1.0
4756.4			1.0
4757.3			1.0
4758.2			1.0
4759.1			1.0
4760.0			1.0322148420582244
4760.9			1.0094102187008804
4761.8			0.9344009472008323
4762.7			0.8706895506665806
4763.6			0.8387081169792434
4764.5			0.8097179877453293
4765.4			0.7854128206346273
4766.3			0.7986462738981682
4767.2			0.8518043640162484
4768.1			0.9214408007801749
4769.0			0.9968779605657007
4769.9			1.0400388628292752
4770.8			1.0002731468516162
4771.7			1.0
4772.6			1.0
4773.5			1.0
4774.4			1.0
4775.3			1.0
4776.2			1.0
4777.1			1.0
4778.0			1.0078143187702346
4778.9			0.9857859232190687
4779.8			0.960614949239513
4780.7			0.9495161949932296
4781.6			0.9268463065095722
4782.5			0.884641342506638
4783.4			0.8666410167191645
4784.3			0.8840965208491637
4785.2			0.8698107461337098
4786.1			0.8112632311805162
4787.0			0.7945794197363784
4787.9			0.826217447438576
4788.8			0.8302088865542153
4789.7			0.8149963434895985
4790.6			0.8302607212548405
4791.5			0.8700388687904268
4792.4			0.9226047906909832
4793.3			0.9892250778744911
4794.2			1.0420550756475007
4795.1			1.0
4796.0			0.961677024289305
4796.9			0.9011881999937353
4797.8			0.8355493427659089
4798.7			0.7859710446483461
4799.6			0.78638889603293
4800.5			0.8507898897958727
4801.4			0.9454865347126894
4802.3			1.0077962064882813
4803.2			0.9996805135818807
4804.1			1.0
4805.0			1.0
4805.9			1.0
4806.8			1.0
4807.7			1.0
4808.6			1.0
4809.5			1.0
4810.4			1.0
4811.3			1.0
4812.2			1.0
4813.1			1.0
4814.0			1.0
4814.9			1.0
4815.8			1.0
4816.7			1.0
4817.6			1.0
4818.5			1.0
4819.4			1.0
4820.3			1.0
4821.2			1.0
4822.1			1.0
4823.0			1.0
4823.9			1.0
4824.8			1.0
4825.7			1.0
4826.6			1.0
4827.5			1.0
4828.4			1.0
4829.3			1.0
4830.2			1.000260956990626
4831.1			0.9459298949467785
4832.0			0.8936989919455575
4832.9			0.9258188595038648
4833.8			1.0025516364663491
4834.7			1.0
4835.6			1.0
4836.5			1.0
4837.4			1.0
4838.3			1.0
4839.2			1.0
4840.1			1.0
4841.0			1.0
4841.9			1.0
4842.8			1.0
4843.7			1.0
4844.6			1.0
4845.5			1.0
4846.4			1.003181712264131
4847.3			0.9387056016108205
4848.2			0.8759612178405826
4849.1			0.8935473185730235
4850.0			0.9833056974512893
4850.9			1.0
4851.8			1.0
4852.7			1.0
4853.6			1.0
4854.5			1.0
4855.4			1.0
4856.3			1.0841298286895427
4857.2			1.1978131188355865
4858.1			1.1805744563113363
4859.0			1.019772072495514
4859.9			0.7947897164063924
4860.8			0.6300044007483075
4861.7			0.6503278540164752
4862.6			0.8143810403801078
4863.5			0.94058354918231
4864.4			0.9744822085584073
4865.3			0.9986086234195136
4866.2			1.0
4867.1			1.0
4868.0			1.0
4868.9			1.0247012698477584
4869.8			1.0010573644616578
4870.7			0.9097910660654894
4871.6			0.8509163184956072
4872.5			0.8970517472336079
4873.4			0.9762964111303215
4874.3			1.0037683902264447
4875.2			1.0
4876.1			1.0
4877.0			1.0
4877.9			1.0
4878.8			1.0
4879.7			1.0111477607725456
4880.6			0.9274130750571135
4881.5			0.8369165145054396
4882.4			0.8271478683391333
4883.3			0.8508024568223835
4884.2			0.8253157597532177
4885.1			0.7671468279859859
4886.0			0.7510314436562883
4886.9			0.7938340820078853
4887.8			0.8424157541195655
4888.7			0.8483957824728992
4889.6			0.8026094774916762
4890.5			0.749235658743437
4891.4			0.7720206807687701
4892.3			0.8841847391232192
4893.2			1.0049262498913958
4894.1			1.0
4895.0			1.0474086339674784
4895.9			1.0631010651972468
4896.8			1.055632695992979
4897.7			1.030877729844335
4898.6			0.9638879511029591
4899.5			0.8792932186036712
4900.4			0.8530109498761494
4901.3			0.8804119365948071
4902.2			0.8849768889835795
4903.1			0.8595556439677116
4904.0			0.8695310855594587
4904.9			1.0
4905.8			1.0695078988726945
4906.7			1.059001640713497
4907.6			0.97770852139229
4908.5			0.8812262598963057
4909.4			0.8024030787636183
4910.3			0.768701994020997
4911.2			1.0
4912.1			1.0570007337893028
4913.0			1.0926057313305262
4913.9			1.12281635486267
4914.8			1.1788628247302422
4915.7			1.2133363712701257
4916.6			1.155758666090611
4917.5			1.0116192769081327
4918.4			0.852503665101428
4919.3			0.7442547490699787
4920.2			0.7158528940595591
4921.1			0.7649920550827148
4922.0			0.8347385758288417
4922.9			0.8397746750960107
4923.8			0.788338225076984
4924.7			0.7850029819806815
4925.6			0.8643035687834685
4926.5			0.9420375962149721
4927.4			0.9712643529070895
4928.3			0.9931076597356457
4929.2			1.0
4930.1			1.0
4931.0			1.0
4931.9			1.0
4932.8			1.0
4933.7			1.0
4934.6			1.0043442065790018
4935.5			1.055396708703332
4936.4			1.0130358714074224
4937.3			0.8770291286445027
4938.2			0.7488933936100981
4939.1			0.733133825874133
4940.0			0.8406352589407904
4940.9			0.9592426484713446
4941.8			0.9914302237749004
4942.7			1.0
4943.6			1.0
4944.5			1.0
4945.4			1.0
4946.3			1.0
4947.2			1.0
4948.1			1.0
4949.0			1.0
4949.9			1.0
4950.8			1.0
4951.7			1.0
4952.6			1.0
4953.5			1.0
4954.4			1.0
4955.3			1.000411239138734
4956.2			0.9075573333169971
4957.1			0.7814505808248472
4958.0			0.7691608920266096
4958.9			0.8858764100871218
4959.8			0.9904487902824488
4960.7			0.9990996347958984
4961.6			1.0
4962.5			1.0
4963.4			1.0
4964.3			1.0
4965.2			1.0
4966.1			1.0
4967.0			1.0
4967.9			1.0
4968.8			1.0
4969.7			1.0
4970.6			1.0
4971.5			1.0
4972.4			1.0
4973.3			1.0
4974.2			1.0
4975.1			1.0
4976.0			1.0
4976.9			1.0
4977.8			1.0
4978.7			0.9728563645054634
4979.6			0.9640187015282856
4980.5			0.9236388176944611
4981.4			0.8248553581553211
4982.3			0.7302572944524169
4983.2			0.7148238084463509
4984.1			0.759787116578641
4985.0			0.8068433764626141
4985.9			0.8620089478817197
4986.8			0.9428686336630283
4987.7			1.000174222224591
4988.6			1.0
4989.5			1.0
4990.4			1.0
4991.3			1.0
4992.2			1.0
4993.1			1.0
4994.0			1.0
4994.9			1.0
4995.8			1.0
4996.7			1.0
4997.6			1.0
4998.5			1.0
4999.4			1.0
5000.3			1.0
5001.2			1.0071507747467694
5002.1			1.0223127819988886
5003.0			1.0204083742188568
5003.9			0.9850367727465154
5004.8			0.9165692877432068
5005.7			0.8695978447318239
5006.6			0.9224986578324599
5007.5			1.0640520920037164
5008.4			1.1684621957962784
5009.3			1.1583325430708726
5010.2			1.078602656497437
5011.1			0.9774238086619379
5012.0			0.8703889426534713
5012.9			0.7933027970658724
5013.8			0.778579010046716
5014.7			0.832565192123887
5015.6			0.9077422878415191
5016.5			0.9239330743206715
5017.4			0.8767439213657467
5018.3			0.8469249440477558
5019.2			0.8808235451213636
5020.1			0.930425945195573
5021.0			0.9308020449973913
5021.9			0.9028747943572141
5022.8			0.9200271121252259
5023.7			0.9808718058912749
5024.6			1.0256244206337752
5025.5			1.0356785559019448
5026.4			1.0016194069376492
5027.3			1.0
5028.2			1.0
5029.1			1.0
5030.0			1.0
5030.9			1.0
5031.8			1.0
5032.7			1.0
5033.6			1.0
5034.5			1.0
5035.4			1.0
5036.3			0.9183384789495805
5037.2			0.9271354530723444
5038.1			0.9007317043050613
5039.0			0.7912439498345022
5039.9			0.6531518798688909
5040.8			0.5763245900789885
5041.7			0.6366888571463516
5042.6			0.7821159457726673
5043.5			1.0
5044.4			1.072881898005055
5045.3			1.132450151323625
5046.2			1.1427346040084574
5047.1			1.055203131576432
5048.0			0.9201538723632555
5048.9			0.8395019769386203
5049.8			0.8291253348605337
5050.7			0.8262295292979854
5051.6			0.8175864180097169
5052.5			0.847396157386198
5053.4			0.9171273019517509
5054.3			0.9800060303367664
5055.2			1.002889387734626
5056.1			1.0
5057.0			1.0
5057.9			1.0
5058.8			1.0
5059.7			1.0
5060.6			1.0473642840932256
5061.5			1.1039749698701289
5062.4			1.0985856800393101
5063.3			0.999807357625164
5064.2			0.872872724528021
5065.1			0.8314716510557444
5066.0			0.8831361076965212
5066.9			0.9199297314387239
5067.8			0.9096026285825953
5068.7			0.9284572001395381
5069.6			1.0011096170044085
5070.5			1.0
5071.4			1.0
5072.3			1.0
5073.2			1.0
5074.1			1.031347867673973
5075.0			1.0058915257414645
5075.9			0.9959018574265758
5076.8			1.0283545607133693
5077.7			0.9971343961331381
5078.6			0.8415074649614211
5079.5			0.6947166521688576
5080.4			0.709155771977719
5081.3			0.8319716964678883
5082.2			0.9069541742327855
5083.1			0.9104517545618633
5084.0			0.9370304319261574
5084.9			0.9999831424882747
5085.8			1.0
5086.7			1.0
5087.6			1.0
5088.5			1.0
5089.4			1.0
5090.3			1.0
5091.2			1.0
5092.1			1.0
5093.0			1.0
5093.9			1.0
5094.8			1.0015418068084267
5095.7			0.9658047355200877
5096.6			0.8914328356434608
5097.5			0.8002775893606887
5098.4			0.7370576452503401
5099.3			0.7591312902746374
5100.2			0.8721882355019933
5101.1			0.9818848370508187
5102.0			1.006155459281134
5102.9			1.0
5103.8			1.0
5104.7			0.9846552699187102
5105.6			0.9746136220054022
5106.5			0.9399600341370756
5107.4			0.8999019177006776
5108.3			0.8825564573392771
5109.2			0.8596099506585078
5110.1			0.8406834610533666
5111.0			0.886326480441466
5111.9			0.9608723448034389
5112.8			1.0
5113.7			0.9992348225483543
5114.6			0.9995658137969107
5115.5			1.0240842706219957
5116.4			1.0758488398110972
5117.3			1.1204340979512661
5118.2			1.1266494746914832
5119.1			1.1024376594018275
5120.0			1.062952881685831
5120.9			1.0030865911747824
5121.8			0.9097947623852262
5122.7			0.8071069060332852
5123.6			0.7634577027965589
5124.5			0.8043797885647934
5125.4			0.8619532839941328
5126.3			0.8668357088899378
5127.2			0.8400761495371475
5128.1			1.0
5129.0			1.0210424393772113
5129.9			1.0403473414088524
5130.8			1.0496015597459623
5131.7			1.0616917409396496
5132.6			1.0931669348236315
5133.5			1.1509862178690655
5134.4			1.2134794800468682
5135.3			1.2162487488051918
5136.2			1.1344494172728008
5137.1			1.0490617714371209
5138.0			1.0179085986024832
5138.9			1.0236460873841362
5139.8			1.0581075455791136
5140.7			1.0649587170321448
5141.6			0.97370638140502
5142.5			0.8791061684678692
5143.4			0.8978755486330838
5144.3			0.9561809429408547
5145.2			0.9499844199916011
5146.1			0.9041774729850062
5147.0			0.8805209872613652
5147.9			1.0
5148.8			1.0572127134311347
5149.7			1.0658685892189728
5150.6			0.9962729778674839
5151.5			0.9308095701387383
5152.4			0.9304819632115097
5153.3			0.9636742570572562
5154.2			0.9990158129086244
5155.1			0.951010518478458
5156.0			1.001057841362894
5156.9			1.0
5157.8			1.0
5158.7			1.0049818975464446
5159.6			1.0154736595848588
5160.5			1.016454312250606
5161.4			0.9869196160650087
5162.3			0.9613466378482717
5163.2			0.9527399692526061
5164.1			0.9021055947560974
5165.0			0.7830704848393985
5165.9			0.6455148378102527
5166.8			0.5471685911486148
5167.7			0.527652047208057
5168.6			0.6085815517466668
5169.5			0.7446557109546809
5170.4			0.8010952914624154
5171.3			0.7024990767138952
5172.2			0.5802119551388941
5173.1			0.6186976015531791
5174.0			0.8032929173536936
5174.9			0.9555973866153686
5175.8			0.9912658792179179
5176.7			0.9984656353328293
5177.6			1.0
5178.5			1.0
5179.4			1.0
5180.3			1.0
5181.2			0.962636398398093
5182.1			0.8310547616152426
5183.0			0.6636582364403711
5183.9			0.631709847256221
5184.8			0.775221577670058
5185.7			0.9398045876594271
5186.6			1.0
5187.5			0.9834147377820535
5188.4			0.9873010086842257
5189.3			1.0502561551521912
5190.2			1.0608761595934058
5191.1			0.9272359541756434
5192.0			0.7783652661595442
5192.9			0.7717263050917957
5193.8			0.8435267938457864
5194.7			0.8653009875892906
5195.6			0.8623812831293723
5196.5			0.8979734717608208
5197.4			0.9509999912296477
5198.3			1.0000321491940491
5199.2			1.0
5200.1			1.0295493320821705
5201.0			1.0419538082354607
5201.9			1.0514020973248146
5202.8			1.0451320464159148
5203.7			0.9753071122891941
5204.6			0.8559476208288996
5205.5			0.7971954634665255
5206.4			0.8380363168434102
5207.3			0.8809543410721418
5208.2			0.8791501161889121
5209.1			0.8949637617562541
5210.0			0.9451918985721737
5210.9			0.9969641484765192
5211.8			1.0
5212.7			1.0
5213.6			1.006936993775385
5214.5			0.9460391282428943
5215.4			0.8616373332079943
5216.3			0.8335246585364758
5217.2			0.8806193907811798
5218.1			0.9532852752537103
5219.0			1.000959670936467
5219.9			1.0
5220.8			1.0
5221.7			1.0
5222.6			0.9623352797161495
5223.5			0.8819854672295965
5224.4			0.7701673245911383
5225.3			0.658590736788532
5226.2			0.6017277161838341
5227.1			0.6547080970887111
5228.0			0.8021776897142285
5228.9			0.937079217187142
5229.8			0.9999742139124922
5230.7			1.0
5231.6			1.0
5232.5			1.0
5233.4			1.0
5234.3			1.0
5235.2			1.0
5236.1			1.0
5237.0			1.0
5237.9			1.0
5238.8			1.0
5239.7			1.0
5240.6			1.0
5241.5			1.004498836776974
5242.4			0.9887524772458933
5243.3			1.0030649683488555
5244.2			1.0463829928668644
5245.1			1.0230572308784485
5246.0			0.8904099011582022
5246.9			0.7610508922106046
5247.8			0.7433641870997331
5248.7			0.7673389771336235
5249.6			0.7354504141385179
5250.5			0.7087426733614127
5251.4			0.7610115507876986
5252.3			0.8351063560657661
5253.2			0.8529264922848111
5254.1			0.8133520829761821
5255.0			0.7902602540224454
5255.9			0.8573838561849128
5256.8			0.9751910048993214
5257.7			1.0451806198231162
5258.6			1.0
5259.5			0.963501248573244
5260.4			0.9093477591052661
5261.3			0.8294384691902338
5262.2			0.7309422351042981
5263.1			0.6488550872976545
5264.0			0.599929680189816
5264.9			0.5800449092851887
5265.8			0.6112815920252886
5266.7			0.70568072355925
5267.6			0.7693167734831947
5268.5			0.6974115489653582
5269.4			0.5781094063451505
5270.3			0.5935988577028344
5271.2			0.7365238832140538
5272.1			0.8430492399523363
5273.0			0.8483614959215757
5273.9			0.8091998235887049
5274.8			0.774881121631651
5275.7			0.7916209712340001
5276.6			0.8889099686242993
5277.5			1.0040712217100884
5278.4			1.0
5279.3			0.9569753659074802
5280.2			0.8904238634884313
5281.1			0.8479320363782361
5282.0			0.8251688198597855
5282.9			0.7977186358537374
5283.8			0.793901430413675
5284.7			0.869135264749222
5285.6			0.9886702185927746
5286.5			1.0511558973193473
5287.4			1.032624153862681
5288.3			1.000161099506275
5289.2			1.0
5290.1			1.0
5291.0			1.0125731206768407
5291.9			0.9785895435058846
5292.8			0.9348547905703385
5293.7			0.9261146500389741
5294.6			0.9298779566035277
5295.5			0.8842378690181596
5296.4			0.786057501376074
5297.3			0.7127614425427117
5298.2			0.7411641047478272
5299.1			0.8399328338653114
5300.0			0.8937245495399375
5300.9			0.8683601905294647
5301.8			0.8482501723864236
5302.7			0.8975369994910557
5303.6			0.9951430704380985
5304.5			1.0
5305.4			1.0
5306.3			1.0
5307.2			1.0
5308.1			1.0
5309.0			1.0
5309.9			1.0
5310.8			1.0
5311.7			1.0
5312.6			1.0
5313.5			1.0
5314.4			1.0
5315.3			1.0
5316.2			1.0
5317.1			1.0
5318.0			1.0
5318.9			1.0
5319.8			1.0
5320.7			1.0
5321.6			1.0
5322.5			1.0
5323.4			1.0
5324.3			1.0
5325.2			1.0144129795168197
5326.1			0.9982783295009862
5327.0			0.8784856495025611
5327.9			0.7312027708995347
5328.8			0.7195210355891373
5329.7			0.859303896434279
5330.6			0.9979298095082044
5331.5			1.0301191222674762
5332.4			1.000206745420481
5333.3			1.0
5334.2			1.0
5335.1			1.0
5336.0			1.0
5336.9			1.0
5337.8			0.9955418136247666
5338.7			0.9605461701933916
5339.6			0.8687069942162227
5340.5			0.8080124321206283
5341.4			0.8531296929684542
5342.3			0.9462874845123296
5343.2			0.9971022218695889
5344.1			1.0
5345.0			0.954912619998777
5345.9			0.9185809592018602
5346.8			0.9080175759885859
5347.7			0.8842265239310408
5348.6			0.8381415084196018
5349.5			0.8278285682293333
5350.4			0.8799417129061431
5351.3			0.9411001518755584
5352.2			0.9628908475387394
5353.1			0.9668890749851088
5354.0			0.9963205033439241
5354.9			1.0
5355.8			1.0
5356.7			1.0
5357.6			1.0
5358.5			1.0
5359.4			1.0
5360.3			1.0
5361.2			1.0
5362.1			1.0
5363.0			1.0
5363.9			1.0
5364.8			1.0
5365.7			1.0
5366.6			1.0
5367.5			0.9911747294982827
5368.4			0.9490483968517575
5369.3			0.8664481692234223
5370.2			0.7777319356751119
5371.1			0.7520863244504521
5372.0			0.8178110453459002
5372.9			0.9203654161957132
5373.8			0.9880076324293152
5374.7			1.0027015624627258
5375.6			1.0
5376.5			1.0
5377.4			1.0
5378.3			1.0
5379.2			1.0
5380.1			1.0
5381.0			1.0
5381.9			1.0
5382.8			1.0
5383.7			1.0
5384.6			1.0
5385.5			1.0
5386.4			1.0
5387.3			1.0
5388.2			1.0
5389.1			1.0
5390.0			1.0
5390.9			1.0
5391.8			1.0
5392.7			1.0
5393.6			1.0
5394.5			1.0
5395.4			1.0
5396.3			1.0
5397.2			0.9548020884467415
5398.1			1.0310367802539568
5399.0			1.1275132763584854
5399.9			1.146982035787009
5400.8			1.1353928299641376
5401.7			1.1378321465112617
5402.6			1.1066228368220405
5403.5			1.0018455585510413
5404.4			0.8705273476761851
5405.3			0.7926741337714258
5406.2			0.8119350649794281
5407.1			0.8911234396410819
5408.0			0.934027855240314
5408.9			0.896705431884526
5409.8			0.8511881730641088
5410.7			0.8819138622340952
5411.6			0.9637545554667629
5412.5			1.0110776851053165
5413.4			0.9961872883396443
5414.3			1.0
5415.2			1.0
5416.1			1.0
5417.0			1.0
5417.9			1.0
5418.8			1.0
5419.7			1.0
5420.6			1.0
5421.5			1.0074990960830654
5422.4			1.0085406249696507
5423.3			0.9532751084818211
5424.2			0.8923173278084686
5425.1			0.9016239511812022
5426.0			1.0
5426.9			1.051888661037963
5427.8			1.0120080394492792
5428.7			0.8992791151914458
5429.6			0.8262209272964185
5430.5			0.8525082481412471
5431.4			0.8930089563534862
5432.3			0.8677174919224615
5433.2			0.8106952965807502
5434.1			0.7678847204769531
5435.0			0.7517276823962045
5435.9			0.773044937939134
5436.8			0.8417926223113796
5437.7			0.9372182312246511
5438.6			1.0134798228695563
5439.5			1.042345540213455
5440.4			1.034215292359784
5441.3			1.0165408355666006
5442.2			1.0080394725302333
5443.1			1.0
5444.0			0.9688559793209246
5444.9			0.8973415417132101
5445.8			0.8075474624493146
5446.7			0.7658409467199073
5447.6			0.8218942335312984
5448.5			0.9295655907703331
5449.4			0.9998477302587669
5450.3			1.0
5451.2			1.0
5452.1			1.0
5453.0			0.958491775105719
5453.9			0.8898937395952079
5454.8			0.8154679039111524
5455.7			0.7995733438756008
5456.6			0.8691869266592859
5457.5			0.9620650832454676
5458.4			1.0027218303977197
5459.3			1.0
5460.2			1.0
5461.1			1.0
5462.0			1.0
5462.9			1.0
5463.8			1.0
5464.7			1.0
5465.6			1.0
5466.5			1.0
5467.4			1.0
5468.3			1.0
5469.2			0.98410205966571
5470.1			0.956810916331579
5471.0			0.9474463294192335
5471.9			0.9346699294650266
5472.8			0.9021050012161681
5473.7			0.8895050721148072
5474.6			0.8997429456305571
5475.5			0.8643796829826386
5476.4			0.7994804337215193
5477.3			0.8180620867837143
5478.2			0.9314510976269652
5479.1			1.0130008178039942
5480.0			0.9819309436014224
5480.9			0.9026445720806048
5481.8			0.8771787156311389
5482.7			1.0
5483.6			1.0718150992511095
5484.5			1.1332044189490442
5485.4			1.1421152383388309
5486.3			1.0857530812753082
5487.2			1.019624346031203
5488.1			1.0052873564770088
5489.0			1.0219805797859451
5489.9			1.0277405445764651
5490.8			1.0329859937217851
5491.7			1.034734952988376
5492.6			1.0013340518025196
5493.5			1.0
5494.4			1.0
5495.3			1.0
5496.2			1.0
5497.1			1.0
5498.0			1.0
5498.9			1.0
5499.8			1.0
5500.7			1.0
5501.6			1.0
5502.5			1.0
5503.4			1.0
5504.3			1.0
5505.2			1.0
5506.1			1.0
5507.0			0.9949170118264226
5507.9			1.042111541259661
5508.8			1.065127876232964
5509.7			1.0452120834655485
5510.6			1.0013768547338726
5511.5			0.9394371790718022
5512.4			0.8913285744414692
5513.3			0.8907246390989976
5514.2			0.9201374360774086
5515.1			0.9431500871886465
5516.0			0.9517580667249886
5516.9			0.9677838738906382
5517.8			1.0060417336475624
5518.7			1.0
5519.6			1.0
5520.5			1.0
5521.4			1.0
5522.3			1.0
5523.2			1.0142497697496715
5524.1			1.013762483077096
5525.0			0.9884167871201842
5525.9			0.9493362440914755
5526.8			0.9100416197712522
5527.7			0.8847290688663488
5528.6			0.8998647923644985
5529.5			0.9555560027290056
5530.4			1.0076297867058308
5531.3			1.0195798413847186
5532.2			1.0005885682242912
5533.1			1.0
5534.0			1.0
5534.9			1.0
5535.8			1.0
5536.7			1.0
5537.6			1.0
5538.5			1.0
5539.4			1.0
5540.3			1.032985888369473
5541.2			1.028940411803788
5542.1			0.9842717284956753
5543.0			0.9338352119979254
5543.9			0.9103584729497113
5544.8			0.905983402677389
5545.7			0.9031968719709826
5546.6			0.9175743725774868
5547.5			0.9561514404839359
5548.4			0.9894487744405929
5549.3			0.99964465662142
5550.200000000001			1.0
5551.1			1.0
5552.0			1.0
5552.9			1.0
5553.8			1.0
5554.700000000001			1.0
5555.6			1.0
5556.5			1.0
5557.4			1.0
5558.3			0.9959178620172888
5559.200000000001			1.003431209243014
5560.1			1.005596219654535
5561.0			0.9921900023225444
5561.9			0.9624955504091911
5562.8			0.9411635910176179
5563.700000000001			0.9462380325631032
5564.6			0.9486703887099621
5565.5			0.926915281232051
5566.4			0.9112392343498503
5567.3			0.9190336753059654
5568.200000000001			0.9215241774038011
5569.1			0.916979700575635
5570.0			0.9454806902176305
5570.9			0.9792026884084585
5571.8			0.9603243353803294
5572.700000000001			0.9332791279269678
5573.6			0.9622890102236787
5574.5			0.9996851851469126
5575.4			1.0
5576.3			1.0
5577.200000000001			1.0
5578.1			1.0
5579.0			1.0
5579.9			1.0210553625837528
5580.8			1.016974188826647
5581.700000000001			0.9984416322277504
5582.6			0.994162564432183
5583.5			0.9915633013132364
5584.4			0.9741461815097798
5585.3			0.934004523805716
5586.200000000001			0.8642389395062124
5587.1			0.7935569518077168
5588.0			0.7658649059023402
5588.9			0.7842583468502009
5589.8			0.8260302279218458
5590.700000000001			0.8649366711720521
5591.6			0.8829693217837662
5592.5			0.8818748727105127
5593.4			0.8759919746757835
5594.3			0.8928608467792323
5595.200000000001			0.9498661850653338
5596.1			1.0013178534225395
5597.0			1.0
5597.9			0.9460159927927876
5598.8			0.9088467518443191
5599.700000000001			0.8875108237083476
5600.6			0.8552570610907031
5601.5			0.8216591540010465
5602.4			0.8164875184531566
5603.3			0.8580808878265962
5604.200000000001			0.9309625439264588
5605.1			0.9897660508128664
5606.0			1.0101577040906868
5606.9			1.0014948700344142
5607.8			1.0
5608.700000000001			1.0
5609.6			1.0
5610.5			1.0
5611.4			1.0
5612.3			1.0
5613.200000000001			0.9883561443485772
5614.1			0.9086863944628628
5615.0			0.8390344605913577
5615.9			0.8730272484837919
5616.8			0.9821727816753335
5617.700000000001			1.0
5618.6			1.0
5619.5			1.0
5620.4			1.0
5621.3			1.0368044201838056
5622.200000000001			1.0382003954864218
5623.1			0.9692286384108169
5624.0			0.8778709879644663
5624.9			0.8477119605448894
5625.8			0.8896008359996177
5626.700000000001			0.9390771061678066
5627.6			0.9697658207535733
5628.5			1.0060850284428169
5629.4			1.0
5630.3			1.0
5631.200000000001			1.0
5632.1			1.0
5633.0			0.9794852008180807
5633.9			0.9617204434025715
5634.8			0.9452864319594884
5635.700000000001			0.9165192621586481
5636.6			0.8812269748524633
5637.5			0.8738908358519752
5638.4			0.9024181420862163
5639.3			0.9274048311892688
5640.200000000001			0.9153377434339803
5641.1			0.8956860488537914
5642.0			0.9098644670973671
5642.9			0.9445100999954814
5643.8			0.9686215106705566
5644.700000000001			0.9843540560665412
5645.6			1.0022282563981915
5646.5			1.0238411744861209
5647.4			1.0357639548911635
5648.3			1.024191666482589
5649.200000000001			1.0040925093412023
5650.1			1.0
5651.0			1.030763225607831
5651.9			1.0575157338823968
5652.8			1.0452008256784702
5653.700000000001			0.9986062805738376
5654.6			0.9658293568116162
5655.5			0.9745398859291041
5656.4			0.9623360686763421
5657.3			0.8779512228676927
5658.200000000001			0.8057150600196508
5659.1			0.8367519917628807
5660.0			0.9105480862243795
5660.9			0.9220364663123444
5661.8			0.8870490316788677
5662.700000000001			0.8883264084818471
5663.6			1.0
5664.5			1.049169411463805
5665.4			1.0429982116910617
5666.3			0.9894805930153066
5667.200000000001			0.9362424083223988
5668.1			0.9156872953507771
5669.0			0.921995498765169
5669.9			0.9351874229227255
5670.8			0.955643385171125
5671.700000000001			0.9939827613727577
5672.6			1.0
5673.5			1.0
5674.4			1.0
5675.3			1.0
5676.200000000001			1.0
5677.1			1.0
5678.0			1.0
5678.9			1.0
5679.8			0.9996662070999618
5680.700000000001			0.9943194328745342
5681.6			0.9561180187697771
5682.5			0.9157251860849462
5683.4			0.9125437961410864
5684.3			0.9353881300107516
5685.200000000001			0.9433689749456058
5686.1			0.9189237022125964
5687.0			0.8863566788814584
5687.9			0.8833119032505772
5688.8			0.9166693151140258
5689.700000000001			0.9598776027326532
5690.6			0.9942512442087729
5691.5			1.0214740931740292
5692.4			1.0352300415552669
5693.3			1.0261488951501045
5694.200000000001			1.0068895445601114
5695.1			0.998548042822347
5696.0			0.9996925657389734
5696.9			1.0
5697.8			1.0
5698.700000000001			1.0
5699.6			0.9749559008789319
5700.5			0.9282989764260162
5701.4			0.8879794556759029
5702.3			0.8992368034387693
5703.200000000001			0.9515235708721269
5704.1			0.9842344542589727
5705.0			0.9610616966585435
5705.9			0.9097626115979599
5706.8			0.8681929206428612
5707.700000000001			0.8368539642760716
5708.6			0.8166684933264015
5709.5			0.8214189188131792
5710.4			0.8293258819828874
5711.3			0.8295182935605474
5712.200000000001			0.8601438258544302
5713.1			0.9250444886024067
5714.0			0.9752090677025315
5714.9			0.9953257824837233
5715.8			1.005926127903841
5716.700000000001			1.0066409693464604
5717.6			0.9981774280067475
5718.5			1.0
5719.4			1.0
5720.3			1.0
5721.200000000001			1.0
5722.1			1.0
5723.0			1.0
5723.9			1.0
5724.8			0.9984796283782488
5725.700000000001			0.9687002379849531
5726.6			0.9278866274575199
5727.5			0.9279346434678706
5728.4			0.978751654050146
5729.3			1.0231789178465873
5730.200000000001			1.0115214717519385
5731.1			1.0
5732.0			1.0
5732.9			1.0
5733.8			1.0
5734.700000000001			1.0
5735.6			1.0
5736.5			1.0
5737.4			1.0
5738.3			1.0009714288183624
5739.200000000001			1.0047864072679056
5740.1			1.0013132940916667
5741.0			0.9901248191394727
5741.9			0.976702569769363
5742.8			0.9739527702440424
5743.700000000001			0.9975128345527744
5744.6			1.0469830374456437
5745.5			1.0832536343696693
5746.4			1.062604504090451
5747.3			1.0006887257748833
5748.200000000001			1.0
5749.1			1.0
5750.0			1.0440046413362252
5750.9			1.0378787318641025
5751.8			0.9715833533236599
5752.700000000001			0.882064734185506
5753.6			0.824086512478978
5754.5			0.8391053406243834
5755.4			0.9067667411481574
5756.3			0.9677909435187195
5757.200000000001			0.9893224158795182
5758.1			1.0
5759.0			1.0
5759.9			1.0
5760.8			1.0
5761.700000000001			1.0
5762.6			1.0
5763.5			1.0
5764.4			1.0
5765.3			1.0
5766.200000000001			1.0
5767.1			1.0
5768.0			1.0
5768.9			1.0
5769.8			1.0
5770.700000000001			1.0
5771.6			1.0
5772.5			1.0
5773.4			1.0
5774.3			0.9927644503711548
5775.200000000001			1.0038383052884585
5776.1			1.0318260082960482
5777.0			1.0485805171780658
5777.9			1.0382123711359268
5778.8			0.9997649851773622
5779.700000000001			0.9277563594405549
5780.6			0.848999463979165
5781.5			0.8161890333672565
5782.4			0.8340558090431137
5783.3			0.8514763964561572
5784.200000000001			0.8385141135948914
5785.1			0.83314690119221
5786.0			0.8752178690729274
5786.9			0.9372736627448702
5787.8			0.9811571786168624
5788.700000000001			1.000004245004845
5789.6			1.0
5790.5			1.0
5791.4			1.0
5792.3			1.0
5793.200000000001			1.0
5794.1			1.0
5795.0			1.0
5795.9			0.9712532131769326
5796.8			0.9146441228543989
5797.700000000001			0.8883526875239844
5798.6			0.9307599901574501
5799.5			1.0000028581327327
5800.4			1.0
5801.3			1.0
5802.200000000001			1.0
5803.1			1.0
5804.0			1.0
5804.9			1.0
5805.8			1.0
5806.700000000001			1.0
5807.6			1.0
5808.5			1.0
5809.4			1.0
5810.3			1.0
5811.200000000001			1.0
5812.1			1.0
5813.0			0.9952099347692084
5813.9			0.9730261743044921
5814.8			0.9327556639374341
5815.700000000001			0.9011222167015044
5816.6			0.9099419679020075
5817.5			0.9553837390364844
5818.4			0.9969415594923039
5819.3			1.0
5820.200000000001			1.0
5821.1			1.0
5822.0			1.0
5822.9			1.0
5823.8			1.0
5824.700000000001			1.0
5825.6			1.0
5826.5			1.0
5827.4			1.0
5828.3			1.0
5829.200000000001			1.0
5830.1			1.0
5831.0			1.0
5831.9			1.0
5832.8			1.0
5833.700000000001			1.0
5834.6			1.0
5835.5			1.0
5836.4			1.0
5837.3			1.0
5838.200000000001			1.0
5839.1			1.0
5840.0			1.0
5840.9			1.0
5841.8			1.0
5842.700000000001			1.0
5843.6			1.0
5844.5			1.0
5845.4			1.0
5846.3			1.0
5847.200000000001			1.0
5848.1			1.0
5849.0			1.0
5849.9			1.0207509442689577
5850.8			1.0153909400890078
5851.700000000001			0.9686967072350533
5852.6			0.9008152111965124
5853.5			0.876086525366293
5854.4			0.9157103998066617
5855.3			0.9573465243789818
5856.200000000001			0.9418079347493233
5857.1			0.8945159663570407
5858.0			0.8788845045093512
5858.9			0.9125103439473026
5859.8			0.9649109598807556
5860.700000000001			1.0007491460507434
5861.6			1.008052431537405
5862.5			1.004824880652597
5863.4			1.0156191539453674
5864.3			1.0319229975276967
5865.200000000001			1.0241264034045015
5866.1			1.0010721297320897
5867.0			1.0
5867.9			1.0
5868.8			1.0
5869.700000000001			1.0
5870.6			1.0
5871.5			1.0
5872.4			1.0
5873.3			1.0
5874.200000000001			1.0
5875.1			1.0
5876.0			1.0
5876.9			1.0
5877.8			0.9828534588470411
5878.700000000001			0.9539452736337387
5879.6			0.925915536610602
5880.5			0.9290762676236106
5881.4			0.9667114969365811
5882.3			0.9974480957408077
5883.200000000001			0.998155781590787
5884.1			1.0
5885.0			1.0
5885.9			1.0
5886.8			1.0034668208787807
5887.700000000001			0.9285396992392974
5888.6			0.7700193990034504
5889.5			0.6308779977392603
5890.4			0.6425559964623734
5891.3			0.7813421151113273
5892.200000000001			0.9198505973724845
5893.1			0.9958888591188405
5894.0			0.9861000699119526
5894.9			1.0
5895.8			1.0
5896.700000000001			1.0
5897.6			1.0
5898.5			1.0
5899.4			1.0
5900.3			1.0
5901.200000000001			1.0
5902.1			1.0
5903.0			1.0
5903.9			1.0
5904.8			1.0
5905.700000000001			1.0
5906.6			1.0
5907.5			1.0
5908.4			1.0
5909.3			1.0
5910.200000000001			1.0
5911.1			1.0
5912.0			1.0059844927615078
5912.9			0.9738989650147337
5913.8			0.9261405525299419
5914.700000000001			0.893519228634205
5915.6			0.8874149646813951
5916.5			0.9110113911582678
5917.4			0.9487589757296542
5918.3			0.9776157564050185
5919.200000000001			0.9992345324350185
5920.1			1.0
5921.0			1.0
5921.9			1.0
5922.8			1.0
5923.700000000001			1.0
5924.6			1.0
5925.5			1.0
5926.4			1.0
5927.3			1.0
5928.200000000001			1.0
5929.1			1.0
5930.0			1.0
5930.9			1.0
5931.8			1.0350430721443213
5932.700000000001			1.0233538659072061
5933.6			0.9747330612022213
5934.5			0.9404455503725367
5935.4			0.9516697678435205
5936.3			0.9819844969350254
5937.200000000001			1.0010918555749801
5938.1			1.0
5939.0			1.0
5939.9			1.0
5940.8			1.0
5941.700000000001			1.0
5942.6			1.0
5943.5			1.0
5944.4			1.0
5945.3			1.0
5946.200000000001			1.0
5947.1			1.0
5948.0			1.0
5948.9			1.0
5949.8			1.0
5950.700000000001			1.0
5951.6			1.0
5952.5			1.0
5953.4			1.0
5954.3			1.028555415668904
5955.200000000001			1.0204174652706621
5956.1			0.9663568334205772
5957.0			0.9297657585124364
5957.9			0.940983402372736
5958.8			0.9750679575904077
5959.700000000001			1.0071974870516454
5960.6			1.0
5961.5			1.0
5962.4			1.0
5963.3			1.0
5964.200000000001			1.0
5965.1			1.0
5966.0			1.0
5966.9			1.0
5967.8			1.0
5968.700000000001			1.0
5969.6			1.0
5970.5			1.0
5971.4			1.0
5972.3			1.0
5973.200000000001			1.0
5974.1			1.0
5975.0			1.0
5975.9			1.0
5976.8			1.0
5977.700000000001			1.0
5978.6			1.0
5979.5			1.0
5980.4			1.0
5981.3			1.0057541241051793
5982.200000000001			0.9796123141023843
5983.1			0.9282577683730723
5984.0			0.8932588635233516
5984.9			0.9137121718885586
5985.8			0.9640589244014084
5986.700000000001			0.995219429150916
5987.6			1.0
5988.5			1.0
5989.4			1.0
5990.3			1.0
5991.200000000001			1.0
5992.1			1.0
5993.0			1.0
5993.9			1.0
5994.8			1.0
5995.700000000001			1.0
5996.6			1.0
5997.5			1.0
5998.4			1.0
5999.3			1.0
6000.200000000001			1.0
6001.1			1.0
6002.0			1.0
6002.9			1.0
6003.8			1.0
6004.700000000001			1.011925717882392
6005.6			0.992651028795858
6006.5			0.9475825326092382
6007.4			0.899679711269081
6008.3			0.8975084350500433
6009.200000000001			1.0
6010.1			1.066155431303838
6011.0			1.0733697314193513
6011.9			1.0286938337585998
6012.8			0.9891143565647557
6013.700000000001			0.9876376300285903
6014.6			1.0004201250864464
6015.5			0.9911415142323211
6016.4			0.9725879494432759
6017.3			0.9782311678715484
6018.200000000001			0.9903894905307579
6019.1			0.9753447016739192
6020.0			0.946800081123262
6020.9			0.9376031637691052
6021.8			0.9509840257495656
6022.700000000001			0.9638874586326474
6023.6			0.9705651949013357
6024.5			0.9837724562682612
6025.4			0.9912763024828048
6026.3			0.9763999013079555
6027.200000000001			0.9623095701379009
6028.1			0.9746964853430351
6029.0			0.9940001137572216
6029.9			0.9985225962654817
6030.8			0.9960718231530996
6031.700000000001			1.0030513307443252
6032.6			1.0
6033.5			1.0
6034.4			1.0
6035.3			1.0
6036.200000000001			1.0
6037.1			1.0
6038.0			1.0
6038.9			1.0
6039.8			1.0
6040.700000000001			1.0
6041.6			1.0
6042.5			1.0
6043.4			1.0
6044.3			1.0
6045.200000000001			1.0
6046.1			1.0
6047.0			1.0
6047.9			1.0
6048.8			1.0
6049.700000000001			1.0
6050.6			1.0
6051.5			1.0
6052.4			1.0
6053.3			1.0
6054.200000000001			1.0
6055.1			1.0
6056.0			1.0
6056.9			1.0
6057.8			1.0
6058.700000000001			1.0
6059.6			1.0
6060.5			1.0
6061.4			0.9790952431142634
6062.3			0.9516560412151115
6063.200000000001			0.9219142378778639
6064.1			0.8845427988423367
6065.0			0.8569290821676806
6065.9			0.8813565496025617
6066.8			0.9454189621732053
6067.700000000001			0.991554872974175
6068.6			0.9983345231729303
6069.5			1.0
6070.4			1.0
6071.3			1.0
6072.200000000001			1.0
6073.1			1.0
6074.0			1.0
6074.9			1.0
6075.8			1.0
6076.700000000001			0.9791352245747197
6077.6			0.9496691134269681
6078.5			0.9334077567471382
6079.4			0.9485639963541069
6080.3			0.9632440334090625
6081.200000000001			0.9408485505544169
6082.1			0.9132863938914944
6083.0			0.9197611883698801
6083.9			0.9399647735713349
6084.8			0.9466481436391976
6085.700000000001			0.9495904840729422
6086.6			0.9693899585346536
6087.5			0.9978817909188853
6088.4			1.0
6089.3			1.0
6090.200000000001			1.0
6091.1			1.0
6092.0			1.0
6092.9			1.0
6093.8			1.0
6094.700000000001			1.0
6095.6			1.0
6096.5			1.0
6097.4			1.0
6098.3			1.0
6099.200000000001			1.0
6100.1			1.0088132009262851
6101.0			0.96387854468318
6101.9			0.8792041733294576
6102.8			0.8430958871073788
6103.700000000001			0.8970748803032803
6104.6			0.9710160110006857
6105.5			1.0020987766777874
6106.4			1.0
6107.3			1.0
6108.200000000001			1.0
6109.1			1.0
6110.0			1.0
6110.9			1.0
6111.8			1.0
6112.700000000001			1.0
6113.6			1.0
6114.5			1.0
6115.4			1.0
6116.3			1.0
6117.200000000001			1.0
6118.1			1.0112632586023704
6119.0			0.9883519428273139
6119.9			0.9526705722119642
6120.8			0.9273845814082158
6121.700000000001			0.9165754770679129
6122.6			0.9379669705483973
6123.5			0.9867807888830418
6124.4			1.0137145377957144
6125.3			1.0001825784363656
6126.200000000001			1.0
6127.1			1.0
6128.0			1.0
6128.9			1.0
6129.8			1.0
6130.700000000001			1.0
6131.6			1.0
6132.5			1.0
6133.4			1.0
6134.3			0.9610951124977215
6135.200000000001			0.872306748257633
6136.1			0.7569151975845148
6137.0			0.7042737828862848
6137.9			0.7825345410115764
6138.8			0.9255992522837839
6139.700000000001			0.9979065688058055
6140.6			1.0
6141.5			1.0
6142.4			1.0
6143.3			1.0
6144.200000000001			1.0
6145.1			1.0
6146.0			1.0
6146.9			1.0
6147.8			1.0
6148.700000000001			1.0
6149.6			1.0
6150.5			1.0
6151.4			1.0
6152.3			1.0
6153.200000000001			1.0
6154.1			1.0
6155.0			1.0
6155.9			1.0
6156.8			1.0
6157.700000000001			1.0
6158.6			1.0111260851208026
6159.5			0.9904703717779777
6160.4			0.9173613824125325
6161.3			0.839819985769172
6162.200000000001			0.8169194133229695
6163.1			0.854749647096815
6164.0			0.9159543060368777
6164.9			0.9640416030675388
6165.8			0.9964403041014771
6166.700000000001			1.0
6167.6			1.0
6168.5			1.0
6169.4			1.0
6170.3			1.0
6171.200000000001			1.0
6172.1			1.0
6173.0			1.0
6173.9			1.0
6174.8			1.0
6175.700000000001			1.0
6176.6			1.0
6177.5			1.0
6178.4			1.0
6179.3			1.0
6180.200000000001			1.0
6181.1			1.0
6182.0			1.0
6182.9			1.0
6183.8			1.0
6184.700000000001			1.0
6185.6			1.0
6186.5			1.0
6187.4			1.0
6188.3			0.9921138946610161
6189.200000000001			0.9861635070171216
6190.1			0.937039300256075
6191.0			0.8697110133046176
6191.9			0.8709539183422856
6192.8			0.945165837986054
6193.700000000001			1.0076988283656851
6194.6			1.0
6195.5			1.0
6196.4			1.0
6197.3			0.998898084215947
6198.200000000001			0.9565006533076074
6199.1			0.8935067553246937
6200.0			0.8676753487071935
6200.9			0.9020239041276648
6201.8			0.9603792938282545
6202.700000000001			1.0012542087914014
6203.6			1.0
6204.5			1.0
6205.4			1.0
6206.3			1.0
6207.200000000001			1.0
6208.1			1.0
6209.0			1.0
6209.9			1.0
6210.8			0.9940390083844732
6211.700000000001			0.9766300201097508
6212.6			0.929785750690423
6213.5			0.8799435008685295
6214.4			0.8695237790297576
6215.3			0.9000345294631812
6216.200000000001			0.9527165102014203
6217.1			1.0030682249280358
6218.0			1.0112755182643396
6218.9			1.0
6219.8			1.0
6220.700000000001			1.0
6221.6			1.0
6222.5			1.0
6223.4			1.0
6224.3			1.0
6225.200000000001			1.0
6226.1			1.0040969497581198
6227.0			0.9999457571600303
6227.9			0.97795955905391
6228.8			0.9230806639523934
6229.700000000001			0.8500498309330851
6230.6			0.8072375475771628
6231.5			0.8152368059059062
6232.4			0.851888542677473
6233.3			0.905781181924506
6234.200000000001			0.964802572997822
6235.1			1.0
6236.0			1.003146719874063
6236.9			0.9760254182489982
6237.8			0.9405675327571655
6238.700000000001			0.9032323843033926
6239.6			0.877320610547379
6240.5			0.8893952348563083
6241.4			0.9197854007889388
6242.3			0.9203706262615423
6243.200000000001			0.9048804583104021
6244.1			0.91389828306218
6245.0			0.9330371951504266
6245.9			0.9524159181562066
6246.8			0.9963589558726683
6247.700000000001			1.0
6248.6			1.0284195882027476
6249.5			1.0312070261139807
6250.4			1.0066105505885112
6251.3			0.9486649831647699
6252.200000000001			0.887302600306692
6253.1			0.8633992863203961
6254.0			0.8737123566859801
6254.9			0.8828885589801139
6255.8			0.8704788595634172
6256.700000000001			0.8441613417200928
6257.6			0.8259358325353517
6258.5			0.8450623873699469
6259.4			0.9005540961171685
6260.3			0.9492251299900497
6261.200000000001			0.9713111124749659
6262.1			0.9961100241195457
6263.0			1.020221911328584
6263.9			1.0037366684305773
6264.8			0.9629709613930036
6265.700000000001			0.9601751472074104
6266.6			1.0000673032444574
6267.5			1.0
6268.4			1.0
6269.3			1.0
6270.200000000001			1.0
6271.1			1.0
6272.0			1.0
6272.9			1.0
6273.8			1.0
6274.700000000001			1.0
6275.6			1.0
6276.5			1.0
6277.4			1.0
6278.3			0.9824658908818346
6279.200000000001			0.9311045898827331
6280.1			0.8799733729023113
6281.0			0.876138663807206
6281.9			0.9164663256657826
6282.8			0.9684620641723121
6283.700000000001			0.9999825492012684
6284.6			1.0
6285.5			1.0
6286.4			1.0
6287.3			1.0
6288.200000000001			1.0
6289.1			1.0
6290.0			1.0
6290.9			1.0
6291.8			1.0
6292.700000000001			1.0
6293.6			1.0176002188655326
6294.5			1.0279961998039764
6295.4			1.0044205258858947
6296.3			0.9514254739087499
6297.200000000001			0.9157242573961155
6298.1			0.9265539855498323
6299.0			0.9546289647789279
6299.9			0.950113693561645
6300.8			0.9151889813491647
6301.700000000001			0.8964998873600372
6302.6			0.9217752400751276
6303.5			0.9636962585311577
6304.4			0.9869403355168512
6305.3			0.9978987474989032
6306.200000000001			1.0
6307.1			1.0297625783894606
6308.0			1.0389104515149075
6308.9			1.0185275648999546
6309.8			0.9804268886390104
6310.700000000001			0.9484489380355715
6311.6			0.9405938201172199
6312.5			0.9507177015614721
6313.4			0.9459482001683314
6314.3			0.9180766950175443
6315.200000000001			0.9056073034488183
6316.1			0.9183484852258255
6317.0			0.9140100865496904
6317.9			0.887267123062414
6318.8			0.8854825733599676
6319.700000000001			0.9137006397759249
6320.6			0.939191831118215
6321.5			0.9468491047015244
6322.4			0.9572336612322866
6323.3			0.990981141388594
6324.200000000001			1.0294835445806314
6325.1			1.0456522591613775
6326.0			1.033517200612465
6326.9			1.014719134546139
6327.8			1.0154766706650675
6328.700000000001			1.0256956184119683
6329.6			1.0164719529121455
6330.5			0.9999429602472861
6331.4			1.0
6332.3			1.0263907958146312
6333.200000000001			1.0276843712220822
6334.1			0.9740786505022092
6335.0			0.9025579751822423
6335.9			0.8795376319098409
6336.8			0.9140819314921218
6337.700000000001			0.9544240810931479
6338.6			0.9754810531781731
6339.5			0.9993427038638381
6340.4			1.0
6341.3			1.0
6342.200000000001			1.0
6343.1			1.0
6344.0			1.0
6344.9			1.0
6345.8			1.0
6346.700000000001			1.0
6347.6			1.0
6348.5			1.0
6349.4			1.0
6350.3			1.0
6351.200000000001			1.0
6352.1			1.0
6353.0			0.9771936556418868
6353.9			0.9347362458123365
6354.8			0.9117758377042825
6355.700000000001			0.9256925220644644
6356.6			0.935201104512286
6357.5			0.9048598277619064
6358.4			0.8674180658027408
6359.3			0.8679865643216991
6360.200000000001			0.8857722122669889
6361.1			0.8826082930596595
6362.0			0.8671057184200341
6362.9			0.8706900429039438
6363.8			0.8964487963432732
6364.700000000001			0.9262328411266346
6365.6			0.9506092489891196
6366.5			0.9743523313803998
6367.4			0.9984346562907
6368.3			1.0068390213511238
6369.200000000001			0.9942944975461331
6370.1			0.9833452944443223
6371.0			1.0018493874575738
6371.9			1.0
6372.8			1.0
6373.700000000001			1.0
6374.6			1.0
6375.5			1.0
6376.4			1.0
6377.3			1.0
6378.200000000001			1.0
6379.1			1.0
6380.0			1.0
6380.9			1.0
6381.8			1.0
6382.700000000001			1.0
6383.6			1.0
6384.5			1.0
6385.4			1.0
6386.3			1.0
6387.200000000001			1.0
6388.1			1.0
6389.0			1.0
6389.9			1.0
6390.8			1.0
6391.700000000001			1.0
6392.6			1.0
6393.5			1.0
6394.4			1.0
6395.3			1.0
6396.200000000001			1.0
6397.1			1.0057791413637247
6398.0			0.9718559540304678
6398.9			0.8980363165907189
6399.8			0.8427944740838257
6400.700000000001			0.8679418950716898
6401.6			0.944778604901154
6402.5			0.9997746634119485
6403.4			1.0
6404.3			1.0
6405.200000000001			1.0
6406.1			1.0
6407.0			1.0
6407.9			1.0
6408.8			1.0
6409.700000000001			1.0
6410.6			1.0
6411.5			1.0
6412.4			1.0
6413.3			1.0
6414.200000000001			1.0
6415.1			1.0
6416.0			1.0
6416.9			0.9931194983391197
6417.8			0.9725429358840285
6418.700000000001			0.9350008367692105
6419.6			0.8878601862682515
6420.5			0.8614255598275973
6421.4			0.888830669217229
6422.3			0.9548666453089762
6423.200000000001			1.0002104176876492
6424.1			0.9982653001089014
6425.0			1.0
6425.9			1.0
6426.8			1.0
6427.700000000001			1.006735858221924
6428.6			0.9747249073820403
6429.5			0.9091231287635214
6430.4			0.8512965574054087
6431.3			0.8461633634891621
6432.200000000001			0.8897764497750433
6433.1			0.9415303407848579
6434.0			0.9796841841815144
6434.9			1.0014027992714896
6435.8			1.0
6436.700000000001			1.0
6437.6			1.0
6438.5			1.0
6439.4			1.0
6440.3			1.0
6441.200000000001			1.0
6442.1			1.0
6443.0			1.0
6443.9			1.0
6444.8			1.0
6445.700000000001			1.0
6446.6			1.0
6447.5			0.9796586743213778
6448.4			0.904884853119388
6449.3			0.8200693850365763
6450.200000000001			0.8043699127476281
6451.1			0.8686745360634551
6452.0			0.9507185606329669
6452.9			0.9971040778181735
6453.8			1.0
6454.700000000001			1.0
6455.6			1.0
6456.5			1.0
6457.4			1.0
6458.3			1.0
6459.200000000001			1.0
6460.1			1.0005451174768678
6461.0			0.9555482036910599
6461.9			0.8907951413275265
6462.8			0.8667961911794805
6463.700000000001			0.9036870870085677
6464.6			0.9612968276113437
6465.5			1.0037133951594013
6466.4			1.0
6467.3			1.0
6468.200000000001			1.0
6469.1			1.0
6470.0			1.0
6470.9			1.0
6471.8			1.0
6472.700000000001			1.0
6473.6			1.0
6474.5			1.0
6475.4			1.0
6476.3			1.0
6477.200000000001			1.0
6478.1			1.0
6479.0			1.0
6479.9			0.9850675741714899
6480.8			0.9339765392798994
6481.700000000001			0.8741665736600858
6482.6			0.8661232841741853
6483.5			0.9157827483057094
6484.4			0.9725042772585838
6485.3			0.9999600695389292
6486.200000000001			1.0
6487.1			1.0
6488.0			1.0
6488.9			0.9912135466036138
6489.8			0.9664543270562993
6490.700000000001			0.9457666909420733
6491.6			0.9300161973172536
6492.5			0.8900479719855978
6493.4			0.8078582338847874
6494.3			0.7253725777509694
6495.200000000001			0.6954528749910618
6496.1			0.7162336723951469
6497.0			0.7623035094962856
6497.9			0.8127764703199928
6498.8			0.8589906014618729
6499.700000000001			0.9113559015607424
6500.6			0.9647406303369201
6501.5			1.0018452867157763
6502.4			1.0
6503.3			1.0
6504.200000000001			1.0
6505.1			1.0
6506.0			1.0
6506.9			1.0
6507.8			1.0
6508.700000000001			1.0
6509.6			1.0
6510.5			1.0
6511.4			1.0
6512.3			1.0
6513.200000000001			0.9908151744765569
6514.1			0.9645037998732503
6515.0			0.93234911770303
6515.9			0.9157802209024715
6516.8			0.91237213410641
6517.700000000001			0.9039936765688779
6518.6			0.9028310524765573
6519.5			0.9313626934367094
6520.4			0.9696945618747891
6521.3			0.9878597307850425
6522.200000000001			0.9866207042390222
6523.1			0.9882116713549421
6524.0			0.9993810640100321
6524.9			1.0
6525.8			1.0
6526.700000000001			1.0
6527.6			1.0
6528.5			1.0
6529.4			1.0
6530.3			0.9997197333638784
6531.200000000001			0.9705480194380549
6532.1			0.9338958587404771
6533.0			0.9207030469144772
6533.9			0.9448224758727466
6534.8			0.983249273543621
6535.700000000001			1.000879880575276
6536.6			1.0
6537.5			1.0
6538.4			1.0
6539.3			1.0
6540.200000000001			1.0
6541.1			1.0
6542.0			1.0
6542.9			1.0
6543.8			1.0
6544.700000000001			0.9699991648317304
6545.6			0.9245490364231959
6546.5			0.9125236700489474
6547.4			0.9493438120463339
6548.3			0.9970379177666778
6549.200000000001			1.0
6550.1			1.0
6551.0			1.0
6551.9			1.0
6552.8			1.0
6553.700000000001			1.0
6554.6			1.0
6555.5			1.0
6556.4			1.0
6557.3			1.0
6558.200000000001			1.0
6559.1			0.9796041026547672
6560.0			0.931344272491819
6560.9			0.8082689888801451
6561.8			0.6208831780831257
6562.700000000001			0.5118079073234825
6563.6			0.5905430025819676
6564.5			0.77761357685443
6565.4			0.9274551449265352
6566.3			0.9937670523042377
6567.200000000001			1.0
6568.1			1.0
6569.0			1.0
6569.9			1.0
6570.8			0.9975994804136702
6571.700000000001			0.9781760727336108
6572.6			0.9294503365279251
6573.5			0.8762464830634273
6574.4			0.8534808240103506
6575.3			0.8829430533924449
6576.200000000001			0.9416166272571757
6577.1			0.9879867006596649
6578.0			0.9987699776838365
6578.9			1.0
6579.8			1.0
6580.700000000001			1.0
6581.6			1.0
6582.5			1.0
6583.4			1.0
6584.3			1.0
6585.200000000001			1.0
6586.1			1.0
6587.0			1.0
6587.9			1.0
6588.8			1.0
6589.700000000001			1.0
6590.6			0.9830956394491022
6591.5			0.9207766321747858
6592.4			0.8412806152492305
6593.3			0.8197378885115618
6594.200000000001			0.8780078658316014
6595.1			0.9540373642844309
6596.0			0.9950437708524733
6596.9			1.0
6597.8			1.0
6598.700000000001			1.0
6599.6			1.0
6600.5			1.0
6601.4			1.0
6602.3			1.0
6603.200000000001			1.0
6604.1			1.0
6605.0			0.9853369658841464
6605.9			0.9704501758311826
6606.8			0.9434374065650708
6607.700000000001			0.9016434055756848
6608.6			0.8696157414614927
6609.5			0.8868798740898244
6610.4			0.9499434661631014
6611.3			1.000351878530219
6612.200000000001			1.000843065317575
6613.1			1.0
6614.0			1.0
6614.9			1.0
6615.8			1.0
6616.700000000001			1.0
6617.6			1.0
6618.5			1.0
6619.4			1.0
6620.3			1.0
6621.200000000001			1.0
6622.1			1.0
6623.0			1.0
6623.9			1.0
6624.8			1.0
6625.700000000001			1.0
6626.6			1.0
6627.5			1.0
6628.4			1.0
6629.3			1.0
6630.200000000001			0.9845808217281825
6631.1			0.9666724885125432
6632.0			0.9373451112790363
6632.9			0.9033664890924485
6633.8			0.8944826626387512
6634.700000000001			0.9240209306366564
6635.6			0.9680431311361875
6636.5			0.9960042614204233
6637.4			1.0003644358570776
6638.3			1.0
6639.200000000001			1.0
6640.1			1.0
6641.0			1.0192317759176537
6641.9			1.0052821780357442
6642.8			0.9609428903264848
6643.700000000001			0.9399349183843181
6644.6			0.9639081910934313
6645.5			0.9955825296328392
6646.4			1.0012327093346043
6647.3			1.0
6648.200000000001			1.0
6649.1			1.0
6650.0			1.0
6650.9			1.0
6651.8			1.0
6652.700000000001			1.0
6653.6			1.0
6654.5			1.0
6655.4			1.0
6656.3			1.0
6657.200000000001			1.0
6658.1			1.009694204151937
6659.0			1.009354996016295
6659.9			0.9982249749398113
6660.8			0.9834096994887614
6661.700000000001			0.9544877860133919
6662.6			0.9146407208324687
6663.5			0.899265417865295
6664.4			0.9218525992019314
6665.3			0.9496515460886785
6666.200000000001			0.9565939541514635
6667.1			0.956354956233078
6668.0			0.9703892718593181
6668.9			0.999339346742336
6669.8			1.0
6670.700000000001			1.0
6671.6			1.0
6672.5			1.0
6673.4			1.0
6674.3			1.0
6675.200000000001			0.9984417454887314
6676.1			0.9653735200439874
6677.0			0.9028076080458445
6677.9			0.8655416017678876
6678.8			0.8943694813263404
6679.700000000001			0.9559841765361838
6680.6			0.9978166116970301
6681.5			1.0
6682.4			1.0
6683.3			1.0
6684.200000000001			1.0
6685.1			1.0
6686.0			1.0
6686.9			1.0
6687.8			1.0
6688.700000000001			1.0
6689.6			1.0
6690.5			1.0
6691.4			1.0
6692.3			1.0
6693.200000000001			1.0
6694.1			1.0
6695.0			1.0
6695.9			1.0
6696.8			1.0
6697.700000000001			1.0
6698.6			1.0
6699.5			1.0
6700.4			1.0
6701.3			1.0
6702.200000000001			1.0
6703.1			1.0
6704.0			1.0
6704.9			1.0
6705.8			1.0
6706.700000000001			1.0
6707.6			1.0081581833107727
6708.5			0.9942743587840107
6709.4			0.9682591115656884
6710.3			0.9555491735196977
6711.200000000001			0.962801574680452
6712.1			0.9693698188997695
6713.0			0.966242573096759
6713.9			0.9593420236811955
6714.8			0.9473716167851279
6715.700000000001			0.9303404832966656
6716.6			0.916239759223552
6717.5			0.9253099412160087
6718.4			0.9637772847245162
6719.3			1.006173211136007
6720.200000000001			1.0
6721.1			0.9921259643612829
6722.0			0.987986062264031
6722.9			1.001900327687805
6723.8			1.0135761519442772
6724.700000000001			1.0000591464195416
6725.6			0.9713318678515872
6726.5			0.9584821305223324
6727.4			0.9688924165821584
6728.3			0.9889911966350093
6729.200000000001			1.007605388204176
6730.1			1.0183732132273275
6731.0			1.0165381377168687
6731.9			1.0000998713654639
6732.8			0.9811679733137176
6733.700000000001			0.9744481372363056
6734.6			0.9841565263170429
6735.5			0.9976115635759036
6736.4			0.9933533103732758
6737.3			0.9658201409469895
6738.200000000001			0.9309481259145568
6739.1			0.9138953772564175
6740.0			0.9229303333000776
6740.9			0.939165524865986
6741.8			0.9414881581792466
6742.700000000001			0.9335235856912291
6743.6			0.9360227980655036
6744.5			0.9488095521872305
6745.4			0.9550872493610704
6746.3			0.954528892728551
6747.200000000001			0.9534753680987486
6748.1			0.9474994428328923
6749.0			0.9307315093171055
6749.9			0.9209957078362951
6750.8			0.9314607031783076
6751.700000000001			0.9425035300543434
6752.6			0.9423391234399464
6753.5			0.9433972525282982
6754.4			0.9511302976434746
6755.3			0.9617621368834348
6756.200000000001			0.9778262370456873
6757.1			0.999814218150565
6758.0			1.0
6758.9			1.0
6759.8			0.999257860631861
6760.700000000001			0.9882729921240097
6761.6			0.9794236611936981
6762.5			0.9814840256002391
6763.4			0.9878183338091009
6764.3			0.9847297102317394
6765.200000000001			0.9653574313014531
6766.1			0.9304461838019986
6767.0			0.8981718100409355
6767.9			0.8954473436541528
6768.8			0.9166366067484172
6769.700000000001			0.9282413838293274
6770.6			0.9205835863899509
6771.5			0.9164662325279734
6772.4			0.9284392370144648
6773.3			0.9458421356269553
6774.200000000001			0.9644969929854744
6775.1			0.9856521699801475
6776.0			0.9994517880652846
6776.9			1.0
6777.8			1.0
6778.700000000001			1.0
6779.6			1.0
6780.5			1.0
6781.4			1.0
6782.3			1.0
6783.200000000001			1.0
6784.1			1.0
6785.0			1.0
6785.9			1.0
6786.8			1.0
6787.700000000001			1.0
6788.6			1.0
6789.5			1.0
6790.4			0.9974347142312766
6791.3			1.0026060446250824
6792.200000000001			0.9931845437994156
6793.1			0.9672095715088017
6794.0			0.9457034171012231
6794.9			0.9404578763567308
6795.8			0.9539841555000553
6796.700000000001			0.9775198515573744
6797.6			0.9949292656435454
6798.5			1.0010806574840792
6799.4			1.0001011974704745
6800.3			1.0
6801.200000000001			1.0
6802.1			1.0
6803.0			1.0
6803.9			1.0
6804.8			1.0
6805.700000000001			1.0
6806.6			1.0
6807.5			1.0
6808.4			1.0
6809.3			1.0
6810.200000000001			1.0
6811.1			1.0
6812.0			1.0
6812.9			1.0
6813.8			1.0
6814.700000000001			1.0
6815.6			1.0
6816.5			1.0
6817.4			1.0
6818.3			1.0
6819.200000000001			1.0
6820.1			1.0
6821.0			1.0
6821.9			1.0
6822.8			1.0
6823.700000000001			1.0
6824.6			1.0
6825.5			1.0
6826.4			1.0
6827.3			1.0
6828.200000000001			1.0
6829.1			1.0
6830.0			1.0
6830.9			1.0
6831.8			1.0
6832.700000000001			1.0
6833.6			1.0
6834.5			1.0
6835.4			1.0
6836.3			1.0
6837.200000000001			0.9788901815226225
6838.1			0.9580941011469005
6839.0			0.934993552070259
6839.9			0.9102375624036478
6840.8			0.8916841572697566
6841.700000000001			0.8881388807012508
6842.6			0.9062898043544617
6843.5			0.942056397544569
6844.4			0.9793563213992391
6845.3			0.9986129231100648
6846.200000000001			0.9988297770012949
6847.1			1.0
6848.0			1.0
6848.9			1.0
6849.8			1.0
6850.700000000001			1.0
6851.6			1.0
6852.5			1.0
6853.4			1.0
6854.3			1.0
6855.200000000001			1.0
6856.1			1.0
6857.0			1.0
6857.9			1.0
6858.8			1.0
6859.700000000001			1.0
6860.6			1.0
6861.5			1.0
6862.4			1.0
6863.3			1.0519527914260451
6864.200000000001			1.0721327697473355
6865.1			1.040898292025923
6866.0			0.977798849284337
6866.9			0.9303903408727008
6867.8			0.9436247606381968
6868.700000000001			0.9924586400331332
6869.6			1.0136187171426427
6870.5			0.9982284440466616
6871.4			1.0
6872.3			1.0
6873.200000000001			1.0
6874.1			1.0
6875.0			1.0
6875.9			1.0
6876.8			1.0
6877.700000000001			1.0
6878.6			1.0
6879.5			1.0
6880.4			1.0
6881.3			1.0
6882.200000000001			1.0
6883.1			1.0
6884.0			1.0
6884.9			1.0
6885.8			1.0
6886.700000000001			1.0
6887.6			1.0
6888.5			1.0
6889.4			1.0
6890.3			1.0
6891.200000000001			1.0
6892.1			1.0
6893.0			1.0
6893.9			1.0
6894.8			1.0
6895.700000000001			1.0
6896.6			1.0
6897.5			1.0
6898.4			1.0
6899.3			1.0
6900.200000000001			1.0
6901.1			1.0
6902.0			1.0
6902.9			1.0
6903.8			1.0
6904.700000000001			1.0
6905.6			1.0
6906.5			1.0
6907.4			1.0
6908.3			1.0192515371535602
6909.200000000001			1.0361267254479885
6910.1			1.0159674982029838
6911.0			0.9731943460768919
6911.9			0.9418283549673911
6912.8			0.929660429244664
6913.700000000001			0.922812578641932
6914.6			0.9183957552102163
6915.5			0.9178470431824216
6916.4			0.9184849462277757
6917.3			0.9369592484270801
6918.200000000001			0.9781234897988346
6919.1			1.0095846971249087
6920.0			1.0123695326623168
6920.9			1.001139666710895
6921.8			1.0
6922.700000000001			1.0
6923.6			1.0
6924.5			1.0
6925.4			1.0
6926.3			1.0
6927.200000000001			1.0
6928.1			1.0
6929.0			1.0
6929.9			1.0
6930.8			1.0
6931.700000000001			1.0
6932.6			1.0
6933.5			1.0
6934.4			1.0
6935.3			1.0
6936.200000000001			1.0
6937.1			1.0
6938.0			1.0
6938.9			1.0
6939.8			1.0
6940.700000000001			1.0
6941.6			0.9931076616282138
6942.5			0.9698244424653677
6943.4			0.9345469420819089
6944.3			0.9016503703783568
6945.200000000001			0.8942040932878643
6946.1			0.9194804503173769
6947.0			0.9572379022901498
6947.9			0.9866526052022001
6948.8			0.9985268153697949
6949.700000000001			1.0
6950.6			1.0
6951.5			1.0
6952.4			1.0
6953.3			1.0
6954.200000000001			1.0
6955.1			1.0
6956.0			1.0
6956.9			1.0
6957.8			1.0
6958.700000000001			1.0
6959.6			1.0
6960.5			1.0
6961.4			1.0
6962.3			1.006191887437332
6963.200000000001			1.014458864262158
6964.1			1.0201980619288573
6965.0			1.010892636500019
6965.9			0.9986794201884077
6966.8			1.0085262494124978
6967.700000000001			1.035250893728781
6968.6			1.0492389857991886
6969.5			1.032907484936649
6970.4			1.0036662993432752
6971.3			1.0001410708023757
6972.200000000001			1.0283211950951514
6973.1			1.0495718896007538
6974.0			1.0333962317780963
6974.9			0.9958739959161561
6975.8			0.9623354695250679
6976.700000000001			0.9215783572207592
6977.6			0.8637033029518091
6978.5			0.827140512744766
6979.4			0.8558497304429469
6980.3			0.9283622183019287
6981.200000000001			0.9910734967666647
6982.1			1.0316352938214324
6983.0			1.0588383300773212
6983.9			1.0641801187434858
6984.8			1.0518753904442002
6985.700000000001			1.042643497970219
6986.6			1.042456659625744
6987.5			1.037933297934372
6988.4			1.0244332400581757
6989.3			1.0198657804582474
6990.200000000001			1.0378006753309892
6991.1			1.064190374524078
6992.0			1.0794151790966648
6992.9			1.0744178210726523
6993.8			1.0543902282221598
6994.700000000001			1.0416813610307907
6995.6			1.050810966228476
6996.5			1.0627852548599008
6997.4			1.0499341207980448
6998.3			1.0073358282085658
6999.200000000001			0.9613660546500881
7000.1			1.0
7001.0			1.0
7001.9			1.0
7002.8			1.0
7003.700000000001			1.0
7004.6			1.0
7005.5			1.0
7006.4			1.0
7007.3			1.0
7008.200000000001			1.0
7009.1			1.0
7010.0			1.0
7010.9			1.0
7011.8			1.0
7012.700000000001			1.0
7013.6			1.0
7014.5			1.0
7015.4			1.0
7016.3			1.0
7017.200000000001			1.0
7018.1			1.0
7019.0			1.0
7019.9			1.0
7020.8			1.0
7021.700000000001			1.0
7022.6			1.0
7023.5			1.0
7024.4			1.0
7025.3			1.0
7026.200000000001			1.0
7027.1			1.0
7028.0			1.0
7028.9			1.0
7029.8			1.0
7030.700000000001			1.0
7031.6			1.0
7032.5			1.0
7033.4			1.0
7034.3			1.0
7035.200000000001			1.0
7036.1			1.0
7037.0			1.0
7037.9			1.0
7038.8			1.0
7039.700000000001			1.0
7040.6			1.0
7041.5			1.0
7042.4			1.0
7043.3			1.0
7044.200000000001			1.0
7045.1			1.0
7046.0			1.0
7046.9			1.0
7047.8			1.0
7048.700000000001			1.0
7049.6			1.0
7050.5			1.0
7051.4			1.0
7052.3			1.0
7053.200000000001			1.0
7054.1			1.0
7055.0			1.0
7055.9			1.0
7056.8			1.0
7057.700000000001			1.0
7058.6			1.0
7059.5			1.0
7060.4			1.0
7061.3			1.0
7062.200000000001			1.0
7063.1			1.0
7064.0			1.0
7064.9			1.0
7065.8			1.0
7066.700000000001			1.0
7067.6			1.0
7068.5			1.0
7069.4			1.0
7070.3			1.0
7071.200000000001			1.0
7072.1			1.0
7073.0			1.0
7073.9			1.0
7074.8			1.0
7075.700000000001			1.0
7076.6			1.0
7077.5			1.0
7078.4			1.0
7079.3			1.0
7080.200000000001			1.0
7081.1			1.0
7082.0			1.0
7082.9			1.0
7083.8			1.0
7084.700000000001			1.0
7085.6			1.0
7086.5			1.0
7087.4			1.0
7088.3			1.0
7089.200000000001			1.0
7090.1			1.0
7091.0			1.0
7091.9			1.0
7092.8			1.0
7093.700000000001			1.0
7094.6			1.0
7095.5			1.0
7096.4			1.0
7097.3			1.0
7098.200000000001			1.0
7099.1			1.0
7100.0			1.0
7100.9			1.0
7101.8			1.0
7102.700000000001			1.0
7103.6			1.0
7104.5			1.0
7105.4			1.0
7106.3			1.0
7107.200000000001			1.0
7108.1			1.0
7109.0			1.0
7109.9			1.0
7110.8			1.0
7111.700000000001			1.0
7112.6			1.0
7113.5			1.0
7114.4			1.0
7115.3			1.0
7116.200000000001			1.0
7117.1			1.0
7118.0			1.0
7118.9			1.0
7119.8			1.0
7120.700000000001			1.0
7121.6			1.0
7122.5			1.0
7123.4			1.0
7124.3			1.0
7125.200000000001			1.0
7126.1			1.0
7127.0			1.0
7127.9			1.0
7128.8			1.0
7129.700000000001			1.0
7130.6			1.0
7131.5			1.0
7132.4			1.0
7133.3			1.0
7134.200000000001			1.0
7135.1			1.0
7136.0			1.0
7136.9			1.0
7137.8			1.0
7138.700000000001			1.0
7139.6			1.0
7140.5			1.0
7141.4			1.0
7142.3			1.0
7143.200000000001			1.0
7144.1			1.0
7145.0			1.0
7145.9			1.0
7146.8			1.0
7147.700000000001			1.0
7148.6			1.0
7149.5			1.0
7150.4			1.0
7151.3			1.0
7152.200000000001			1.0
7153.1			1.0
7154.0			1.0
7154.9			1.0
7155.8			1.0
7156.700000000001			1.0
7157.6			1.0
7158.5			1.0
7159.4			1.0
7160.3			1.0
7161.200000000001			1.0
7162.1			1.0
7163.0			1.0
7163.9			1.0
7164.8			1.0
7165.700000000001			1.0
7166.6			1.0
7167.5			1.0
7168.4			1.0
7169.3			1.0
7170.200000000001			1.0
7171.1			1.0
7172.0			1.0
7172.9			1.0
7173.8			1.0
7174.700000000001			1.0
7175.6			1.0
7176.5			1.0
7177.4			1.0
7178.3			1.0
7179.200000000001			1.0
7180.1			1.0
7181.0			1.0
7181.9			1.0
7182.8			1.0
7183.700000000001			1.0
7184.6			1.0
7185.5			1.0
7186.4			1.0
7187.3			1.0
7188.200000000001			1.0
7189.1			1.0
7190.0			1.0
7190.9			1.0
7191.8			1.0
7192.700000000001			1.0
7193.6			1.0
7194.5			1.0
7195.4			1.0
7196.3			1.0
7197.200000000001			1.0
7198.1			1.0
7199.0			1.0
7199.9			1.0
7200.8			1.0
7201.700000000001			1.0
7202.6			1.0
7203.5			1.0
7204.4			1.0
7205.3			1.0
7206.200000000001			1.0
7207.1			1.0
7208.0			1.0
7208.9			1.0
7209.8			1.0
7210.700000000001			1.0
7211.6			1.0
7212.5			1.0
7213.4			1.0
7214.3			1.0
7215.200000000001			1.0
7216.1			1.0
7217.0			1.0
7217.9			1.0
7218.8			1.0
7219.700000000001			1.0
7220.6			1.0
7221.5			1.0
7222.4			1.0
7223.3			1.0
7224.200000000001			1.0
7225.1			1.0
7226.0			1.0
7226.9			1.0
7227.8			1.0
7228.700000000001			1.0
7229.6			1.0
7230.5			1.0
7231.4			1.0
7232.3			1.0
7233.200000000001			1.0
7234.1			1.0
7235.0			1.0
7235.9			1.0
7236.8			1.0
7237.700000000001			1.0
7238.6			1.0
7239.5			1.0
7240.4			1.0
7241.3			1.0
7242.200000000001			1.0
7243.1			1.0
7244.0			1.0
7244.9			1.0
7245.8			1.0
7246.700000000001			1.0
7247.6			1.0
7248.5			1.0
7249.4			1.0
7250.3			1.0
7251.200000000001			1.0
7252.1			1.0
7253.0			1.0
7253.9			1.0
7254.8			1.0
7255.700000000001			1.0
7256.6			1.0
7257.5			1.0
7258.4			1.0
7259.3			1.0
7260.200000000001			1.0
7261.1			1.0
7262.0			1.0
7262.9			1.0
7263.8			1.0
7264.700000000001			1.0
7265.6			1.0
7266.5			1.0
7267.4			1.0
7268.3			1.0
7269.200000000001			1.0
7270.1			1.0
7271.0			1.0
7271.9			1.0
7272.8			1.0
7273.700000000001			1.0
7274.6			1.0
7275.5			1.0
7276.4			1.0
7277.3			1.0
7278.200000000001			1.0
7279.1			1.0
7280.0			1.0
7280.9			1.0
7281.8			1.0
7282.700000000001			1.0
7283.6			1.0
7284.5			1.0
7285.4			1.0
7286.3			1.0
7287.200000000001			1.0
7288.1			1.0
7289.0			1.0
7289.9			1.0
7290.8			1.0
7291.700000000001			1.0
7292.6			1.0
7293.5			1.0
7294.4			1.0
7295.3			1.0
7296.200000000001			1.0
7297.1			1.0
7298.0			1.0
7298.9			1.0
7299.8			1.0
7300.700000000001			1.0
7301.6			1.0
7302.5			1.0
7303.4			1.0
7304.3			1.0
7305.200000000001			1.0
7306.1			1.0
7307.0			1.0
7307.9			1.0
7308.8			1.0
7309.700000000001			1.0
7310.6			1.0
7311.5			1.0
7312.4			1.0
7313.3			1.0
7314.200000000001			1.0
7315.1			1.0
7316.0			1.0
7316.9			1.0
7317.8			1.0
7318.700000000001			1.0
7319.6			1.0
7320.5			1.0
7321.4			1.0
7322.3			1.0
7323.200000000001			1.0
7324.1			1.0
7325.0			1.0
7325.9			1.0
7326.8			1.0
7327.700000000001			1.0
7328.6			1.0
7329.5			1.0
7330.4			1.0
7331.3			1.0
7332.200000000001			1.0
7333.1			1.0
7334.0			1.0
7334.9			1.0
7335.8			1.0
7336.700000000001			1.0
7337.6			1.0
7338.5			1.0
7339.4			1.0
7340.3			1.0
7341.200000000001			1.0
7342.1			1.0
7343.0			1.0
7343.9			1.0
7344.8			1.0
7345.700000000001			1.0
7346.6			1.0
7347.5			1.0
7348.4			1.0
7349.3			1.0
7350.200000000001			1.0
7351.1			1.0
7352.0			1.0
7352.9			1.0
7353.8			1.0
7354.700000000001			1.0
7355.6			1.0
7356.5			1.0
7357.4			1.0
7358.3			1.0
7359.200000000001			1.0
7360.1			1.0
7361.0			1.0
7361.9			1.0
7362.8			1.0
7363.700000000001			1.0
7364.6			1.0
7365.5			1.0
7366.4			1.0
7367.3			1.0
7368.200000000001			1.0
7369.1			1.0
7370.0			1.0
7370.9			1.0
7371.8			1.0
7372.700000000001			1.0
7373.6			1.0
7374.5			1.0
7375.4			1.0
7376.3			1.0
7377.200000000001			1.0
7378.1			1.0
7379.0			1.0
7379.9			1.0
7380.8			1.0
7381.700000000001			1.0
7382.6			1.0
7383.5			1.0
7384.4			1.0
7385.3			1.0
7386.200000000001			1.0
7387.1			1.0
7388.0			1.0
7388.9			1.0
7389.8			1.0
7390.700000000001			1.0
7391.6			1.0
7392.5			1.0
7393.4			1.0
7394.3			1.0
7395.200000000001			1.0
7396.1			1.0
7397.0			1.0
7397.9			1.0
7398.8			1.0
7399.700000000001			1.0
7400.6			1.0
7401.5			1.0
7402.4			1.0
7403.3			1.0
7404.200000000001			1.0
7405.1			1.0
7406.0			1.0
7406.9			1.0
7407.8			1.0
7408.700000000001			1.0
7409.6			1.0
7410.5			1.0
7411.4			1.0
7412.3			1.0
7413.200000000001			1.0
7414.1			1.0
7415.0			1.0
7415.9			1.0
7416.8			1.0
7417.700000000001			1.0
7418.6			1.0
7419.5			1.0
7420.4			1.0
7421.3			1.0
7422.200000000001			1.0
7423.1			1.0
7424.0			1.0
7424.9			1.0
7425.8			1.0
7426.700000000001			1.0
7427.6			1.0
7428.5			1.0
7429.4			1.0
