3500.0			1.0
3500.9			1.0
3501.8			1.0
3502.7			1.0
3503.6			1.0
3504.5			1.0
3505.4			1.0
3506.3			1.0
3507.2			1.0
3508.1			1.0
3509.0			1.0
3509.9			1.0
3510.8			1.0
3511.7			1.0
3512.6			1.0
3513.5			1.0
3514.4			1.0
3515.3			1.0
3516.2			1.0
3517.1			1.0
3518.0			1.0
3518.9			1.0
3519.8			1.0
3520.7			1.0
3521.6			1.0
3522.5			1.0
3523.4			1.0
3524.3			1.0
3525.2			1.0
3526.1			1.0
3527.0			1.0
3527.9			1.0
3528.8			1.0
3529.7			1.0
3530.6			1.0
3531.5			1.0
3532.4			1.0
3533.3			1.0
3534.2			1.0
3535.1			1.0
3536.0			1.0
3536.9			1.0
3537.8			1.0
3538.7			1.0
3539.6			1.0
3540.5			1.0
3541.4			1.0
3542.3			1.0
3543.2			1.0
3544.1			1.0
3545.0			1.0
3545.9			1.0
3546.8			1.0
3547.7			1.0
3548.6			1.0
3549.5			1.0
3550.4			1.0
3551.3			1.0
3552.2			1.0
3553.1			1.0
3554.0			1.0
3554.9			1.0
3555.8			1.0
3556.7			1.0
3557.6			1.0
3558.5			1.0
3559.4			1.0
3560.3			1.0
3561.2			1.0
3562.1			1.0
3563.0			1.0
3563.9			1.0
3564.8			1.0
3565.7			1.0
3566.6			1.0
3567.5			1.0
3568.4			1.0
3569.3			1.0
3570.2			1.0
3571.1			1.0
3572.0			1.0
3572.9			1.0
3573.8			1.0
3574.7			1.0
3575.6			1.0
3576.5			1.0
3577.4			1.0
3578.3			1.0
3579.2			1.0
3580.1			1.0
3581.0			1.0
3581.9			1.0
3582.8			1.0
3583.7			1.0
3584.6			1.0
3585.5			1.0
3586.4			1.0
3587.3			1.0
3588.2			1.0
3589.1			1.0
3590.0			1.0
3590.9			1.0
3591.8			1.0
3592.7			1.0
3593.6			1.0
3594.5			1.0
3595.4			1.0
3596.3			1.0
3597.2			1.0
3598.1			1.0
3599.0			1.0
3599.9			1.0
3600.8			1.0
3601.7			1.0
3602.6			1.0
3603.5			1.0
3604.4			1.0
3605.3			1.0
3606.2			1.0
3607.1			1.0
3608.0			1.0
3608.9			1.0
3609.8			1.0
3610.7			1.0
3611.6			1.0
3612.5			1.0
3613.4			1.0
3614.3			1.0
3615.2			1.0
3616.1			1.0
3617.0			1.0
3617.9			1.0
3618.8			1.0
3619.7			1.0
3620.6			1.0
3621.5			1.0
3622.4			1.0
3623.3			1.0
3624.2			1.0
3625.1			1.0
3626.0			1.0
3626.9			1.0
3627.8			1.0
3628.7			1.0
3629.6			1.0
3630.5			1.0
3631.4			1.0
3632.3			1.0
3633.2			1.0
3634.1			1.0
3635.0			1.0
3635.9			1.0
3636.8			1.0
3637.7			1.0
3638.6			1.0
3639.5			1.0
3640.4			1.0
3641.3			1.0
3642.2			1.0
3643.1			1.0
3644.0			1.0
3644.9			1.0
3645.8			1.0
3646.7			1.0
3647.6			1.0
3648.5			1.0
3649.4			1.0
3650.3			1.0
3651.2			1.0
3652.1			1.0
3653.0			1.0
3653.9			1.0
3654.8			1.0
3655.7			1.0
3656.6			1.0
3657.5			1.0
3658.4			1.0
3659.3			1.0
3660.2			1.0
3661.1			1.0
3662.0			1.0
3662.9			1.0
3663.8			1.0
3664.7			1.0
3665.6			1.0
3666.5			1.0
3667.4			1.0
3668.3			1.0
3669.2			1.0
3670.1			1.0
3671.0			1.0
3671.9			1.0
3672.8			1.0
3673.7			1.0
3674.6			1.0
3675.5			1.0
3676.4			1.0
3677.3			1.0
3678.2			1.0
3679.1			1.0
3680.0			1.0
3680.9			1.0
3681.8			1.0
3682.7			1.0
3683.6			1.0
3684.5			1.0
3685.4			1.0
3686.3			1.0
3687.2			1.0
3688.1			1.0
3689.0			1.0
3689.9			1.0
3690.8			1.0
3691.7			1.0
3692.6			1.0
3693.5			1.0
3694.4			1.0
3695.3			1.0
3696.2			1.0
3697.1			1.0
3698.0			1.0
3698.9			1.0
3699.8			1.0
3700.7			1.0
3701.6			1.0
3702.5			1.0
3703.4			1.0
3704.3			1.0
3705.2			1.0
3706.1			1.0
3707.0			1.0
3707.9			1.0
3708.8			1.0
3709.7			1.0
3710.6			1.0
3711.5			1.0
3712.4			1.0
3713.3			1.0
3714.2			1.0
3715.1			1.0
3716.0			1.0
3716.9			1.0
3717.8			1.0
3718.7			1.0
3719.6			1.0
3720.5			1.0
3721.4			1.0
3722.3			1.0
3723.2			1.0
3724.1			1.0
3725.0			1.0
3725.9			1.0
3726.8			1.0
3727.7			1.0
3728.6			1.0
3729.5			1.0
3730.4			1.0
3731.3			1.0
3732.2			1.0
3733.1			1.0
3734.0			1.0
3734.9			1.0
3735.8			1.0
3736.7			1.0
3737.6			1.0
3738.5			1.0
3739.4			1.0
3740.3			1.0
3741.2			1.0
3742.1			1.0
3743.0			1.0
3743.9			1.0
3744.8			1.0
3745.7			1.0
3746.6			1.0
3747.5			1.0
3748.4			1.0
3749.3			1.0
3750.2			1.0
3751.1			1.0
3752.0			1.0
3752.9			1.0
3753.8			1.0
3754.7			1.0
3755.6			1.0
3756.5			1.0
3757.4			1.0
3758.3			1.0
3759.2			1.0
3760.1			1.0
3761.0			1.0
3761.9			1.0
3762.8			1.0
3763.7			1.0
3764.6			1.0
3765.5			1.0
3766.4			1.0
3767.3			1.0
3768.2			1.0
3769.1			1.0
3770.0			1.0
3770.9			1.0
3771.8			1.0
3772.7			1.0
3773.6			1.0
3774.5			1.0
3775.4			1.0
3776.3			1.0
3777.2			1.0
3778.1			1.0
3779.0			1.0
3779.9			1.0
3780.8			1.0
3781.7			1.0
3782.6			1.0
3783.5			1.0
3784.4			1.0
3785.3			1.0
3786.2			1.0
3787.1			1.0
3788.0			1.0
3788.9			1.0
3789.8			1.0
3790.7			1.0
3791.6			1.0
3792.5			1.0
3793.4			1.0
3794.3			1.0
3795.2			1.0
3796.1			1.0
3797.0			1.0
3797.9			1.0
3798.8			1.0
3799.7			1.0
3800.6			1.0
3801.5			1.0
3802.4			1.0
3803.3			1.0
3804.2			1.0
3805.1			1.0
3806.0			1.0
3806.9			1.0
3807.8			1.0
3808.7			1.0
3809.6			1.0
3810.5			1.0
3811.4			1.0
3812.3			1.0
3813.2			1.0
3814.1			1.0
3815.0			1.0
3815.9			1.0
3816.8			1.0
3817.7			1.0
3818.6			1.0
3819.5			1.0
3820.4			1.0
3821.3			1.0
3822.2			1.0
3823.1			1.0
3824.0			1.0
3824.9			1.0
3825.8			1.0
3826.7			1.0
3827.6			1.0
3828.5			1.0
3829.4			1.0
3830.3			1.0
3831.2			1.0
3832.1			1.0
3833.0			1.0
3833.9			1.0
3834.8			1.0
3835.7			1.0
3836.6			1.0
3837.5			1.0
3838.4			1.0
3839.3			1.0
3840.2			1.0
3841.1			1.0
3842.0			1.0
3842.9			1.0
3843.8			1.0
3844.7			1.0
3845.6			1.0
3846.5			1.0
3847.4			1.0
3848.3			1.0
3849.2			1.0
3850.1			1.0
3851.0			1.0
3851.9			1.0
3852.8			1.0
3853.7			1.0
3854.6			1.0
3855.5			1.0
3856.4			1.0
3857.3			1.0
3858.2			1.0
3859.1			1.0
3860.0			1.0
3860.9			1.0
3861.8			1.0
3862.7			1.0
3863.6			1.0
3864.5			1.0
3865.4			1.0
3866.3			1.0
3867.2			1.0
3868.1			1.0
3869.0			1.0
3869.9			1.0
3870.8			1.0
3871.7			1.0
3872.6			1.0
3873.5			1.0
3874.4			1.0
3875.3			1.0
3876.2			1.0
3877.1			1.0
3878.0			1.0
3878.9			1.0
3879.8			1.0
3880.7			1.0
3881.6			1.0
3882.5			1.0
3883.4			1.0
3884.3			1.0
3885.2			1.0
3886.1			1.0
3887.0			1.0
3887.9			1.0
3888.8			1.0
3889.7			1.0
3890.6			1.0
3891.5			1.0
3892.4			1.0
3893.3			1.0
3894.2			1.0
3895.1			1.0
3896.0			1.0
3896.9			1.0
3897.8			1.0
3898.7			1.0
3899.6			1.0
3900.5			1.0
3901.4			1.0
3902.3			1.0
3903.2			1.0
3904.1			1.0
3905.0			1.0
3905.9			1.0
3906.8			1.0
3907.7			1.0
3908.6			1.0
3909.5			1.0
3910.4			1.0
3911.3			1.0
3912.2			1.0
3913.1			1.0
3914.0			1.0
3914.9			1.0
3915.8			1.0
3916.7			1.0
3917.6			1.0
3918.5			1.0
3919.4			1.0
3920.3			1.0
3921.2			1.0
3922.1			1.0
3923.0			1.0
3923.9			1.0
3924.8			1.0
3925.7			1.0
3926.6			1.0
3927.5			1.0
3928.4			1.0
3929.3			1.0
3930.2			1.0
3931.1			1.0
3932.0			1.0
3932.9			1.0
3933.8			1.0
3934.7			1.0
3935.6			1.0
3936.5			1.0
3937.4			1.0
3938.3			1.0
3939.2			1.0
3940.1			1.0
3941.0			1.0
3941.9			1.0
3942.8			1.0
3943.7			1.0
3944.6			1.0
3945.5			1.0
3946.4			1.0
3947.3			1.0
3948.2			1.0
3949.1			1.0
3950.0			1.0
3950.9			1.0
3951.8			1.0
3952.7			1.0
3953.6			1.0
3954.5			1.0
3955.4			1.0
3956.3			1.0
3957.2			1.0
3958.1			1.0
3959.0			1.0
3959.9			1.0
3960.8			1.0
3961.7			1.0
3962.6			1.0
3963.5			1.0
3964.4			1.0
3965.3			1.0
3966.2			1.0
3967.1			1.0
3968.0			1.0
3968.9			1.0
3969.8			1.0
3970.7			1.0
3971.6			1.0
3972.5			1.0
3973.4			1.0
3974.3			1.0
3975.2			1.0
3976.1			1.0
3977.0			1.0
3977.9			1.0
3978.8			1.0
3979.7			1.0
3980.6			1.0
3981.5			1.0
3982.4			1.0
3983.3			1.0
3984.2			1.0
3985.1			1.0
3986.0			1.0
3986.9			1.0
3987.8			1.0
3988.7			1.0
3989.6			1.0
3990.5			1.0
3991.4			1.0
3992.3			1.0
3993.2			1.0
3994.1			1.0
3995.0			1.0
3995.9			1.0
3996.8			1.0
3997.7			1.0
3998.6			1.0
3999.5			1.0
4000.4			1.0
4001.3			1.0
4002.2			1.0
4003.1			1.0
4004.0			1.0
4004.9			1.0
4005.8			1.0
4006.7			1.0
4007.6			1.0
4008.5			1.0
4009.4			1.0
4010.3			1.0
4011.2			1.0
4012.1			1.0
4013.0			1.0
4013.9			1.0
4014.8			1.0
4015.7			1.0
4016.6			1.0
4017.5			1.0
4018.4			1.0
4019.3			1.0
4020.2			1.0
4021.1			1.0
4022.0			1.0
4022.9			1.0
4023.8			1.0
4024.7			1.0
4025.6			1.0
4026.5			1.0
4027.4			1.0
4028.3			1.0550509441745095
4029.2			0.972724720824894
4030.1			0.7562770933096997
4031.0			0.5837938557957248
4031.9			0.5292694936668664
4032.8			0.5076545264881304
4033.7			0.5065083167877604
4034.6			0.5882252163133322
4035.5			0.7480693777979686
4036.4			0.9164158836141988
4037.3			1.021770487153167
4038.2			1.0369059923196122
4039.1			0.9991907288120184
4040.0			1.0
4040.9			1.0
4041.8			0.985355690252023
4042.7			0.9705393771439206
4043.6			0.8468541697321137
4044.5			0.6395895476472806
4045.4			0.49580315874832986
4046.3			0.5254056019293968
4047.2			0.7073380609241163
4048.1			0.8981368549478616
4049.0			0.999612913988198
4049.9			1.0
4050.8			1.0
4051.7			1.0
4052.6			1.0
4053.5			1.0
4054.4			1.0
4055.3			1.0
4056.2			1.0
4057.1			1.0
4058.0			1.0
4058.9			1.0
4059.8			1.0
4060.7			1.0673991673097403
4061.6			0.9806281229066807
4062.5			0.7627332190755056
4063.4			0.5887231944257132
4064.3			0.6425178804362014
4065.2			0.8562653928119376
4066.1			0.9917160993485014
4067.0			1.0
4067.9			1.0
4068.8			1.0
4069.7			1.0
4070.6			1.0
4071.5			1.0
4072.4			1.0
4073.3			1.0
4074.2			1.0
4075.1			1.0
4076.0			1.0
4076.9			1.0
4077.8			1.0
4078.7			1.0
4079.6			1.0
4080.5			1.0
4081.4			1.0
4082.3			1.0
4083.2			1.0
4084.1			1.0
4085.0			1.0
4085.9			1.0
4086.8			1.0
4087.7			1.0
4088.6			1.0
4089.5			1.0
4090.4			1.0
4091.3			1.0
4092.2			1.0
4093.1			1.017546840108333
4094.0			1.0420947865266235
4094.9			0.9555088324276595
4095.8			0.8057364542929502
4096.7			0.741411028118478
4097.6			0.7724885364091446
4098.5			0.7934902463911304
4099.4			0.7452638895484881
4100.3			0.649194857555292
4101.2			0.6024945619179753
4102.1			0.6735640709204105
4103.0			0.7841935882235018
4103.9			0.8517617280620599
4104.8			0.9233011926758377
4105.7			1.0336248381525364
4106.6			1.1029939688366603
4107.5			1.0994462227824007
4108.4			1.0690264459091507
4109.3			1.0009801191154655
4110.2			1.0
4111.1			1.0
4112.0			1.0
4112.9			1.0
4113.8			1.0
4114.7			1.0
4115.6			1.0
4116.5			1.0
4117.4			1.0
4118.3			1.0
4119.2			1.0
4120.1			1.0
4121.0			1.0
4121.9			1.0
4122.8			1.0
4123.7			1.0
4124.6			1.0
4125.5			1.0
4126.4			1.0
4127.3			1.0
4128.2			1.0
4129.1			1.0
4130.0			1.0
4130.9			1.0
4131.8			1.0
4132.7			1.0
4133.6			1.0
4134.5			1.0
4135.4			1.0
4136.3			1.0
4137.2			1.0
4138.1			1.0
4139.0			1.027208858494067
4139.9			1.033285424011985
4140.8			0.9808427501046723
4141.7			0.8106489486368567
4142.6			0.5840128077085527
4143.5			0.48374068463978764
4144.4			0.5947960969372126
4145.3			0.8023931976904846
4146.2			0.950380577570794
4147.1			1.004902375260407
4148.0			1.0007278145753933
4148.9			1.0
4149.8			1.0
4150.7			1.0
4151.6			1.0
4152.5			1.0
4153.4			1.0
4154.3			1.0
4155.2			1.0
4156.1			1.0
4157.0			1.0
4157.9			1.0
4158.8			1.0
4159.7			1.0
4160.6			1.0
4161.5			1.0
4162.4			1.0
4163.3			1.0
4164.2			1.0
4165.1			1.0
4166.0			1.0
4166.9			0.9773917843672985
4167.8			0.9497723375859418
4168.7			0.9674027526508968
4169.6			1.0224691279765137
4170.5			1.0296454559817196
4171.4			0.900910236434969
4172.3			0.7287465417896284
4173.2			0.6665566694754717
4174.1			0.7152874003178581
4175.0			0.8041524119924168
4175.9			0.8687700772403533
4176.8			0.8612349952749021
4177.7			0.8520570727464173
4178.6			0.9226658954535741
4179.5			1.003864406579515
4180.4			1.0
4181.3			1.0
4182.2			1.0
4183.1			1.0
4184.0			1.0
4184.9			1.0
4185.8			1.0
4186.7			1.0
4187.6			1.0
4188.5			1.0
4189.4			1.0
4190.3			1.0
4191.2			1.0
4192.1			1.0
4193.0			1.0
4193.9			1.0
4194.8			1.0
4195.7			1.0
4196.6			1.0
4197.5			1.0
4198.4			1.0
4199.3			1.0
4200.2			1.0
4201.1			1.0
4202.0			1.0
4202.9			1.0
4203.8			1.0
4204.7			1.0
4205.6			1.0
4206.5			1.0
4207.4			1.0
4208.3			1.0
4209.2			1.0
4210.1			1.0
4211.0			1.0
4211.9			1.0
4212.8			1.0
4213.7			1.0
4214.6			1.0
4215.5			1.0
4216.4			1.0
4217.3			1.0
4218.2			1.0
4219.1			1.0
4220.0			1.0
4220.9			0.9867973584231722
4221.8			0.922705901149985
4222.7			0.7962518595961101
4223.6			0.6456633422082949
4224.5			0.48644098224353627
4225.4			0.3217769790973174
4226.3			0.20298722717981033
4227.2			0.20734187184868053
4228.1			0.35042843101181625
4229.0			0.5609113462234064
4229.9			0.7768191485033247
4230.8			0.9522254392974884
4231.7			0.9999609783912505
4232.6			1.0
4233.5			1.0
4234.4			1.0
4235.3			1.0
4236.2			1.0
4237.1			1.0
4238.0			1.0
4238.9			1.0
4239.8			1.0
4240.7			1.0
4241.6			1.0
4242.5			1.0
4243.4			1.0
4244.3			1.0
4245.2			1.0
4246.1			1.0
4247.0			0.9218726123244245
4247.9			0.8986433390046897
4248.8			0.8827513919436422
4249.7			0.8026190427883385
4250.6			0.7163787844024608
4251.5			0.7341612771046445
4252.4			0.7946569601281736
4253.3			0.7547796407281788
4254.2			0.6684451502726392
4255.1			0.7177078983568329
4256.0			0.9211331438914698
4256.9			1.110996998470034
4257.8			1.1356050075023043
4258.7			1.0283890889519607
4259.6			0.9090690326320984
4260.5			0.8775549275650883
4261.4			0.9942642192940332
4262.3			1.0
4263.2			1.0
4264.1			1.0
4265.0			1.0
4265.9			1.0071232949179767
4266.8			0.961099342705721
4267.7			0.8816441194322484
4268.6			0.8169282458570248
4269.5			0.7453592858033528
4270.4			0.6095724317798418
4271.3			0.46333414334720546
4272.2			0.4347916634808764
4273.1			0.49912576818201765
4274.0			0.5209779846295177
4274.9			0.5315324402074063
4275.8			0.64224320070055
4276.7			0.8098867335910482
4277.6			0.9485746964643268
4278.5			1.0008343364270242
4279.4			1.0
4280.3			1.0
4281.2			1.0
4282.1			1.0
4283.0			1.0
4283.9			1.0
4284.8			1.0
4285.7			1.0
4286.6			1.0
4287.5			0.9878273957153868
4288.4			0.8662631050341272
4289.3			0.6755820719170891
4290.2			0.5890880377926886
4291.1			0.6714124776767124
4292.0			0.8529280234918527
4292.9			0.9995516703379103
4293.8			1.0
4294.7			1.0
4295.6			1.047651467311625
4296.5			1.0795187753856712
4297.4			1.0138709446416507
4298.3			0.853738695641259
4299.2			0.6689736031500069
4300.1			0.6081254635335402
4301.0			0.6850577686995084
4301.9			0.7451262364623177
4302.8			0.7518834976853503
4303.7			0.7738626836951396
4304.6			0.7645250752495472
4305.5			0.67454995709416
4306.4			0.5585256788036026
4307.3			0.46499716191781765
4308.2			0.4341272380383732
4309.1			0.4989336883951603
4310.0			0.6333211775107507
4310.9			0.780288464409098
4311.8			0.8758807382657933
4312.7			0.8858476277851308
4313.6			0.8397416038661922
4314.5			0.839107573722511
4315.4			0.991784026082658
4316.3			1.196871544369919
4317.2			1.2678847645793845
4318.1			1.2116951069124717
4319.0			1.1312033794548892
4319.9			1.0582771979171275
4320.8			1.0
4321.7			0.9679304494180376
4322.6			0.9323729469986095
4323.5			0.8237652650559175
4324.4			0.6507499435768223
4325.3			0.49301840048026996
4326.2			0.48973670347407344
4327.1			0.6826020393110346
4328.0			0.9151147788420574
4328.9			1.0045637776746874
4329.8			1.0
4330.7			1.0
4331.6			1.0
4332.5			1.0
4333.4			1.0
4334.3			1.0
4335.2			1.050185470262864
4336.1			0.9970858906809213
4337.0			0.8244880835538579
4337.9			0.6863822076317658
4338.8			0.6510248681057778
4339.7			0.6272714398747243
4340.6			0.6335530824661127
4341.5			0.7557387121515715
4342.4			0.91234617186885
4343.3			0.9757462847882779
4344.2			0.9924966470436594
4345.1			1.0
4346.0			1.0
4346.9			1.0
4347.8			1.0
4348.7			1.1088580523417864
4349.6			1.1091375309551512
4350.5			0.928185429751196
4351.4			0.7334507160337779
4352.3			0.7031375186951965
4353.2			0.7977159244733906
4354.1			0.8779066859859425
4355.0			0.9243000363043253
4355.9			0.9942673272662929
4356.8			1.0
4357.7			1.0
4358.6			1.0
4359.5			1.0
4360.4			1.0
4361.3			1.0
4362.2			1.0
4363.1			1.0
4364.0			1.0
4364.9			1.0
4365.8			1.0
4366.7			1.0
4367.6			1.0
4368.5			1.0
4369.4			1.0
4370.3			1.0
4371.2			1.0
4372.1			0.9704726836450015
4373.0			0.8913514537829036
4373.9			0.7809057444546189
4374.8			0.7036913374502762
4375.7			0.7391728172511954
4376.6			0.8788014769237916
4377.5			1.0018669440040793
4378.4			1.0
4379.3			1.0
4380.2			0.9428130389651607
4381.1			0.8779132013050878
4382.0			0.7269951404254096
4382.9			0.5034968947629923
4383.8			0.3775865484609963
4384.7			0.48157075065700145
4385.6			0.740230412836457
4386.5			0.9372678637499964
4387.4			0.9878827445462526
4388.3			1.0
4389.2			1.0
4390.1			1.0
4391.0			1.0
4391.9			1.0
4392.8			1.0
4393.7			1.0
4394.6			1.0
4395.5			1.0
4396.4			1.0
4397.3			1.0
4398.2			1.0
4399.1			1.0
4400.0			0.8888873207457336
4400.9			0.8840554546556201
4401.8			0.9850626585521887
4402.7			0.9747632013670617
4403.6			0.7517305870950869
4404.5			0.5229581443130401
4405.4			0.498294452011136
4406.3			0.6047611458081611
4407.2			0.6511023035679767
4408.1			0.6409561081291932
4409.0			0.7238637632942795
4409.9			0.8934614279761546
4410.8			1.0009848573586657
4411.7			1.0
4412.6			1.005201669519828
4413.5			0.9333547665042848
4414.4			0.7653455231272954
4415.3			0.6748699251483092
4416.2			0.7490751850732662
4417.1			0.8816449038224732
4418.0			1.0025247154739494
4418.9			1.0
4419.8			1.0
4420.7			1.0
4421.6			1.0
4422.5			1.0
4423.4			1.0
4424.3			1.0
4425.2			1.0
4426.1			1.0
4427.0			1.0
4427.9			1.0
4428.8			1.0
4429.7			1.0
4430.6			1.0
4431.5			1.0
4432.4			1.0360302728673776
4433.3			0.9372868785315412
4434.2			0.7904315411032464
4435.1			0.7029537100390538
4436.0			0.7443181624306153
4436.9			0.8750611616220791
4437.8			0.9937396393409523
4438.7			1.0
4439.6			1.0
4440.5			1.0
4441.4			1.0
4442.3			1.0
4443.2			1.0
4444.1			1.0
4445.0			1.0
4445.9			1.0
4446.8			1.0
4447.7			1.0
4448.6			1.0
4449.5			1.0
4450.4			1.0
4451.3			1.0
4452.2			1.0202251772101951
4453.1			0.9637228204594808
4454.0			0.8835009597759113
4454.9			0.8221211332468537
4455.8			0.8207441280102509
4456.7			0.8628108793119
4457.6			0.8779875954021427
4458.5			0.8480051612808102
4459.4			0.8097018445703256
4460.3			0.7730084911775325
4461.2			0.729720394183594
4462.1			0.761375624520708
4463.0			0.9138472564761614
4463.9			1.0438946627033558
4464.8			1.043471692706665
4465.7			1.0061774926602998
4466.6			1.0127025561770733
4467.5			1.019684807043388
4468.4			0.9858967837911684
4469.3			0.9621241454932739
4470.2			0.9984218391186322
4471.1			1.0
4472.0			1.0
4472.9			1.0
4473.8			1.0
4474.7			1.0
4475.6			1.0
4476.5			1.0
4477.4			1.0
4478.3			0.9721133880621751
4479.2			0.8766880742719425
4480.1			0.781864468517196
4481.0			0.7300418245928794
4481.9			0.728212948317675
4482.8			0.791069887116053
4483.7			0.8861070198858022
4484.6			0.9574142582301158
4485.5			1.0000765566014882
4486.4			1.0
4487.3			1.0
4488.2			1.0
4489.1			1.0
4490.0			1.0
4490.9			1.0
4491.8			1.0684039472331424
4492.7			1.0551932907276516
4493.6			0.9426966298910823
4494.5			0.8090458840347401
4495.4			0.7401654325053331
4496.3			0.7529876460725295
4497.2			0.8358437735718481
4498.1			0.9419806145188218
4499.0			1.0097906425356042
4499.9			1.0
4500.8			1.0
4501.7			1.0
4502.6			1.0
4503.5			1.0
4504.4			1.0
4505.3			1.0
4506.2			1.0
4507.1			1.0
4508.0			1.0
4508.9			1.0
4509.8			1.0
4510.7			1.006052314437138
4511.6			0.9825933672338496
4512.5			0.9393227310160542
4513.4			1.0
4514.3			1.0082884547318578
4515.2			1.0359876771553334
4516.1			1.0514628735598548
4517.0			1.020513046607895
4517.9			0.9781477322224404
4518.8			1.0066428168882602
4519.7			1.1019316841584588
4520.6			1.196962971678183
4521.5			1.1879447352280685
4522.4			1.0666380126634993
4523.3			0.986243131095093
4524.2			0.9933733857608945
4525.1			0.9801110706681775
4526.0			0.9021465011361098
4526.9			0.8149106492458248
4527.8			0.7664965107349493
4528.7			0.7712565090156913
4529.6			0.8111054081693458
4530.5			0.8570712364121837
4531.4			0.9320313891271294
4532.3			0.9970321256620058
4533.2			0.9635429027686326
4534.1			0.8646432919149967
4535.0			0.8076154287654824
4535.9			0.8981673004141241
4536.8			1.0996743904198487
4537.7			1.2203089039619235
4538.6			1.190036651384478
4539.5			1.0854228009334033
4540.4			0.9959358394247433
4541.3			1.0003274031819314
4542.2			1.0
4543.1			1.0
4544.0			1.0
4544.9			1.0
4545.8			1.0
4546.7			1.0
4547.6			1.0
4548.5			1.0
4549.4			1.0
4550.3			1.0270978997505056
4551.2			1.0377833071268683
4552.1			0.9551340958480794
4553.0			0.8474331087814412
4553.9			0.7704013055133048
4554.8			0.7557088483615827
4555.7			0.8225976728387586
4556.6			0.9265269789075924
4557.5			0.9880128740471339
4558.4			1.0
4559.3			1.0
4560.2			1.0
4561.1			0.9826852754136235
4562.0			0.9673576093250648
4562.9			0.8938201875686083
4563.8			0.8146436641576291
4564.7			0.784111562341847
4565.6			0.815634959246273
4566.5			0.9040125814208966
4567.4			0.9819994747366713
4568.3			0.9901588742641966
4569.2			1.0
4570.1			1.0
4571.0			1.0
4571.9			1.0
4572.8			1.0
4573.7			1.0
4574.6			1.0
4575.5			1.0
4576.4			1.0201631964054065
4577.3			1.0251441128949503
4578.2			1.0
4579.1			0.8981347835830029
4580.0			0.8382661897645883
4580.9			0.8715362224240084
4581.8			0.9546026858305331
4582.7			0.9962240804394081
4583.6			0.9703262567534425
4584.5			0.9306532106205767
4585.4			0.8929353122149146
4586.3			0.8855872253214638
4587.2			0.9508927147189369
4588.1			1.0315908482608744
4589.0			1.0570733595194175
4589.9			1.0147481100349256
4590.8			0.9319965634761255
4591.7			0.8705588541532358
4592.6			0.849492719034103
4593.5			0.8225276261346045
4594.4			0.7861127825883502
4595.3			0.7892582182220488
4596.2			0.8223648123749936
4597.1			0.8364921957258331
4598.0			0.8432825482430044
4598.9			0.8598707565232
4599.8			0.8402749955250252
4600.7			0.8114610596576889
4601.6			0.826131055019557
4602.5			0.8325886259156045
4603.4			0.8153833452072732
4604.3			0.7922565821694926
4605.2			0.7653011519791167
4606.1			0.766532500059058
4607.0			0.8351059770578788
4607.9			0.9485621819661275
4608.8			1.0175299695626667
4609.7			1.0030473194597065
4610.6			1.0
4611.5			1.0
4612.4			1.0
4613.3			1.0
4614.2			1.0
4615.1			1.0
4616.0			1.0
4616.9			1.0
4617.8			1.0
4618.7			1.0
4619.6			1.0
4620.5			1.0
4621.4			1.0
4622.3			1.0
4623.2			1.0
4624.1			1.0
4625.0			1.0
4625.9			1.0
4626.8			1.0
4627.7			1.0
4628.6			1.0
4629.5			1.0
4630.4			1.0
4631.3			1.0
4632.2			1.0
4633.1			1.0
4634.0			1.0
4634.9			1.0
4635.8			1.0
4636.7			1.0
4637.6			1.0
4638.5			1.0
4639.4			1.0
4640.3			1.0
4641.2			1.0
4642.1			1.079748702420679
4643.0			1.0689959734430359
4643.9			1.0159785253288718
4644.8			0.9430558936162419
4645.7			0.8338529688626561
4646.6			0.7617172271996219
4647.5			0.7874394487034181
4648.4			0.8647862585877373
4649.3			0.9354268146864024
4650.2			0.9811594278843488
4651.1			1.003107494960653
4652.0			1.0
4652.9			0.9858717513211819
4653.8			0.9221262742329296
4654.7			0.8400742184380248
4655.6			0.7981989525271015
4656.5			0.8169743939363525
4657.4			0.8973617297997838
4658.3			0.9892272604886856
4659.2			1.0
4660.1			1.0
4661.0			1.0
4661.9			0.9248075946568154
4662.8			0.8648093239290744
4663.7			0.8571545759841438
4664.6			0.8783345443546203
4665.5			0.8545846672174681
4666.4			0.7652337935677349
4667.3			0.6859754192679259
4668.2			0.6950082836613267
4669.1			0.7746326686465154
4670.0			0.8707061224390082
4670.9			0.9547155384442758
4671.8			0.9979067438253534
4672.7			0.9953108361113396
4673.6			1.0
4674.5			1.0
4675.4			1.0
4676.3			1.0
4677.2			1.0216853296472006
4678.1			0.9906905666070002
4679.0			0.9422998923602242
4679.9			0.8879420773819514
4680.8			0.8431322298940875
4681.7			0.848177701286035
4682.6			0.9176076998567649
4683.5			0.9862079144271824
4684.4			1.0015010200471375
4685.3			1.0
4686.2			1.0
4687.1			1.0
4688.0			1.0
4688.9			1.0
4689.8			1.0
4690.7			1.0
4691.6			1.0
4692.5			1.0
4693.4			1.0
4694.3			1.0
4695.2			1.0
4696.1			1.0
4697.0			1.0
4697.9			1.0
4698.8			1.0
4699.7			1.0
4700.6			1.0
4701.5			1.0
4702.4			1.0
4703.3			1.0049334609813025
4704.2			1.0462137176683581
4705.1			1.068377050356075
4706.0			1.0320020414366613
4706.9			0.9775302194681753
4707.8			0.9503344862899366
4708.7			0.9370597965854616
4709.6			0.9567088444868695
4710.5			1.0448797777011731
4711.4			1.127505158229602
4712.3			1.1301433614586944
4713.2			1.0725425548641658
4714.1			1.0005981920221627
4715.0			1.0
4715.9			1.0
4716.8			1.0
4717.7			1.0
4718.6			1.0
4719.5			1.0
4720.4			1.0
4721.3			1.0
4722.2			1.0
4723.1			1.000137260576343
4724.0			1.0561224950480383
4724.9			1.1013391442663114
4725.8			1.0657036669343047
4726.7			0.9433021174216221
4727.6			0.8166781995436694
4728.5			0.774930026434763
4729.4			0.8151207355404152
4730.3			0.8666705028975433
4731.2			0.8994817161284011
4732.1			0.9346794938567141
4733.0			0.9626015362855738
4733.9			0.997805473532338
4734.8			1.0
4735.7			1.0
4736.6			1.0
4737.5			1.0
4738.4			1.0
4739.3			1.0
4740.2			1.0
4741.1			1.0
4742.0			1.0
4742.9			1.0
4743.8			1.0
4744.7			1.0
4745.6			1.0
4746.5			1.0
4747.4			1.0
4748.3			1.0
4749.2			1.0
4750.1			1.0
4751.0			1.0
4751.9			1.0
4752.8			1.0
4753.7			1.0
4754.6			1.0
4755.5			1.0
4756.4			1.0
4757.3			1.0
4758.2			1.0
4759.1			1.0
4760.0			1.0465607977064604
4760.9			1.039385322551884
4761.8			0.989523556284911
4762.7			0.9566219705602229
4763.6			0.9489475430916489
4764.5			0.930666760340635
4765.4			0.8917126935761313
4766.3			0.882791758535384
4767.2			0.9314165096642674
4768.1			0.9900909592569872
4769.0			1.0468155591439803
4769.9			1.0779354897708338
4770.8			1.0505559379180072
4771.7			1.0
4772.6			0.9892667899044194
4773.5			1.0379318929568968
4774.4			1.0874907417504098
4775.3			1.0804447299173858
4776.2			1.049833800047563
4777.1			1.0461737151452177
4778.0			1.036718937277281
4778.9			1.0045231854542358
4779.8			0.969138377383397
4780.7			0.9415200230681495
4781.6			0.9095772095721608
4782.5			0.8676303655508563
4783.4			0.8431556159820038
4784.3			0.8624153928214304
4785.2			0.8782797312564026
4786.1			0.8579440104958617
4787.0			0.8547282816518058
4787.9			0.8640211238275516
4788.8			0.841429548278845
4789.7			0.8252304271647677
4790.6			0.83927520739278
4791.5			0.8603127525139876
4792.4			0.9021447930929896
4793.3			0.964804945876022
4794.2			1.0024296822314125
4795.1			1.0
4796.0			0.9581292104916694
4796.9			0.9160428765011713
4797.8			0.876393090104846
4798.7			0.836214846655257
4799.6			0.8216799347216979
4800.5			0.8538932389979145
4801.4			0.9244620075159986
4802.3			0.9881167252150752
4803.2			1.0004140825244858
4804.1			1.0
4805.0			1.0
4805.9			1.0
4806.8			1.0
4807.7			1.0
4808.6			1.0
4809.5			1.0
4810.4			1.0
4811.3			1.0
4812.2			1.0
4813.1			1.0
4814.0			1.0
4814.9			1.0
4815.8			1.0
4816.7			1.0
4817.6			1.0
4818.5			1.0
4819.4			1.0
4820.3			1.0
4821.2			1.0
4822.1			1.0
4823.0			1.0
4823.9			1.0
4824.8			1.0
4825.7			1.0
4826.6			1.0
4827.5			1.0
4828.4			1.0
4829.3			1.0
4830.2			1.0136591810168583
4831.1			0.9439984404706308
4832.0			0.8753332973371536
4832.9			0.9171200740396884
4833.8			1.0051474811163543
4834.7			1.0
4835.6			1.0
4836.5			1.0
4837.4			1.0
4838.3			1.0
4839.2			1.0
4840.1			1.0
4841.0			1.0
4841.9			1.0
4842.8			1.0
4843.7			1.0
4844.6			1.0
4845.5			1.0
4846.4			1.0
4847.3			1.0
4848.2			1.0
4849.1			1.0
4850.0			1.0
4850.9			1.0
4851.8			1.0
4852.7			1.0
4853.6			1.0
4854.5			1.0
4855.4			0.9579445030690887
4856.3			1.0305396847295198
4857.2			1.1023630414898762
4858.1			1.086163029374234
4859.0			1.0048602391990142
4859.9			0.8895010278816813
4860.8			0.7828557893614457
4861.7			0.7885005081109294
4862.6			0.8963767904956845
4863.5			0.9455636528203748
4864.4			0.9398627597819986
4865.3			0.9653592150784551
4866.2			0.997343150256053
4867.1			1.0
4868.0			1.0
4868.9			1.0
4869.8			0.9931149546050749
4870.7			0.9142826739617631
4871.6			0.8665557317423954
4872.5			0.9232487338093625
4873.4			0.9982174949700927
4874.3			1.0
4875.2			1.0
4876.1			1.0
4877.0			1.0
4877.9			1.0
4878.8			1.0
4879.7			1.0
4880.6			1.0
4881.5			1.0
4882.4			1.0
4883.3			1.0547578424587718
4884.2			1.0128083784889688
4885.1			0.9157142256264659
4886.0			0.864342429968997
4886.9			0.8856710159771012
4887.8			0.92132142821436
4888.7			0.9154311438584295
4889.6			0.8605590107518045
4890.5			0.7857480235151898
4891.4			0.7823162537958521
4892.3			0.8719654242407269
4893.2			0.9542807831752375
4894.1			1.0040355103084846
4895.0			1.0431768224614824
4895.9			1.0570203431141967
4896.8			1.042017257273589
4897.7			1.0107035383377803
4898.6			1.0
4899.5			1.0
4900.4			1.0
4901.3			1.0
4902.2			1.0
4903.1			1.0
4904.0			1.0
4904.9			1.061086927944553
4905.8			1.124158936506984
4906.7			1.112471847633069
4907.6			1.0343559584369595
4908.5			0.9530521404160637
4909.4			0.9019812617892197
4910.3			0.8909488474110289
4911.2			0.9131176702062039
4912.1			0.9343423676963623
4913.0			0.9334025954909582
4913.9			0.9363815244157386
4914.8			0.9701057988046227
4915.7			1.0
4916.6			1.0055766158580521
4917.5			0.9418631502892617
4918.4			0.832602830808007
4919.3			0.7373240030845595
4920.2			0.7144694926420881
4921.1			0.7912202899637092
4922.0			0.9218464624490896
4922.9			1.0008703022328456
4923.8			0.9879680336307601
4924.7			1.0
4925.6			1.0
4926.5			1.0
4927.4			1.0
4928.3			1.0
4929.2			1.0
4930.1			1.0
4931.0			1.0
4931.9			1.0
4932.8			1.0
4933.7			1.0
4934.6			1.0423092920798374
4935.5			1.1026059255839205
4936.4			1.0600636236644603
4937.3			0.9392960981428209
4938.2			0.8427046562899929
4939.1			0.8450940299942579
4940.0			0.9265263674408393
4940.9			0.9926319156374792
4941.8			0.9953425991654661
4942.7			1.0
4943.6			1.0
4944.5			1.0
4945.4			1.0
4946.3			1.0
4947.2			1.0
4948.1			1.0
4949.0			1.0
4949.9			1.0
4950.8			1.0
4951.7			1.0
4952.6			1.0
4953.5			1.0
4954.4			1.0
4955.3			0.9709625870256499
4956.2			0.8699962477578672
4957.1			0.7436841701145481
4958.0			0.7391463847547249
4958.9			0.8645814025301388
4959.8			0.9765204034013384
4960.7			0.9997148382298728
4961.6			1.0
4962.5			1.0
4963.4			1.0
4964.3			1.0
4965.2			1.0
4966.1			1.0
4967.0			1.0
4967.9			1.0
4968.8			1.0
4969.7			1.0
4970.6			1.0
4971.5			1.0
4972.4			1.0
4973.3			1.0
4974.2			1.0
4975.1			1.0
4976.0			1.0
4976.9			1.0
4977.8			1.0
4978.7			0.9801895818071793
4979.6			0.9947493308742495
4980.5			0.9728773332797686
4981.4			0.8923453671554749
4982.3			0.8371877678353935
4983.2			0.8710883494075765
4984.1			0.944415236160825
4985.0			0.9807037598071722
4985.9			0.9989056633014951
4986.8			1.0
4987.7			1.0
4988.6			1.0
4989.5			1.0
4990.4			1.0
4991.3			1.0
4992.2			1.0
4993.1			1.0
4994.0			1.0
4994.9			1.0
4995.8			1.0
4996.7			1.0
4997.6			1.0
4998.5			1.0
4999.4			1.0
5000.3			1.0
5001.2			1.0339210528465306
5002.1			1.0627165133026673
5003.0			1.0703847561343098
5003.9			1.053164549318902
5004.8			1.005191685527282
5005.7			0.953193516496995
5006.6			0.9629625471181575
5007.5			1.0410739360060892
5008.4			1.1021544636236684
5009.3			1.104252514517734
5010.2			1.082866950603715
5011.1			1.029242950130559
5012.0			0.9410697745866123
5012.9			0.8664245901669694
5013.8			0.8255614715539403
5014.7			0.8531000016755947
5015.6			0.9380129750820558
5016.5			0.9972826813713387
5017.4			1.0008922303497945
5018.3			0.9904544090656565
5019.2			0.9874155299812806
5020.1			0.9797784516972627
5021.0			0.9440561418478827
5021.9			0.8956967584853643
5022.8			0.9116891835643053
5023.7			0.9842245306408915
5024.6			1.0291668442480144
5025.5			1.037254175661898
5026.4			0.9993496419369786
5027.3			1.0
5028.2			1.0
5029.1			1.0
5030.0			1.0
5030.9			1.0
5031.8			1.0
5032.7			1.0
5033.6			1.0
5034.5			1.0
5035.4			1.0
5036.3			0.9496870107512051
5037.2			0.9724237634103688
5038.1			0.9384325916581088
5039.0			0.8243176959605389
5039.9			0.6992717419577257
5040.8			0.6390934628093067
5041.7			0.7012216535919772
5042.6			0.8171607308181589
5043.5			1.0
5044.4			1.0687099453339388
5045.3			1.1277107681549683
5046.2			1.1400179552267453
5047.1			1.0766448189041484
5048.0			0.9639764232051341
5048.9			0.8788236238742518
5049.8			0.8605698577151797
5050.7			0.8784724938557972
5051.6			0.8900439278632112
5052.5			0.9077157343927238
5053.4			0.9427392170237782
5054.3			0.9821341618286118
5055.2			1.0018398484633644
5056.1			1.0
5057.0			1.0
5057.9			1.0
5058.8			1.0
5059.7			1.0
5060.6			1.0
5061.5			1.0
5062.4			0.9907592971069051
5063.3			0.922101241366645
5064.2			0.8346035497539694
5065.1			0.8409967307133542
5066.0			0.9399929676225115
5066.9			1.0083830480772533
5067.8			1.0189387437181843
5068.7			1.0
5069.6			1.0
5070.5			1.0
5071.4			1.0
5072.3			1.0
5073.2			1.0
5074.1			1.0443518140155283
5075.0			1.0042624965018587
5075.9			0.9526216135971618
5076.8			0.9672078189386801
5077.7			0.9756144415586495
5078.6			0.8855956081709818
5079.5			0.7847002343505598
5080.4			0.7844792552315251
5081.3			0.8400499993818177
5082.2			0.8701345819242318
5083.1			0.8835401482559034
5084.0			0.9195049434319205
5084.9			0.961021112232362
5085.8			0.9898950852472489
5086.7			1.0002385238241873
5087.6			1.0
5088.5			1.0
5089.4			1.0
5090.3			1.0
5091.2			1.0
5092.1			1.0
5093.0			1.0
5093.9			0.9906240095940004
5094.8			0.9418416017399655
5095.7			0.9140970788885988
5096.6			0.9279619746556365
5097.5			0.9265019373099184
5098.4			0.8736028331850857
5099.3			0.8576299957070497
5100.2			0.9187182462326337
5101.1			0.9869555210578229
5102.0			1.016559773106341
5102.9			1.0143841417377824
5103.8			1.0037232102585116
5104.7			1.0036784893727173
5105.6			1.0
5106.5			1.0
5107.4			1.0
5108.3			1.0
5109.2			1.0
5110.1			1.0
5111.0			1.0
5111.9			1.0
5112.8			1.0
5113.7			1.0
5114.6			1.0574854294397562
5115.5			1.0768688734026217
5116.4			1.0935884490404748
5117.3			1.118296602039046
5118.2			1.105133043816101
5119.1			1.0685883116213826
5120.0			1.0297664874336006
5120.9			0.9910045486872874
5121.8			0.9380728039784466
5122.7			0.848932362990046
5123.6			0.7879026453275052
5124.5			0.8250565311716918
5125.4			0.8878740351316495
5126.3			0.9008471322723398
5127.2			0.8787288001934235
5128.1			0.8677656827472721
5129.0			0.8515699772727329
5129.9			0.86222786141438
5130.8			0.9279416467036485
5131.7			0.9885098778045578
5132.6			1.0008026456303223
5133.5			1.0
5134.4			1.0
5135.3			1.0
5136.2			1.0
5137.1			1.0
5138.0			1.0
5138.9			1.0
5139.8			1.048948024155226
5140.7			1.108756425804093
5141.6			1.051378525269389
5142.5			0.9702040955388767
5143.4			0.9901581641152519
5144.3			1.028797902682238
5145.2			1.00575145396936
5146.1			0.9742706472256628
5147.0			0.9760727438121015
5147.9			1.0126464522387155
5148.8			1.04325619983505
5149.7			1.0248158058898562
5150.6			0.9822159469818219
5151.5			0.9407975251079054
5152.4			0.9203722560336468
5153.3			0.9291821602780955
5154.2			0.9803550851768837
5155.1			1.0793498704420885
5156.0			1.1771202512187828
5156.9			1.2476634403596796
5157.8			1.266698395198255
5158.7			1.2265471431563926
5159.6			1.2153186512129492
5160.5			1.2570713116645578
5161.4			1.0
5162.3			0.9751407720622235
5163.2			0.9836930020773258
5164.1			0.9685384125236643
5165.0			0.8548344248123312
5165.9			0.6970921535552953
5166.8			0.5899693687150906
5167.7			0.5944567532245298
5168.6			0.7097968061914225
5169.5			0.8540387113422798
5170.4			0.8834892182387456
5171.3			0.7552121927871097
5172.2			0.6241574396379358
5173.1			0.668587926562455
5174.0			0.8805361900449611
5174.9			1.0785890618398877
5175.8			1.1706898224593953
5176.7			1.2224631168258273
5177.6			1.2661459425375674
5178.5			1.2837516955886552
5179.4			1.0
5180.3			0.9394680383113216
5181.2			0.8476782510648481
5182.1			0.7076035826435758
5183.0			0.5822807875951778
5183.9			0.6153553488252934
5184.8			0.8108429544868104
5185.7			1.0005506043337782
5186.6			1.0
5187.5			1.0
5188.4			1.0
5189.3			1.0422868417919782
5190.2			1.0323323025495983
5191.1			0.9055179214620156
5192.0			0.7752449837150305
5192.9			0.7733427105815807
5193.8			0.8498588017331167
5194.7			0.8964190785413351
5195.6			0.93480422066035
5196.5			1.0003739687351725
5197.4			1.0
5198.3			1.0
5199.2			1.0
5200.1			1.0
5201.0			1.0
5201.9			0.9738518320114725
5202.8			0.9453590931148644
5203.7			0.8601247906879678
5204.6			0.7302092674386585
5205.5			0.6593689280745914
5206.4			0.6619318393881994
5207.3			0.6492243278766048
5208.2			0.6027991959670831
5209.1			0.6145713026829226
5210.0			0.6917913998419252
5210.9			0.8107772244384944
5211.8			0.9339842012108615
5212.7			1.0099105026354953
5213.6			1.034295845768901
5214.5			1.003175850388043
5215.4			1.0
5216.3			1.0
5217.2			1.0
5218.1			1.0
5219.0			1.0
5219.9			1.0
5220.8			1.0
5221.7			1.0
5222.6			0.9406207171115076
5223.5			0.8455369458454713
5224.4			0.752798438842113
5225.3			0.6974947315436343
5226.2			0.6744599635283373
5227.1			0.720893661055571
5228.0			0.8537828382015024
5228.9			0.9651830571091368
5229.8			1.0012452803780547
5230.7			1.0
5231.6			1.0
5232.5			1.0
5233.4			1.0
5234.3			1.0
5235.2			1.0
5236.1			1.0
5237.0			1.0
5237.9			1.0
5238.8			1.0
5239.7			0.9910868138789513
5240.6			1.0126484020011468
5241.5			1.0425697447612983
5242.4			1.0581677887646879
5243.3			1.0856309828895159
5244.2			1.1203303520411065
5245.1			1.0782668984683725
5246.0			0.9256571248406574
5246.9			0.8066541137616909
5247.8			0.8456644676109815
5248.7			0.9258870979015291
5249.6			0.9014766733678663
5250.5			0.8522163306179816
5251.4			0.8944225394312205
5252.3			0.9839664093602122
5253.2			1.0354969390033983
5254.1			1.0070415345142008
5255.0			1.0
5255.9			1.0
5256.8			1.0
5257.7			1.0
5258.6			1.0
5259.5			1.0
5260.4			1.0
5261.3			1.0
5262.2			1.0
5263.1			1.0
5264.0			1.0
5264.9			1.0
5265.8			0.9644892109490825
5266.7			1.039131972833992
5267.6			1.0580620139744248
5268.5			0.8738386740018521
5269.4			0.6770852014878388
5270.3			0.7073041651738801
5271.2			0.8825180608750324
5272.1			0.9838338951253037
5273.0			0.9821100929851448
5273.9			1.0
5274.8			1.0
5275.7			1.0
5276.6			1.0
5277.5			1.0
5278.4			1.0
5279.3			0.9710098523072233
5280.2			0.9195436107001768
5281.1			0.8731349667005587
5282.0			0.8317100784695867
5282.9			0.8025906378004144
5283.8			0.8132244802331031
5284.7			0.8886316351442672
5285.6			0.9745533550192209
5286.5			1.0005812289449332
5287.4			1.0
5288.3			1.0
5289.2			1.0
5290.1			1.0
5291.0			1.0
5291.9			0.9870268473036069
5292.8			0.9707638516485033
5293.7			0.9809179092292902
5294.6			0.980356839756612
5295.5			0.918738223787218
5296.4			0.814045118369203
5297.3			0.7431609427386379
5298.2			0.7746504403404415
5299.1			0.8745687843764502
5300.0			0.9224945724925993
5300.9			0.9144100975262076
5301.8			0.9301635115882716
5302.7			0.9945102946895468
5303.6			1.0
5304.5			1.0
5305.4			1.0
5306.3			1.0
5307.2			1.0
5308.1			1.0
5309.0			1.0
5309.9			1.0
5310.8			1.0
5311.7			1.0
5312.6			1.0
5313.5			1.0
5314.4			1.0
5315.3			1.0
5316.2			1.0
5317.1			1.0
5318.0			1.0
5318.9			1.0
5319.8			1.0
5320.7			1.0
5321.6			1.0
5322.5			1.0
5323.4			1.0
5324.3			0.9864923479928511
5325.2			1.0192153239015043
5326.1			0.9828208154230618
5327.0			0.8205270500190659
5327.9			0.6569002649493522
5328.8			0.6777653514454286
5329.7			0.8375023203737834
5330.6			0.9617470366527547
5331.5			0.9988745385264692
5332.4			1.0
5333.3			1.0
5334.2			1.0
5335.1			1.0
5336.0			1.0
5336.9			1.0
5337.8			1.0061137645297316
5338.7			0.976380641980649
5339.6			0.8921138888172064
5340.5			0.8368047051297629
5341.4			0.8875539936739534
5342.3			0.9701115432125449
5343.2			1.0012336780345685
5344.1			1.0
5345.0			1.0
5345.9			1.0
5346.8			1.0
5347.7			0.9664102682276453
5348.6			0.9029267835664211
5349.5			0.8931712648217236
5350.4			0.945369671627964
5351.3			1.0038303073987234
5352.2			1.0
5353.1			1.0
5354.0			1.0
5354.9			1.0
5355.8			1.0
5356.7			1.0
5357.6			1.0
5358.5			1.0
5359.4			1.0
5360.3			1.0
5361.2			1.0
5362.1			1.0
5363.0			1.0
5363.9			1.0
5364.8			1.0
5365.7			1.0
5366.6			1.0
5367.5			1.0
5368.4			0.9704101179407005
5369.3			0.8913725429201721
5370.2			0.7896962625837031
5371.1			0.7428348256301313
5372.0			0.8093622844765583
5372.9			0.9345744593772186
5373.8			1.0060353274062526
5374.7			1.0
5375.6			1.0
5376.5			1.0
5377.4			1.0
5378.3			1.0
5379.2			1.0
5380.1			1.0
5381.0			1.0
5381.9			1.0
5382.8			1.0
5383.7			1.0
5384.6			1.0
5385.5			1.0
5386.4			1.0
5387.3			1.0
5388.2			1.0
5389.1			1.0
5390.0			1.0
5390.9			1.0
5391.8			1.0
5392.7			1.0
5393.6			1.0
5394.5			1.0
5395.4			1.0
5396.3			1.0
5397.2			1.0
5398.1			1.1118339137151465
5399.0			1.2002302956127948
5399.9			1.1771483212635816
5400.8			1.1362981963118652
5401.7			1.1377958724083215
5402.6			1.123358429616901
5403.5			1.0366252729744503
5404.4			0.9079020624296281
5405.3			0.819555769698131
5406.2			0.8284513153829459
5407.1			0.8970001441500562
5408.0			0.9144631260997518
5408.9			0.8621532302734434
5409.8			0.8357688295355108
5410.7			0.8977981965502734
5411.6			0.9733693164916422
5412.5			0.9991809009556464
5413.4			1.0
5414.3			1.0
5415.2			1.0
5416.1			1.0
5417.0			1.0
5417.9			1.0
5418.8			1.0
5419.7			1.0
5420.6			0.9881127009379161
5421.5			1.0241996406325244
5422.4			1.049226703196014
5423.3			1.0160438861621615
5424.2			0.977382330626675
5425.1			0.9922979904033281
5426.0			1.0321815397302039
5426.9			1.0590960367282845
5427.8			1.0183932889696083
5428.7			0.8937769732012023
5429.6			0.8174735596655516
5430.5			0.8705769925888883
5431.4			0.923139883696526
5432.3			0.8983284222562533
5433.2			0.858156028286507
5434.1			0.8302774632239398
5435.0			0.8226926163042244
5435.9			0.8427036083701852
5436.8			0.8791893547965935
5437.7			0.9397087960142497
5438.6			0.9979379279720174
5439.5			1.0
5440.4			1.0
5441.3			1.0
5442.2			1.0
5443.1			1.0
5444.0			0.9855459959486084
5444.9			0.9143023501293028
5445.8			0.8089110099245008
5446.7			0.7516518488496615
5447.6			0.8138343497259672
5448.5			0.9218982834853803
5449.4			0.9939892920734881
5450.3			1.0
5451.2			1.0
5452.1			1.0
5453.0			0.963285374612182
5453.9			0.8977862525064068
5454.8			0.8240880281358011
5455.7			0.8037499742051002
5456.6			0.8734326611014651
5457.5			0.9614042219499098
5458.4			0.9989833961274336
5459.3			1.0
5460.2			1.0
5461.1			1.0
5462.0			1.0
5462.9			1.0
5463.8			1.0
5464.7			1.0
5465.6			1.0
5466.5			1.0
5467.4			1.0
5468.3			1.0
5469.2			1.0
5470.1			1.0
5471.0			1.0115126639767757
5471.9			1.0338676515180374
5472.8			1.0070650816140982
5473.7			0.9861591447019968
5474.6			1.0074732028402782
5475.5			0.9932501612803948
5476.4			0.9408650761945598
5477.3			0.97797263919851
5478.2			1.09933117721212
5479.1			1.1651530895593813
5480.0			1.1134994167181327
5480.9			1.0180925047022515
5481.8			1.0
5482.7			1.0447081265263483
5483.6			1.1007050488078496
5484.5			1.138450486578173
5485.4			1.1333117379508586
5486.3			1.074522437637306
5487.2			1.0042978196940002
5488.1			0.9918929778691301
5489.0			1.0039256275180528
5489.9			0.9803326651008621
5490.8			0.9748940589491546
5491.7			0.9963715060967052
5492.6			1.0
5493.5			1.0
5494.4			1.0
5495.3			1.0
5496.2			1.0
5497.1			1.0
5498.0			1.0
5498.9			1.0
5499.8			1.0
5500.7			1.0
5501.6			1.0
5502.5			1.0
5503.4			1.0
5504.3			1.0
5505.2			1.0
5506.1			1.0
5507.0			1.0
5507.9			1.0640500631379683
5508.8			1.086128656499247
5509.7			1.0574592457092686
5510.6			1.0024220138770483
5511.5			0.925660970460317
5512.4			0.8691643560026335
5513.3			0.8534432745472788
5514.2			0.8457628781944962
5515.1			0.8564336080590756
5516.0			0.8839694851835638
5516.9			0.916774026669347
5517.8			0.9707157532340619
5518.7			1.0030409501087425
5519.6			1.0
5520.5			1.0
5521.4			1.0
5522.3			1.0
5523.2			1.0
5524.1			1.0
5525.0			0.9891821420042575
5525.9			0.9652279666659779
5526.8			0.9282453992231136
5527.7			0.8951679546261182
5528.6			0.9094004180098689
5529.5			0.96422537250516
5530.4			0.998603131964315
5531.3			1.0
5532.2			1.0
5533.1			1.0
5534.0			1.0
5534.9			1.0
5535.8			1.0
5536.7			1.0
5537.6			1.0
5538.5			1.0
5539.4			1.0
5540.3			1.0
5541.2			1.0
5542.1			1.0
5543.0			1.0
5543.9			1.0
5544.8			1.0
5545.7			1.0
5546.6			1.0
5547.5			1.0
5548.4			1.0
5549.3			1.0
5550.200000000001			1.0
5551.1			1.0
5552.0			1.0
5552.9			1.0
5553.8			1.0
5554.700000000001			1.0
5555.6			1.0
5556.5			1.0
5557.4			1.0
5558.3			1.0
5559.200000000001			1.0
5560.1			0.9990127317723421
5561.0			0.9933785630858729
5561.9			0.9922977496965675
5562.8			0.9911928170506502
5563.700000000001			0.9906255138066429
5564.6			0.9794316104094133
5565.5			0.9543210204338339
5566.4			0.9455343566030759
5567.3			0.9628014842288838
5568.200000000001			0.9797768471942991
5569.1			0.9817059886254198
5570.0			0.9991724535075116
5570.9			1.0290743814019754
5571.8			1.0186648890627377
5572.700000000001			0.9989741117342255
5573.6			1.0
5574.5			1.0
5575.4			1.0
5576.3			1.0
5577.200000000001			1.0
5578.1			1.0
5579.0			1.0
5579.9			1.0177827002774822
5580.8			1.0132686886312277
5581.700000000001			0.9882873115571131
5582.6			0.9806814784467884
5583.5			0.9792815828231046
5584.4			0.9661486506039104
5585.3			0.9397377419908098
5586.200000000001			0.8886147192335984
5587.1			0.8362649064386105
5588.0			0.8205558446349376
5588.9			0.8382877031801802
5589.8			0.8696228729423326
5590.700000000001			0.8936010584523091
5591.6			0.8927257524400543
5592.5			0.8827134089285937
5593.4			0.8902758094811677
5594.3			1.0
5595.200000000001			1.0480534318343664
5596.1			1.0778937966856135
5597.0			1.0362288726744961
5597.9			0.9647581576204736
5598.8			0.933407496635907
5599.700000000001			0.9285248709863972
5600.6			0.9094897915024344
5601.5			0.8922150212678054
5602.4			0.8915736426237642
5603.3			0.908435780874074
5604.200000000001			0.9415338821698634
5605.1			0.9752486264163374
5606.0			1.0007081360211325
5606.9			1.0070781147091326
5607.8			0.9983277695289127
5608.700000000001			1.0
5609.6			1.0
5610.5			1.0
5611.4			1.0
5612.3			1.0
5613.200000000001			0.9885806171840061
5614.1			0.9243569289535745
5615.0			0.8735177847231095
5615.9			0.9140871683998072
5616.8			0.9955906704665236
5617.700000000001			1.0
5618.6			1.0
5619.5			1.0
5620.4			1.0
5621.3			1.0383473491008863
5622.200000000001			1.0421569017877919
5623.1			0.980519456615557
5624.0			0.8992061267926158
5624.9			0.8785777220734824
5625.8			1.0
5626.700000000001			1.049773099152255
5627.6			1.0738863699455956
5628.5			1.0880986540797983
5629.4			1.1026933011623987
5630.3			1.117601489590254
5631.200000000001			1.1282531188346399
5632.1			1.12723402131787
5633.0			1.1214560032115657
5633.9			1.1058926130902111
5634.8			1.074926258864275
5635.700000000001			1.0361666598877817
5636.6			1.0094668502830098
5637.5			1.0034746161281891
5638.4			1.0108518441851357
5639.3			1.0107073163836828
5640.200000000001			0.9894039809544395
5641.1			0.9767819900088487
5642.0			0.9947065488503248
5642.9			1.0110649885397787
5643.8			1.0060955243688048
5644.700000000001			1.0057047036942883
5645.6			1.009750266482784
5646.5			1.0035306215650963
5647.4			0.9995473157453597
5648.3			0.996808028837059
5649.200000000001			0.9954831252499443
5650.1			1.0043898377999785
5651.0			1.0290686767706716
5651.9			1.0510194091439133
5652.8			1.0503318770411558
5653.700000000001			1.025174655172349
5654.6			1.0
5655.5			1.0068586737173455
5656.4			0.9940117362053167
5657.3			0.9160861893241412
5658.200000000001			0.8533550544171585
5659.1			0.8988580354843948
5660.0			0.9875128208786643
5660.9			0.9997607041810695
5661.8			1.0
5662.700000000001			1.0
5663.6			1.0
5664.5			1.0
5665.4			1.0
5666.3			1.0
5667.200000000001			1.0
5668.1			1.0
5669.0			1.0
5669.9			1.0
5670.8			1.0
5671.700000000001			1.0
5672.6			1.0
5673.5			1.0
5674.4			1.0
5675.3			1.0
5676.200000000001			1.0
5677.1			1.0
5678.0			1.0
5678.9			1.0
5679.8			1.0
5680.700000000001			1.0
5681.6			1.0
5682.5			1.0
5683.4			1.0
5684.3			1.0201922287936342
5685.200000000001			1.0133818569096893
5686.1			0.9707513751769399
5687.0			0.9251744261854976
5687.9			0.9149265615466353
5688.8			0.9303813854414723
5689.700000000001			0.9615134414575878
5690.6			0.9859448263478272
5691.5			1.0003755465758657
5692.4			1.0
5693.3			1.0
5694.200000000001			1.0
5695.1			1.0
5696.0			1.0
5696.9			1.0
5697.8			1.0
5698.700000000001			1.0
5699.6			1.0
5700.5			1.0
5701.4			0.9656085509236589
5702.3			0.965188402530982
5703.200000000001			1.0014768832274437
5704.1			1.0363957542967381
5705.0			1.0222117777343365
5705.9			0.9670930269087781
5706.8			0.914453084609575
5707.700000000001			0.8710990783640402
5708.6			0.8475924397044522
5709.5			0.8689531303344068
5710.4			0.8945911146739599
5711.3			0.8822528566570222
5712.200000000001			0.893121697515566
5713.1			0.954877165630414
5714.0			0.9995679350635411
5714.9			1.0057284805265891
5715.8			0.9957556017747884
5716.700000000001			1.0
5717.6			1.0
5718.5			1.0
5719.4			1.0
5720.3			1.0
5721.200000000001			1.0
5722.1			1.0
5723.0			1.0
5723.9			1.0
5724.8			0.9898777937295509
5725.700000000001			0.9600185200266093
5726.6			0.9117862417812644
5727.5			0.9158596602559017
5728.4			0.9826952984282976
5729.3			1.0250626067875175
5730.200000000001			1.0022320764625945
5731.1			1.0
5732.0			1.0
5732.9			1.0
5733.8			1.0
5734.700000000001			1.0
5735.6			1.0
5736.5			1.0
5737.4			1.0
5738.3			1.0
5739.200000000001			1.0
5740.1			1.0
5741.0			1.0
5741.9			1.0
5742.8			1.0
5743.700000000001			1.0
5744.6			1.0
5745.5			1.0
5746.4			1.0
5747.3			1.0
5748.200000000001			1.0
5749.1			1.0
5750.0			1.0
5750.9			0.997932539471906
5751.8			0.9579833583255053
5752.700000000001			0.9083962607098669
5753.6			0.8798353381283744
5754.5			0.8982034478884066
5755.4			0.9557548954402418
5756.3			1.0010428556566158
5757.200000000001			1.0
5758.1			1.0
5759.0			1.0
5759.9			1.0
5760.8			1.0
5761.700000000001			1.0
5762.6			1.0
5763.5			1.0
5764.4			1.0
5765.3			1.0
5766.200000000001			1.0
5767.1			1.0
5768.0			1.0
5768.9			1.0
5769.8			1.0
5770.700000000001			1.0
5771.6			1.0
5772.5			1.0
5773.4			1.0
5774.3			0.9925041368387859
5775.200000000001			0.9911992717011152
5776.1			0.9947232242750849
5777.0			1.0011844224599626
5777.9			1.0092548272930706
5778.8			0.9963365519997869
5779.700000000001			0.9435038844060422
5780.6			0.8724012414461573
5781.5			0.8392173377081457
5782.4			0.8576262276621549
5783.3			0.8807982654525214
5784.200000000001			0.8729643610158839
5785.1			0.8581186944435225
5786.0			0.8857921063680916
5786.9			0.940786940565428
5787.8			0.9790688614943793
5788.700000000001			0.9991978282441268
5789.6			1.0
5790.5			1.0
5791.4			1.0
5792.3			1.0
5793.200000000001			1.0
5794.1			1.0
5795.0			1.0
5795.9			0.9656139710532876
5796.8			0.9111410294847231
5797.700000000001			0.8912898613690415
5798.6			0.9374653945245087
5799.5			1.0002003854949821
5800.4			1.0
5801.3			1.0
5802.200000000001			1.0
5803.1			1.0
5804.0			1.0
5804.9			1.0
5805.8			1.0
5806.700000000001			1.0
5807.6			1.0
5808.5			1.0
5809.4			1.0
5810.3			1.0
5811.200000000001			1.0
5812.1			0.995841587351912
5813.0			0.9857168675598668
5813.9			0.9627337838298147
5814.8			0.9333355367796388
5815.700000000001			0.9141944368048495
5816.6			0.92219042515911
5817.5			0.9542155576054948
5818.4			0.9844003013673036
5819.3			1.000029838423808
5820.200000000001			1.0
5821.1			1.0
5822.0			1.0
5822.9			1.0
5823.8			1.0
5824.700000000001			1.0
5825.6			1.0
5826.5			1.0
5827.4			1.0
5828.3			1.0
5829.200000000001			1.0
5830.1			1.0
5831.0			1.0
5831.9			1.0
5832.8			1.0
5833.700000000001			1.0
5834.6			1.0
5835.5			1.0
5836.4			1.0
5837.3			1.0
5838.200000000001			1.0
5839.1			1.0
5840.0			1.0
5840.9			1.0
5841.8			1.0
5842.700000000001			1.0
5843.6			1.0
5844.5			1.0
5845.4			1.0
5846.3			1.0
5847.200000000001			1.0
5848.1			1.0
5849.0			1.0
5849.9			1.0
5850.8			1.0
5851.700000000001			1.0
5852.6			1.0
5853.5			1.0
5854.4			1.0319850217173456
5855.3			1.0359337594424545
5856.200000000001			0.999018753653676
5857.1			0.9557452558120736
5858.0			0.9431800412309748
5858.9			0.9668936325706028
5859.8			1.0004525073598491
5860.700000000001			1.0161639086198768
5861.6			1.0026080863820732
5862.5			1.0
5863.4			1.0
5864.3			1.0
5865.200000000001			0.978705060652461
5866.1			0.9415479513403522
5867.0			0.9312947268229942
5867.9			0.9629843822426813
5868.8			1.004260721596448
5869.700000000001			1.0
5870.6			1.0
5871.5			1.0
5872.4			1.0
5873.3			1.0
5874.200000000001			1.0
5875.1			1.0
5876.0			1.0
5876.9			1.0
5877.8			0.9895110577273596
5878.700000000001			0.9565943351624523
5879.6			0.9203169126894387
5880.5			0.9329896570675545
5881.4			0.9960986306407039
5882.3			1.0
5883.200000000001			1.0
5884.1			1.0
5885.0			1.0
5885.9			1.021110984022017
5886.8			1.0045661668459605
5887.700000000001			0.9070544876373076
5888.6			0.7245185223814918
5889.5			0.5783711667302108
5890.4			0.6212742357722207
5891.3			0.8048249464575457
5892.200000000001			0.9514034025869672
5893.1			0.9992789054670653
5894.0			1.0
5894.9			1.0
5895.8			1.0
5896.700000000001			1.0
5897.6			1.0
5898.5			1.0
5899.4			1.0
5900.3			1.0
5901.200000000001			1.0
5902.1			1.0
5903.0			1.0
5903.9			1.0
5904.8			1.0
5905.700000000001			1.0
5906.6			1.0
5907.5			1.0
5908.4			1.0
5909.3			1.0012255965179717
5910.200000000001			1.0073204448813198
5911.1			1.0185685255757826
5912.0			1.0051224065673747
5912.9			0.9607141860984605
5913.8			0.9182273168764392
5914.700000000001			0.9060783138260905
5915.6			0.9121860056669879
5916.5			0.9270628516521789
5917.4			0.9456373517522354
5918.3			0.9588594226524579
5919.200000000001			0.9814628751333708
5920.1			0.9999026486813677
5921.0			1.0
5921.9			1.0
5922.8			1.0
5923.700000000001			1.0
5924.6			1.0
5925.5			1.0
5926.4			1.0
5927.3			1.0
5928.200000000001			1.0
5929.1			1.0
5930.0			1.0
5930.9			1.0
5931.8			1.0218614293147783
5932.700000000001			1.0109103470970164
5933.6			0.9679351375051043
5934.5			0.9332203633927764
5935.4			0.9436134045700131
5936.3			0.9762979912341729
5937.200000000001			1.0000840215216469
5938.1			1.0
5939.0			1.0
5939.9			1.0
5940.8			1.0
5941.700000000001			1.0
5942.6			1.0
5943.5			1.0
5944.4			1.0
5945.3			1.0
5946.200000000001			1.0
5947.1			1.0
5948.0			1.0
5948.9			1.0
5949.8			1.0
5950.700000000001			1.0350661548924183
5951.6			1.0241830221933461
5952.5			0.9833236952848254
5953.4			0.9713600917500969
5954.3			0.9844000637603165
5955.200000000001			0.9695445277216239
5956.1			0.9348841871372063
5957.0			0.928433384962191
5957.9			0.9528725477377661
5958.8			0.9827995495068345
5959.700000000001			1.0090123111544347
5960.6			1.0211477759283376
5961.5			1.014974579456581
5962.4			1.0027372049976253
5963.3			0.9968302179282319
5964.200000000001			1.0
5965.1			1.0
5966.0			1.0
5966.9			1.0
5967.8			1.0
5968.700000000001			1.0
5969.6			1.0
5970.5			1.0
5971.4			1.0
5972.3			1.0
5973.200000000001			1.0
5974.1			1.0
5975.0			1.0
5975.9			1.0
5976.8			1.0
5977.700000000001			1.0
5978.6			1.0
5979.5			1.0
5980.4			1.012069048936819
5981.3			1.0068344035685803
5982.200000000001			0.9836954140477661
5983.1			0.941460347778382
5984.0			0.9131208804994699
5984.9			0.9389141146047967
5985.8			0.9889783988215329
5986.700000000001			1.0070210972601639
5987.6			0.9998828396720476
5988.5			1.0
5989.4			1.0
5990.3			1.0
5991.200000000001			1.0
5992.1			1.0
5993.0			1.0
5993.9			1.0
5994.8			1.0
5995.700000000001			1.0
5996.6			1.0
5997.5			1.0
5998.4			1.0
5999.3			1.0
6000.200000000001			1.0
6001.1			1.0
6002.0			1.0
6002.9			1.0
6003.8			1.0185268666737648
6004.700000000001			1.0208880829138705
6005.6			0.99262400301566
6006.5			0.9560060025679877
6007.4			0.9247499058200167
6008.3			0.9267943452917863
6009.200000000001			0.9676270671457523
6010.1			1.0045015939017845
6011.0			1.0
6011.9			0.9717607635911721
6012.8			0.9450812982839738
6013.700000000001			0.9513576134986098
6014.6			0.9727468308366491
6015.5			0.9655077407237862
6016.4			0.9388004670422411
6017.3			0.930187470082099
6018.200000000001			0.9453357876851745
6019.1			0.9612241280822298
6020.0			0.9680625228367964
6020.9			0.975763721624775
6021.8			0.9887876055191704
6022.700000000001			0.9986998621884022
6023.6			1.0
6024.5			1.0
6025.4			1.0
6026.3			1.0
6027.200000000001			1.0
6028.1			1.0
6029.0			1.0
6029.9			1.0
6030.8			1.0
6031.700000000001			1.0
6032.6			1.0
6033.5			1.0
6034.4			1.0
6035.3			1.0
6036.200000000001			1.0
6037.1			1.0
6038.0			1.0
6038.9			1.0
6039.8			1.0
6040.700000000001			1.0
6041.6			1.0
6042.5			1.0
6043.4			1.0
6044.3			1.0
6045.200000000001			1.0
6046.1			1.0
6047.0			1.0
6047.9			1.0
6048.8			1.0
6049.700000000001			1.0
6050.6			1.0
6051.5			1.0
6052.4			1.0
6053.3			1.0
6054.200000000001			1.0
6055.1			1.0
6056.0			1.0
6056.9			1.0
6057.8			1.0
6058.700000000001			1.0
6059.6			1.0
6060.5			1.0
6061.4			0.9913948406444106
6062.3			0.9654608844907273
6063.200000000001			0.9307861555031965
6064.1			0.8946541608903286
6065.0			0.8713639635132487
6065.9			0.8984959353848849
6066.8			0.9560975113683678
6067.700000000001			0.9906943023489568
6068.6			0.9961387169499126
6069.5			1.0
6070.4			1.0
6071.3			1.0
6072.200000000001			1.0
6073.1			1.0
6074.0			1.0
6074.9			1.0
6075.8			1.0
6076.700000000001			1.0
6077.6			1.0
6078.5			1.0
6079.4			1.0
6080.3			1.0
6081.200000000001			1.0
6082.1			1.0
6083.0			1.0
6083.9			1.0
6084.8			1.0
6085.700000000001			0.9931455438115723
6086.6			1.0048793220751338
6087.5			1.0152656954617232
6088.4			1.0004384522492387
6089.3			0.9526157715839154
6090.200000000001			0.9148308977041429
6091.1			0.918274786856675
6092.0			0.9313917610785819
6092.9			0.9372606268590234
6093.8			0.963424967925741
6094.700000000001			0.9972793780493779
6095.6			1.0
6096.5			1.0
6097.4			1.0
6098.3			1.0
6099.200000000001			1.0
6100.1			1.0086789233610227
6101.0			0.9719943797781814
6101.9			0.9029076244866664
6102.8			0.8738356282727664
6103.700000000001			0.9196310367918877
6104.6			0.9781187569499731
6105.5			1.000786103623659
6106.4			1.0
6107.3			1.0
6108.200000000001			1.0
6109.1			1.0
6110.0			1.0
6110.9			1.0
6111.8			1.0
6112.700000000001			1.0
6113.6			1.0
6114.5			1.0
6115.4			1.0
6116.3			1.0
6117.200000000001			1.0
6118.1			1.001514337895921
6119.0			0.9694928638118457
6119.9			0.9288861990063134
6120.8			0.9025168123956409
6121.700000000001			0.8958837789065793
6122.6			0.9343804218429773
6123.5			1.002292788375247
6124.4			1.0259187849738034
6125.3			0.9998127062122183
6126.200000000001			1.0
6127.1			1.0
6128.0			1.0
6128.9			1.0
6129.8			1.0
6130.700000000001			1.0
6131.6			1.0
6132.5			1.0
6133.4			0.9734785918934818
6134.3			0.9171353083878784
6135.200000000001			0.8482648147484169
6136.1			0.7869309384423289
6137.0			0.7727447808277954
6137.9			0.8479067536651146
6138.8			0.9631475950458247
6139.700000000001			1.023570556721929
6140.6			1.0053082677727498
6141.5			1.0
6142.4			1.0
6143.3			1.0
6144.200000000001			1.0
6145.1			1.0
6146.0			1.0
6146.9			1.0
6147.8			0.9848161124879757
6148.700000000001			0.9517003900207568
6149.6			0.9193733743731938
6150.5			0.9164229472504327
6151.4			0.947812728547231
6152.3			0.9852553685572965
6153.200000000001			1.0000061129729583
6154.1			1.0
6155.0			1.0
6155.9			1.0
6156.8			1.0
6157.700000000001			1.0
6158.6			0.9991301859644398
6159.5			0.9726018675689964
6160.4			0.9021143562008844
6161.3			0.8263661643459318
6162.200000000001			0.8104885802699321
6163.1			0.8575585847880576
6164.0			0.9241811400181074
6164.9			0.974733907013509
6165.8			0.9989547348705675
6166.700000000001			1.0
6167.6			1.0
6168.5			1.0
6169.4			1.0
6170.3			1.0
6171.200000000001			1.0
6172.1			1.0
6173.0			1.0
6173.9			1.0
6174.8			1.0
6175.700000000001			1.0
6176.6			1.0
6177.5			1.0
6178.4			1.0
6179.3			1.0
6180.200000000001			1.0
6181.1			1.0
6182.0			1.0
6182.9			1.0
6183.8			1.0
6184.700000000001			1.0
6185.6			0.9679918416459999
6186.5			0.9316190261433864
6187.4			0.9116776850604946
6188.3			0.901681179222785
6189.200000000001			0.8880980188002605
6190.1			0.8551184787525778
6191.0			0.8173778481573436
6191.9			0.8327642607073418
6192.8			0.8957011497121187
6193.700000000001			0.9440129865616369
6194.6			0.9684801537522675
6195.5			0.9864865290376474
6196.4			1.0
6197.3			0.9932978563219114
6198.200000000001			0.9477888793914495
6199.1			0.8952512238479501
6200.0			0.891503499701359
6200.9			0.9330956386087951
6201.8			0.9761985732173885
6202.700000000001			1.0003572847550521
6203.6			1.0
6204.5			1.0
6205.4			1.0
6206.3			1.0
6207.200000000001			1.0
6208.1			1.0
6209.0			1.0
6209.9			1.0
6210.8			0.9951708155564875
6211.700000000001			0.9879534701797471
6212.6			0.9437844454346037
6213.5			0.8877667314821154
6214.4			0.8724504777173127
6215.3			0.8926553339058869
6216.200000000001			0.9336554893792751
6217.1			0.9829653034685191
6218.0			1.0057486120534322
6218.9			1.0
6219.8			1.0
6220.700000000001			1.0
6221.6			1.0
6222.5			1.0
6223.4			1.0
6224.3			1.0
6225.200000000001			1.0
6226.1			1.0
6227.0			1.0090831144368257
6227.9			0.9992324563589943
6228.8			0.9549871090225885
6229.700000000001			0.8838918212915896
6230.6			0.8478861003072903
6231.5			0.8725740339005431
6232.4			0.9097051257396951
6233.3			0.947795461579243
6234.200000000001			1.0016551216081486
6235.1			1.0
6236.0			1.0056643830545642
6236.9			0.9870226796463065
6237.8			0.9500135185687889
6238.700000000001			0.890623545517343
6239.6			0.8448212062787326
6240.5			0.8606438740810116
6241.4			0.8908641967429903
6242.3			0.8702284328077615
6243.200000000001			0.8501099116612383
6244.1			0.8788839122437595
6245.0			0.9164793322811416
6245.9			1.0
6246.8			1.0390920434500557
6247.700000000001			1.0712751464452352
6248.6			1.0746219310702985
6249.5			1.0606190926781336
6250.4			1.0335232028730876
6251.3			0.9850454979358593
6252.200000000001			0.9482642028071624
6253.1			0.9559843879072102
6254.0			0.9811911110237013
6254.9			0.9812408794535864
6255.8			0.9388510545839108
6256.700000000001			0.8672974520961896
6257.6			0.8086465684044812
6258.5			0.8210553412623541
6259.4			0.9059802814382754
6260.3			0.9687622503841413
6261.200000000001			0.9845908397917528
6262.1			1.0200470602525222
6263.0			1.0642688903565123
6263.9			1.053285845159968
6264.8			1.000572479433766
6265.700000000001			0.9784802033805006
6266.6			1.0002221963679954
6267.5			1.0130563189275943
6268.4			0.9994651761358785
6269.3			1.0
6270.200000000001			1.0
6271.1			1.0
6272.0			1.0
6272.9			1.0
6273.8			1.0
6274.700000000001			1.0
6275.6			1.0
6276.5			1.0
6277.4			1.0
6278.3			1.010506432399707
6279.200000000001			0.9849858129583103
6280.1			0.9473086641565416
6281.0			0.9387620912061373
6281.9			0.9603837384209382
6282.8			0.9877475339705069
6283.700000000001			1.0001945508388284
6284.6			1.0
6285.5			1.0
6286.4			1.0
6287.3			1.0
6288.200000000001			1.0
6289.1			1.0
6290.0			1.0
6290.9			1.0
6291.8			1.0
6292.700000000001			0.9955855517506795
6293.6			1.0084361020425774
6294.5			1.0041455820778704
6295.4			0.9540048845038965
6296.3			0.8970962130021826
6297.200000000001			0.8964348431786291
6298.1			0.9503681926780028
6299.0			1.000103145123213
6299.9			0.9994140060077592
6300.8			1.0
6301.700000000001			1.0
6302.6			1.0
6303.5			1.0
6304.4			1.0
6305.3			1.0
6306.200000000001			1.0
6307.1			1.0
6308.0			1.0
6308.9			0.997377965203946
6309.8			0.9809525523804264
6310.700000000001			0.9528250416822743
6311.6			0.9280064708376645
6312.5			0.9280841430527372
6313.4			0.9403570764327857
6314.3			0.935494186594996
6315.200000000001			0.9287296221499242
6316.1			0.9382600370401764
6317.0			0.935226006397158
6317.9			0.9136473185946746
6318.8			0.9137937045243084
6319.700000000001			0.939472666806214
6320.6			0.9608746355182267
6321.5			0.9621690076197101
6322.4			0.9607739292765488
6323.3			0.970749765877857
6324.200000000001			0.9794188151503933
6325.1			0.9767299298974589
6326.0			0.9745186250635874
6326.9			0.9754999447263524
6327.8			0.9857255947424999
6328.700000000001			1.000323782838574
6329.6			1.0
6330.5			1.0
6331.4			1.0
6332.3			1.0
6333.200000000001			1.0039447904714816
6334.1			0.9653560375463633
6335.0			0.9128097034294205
6335.9			0.9019303896026671
6336.8			0.9427647792159853
6337.700000000001			0.9850146722612385
6338.6			1.0003202248164382
6339.5			1.0
6340.4			1.0
6341.3			1.0
6342.200000000001			1.0
6343.1			1.0
6344.0			1.0
6344.9			1.0
6345.8			1.0
6346.700000000001			1.0
6347.6			1.0
6348.5			1.0
6349.4			1.0
6350.3			1.0
6351.200000000001			1.0
6352.1			1.0
6353.0			1.0
6353.9			0.9616715107631991
6354.8			0.9388714807174328
6355.700000000001			0.9490755226487517
6356.6			0.9551481903532918
6357.5			0.925807936011413
6358.4			0.8846356108245739
6359.3			0.868241558820582
6360.200000000001			0.8740649009781387
6361.1			0.8753658160647375
6362.0			0.8656629055739009
6362.9			0.858663765726327
6363.8			0.8636768823148481
6364.700000000001			0.8797492148647225
6365.6			0.9033134360302709
6366.5			0.9351377409213256
6367.4			0.9729697716969462
6368.3			0.9992143769254751
6369.200000000001			0.9975630105498966
6370.1			0.9832907314943202
6371.0			0.9833455679763549
6371.9			1.000872750305087
6372.8			1.0
6373.700000000001			1.0
6374.6			1.0
6375.5			1.0
6376.4			1.0
6377.3			1.0
6378.200000000001			1.0
6379.1			1.0
6380.0			1.0
6380.9			1.0
6381.8			1.0
6382.700000000001			1.0
6383.6			1.0
6384.5			1.0
6385.4			1.0
6386.3			1.0
6387.200000000001			1.0
6388.1			1.0
6389.0			1.0
6389.9			1.0
6390.8			0.9765799862582507
6391.700000000001			0.9353650894437038
6392.6			0.8847213693563497
6393.5			0.8670120539769787
6394.4			0.9051433270585181
6395.3			0.9616737685208891
6396.200000000001			1.0008477376992913
6397.1			1.0
6398.0			1.0
6398.9			1.0
6399.8			1.0
6400.700000000001			1.0
6401.6			1.0
6402.5			1.0
6403.4			1.0
6404.3			1.0
6405.200000000001			1.0
6406.1			1.0
6407.0			1.0
6407.9			1.0
6408.8			1.0
6409.700000000001			1.0
6410.6			1.0
6411.5			1.0
6412.4			1.0
6413.3			1.0
6414.200000000001			1.0
6415.1			1.0
6416.0			1.0
6416.9			0.9895983941125761
6417.8			0.9712749390571744
6418.700000000001			0.9489973535617378
6419.6			0.9207423613366733
6420.5			0.9033246470816677
6421.4			0.9190374146200427
6422.3			0.9647325689024464
6423.200000000001			1.0000550933972676
6424.1			0.9991431218895316
6425.0			1.0
6425.9			1.0
6426.8			1.0
6427.700000000001			1.0063551291702746
6428.6			0.9811065469216553
6429.5			0.925239298282059
6430.4			0.8770922279306059
6431.3			0.8882731107897835
6432.200000000001			0.947569171373303
6433.1			0.9980635974821216
6434.0			1.0
6434.9			1.0
6435.8			1.0
6436.700000000001			1.0
6437.6			1.0
6438.5			1.0
6439.4			1.0
6440.3			1.0
6441.200000000001			1.0
6442.1			1.0
6443.0			1.0
6443.9			1.0
6444.8			1.0
6445.700000000001			1.0
6446.6			1.0
6447.5			0.969229155097548
6448.4			0.9031647115259189
6449.3			0.8292285166176194
6450.200000000001			0.8134294682421145
6451.1			0.8715259858007187
6452.0			0.9449505001694076
6452.9			0.9949892951559677
6453.8			1.0
6454.700000000001			1.0
6455.6			1.0
6456.5			1.0
6457.4			1.0
6458.3			1.0
6459.200000000001			1.0
6460.1			1.0
6461.0			0.9734271731110623
6461.9			0.915497715312908
6462.8			0.8908177603780822
6463.700000000001			0.9331171641514195
6464.6			0.9880139885707231
6465.5			1.0
6466.4			1.0
6467.3			1.0
6468.200000000001			1.0
6469.1			1.0
6470.0			1.0
6470.9			1.0
6471.8			1.0
6472.700000000001			1.0
6473.6			1.0
6474.5			1.0
6475.4			1.0
6476.3			1.0
6477.200000000001			1.0
6478.1			1.0
6479.0			1.0
6479.9			0.9914692418876371
6480.8			0.9554251363314767
6481.700000000001			0.9078147927760944
6482.6			0.8979993601401509
6483.5			0.9338567046544659
6484.4			0.9758211746022263
6485.3			1.0002807915966694
6486.200000000001			1.0
6487.1			1.0
6488.0			1.0020030978820893
6488.9			0.9871886103810411
6489.8			0.9616973545974425
6490.700000000001			0.9514184412540232
6491.6			0.9514885581471504
6492.5			0.9244650921712885
6493.4			0.8598458207793083
6494.3			0.8012543790536566
6495.200000000001			0.7918352782633729
6496.1			0.8110780879255144
6497.0			0.8340745056938099
6497.9			0.8580143011675778
6498.8			0.8780918367306847
6499.700000000001			0.9069711278123349
6500.6			0.9448588233157875
6501.5			0.9750110235123122
6502.4			0.9994752724645564
6503.3			1.0
6504.200000000001			1.0
6505.1			1.0
6506.0			1.0
6506.9			1.0
6507.8			1.0
6508.700000000001			1.0
6509.6			1.0
6510.5			1.0
6511.4			1.0
6512.3			1.0
6513.200000000001			0.9878788646952255
6514.1			0.9702362211943707
6515.0			0.9524712675581339
6515.9			0.9458284312079772
6516.8			0.9441694736183014
6517.700000000001			0.9352183437703113
6518.6			0.9345469956438063
6519.5			0.9585229960024972
6520.4			0.9891742240394215
6521.3			1.0024638236302836
6522.200000000001			0.9985946288971139
6523.1			0.99432727521499
6524.0			0.9998921360124919
6524.9			1.0
6525.8			1.0
6526.700000000001			1.0
6527.6			1.0
6528.5			1.0
6529.4			1.0073157715459249
6530.3			0.9933117381785356
6531.200000000001			0.9642752202761493
6532.1			0.9443116837885218
6533.0			0.9487995307060946
6533.9			0.9736809053730939
6534.8			1.001666090929802
6535.700000000001			1.0
6536.6			1.0
6537.5			1.0
6538.4			1.0
6539.3			1.0
6540.200000000001			1.0
6541.1			1.0
6542.0			1.0
6542.9			1.0
6543.8			1.0
6544.700000000001			1.0
6545.6			1.0
6546.5			1.0
6547.4			1.0
6548.3			1.0
6549.200000000001			1.0
6550.1			1.0
6551.0			1.0
6551.9			1.0
6552.8			1.0
6553.700000000001			1.0
6554.6			1.0
6555.5			1.0
6556.4			1.0
6557.3			1.0
6558.200000000001			1.0
6559.1			1.0
6560.0			0.9827255065320456
6560.9			0.8942607706628832
6561.8			0.7288617937941653
6562.700000000001			0.6312238259056762
6563.6			0.7242578973007936
6564.5			0.8966273068103913
6565.4			1.0000615607538133
6566.3			1.0
6567.200000000001			1.0
6568.1			1.0
6569.0			1.0
6569.9			0.991794598676909
6570.8			0.9867274952284592
6571.700000000001			0.9537340449581593
6572.6			0.9094145956823927
6573.5			0.8804955108903713
6574.4			0.8799416514766392
6575.3			0.9170325423642062
6576.200000000001			0.9715663051575758
6577.1			1.0016041203450632
6578.0			1.0
6578.9			1.0
6579.8			1.0
6580.700000000001			1.0
6581.6			1.0
6582.5			1.0
6583.4			1.0
6584.3			1.0
6585.200000000001			1.0
6586.1			1.0
6587.0			1.0
6587.9			1.0
6588.8			1.0
6589.700000000001			1.0
6590.6			0.9813014244855767
6591.5			0.9404888722369086
6592.4			0.8938771994720826
6593.3			0.8805933510168199
6594.200000000001			0.9205158325657622
6595.1			0.9728836028549365
6596.0			0.997697859128802
6596.9			1.0
6597.8			1.0
6598.700000000001			1.0
6599.6			1.0
6600.5			1.0
6601.4			1.0
6602.3			1.0
6603.200000000001			0.9879207979060285
6604.1			0.9648278571497592
6605.0			0.9399662140938261
6605.9			0.9312686250925344
6606.8			0.9312693620724414
6607.700000000001			0.9179283398972002
6608.6			0.9006469197422551
6609.5			0.918323544802237
6610.4			0.9743176131151198
6611.3			1.017699747707114
6612.200000000001			1.0180511852340504
6613.1			0.9974614212701355
6614.0			1.001314165006854
6614.9			1.0
6615.8			1.0
6616.700000000001			1.0
6617.6			1.0
6618.5			1.0
6619.4			1.0
6620.3			1.0
6621.200000000001			1.0
6622.1			0.9938002124964758
6623.0			0.9642663665489792
6623.9			0.9215635591948469
6624.8			0.9059962644263343
6625.700000000001			0.9418382516148857
6626.6			0.9866858551297508
6627.5			1.003430173710353
6628.4			1.0
6629.3			1.0
6630.200000000001			1.0
6631.1			1.0
6632.0			1.0
6632.9			1.0
6633.8			1.0
6634.700000000001			1.0
6635.6			1.0
6636.5			1.0
6637.4			1.0
6638.3			1.0
6639.200000000001			1.0
6640.1			1.0
6641.0			1.0
6641.9			0.9986541103753103
6642.8			0.96457560154803
6643.700000000001			0.9418227991945436
6644.6			0.9613679110450896
6645.5			0.9932389053780268
6646.4			1.0
6647.3			1.0
6648.200000000001			1.0
6649.1			1.0
6650.0			1.0
6650.9			1.0
6651.8			1.0
6652.700000000001			1.0
6653.6			1.0
6654.5			1.0
6655.4			1.0
6656.3			0.9950667160403596
6657.200000000001			1.0000731034201569
6658.1			1.0096031420962854
6659.0			1.0071230279614543
6659.9			1.0
6660.8			0.9887603091300947
6661.700000000001			0.9763091755091255
6662.6			0.9525169793541867
6663.5			0.9412645473951237
6664.4			0.9556074446251547
6665.3			0.9622490271964617
6666.200000000001			0.9490766106599456
6667.1			0.9415334947396616
6668.0			0.9591116508921637
6668.9			0.9936608375359187
6669.8			1.0213140081163232
6670.700000000001			1.0302223270539834
6671.6			1.0281095657071508
6672.5			1.0229465436642462
6673.4			1.0176319674124747
6674.3			1.0
6675.200000000001			0.999761245917259
6676.1			0.9740251025008534
6677.0			0.9181777514860756
6677.9			0.8822759355794161
6678.8			0.9055953062089117
6679.700000000001			0.9532434960206984
6680.6			0.9781637186397287
6681.5			0.981183386274055
6682.4			0.9812234789379023
6683.3			0.9849499955773621
6684.200000000001			0.9903820512737231
6685.1			0.9937233253991627
6686.0			1.0
6686.9			0.9873522076249407
6687.8			0.9792965509825007
6688.700000000001			0.984441902455357
6689.6			0.9901787713972683
6690.5			0.9924355683741667
6691.4			0.9965616779084298
6692.3			1.0003292269876602
6693.200000000001			1.0014246483363607
6694.1			0.9951331377362372
6695.0			0.9747562848502843
6695.9			0.9526080265712494
6696.8			0.9490485651837595
6697.700000000001			0.9590444351290779
6698.6			0.9713006961146324
6699.5			0.9890008243317482
6700.4			1.0035959739197056
6701.3			1.0041895691541376
6702.200000000001			0.9937658909578371
6703.1			0.9766159846730077
6704.0			0.9637091944118442
6704.9			0.9652659303629023
6705.8			0.9708061322203256
6706.700000000001			0.9648507421905061
6707.6			0.9540558782155719
6708.5			0.9527207603922734
6709.4			0.9552657576511822
6710.3			0.9589939917297036
6711.200000000001			0.9671017002194748
6712.1			0.9685245712511459
6713.0			0.9612366893354044
6713.9			0.9524372473822155
6714.8			0.9349568401806431
6715.700000000001			0.9068508259848006
6716.6			0.8868035977404903
6717.5			0.8985502294269576
6718.4			0.9431098250538781
6719.3			0.98417527846866
6720.200000000001			0.9937405259555845
6721.1			0.984047430888985
6722.0			0.9794389907825573
6722.9			0.985161003313569
6723.8			0.9900598313959326
6724.700000000001			0.9836026092990768
6725.6			0.9707387902659823
6726.5			0.9661990205379628
6727.4			0.9737121900213794
6728.3			0.9844790147221368
6729.200000000001			0.9944573562750352
6730.1			1.0025556133303573
6731.0			1.0042924389327914
6731.9			0.9967691228466621
6732.8			0.9866602136165649
6733.700000000001			0.9836004259858643
6734.6			0.988646222106438
6735.5			0.9969431144495182
6736.4			0.9960314795462953
6737.3			0.9782798731778866
6738.200000000001			0.9538323393471743
6739.1			0.9390035053898739
6740.0			0.9433117012739111
6740.9			0.9552788096039193
6741.8			0.9503716433067796
6742.700000000001			0.9358680035578412
6743.6			0.9389906629675078
6744.5			0.9489513627884918
6745.4			0.9420499721885804
6746.3			0.9315015301337632
6747.200000000001			0.9356854921002954
6748.1			0.9444416991305343
6749.0			0.9424746753225874
6749.9			0.9368212993350709
6750.8			0.9389118321432441
6751.700000000001			0.9299772944277357
6752.6			0.9054776989718333
6753.5			0.9090068529867839
6754.4			0.9437278117036151
6755.3			0.9706568537107085
6756.200000000001			0.9850870199117652
6757.1			0.999121877875974
6758.0			1.0128049628573677
6758.9			1.0230814612844927
6759.8			1.0267473964634615
6760.700000000001			1.0163671954646345
6761.6			0.9973601117859059
6762.5			0.9879022158255397
6763.4			0.9960658024969035
6764.3			1.0031098132949123
6765.200000000001			0.9847112641934982
6766.1			0.9440185839927505
6767.0			0.9183212706432572
6767.9			0.9305067417635154
6768.8			0.9571602235552278
6769.700000000001			0.9667220495428768
6770.6			0.9606900061155167
6771.5			0.963296970298616
6772.4			0.9753316691124891
6773.3			0.9844780615907961
6774.200000000001			0.9966155094925763
6775.1			1.013715856073409
6776.0			1.024887403626987
6776.9			1.0248308102160189
6777.8			1.0241058423856992
6778.700000000001			1.0278911644210742
6779.6			1.0244297359471108
6780.5			1.0124506255744294
6781.4			0.9973429022382576
6782.3			0.9724219943843705
6783.200000000001			0.9409812818434714
6784.1			0.9198227930483703
6785.0			0.918874369556685
6785.9			0.9368043125010365
6786.8			0.9689879292864916
6787.700000000001			0.9962445797428057
6788.6			0.9983796654944895
6789.5			0.9859842859247728
6790.4			0.9850482743020584
6791.3			0.9936955958259444
6792.200000000001			0.9886896214530807
6793.1			0.9677728955728531
6794.0			0.9578883958291823
6794.9			0.9688316025276617
6795.8			0.9801358751132108
6796.700000000001			0.9843325750098538
6797.6			0.9848158423061515
6798.5			0.9881993404195704
6799.4			0.9988036527922152
6800.3			1.0056542218539366
6801.200000000001			1.0064740941783308
6802.1			1.0050344659631536
6803.0			0.9991236650561627
6803.9			0.9960356498582355
6804.8			1.0023957273254303
6805.700000000001			1.0033130072849572
6806.6			0.9939483173305547
6807.5			0.9930970104424106
6808.4			1.0029713313514665
6809.3			1.0046795645727018
6810.200000000001			1.000074379218071
6811.1			0.9991159714859944
6812.0			1.0001429801603956
6812.9			0.9983903689951825
6813.8			0.9862095578247874
6814.700000000001			0.9704686790479865
6815.6			0.9821484112031765
6816.5			1.0175605347412509
6817.4			1.037431950373016
6818.3			1.029671445464554
6819.200000000001			1.0101203949598831
6820.1			1.0013576013876988
6821.0			1.0129578987301742
6821.9			1.0303805755464048
6822.8			1.0400548575919544
6823.700000000001			1.044691277085623
6824.6			1.046022959131066
6825.5			1.0423140762312961
6826.4			1.0255439766190644
6827.3			0.9982055172874283
6828.200000000001			0.9810208236045715
6829.1			0.9886388780362955
6830.0			1.0083055431468535
6830.9			1.0146671453070986
6831.8			1.0027171164707693
6832.700000000001			0.9933539314025719
6833.6			1.0040146924934181
6834.5			1.0268790746930148
6835.4			1.0398982097276526
6836.3			1.0361396094150974
6837.200000000001			1.02867611933673
6838.1			1.0185952576749637
6839.0			0.9991367960803983
6839.9			0.9763917745905878
6840.8			0.9592547718681846
6841.700000000001			0.9552351629585515
6842.6			0.969819675781662
6843.5			0.9907931920795191
6844.4			1.0057189307560779
6845.3			1.0127143947374542
6846.200000000001			1.0116821823423972
6847.1			1.0128824799068017
6848.0			1.0196971549520446
6848.9			1.0206080839839438
6849.8			1.0128365383946405
6850.700000000001			1.0095227660843473
6851.6			1.0174678294914734
6852.5			1.0267203124456308
6853.4			1.0180918483209085
6854.3			0.9890374546894231
6855.200000000001			0.9680970443085848
6856.1			0.9760280590474787
6857.0			0.9925670590269607
6857.9			1.0008209870601132
6858.8			1.0023287294909375
6859.700000000001			0.9828543861999254
6860.6			0.9456785751039607
6861.5			0.9313942809858258
6862.4			0.9620472786813316
6863.3			1.008327334665237
6864.200000000001			1.026477982121335
6865.1			0.9971317263876784
6866.0			0.9396618885297321
6866.9			0.9190322863251217
6867.8			0.9745374872320873
6868.700000000001			1.0350084147873413
6869.6			1.0287096481894857
6870.5			0.9903799053456941
6871.4			0.9499007224642367
6872.3			0.9300173373753725
6873.200000000001			0.9459253815769281
6874.1			0.9658660819832231
6875.0			0.9715623495643361
6875.9			0.9839791793343178
6876.8			1.0110652552260224
6877.700000000001			1.0317027308681104
6878.6			1.0478732935342827
6879.5			1.0583604993926956
6880.4			1.0368224085086917
6881.3			0.991492245411019
6882.200000000001			0.9635372327601915
6883.1			0.9739802907504581
6884.0			0.9975764604029089
6884.9			1.0131888130101245
6885.8			1.0287918449308344
6886.700000000001			1.0271843038012776
6887.6			1.0126130549925028
6888.5			1.031252834016924
6889.4			1.0627950915028381
6890.3			1.0485386603217213
6891.200000000001			1.024220536725426
6892.1			1.0449925088762417
6893.0			1.0662574910249063
6893.9			1.0323787558931847
6894.8			0.9982680573615456
6895.700000000001			1.0225153973164944
6896.6			1.0580541498981384
6897.5			1.0382580561166097
6898.4			0.9975908521080051
6899.3			0.9947962538651633
6900.200000000001			1.0292684736782702
6901.1			1.0439104672784978
6902.0			1.0222999805304744
6902.9			1.013841732035713
6903.8			1.0494882280408966
6904.700000000001			1.0841167255948343
6905.6			1.0651031099903725
6906.5			1.0291650370149432
6907.4			1.0291428945623304
6908.3			1.067488347960723
6909.200000000001			1.092237032297033
6910.1			1.062433435504354
6911.0			1.0107983949944988
6911.9			0.9912932687438383
6912.8			1.0071808722334075
6913.700000000001			1.0175895243965525
6914.6			1.012132511369098
6915.5			1.0072690733016583
6916.4			1.0018926006478213
6917.3			1.0081907701807762
6918.200000000001			1.033696899960829
6919.1			1.0496997775255825
6920.0			1.0462263964937233
6920.9			1.0434556045496484
6921.8			1.0459178768519797
6922.700000000001			1.0464820316373251
6923.6			1.0297064798574045
6924.5			0.9926588628338501
6925.4			0.9650161462377157
6926.3			0.96924346124603
6927.200000000001			0.9927153491116377
6928.1			1.0156253689426575
6929.0			1.0333717652549983
6929.9			1.0421989218506371
6930.8			1.0372115480084692
6931.700000000001			1.0170659712248957
6932.6			0.9902987473734974
6933.5			0.9858827265738165
6934.4			1.0113557605954133
6935.3			1.0336058777462291
6936.200000000001			1.029991962319246
6937.1			1.0112943936729488
6938.0			0.9969986405160732
6938.9			0.9995458614103793
6939.8			1.017003384216769
6940.700000000001			1.0316051062038551
6941.6			1.0304769227105872
6942.5			1.0184691598586115
6943.4			1.0007519911816887
6944.3			0.9774881852293338
6945.200000000001			0.9640395113529457
6946.1			0.9789373185877869
6947.0			1.0088265038015485
6947.9			1.0267915524553992
6948.8			1.0301293695393223
6949.700000000001			1.0237427682565499
6950.6			1.008800592217641
6951.5			0.9945661507985566
6952.4			0.986615411533148
6953.3			0.9764137076739814
6954.200000000001			0.9640100544684703
6955.1			0.9699463639428528
6956.0			1.0008399640666243
6956.9			1.0290566383320419
6957.8			1.0366081687936228
6958.700000000001			1.0371046460085174
6959.6			1.0382029969647113
6960.5			1.0391651221809792
6961.4			1.0444482532220738
6962.3			1.051561088757723
6963.200000000001			1.0567820062678754
6964.1			1.056224189704751
6965.0			1.0440889790186112
6965.9			1.0331956169720562
6966.8			1.040843785194291
6967.700000000001			1.0562872654574598
6968.6			1.056761808169546
6969.5			1.0394704871257265
6970.4			1.0205612017251455
6971.3			1.0178275780618782
6972.200000000001			1.0325752701233868
6973.1			1.04607675685364
6974.0			1.042817798575226
6974.9			1.0257222090533458
6975.8			1.0052276169031378
6976.700000000001			0.9782382379696647
6977.6			0.9318870353278477
6978.5			0.8894169685665406
6979.4			0.8991829799053088
6980.3			0.9574424869813469
6981.200000000001			1.0132859621932246
6982.1			1.0437679680352014
6983.0			1.057552370853252
6983.9			1.0613198338904881
6984.8			1.054683072289081
6985.700000000001			1.0428918933147424
6986.6			1.0317127166903743
6987.5			1.0166198361901597
6988.4			0.999370835518853
6989.3			0.9936159499061552
6990.200000000001			1.002296392301083
6991.1			1.0178028145813633
6992.0			1.0315291193358225
6992.9			1.0376972682565564
6993.8			1.0372408201112995
6994.700000000001			1.0338370166503317
6995.6			1.0287016458675675
6996.5			1.0208037986754934
6997.4			1.0146114698466433
6998.3			1.0089720358056289
6999.200000000001			0.9966023628726199
7000.1			1.0
7001.0			1.0
7001.9			1.0
7002.8			1.0
7003.700000000001			1.0
7004.6			1.0
7005.5			1.0
7006.4			1.0
7007.3			1.0
7008.200000000001			1.0
7009.1			1.0
7010.0			1.0
7010.9			1.0
7011.8			1.0
7012.700000000001			1.0
7013.6			1.0
7014.5			1.0
7015.4			1.0
7016.3			1.0
7017.200000000001			1.0
7018.1			1.0
7019.0			1.0
7019.9			1.0
7020.8			1.0
7021.700000000001			1.0
7022.6			1.0
7023.5			1.0
7024.4			1.0
7025.3			1.0
7026.200000000001			1.0
7027.1			1.0
7028.0			1.0
7028.9			1.0
7029.8			1.0
7030.700000000001			1.0
7031.6			1.0
7032.5			1.0
7033.4			1.0
7034.3			1.0
7035.200000000001			1.0
7036.1			1.0
7037.0			1.0
7037.9			1.0
7038.8			1.0
7039.700000000001			1.0
7040.6			1.0
7041.5			1.0
7042.4			1.0
7043.3			1.0
7044.200000000001			1.0
7045.1			1.0
7046.0			1.0
7046.9			1.0
7047.8			1.0
7048.700000000001			1.0
7049.6			1.0
7050.5			1.0
7051.4			1.0
7052.3			1.0
7053.200000000001			1.0
7054.1			1.0
7055.0			1.0
7055.9			1.0
7056.8			1.0
7057.700000000001			1.0
7058.6			1.0
7059.5			1.0
7060.4			1.0
7061.3			1.0
7062.200000000001			1.0
7063.1			1.0
7064.0			1.0
7064.9			1.0
7065.8			1.0
7066.700000000001			1.0
7067.6			1.0
7068.5			1.0
7069.4			1.0
7070.3			1.0
7071.200000000001			1.0
7072.1			1.0
7073.0			1.0
7073.9			1.0
7074.8			1.0
7075.700000000001			1.0
7076.6			1.0
7077.5			1.0
7078.4			1.0
7079.3			1.0
7080.200000000001			1.0
7081.1			1.0
7082.0			1.0
7082.9			1.0
7083.8			1.0
7084.700000000001			1.0
7085.6			1.0
7086.5			1.0
7087.4			1.0
7088.3			1.0
7089.200000000001			1.0
7090.1			1.0
7091.0			1.0
7091.9			1.0
7092.8			1.0
7093.700000000001			1.0
7094.6			1.0
7095.5			1.0
7096.4			1.0
7097.3			1.0
7098.200000000001			1.0
7099.1			1.0
7100.0			1.0
7100.9			1.0
7101.8			1.0
7102.700000000001			1.0
7103.6			1.0
7104.5			1.0
7105.4			1.0
7106.3			1.0
7107.200000000001			1.0
7108.1			1.0
7109.0			1.0
7109.9			1.0
7110.8			1.0
7111.700000000001			1.0
7112.6			1.0
7113.5			1.0
7114.4			1.0
7115.3			1.0
7116.200000000001			1.0
7117.1			1.0
7118.0			1.0
7118.9			1.0
7119.8			1.0
7120.700000000001			1.0
7121.6			1.0
7122.5			1.0
7123.4			1.0
7124.3			1.0
7125.200000000001			1.0
7126.1			1.0
7127.0			1.0
7127.9			1.0
7128.8			1.0
7129.700000000001			1.0
7130.6			1.0
7131.5			1.0
7132.4			1.0
7133.3			1.0
7134.200000000001			1.0
7135.1			1.0
7136.0			1.0
7136.9			1.0
7137.8			1.0
7138.700000000001			1.0
7139.6			1.0
7140.5			1.0
7141.4			1.0
7142.3			1.0
7143.200000000001			1.0
7144.1			1.0
7145.0			1.0
7145.9			1.0
7146.8			1.0
7147.700000000001			1.0
7148.6			1.0
7149.5			1.0
7150.4			1.0
7151.3			1.0
7152.200000000001			1.0
7153.1			1.0
7154.0			1.0
7154.9			1.0
7155.8			1.0
7156.700000000001			1.0
7157.6			1.0
7158.5			1.0
7159.4			1.0
7160.3			1.0
7161.200000000001			1.0
7162.1			1.0
7163.0			1.0
7163.9			1.0
7164.8			1.0
7165.700000000001			1.0
7166.6			1.0
7167.5			1.0
7168.4			1.0
7169.3			1.0
7170.200000000001			1.0
7171.1			1.0
7172.0			1.0
7172.9			1.0
7173.8			1.0
7174.700000000001			1.0
7175.6			1.0
7176.5			1.0
7177.4			1.0
7178.3			1.0
7179.200000000001			1.0
7180.1			1.0
7181.0			1.0
7181.9			1.0
7182.8			1.0
7183.700000000001			1.0
7184.6			1.0
7185.5			1.0
7186.4			1.0
7187.3			1.0
7188.200000000001			1.0
7189.1			1.0
7190.0			1.0
7190.9			1.0
7191.8			1.0
7192.700000000001			1.0
7193.6			1.0
7194.5			1.0
7195.4			1.0
7196.3			1.0
7197.200000000001			1.0
7198.1			1.0
7199.0			1.0
7199.9			1.0
7200.8			1.0
7201.700000000001			1.0
7202.6			1.0
7203.5			1.0
7204.4			1.0
7205.3			1.0
7206.200000000001			1.0
7207.1			1.0
7208.0			1.0
7208.9			1.0
7209.8			1.0
7210.700000000001			1.0
7211.6			1.0
7212.5			1.0
7213.4			1.0
7214.3			1.0
7215.200000000001			1.0
7216.1			1.0
7217.0			1.0
7217.9			1.0
7218.8			1.0
7219.700000000001			1.0
7220.6			1.0
7221.5			1.0
7222.4			1.0
7223.3			1.0
7224.200000000001			1.0
7225.1			1.0
7226.0			1.0
7226.9			1.0
7227.8			1.0
7228.700000000001			1.0
7229.6			1.0
7230.5			1.0
7231.4			1.0
7232.3			1.0
7233.200000000001			1.0
7234.1			1.0
7235.0			1.0
7235.9			1.0
7236.8			1.0
7237.700000000001			1.0
7238.6			1.0
7239.5			1.0
7240.4			1.0
7241.3			1.0
7242.200000000001			1.0
7243.1			1.0
7244.0			1.0
7244.9			1.0
7245.8			1.0
7246.700000000001			1.0
7247.6			1.0
7248.5			1.0
7249.4			1.0
7250.3			1.0
7251.200000000001			1.0
7252.1			1.0
7253.0			1.0
7253.9			1.0
7254.8			1.0
7255.700000000001			1.0
7256.6			1.0
7257.5			1.0
7258.4			1.0
7259.3			1.0
7260.200000000001			1.0
7261.1			1.0
7262.0			1.0
7262.9			1.0
7263.8			1.0
7264.700000000001			1.0
7265.6			1.0
7266.5			1.0
7267.4			1.0
7268.3			1.0
7269.200000000001			1.0
7270.1			1.0
7271.0			1.0
7271.9			1.0
7272.8			1.0
7273.700000000001			1.0
7274.6			1.0
7275.5			1.0
7276.4			1.0
7277.3			1.0
7278.200000000001			1.0
7279.1			1.0
7280.0			1.0
7280.9			1.0
7281.8			1.0
7282.700000000001			1.0
7283.6			1.0
7284.5			1.0
7285.4			1.0
7286.3			1.0
7287.200000000001			1.0
7288.1			1.0
7289.0			1.0
7289.9			1.0
7290.8			1.0
7291.700000000001			1.0
7292.6			1.0
7293.5			1.0
7294.4			1.0
7295.3			1.0
7296.200000000001			1.0
7297.1			1.0
7298.0			1.0
7298.9			1.0
7299.8			1.0
7300.700000000001			1.0
7301.6			1.0
7302.5			1.0
7303.4			1.0
7304.3			1.0
7305.200000000001			1.0
7306.1			1.0
7307.0			1.0
7307.9			1.0
7308.8			1.0
7309.700000000001			1.0
7310.6			1.0
7311.5			1.0
7312.4			1.0
7313.3			1.0
7314.200000000001			1.0
7315.1			1.0
7316.0			1.0
7316.9			1.0
7317.8			1.0
7318.700000000001			1.0
7319.6			1.0
7320.5			1.0
7321.4			1.0
7322.3			1.0
7323.200000000001			1.0
7324.1			1.0
7325.0			1.0
7325.9			1.0
7326.8			1.0
7327.700000000001			1.0
7328.6			1.0
7329.5			1.0
7330.4			1.0
7331.3			1.0
7332.200000000001			1.0
7333.1			1.0
7334.0			1.0
7334.9			1.0
7335.8			1.0
7336.700000000001			1.0
7337.6			1.0
7338.5			1.0
7339.4			1.0
7340.3			1.0
7341.200000000001			1.0
7342.1			1.0
7343.0			1.0
7343.9			1.0
7344.8			1.0
7345.700000000001			1.0
7346.6			1.0
7347.5			1.0
7348.4			1.0
7349.3			1.0
7350.200000000001			1.0
7351.1			1.0
7352.0			1.0
7352.9			1.0
7353.8			1.0
7354.700000000001			1.0
7355.6			1.0
7356.5			1.0
7357.4			1.0
7358.3			1.0
7359.200000000001			1.0
7360.1			1.0
7361.0			1.0
7361.9			1.0
7362.8			1.0
7363.700000000001			1.0
7364.6			1.0
7365.5			1.0
7366.4			1.0
7367.3			1.0
7368.200000000001			1.0
7369.1			1.0
7370.0			1.0
7370.9			1.0
7371.8			1.0
7372.700000000001			1.0
7373.6			1.0
7374.5			1.0
7375.4			1.0
7376.3			1.0
7377.200000000001			1.0
7378.1			1.0
7379.0			1.0
7379.9			1.0
7380.8			1.0
7381.700000000001			1.0
7382.6			1.0
7383.5			1.0
7384.4			1.0
7385.3			1.0
7386.200000000001			1.0
7387.1			1.0
7388.0			1.0
7388.9			1.0
7389.8			1.0
7390.700000000001			1.0
7391.6			1.0
7392.5			1.0
7393.4			1.0
7394.3			1.0
7395.200000000001			1.0
7396.1			1.0
7397.0			1.0
7397.9			1.0
7398.8			1.0
7399.700000000001			1.0
7400.6			1.0
7401.5			1.0
7402.4			1.0
7403.3			1.0
7404.200000000001			1.0
7405.1			1.0
7406.0			1.0
7406.9			1.0
7407.8			1.0
7408.700000000001			1.0
7409.6			1.0
7410.5			1.0
7411.4			1.0
7412.3			1.0
7413.200000000001			1.0
7414.1			1.0
7415.0			1.0
7415.9			1.0
7416.8			1.0
7417.700000000001			1.0
7418.6			1.0
7419.5			1.0
7420.4			1.0
7421.3			1.0
7422.200000000001			1.0
7423.1			1.0
7424.0			1.0
7424.9			1.0
7425.8			1.0
7426.700000000001			1.0
7427.6			1.0
7428.5			1.0
7429.4			1.0
