3500.0			1.0
3500.9			1.0
3501.8			1.0
3502.7			1.0
3503.6			1.0
3504.5			1.0
3505.4			1.0
3506.3			1.0
3507.2			1.0
3508.1			1.0
3509.0			1.0
3509.9			1.0
3510.8			1.0
3511.7			1.0
3512.6			1.0
3513.5			1.0
3514.4			1.0
3515.3			1.0
3516.2			1.0
3517.1			1.0
3518.0			1.0
3518.9			1.0
3519.8			1.0
3520.7			1.0
3521.6			1.0
3522.5			1.0
3523.4			1.0
3524.3			1.0
3525.2			1.0
3526.1			1.0
3527.0			1.0
3527.9			1.0
3528.8			1.0
3529.7			1.0
3530.6			1.0
3531.5			1.0
3532.4			1.0
3533.3			1.0
3534.2			1.0
3535.1			1.0
3536.0			1.0
3536.9			1.0
3537.8			1.0
3538.7			1.0
3539.6			1.0
3540.5			1.0
3541.4			1.0
3542.3			1.0
3543.2			1.0
3544.1			1.0
3545.0			1.0
3545.9			1.0
3546.8			1.0
3547.7			1.0
3548.6			1.0
3549.5			1.0
3550.4			1.0
3551.3			1.0
3552.2			1.0
3553.1			1.0
3554.0			1.0
3554.9			1.0
3555.8			1.0
3556.7			1.0
3557.6			1.0
3558.5			1.0
3559.4			1.0
3560.3			1.0
3561.2			1.0
3562.1			1.0
3563.0			1.0
3563.9			1.0
3564.8			1.0
3565.7			1.0
3566.6			1.0
3567.5			1.0
3568.4			1.0
3569.3			1.0
3570.2			1.0
3571.1			1.0
3572.0			1.0
3572.9			1.0
3573.8			1.0
3574.7			1.0
3575.6			1.0
3576.5			1.0
3577.4			1.0
3578.3			1.0
3579.2			1.0
3580.1			1.0
3581.0			1.0
3581.9			1.0
3582.8			1.0
3583.7			1.0
3584.6			1.0
3585.5			1.0
3586.4			1.0
3587.3			1.0
3588.2			1.0
3589.1			1.0
3590.0			1.0
3590.9			1.0
3591.8			1.0
3592.7			1.0
3593.6			1.0
3594.5			1.0
3595.4			1.0
3596.3			1.0
3597.2			1.0
3598.1			1.0
3599.0			1.0
3599.9			1.0
3600.8			1.0
3601.7			1.0
3602.6			1.0
3603.5			1.0
3604.4			1.0
3605.3			1.0
3606.2			1.0
3607.1			1.0
3608.0			1.0
3608.9			1.0
3609.8			1.0
3610.7			1.0
3611.6			1.0
3612.5			1.0
3613.4			1.0
3614.3			1.0
3615.2			1.0
3616.1			1.0
3617.0			1.0
3617.9			1.0
3618.8			1.0
3619.7			1.0
3620.6			1.0
3621.5			1.0
3622.4			1.0
3623.3			1.0
3624.2			1.0
3625.1			1.0
3626.0			1.0
3626.9			1.0
3627.8			1.0
3628.7			1.0
3629.6			1.0
3630.5			1.0
3631.4			1.0
3632.3			1.0
3633.2			1.0
3634.1			1.0
3635.0			1.0
3635.9			1.0
3636.8			1.0
3637.7			1.0
3638.6			1.0
3639.5			1.0
3640.4			1.0
3641.3			1.0
3642.2			1.0
3643.1			1.0
3644.0			1.0
3644.9			1.0
3645.8			1.0
3646.7			1.0
3647.6			1.0
3648.5			1.0
3649.4			1.0
3650.3			1.0
3651.2			1.0
3652.1			1.0
3653.0			1.0
3653.9			1.0
3654.8			1.0
3655.7			1.0
3656.6			1.0
3657.5			1.0
3658.4			1.0
3659.3			1.0
3660.2			1.0
3661.1			1.0
3662.0			1.0
3662.9			1.0
3663.8			1.0
3664.7			1.0
3665.6			1.0
3666.5			1.0
3667.4			1.0
3668.3			1.0
3669.2			1.0
3670.1			1.0
3671.0			1.0
3671.9			1.0
3672.8			1.0
3673.7			1.0
3674.6			1.0
3675.5			1.0
3676.4			1.0
3677.3			1.0
3678.2			1.0
3679.1			1.0
3680.0			1.0
3680.9			1.0
3681.8			1.0
3682.7			1.0
3683.6			1.0
3684.5			1.0
3685.4			1.0
3686.3			1.0
3687.2			1.0
3688.1			1.0
3689.0			1.0
3689.9			1.0
3690.8			1.0
3691.7			1.0
3692.6			1.0
3693.5			1.0
3694.4			1.0
3695.3			1.0
3696.2			1.0
3697.1			1.0
3698.0			1.0
3698.9			1.0
3699.8			1.0
3700.7			1.0
3701.6			1.0
3702.5			1.0
3703.4			1.0
3704.3			1.0
3705.2			1.0
3706.1			1.0
3707.0			1.0
3707.9			1.0
3708.8			1.0
3709.7			1.0
3710.6			1.0
3711.5			1.0
3712.4			1.0
3713.3			1.0
3714.2			1.0
3715.1			1.0
3716.0			1.0
3716.9			1.0
3717.8			1.0
3718.7			1.0
3719.6			1.0
3720.5			1.0
3721.4			1.0
3722.3			1.0
3723.2			1.0
3724.1			1.0
3725.0			1.0
3725.9			1.0
3726.8			1.0
3727.7			1.0
3728.6			1.0
3729.5			1.0
3730.4			1.0
3731.3			1.0
3732.2			1.0
3733.1			1.0
3734.0			1.0
3734.9			1.0
3735.8			1.0
3736.7			1.0
3737.6			1.0
3738.5			1.0
3739.4			1.0
3740.3			1.0
3741.2			1.0
3742.1			1.0
3743.0			1.0
3743.9			1.0
3744.8			1.0
3745.7			1.0
3746.6			1.0
3747.5			1.0
3748.4			1.0
3749.3			1.0
3750.2			1.0
3751.1			1.0
3752.0			1.0
3752.9			1.0
3753.8			1.0
3754.7			1.0
3755.6			1.0
3756.5			1.0
3757.4			1.0
3758.3			1.0
3759.2			1.0
3760.1			1.0
3761.0			1.0
3761.9			1.0
3762.8			1.0
3763.7			1.0
3764.6			1.0
3765.5			1.0
3766.4			1.0
3767.3			1.0
3768.2			1.0
3769.1			1.0
3770.0			1.0
3770.9			1.0
3771.8			1.0
3772.7			1.0
3773.6			1.0
3774.5			1.0
3775.4			1.0
3776.3			1.0
3777.2			1.0
3778.1			1.0
3779.0			1.0
3779.9			1.0
3780.8			1.0
3781.7			1.0
3782.6			1.0
3783.5			1.0
3784.4			1.0
3785.3			1.0
3786.2			1.0
3787.1			1.0
3788.0			1.0
3788.9			1.0
3789.8			1.0
3790.7			1.0
3791.6			1.0
3792.5			1.0
3793.4			1.0
3794.3			1.0
3795.2			1.0
3796.1			1.0
3797.0			1.0
3797.9			1.0
3798.8			1.0
3799.7			1.0
3800.6			1.0
3801.5			1.0
3802.4			1.0
3803.3			1.0
3804.2			1.0
3805.1			1.0
3806.0			1.0
3806.9			1.0
3807.8			1.0
3808.7			1.0
3809.6			1.0
3810.5			1.0
3811.4			1.0
3812.3			1.0
3813.2			1.0
3814.1			1.0
3815.0			1.0
3815.9			1.0
3816.8			1.0
3817.7			1.0
3818.6			1.0
3819.5			1.0
3820.4			1.0
3821.3			1.0
3822.2			1.0
3823.1			1.0
3824.0			1.0
3824.9			1.0
3825.8			1.0
3826.7			1.0
3827.6			1.0
3828.5			1.0
3829.4			1.0
3830.3			1.0
3831.2			1.0
3832.1			1.0
3833.0			1.0
3833.9			1.0
3834.8			1.0
3835.7			1.0
3836.6			1.0
3837.5			1.0
3838.4			1.0
3839.3			1.0
3840.2			1.0
3841.1			1.0
3842.0			1.0
3842.9			1.0
3843.8			1.0
3844.7			1.0
3845.6			1.0
3846.5			1.0
3847.4			1.0
3848.3			1.0
3849.2			1.0
3850.1			1.0
3851.0			1.0
3851.9			1.0
3852.8			1.0
3853.7			1.0
3854.6			1.0
3855.5			1.0
3856.4			1.0
3857.3			1.0
3858.2			1.0
3859.1			1.0
3860.0			1.0
3860.9			1.0
3861.8			1.0
3862.7			1.0
3863.6			1.0
3864.5			1.0
3865.4			1.0
3866.3			1.0
3867.2			1.0
3868.1			1.0
3869.0			1.0
3869.9			1.0
3870.8			1.0
3871.7			1.0
3872.6			1.0
3873.5			1.0
3874.4			1.0
3875.3			1.0
3876.2			1.0
3877.1			1.0
3878.0			1.0
3878.9			1.0
3879.8			1.0
3880.7			1.0
3881.6			1.0
3882.5			1.0
3883.4			1.0
3884.3			1.0
3885.2			1.0
3886.1			1.0
3887.0			1.0
3887.9			1.0
3888.8			1.0
3889.7			1.0
3890.6			1.0
3891.5			1.0
3892.4			1.0
3893.3			1.0
3894.2			1.0
3895.1			1.0
3896.0			1.0
3896.9			1.0
3897.8			1.0
3898.7			1.0
3899.6			1.0
3900.5			1.0
3901.4			1.0
3902.3			1.0
3903.2			1.0
3904.1			1.0
3905.0			1.0
3905.9			1.0
3906.8			1.0
3907.7			1.0
3908.6			1.0
3909.5			1.0
3910.4			1.0
3911.3			1.0
3912.2			1.0
3913.1			1.0
3914.0			1.0
3914.9			1.0
3915.8			1.0
3916.7			1.0
3917.6			1.0
3918.5			1.0
3919.4			1.0
3920.3			1.0
3921.2			1.0
3922.1			1.0
3923.0			1.0
3923.9			1.0
3924.8			1.0
3925.7			1.0
3926.6			1.0
3927.5			1.0
3928.4			1.0
3929.3			1.0
3930.2			1.0
3931.1			1.0
3932.0			1.0
3932.9			1.0
3933.8			1.0
3934.7			1.0
3935.6			1.0
3936.5			1.0
3937.4			1.0
3938.3			1.0
3939.2			1.0
3940.1			1.0
3941.0			1.0
3941.9			1.0
3942.8			1.0
3943.7			1.0
3944.6			1.0
3945.5			1.0
3946.4			1.0
3947.3			1.0
3948.2			1.0
3949.1			1.0
3950.0			1.0
3950.9			1.0
3951.8			1.0
3952.7			1.0
3953.6			1.0
3954.5			1.0
3955.4			1.0
3956.3			1.0
3957.2			1.0
3958.1			1.0
3959.0			1.0
3959.9			1.0
3960.8			1.0
3961.7			1.0
3962.6			1.0
3963.5			1.0
3964.4			1.0
3965.3			1.0
3966.2			1.0
3967.1			1.0
3968.0			1.0
3968.9			1.0
3969.8			1.0
3970.7			1.0
3971.6			1.0
3972.5			1.0
3973.4			1.0
3974.3			1.0
3975.2			1.0
3976.1			1.0
3977.0			1.0
3977.9			1.0
3978.8			1.0
3979.7			1.0
3980.6			1.0
3981.5			1.0
3982.4			1.0
3983.3			1.0
3984.2			1.0
3985.1			1.0
3986.0			1.0
3986.9			1.0
3987.8			1.0
3988.7			1.0
3989.6			1.0
3990.5			1.0
3991.4			1.0
3992.3			1.0
3993.2			1.0
3994.1			1.0
3995.0			1.0
3995.9			1.0
3996.8			1.0
3997.7			1.0
3998.6			1.0
3999.5			1.0
4000.4			1.0
4001.3			1.0
4002.2			1.0
4003.1			1.027319065253991
4004.0			0.9352830384697683
4004.9			0.756211446058621
4005.8			0.6696036478670233
4006.7			0.7602870937375396
4007.6			0.9173258162314738
4008.5			1.0043373728866203
4009.4			1.0
4010.3			1.0
4011.2			1.0
4012.1			1.0
4013.0			1.0
4013.9			1.0
4014.8			1.0
4015.7			1.0
4016.6			1.0
4017.5			1.0
4018.4			1.0
4019.3			1.0
4020.2			1.0
4021.1			1.0
4022.0			1.0
4022.9			1.0
4023.8			1.0
4024.7			1.0
4025.6			1.0
4026.5			1.0
4027.4			1.0
4028.3			1.0119631044916726
4029.2			0.9201348397450355
4030.1			0.7297795976587862
4031.0			0.5773939683815787
4031.9			0.520635498082606
4032.8			0.4945613631473021
4033.7			0.48906510678523557
4034.6			0.5493554629424615
4035.5			0.6899626645102569
4036.4			0.8635889342010332
4037.3			0.9938159181002802
4038.2			1.0364918046496472
4039.1			0.9994625956455566
4040.0			1.0
4040.9			1.0
4041.8			1.0242426334892296
4042.7			1.0258700954006388
4043.6			0.875460496963555
4044.5			0.6272085926754017
4045.4			0.44488611378016474
4046.3			0.4476562843149567
4047.2			0.6193846426391494
4048.1			0.828859252790782
4049.0			0.995263934090756
4049.9			1.0
4050.8			1.0
4051.7			1.0
4052.6			1.0
4053.5			1.0
4054.4			1.0
4055.3			1.0
4056.2			1.0
4057.1			1.0
4058.0			1.0
4058.9			1.0
4059.8			1.12449852925938
4060.7			1.161961217316045
4061.6			1.0334507308597534
4062.5			0.7883544822413366
4063.4			0.6068773820456768
4064.3			0.6562319690396538
4065.2			0.8473300811095317
4066.1			0.96300397414788
4067.0			0.9980950988427872
4067.9			1.0
4068.8			1.0
4069.7			1.0
4070.6			1.0
4071.5			1.0
4072.4			1.0
4073.3			1.0
4074.2			1.0
4075.1			1.0
4076.0			0.9045693710948968
4076.9			0.8012743382397579
4077.8			0.7919522038573097
4078.7			0.8797227775488783
4079.6			1.0036745641207785
4080.5			1.0
4081.4			1.0
4082.3			1.0
4083.2			1.0
4084.1			1.0
4085.0			1.0
4085.9			1.0
4086.8			1.0
4087.7			1.0
4088.6			1.0
4089.5			1.0
4090.4			1.0
4091.3			1.0
4092.2			1.0
4093.1			1.0210924095433516
4094.0			1.041097652459877
4094.9			0.9711550856440895
4095.8			0.8645216445830243
4096.7			0.8218552537137597
4097.6			0.8391374419419969
4098.5			0.8661482015992257
4099.4			0.8635962550898372
4100.3			0.8035935622980792
4101.2			0.7426312636291446
4102.1			0.7685424150372218
4103.0			0.8475003084723727
4103.9			0.8958632286667895
4104.8			0.931626657396036
4105.7			0.9956920365966148
4106.6			1.0403610183122405
4107.5			1.0362933532557228
4108.4			1.0188336516597605
4109.3			0.9955474377694069
4110.2			1.0
4111.1			1.0
4112.0			1.0
4112.9			1.0
4113.8			1.0
4114.7			1.0
4115.6			1.0
4116.5			1.0
4117.4			1.0
4118.3			1.0
4119.2			1.0
4120.1			1.0
4121.0			1.0
4121.9			1.0
4122.8			1.0
4123.7			1.0
4124.6			1.0
4125.5			1.0
4126.4			1.0
4127.3			1.0
4128.2			1.0
4129.1			0.9990108066897612
4130.0			0.9706731764543508
4130.9			0.8675351333324356
4131.8			0.7313403931509419
4132.7			0.6754495324421506
4133.6			0.7084013291862483
4134.5			0.7924128280682435
4135.4			0.9193576857734778
4136.3			1.001861420895916
4137.2			1.0
4138.1			1.0
4139.0			1.0
4139.9			1.0140302781150259
4140.8			0.9915146805243548
4141.7			0.8681564668905847
4142.6			0.6645045716522279
4143.5			0.545447974674012
4144.4			0.6206207711516041
4145.3			0.8001919621556887
4146.2			0.9374310301917299
4147.1			1.0047721116585875
4148.0			1.0
4148.9			1.0
4149.8			1.0
4150.7			1.0
4151.6			1.0
4152.5			1.0
4153.4			1.0
4154.3			1.0
4155.2			1.0
4156.1			1.0
4157.0			1.0
4157.9			1.0
4158.8			1.0
4159.7			1.0
4160.6			1.0
4161.5			1.0
4162.4			1.0
4163.3			1.0
4164.2			1.0
4165.1			1.0
4166.0			1.0
4166.9			0.9405626083369868
4167.8			0.9222959422413303
4168.7			0.9848218606580258
4169.6			1.0480325357457436
4170.5			1.030188999648952
4171.4			0.9187989107482665
4172.3			0.8008652268945758
4173.2			0.7931265411872671
4174.1			0.8503332443933185
4175.0			0.8687248239279005
4175.9			0.8662776803615226
4176.8			0.8699387459342592
4177.7			0.8875257134321625
4178.6			0.9433659237284427
4179.5			0.9965621935068832
4180.4			1.0
4181.3			1.0
4182.2			1.0
4183.1			1.0
4184.0			1.0
4184.9			1.0395593690385219
4185.8			0.9775736196513629
4186.7			0.8208401959500626
4187.6			0.7423213225322831
4188.5			0.8404813453925607
4189.4			1.0
4190.3			1.0166460082433297
4191.2			0.9625465265712891
4192.1			0.9843233099048784
4193.0			1.0685852634759352
4193.9			1.0578209768291675
4194.8			0.9421290696829233
4195.7			0.8294186359245806
4196.6			0.7679137490331452
4197.5			0.7209244201378942
4198.4			0.6825611844458792
4199.3			0.6991209610409985
4200.2			0.7320523696158703
4201.1			0.7022300870658611
4202.0			0.6758759490172586
4202.9			0.7424803678728665
4203.8			0.8515517173370099
4204.7			0.9330356408337245
4205.6			0.9842617148203323
4206.5			1.0021552721584492
4207.4			1.0
4208.3			1.0
4209.2			1.0
4210.1			1.0
4211.0			1.0
4211.9			1.0
4212.8			1.012448439436502
4213.7			0.9411655708581711
4214.6			0.8288377683176311
4215.5			0.7482154606583847
4216.4			0.7887896777497103
4217.3			0.9106400583569503
4218.2			0.9999538062315322
4219.1			1.0
4220.0			1.0
4220.9			0.9927017567564135
4221.8			0.9145875663380013
4222.7			0.8052758105066197
4223.6			0.6933864679860784
4224.5			0.5549173053136559
4225.4			0.39735348477441756
4226.3			0.28515403292240393
4227.2			0.2984854285328969
4228.1			0.4456239341931377
4229.0			0.6433601841258344
4229.9			0.8235063599323792
4230.8			1.0
4231.7			1.0295848579521627
4232.6			0.9617920513558612
4233.5			0.8969849496987451
4234.4			0.8698384063955369
4235.3			0.8187882817016154
4236.2			0.791874546638932
4237.1			0.8458735667745005
4238.0			0.8986971735796633
4238.9			0.9025934297494616
4239.8			0.9236598068055358
4240.7			0.9968158649729436
4241.6			1.0
4242.5			1.0
4243.4			1.0
4244.3			1.0
4245.2			1.0
4246.1			1.0
4247.0			0.9113287611971774
4247.9			0.8409870207720451
4248.8			0.7831632144587783
4249.7			0.6927857126946261
4250.6			0.6596605238614072
4251.5			0.7732373751492259
4252.4			0.8790725542587322
4253.3			0.8096358232245391
4254.2			0.6859957889469536
4255.1			0.7523543367725174
4256.0			1.0026261449240612
4256.9			1.2204224847897738
4257.8			1.2381839440778966
4258.7			1.090106343709422
4259.6			0.9077321701168608
4260.5			0.8304732943607191
4261.4			0.9774110551842404
4262.3			1.0
4263.2			1.0
4264.1			1.0
4265.0			1.0
4265.9			1.0006084943705076
4266.8			0.9535061051764238
4267.7			0.8858190481897938
4268.6			0.8403977629679023
4269.5			0.7571613733653821
4270.4			0.5950150034311877
4271.3			0.4525163222719631
4272.2			0.44115842901373736
4273.1			0.5048327846507339
4274.0			0.5118407608443183
4274.9			0.5262931764843087
4275.8			0.6611658889733433
4276.7			0.8427747831900034
4277.6			0.9709516637794805
4278.5			1.000592314983138
4279.4			1.0
4280.3			1.0
4281.2			1.0
4282.1			1.0
4283.0			1.0
4283.9			1.0
4284.8			1.0
4285.7			1.0
4286.6			1.0
4287.5			1.0054279160648927
4288.4			0.8914042428120748
4289.3			0.7084921154824829
4290.2			0.6542240371930222
4291.1			0.7739992247051206
4292.0			0.933831018043521
4292.9			1.0
4293.8			0.9312105685830835
4294.7			0.8969383237843135
4295.6			0.9558407874936751
4296.5			0.9630525170098224
4297.4			0.8693495649469657
4298.3			0.7295100440105328
4299.2			0.5997662011696716
4300.1			0.5714371232142302
4301.0			0.6366881231148543
4301.9			0.6807577340730626
4302.8			0.6828742960113039
4303.7			0.7085762002380374
4304.6			0.7133212604302448
4305.5			0.662629977293406
4306.4			0.5801837804677789
4307.3			0.4886050370194532
4308.2			0.44288348879669176
4309.1			0.4882597858515008
4310.0			0.5741449263177305
4310.9			0.6484215331806922
4311.8			0.7177328113492211
4312.7			0.80339477728847
4313.6			0.8786045961892865
4314.5			0.9436439969789022
4315.4			1.0845999814655913
4316.3			1.26709492073777
4317.2			1.3255435985948212
4318.1			1.2651174316422076
4319.0			1.2153491470186466
4319.9			1.2055062536186263
4320.8			1.0
4321.7			0.9573672998573344
4322.6			0.858913204594255
4323.5			0.6879536612619512
4324.4			0.5201474394765983
4325.3			0.4261879631706625
4326.2			0.47152411593745924
4327.1			0.6631515541602377
4328.0			0.8789848592700424
4328.9			0.9989431918103974
4329.8			1.0
4330.7			1.0
4331.6			1.0
4332.5			1.0
4333.4			1.0
4334.3			1.0
4335.2			1.0198987253229381
4336.1			0.9656181577423162
4337.0			0.8395429225532293
4337.9			0.7433709093321448
4338.8			0.7134311464103267
4339.7			0.7060553998280963
4340.6			0.7479525034085887
4341.5			0.8652003427865198
4342.4			0.9676397209064318
4343.3			0.9837360140797096
4344.2			0.9935260662862331
4345.1			1.0
4346.0			1.0
4346.9			1.0
4347.8			1.0
4348.7			1.0732999367524179
4349.6			1.0852316788988048
4350.5			0.9479683810501395
4351.4			0.7593305427763833
4352.3			0.7029919557377207
4353.2			0.8016340763311434
4354.1			0.9099338105683724
4355.0			0.9546391947743602
4355.9			1.0018628750269385
4356.8			1.0
4357.7			1.0
4358.6			1.0
4359.5			1.0
4360.4			1.0
4361.3			1.0
4362.2			1.0
4363.1			1.0
4364.0			1.0
4364.9			1.0
4365.8			1.0
4366.7			1.0
4367.6			1.0
4368.5			1.0
4369.4			1.0
4370.3			1.0
4371.2			1.0
4372.1			1.0
4373.0			1.0
4373.9			1.0
4374.8			1.0
4375.7			1.0
4376.6			1.0
4377.5			1.0
4378.4			1.0
4379.3			0.9771381069904095
4380.2			0.9215394459095687
4381.1			0.8297032584567455
4382.0			0.6746578936935248
4382.9			0.48714818213761296
4383.8			0.4091280370242701
4384.7			0.5278626041172088
4385.6			0.7614218288133389
4386.5			0.9444974919066037
4387.4			1.0025037822264307
4388.3			1.0010853171250313
4389.2			1.0
4390.1			1.0
4391.0			1.0
4391.9			1.0
4392.8			1.0
4393.7			1.0
4394.6			1.0
4395.5			1.0
4396.4			1.0
4397.3			1.0
4398.2			1.0
4399.1			1.0
4400.0			0.9161421274494818
4400.9			0.8820322018498378
4401.8			0.9124895488774352
4402.7			0.8821227792384124
4403.6			0.7096237568214953
4404.5			0.5508847097577988
4405.4			0.5792141986772774
4406.3			0.7334695361230374
4407.2			0.8364205420330629
4408.1			0.8862377473586825
4409.0			0.9969335399302389
4409.9			1.0
4410.8			1.0
4411.7			1.0
4412.6			0.9911104551948439
4413.5			0.9022842010333588
4414.4			0.735656992241854
4415.3			0.6541123383120686
4416.2			0.7462610747576752
4417.1			0.8917444601916762
4418.0			1.0027664427750296
4418.9			1.0
4419.8			1.0
4420.7			0.9703843340135003
4421.6			0.8864998640343437
4422.5			0.8183591708789516
4423.4			0.8299454868927489
4424.3			0.86340069913301
4425.2			0.8420108444452202
4426.1			0.818403902050476
4427.0			0.8533557619001855
4427.9			0.9302867049263911
4428.8			0.9925865306713911
4429.7			0.9695244396110697
4430.6			1.0
4431.5			1.0270756920621107
4432.4			1.0216742939356926
4433.3			0.9136997549540797
4434.2			0.7721179733280099
4435.1			0.6888646204773617
4436.0			0.7301562213409852
4436.9			0.8521868940088603
4437.8			0.9479380034963161
4438.7			0.9805643382243237
4439.6			1.0
4440.5			1.0
4441.4			1.0
4442.3			1.0
4443.2			1.0
4444.1			1.0
4445.0			1.0
4445.9			1.0279947953815833
4446.8			0.9801335550247618
4447.7			0.9467831737612139
4448.6			0.9759009059736469
4449.5			1.000105473355198
4450.4			0.983622021855659
4451.3			0.9649473045072191
4452.2			0.9444393149501472
4453.1			0.8753995571145093
4454.0			0.7545066815032098
4454.9			0.6639760813851262
4455.8			0.6812510168167283
4456.7			0.7555119192169438
4457.6			0.7848867654754849
4458.5			0.769635642279685
4459.4			0.765209355445853
4460.3			0.7689687084601258
4461.2			0.751815393002052
4462.1			0.7798397435081864
4463.0			0.899714561818772
4463.9			0.9988541802864771
4464.8			1.0
4465.7			1.0
4466.6			1.0
4467.5			1.0
4468.4			1.0
4469.3			1.0
4470.2			1.0
4471.1			1.0
4472.0			1.0
4472.9			1.0
4473.8			1.0
4474.7			1.0
4475.6			1.0
4476.5			1.0
4477.4			1.0
4478.3			1.005192135561833
4479.2			0.9354744270544003
4480.1			0.846652100628956
4481.0			0.7854810780779158
4481.9			0.7708594260018425
4482.8			0.8219472689462455
4483.7			0.9145198570122823
4484.6			0.9791398226825745
4485.5			1.000161264009253
4486.4			1.0
4487.3			1.0
4488.2			1.0
4489.1			1.0
4490.0			1.0
4490.9			1.0
4491.8			1.0454297288978867
4492.7			1.035715421391515
4493.6			0.9490217414710018
4494.5			0.8543871599774207
4495.4			0.8378447232625083
4496.3			0.8831293927705857
4497.2			0.9369291502943115
4498.1			0.975456512003737
4499.0			0.992687090770314
4499.9			1.0
4500.8			1.0
4501.7			1.0
4502.6			1.0
4503.5			1.0
4504.4			1.0
4505.3			1.0
4506.2			1.0
4507.1			0.9915297475215926
4508.0			0.9876543150731357
4508.9			0.9937670831126566
4509.8			1.003910061356546
4510.7			1.0001483012182772
4511.6			0.9709129047113574
4512.5			0.9343245580168085
4513.4			0.9097906313673959
4514.3			0.9061818365917924
4515.2			0.9268529950926652
4516.1			0.9470623597993907
4517.0			1.0
4517.9			0.9801801602040168
4518.8			1.0049640881328692
4519.7			1.0541456491568406
4520.6			1.0810169864108532
4521.5			1.066454937350486
4522.4			1.0218661082088167
4523.3			0.9892341780351191
4524.2			0.9651717827005328
4525.1			0.9136772190509457
4526.0			0.8405097495240456
4526.9			0.7719907722513282
4527.8			0.7292179244188484
4528.7			0.726468800272759
4529.6			0.7630226916569252
4530.5			0.7991856487957913
4531.4			0.8325596829528185
4532.3			0.8625467665913544
4533.2			0.8404066160270744
4534.1			0.7831315127011904
4535.0			0.752818372223517
4535.9			0.8141650937875309
4536.8			0.9536332508297958
4537.7			1.0470034717942909
4538.6			1.0439412920121325
4539.5			0.9999245909399546
4540.4			1.0
4541.3			1.0
4542.2			1.0
4543.1			1.0
4544.0			1.0
4544.9			1.0
4545.8			1.0
4546.7			1.0
4547.6			1.0
4548.5			1.0
4549.4			1.0
4550.3			1.0175639720081067
4551.2			1.034912500722782
4552.1			1.009250816709585
4553.0			0.9663927679710637
4553.9			0.9277084305932974
4554.8			0.898205272817193
4555.7			0.900333668505029
4556.6			0.9423840267179399
4557.5			0.9918931347562658
4558.4			1.0088170640838865
4559.3			0.9904456729985507
4560.2			1.0
4561.1			1.0
4562.0			0.9990156633191317
4562.9			0.9671129518022318
4563.8			0.9152240356370221
4564.7			0.874290603036325
4565.6			0.8801735459381015
4566.5			0.9399752662260268
4567.4			1.0000554744420538
4568.3			1.0
4569.2			1.0
4570.1			1.0
4571.0			1.0
4571.9			1.0
4572.8			1.0
4573.7			1.0
4574.6			1.0
4575.5			1.0
4576.4			1.0
4577.3			0.9988391521852762
4578.2			0.9725946438468775
4579.1			0.9236346113711286
4580.0			0.8785411959494999
4580.9			0.8807998098231593
4581.8			0.9470549678722903
4582.7			1.0204764359836047
4583.6			1.035434279686538
4584.5			1.0
4585.4			0.946029908724929
4586.3			0.948070411046564
4587.2			1.0250611890069445
4588.1			1.1070336000186778
4589.0			1.1392222627063253
4589.9			1.1166422942001504
4590.8			1.0562971986211416
4591.7			0.9955062980221588
4592.6			0.9717655828223928
4593.5			0.9810910268166021
4594.4			0.9842103551221641
4595.3			0.9723791275295259
4596.2			0.9669710038897772
4597.1			0.9667779954184167
4598.0			0.9714783856759904
4598.9			0.9855356804757825
4599.8			0.970643505451254
4600.7			0.9407798837799652
4601.6			0.9458479856482529
4602.5			0.9535188144991064
4603.4			0.9468497241185783
4604.3			0.9449713111922364
4605.2			0.944563033864289
4606.1			0.9624201497610061
4607.0			0.9992194232487568
4607.9			1.0454026469609143
4608.8			1.0855501389349864
4609.7			1.0767621517519181
4610.6			1.025949653914742
4611.5			0.9855891857109674
4612.4			0.9689137886208994
4613.3			0.9620368606083981
4614.2			0.9806786949571191
4615.1			1.0065636458102698
4616.0			1.0023213148616934
4616.9			1.0
4617.8			1.0
4618.7			1.0
4619.6			1.0
4620.5			1.0
4621.4			1.0
4622.3			1.0
4623.2			1.0
4624.1			1.0
4625.0			1.0
4625.9			1.0
4626.8			1.0
4627.7			1.0
4628.6			1.0
4629.5			1.0
4630.4			1.0
4631.3			1.0
4632.2			1.0
4633.1			1.0
4634.0			1.0
4634.9			1.0
4635.8			1.0
4636.7			1.0
4637.6			1.0
4638.5			1.0
4639.4			1.0
4640.3			1.0
4641.2			1.0508891049119657
4642.1			1.0808050647406784
4643.0			1.0592003449483964
4643.9			1.0173644721444686
4644.8			0.9707707444051337
4645.7			0.903563487519824
4646.6			0.8496585565114401
4647.5			0.8543330250637764
4648.4			0.8988244663221073
4649.3			0.9467056641253341
4650.2			0.9815710134393065
4651.1			0.9952576929465391
4652.0			1.001690902435007
4652.9			1.0
4653.8			1.0
4654.7			1.0
4655.6			1.0
4656.5			1.0
4657.4			1.0
4658.3			1.0
4659.2			1.0
4660.1			1.0
4661.0			1.0
4661.9			1.0
4662.8			0.9652909706243734
4663.7			0.9454589352312742
4664.6			0.9334330557944283
4665.5			0.8915438704581945
4666.4			0.8051954013931517
4667.3			0.7358257698909011
4668.2			0.7581450056601969
4669.1			0.8615745409791578
4670.0			0.9651819536929953
4670.9			1.012053593028347
4671.8			1.0013749383611934
4672.7			1.0
4673.6			1.0
4674.5			1.0
4675.4			1.0
4676.3			1.030950645807789
4677.2			1.01280310225237
4678.1			0.9566913011142224
4679.0			0.9164690218497692
4679.9			0.9083343629729849
4680.8			0.9084800925678101
4681.7			0.9182240113671526
4682.6			0.9538137673169921
4683.5			0.9920691442368537
4684.4			1.0006773023693796
4685.3			0.9987445576909195
4686.2			1.0
4687.1			1.0
4688.0			1.0
4688.9			1.0
4689.8			1.0
4690.7			1.0
4691.6			1.0
4692.5			1.0
4693.4			1.0
4694.3			1.0
4695.2			1.0
4696.1			1.0217766725318393
4697.0			0.9818463819337929
4697.9			0.9143740913461758
4698.8			0.8825001415567095
4699.7			0.8955189975951384
4700.6			0.9037906349087594
4701.5			0.8706573090898907
4702.4			0.8219172163647267
4703.3			0.8248286513747112
4704.2			0.8931281197549221
4705.1			0.9551697174327481
4706.0			0.9604652150998664
4706.9			0.9290256237481833
4707.8			0.9109067706714461
4708.7			0.9234752044255566
4709.6			0.9557522027469498
4710.5			1.005322800302644
4711.4			1.0
4712.3			1.0
4713.2			1.0
4714.1			1.0
4715.0			1.0
4715.9			1.0
4716.8			1.0
4717.7			1.0
4718.6			1.0
4719.5			1.0
4720.4			1.0
4721.3			1.0
4722.2			1.0
4723.1			1.0
4724.0			1.0321633236870815
4724.9			1.057548987448586
4725.8			1.0390407691836836
4726.7			0.9708366828044358
4727.6			0.9001981530272551
4728.5			0.8751626825230694
4729.4			0.8824730664299854
4730.3			0.9008851630736368
4731.2			0.9356489478420285
4732.1			0.9768837547849492
4733.0			0.9975180029874329
4733.9			1.0
4734.8			1.0
4735.7			1.0
4736.6			1.0
4737.5			1.0
4738.4			1.0
4739.3			1.0
4740.2			1.0
4741.1			1.0
4742.0			1.0
4742.9			1.0
4743.8			1.0
4744.7			1.0
4745.6			1.0
4746.5			1.0
4747.4			1.0
4748.3			1.0
4749.2			1.0
4750.1			1.0023135379198465
4751.0			0.9940358086923939
4751.9			0.9683639716844051
4752.8			0.9333204453249512
4753.7			0.9051817024984541
4754.6			0.9009578129184297
4755.5			0.9136597298907827
4756.4			0.9280156533869128
4757.3			0.9491993846091316
4758.2			1.0
4759.1			1.0233151582539097
4760.0			1.031633120986289
4760.9			1.0026499717156576
4761.8			0.9560288939796283
4762.7			0.9403282594970132
4763.6			0.9462259466747794
4764.5			0.9281395812934743
4765.4			0.8880926423369068
4766.3			0.8731359869779056
4767.2			0.9043890008066211
4768.1			0.9519983458448682
4769.0			0.9925492809118838
4769.9			1.0083361772365507
4770.8			0.9833713797658075
4771.7			0.9513928210364742
4772.6			0.9580260856526278
4773.5			0.9999878912076892
4774.4			1.0
4775.3			1.0
4776.2			1.0
4777.1			1.0
4778.0			1.0
4778.9			1.0
4779.8			1.0
4780.7			1.002450671125137
4781.6			0.9857296316111165
4782.5			0.9421441560716981
4783.4			0.9231603433572474
4784.3			0.9664843808317428
4785.2			1.0075765877407659
4786.1			0.9962967409237155
4787.0			1.0
4787.9			1.0
4788.8			1.0
4789.7			1.0
4790.6			1.0
4791.5			1.0
4792.4			1.0
4793.3			1.0
4794.2			1.0
4795.1			1.0
4796.0			0.9910414074353392
4796.9			0.975360969159407
4797.8			0.9480516813483363
4798.7			0.9142785736142682
4799.6			0.8958048709078497
4800.5			0.9094486362275033
4801.4			0.9528075891847018
4802.3			0.9915327799803872
4803.2			1.0014247853626137
4804.1			1.0
4805.0			1.0
4805.9			1.0
4806.8			1.0
4807.7			1.0
4808.6			1.0
4809.5			1.0
4810.4			1.0
4811.3			1.0
4812.2			1.0
4813.1			1.0
4814.0			1.0
4814.9			1.0
4815.8			1.0
4816.7			1.0
4817.6			1.0
4818.5			1.0
4819.4			1.0
4820.3			1.0
4821.2			0.9863001685390773
4822.1			0.9457781038523688
4823.0			0.8820070773085694
4823.9			0.8695680376895467
4824.8			0.9310003232015027
4825.7			0.9912519695511838
4826.6			1.0054195104027441
4827.5			1.0
4828.4			1.0
4829.3			1.0
4830.2			1.0
4831.1			1.0
4832.0			1.0
4832.9			1.0
4833.8			1.0
4834.7			1.0
4835.6			1.0
4836.5			1.0
4837.4			1.0
4838.3			1.0
4839.2			1.0
4840.1			1.0
4841.0			1.0
4841.9			1.0
4842.8			1.0
4843.7			1.0
4844.6			1.0
4845.5			1.0
4846.4			1.0
4847.3			1.0
4848.2			1.0
4849.1			1.0
4850.0			1.0
4850.9			1.0
4851.8			1.0
4852.7			1.0
4853.6			1.0
4854.5			1.0
4855.4			1.0
4856.3			1.0
4857.2			1.04477515691396
4858.1			1.030676955546309
4859.0			0.9433491219877597
4859.9			0.8291910122126998
4860.8			0.7549255363786844
4861.7			0.7779818851575699
4862.6			0.8779336290572666
4863.5			0.9595726346425287
4864.4			1.0004808006690953
4865.3			1.0
4866.2			1.0
4867.1			1.0
4868.0			1.0
4868.9			0.9895628244811787
4869.8			0.9283527027160885
4870.7			0.8026735426748388
4871.6			0.7248911070476541
4872.5			0.7910544510297833
4873.4			0.924868774812982
4874.3			0.9998991798936477
4875.2			1.0
4876.1			1.0
4877.0			1.0
4877.9			1.0
4878.8			1.0
4879.7			1.0
4880.6			1.0
4881.5			1.0
4882.4			1.0
4883.3			1.0
4884.2			1.0
4885.1			1.0
4886.0			1.0
4886.9			1.0
4887.8			0.9963942815249952
4888.7			0.9575882158155942
4889.6			0.8628089298435989
4890.5			0.7400797573485228
4891.4			0.696105053056695
4892.3			0.7930351541082968
4893.2			0.9299447849213087
4894.1			1.0015234984514594
4895.0			1.0087906414130063
4895.9			1.0
4896.8			1.0
4897.7			1.0
4898.6			1.0
4899.5			1.0
4900.4			1.0
4901.3			1.0
4902.2			1.0
4903.1			1.0
4904.0			1.0
4904.9			1.0
4905.8			1.0
4906.7			1.0
4907.6			0.972846674595564
4908.5			0.9305758546403824
4909.4			0.8877002844009487
4910.3			0.8692174562493691
4911.2			0.9016075439866044
4912.1			0.9574291470844938
4913.0			0.9935985702608489
4913.9			1.0
4914.8			1.0
4915.7			1.0
4916.6			0.9701824557956026
4917.5			0.877026010331669
4918.4			0.7418931792013398
4919.3			0.6292244718077816
4920.2			0.6078261181839796
4921.1			0.6995535111117772
4922.0			0.8519198399608927
4922.9			0.9640857698235066
4923.8			0.9920594948140466
4924.7			1.0
4925.6			1.0
4926.5			1.0
4927.4			1.0
4928.3			1.0
4929.2			1.0
4930.1			1.0
4931.0			1.0
4931.9			1.0
4932.8			1.0
4933.7			1.0
4934.6			1.0
4935.5			1.0247796437316128
4936.4			0.9927329537810424
4937.3			0.9067436140674745
4938.2			0.8194865605482192
4939.1			0.7995774576587743
4940.0			0.867201754920974
4940.9			0.9489230451713242
4941.8			0.9819485279111703
4942.7			0.9948247329071739
4943.6			1.0
4944.5			1.0
4945.4			1.0
4946.3			1.0
4947.2			1.0
4948.1			1.0
4949.0			1.0
4949.9			1.0
4950.8			1.0
4951.7			1.0
4952.6			1.0
4953.5			1.0
4954.4			1.0
4955.3			0.9363796725670863
4956.2			0.8071202931778549
4957.1			0.6715093927864336
4958.0			0.6660994110421719
4958.9			0.8051688971410976
4959.8			0.9478498818818211
4960.7			1.0020055653275823
4961.6			1.0
4962.5			1.0
4963.4			1.0
4964.3			1.0
4965.2			1.0
4966.1			1.0
4967.0			1.0
4967.9			1.0
4968.8			1.0
4969.7			1.0
4970.6			1.0
4971.5			1.0
4972.4			1.0
4973.3			1.0
4974.2			1.0
4975.1			1.0
4976.0			1.0
4976.9			1.0
4977.8			1.0
4978.7			0.9663077214177914
4979.6			0.96474337011739
4980.5			0.9518092779968563
4981.4			0.8778620764406934
4982.3			0.7819456053260685
4983.2			0.7466160985638609
4984.1			0.7798483901908954
4985.0			0.8306869183438172
4985.9			0.888550532953587
4986.8			0.9577447178696677
4987.7			0.9978008374614766
4988.6			1.0
4989.5			1.0
4990.4			1.0
4991.3			1.0
4992.2			1.0
4993.1			1.0
4994.0			1.0
4994.9			1.0
4995.8			1.0
4996.7			1.0
4997.6			1.0
4998.5			1.0
4999.4			1.0
5000.3			1.0
5001.2			1.0
5002.1			1.0
5003.0			1.0207626997461643
5003.9			1.0169962819380922
5004.8			0.9484373665743976
5005.7			0.8532648371169878
5006.6			0.8278110274259755
5007.5			0.8952475623425091
5008.4			0.9786391649838769
5009.3			1.0129853560778679
5010.2			0.9965030042708599
5011.1			1.0
5012.0			1.0
5012.9			1.0
5013.8			1.0
5014.7			1.0
5015.6			1.0
5016.5			1.0
5017.4			1.0
5018.3			1.0
5019.2			1.0
5020.1			1.0
5021.0			1.0
5021.9			1.0
5022.8			1.0
5023.7			1.0
5024.6			1.0
5025.5			1.0
5026.4			1.0
5027.3			1.0
5028.2			1.0
5029.1			1.0
5030.0			1.0
5030.9			1.0
5031.8			1.0
5032.7			1.0
5033.6			1.0
5034.5			1.0
5035.4			1.0
5036.3			1.0
5037.2			1.0244212888794957
5038.1			1.0282888112487576
5039.0			0.958269783317592
5039.9			0.8498318214765169
5040.8			0.7690190765224485
5041.7			0.7806640191015429
5042.6			0.8707064510593122
5043.5			0.9560418808065124
5044.4			1.0063432800240355
5045.3			1.0
5046.2			1.0300416776472527
5047.1			1.0110862464237882
5048.0			0.942066245966767
5048.9			0.8649780418731721
5049.8			0.8334068144417475
5050.7			0.8588763531270874
5051.6			0.9091373863657696
5052.5			0.956781541710888
5053.4			0.9942374083998909
5054.3			1.0
5055.2			1.0
5056.1			1.0
5057.0			1.0
5057.9			1.0
5058.8			1.0
5059.7			1.0
5060.6			1.0
5061.5			1.0
5062.4			1.0
5063.3			1.0
5064.2			1.0
5065.1			1.0
5066.0			1.0
5066.9			1.0
5067.8			1.0
5068.7			1.0
5069.6			1.0
5070.5			1.0
5071.4			1.0
5072.3			1.0
5073.2			1.0
5074.1			1.029340869681642
5075.0			1.021144473042752
5075.9			0.9985682178848654
5076.8			1.0020424637109078
5077.7			1.0018393446852878
5078.6			0.9427004808369976
5079.5			0.8587142864388794
5080.4			0.8321059903719333
5081.3			0.8606669291003348
5082.2			0.8823788276101799
5083.1			0.8858840826327508
5084.0			0.9044462801017944
5084.9			0.9458809396415303
5085.8			0.9855217475492718
5086.7			1.0000256710619857
5087.6			1.0
5088.5			1.0
5089.4			1.0
5090.3			1.0
5091.2			1.0
5092.1			1.0
5093.0			1.0
5093.9			1.0
5094.8			0.9564029359720835
5095.7			0.9106730512002592
5096.6			0.8970401043245204
5097.5			0.8905899962981412
5098.4			0.860657732573609
5099.3			0.8438270296437311
5100.2			0.8830747456978384
5101.1			0.9495211395389935
5102.0			0.9966735603349838
5102.9			1.0114614815019851
5103.8			1.0047505955092304
5104.7			1.0
5105.6			1.0
5106.5			1.0
5107.4			1.0
5108.3			1.0
5109.2			1.0
5110.1			1.0
5111.0			1.0
5111.9			1.0
5112.8			1.0
5113.7			1.0
5114.6			1.0
5115.5			1.0
5116.4			1.0
5117.3			1.0161030466534982
5118.2			1.0285260427874605
5119.1			1.0195044123845716
5120.0			0.9926603992641938
5120.9			0.9664395731661314
5121.8			0.9534024802920026
5122.7			0.9257634904066809
5123.6			0.8732231307025612
5124.5			0.8423653837860747
5125.4			0.8581266790041362
5126.3			0.8937225743448125
5127.2			0.9191461134582904
5128.1			0.9225540981426521
5129.0			0.9063287179837036
5129.9			0.9029842945372774
5130.8			0.9444165027485314
5131.7			1.0
5132.6			1.0110077589002724
5133.5			0.984678891751122
5134.4			0.9850925894300356
5135.3			1.0166337023313738
5136.2			1.0187481518159158
5137.1			0.975489054035196
5138.0			0.912673999914156
5138.9			0.8635301463148041
5139.8			0.8817914262920649
5140.7			0.9452404227991359
5141.6			0.9601667362714352
5142.5			0.9378462377663712
5143.4			0.95886282666151
5144.3			1.0023484691258058
5145.2			1.0003336782991243
5146.1			1.0
5147.0			1.0
5147.9			1.0
5148.8			1.0
5149.7			1.0
5150.6			1.0
5151.5			1.0
5152.4			1.0
5153.3			1.0
5154.2			1.0
5155.1			1.0
5156.0			1.0
5156.9			1.0
5157.8			1.0
5158.7			1.0
5159.6			1.0
5160.5			1.0
5161.4			1.0
5162.3			1.0
5163.2			1.0
5164.1			1.0
5165.0			1.0
5165.9			1.0
5166.8			1.0
5167.7			1.0
5168.6			1.0
5169.5			1.107116104125261
5170.4			1.0630371417537205
5171.3			0.8553212365033588
5172.2			0.6494111044005043
5173.1			0.6082952063720061
5174.0			0.7335905244009565
5174.9			0.8967645145853421
5175.8			0.9911648189737856
5176.7			1.0
5177.6			1.001432327026167
5178.5			0.9860758982367812
5179.4			0.9458238833429474
5180.3			0.867318581852003
5181.2			0.7490748169253783
5182.1			0.6060764067989598
5183.0			0.48380815322112775
5183.9			0.4570300943169297
5184.8			0.5615419639588818
5185.7			0.7374234679485719
5186.6			0.8853912105604943
5187.5			0.9563121977408888
5188.4			0.9825419597173612
5189.3			1.0102089191512973
5190.2			1.0005803906694868
5191.1			1.0
5192.0			1.0
5192.9			1.0
5193.8			1.0
5194.7			1.0
5195.6			1.0
5196.5			1.0
5197.4			1.0
5198.3			1.0
5199.2			1.0
5200.1			1.0
5201.0			1.0
5201.9			0.9587598730968385
5202.8			0.9088647162529198
5203.7			0.8358528053115172
5204.6			0.7350563823306647
5205.5			0.6609800438172824
5206.4			0.6495666967146769
5207.3			0.650761096572983
5208.2			0.6310571501400636
5209.1			0.6419012541822801
5210.0			0.7217388218132306
5210.9			0.849329455014091
5211.8			0.9796451380037249
5212.7			1.0604298398325507
5213.6			1.0624073511969931
5214.5			1.0001917358748946
5215.4			1.0
5216.3			1.0
5217.2			1.0
5218.1			1.0
5219.0			1.0
5219.9			1.0
5220.8			1.0
5221.7			1.0
5222.6			1.0
5223.5			0.9533823175931537
5224.4			0.8937348630422187
5225.3			0.8257356787130972
5226.2			0.7488278876261774
5227.1			0.7152728260396166
5228.0			0.7817709975676531
5228.9			0.8952133451950159
5229.8			0.9713883583420353
5230.7			0.9968283360660641
5231.6			1.0
5232.5			1.0
5233.4			1.0
5234.3			1.0
5235.2			1.0
5236.1			1.0
5237.0			1.0
5237.9			1.0
5238.8			1.0
5239.7			1.0
5240.6			1.0009223487241559
5241.5			0.9962870579224894
5242.4			0.9837711645580282
5243.3			0.9826795576670359
5244.2			1.0060180417680282
5245.1			1.021879844558395
5246.0			0.9882211274371465
5246.9			0.9295164802429216
5247.8			0.9122350166979772
5248.7			0.9338847415044795
5249.6			0.9333852181806394
5250.5			0.9106493826174425
5251.4			0.9119738579094763
5252.3			0.9372750763644971
5253.2			0.9500074810508752
5254.1			0.9341515539040097
5255.0			0.9163355084300924
5255.9			0.9397360545089243
5256.8			0.9977083798026799
5257.7			1.043528560374116
5258.6			1.0573872682094547
5259.5			1.0435632162065611
5260.4			1.0
5261.3			0.9234527372428198
5262.2			0.8351060680947355
5263.1			0.7650085032200776
5264.0			0.7219853539829892
5264.9			0.6879535030294706
5265.8			0.6616360964149661
5266.7			0.6797939152721875
5267.6			0.7114410472760756
5268.5			0.6603531315796165
5269.4			0.5529238422437823
5270.3			0.5387163575803215
5271.2			0.6562004417913438
5272.1			0.7842476289808258
5273.0			0.8403699308278989
5273.9			0.8499244739253924
5274.8			0.8423523839676977
5275.7			0.8466780641025038
5276.6			0.9004738030001709
5277.5			0.9759383744262667
5278.4			1.0
5279.3			0.9867731269751873
5280.2			0.9385114934618185
5281.1			0.8739707402472567
5282.0			0.8166922585207306
5282.9			0.7800640119450912
5283.8			0.7822152619800566
5284.7			0.8456443930554542
5285.6			0.9407991879197476
5286.5			1.0003690651435073
5287.4			1.0
5288.3			1.0
5289.2			1.0
5290.1			1.0
5291.0			1.0
5291.9			1.0
5292.8			1.0
5293.7			1.0
5294.6			1.0041918597031771
5295.5			0.9803524933495372
5296.4			0.9086099926433808
5297.3			0.8244012644346124
5298.2			0.8043813832438471
5299.1			0.8778281522126348
5300.0			0.9708094044568502
5300.9			1.0029734866246893
5301.8			0.9961657107510046
5302.7			1.0
5303.6			1.0
5304.5			1.0
5305.4			1.0
5306.3			1.0
5307.2			1.0
5308.1			1.0
5309.0			1.0
5309.9			1.0
5310.8			1.0
5311.7			1.0
5312.6			1.0
5313.5			1.0
5314.4			1.0
5315.3			1.0
5316.2			1.0
5317.1			1.0
5318.0			1.0
5318.9			1.0
5319.8			1.0
5320.7			1.0
5321.6			1.0
5322.5			1.0
5323.4			1.0
5324.3			1.0
5325.2			0.9980310829869208
5326.1			1.0008735763439802
5327.0			0.8894906029687992
5327.9			0.7209489150443925
5328.8			0.6719639003165508
5329.7			0.7871009523975818
5330.6			0.9395237953027868
5331.5			1.011247539394851
5332.4			1.003044711428679
5333.3			1.0
5334.2			1.0
5335.1			1.0
5336.0			1.0
5336.9			1.0
5337.8			0.9951447367472932
5338.7			0.9631695590121294
5339.6			0.885786363396148
5340.5			0.818625109337279
5341.4			0.8385904037804847
5342.3			0.9259115616647868
5343.2			0.9972077712165528
5344.1			1.0
5345.0			1.0
5345.9			1.0
5346.8			1.0
5347.7			1.0
5348.6			1.0
5349.5			1.0
5350.4			1.0
5351.3			1.0
5352.2			1.0
5353.1			1.0
5354.0			1.0
5354.9			1.0
5355.8			1.0
5356.7			1.0
5357.6			1.0
5358.5			1.0
5359.4			1.0
5360.3			1.0
5361.2			1.0
5362.1			1.0
5363.0			1.0
5363.9			1.0
5364.8			1.0
5365.7			1.0
5366.6			1.0
5367.5			0.9964148742826814
5368.4			0.976956960010201
5369.3			0.9155736510839871
5370.2			0.8097035690724282
5371.1			0.7253254548913625
5372.0			0.739264368109341
5372.9			0.8425836041426239
5373.8			0.948577124290599
5374.7			1.0050237800230188
5375.6			1.0
5376.5			1.0
5377.4			1.0
5378.3			1.0
5379.2			1.0
5380.1			1.0
5381.0			0.9886140757839781
5381.9			0.9586042755118938
5382.8			0.9143982854166319
5383.7			0.8991154924078133
5384.6			0.93755227628965
5385.5			0.9858703213546255
5386.4			1.0003055255211142
5387.3			1.0
5388.2			1.0
5389.1			1.0
5390.0			1.0
5390.9			1.0
5391.8			1.0
5392.7			1.0
5393.6			1.0
5394.5			1.0
5395.4			1.0
5396.3			1.0
5397.2			1.0
5398.1			1.0
5399.0			1.0
5399.9			1.0
5400.8			1.0
5401.7			1.0235797582026716
5402.6			1.0298561925232528
5403.5			0.9722299301457816
5404.4			0.8672269504459672
5405.3			0.787499251490161
5406.2			0.7966024920365264
5407.1			0.8903212451778535
5408.0			0.9845868209491151
5408.9			0.9968530084945235
5409.8			1.0
5410.7			1.0
5411.6			1.0
5412.5			1.0
5413.4			1.0
5414.3			1.0
5415.2			1.0
5416.1			1.0
5417.0			1.0
5417.9			1.0
5418.8			1.0
5419.7			1.0
5420.6			1.0
5421.5			1.0
5422.4			1.0
5423.3			1.0
5424.2			1.0
5425.1			1.0
5426.0			1.0
5426.9			1.0574057572347435
5427.8			1.0449461470443409
5428.7			0.9496404529195686
5429.6			0.8530513379819483
5430.5			0.8642607765052772
5431.4			0.9507726011935378
5432.3			0.9924359782200003
5433.2			1.0
5434.1			1.0
5435.0			1.0
5435.9			1.0
5436.8			1.0
5437.7			1.0
5438.6			1.0
5439.5			1.0
5440.4			1.0
5441.3			1.0
5442.2			1.0
5443.1			1.0
5444.0			0.9732004951387696
5444.9			0.910759892010821
5445.8			0.8258311277637492
5446.7			0.7672274741571856
5447.6			0.7949421901046104
5448.5			0.8978323405124723
5449.4			0.994917249763252
5450.3			1.0
5451.2			1.0
5452.1			1.0
5453.0			0.9839046227666838
5453.9			0.9360562709887348
5454.8			0.8550992322521525
5455.7			0.8024122528598375
5456.6			0.8400741965913345
5457.5			0.9315706655896597
5458.4			1.0001987897742688
5459.3			1.0
5460.2			1.0
5461.1			1.0
5462.0			1.0
5462.9			1.0
5463.8			1.0
5464.7			1.0
5465.6			1.0
5466.5			1.0
5467.4			1.0
5468.3			1.0
5469.2			1.0
5470.1			1.0
5471.0			1.0
5471.9			1.0
5472.8			1.0
5473.7			0.9889227733904993
5474.6			0.9811425860626861
5475.5			0.9541306436943227
5476.4			0.8945893911411417
5477.3			0.8754550831862349
5478.2			0.9420235722673074
5479.1			1.0242613291624931
5480.0			1.0414354809672024
5480.9			1.0012867964044703
5481.8			1.0
5482.7			1.0
5483.6			1.0
5484.5			1.0
5485.4			1.0
5486.3			1.0
5487.2			1.0
5488.1			1.0
5489.0			1.0
5489.9			1.0
5490.8			1.0
5491.7			1.0
5492.6			1.0
5493.5			1.0
5494.4			1.0
5495.3			1.0
5496.2			1.0
5497.1			1.0
5498.0			1.0
5498.9			1.0
5499.8			1.0
5500.7			1.0
5501.6			1.0
5502.5			1.0
5503.4			1.0
5504.3			1.0
5505.2			1.0
5506.1			1.0
5507.0			1.0
5507.9			1.0
5508.8			1.0403488301662185
5509.7			1.0457752384941377
5510.6			1.021100695845788
5511.5			0.976792103850184
5512.4			0.9270124738238565
5513.3			0.9044724502763735
5514.2			0.9174803301526367
5515.1			0.9443973590827082
5516.0			0.9636744345421718
5516.9			0.9767261964296977
5517.8			0.9970485644262778
5518.7			1.0
5519.6			1.0
5520.5			1.0
5521.4			1.0
5522.3			1.0
5523.2			1.0
5524.1			1.0
5525.0			1.0
5525.9			0.9823035062698228
5526.8			0.940100577705155
5527.7			0.872610254483107
5528.6			0.8359127561290729
5529.5			0.8797012737226778
5530.4			0.958445522414373
5531.3			1.0001164966321485
5532.2			1.0
5533.1			1.0
5534.0			1.0
5534.9			1.0
5535.8			1.0
5536.7			1.0
5537.6			1.0
5538.5			1.0
5539.4			1.0
5540.3			1.0
5541.2			1.0
5542.1			1.0
5543.0			1.0
5543.9			1.0
5544.8			1.0
5545.7			1.0
5546.6			1.0
5547.5			1.0
5548.4			1.0
5549.3			1.0
5550.200000000001			1.0
5551.1			1.0
5552.0			1.0
5552.9			1.0
5553.8			1.0
5554.700000000001			1.0
5555.6			1.0
5556.5			1.0
5557.4			1.0
5558.3			1.0
5559.200000000001			1.0
5560.1			1.0
5561.0			1.0
5561.9			1.0
5562.8			1.0
5563.700000000001			1.0
5564.6			1.0
5565.5			1.0
5566.4			0.9865667954864398
5567.3			0.9827956378434677
5568.200000000001			0.9679890490777138
5569.1			0.9421965914396193
5570.0			0.942158907068718
5570.9			0.9599111193157515
5571.8			0.9400067978372169
5572.700000000001			0.9012205677121129
5573.6			0.9120550349058504
5574.5			0.9571000284207799
5575.4			0.9724699981654534
5576.3			0.9656064866482186
5577.200000000001			0.9755202853867816
5578.1			0.9930050650380361
5579.0			1.0000632430158405
5579.9			1.0
5580.8			1.0
5581.700000000001			1.0
5582.6			1.0020643663738242
5583.5			1.013151634367722
5584.4			0.9981760079518339
5585.3			0.9418303710630388
5586.200000000001			0.8647219300177685
5587.1			0.8145864302656961
5588.0			0.8166538859742027
5588.9			0.8543819548390487
5589.8			0.9125179798199783
5590.700000000001			0.9800786728809777
5591.6			1.029300799131793
5592.5			1.035637955917118
5593.4			1.0036285549684214
5594.3			1.0
5595.200000000001			1.0
5596.1			1.0
5597.0			1.0
5597.9			0.9545559162361172
5598.8			0.9226965604030086
5599.700000000001			0.9219620780272374
5600.6			0.913681204268962
5601.5			0.882124741587252
5602.4			0.8573725078514545
5603.3			0.8808944403797824
5604.200000000001			0.9429335644537661
5605.1			0.9930776546736773
5606.0			1.0090720621840867
5606.9			1.0023917209605455
5607.8			1.0
5608.700000000001			1.0
5609.6			1.0
5610.5			1.0
5611.4			1.0
5612.3			1.0
5613.200000000001			0.9754015925928663
5614.1			0.8980292392438979
5615.0			0.8033084984807908
5615.9			0.7809066437724195
5616.8			0.8587879834260288
5617.700000000001			0.9537025164959493
5618.6			0.995354218204885
5619.5			1.0
5620.4			1.0
5621.3			1.0
5622.200000000001			1.014076087191769
5623.1			0.9806665260538987
5624.0			0.9146992440803864
5624.9			0.8829593252056458
5625.8			0.915425174041644
5626.700000000001			0.9677999852030089
5627.6			1.000783263179199
5628.5			1.0
5629.4			1.0
5630.3			1.0
5631.200000000001			1.0
5632.1			1.0
5633.0			1.0
5633.9			1.0
5634.8			1.0
5635.700000000001			1.0
5636.6			1.0
5637.5			1.0
5638.4			1.0
5639.3			1.0
5640.200000000001			1.0
5641.1			1.0
5642.0			1.0
5642.9			1.0
5643.8			1.0
5644.700000000001			1.0
5645.6			1.0
5646.5			1.0
5647.4			1.0
5648.3			1.0
5649.200000000001			1.0
5650.1			1.0
5651.0			1.0
5651.9			1.0
5652.8			1.0
5653.700000000001			1.0
5654.6			1.0
5655.5			0.9972927454183153
5656.4			1.0060331777011982
5657.3			0.982293869379132
5658.200000000001			0.9312001176502789
5659.1			0.925377653770156
5660.0			0.979662644699869
5660.9			1.0204511495201107
5661.8			1.0107012163079623
5662.700000000001			0.9988938845916936
5663.6			1.0
5664.5			1.0
5665.4			1.0
5666.3			1.0
5667.200000000001			1.0
5668.1			1.0
5669.0			1.0
5669.9			1.0
5670.8			1.0
5671.700000000001			1.0
5672.6			1.0
5673.5			1.0
5674.4			1.0
5675.3			1.0
5676.200000000001			1.0
5677.1			1.0
5678.0			1.0
5678.9			1.0
5679.8			1.0
5680.700000000001			1.0
5681.6			1.0
5682.5			1.0
5683.4			1.0
5684.3			1.0240735656854432
5685.200000000001			1.0338567968607941
5686.1			1.0048706616041545
5687.0			0.9636821822403085
5687.9			0.9438731272505725
5688.8			0.9522091346693923
5689.700000000001			0.9752689015616504
5690.6			0.9945980245858755
5691.5			1.0035238773360708
5692.4			1.0
5693.3			1.0
5694.200000000001			1.0
5695.1			1.0
5696.0			1.0
5696.9			1.0
5697.8			1.0
5698.700000000001			1.0
5699.6			1.0
5700.5			1.0
5701.4			1.0
5702.3			1.0
5703.200000000001			1.0155327508861298
5704.1			1.0291859302387625
5705.0			1.019667767219505
5705.9			0.9877852784429434
5706.8			0.9568794467397994
5707.700000000001			0.9319833906914472
5708.6			0.9043064574706231
5709.5			0.8827188950443074
5710.4			0.8734377736487551
5711.3			0.8747894509308503
5712.200000000001			0.9001171564288095
5713.1			0.9459884361122127
5714.0			0.9802514701293075
5714.9			0.9929743927022173
5715.8			0.9993314108544221
5716.700000000001			1.0010782628310728
5717.6			0.996522960544491
5718.5			1.0
5719.4			1.0
5720.3			1.0
5721.200000000001			1.0
5722.1			1.0
5723.0			1.0
5723.9			1.0
5724.8			1.0
5725.700000000001			1.0
5726.6			1.0
5727.5			1.0
5728.4			1.0
5729.3			1.0
5730.200000000001			1.0
5731.1			1.0
5732.0			1.0
5732.9			1.0
5733.8			1.0
5734.700000000001			1.0
5735.6			1.0
5736.5			1.0
5737.4			1.0
5738.3			1.0
5739.200000000001			1.0
5740.1			1.0
5741.0			1.0
5741.9			1.0
5742.8			1.0
5743.700000000001			1.0
5744.6			1.0
5745.5			1.0
5746.4			1.0
5747.3			1.0
5748.200000000001			1.0
5749.1			1.0
5750.0			1.018774195783256
5750.9			1.014142750695217
5751.8			0.9804858034042987
5752.700000000001			0.9367757759491808
5753.6			0.9132992648461848
5754.5			0.9213552770923211
5755.4			0.9478718785461896
5756.3			0.9764933011241194
5757.200000000001			0.9989325703143389
5758.1			1.0
5759.0			0.9903945144459229
5759.9			0.96865342212431
5760.8			0.9435035334511361
5761.700000000001			0.9196031613342059
5762.6			0.9059484464529824
5763.5			0.9219095138435583
5764.4			0.9629346091030672
5765.3			0.9942766629308466
5766.200000000001			0.9998804124962073
5767.1			1.0
5768.0			1.0
5768.9			1.0
5769.8			1.0
5770.700000000001			1.0
5771.6			1.0
5772.5			1.0
5773.4			1.0
5774.3			1.0
5775.200000000001			1.0
5776.1			1.0
5777.0			1.0
5777.9			1.0074154163441291
5778.8			1.0005809197002646
5779.700000000001			0.9694106862396389
5780.6			0.9203139665466418
5781.5			0.8901200274453125
5782.4			0.8969489999711426
5783.3			0.909293708944228
5784.200000000001			0.8993902715764326
5785.1			0.8891514174227202
5786.0			0.9121454543529287
5786.9			0.9573624961518113
5787.8			0.9901246160965651
5788.700000000001			0.9975925277184869
5789.6			0.98659398837993
5790.5			0.9745426001753508
5791.4			0.9807415253137003
5792.3			1.0009937480826083
5793.200000000001			1.0
5794.1			1.0
5795.0			1.0
5795.9			1.0
5796.8			1.0
5797.700000000001			1.0
5798.6			1.0
5799.5			1.0
5800.4			1.0
5801.3			1.0
5802.200000000001			1.0
5803.1			1.0
5804.0			1.0
5804.9			1.0
5805.8			1.0
5806.700000000001			1.0
5807.6			1.0
5808.5			1.0
5809.4			1.0
5810.3			1.0
5811.200000000001			1.0
5812.1			1.0
5813.0			1.0
5813.9			1.0
5814.8			1.0
5815.700000000001			1.0
5816.6			1.0
5817.5			1.0
5818.4			1.0
5819.3			1.0
5820.200000000001			1.0
5821.1			1.0
5822.0			1.0
5822.9			1.0
5823.8			1.0
5824.700000000001			1.0
5825.6			1.0
5826.5			1.0
5827.4			1.0
5828.3			1.0
5829.200000000001			1.0
5830.1			1.0
5831.0			1.0
5831.9			1.0
5832.8			1.0
5833.700000000001			1.0
5834.6			1.0
5835.5			1.0
5836.4			1.0
5837.3			1.0
5838.200000000001			1.0
5839.1			1.0
5840.0			1.0
5840.9			1.0
5841.8			1.0
5842.700000000001			1.0
5843.6			1.0
5844.5			1.0
5845.4			1.0
5846.3			1.0
5847.200000000001			1.0
5848.1			1.0
5849.0			1.0
5849.9			1.0
5850.8			1.0
5851.700000000001			1.0
5852.6			1.0
5853.5			1.0
5854.4			1.0
5855.3			0.9948362344568005
5856.200000000001			0.9521831742684961
5857.1			0.900615074679069
5858.0			0.8918135820705348
5858.9			0.9290571123476624
5859.8			0.9741928886339042
5860.700000000001			0.9990455339386711
5861.6			1.0
5862.5			1.0
5863.4			1.0
5864.3			1.0
5865.200000000001			1.0
5866.1			1.0
5867.0			1.0
5867.9			1.0
5868.8			1.0
5869.700000000001			1.0
5870.6			1.0
5871.5			1.0
5872.4			1.0
5873.3			1.0
5874.200000000001			1.0
5875.1			1.0
5876.0			1.0
5876.9			1.0
5877.8			1.0
5878.700000000001			1.0
5879.6			1.0
5880.5			1.0
5881.4			1.0
5882.3			1.0
5883.200000000001			1.0
5884.1			1.0
5885.0			1.0
5885.9			1.0171690725082514
5886.8			0.9985548888300758
5887.700000000001			0.9093529995990883
5888.6			0.747491779020443
5889.5			0.5984885540007565
5890.4			0.593100312880548
5891.3			0.7603720597633303
5892.200000000001			0.9842902481990253
5893.1			1.1279852978205336
5894.0			1.1238036533865423
5894.9			0.996000964633198
5895.8			1.0
5896.700000000001			1.0
5897.6			1.0
5898.5			1.0
5899.4			1.0
5900.3			1.0
5901.200000000001			1.0
5902.1			1.0
5903.0			1.0
5903.9			1.0
5904.8			1.0
5905.700000000001			1.0
5906.6			1.0
5907.5			1.0
5908.4			1.0
5909.3			1.0
5910.200000000001			1.0
5911.1			1.0
5912.0			1.0
5912.9			1.0
5913.8			1.0
5914.700000000001			1.0
5915.6			1.0
5916.5			1.0
5917.4			1.0
5918.3			1.0
5919.200000000001			1.0
5920.1			1.0
5921.0			1.0
5921.9			1.0
5922.8			1.0
5923.700000000001			1.0
5924.6			1.0
5925.5			1.0
5926.4			1.0
5927.3			1.0
5928.200000000001			1.0
5929.1			1.0
5930.0			1.0
5930.9			1.0
5931.8			1.0
5932.700000000001			1.0
5933.6			1.0
5934.5			1.0
5935.4			1.0
5936.3			1.0
5937.200000000001			1.0
5938.1			1.0
5939.0			1.0
5939.9			1.0
5940.8			1.0
5941.700000000001			1.0
5942.6			1.0
5943.5			1.0
5944.4			1.0
5945.3			1.0
5946.200000000001			1.0
5947.1			1.0
5948.0			1.0
5948.9			1.0
5949.8			1.0
5950.700000000001			1.0
5951.6			1.0
5952.5			1.0
5953.4			1.0
5954.3			1.0
5955.200000000001			1.0
5956.1			1.0
5957.0			1.0
5957.9			1.0
5958.8			1.0
5959.700000000001			1.0
5960.6			1.0
5961.5			1.0
5962.4			1.0
5963.3			1.0
5964.200000000001			1.0
5965.1			1.0
5966.0			1.0
5966.9			1.0
5967.8			1.0
5968.700000000001			1.0
5969.6			1.0
5970.5			1.0
5971.4			1.0
5972.3			1.0
5973.200000000001			1.0
5974.1			1.0
5975.0			1.0
5975.9			1.0
5976.8			1.0
5977.700000000001			1.0
5978.6			1.0
5979.5			1.0
5980.4			1.0146677459460132
5981.3			1.018529692859644
5982.200000000001			1.0042393398610947
5983.1			0.9737013251835583
5984.0			0.9437834491907237
5984.9			0.9356554516078915
5985.8			0.9495453619785903
5986.700000000001			0.9664229505550616
5987.6			0.9790183222911237
5988.5			0.9905236815904466
5989.4			0.9992627565494845
5990.3			1.0
5991.200000000001			1.0
5992.1			1.0
5993.0			1.0
5993.9			1.0
5994.8			1.0
5995.700000000001			1.0
5996.6			1.0
5997.5			1.0
5998.4			1.0
5999.3			1.0
6000.200000000001			1.0
6001.1			1.0
6002.0			1.0
6002.9			1.0
6003.8			1.0
6004.700000000001			1.0
6005.6			1.0
6006.5			1.0
6007.4			1.0
6008.3			1.0
6009.200000000001			1.0
6010.1			1.0
6011.0			1.0
6011.9			1.0
6012.8			1.0
6013.700000000001			1.0
6014.6			1.0125758150776336
6015.5			1.0125544154911577
6016.4			0.9964395794983378
6017.3			0.9952612719954584
6018.200000000001			1.005712704408847
6019.1			0.9948910744944068
6020.0			0.963560773986126
6020.9			0.9394548660371945
6021.8			0.9383908517709141
6022.700000000001			0.9496728295062645
6023.6			0.9598653556811086
6024.5			0.9776051567017997
6025.4			1.0016144380200367
6026.3			1.0081940379476841
6027.200000000001			0.9993828212837126
6028.1			1.0
6029.0			1.0
6029.9			1.0
6030.8			1.0
6031.700000000001			1.0
6032.6			1.0
6033.5			1.0
6034.4			1.0
6035.3			1.0
6036.200000000001			1.0
6037.1			1.0
6038.0			1.0
6038.9			1.0
6039.8			1.0
6040.700000000001			1.0
6041.6			1.0
6042.5			1.0
6043.4			1.0
6044.3			1.0
6045.200000000001			1.0
6046.1			1.0
6047.0			1.0
6047.9			1.0
6048.8			1.0
6049.700000000001			1.0
6050.6			1.0
6051.5			1.0
6052.4			1.0
6053.3			1.0
6054.200000000001			1.0
6055.1			1.0
6056.0			1.0
6056.9			1.0
6057.8			1.0
6058.700000000001			1.0
6059.6			1.0
6060.5			1.0
6061.4			1.0
6062.3			1.0
6063.200000000001			1.0
6064.1			1.0
6065.0			1.0
6065.9			1.0
6066.8			1.0
6067.700000000001			1.0
6068.6			1.0
6069.5			1.0
6070.4			1.0
6071.3			1.0
6072.200000000001			1.0
6073.1			1.0
6074.0			1.0
6074.9			1.0
6075.8			1.0
6076.700000000001			1.0
6077.6			1.0
6078.5			1.0
6079.4			1.0
6080.3			1.0
6081.200000000001			1.0
6082.1			1.0
6083.0			1.0
6083.9			1.0
6084.8			1.0
6085.700000000001			1.0
6086.6			1.0
6087.5			1.0
6088.4			1.0
6089.3			1.0
6090.200000000001			1.0
6091.1			1.0
6092.0			1.0
6092.9			1.0
6093.8			1.0
6094.700000000001			1.0
6095.6			1.0
6096.5			1.0
6097.4			1.0
6098.3			1.0
6099.200000000001			1.0
6100.1			0.993680964949101
6101.0			0.9450997452011098
6101.9			0.8673441551862971
6102.8			0.8322234213333781
6103.700000000001			0.8821692341739003
6104.6			0.9617621243584163
6105.5			1.000578030901862
6106.4			1.0
6107.3			1.0
6108.200000000001			1.0
6109.1			1.0
6110.0			1.0
6110.9			1.0
6111.8			1.0
6112.700000000001			1.0
6113.6			1.0
6114.5			1.0
6115.4			1.0
6116.3			1.0
6117.200000000001			1.0
6118.1			1.0
6119.0			1.0
6119.9			0.9631591306197298
6120.8			0.9037925875461236
6121.700000000001			0.846189780111155
6122.6			0.8460011745013936
6123.5			0.9113549046094291
6124.4			0.9776435340015492
6125.3			0.9995511021502298
6126.200000000001			1.0
6127.1			1.0
6128.0			1.0
6128.9			1.0
6129.8			1.0
6130.700000000001			1.0
6131.6			1.0
6132.5			1.0
6133.4			1.0
6134.3			0.9848943099056826
6135.200000000001			0.9274681866999973
6136.1			0.8431754461936928
6137.0			0.7957974032272418
6137.9			0.8377914182764223
6138.8			0.9346848419405833
6139.700000000001			1.0009025570380612
6140.6			1.0
6141.5			1.0
6142.4			1.0
6143.3			1.0
6144.200000000001			1.0
6145.1			1.0
6146.0			1.0
6146.9			1.0
6147.8			1.0
6148.700000000001			1.0
6149.6			1.0
6150.5			1.0
6151.4			1.0
6152.3			1.0
6153.200000000001			1.0
6154.1			1.0
6155.0			1.0
6155.9			1.0
6156.8			1.0
6157.700000000001			1.0
6158.6			0.9968332045925778
6159.5			0.9642890976830117
6160.4			0.8857468378507766
6161.3			0.7880225089144208
6162.200000000001			0.7440386104960784
6163.1			0.7954793297711078
6164.0			0.8950647263922643
6164.9			0.9698880705176558
6165.8			1.003667245043924
6166.700000000001			1.0
6167.6			1.0
6168.5			1.0
6169.4			1.0
6170.3			1.0
6171.200000000001			1.0
6172.1			1.0
6173.0			1.0
6173.9			1.0
6174.8			1.0
6175.700000000001			1.0
6176.6			1.0
6177.5			1.0
6178.4			1.0
6179.3			1.0
6180.200000000001			1.0
6181.1			1.0
6182.0			1.0
6182.9			1.0
6183.8			1.0
6184.700000000001			1.0
6185.6			1.0
6186.5			1.0
6187.4			1.0
6188.3			0.9969235303647963
6189.200000000001			0.9871427482384835
6190.1			0.9519481880845032
6191.0			0.9101880293866459
6191.9			0.9122795801556283
6192.8			0.9596055658684992
6193.700000000001			1.0000475105192514
6194.6			1.0
6195.5			1.0
6196.4			1.0
6197.3			1.0
6198.200000000001			1.0
6199.1			1.0
6200.0			1.0
6200.9			1.0
6201.8			1.0
6202.700000000001			1.0
6203.6			1.0
6204.5			1.0
6205.4			1.0
6206.3			1.0
6207.200000000001			1.0
6208.1			1.0
6209.0			1.0
6209.9			1.0
6210.8			1.0
6211.700000000001			1.0
6212.6			1.0
6213.5			1.0
6214.4			1.0
6215.3			1.0
6216.200000000001			1.0
6217.1			1.0
6218.0			1.0
6218.9			1.0
6219.8			1.0
6220.700000000001			1.0
6221.6			1.0
6222.5			1.0
6223.4			1.0
6224.3			1.0
6225.200000000001			1.0
6226.1			1.0
6227.0			0.9961985305600979
6227.9			0.985646943957664
6228.8			0.9598450457771474
6229.700000000001			0.9171896588397069
6230.6			0.8883407228144606
6231.5			0.8986774069296222
6232.4			0.9314819780054823
6233.3			0.9669930327094012
6234.200000000001			0.9999981555218836
6235.1			1.0
6236.0			1.0
6236.9			1.0
6237.8			1.0
6238.700000000001			1.0
6239.6			1.0
6240.5			1.0
6241.4			1.0
6242.3			1.0
6243.200000000001			1.0
6244.1			1.0026107268220745
6245.0			1.0009717399971216
6245.9			0.9938592936908869
6246.8			1.0067596675460475
6247.700000000001			1.0363288680464082
6248.6			1.0569235533736838
6249.5			1.0591890003238318
6250.4			1.0356167272400112
6251.3			0.9839542513002733
6252.200000000001			0.9332645247537926
6253.1			0.9174661125604222
6254.0			0.9322931215378598
6254.9			0.949871522864184
6255.8			0.9521385433651626
6256.700000000001			0.9394609482119287
6257.6			0.9241642918263757
6258.5			0.9247233404337244
6259.4			0.9448618866652003
6260.3			0.9676357667022406
6261.200000000001			0.9841683966646546
6262.1			0.9988035875692738
6263.0			1.0
6263.9			1.0
6264.8			1.0
6265.700000000001			1.0
6266.6			1.0
6267.5			1.0
6268.4			1.0
6269.3			1.0
6270.200000000001			1.0
6271.1			1.0
6272.0			1.0
6272.9			1.0
6273.8			1.0
6274.700000000001			1.0
6275.6			1.0
6276.5			1.0
6277.4			1.0
6278.3			1.0
6279.200000000001			1.0
6280.1			1.0
6281.0			1.0
6281.9			1.0
6282.8			1.0
6283.700000000001			1.0
6284.6			1.0
6285.5			1.0
6286.4			1.0
6287.3			1.0
6288.200000000001			1.0
6289.1			1.0
6290.0			1.0
6290.9			1.0
6291.8			1.0
6292.700000000001			1.0
6293.6			1.0
6294.5			1.0
6295.4			1.0
6296.3			1.0
6297.200000000001			1.0
6298.1			1.0
6299.0			1.013606292491348
6299.9			0.9989781745181581
6300.8			0.9523257523387745
6301.700000000001			0.9166762836230052
6302.6			0.9285230446428314
6303.5			0.9705960673912754
6304.4			1.001484695827036
6305.3			1.0
6306.200000000001			1.0
6307.1			1.0
6308.0			1.0
6308.9			1.0
6309.8			1.0
6310.700000000001			1.0
6311.6			1.0
6312.5			1.0
6313.4			1.0
6314.3			1.0
6315.200000000001			1.0
6316.1			1.0
6317.0			1.0
6317.9			1.0
6318.8			1.0
6319.700000000001			1.0
6320.6			1.0
6321.5			1.0
6322.4			1.0
6323.3			1.0
6324.200000000001			1.0
6325.1			1.0
6326.0			1.0
6326.9			1.0
6327.8			1.0
6328.700000000001			1.0
6329.6			1.0
6330.5			1.0
6331.4			1.0
6332.3			1.0109806146170297
6333.200000000001			1.0091525273246849
6334.1			0.9819697273241772
6335.0			0.9392507380818832
6335.9			0.9126401705382345
6336.8			0.9240662403717265
6337.700000000001			0.9565720716563006
6338.6			0.9835424898346701
6339.5			1.0002203776898118
6340.4			1.0
6341.3			1.0
6342.200000000001			1.0
6343.1			1.0
6344.0			1.0
6344.9			1.0
6345.8			1.0
6346.700000000001			1.0
6347.6			1.0
6348.5			1.0
6349.4			1.0
6350.3			1.0
6351.200000000001			1.0
6352.1			1.0
6353.0			1.0
6353.9			1.0
6354.8			0.9831713959180084
6355.700000000001			0.9853024811997338
6356.6			0.9921867444299638
6357.5			0.9802562048652951
6358.4			0.9546779624328613
6359.3			0.9384165136459499
6360.200000000001			0.9333171692285621
6361.1			0.9249895235942722
6362.0			0.9175382187891604
6362.9			0.9250210311014682
6363.8			0.9438873355925379
6364.700000000001			0.9574345587319555
6365.6			0.9625008669161269
6366.5			0.9710648252848498
6367.4			0.9876488463634231
6368.3			1.0008069469022343
6369.200000000001			1.0001088293413793
6370.1			1.0
6371.0			1.0
6371.9			1.0
6372.8			1.0
6373.700000000001			1.0
6374.6			1.0
6375.5			1.0
6376.4			1.0
6377.3			1.0
6378.200000000001			1.0
6379.1			1.0
6380.0			1.0
6380.9			1.0
6381.8			1.0
6382.700000000001			1.0
6383.6			1.0
6384.5			1.0
6385.4			1.0
6386.3			1.0
6387.200000000001			1.0
6388.1			1.0
6389.0			1.0
6389.9			1.0
6390.8			1.0
6391.700000000001			1.0
6392.6			1.0
6393.5			1.0
6394.4			1.0
6395.3			1.0
6396.200000000001			1.0
6397.1			0.998244135353654
6398.0			0.9626930614995354
6398.9			0.9053812766661787
6399.8			0.8728641300717538
6400.700000000001			0.8972726675854877
6401.6			0.9545088635283131
6402.5			0.9996591303099549
6403.4			1.0
6404.3			1.0
6405.200000000001			1.0
6406.1			1.0
6407.0			1.0
6407.9			1.0
6408.8			1.0
6409.700000000001			1.0
6410.6			1.0
6411.5			1.0
6412.4			1.0
6413.3			1.0
6414.200000000001			1.0
6415.1			1.0
6416.0			1.0
6416.9			0.9924294519117393
6417.8			0.97837420510942
6418.700000000001			0.9560663096696442
6419.6			0.9285619270349502
6420.5			0.9129292303245161
6421.4			0.9266203505431244
6422.3			0.9627206280440765
6423.200000000001			0.9922876362256823
6424.1			0.999223189287107
6425.0			1.0
6425.9			1.0
6426.8			1.0
6427.700000000001			1.0
6428.6			1.0
6429.5			1.0
6430.4			1.0
6431.3			1.0
6432.200000000001			1.0
6433.1			1.0
6434.0			1.0
6434.9			1.0
6435.8			0.994474396988569
6436.700000000001			1.0
6437.6			0.9496575502984496
6438.5			0.904152651155734
6439.4			0.9112050432638222
6440.3			0.9707802497711083
6441.200000000001			1.0328274156889865
6442.1			1.0634856527547951
6443.0			1.0719277720278009
6443.9			1.0748385201785238
6444.8			1.0790543635136223
6445.700000000001			1.0839366319447676
6446.6			1.0765388702683376
6447.5			1.0410896424149791
6448.4			0.9813327017873175
6449.3			0.9366032013694497
6450.200000000001			0.9493477458636796
6451.1			1.0087180654792731
6452.0			1.0633879692381176
6452.9			1.0835962904312844
6453.8			1.0765836629852017
6454.700000000001			1.059406515081313
6455.6			1.0528382289156728
6456.5			1.0703787017884014
6457.4			1.098515545401934
6458.3			1.116422164853611
6459.200000000001			1.1180268571303507
6460.1			1.0975763690865246
6461.0			1.046422929289913
6461.9			0.9886832645677426
6462.8			0.9803414112682043
6463.700000000001			1.033556227023178
6464.6			1.098831327507229
6465.5			1.1380789048031816
6466.4			1.1515041228423641
6467.3			1.1475039147306907
6468.200000000001			1.134821580506892
6469.1			1.1195502822083587
6470.0			1.105072709667857
6470.9			1.096883395345916
6471.8			1.1044926357028801
6472.700000000001			1.1271648029469234
6473.6			1.144496605592997
6474.5			1.1470611816462848
6475.4			1.1526403378014383
6476.3			1.1713347640655858
6477.200000000001			1.1881068896304132
6478.1			1.193016772785422
6479.0			1.1937611492505846
6479.9			1.1894075933770798
6480.8			1.1696536667862507
6481.700000000001			1.1440984599285666
6482.6			1.140071878267857
6483.5			1.1668204684087624
6484.4			1.2019305516114014
6485.3			1.2235314340755001
6486.200000000001			1.2331425756700505
6487.1			1.2389655833266324
6488.0			1.24154071228136
6488.9			1.235352844488995
6489.8			1.223588437759711
6490.700000000001			1.208856653639857
6491.6			1.1797440047370495
6492.5			1.1204496689874834
6493.4			1.0403764895349317
6494.3			0.9856912030357511
6495.200000000001			1.0
6496.1			1.0603551427808198
6497.0			1.1215885639381504
6497.9			1.1453323444184003
6498.8			1.1421698200341004
6499.700000000001			1.1490923079241544
6500.6			1.181441853406493
6501.5			1.2150183962416956
6502.4			1.2249878139159822
6503.3			1.2179949999707014
6504.200000000001			1.210950295265915
6505.1			1.2108025876600292
6506.0			1.2137151064221572
6506.9			1.2125737751144958
6507.8			1.206574937994845
6508.700000000001			1.2001752551333396
6509.6			1.196505572043265
6510.5			1.192715990702195
6511.4			1.190151971949584
6512.3			1.1936435237202008
6513.200000000001			1.1964294985526467
6514.1			1.1876866073125183
6515.0			1.1710212965737854
6515.9			1.1601198142820486
6516.8			1.1553896008792892
6517.700000000001			1.14644493288453
6518.6			1.1394112920866086
6519.5			1.147288332822452
6520.4			1.1629750258540807
6521.3			1.1696278324848364
6522.200000000001			1.1657627062739635
6523.1			1.1622337209021243
6524.0			1.1626422062154618
6524.9			1.1599169156572364
6525.8			1.149505607606762
6526.700000000001			1.0
6527.6			0.9970413238054575
6528.5			0.9995857741942163
6529.4			0.9982821824053157
6530.3			0.9877094575232208
6531.200000000001			0.9752798399268908
6532.1			0.9714600440595007
6533.0			0.9800761300295299
6533.9			0.9947870244937402
6534.8			1.0055819958879295
6535.700000000001			1.006313014288944
6536.6			1.003699559007315
6537.5			1.0064145148837418
6538.4			1.01377418128718
6539.3			1.0172383178440294
6540.200000000001			1.0143692812621967
6541.1			1.00737271633011
6542.0			1.0025510086582736
6542.9			1.002856519619864
6543.8			1.0013272221671046
6544.700000000001			0.9854421610352327
6545.6			1.0
6546.5			0.9948682775678548
6547.4			1.0126417352579549
6548.3			1.033975570494429
6549.200000000001			1.0457562912385334
6550.1			1.0475694758509275
6551.0			1.041697579215468
6551.9			1.0298813777146345
6552.8			1.0129024370093527
6553.700000000001			0.9918107743496933
6554.6			0.9737465718394319
6555.5			0.9693062671900105
6556.4			0.9812240725171636
6557.3			0.9987035823432435
6558.200000000001			1.0070997363628482
6559.1			0.9968121483324682
6560.0			0.9532758255235483
6560.9			0.8586487531117374
6561.8			0.7472961678492007
6562.700000000001			0.7109322822198053
6563.6			0.789107537102115
6564.5			0.9088715617815905
6565.4			0.9866931053364953
6566.3			1.0141669635981854
6567.200000000001			1.0143657241355895
6568.1			1.000717765709409
6569.0			0.9905952577606071
6569.9			0.9974879455806327
6570.8			1.0075352002408695
6571.700000000001			1.0010176448419195
6572.6			0.9799467994127026
6573.5			0.9636693784163899
6574.4			0.9658503703395019
6575.3			0.9858542987314802
6576.200000000001			1.0134605960671783
6577.1			1.0356058252575737
6578.0			1.0436791097136748
6578.9			1.0358215531629313
6579.8			1.0228085236433362
6580.700000000001			1.018994621938178
6581.6			1.0278441446884534
6582.5			1.0404396455152678
6583.4			1.0430713194141328
6584.3			1.0328685858554796
6585.200000000001			1.0195534546680525
6586.1			1.0182600037518743
6587.0			1.0
6587.9			1.0180486644829163
6588.8			1.0264197100373338
6589.700000000001			1.0220388463345684
6590.6			1.0004848858750484
6591.5			0.9572155508246505
6592.4			0.9123225799546829
6593.3			0.9059408778750919
6594.200000000001			0.9424838901724267
6595.1			0.9836719886332866
6596.0			0.9987852505303604
6596.9			0.9919238964158867
6597.8			0.9843597094477027
6598.700000000001			0.9888754341856858
6599.6			1.0023252039381068
6600.5			1.0137723319984384
6601.4			1.0152057850609701
6602.3			1.0093284399380875
6603.200000000001			1.0015216133365752
6604.1			0.9957579557021206
6605.0			0.9936408875889791
6605.9			0.9887096097367466
6606.8			0.9751716180699855
6607.700000000001			0.9596572838589142
6608.6			0.9572394047841261
6609.5			0.9753823706607896
6610.4			1.0012244574700382
6611.3			1.014228471380795
6612.200000000001			1.010505715732349
6613.1			1.0047407280914085
6614.0			1.008201362958352
6614.9			1.0149215295209555
6615.8			1.0140828989301958
6616.700000000001			1.0065676061757034
6617.6			1.0029608612235215
6618.5			1.0068093486187124
6619.4			1.0133833032536725
6620.3			1.019489494803852
6621.200000000001			1.0253380828811158
6622.1			1.025811116990685
6623.0			1.013700567780833
6623.9			0.9937406335417484
6624.8			0.9864726346130043
6625.700000000001			0.9976378037627404
6626.6			1.0068990005423828
6627.5			1.0044243768760257
6628.4			1.0
6629.3			0.998855169110554
6630.200000000001			0.9944551900111208
6631.1			0.9808479498474094
6632.0			0.9602685675030561
6632.9			0.9448771655564788
6633.8			0.9477848985709596
6634.700000000001			0.9653205568348208
6635.6			0.9829201471677381
6636.5			0.9937107640319102
6637.4			0.9978448181286454
6638.3			0.9948715353650345
6639.200000000001			0.9874200488688614
6640.1			0.9828697053070189
6641.0			0.9820467106987882
6641.9			0.9774598852064781
6642.8			0.9684775513330278
6643.700000000001			0.9669395411932853
6644.6			0.9763565970372055
6645.5			0.9845198372775832
6646.4			0.9829352481909038
6647.3			0.9810366999855128
6648.200000000001			0.9918082651683221
6649.1			1.0093161819390295
6650.0			1.0179923280256187
6650.9			1.0129179266498491
6651.8			1.0038280271640558
6652.700000000001			0.9983339756496734
6653.6			1.0002468849295247
6654.5			1.0102004722728737
6655.4			1.0194081811218128
6656.3			1.0217480648924115
6657.200000000001			1.0199484352543216
6658.1			1.016814499421203
6659.0			1.0117739573689004
6659.9			1.0065363325668897
6660.8			1.0030021107838631
6661.700000000001			0.9919763432127713
6662.6			0.9740879404774587
6663.5			0.9678444289246019
6664.4			0.9790622898704042
6665.3			0.9913235575675571
6666.200000000001			0.9937160564136172
6667.1			0.9920990733795352
6668.0			0.9937893338084753
6668.9			0.9988243986127727
6669.8			1.0044648983013436
6670.700000000001			1.009898652013774
6671.6			1.0140082433065551
6672.5			1.0135054767485527
6673.4			1.0098740425888326
6674.3			1.007885244633862
6675.200000000001			1.0000763102528287
6676.1			0.9718622370266726
6677.0			0.932287755360566
6677.9			0.9182661140328867
6678.8			0.9455293536620748
6679.700000000001			0.9845032808521034
6680.6			1.0079037051393336
6681.5			1.017218105610406
6682.4			1.0200583593285224
6683.3			1.017827125629505
6684.200000000001			1.012703208940015
6685.1			1.0094831247899263
6686.0			1.0095864624035005
6686.9			1.008027440553956
6687.8			1.0048626193578076
6688.700000000001			1.0055167734607107
6689.6			1.0104235594957938
6690.5			1.00963717349701
6691.4			1.000744021072518
6692.3			0.9974414524927941
6693.200000000001			1.0026869115798847
6694.1			1.0001196292214736
6695.0			0.9835779432843607
6695.9			0.967460141543901
6696.8			0.9629664184505351
6697.700000000001			0.9666118806081393
6698.6			0.9771057876330334
6699.5			0.9928540897150491
6700.4			1.0044299019050744
6701.3			1.0055106283905706
6702.200000000001			0.9965976019278178
6703.1			0.9809267167646261
6704.0			0.968489756686807
6704.9			0.9674707842875544
6705.8			0.976003188558895
6706.700000000001			0.9864281143643782
6707.6			0.9903703482235442
6708.5			0.9847717230722678
6709.4			0.9762607199534741
6710.3			0.9730109532707879
6711.200000000001			0.972684202236494
6712.1			0.9706298178119347
6713.0			0.9676618212364826
6713.9			0.9635512756397112
6714.8			0.9534070547433939
6715.700000000001			0.9350056377024712
6716.6			0.9170422224459839
6717.5			0.919224746756933
6718.4			0.9477836663948915
6719.3			0.979382260358546
6720.200000000001			0.9916668923743888
6721.1			0.9939103582816662
6722.0			1.0027107488284959
6722.9			1.0112892542592267
6723.8			1.0055906436919535
6724.700000000001			0.9904487480622055
6725.6			0.9827923530546966
6726.5			0.9883648618313566
6727.4			0.9990273866927657
6728.3			1.0075844870119273
6729.200000000001			1.0131498717070953
6730.1			1.0146803226074712
6731.0			1.0090916877369545
6731.9			0.9965405133473538
6732.8			0.9881306401677599
6733.700000000001			0.9918084052815103
6734.6			0.9995271798835509
6735.5			0.9993726596352658
6736.4			0.9879815414726235
6737.3			0.9726003387775336
6738.200000000001			0.9660057772197035
6739.1			0.9742792891452259
6740.0			0.985009886562104
6740.9			0.9812690138894617
6741.8			0.9691817834973716
6742.700000000001			0.9672524993781558
6743.6			0.9765944139356115
6744.5			0.9855669061216122
6745.4			0.9898164227761811
6746.3			0.9931204485851121
6747.200000000001			0.9923210748973096
6748.1			0.9819696170858586
6749.0			0.9650713810931189
6749.9			0.9525882179670376
6750.8			0.9531098933723064
6751.700000000001			0.9614431897505207
6752.6			0.9725409409385978
6753.5			0.986917955524592
6754.4			0.998365697279011
6755.3			1.0009608279698035
6756.200000000001			1.0011467805576264
6757.1			1.0067985423677344
6758.0			1.0161346858453373
6758.9			1.0203425160791748
6759.8			1.016507471998762
6760.700000000001			1.009219035497417
6761.6			1.003445019000647
6762.5			1.0000387685420913
6763.4			0.9951871398831529
6764.3			0.9877991641534719
6765.200000000001			0.9785048834806483
6766.1			0.968795140537475
6767.0			0.9618674110553782
6767.9			0.9624879677133815
6768.8			0.9689460929153698
6769.700000000001			0.9697356158316018
6770.6			0.9637925215241132
6771.5			0.9641604402084614
6772.4			0.9774737684731032
6773.3			0.9938717503465139
6774.200000000001			1.000864574121913
6775.1			0.9981628550605051
6776.0			0.9933854115439891
6776.9			0.9902614599679158
6777.8			0.9900623242938457
6778.700000000001			0.9914749865826764
6779.6			0.9935914922996167
6780.5			0.9922492421120557
6781.4			0.9818543615400613
6782.3			0.9670372848720461
6783.200000000001			0.9584060915215696
6784.1			0.9587503310658041
6785.0			0.9630283834619876
6785.9			0.9698803036359235
6786.8			0.979656765874442
6787.700000000001			0.9865820047570308
6788.6			0.9909551149936252
6789.5			0.9977837593931245
6790.4			1.0038772275134717
6791.3			1.0015102181738127
6792.200000000001			0.9909960109869483
6793.1			0.9826493553162058
6794.0			0.9818558804937145
6794.9			0.9819953811736551
6795.8			0.981584758391074
6796.700000000001			0.9857029804132534
6797.6			0.9937832416168052
6798.5			0.9968895652894473
6799.4			0.9910073688498653
6800.3			0.9835820865819143
6801.200000000001			0.9843728160770255
6802.1			0.990151502938912
6803.0			0.9884662218024954
6803.9			0.978479546545966
6804.8			0.9712371435244715
6805.700000000001			0.9731285781172144
6806.6			0.9826937708734209
6807.5			0.9909028751158866
6808.4			0.9891862276594798
6809.3			0.9821448013961304
6810.200000000001			0.9822305622927975
6811.1			0.9931054148877428
6812.0			1.0048593428200687
6812.9			1.0030877035711305
6813.8			0.9911252932179282
6814.700000000001			0.9873053963140347
6815.6			0.9977907391107954
6816.5			1.0096777067054674
6817.4			1.0113593069426818
6818.3			1.004781274650737
6819.200000000001			0.9953898552993913
6820.1			0.9894529462033376
6821.0			0.9888529408091219
6821.9			0.9876367423353299
6822.8			0.9870434033811889
6823.700000000001			0.9934823750816582
6824.6			1.003662794109043
6825.5			1.0070560583933115
6826.4			0.9985569032764992
6827.3			0.9876742947602487
6828.200000000001			0.9852686154770923
6829.1			0.9916100008060876
6830.0			0.9993277586973061
6830.9			1.0019868739007598
6831.8			0.9998635826245071
6832.700000000001			0.9961817962859628
6833.6			0.9950464272900447
6834.5			0.9989911642036807
6835.4			1.0026383744548768
6836.3			1.0024115315217041
6837.200000000001			0.999533662575546
6838.1			0.9900018603416966
6839.0			0.9719412911055706
6839.9			0.9508707367514884
6840.8			0.9349105231741353
6841.700000000001			0.928069089909213
6842.6			0.9337747011118244
6843.5			0.9540765425930477
6844.4			0.9797174259810888
6845.3			0.9959701570972036
6846.200000000001			0.9979281624132698
6847.1			0.9946759365098342
6848.0			0.9949946726370562
6848.9			0.9970108840668646
6849.8			0.9975628459162635
6850.700000000001			0.996707463900064
6851.6			0.9953462816019528
6852.5			0.989701788341242
6853.4			0.9736043350320733
6854.3			0.953851084744352
6855.200000000001			0.9475824213806544
6856.1			0.9568522249430494
6857.0			0.9658326892425796
6857.9			0.9674681566636475
6858.8			0.968754474992097
6859.700000000001			0.969293599207393
6860.6			0.9657423312799104
6861.5			0.9658875538717281
6862.4			0.9777897907504722
6863.3			0.9942287554756305
6864.200000000001			0.9973884947796818
6865.1			0.9839166488902881
6866.0			0.9701359454982845
6866.9			0.9672359151925393
6867.8			0.9696813661933009
6868.700000000001			0.970793706379715
6869.6			0.9709353812143472
6870.5			0.9721058102544406
6871.4			0.9778807845016994
6872.3			0.9831506255788326
6873.200000000001			0.9799436416767977
6874.1			0.9702504688578849
6875.0			0.9643682138669579
6875.9			0.96797027781376
6876.8			0.9748410105765181
6877.700000000001			0.9821110653016452
6878.6			0.990013449038889
6879.5			0.9850253488030656
6880.4			0.9625392137307657
6881.3			0.9385695997082955
6882.200000000001			0.933578997925458
6883.1			0.9485567009953527
6884.0			0.9679718186295322
6884.9			0.979041965621828
6885.8			0.9780751016077922
6886.700000000001			0.9775295266828292
6887.6			0.990487523027368
6888.5			0.999962030068733
6889.4			1.0
6890.3			1.0
6891.200000000001			1.0
6892.1			1.0
6893.0			1.0
6893.9			1.0
6894.8			1.0
6895.700000000001			1.0
6896.6			1.0
6897.5			1.0
6898.4			1.0
6899.3			1.0
6900.200000000001			1.0
6901.1			1.0
6902.0			1.0
6902.9			1.0
6903.8			1.0
6904.700000000001			1.0
6905.6			1.0
6906.5			1.0
6907.4			1.0
6908.3			1.0
6909.200000000001			1.0
6910.1			1.0
6911.0			1.0
6911.9			1.0
6912.8			1.0
6913.700000000001			1.0
6914.6			1.0
6915.5			1.0
6916.4			1.0
6917.3			1.0
6918.200000000001			1.0
6919.1			1.0
6920.0			1.0
6920.9			1.0
6921.8			1.0
6922.700000000001			1.0
6923.6			1.0
6924.5			1.0
6925.4			1.0
6926.3			1.0
6927.200000000001			1.0
6928.1			1.0
6929.0			1.0
6929.9			1.0
6930.8			1.0
6931.700000000001			1.0
6932.6			1.0
6933.5			1.0
6934.4			1.0
6935.3			1.0
6936.200000000001			1.0
6937.1			1.0
6938.0			1.0
6938.9			1.0
6939.8			1.0
6940.700000000001			1.0
6941.6			1.0
6942.5			1.0
6943.4			1.0
6944.3			1.0
6945.200000000001			1.0
6946.1			1.0
6947.0			1.0
6947.9			1.0
6948.8			1.0
6949.700000000001			1.0
6950.6			1.0
6951.5			1.0
6952.4			1.0
6953.3			1.0
6954.200000000001			1.0
6955.1			1.0
6956.0			1.0
6956.9			1.0
6957.8			1.0
6958.700000000001			1.0
6959.6			1.0
6960.5			1.0
6961.4			1.0
6962.3			1.0
6963.200000000001			1.0
6964.1			1.0
6965.0			1.0
6965.9			1.0
6966.8			1.0
6967.700000000001			1.0
6968.6			1.0
6969.5			1.0
6970.4			1.0
6971.3			1.0
6972.200000000001			1.0
6973.1			1.0
6974.0			1.0
6974.9			0.9838179568337453
6975.8			0.9629177192300895
6976.700000000001			0.930820451308054
6977.6			0.8985925498014108
6978.5			0.8919798212556798
6979.4			0.9173464697897085
6980.3			0.9531823819211944
6981.200000000001			0.9815528884991621
6982.1			1.000143495781262
6983.0			1.0
6983.9			1.0
6984.8			1.0
6985.700000000001			1.0
6986.6			1.0
6987.5			1.0
6988.4			1.0
6989.3			1.0
6990.200000000001			1.0
6991.1			1.0
6992.0			1.0
6992.9			1.0
6993.8			1.0
6994.700000000001			1.0
6995.6			1.0
6996.5			1.0
6997.4			1.0
6998.3			1.0
6999.200000000001			1.0
7000.1			1.0
7001.0			1.0
7001.9			1.0
7002.8			1.0
7003.700000000001			1.0
7004.6			1.0
7005.5			1.0
7006.4			1.0
7007.3			1.0
7008.200000000001			1.0
7009.1			1.0
7010.0			1.0
7010.9			1.0
7011.8			1.0
7012.700000000001			1.0
7013.6			1.0
7014.5			1.0
7015.4			1.0
7016.3			1.0
7017.200000000001			1.0
7018.1			1.0
7019.0			1.0
7019.9			1.0
7020.8			1.0
7021.700000000001			1.0
7022.6			1.0
7023.5			1.0
7024.4			1.0
7025.3			1.0
7026.200000000001			1.0
7027.1			1.0
7028.0			1.0
7028.9			1.0
7029.8			1.0
7030.700000000001			1.0
7031.6			1.0
7032.5			1.0
7033.4			1.0
7034.3			1.0
7035.200000000001			1.0
7036.1			1.0
7037.0			1.0
7037.9			1.0
7038.8			1.0
7039.700000000001			1.0
7040.6			1.0
7041.5			1.0
7042.4			1.0
7043.3			1.0
7044.200000000001			1.0
7045.1			1.0
7046.0			1.0
7046.9			1.0
7047.8			1.0
7048.700000000001			1.0
7049.6			1.0
7050.5			1.0
7051.4			1.0
7052.3			1.0
7053.200000000001			1.0
7054.1			1.0
7055.0			1.0
7055.9			1.0
7056.8			1.0
7057.700000000001			1.0
7058.6			1.0
7059.5			1.0
7060.4			1.0
7061.3			1.0
7062.200000000001			1.0
7063.1			1.0
7064.0			1.0
7064.9			1.0
7065.8			1.0
7066.700000000001			1.0
7067.6			1.0
7068.5			1.0
7069.4			1.0
7070.3			1.0
7071.200000000001			1.0
7072.1			1.0
7073.0			1.0
7073.9			1.0
7074.8			1.0
7075.700000000001			1.0
7076.6			1.0
7077.5			1.0
7078.4			1.0
7079.3			1.0
7080.200000000001			1.0
7081.1			1.0
7082.0			1.0
7082.9			1.0
7083.8			1.0
7084.700000000001			1.0
7085.6			1.0
7086.5			1.0
7087.4			1.0
7088.3			1.0
7089.200000000001			1.0
7090.1			1.0
7091.0			1.0
7091.9			1.0
7092.8			1.0
7093.700000000001			1.0
7094.6			1.0
7095.5			1.0
7096.4			1.0
7097.3			1.0
7098.200000000001			1.0
7099.1			1.0
7100.0			1.0
7100.9			1.0
7101.8			1.0
7102.700000000001			1.0
7103.6			1.0
7104.5			1.0
7105.4			1.0
7106.3			1.0
7107.200000000001			1.0
7108.1			1.0
7109.0			1.0
7109.9			1.0
7110.8			1.0
7111.700000000001			1.0
7112.6			1.0
7113.5			1.0
7114.4			1.0
7115.3			1.0
7116.200000000001			1.0
7117.1			1.0
7118.0			1.0
7118.9			1.0
7119.8			1.0
7120.700000000001			1.0
7121.6			1.0
7122.5			1.0
7123.4			1.0
7124.3			1.0
7125.200000000001			1.0
7126.1			1.0
7127.0			1.0
7127.9			1.0
7128.8			1.0
7129.700000000001			1.0
7130.6			1.0
7131.5			1.0
7132.4			1.0
7133.3			1.0
7134.200000000001			1.0
7135.1			1.0
7136.0			1.0
7136.9			1.0
7137.8			1.0
7138.700000000001			1.0
7139.6			1.0
7140.5			1.0
7141.4			1.0
7142.3			1.0
7143.200000000001			1.0
7144.1			1.0
7145.0			1.0
7145.9			1.0
7146.8			1.0
7147.700000000001			1.0
7148.6			1.0
7149.5			1.0
7150.4			1.0
7151.3			1.0
7152.200000000001			1.0
7153.1			1.0
7154.0			1.0
7154.9			1.0
7155.8			1.0
7156.700000000001			1.0
7157.6			1.0
7158.5			1.0
7159.4			1.0
7160.3			1.0
7161.200000000001			1.0
7162.1			1.0
7163.0			1.0
7163.9			1.0
7164.8			1.0
7165.700000000001			1.0
7166.6			1.0
7167.5			1.0
7168.4			1.0
7169.3			1.0
7170.200000000001			1.0
7171.1			1.0
7172.0			1.0
7172.9			1.0
7173.8			1.0
7174.700000000001			1.0
7175.6			1.0
7176.5			1.0
7177.4			1.0
7178.3			1.0
7179.200000000001			1.0
7180.1			1.0
7181.0			1.0
7181.9			1.0
7182.8			1.0
7183.700000000001			1.0
7184.6			1.0
7185.5			1.0
7186.4			1.0
7187.3			1.0
7188.200000000001			1.0
7189.1			1.0
7190.0			1.0
7190.9			1.0
7191.8			1.0
7192.700000000001			1.0
7193.6			1.0
7194.5			1.0
7195.4			1.0
7196.3			1.0
7197.200000000001			1.0
7198.1			1.0
7199.0			1.0
7199.9			1.0
7200.8			1.0
7201.700000000001			1.0
7202.6			1.0
7203.5			1.0
7204.4			1.0
7205.3			1.0
7206.200000000001			1.0
7207.1			1.0
7208.0			1.0
7208.9			1.0
7209.8			1.0
7210.700000000001			1.0
7211.6			1.0
7212.5			1.0
7213.4			1.0
7214.3			1.0
7215.200000000001			1.0
7216.1			1.0
7217.0			1.0
7217.9			1.0
7218.8			1.0
7219.700000000001			1.0
7220.6			1.0
7221.5			1.0
7222.4			1.0
7223.3			1.0
7224.200000000001			1.0
7225.1			1.0
7226.0			1.0
7226.9			1.0
7227.8			1.0
7228.700000000001			1.0
7229.6			1.0
7230.5			1.0
7231.4			1.0
7232.3			1.0
7233.200000000001			1.0
7234.1			1.0
7235.0			1.0
7235.9			1.0
7236.8			1.0
7237.700000000001			1.0
7238.6			1.0
7239.5			1.0
7240.4			1.0
7241.3			1.0
7242.200000000001			1.0
7243.1			1.0
7244.0			1.0
7244.9			1.0
7245.8			1.0
7246.700000000001			1.0
7247.6			1.0
7248.5			1.0
7249.4			1.0
7250.3			1.0
7251.200000000001			1.0
7252.1			1.0
7253.0			1.0
7253.9			1.0
7254.8			1.0
7255.700000000001			1.0
7256.6			1.0
7257.5			1.0
7258.4			1.0
7259.3			1.0
7260.200000000001			1.0
7261.1			1.0
7262.0			1.0
7262.9			1.0
7263.8			1.0
7264.700000000001			1.0
7265.6			1.0
7266.5			1.0
7267.4			1.0
7268.3			1.0
7269.200000000001			1.0
7270.1			1.0
7271.0			1.0
7271.9			1.0
7272.8			1.0
7273.700000000001			1.0
7274.6			1.0
7275.5			1.0
7276.4			1.0
7277.3			1.0
7278.200000000001			1.0
7279.1			1.0
7280.0			1.0
7280.9			1.0
7281.8			1.0
7282.700000000001			1.0
7283.6			1.0
7284.5			1.0
7285.4			1.0
7286.3			1.0
7287.200000000001			1.0
7288.1			1.0
7289.0			1.0
7289.9			1.0
7290.8			1.0
7291.700000000001			1.0
7292.6			1.0
7293.5			1.0
7294.4			1.0
7295.3			1.0
7296.200000000001			1.0
7297.1			1.0
7298.0			1.0
7298.9			1.0
7299.8			1.0
7300.700000000001			1.0
7301.6			1.0
7302.5			1.0
7303.4			1.0
7304.3			1.0
7305.200000000001			1.0
7306.1			1.0
7307.0			1.0
7307.9			1.0
7308.8			1.0
7309.700000000001			1.0
7310.6			1.0
7311.5			1.0
7312.4			1.0
7313.3			1.0
7314.200000000001			1.0
7315.1			1.0
7316.0			1.0
7316.9			1.0
7317.8			1.0
7318.700000000001			1.0
7319.6			1.0
7320.5			1.0
7321.4			1.0
7322.3			1.0
7323.200000000001			1.0
7324.1			1.0
7325.0			1.0
7325.9			1.0
7326.8			1.0
7327.700000000001			1.0
7328.6			1.0
7329.5			1.0
7330.4			1.0
7331.3			1.0
7332.200000000001			1.0
7333.1			1.0
7334.0			1.0
7334.9			1.0
7335.8			1.0
7336.700000000001			1.0
7337.6			1.0
7338.5			1.0
7339.4			1.0
7340.3			1.0
7341.200000000001			1.0
7342.1			1.0
7343.0			1.0
7343.9			1.0
7344.8			1.0
7345.700000000001			1.0
7346.6			1.0
7347.5			1.0
7348.4			1.0
7349.3			1.0
7350.200000000001			1.0
7351.1			1.0
7352.0			1.0
7352.9			1.0
7353.8			1.0
7354.700000000001			1.0
7355.6			1.0
7356.5			1.0
7357.4			1.0
7358.3			1.0
7359.200000000001			1.0
7360.1			1.0
7361.0			1.0
7361.9			1.0
7362.8			1.0
7363.700000000001			1.0
7364.6			1.0
7365.5			1.0
7366.4			1.0
7367.3			1.0
7368.200000000001			1.0
7369.1			1.0
7370.0			1.0
7370.9			1.0
7371.8			1.0
7372.700000000001			1.0
7373.6			1.0
7374.5			1.0
7375.4			1.0
7376.3			1.0
7377.200000000001			1.0
7378.1			1.0
7379.0			1.0
7379.9			1.0
7380.8			1.0
7381.700000000001			1.0
7382.6			1.0
7383.5			1.0
7384.4			1.0
7385.3			1.0
7386.200000000001			1.0
7387.1			1.0
7388.0			1.0
7388.9			1.0
7389.8			1.0
7390.700000000001			1.0
7391.6			1.0
7392.5			1.0
7393.4			1.0
7394.3			1.0
7395.200000000001			1.0
7396.1			1.0
7397.0			1.0
7397.9			1.0
7398.8			1.0
7399.700000000001			1.0
7400.6			1.0
7401.5			1.0
7402.4			1.0
7403.3			1.0
7404.200000000001			1.0
7405.1			1.0
7406.0			1.0
7406.9			1.0
7407.8			1.0
7408.700000000001			1.0
7409.6			1.0
7410.5			1.0
7411.4			1.0
7412.3			1.0
7413.200000000001			1.0
7414.1			1.0
7415.0			1.0
7415.9			1.0
7416.8			1.0
7417.700000000001			1.0
7418.6			1.0
7419.5			1.0
7420.4			1.0
7421.3			1.0
7422.200000000001			1.0
7423.1			1.0
7424.0			1.0
7424.9			1.0
7425.8			1.0
7426.700000000001			1.0
7427.6			1.0
7428.5			1.0
7429.4			1.0
