3500.0			1.0
3500.9			1.0
3501.8			1.0
3502.7			1.0
3503.6			1.0
3504.5			1.0
3505.4			1.0
3506.3			1.0
3507.2			1.0
3508.1			1.0
3509.0			1.0
3509.9			1.0
3510.8			1.0
3511.7			1.0
3512.6			1.0
3513.5			1.0
3514.4			1.0
3515.3			1.0
3516.2			1.0
3517.1			1.0
3518.0			1.0
3518.9			1.0
3519.8			1.0
3520.7			1.0
3521.6			1.0
3522.5			1.0
3523.4			1.0
3524.3			1.0
3525.2			1.0
3526.1			1.0
3527.0			1.0
3527.9			1.0
3528.8			1.0
3529.7			1.0
3530.6			1.0
3531.5			1.0
3532.4			1.0
3533.3			1.0
3534.2			1.0
3535.1			1.0
3536.0			1.0
3536.9			1.0
3537.8			1.0
3538.7			1.0
3539.6			1.0
3540.5			1.0
3541.4			1.0
3542.3			1.0
3543.2			1.0
3544.1			1.0
3545.0			1.0
3545.9			1.0
3546.8			1.0
3547.7			1.0
3548.6			1.0
3549.5			1.0
3550.4			1.0
3551.3			1.0
3552.2			1.0
3553.1			1.0
3554.0			1.0
3554.9			1.0
3555.8			1.0
3556.7			1.0
3557.6			1.0
3558.5			1.0
3559.4			1.0
3560.3			1.0
3561.2			1.0
3562.1			1.0
3563.0			1.0
3563.9			1.0
3564.8			1.0
3565.7			1.0
3566.6			1.0
3567.5			1.0
3568.4			1.0
3569.3			1.0
3570.2			1.0
3571.1			1.0
3572.0			1.0
3572.9			1.0
3573.8			1.0
3574.7			1.0
3575.6			1.0
3576.5			1.0
3577.4			1.0
3578.3			1.0
3579.2			1.0
3580.1			1.0
3581.0			1.0
3581.9			1.0
3582.8			1.0
3583.7			1.0
3584.6			1.0
3585.5			1.0
3586.4			1.0
3587.3			1.0
3588.2			1.0
3589.1			1.0
3590.0			1.0
3590.9			1.0
3591.8			1.0
3592.7			1.0
3593.6			1.0
3594.5			1.0
3595.4			1.0
3596.3			1.0
3597.2			1.0
3598.1			1.0
3599.0			1.0
3599.9			1.0
3600.8			1.0
3601.7			1.0
3602.6			1.0
3603.5			1.0
3604.4			1.0
3605.3			1.0
3606.2			1.0
3607.1			1.0
3608.0			1.0
3608.9			1.0
3609.8			1.0
3610.7			1.0
3611.6			1.0
3612.5			1.0
3613.4			1.0
3614.3			1.0
3615.2			1.0
3616.1			1.0
3617.0			1.0
3617.9			1.0
3618.8			1.0
3619.7			1.0
3620.6			1.0
3621.5			1.0
3622.4			1.0
3623.3			1.0
3624.2			1.0
3625.1			1.0
3626.0			1.0
3626.9			1.0
3627.8			1.0
3628.7			1.0
3629.6			1.0
3630.5			1.0
3631.4			1.0
3632.3			1.0
3633.2			1.0
3634.1			1.0
3635.0			1.0
3635.9			1.0
3636.8			1.0
3637.7			1.0
3638.6			1.0
3639.5			1.0
3640.4			1.0
3641.3			1.0
3642.2			1.0
3643.1			1.0
3644.0			1.0
3644.9			1.0
3645.8			1.0
3646.7			1.0
3647.6			1.0
3648.5			1.0
3649.4			1.0
3650.3			1.0
3651.2			1.0
3652.1			1.0
3653.0			1.0
3653.9			1.0
3654.8			1.0
3655.7			1.0
3656.6			1.0
3657.5			1.0
3658.4			1.0
3659.3			1.0
3660.2			1.0
3661.1			1.0
3662.0			1.0
3662.9			1.0
3663.8			1.0
3664.7			1.0
3665.6			1.0
3666.5			1.0
3667.4			1.0
3668.3			1.0
3669.2			1.0
3670.1			1.0
3671.0			1.0
3671.9			1.0
3672.8			1.0
3673.7			1.0
3674.6			1.0
3675.5			1.0
3676.4			1.0
3677.3			1.0
3678.2			1.0
3679.1			1.0
3680.0			1.0
3680.9			1.0
3681.8			1.0
3682.7			1.0
3683.6			1.0
3684.5			1.0
3685.4			1.0
3686.3			1.0
3687.2			1.0
3688.1			1.0
3689.0			1.0
3689.9			1.0
3690.8			1.0
3691.7			1.0
3692.6			1.0
3693.5			1.0
3694.4			1.0
3695.3			1.0
3696.2			1.0
3697.1			1.0
3698.0			1.0
3698.9			1.0
3699.8			1.0
3700.7			1.0
3701.6			1.0
3702.5			1.0
3703.4			1.0
3704.3			1.0
3705.2			1.0
3706.1			1.0
3707.0			1.0
3707.9			1.0
3708.8			1.0
3709.7			1.0
3710.6			1.0
3711.5			1.0
3712.4			1.0
3713.3			1.0
3714.2			1.0
3715.1			1.0
3716.0			1.0
3716.9			1.0
3717.8			1.0
3718.7			1.0
3719.6			1.0
3720.5			1.0
3721.4			1.0
3722.3			1.0
3723.2			1.0
3724.1			1.0
3725.0			1.0
3725.9			1.0
3726.8			1.0
3727.7			1.0
3728.6			1.0
3729.5			1.0
3730.4			1.0
3731.3			1.0
3732.2			1.0
3733.1			1.0
3734.0			1.0
3734.9			1.0
3735.8			1.0
3736.7			1.0
3737.6			1.0
3738.5			1.0
3739.4			1.0
3740.3			1.0
3741.2			1.0
3742.1			1.0
3743.0			1.0
3743.9			1.0
3744.8			1.0
3745.7			1.0
3746.6			1.0
3747.5			1.0
3748.4			1.0
3749.3			1.0
3750.2			1.0
3751.1			1.0
3752.0			1.0
3752.9			1.0
3753.8			1.0
3754.7			1.0
3755.6			1.0
3756.5			1.0
3757.4			1.0
3758.3			1.0
3759.2			1.0
3760.1			1.0
3761.0			1.0
3761.9			1.0
3762.8			1.0
3763.7			1.0
3764.6			1.0
3765.5			1.0
3766.4			1.0
3767.3			1.0
3768.2			1.0
3769.1			1.0
3770.0			1.0
3770.9			1.0
3771.8			1.0
3772.7			1.0
3773.6			1.0
3774.5			1.0
3775.4			1.0
3776.3			1.0
3777.2			1.0
3778.1			1.0
3779.0			1.0
3779.9			1.0
3780.8			1.0
3781.7			1.0
3782.6			1.0
3783.5			1.0
3784.4			1.0
3785.3			1.0
3786.2			1.0
3787.1			1.0
3788.0			1.0
3788.9			1.0
3789.8			1.0
3790.7			1.0
3791.6			1.0
3792.5			1.0
3793.4			1.0
3794.3			1.0
3795.2			1.0
3796.1			1.0
3797.0			1.0
3797.9			1.0
3798.8			1.0
3799.7			1.0
3800.6			1.0
3801.5			1.0
3802.4			1.0
3803.3			1.0
3804.2			1.0
3805.1			1.0
3806.0			1.0
3806.9			1.0
3807.8			1.0
3808.7			1.0
3809.6			1.0
3810.5			1.0
3811.4			1.0
3812.3			1.0
3813.2			1.0
3814.1			1.0
3815.0			1.0
3815.9			1.0
3816.8			1.0
3817.7			1.0
3818.6			1.0
3819.5			1.0
3820.4			1.0
3821.3			1.0
3822.2			1.0
3823.1			1.0
3824.0			1.0
3824.9			1.0
3825.8			1.0
3826.7			1.0
3827.6			1.0
3828.5			1.0
3829.4			1.0
3830.3			1.0
3831.2			1.0
3832.1			1.0
3833.0			1.0
3833.9			1.0
3834.8			1.0
3835.7			1.0
3836.6			1.0
3837.5			1.0
3838.4			1.0
3839.3			1.0
3840.2			1.0
3841.1			1.0
3842.0			1.0
3842.9			1.0
3843.8			1.0
3844.7			1.0
3845.6			1.0
3846.5			1.0
3847.4			1.0
3848.3			1.0
3849.2			1.0
3850.1			1.0
3851.0			1.0
3851.9			1.0
3852.8			1.0
3853.7			1.0
3854.6			1.0
3855.5			1.0
3856.4			1.0
3857.3			1.0
3858.2			1.0
3859.1			1.0
3860.0			1.0
3860.9			1.0
3861.8			1.0
3862.7			1.0
3863.6			1.0
3864.5			1.0
3865.4			1.0
3866.3			1.0
3867.2			1.0
3868.1			1.0
3869.0			1.0
3869.9			1.0
3870.8			1.0
3871.7			1.0
3872.6			1.0
3873.5			1.0
3874.4			1.0
3875.3			1.0
3876.2			1.0
3877.1			1.0
3878.0			1.0
3878.9			1.0
3879.8			1.0
3880.7			1.0
3881.6			1.0
3882.5			1.0
3883.4			1.0
3884.3			1.0
3885.2			1.0
3886.1			1.0
3887.0			1.0
3887.9			1.0
3888.8			1.0
3889.7			1.0
3890.6			1.0
3891.5			1.0
3892.4			1.0
3893.3			1.0
3894.2			1.0
3895.1			1.0
3896.0			1.0
3896.9			1.0
3897.8			1.0
3898.7			1.0
3899.6			1.0
3900.5			1.0
3901.4			1.0
3902.3			1.0
3903.2			1.0
3904.1			1.0
3905.0			1.0
3905.9			1.0
3906.8			1.0
3907.7			1.0
3908.6			1.0
3909.5			1.0
3910.4			1.0
3911.3			1.0
3912.2			1.0
3913.1			1.0
3914.0			1.0
3914.9			1.0
3915.8			1.0
3916.7			1.0
3917.6			1.0
3918.5			1.0
3919.4			1.0
3920.3			1.0
3921.2			1.0
3922.1			1.0
3923.0			1.0
3923.9			1.0
3924.8			1.0
3925.7			1.0
3926.6			1.0
3927.5			1.0
3928.4			1.0
3929.3			1.0
3930.2			1.0
3931.1			1.0
3932.0			1.0
3932.9			1.0
3933.8			1.0
3934.7			1.0
3935.6			1.0
3936.5			1.0
3937.4			1.0
3938.3			1.0
3939.2			1.0
3940.1			1.0
3941.0			1.0
3941.9			1.0
3942.8			1.0
3943.7			1.0
3944.6			1.0
3945.5			1.0
3946.4			1.0
3947.3			1.0
3948.2			1.0
3949.1			1.0
3950.0			1.0
3950.9			1.0
3951.8			1.0
3952.7			1.0
3953.6			1.0
3954.5			1.0
3955.4			1.0
3956.3			1.0
3957.2			1.0
3958.1			1.0
3959.0			1.0
3959.9			1.0
3960.8			1.0
3961.7			1.0
3962.6			1.0
3963.5			1.0
3964.4			1.0
3965.3			1.0
3966.2			1.0
3967.1			1.0
3968.0			1.0
3968.9			1.0
3969.8			1.0
3970.7			1.0
3971.6			1.0
3972.5			1.0
3973.4			1.0
3974.3			1.0
3975.2			1.0
3976.1			1.0
3977.0			1.0
3977.9			1.0
3978.8			1.0
3979.7			1.0
3980.6			1.0
3981.5			1.0
3982.4			1.0
3983.3			1.0
3984.2			1.0
3985.1			1.0
3986.0			1.0
3986.9			1.0
3987.8			1.0
3988.7			1.0
3989.6			1.0
3990.5			1.0
3991.4			1.0
3992.3			1.0
3993.2			1.0
3994.1			1.0
3995.0			1.0
3995.9			1.0
3996.8			1.0
3997.7			1.0
3998.6			1.0
3999.5			1.0
4000.4			1.0
4001.3			1.0
4002.2			1.0
4003.1			1.0
4004.0			1.0
4004.9			1.0
4005.8			1.0
4006.7			1.0
4007.6			1.0
4008.5			1.0
4009.4			1.0
4010.3			1.0
4011.2			1.0
4012.1			1.0
4013.0			1.0
4013.9			1.0
4014.8			1.0
4015.7			1.0
4016.6			1.0
4017.5			1.0
4018.4			1.0
4019.3			1.0
4020.2			1.0
4021.1			1.0
4022.0			1.0
4022.9			1.0
4023.8			1.0
4024.7			1.0
4025.6			1.0
4026.5			1.1029934081439186
4027.4			1.1570137912569203
4028.3			1.1577912378610395
4029.2			1.0262069895463202
4030.1			0.7812069145205397
4031.0			0.5995579404413309
4031.9			0.5524823132839201
4032.8			0.5430917377436807
4033.7			0.5487815897835232
4034.6			0.6249936182977327
4035.5			0.7701077896359833
4036.4			0.915333574668579
4037.3			0.98535733129288
4038.2			1.0
4039.1			1.0
4040.0			1.0
4040.9			1.0
4041.8			0.9854136226932345
4042.7			0.9723291311537987
4043.6			0.8794812828118262
4044.5			0.7136791718145703
4045.4			0.584998666304109
4046.3			0.5950906793893657
4047.2			0.7371796546365298
4048.1			0.8988255242126784
4049.0			1.0009215786472994
4049.9			1.0
4050.8			1.0
4051.7			1.0
4052.6			1.0
4053.5			1.0
4054.4			1.0
4055.3			1.0
4056.2			1.0
4057.1			1.0
4058.0			1.0
4058.9			1.0
4059.8			1.0
4060.7			1.0338983839053304
4061.6			0.9807579833534131
4062.5			0.8422286192743127
4063.4			0.7027023653799935
4064.3			0.7227635390697649
4065.2			0.8840238143395504
4066.1			0.9981997317853574
4067.0			1.0
4067.9			1.0
4068.8			1.0
4069.7			1.0
4070.6			1.0
4071.5			1.0
4072.4			1.0
4073.3			1.0
4074.2			1.0
4075.1			0.9113125308644353
4076.0			0.7314059656015813
4076.9			0.5813155889609366
4077.8			0.5497752476259085
4078.7			0.6587480337372517
4079.6			0.8429387496222822
4080.5			1.0029881808943597
4081.4			1.0
4082.3			1.0
4083.2			1.0
4084.1			1.0
4085.0			1.0
4085.9			1.0
4086.8			1.0
4087.7			1.0
4088.6			1.0
4089.5			1.0
4090.4			1.0
4091.3			1.0
4092.2			1.0
4093.1			1.0
4094.0			1.0383829625120655
4094.9			0.9858628557354434
4095.8			0.8719947947673286
4096.7			0.8248004115463781
4097.6			0.8457330202877003
4098.5			0.8408920916284595
4099.4			0.7666550257991184
4100.3			0.6601509179265399
4101.2			0.6012513459623138
4102.1			0.6461611927013026
4103.0			0.7565857915078597
4103.9			0.8504472027016255
4104.8			0.9341621177765581
4105.7			1.031482844341451
4106.6			1.083302825026555
4107.5			1.0623854248011422
4108.4			1.0000571592099174
4109.3			1.0
4110.2			1.0
4111.1			1.0
4112.0			1.0
4112.9			1.0
4113.8			1.0
4114.7			1.0
4115.6			1.0
4116.5			1.0
4117.4			1.0
4118.3			1.0
4119.2			1.0
4120.1			1.0
4121.0			1.0
4121.9			1.0
4122.8			1.0
4123.7			1.0
4124.6			1.0
4125.5			1.0
4126.4			1.0
4127.3			1.0
4128.2			1.0
4129.1			1.0
4130.0			1.0
4130.9			1.0
4131.8			1.0
4132.7			1.0
4133.6			1.0
4134.5			1.0
4135.4			1.0
4136.3			1.0
4137.2			1.0
4138.1			1.0
4139.0			1.0
4139.9			0.9772690978443092
4140.8			0.9637923053608249
4141.7			0.8722376994730312
4142.6			0.6960818509634866
4143.5			0.6065547711809158
4144.4			0.6944702066157388
4145.3			0.8708704160880155
4146.2			0.9840447151216054
4147.1			1.0019776635275501
4148.0			1.0
4148.9			1.0
4149.8			1.0
4150.7			1.0
4151.6			1.0
4152.5			1.0
4153.4			1.0
4154.3			1.0
4155.2			1.0
4156.1			1.0
4157.0			1.0
4157.9			1.0
4158.8			1.0
4159.7			1.0
4160.6			1.0
4161.5			1.0
4162.4			1.0
4163.3			1.0
4164.2			1.0
4165.1			1.0
4166.0			1.0
4166.9			0.99927087426113
4167.8			0.9592411193744803
4168.7			0.9540671875181554
4169.6			0.9918623112235191
4170.5			0.9869408386491019
4171.4			0.8729412286629943
4172.3			0.7162049083887989
4173.2			0.6504081095353269
4174.1			0.6879188006557511
4175.0			0.767395790637581
4175.9			0.8391148871434054
4176.8			0.8616848638493716
4177.7			0.8682178443245808
4178.6			0.9219892850360158
4179.5			0.9995371560873885
4180.4			1.0
4181.3			1.0
4182.2			1.0
4183.1			1.0
4184.0			1.0
4184.9			1.0
4185.8			1.0
4186.7			1.0
4187.6			1.0
4188.5			1.0
4189.4			1.0
4190.3			0.9208633926500794
4191.2			0.8788638258435287
4192.1			0.9687797085819041
4193.0			1.0858254786086066
4193.9			1.0877338570732782
4194.8			0.9993941930616237
4195.7			0.9222566404173081
4196.6			0.8674880971678868
4197.5			0.7954595786516374
4198.4			0.7206572240528349
4199.3			0.6893745775271534
4200.2			0.6970868027613757
4201.1			0.699894935217085
4202.0			0.7091594595824434
4202.9			0.7420767504520864
4203.8			0.7609745198374132
4204.7			0.7558976939584883
4205.6			0.7786013835425384
4206.5			0.8558537095612768
4207.4			0.955255343926704
4208.3			1.0058024696135084
4209.2			1.0
4210.1			1.0
4211.0			1.0
4211.9			1.0
4212.8			1.0
4213.7			1.0
4214.6			1.0
4215.5			1.0
4216.4			1.0
4217.3			1.0
4218.2			1.0732478051910088
4219.1			1.072869233728645
4220.0			1.054366200880878
4220.9			1.0094900964350546
4221.8			0.9128411393815088
4222.7			0.7833077214326082
4223.6			0.6567627779712294
4224.5			0.5289342491609396
4225.4			0.39481523899640225
4226.3			0.29467414617907045
4227.2			0.3043695382123822
4228.1			0.4303490215254265
4229.0			0.59519871327353
4229.9			0.7527900578715768
4230.8			0.8867882465305735
4231.7			0.9323257721779236
4232.6			0.8922404234398068
4233.5			0.9012871586232202
4234.4			1.0000967327217485
4235.3			1.0
4236.2			1.0
4237.1			1.0
4238.0			1.0
4238.9			1.0
4239.8			1.0
4240.7			1.0
4241.6			1.0
4242.5			1.0
4243.4			1.0
4244.3			1.0
4245.2			1.0
4246.1			1.0
4247.0			0.9313920219896473
4247.9			0.9478328236065559
4248.8			0.9725310646480311
4249.7			0.8994961649732466
4250.6			0.7759030841466759
4251.5			0.7349532179143515
4252.4			0.7382488987688463
4253.3			0.6716098888864809
4254.2			0.5900335513206685
4255.1			0.641311952874464
4256.0			0.8283741125157842
4256.9			0.9839246276348246
4257.8			1.0096688665802305
4258.7			0.9632279364952101
4259.6			0.9189940321528451
4260.5			0.9173382843324627
4261.4			1.0035902257091527
4262.3			1.0
4263.2			1.0
4264.1			1.0
4265.0			1.0
4265.9			1.0
4266.8			1.0
4267.7			1.0
4268.6			0.949078326007291
4269.5			0.881882557768812
4270.4			0.7540696690835418
4271.3			0.6102880394638942
4272.2			0.565261261135704
4273.1			0.5908731266428933
4274.0			0.5754228427895345
4274.9			0.5654266161120115
4275.8			0.6791105176900525
4276.7			0.8759641259001232
4277.6			1.048867816090805
4278.5			1.146835932815115
4279.4			1.1417075817653497
4280.3			1.0662752632899606
4281.2			1.0041967634000628
4282.1			1.0
4283.0			1.0
4283.9			1.0
4284.8			1.0
4285.7			0.9660445681940024
4286.6			0.9181490526915934
4287.5			0.8354290429479094
4288.4			0.6912014337961883
4289.3			0.5397179153736348
4290.2			0.487368506323701
4291.1			0.5924571611782314
4292.0			0.8015443983729778
4292.9			0.9701986611974464
4293.8			1.0026717926692117
4294.7			0.9977050232216508
4295.6			1.0
4296.5			1.0
4297.4			1.0
4298.3			1.0
4299.2			1.0
4300.1			1.0
4301.0			1.0
4301.9			1.0
4302.8			1.0
4303.7			1.0548374495977524
4304.6			1.0251025146019075
4305.5			0.8669085691275724
4306.4			0.6967124893355796
4307.3			0.5987535508210227
4308.2			0.5865652677030012
4309.1			0.6739987632970265
4310.0			0.8374270743117223
4310.9			1.005099742123156
4311.8			1.0
4312.7			1.0
4313.6			1.0
4314.5			1.0
4315.4			1.0
4316.3			1.0
4317.2			1.0
4318.1			1.0
4319.0			1.0
4319.9			1.0
4320.8			1.0
4321.7			1.0
4322.6			1.0
4323.5			0.944454471601401
4324.4			0.7737866639406346
4325.3			0.5942689842925082
4326.2			0.5714846913112714
4327.1			0.7454998935074777
4328.0			0.950142868375049
4328.9			1.0125132915552926
4329.8			1.0
4330.7			1.0
4331.6			1.0
4332.5			1.0
4333.4			1.0
4334.3			1.0
4335.2			1.0378776460293249
4336.1			0.9623255496733443
4337.0			0.7788617744408323
4337.9			0.6517751386801355
4338.8			0.6243072372449713
4339.7			0.5853598831308595
4340.6			0.5875367932834884
4341.5			0.7315134230967852
4342.4			0.8989152215938692
4343.3			0.9517166489075927
4344.2			0.9482617656413294
4345.1			0.9846252100857873
4346.0			1.0181869348078363
4346.9			1.0
4347.8			1.0
4348.7			1.1248596545064513
4349.6			1.1169487340966668
4350.5			0.9205649978063039
4351.4			0.7192184565424927
4352.3			0.6864904693167555
4353.2			0.7760280711733206
4354.1			0.8637144807978437
4355.0			0.9260130496535256
4355.9			0.9950337986255461
4356.8			1.0
4357.7			1.0
4358.6			1.0
4359.5			1.0
4360.4			1.0
4361.3			1.0
4362.2			1.0
4363.1			1.0
4364.0			1.0
4364.9			1.0
4365.8			1.0
4366.7			1.0
4367.6			1.0
4368.5			1.0
4369.4			1.0
4370.3			1.0
4371.2			1.0
4372.1			0.9704852572634591
4373.0			0.8906467580866025
4373.9			0.7759129608396621
4374.8			0.703100044736212
4375.7			0.7476447186030069
4376.6			0.891834307873742
4377.5			1.0016236178011317
4378.4			1.0
4379.3			0.9331433270585173
4380.2			0.8840101701702167
4381.1			0.8510188510429919
4382.0			0.7490888984314894
4382.9			0.587172064398866
4383.8			0.4850747012591291
4384.7			0.5578525837437639
4385.6			0.770353104185276
4386.5			0.9604626576714828
4387.4			1.026982807952151
4388.3			1.0136724098668761
4389.2			1.0
4390.1			1.0
4391.0			1.0
4391.9			1.0
4392.8			1.0
4393.7			1.0
4394.6			1.0
4395.5			1.0
4396.4			1.0
4397.3			1.0
4398.2			1.0
4399.1			1.0
4400.0			0.893859864819621
4400.9			0.8860972902677411
4401.8			0.9677564177415505
4402.7			0.9591212240142275
4403.6			0.7747574748665894
4404.5			0.5802116053280455
4405.4			0.5384378144225278
4406.3			0.5967727276779154
4407.2			0.622362792864686
4408.1			0.6290677466423507
4409.0			0.7278616903457903
4409.9			0.8972804910578281
4410.8			1.002790696243133
4411.7			1.0
4412.6			0.9813011212730075
4413.5			0.9105755255781799
4414.4			0.7737341516804899
4415.3			0.6879875409366389
4416.2			0.7441679395896317
4417.1			0.8758181547241056
4418.0			1.0005067825483838
4418.9			1.0
4419.8			1.0
4420.7			1.0
4421.6			1.0
4422.5			1.0
4423.4			1.0
4424.3			1.0
4425.2			1.0
4426.1			1.0
4427.0			1.0
4427.9			1.0
4428.8			1.0
4429.7			1.0
4430.6			1.0
4431.5			1.0
4432.4			1.0368090728264632
4433.3			0.929474844816617
4434.2			0.7625435916267318
4435.1			0.6645522046530784
4436.0			0.7114544529583494
4436.9			0.8583984913077035
4437.8			1.001982502005834
4438.7			1.0
4439.6			1.0
4440.5			1.0
4441.4			1.0
4442.3			1.0
4443.2			1.0
4444.1			1.0
4445.0			1.0
4445.9			1.0
4446.8			1.0
4447.7			1.0
4448.6			1.0
4449.5			1.0
4450.4			1.0
4451.3			1.0
4452.2			1.0088977527085803
4453.1			0.9406232942918333
4454.0			0.8526665911727332
4454.9			0.7863788127400148
4455.8			0.7806660665836379
4456.7			0.8306073561347166
4457.6			0.8618846716864106
4458.5			0.846177965501944
4459.4			0.8058603955215727
4460.3			0.7625559423082191
4461.2			0.7301492368589059
4462.1			0.7775977354316133
4463.0			0.9316847301812836
4463.9			1.037770045075424
4464.8			0.9967978246175574
4465.7			0.9301460273634178
4466.6			0.9348145917591614
4467.5			0.9657958960041486
4468.4			0.9671273796936886
4469.3			0.9654032910385092
4470.2			0.9897325798775246
4471.1			1.0
4472.0			1.0
4472.9			1.0
4473.8			1.0
4474.7			1.0
4475.6			1.0
4476.5			1.0
4477.4			1.0
4478.3			1.0
4479.2			0.9247871474036026
4480.1			0.8264757533554312
4481.0			0.7551216358619879
4481.9			0.7424477447202429
4482.8			0.8192681369192333
4483.7			0.93521330303871
4484.6			1.0034707705803385
4485.5			1.0
4486.4			1.0
4487.3			1.0
4488.2			1.0
4489.1			1.0
4490.0			1.0
4490.9			1.0
4491.8			1.0
4492.7			1.008636792238892
4493.6			0.9306917036290573
4494.5			0.8178900470488583
4495.4			0.7442263590439953
4496.3			0.7266000663269159
4497.2			0.7951696425874708
4498.1			0.9271382890133615
4499.0			1.009321422775325
4499.9			1.0027174421997478
4500.8			1.0
4501.7			1.0
4502.6			1.0
4503.5			1.0
4504.4			1.0
4505.3			1.0
4506.2			1.0
4507.1			1.0
4508.0			1.0
4508.9			1.0469523182090146
4509.8			1.0566533208186226
4510.7			1.0292733781798067
4511.6			0.968622190019414
4512.5			0.9076308910118441
4513.4			0.9019789829953888
4514.3			0.939632839957356
4515.2			0.986913428318319
4516.1			1.0056165802255095
4517.0			1.0
4517.9			1.0
4518.8			1.0
4519.7			1.0
4520.6			1.0
4521.5			1.0
4522.4			1.0
4523.3			1.0
4524.2			1.0312777274544815
4525.1			1.0272091086407558
4526.0			0.9274968804456818
4526.9			0.8140301803666536
4527.8			0.7679827572449581
4528.7			0.7977219306608352
4529.6			0.852525293222471
4530.5			0.8946727144639758
4531.4			0.9356955741243197
4532.3			0.9589462463437446
4533.2			0.8856407214707035
4534.1			0.7504486396235474
4535.0			0.6942685900035378
4535.9			0.8115949942035141
4536.8			1.0489632939192168
4537.7			1.1999736849410099
4538.6			1.1706935364880513
4539.5			1.0499535675318152
4540.4			0.9484730711557674
4541.3			0.9509661692226569
4542.2			1.0429594393064663
4543.1			1.1033862311090195
4544.0			1.06375810790958
4544.9			0.9962931354488926
4545.8			0.9998884058893639
4546.7			1.0
4547.6			1.0
4548.5			1.0
4549.4			1.0
4550.3			1.036294458028212
4551.2			1.0344103352050726
4552.1			0.9321813717157299
4553.0			0.8092013726811557
4553.9			0.7336325046616493
4554.8			0.7274708944592049
4555.7			0.8045323574748476
4556.6			0.9228227765507973
4557.5			0.9992367346980506
4558.4			1.0
4559.3			1.0
4560.2			1.0
4561.1			0.9840657389162691
4562.0			0.9646248194060705
4562.9			0.9011890238986558
4563.8			0.8474942672521151
4564.7			0.8547306179892932
4565.6			0.9131752166924816
4566.5			1.0055603191615121
4567.4			1.0
4568.3			1.0
4569.2			1.0
4570.1			1.0
4571.0			0.8923073991066998
4571.9			0.8940114235207928
4572.8			1.0086964670181886
4573.7			1.0749566034145055
4574.6			1.03217968381113
4575.5			0.9955628144592514
4576.4			1.0101273108705116
4577.3			1.0047248430082336
4578.2			0.9430671923488658
4579.1			0.8555276242034768
4580.0			0.8092746520952256
4580.9			0.8598014416779326
4581.8			0.9617933590020002
4582.7			0.9912734237391165
4583.6			0.9076749145894101
4584.5			0.8021702544711696
4585.4			0.7392333577011683
4586.3			0.7304070096422979
4587.2			0.7829370218989219
4588.1			0.8452353745947742
4589.0			0.852061507627795
4589.9			0.8038719166443554
4590.8			0.7406399736917846
4591.7			0.7078989469350705
4592.6			0.7031729469691543
4593.5			0.6872111193098178
4594.4			0.6724731960035678
4595.3			0.7006487563727957
4596.2			0.7477533691544321
4597.1			0.7644202776239066
4598.0			0.7588964223905941
4598.9			0.761294287231978
4599.8			0.752367718838728
4600.7			0.7387056580069755
4601.6			0.7504482872859992
4602.5			0.7589050604947171
4603.4			0.7562366333522761
4604.3			0.7484914443289502
4605.2			0.715495789216831
4606.1			0.6910772171304714
4607.0			0.747055351761677
4607.9			0.8794831831049678
4608.8			0.9667097478265996
4609.7			0.9596430143298926
4610.6			0.9236178768780572
4611.5			0.8930339823226968
4612.4			0.8722208321177475
4613.3			0.8751021393633056
4614.2			0.9122621136780478
4615.1			0.942785559260358
4616.0			0.9422640656390182
4616.9			0.9709631935037931
4617.8			0.9992320829784146
4618.7			1.0
4619.6			1.0
4620.5			1.0
4621.4			1.0441332782959423
4622.3			1.0346676778237154
4623.2			1.0213499848750165
4624.1			1.020839992714313
4625.0			0.9765204863668671
4625.9			0.8921903486007007
4626.8			0.8372492203739589
4627.7			0.8195461215164371
4628.6			0.7880059756274438
4629.5			0.7873468011969057
4630.4			0.8657622438409049
4631.3			0.9362408921341525
4632.2			0.9088717440892766
4633.1			0.8347073513758403
4634.0			0.8044477512341591
4634.9			0.8102748012104957
4635.8			0.820616718158753
4636.7			0.8136339313059221
4637.6			0.7792300624681202
4638.5			0.7409543524875006
4639.4			0.6995154642729942
4640.3			0.6955310430462559
4641.2			0.7691528847509826
4642.1			0.8359409975023633
4643.0			0.8388861108037614
4643.9			0.8171238203504341
4644.8			0.7826850479097671
4645.7			0.7194071120942327
4646.6			0.6981040018573226
4647.5			0.7542639858844071
4648.4			0.8279049961112944
4649.3			0.882826277921211
4650.2			0.9162563915235502
4651.1			0.933148558388768
4652.0			0.9555105113221463
4652.9			0.9854587601588689
4653.8			0.961030175545377
4654.7			0.8981228110289483
4655.6			0.8814181251679876
4656.5			0.9318009289885103
4657.4			1.0
4658.3			1.1188749149809374
4659.2			1.1885755311914727
4660.1			1.21534233284733
4661.0			1.177741350101045
4661.9			1.0934439861179992
4662.8			1.028376433376358
4663.7			1.0165265314755063
4664.6			1.0333088510843569
4665.5			1.0043400844592327
4666.4			0.8957723547851515
4667.3			0.7758896308770967
4668.2			0.7442422062570184
4669.1			0.7945125589938388
4670.0			0.8584573705957794
4670.9			0.8899126998391036
4671.8			0.8933595497903729
4672.7			0.8969948125227619
4673.6			0.8894009118242623
4674.5			0.868821904244652
4675.4			0.9048155585177788
4676.3			0.9954387125127122
4677.2			1.0
4678.1			0.9709212591610106
4679.0			0.9279207076508584
4679.9			0.877980709894409
4680.8			0.8332273635085263
4681.7			0.8343983213985992
4682.6			0.9010119117280533
4683.5			0.9775349335011526
4684.4			1.0036922926124208
4685.3			1.0020870919423455
4686.2			1.0
4687.1			1.0
4688.0			1.0
4688.9			1.0
4689.8			1.0
4690.7			1.0
4691.6			1.0
4692.5			1.0
4693.4			1.0
4694.3			1.0
4695.2			1.0
4696.1			1.0
4697.0			1.0
4697.9			1.0
4698.8			1.0
4699.7			1.0
4700.6			1.0
4701.5			1.0
4702.4			1.0
4703.3			1.0
4704.2			1.0
4705.1			1.0
4706.0			1.0
4706.9			1.0
4707.8			1.0
4708.7			1.0
4709.6			1.0
4710.5			1.0
4711.4			1.0568225268958256
4712.3			1.024454824443946
4713.2			0.9461654461327591
4714.1			0.8749015053932863
4715.0			0.8387504192410947
4715.9			0.8735081760635598
4716.8			0.935396770506187
4717.7			0.9704335082491332
4718.6			0.9997249919943382
4719.5			1.0
4720.4			1.0
4721.3			1.0
4722.2			1.0
4723.1			0.9915866869238569
4724.0			1.0552213730212943
4724.9			1.1256510672099016
4725.8			1.109808263224194
4726.7			0.9964679279485227
4727.6			0.8688585115918018
4728.5			0.8273087250603542
4729.4			0.863654792526909
4730.3			0.9061517798786457
4731.2			0.9284391495626301
4732.1			0.9519964074455318
4733.0			0.9725857969409226
4733.9			1.000231993032438
4734.8			1.0
4735.7			1.0
4736.6			1.0
4737.5			1.0
4738.4			1.0
4739.3			1.0304357554475365
4740.2			0.9996479222365351
4741.1			0.9416230089750496
4742.0			0.9148728197293194
4742.9			0.9526167782904896
4743.8			0.9973234139426645
4744.7			0.9995558269264362
4745.6			1.0
4746.5			1.0
4747.4			1.0
4748.3			1.0
4749.2			1.0
4750.1			1.0
4751.0			1.0074375590753402
4751.9			0.9844830481747916
4752.8			0.9749437616115663
4753.7			0.9934617705927925
4754.6			1.031846173639382
4755.5			1.0638873514722749
4756.4			1.0509549578746629
4757.3			0.9916381111014348
4758.2			0.9214899136407897
4759.1			0.8874833517174896
4760.0			0.8720235142573369
4760.9			0.8014326185182817
4761.8			0.7050899497119693
4762.7			0.6669238239583575
4763.6			0.6671603348010137
4764.5			0.6507633485842169
4765.4			0.630993227442446
4766.3			0.6447512041920074
4767.2			0.6920848184331396
4768.1			0.7423092653835668
4769.0			0.7798078695192638
4769.9			0.7964204223827376
4770.8			0.7894297685070126
4771.7			0.7848106246646722
4772.6			0.8153965533072528
4773.5			0.8902944206013184
4774.4			0.9834157834342846
4775.3			1.0
4776.2			1.007897255208983
4777.1			0.9994816270728327
4778.0			0.9638900025040056
4778.9			0.9212197733846997
4779.8			0.9086115297809245
4780.7			0.9097494300808248
4781.6			0.8938843675541978
4782.5			0.8651653888786013
4783.4			0.853582056529829
4784.3			0.8906930560066427
4785.2			0.9399964403201867
4786.1			0.9528948931391773
4787.0			0.9624557846778397
4787.9			0.9791984972639547
4788.8			0.9660272896853135
4789.7			0.9614260781670492
4790.6			1.0000676800112296
4791.5			1.0
4792.4			1.0
4793.3			1.0
4794.2			1.0
4795.1			1.0
4796.0			0.9613274593198953
4796.9			0.9194979449413514
4797.8			0.8770633608257259
4798.7			0.8391848858431468
4799.6			0.8493171256320255
4800.5			0.9164362968333725
4801.4			0.996520371137236
4802.3			1.0317271811316657
4803.2			0.9867694547476545
4804.1			0.8736219906751392
4805.0			0.7637020118625242
4805.9			0.7144356108967386
4806.8			0.6984949699730721
4807.7			0.6890694454058434
4808.6			0.7035620990955318
4809.5			0.7409136606674367
4810.4			0.7657677413565824
4811.3			0.7721605276486014
4812.2			0.7880601094688372
4813.1			0.8176759898595842
4814.0			0.8399946568321369
4814.9			0.8400626373430057
4815.8			0.8492725591954955
4816.7			0.8934607829292426
4817.6			0.9485457948932818
4818.5			0.9886685986408394
4819.4			1.0006423782538545
4820.3			1.0
4821.2			1.0
4822.1			1.0
4823.0			1.0
4823.9			1.0
4824.8			1.0
4825.7			1.0
4826.6			1.0
4827.5			1.0
4828.4			1.0
4829.3			1.0
4830.2			0.9945995143919366
4831.1			0.9104831710355282
4832.0			0.8339391186118261
4832.9			0.8865475487348353
4833.8			1.0010824427880236
4834.7			1.0
4835.6			1.0
4836.5			1.0
4837.4			1.0
4838.3			1.0
4839.2			1.0
4840.1			1.0
4841.0			1.0
4841.9			1.0
4842.8			1.0
4843.7			1.0
4844.6			1.0
4845.5			1.0
4846.4			1.0
4847.3			1.0
4848.2			1.0
4849.1			1.0
4850.0			1.0
4850.9			1.0
4851.8			1.0
4852.7			1.0
4853.6			1.0
4854.5			1.0
4855.4			0.9634871310673283
4856.3			1.0125105359538693
4857.2			1.0664771324934128
4858.1			1.059550047449988
4859.0			0.9969574309670496
4859.9			0.8779520551189854
4860.8			0.751430702712059
4861.7			0.7554759946592107
4862.6			0.8862536757892957
4863.5			0.9557206608172878
4864.4			0.9491865287050917
4865.3			0.9654804710415141
4866.2			0.9931923769393463
4867.1			1.0
4868.0			1.0
4868.9			1.0
4869.8			1.0
4870.7			1.0
4871.6			1.0
4872.5			1.0
4873.4			1.0
4874.3			1.0
4875.2			1.0
4876.1			1.0
4877.0			1.0
4877.9			1.0
4878.8			1.0
4879.7			1.0
4880.6			0.9044372117973586
4881.5			0.8578439423303096
4882.4			0.9293608440416654
4883.3			1.0100163267969988
4884.2			1.0027935259887344
4885.1			0.9393171259258069
4886.0			0.9041253375388937
4886.9			0.9433778371587999
4887.8			0.9962967475550956
4888.7			0.9940572695785767
4889.6			0.9482806392035638
4890.5			0.8933805423324419
4891.4			0.8972452964214005
4892.3			0.985095928804654
4893.2			1.047415158468399
4894.1			1.0915669869273266
4895.0			1.1578987549918043
4895.9			1.193464965981047
4896.8			1.203797806347907
4897.7			1.21480397260374
4898.6			1.1727438619549164
4899.5			1.0754049457719563
4900.4			1.0432137285557888
4901.3			1.0895522341313877
4902.2			1.0895760344899479
4903.1			1.0565585026854507
4904.0			1.0757232877076401
4904.9			1.1684142928436987
4905.8			1.2619839737294845
4906.7			1.2616910725408814
4907.6			1.1856263629905872
4908.5			1.1196546221945365
4909.4			1.0898235766143554
4910.3			1.1134378611347553
4911.2			1.175572638619107
4912.1			1.2127572371471202
4913.0			1.2101351335954462
4913.9			1.2197652522394635
4914.8			1.2740268784291422
4915.7			1.3138874915487069
4916.6			1.3039067725242361
4917.5			1.2406151186815146
4918.4			1.1192341135369581
4919.3			1.0003137568875764
4920.2			0.9532992256157224
4921.1			1.0292470746950242
4922.0			1.1689998096923464
4922.9			1.2428292586458909
4923.8			1.2062454071195037
4924.7			1.1445100464121905
4925.6			1.2004539093482414
4926.5			1.336191399826836
4927.4			1.4116653540587651
4928.3			1.4421746072851527
4929.2			1.4811900347157838
4930.1			1.4847830076570743
4931.0			1.4580470179546934
4931.9			1.3922085877560901
4932.8			1.251659099742578
4933.7			1.161185892294337
4934.6			1.2511700554432097
4935.5			1.3917265937429293
4936.4			1.373769368527465
4937.3			1.2292826166817576
4938.2			1.1040126223410522
4939.1			1.1149370198563657
4940.0			1.236322292968112
4940.9			1.3378897901263862
4941.8			1.3564350033089765
4942.7			1.3722838466752378
4943.6			1.438895381821724
4944.5			1.4792566807393974
4945.4			1.4771987478676618
4946.3			1.502426559407871
4947.2			1.535094346915901
4948.1			1.5255630052332052
4949.0			1.5370008781194486
4949.9			1.6119881451688756
4950.8			1.668659226491916
4951.7			1.6403804311013723
4952.6			1.4975925776581305
4953.5			1.2642822550816561
4954.4			0.9910522006206329
4955.3			0.768546739870626
4956.2			0.6564112264525593
4957.1			0.6030513960450884
4958.0			0.6027330336869012
4958.9			0.674427538001705
4959.8			0.7444326030429619
4960.7			0.7682622809022821
4961.6			0.7524677939346189
4962.5			0.7294948620390416
4963.4			0.7220077454916678
4964.3			0.7138460336981923
4965.2			0.7068199719997339
4966.1			0.7095617507492862
4967.0			0.7222967918509823
4967.9			0.765556523381261
4968.8			0.8433215552079103
4969.7			0.9034184098446144
4970.6			0.9076747342806524
4971.5			0.897597349362733
4972.4			0.9035032495472769
4973.3			0.9254759232412084
4974.2			0.963037161184154
4975.1			0.9902510817285716
4976.0			0.9975605602576988
4976.9			0.983376876028238
4977.8			1.0
4978.7			0.9424570709169179
4979.6			0.9150812039902239
4980.5			0.8683952092777644
4981.4			0.7895790589913424
4982.3			0.7631073549387228
4983.2			0.8428502688312796
4984.1			0.9496629142903426
4985.0			0.9965405797586068
4985.9			1.0008984618625252
4986.8			0.9838150458519
4987.7			1.0300780272731636
4988.6			1.0298928147575042
4989.5			0.989780636544269
4990.4			0.9591484282255135
4991.3			0.9859910068219656
4992.2			1.0492583328559753
4993.1			1.0483925093952722
4994.0			0.9919908544951108
4994.9			1.0005876288862061
4995.8			1.0364882427966131
4996.7			1.0271476676610458
4997.6			0.9891221253417495
4998.5			0.9024129177500673
4999.4			0.7899022437025531
5000.3			0.7736031481286768
5001.2			0.8301696576963247
5002.1			0.8454870324967065
5003.0			0.8235898288487392
5003.9			0.8088451791146792
5004.8			0.8006396481182609
5005.7			0.7772713667082656
5006.6			1.0
5007.5			1.0451628659294177
5008.4			1.1235359792248194
5009.3			1.147846702008075
5010.2			1.1293474234239278
5011.1			1.0634057117682088
5012.0			0.945519706603365
5012.9			0.8663455434279319
5013.8			0.8435902671432031
5014.7			0.8669270103805923
5015.6			0.9493641028266039
5016.5			1.0110041198059017
5017.4			1.0151725999565084
5018.3			1.001471018401102
5019.2			0.9979690674907022
5020.1			0.9983120610819788
5021.0			0.8869484619961389
5021.9			0.8537237998729829
5022.8			0.8424518730201037
5023.7			0.8936895548262297
5024.6			0.9386311334963726
5025.5			0.9634036933670433
5026.4			0.983035926045991
5027.3			0.9778699282998969
5028.2			0.9978552960199752
5029.1			1.0490435258430966
5030.0			1.0712752515901756
5030.9			1.0867546584591032
5031.8			1.1306480954152944
5032.7			1.1748332903513738
5033.6			1.1734206555950577
5034.5			1.1085583048969643
5035.4			1.0000874540582037
5036.3			1.0
5037.2			1.005769170891922
5038.1			0.973087708770719
5039.0			0.8653313637412962
5039.9			0.7562557673513814
5040.8			0.7065501878151805
5041.7			0.7700050927015796
5042.6			0.8927309805958398
5043.5			0.9652610386520005
5044.4			1.0
5045.3			1.0438541383090114
5046.2			1.0502836209031812
5047.1			1.0105676032079098
5048.0			0.9324433059239965
5048.9			0.8553291580848721
5049.8			0.810630413100775
5050.7			0.797548430447085
5051.6			0.8040678179139359
5052.5			0.835363851008782
5053.4			0.8923360228510337
5054.3			0.9415844127216202
5055.2			0.9762383308713461
5056.1			0.9996687518765143
5057.0			1.0
5057.9			1.0
5058.8			1.0
5059.7			1.0
5060.6			1.0
5061.5			1.0
5062.4			0.9944321954579293
5063.3			0.9228184072214111
5064.2			0.8222557560163974
5065.1			0.8122437287667855
5066.0			0.9172692015437802
5066.9			0.9957237621393277
5067.8			1.0043034688508885
5068.7			1.0
5069.6			1.0
5070.5			1.0
5071.4			1.0
5072.3			1.0
5073.2			1.0
5074.1			1.0448194159309323
5075.0			1.01728762070068
5075.9			0.9697857837585925
5076.8			0.9828435383538703
5077.7			1.000558166558175
5078.6			0.9169793640583064
5079.5			0.8043166166994928
5080.4			0.7971319969628484
5081.3			0.846703465736097
5082.2			0.8622681926211164
5083.1			0.8618520228313407
5084.0			0.8909767371489444
5084.9			0.9464113232241931
5085.8			0.9868568937308894
5086.7			0.9999564050071934
5087.6			1.0
5088.5			1.0
5089.4			1.0
5090.3			1.0
5091.2			1.0
5092.1			1.0
5093.0			1.0
5093.9			1.0
5094.8			1.0
5095.7			1.0
5096.6			1.0
5097.5			1.0025383417872091
5098.4			0.9450227852067854
5099.3			0.9016581658516281
5100.2			1.0
5101.1			1.0533123143253122
5102.0			1.0592518195977603
5102.9			1.0406476916209213
5103.8			1.0244237988631335
5104.7			1.013466381994072
5105.6			0.9935148485949257
5106.5			0.9531119064436787
5107.4			0.9131903956327814
5108.3			0.9121132371191513
5109.2			0.9043292194056396
5110.1			0.8690779013954754
5111.0			0.873473544959808
5111.9			0.8973259236490201
5112.8			0.894224588106249
5113.7			1.0
5114.6			1.0788854263827579
5115.5			1.1211084928929813
5116.4			1.1387409476106956
5117.3			1.1639048986708298
5118.2			1.148062851502207
5119.1			1.0944710414336145
5120.0			1.0497590784838524
5120.9			1.0143245659649902
5121.8			0.9709962232869003
5122.7			0.8932986625022383
5123.6			0.8283680345017879
5124.5			0.8609921528676081
5125.4			0.9205384225536323
5126.3			0.901208042586653
5127.2			0.850742458799306
5128.1			0.8496550432748781
5129.0			0.8755280730720001
5129.9			0.8929445778189528
5130.8			0.9401876395078356
5131.7			0.9915930910425376
5132.6			0.99644024955223
5133.5			1.0
5134.4			1.0
5135.3			1.0
5136.2			1.0
5137.1			0.9476003451595041
5138.0			0.9022633986338692
5138.9			0.8818412032045156
5139.8			0.9247935822079603
5140.7			0.9841053898983053
5141.6			0.9470503954124315
5142.5			0.8681219289988383
5143.4			0.8713462532594123
5144.3			0.9106998194905084
5145.2			0.8901890443040189
5146.1			0.852595450956352
5147.0			0.8525432679293875
5147.9			0.8862355608956092
5148.8			0.9312300572014482
5149.7			0.9251137617151105
5150.6			0.8627100390657705
5151.5			0.8074844914733482
5152.4			0.8003186937224049
5153.3			0.8411432241249813
5154.2			0.9089082269008514
5155.1			1.0001329878213485
5156.0			1.0930946617528272
5156.9			1.1637239765678646
5157.8			1.192464263680873
5158.7			1.160605848048125
5159.6			1.1353641348756875
5160.5			1.1750716497875446
5161.4			1.2068936418614638
5162.3			1.1818579394295137
5163.2			1.1627350563661927
5164.1			1.1256699962085033
5165.0			0.96166625729825
5165.9			0.7099887470273709
5166.8			0.5027937084148021
5167.7			0.406503006181849
5168.6			0.3992623866095948
5169.5			0.43443072878582883
5170.4			0.47125930073383576
5171.3			0.46385048152424985
5172.2			0.4277218285784855
5173.1			0.42587311605399364
5174.0			0.4817366385984002
5174.9			0.5532509365326173
5175.8			0.5962215936743565
5176.7			0.6172657945953357
5177.6			0.6318987591458488
5178.5			0.6383331088214597
5179.4			0.6373957945448002
5180.3			0.635129777708976
5181.2			0.626328529051835
5182.1			0.5914812555093032
5183.0			0.5473347754803916
5183.9			0.5649004266261717
5184.8			0.6637596552116165
5185.7			0.7586134163738139
5186.6			0.8031487971615975
5187.5			0.8209984698401773
5188.4			0.8331741825699371
5189.3			1.0
5190.2			0.987576221625664
5191.1			0.8928810262641657
5192.0			0.7883580916917603
5192.9			0.783565398478675
5193.8			0.8556622722521704
5194.7			0.9239568945874633
5195.6			0.9998581712337271
5196.5			0.9647220239948969
5197.4			1.0
5198.3			0.9896598611186297
5199.2			0.9785280101317084
5200.1			0.9690417809784215
5201.0			0.9372931516845372
5201.9			0.8981320660834309
5202.8			0.8532986701338359
5203.7			0.7657778352508537
5204.6			0.651493119798519
5205.5			0.5980887708616242
5206.4			0.6238156422624084
5207.3			0.6500038465237648
5208.2			0.6368309424904738
5209.1			0.6401198969845654
5210.0			0.6959662262931839
5210.9			0.7989147550707577
5211.8			0.9218115781331123
5212.7			0.9992273942474911
5213.6			1.0
5214.5			1.0
5215.4			1.0
5216.3			1.0
5217.2			1.0
5218.1			1.0
5219.0			1.0
5219.9			1.0
5220.8			1.0
5221.7			1.0
5222.6			0.9398866701945432
5223.5			0.8323247825632188
5224.4			0.7303286822980555
5225.3			0.672916200740629
5226.2			0.6603702402758365
5227.1			0.715695809505627
5228.0			0.8500329377133844
5228.9			0.9658291050567294
5229.8			0.9999603754860535
5230.7			1.0
5231.6			1.0
5232.5			1.0
5233.4			1.0
5234.3			1.0
5235.2			1.0
5236.1			1.0
5237.0			1.0
5237.9			1.0
5238.8			1.0
5239.7			1.0
5240.6			0.955554992947378
5241.5			0.9803906243114661
5242.4			1.0323514158216143
5243.3			1.0719260682643765
5244.2			1.0905806953969799
5245.1			1.0303052718789794
5246.0			0.8645294035369727
5246.9			0.735835689846824
5247.8			0.7840351282819662
5248.7			0.8899388554290557
5249.6			0.8719643372156235
5250.5			0.8046083183059873
5251.4			0.8351926143202532
5252.3			0.9359915349265147
5253.2			1.000315771414402
5254.1			1.0
5255.0			1.0
5255.9			1.0
5256.8			1.0
5257.7			1.0
5258.6			1.0
5259.5			1.0
5260.4			1.0
5261.3			1.0
5262.2			1.0
5263.1			1.0
5264.0			1.0
5264.9			1.0
5265.8			0.9675971313028213
5266.7			1.0252803824111425
5267.6			1.0383229386743513
5268.5			0.8725737462075333
5269.4			0.6808901846163526
5270.3			0.6853446484256835
5271.2			0.8431384797422338
5272.1			0.9587756198208287
5273.0			0.9740550473507863
5273.9			1.0
5274.8			1.0
5275.7			1.0
5276.6			1.0
5277.5			1.0
5278.4			1.0
5279.3			1.0
5280.2			0.9595774340375416
5281.1			0.9181455694549318
5282.0			0.8723058337232164
5282.9			0.8466868587192894
5283.8			0.8680913831010858
5284.7			0.9380982186298114
5285.6			1.0075795649252701
5286.5			1.0
5287.4			1.0
5288.3			1.0
5289.2			1.0
5290.1			1.0
5291.0			1.0
5291.9			1.0
5292.8			1.0
5293.7			1.021953946861549
5294.6			1.0286264192969317
5295.5			0.9681232904333988
5296.4			0.8554015437508512
5297.3			0.7867682774521629
5298.2			0.8353091598416237
5299.1			0.9402872057061042
5300.0			0.9919466521487715
5300.9			0.9958355400649679
5301.8			1.0
5302.7			1.0
5303.6			1.0
5304.5			1.0
5305.4			1.0
5306.3			1.0
5307.2			1.0
5308.1			1.0
5309.0			1.0
5309.9			1.0
5310.8			1.0
5311.7			1.0
5312.6			1.0
5313.5			1.0
5314.4			1.0
5315.3			1.0
5316.2			1.0
5317.1			1.0
5318.0			1.0
5318.9			1.0
5319.8			1.0
5320.7			1.0
5321.6			1.0
5322.5			1.0
5323.4			1.0
5324.3			1.0060740245991222
5325.2			1.0383863057367502
5326.1			0.9948744835340352
5327.0			0.8346680435613673
5327.9			0.6835158223020331
5328.8			0.706963112739491
5329.7			0.8545613713528373
5330.6			0.9627437329010555
5331.5			0.9999831904422332
5332.4			1.0
5333.3			1.0
5334.2			1.0
5335.1			1.0
5336.0			1.0
5336.9			1.0
5337.8			0.9992806614863641
5338.7			0.9760302141276976
5339.6			0.906568363123001
5340.5			0.8543996817433739
5341.4			0.9016736730813077
5342.3			0.9809926682868859
5343.2			1.0004761583552992
5344.1			1.0
5345.0			1.0
5345.9			1.0
5346.8			1.0
5347.7			1.0
5348.6			1.0
5349.5			1.0
5350.4			1.0
5351.3			1.0
5352.2			1.0
5353.1			1.0
5354.0			1.0
5354.9			1.0
5355.8			1.0
5356.7			1.0
5357.6			1.0
5358.5			1.0
5359.4			1.0
5360.3			1.0
5361.2			1.0
5362.1			1.0
5363.0			1.0
5363.9			1.0
5364.8			1.0
5365.7			1.0
5366.6			0.9994493827919742
5367.5			0.9985948844692357
5368.4			0.9715967789251495
5369.3			0.8952218661511717
5370.2			0.8001510383127955
5371.1			0.7564051925628613
5372.0			0.8219138274493201
5372.9			0.9540019834164962
5373.8			1.0359290232633542
5374.7			1.041999253329499
5375.6			0.994964396796432
5376.5			1.0
5377.4			1.0
5378.3			1.0
5379.2			1.0
5380.1			1.0
5381.0			1.0
5381.9			1.0
5382.8			1.0
5383.7			1.0
5384.6			1.0109367735086277
5385.5			1.0247943379130533
5386.4			1.036145268979506
5387.3			1.033965797444271
5388.2			1.0017245186604538
5389.1			0.9415551793007183
5390.0			0.8944460387352102
5390.9			0.8986729883239621
5391.8			0.9480803697142198
5392.7			0.9801580647513319
5393.6			0.9651002447653011
5394.5			0.9363562943508065
5395.4			0.8870833294349416
5396.3			0.8062568276913662
5397.2			0.8099928888223016
5398.1			0.9465639211087611
5399.0			1.0528636950552384
5399.9			1.0586795128004738
5400.8			1.0415588140110195
5401.7			1.0538897293325502
5402.6			1.0564636962756158
5403.5			0.9916657234332572
5404.4			0.8780122683376504
5405.3			0.8040268008292094
5406.2			0.8298622856906105
5407.1			0.900600658240636
5408.0			0.9009248322270985
5408.9			0.8415773516496148
5409.8			0.8326374940026416
5410.7			0.9249120503242784
5411.6			1.0206942677581146
5412.5			1.0582482106558428
5413.4			1.0705638227062708
5414.3			1.0892826274160832
5415.2			1.1161248452699815
5416.1			1.151205981866041
5417.0			1.1683228301685624
5417.9			1.154223202555978
5418.8			1.1242772727860042
5419.7			1.0975525568018325
5420.6			1.1057657173924753
5421.5			1.1441303193655628
5422.4			1.1518884931012017
5423.3			1.1091811424564633
5424.2			1.080200668586988
5425.1			1.1078841749359616
5426.0			1.1595070972081243
5426.9			1.1979904301494178
5427.8			1.1462392513517925
5428.7			0.9991644366113037
5429.6			0.9277334526995414
5430.5			0.9959916503568533
5431.4			1.0421809178386177
5432.3			0.9970699535169965
5433.2			0.9461788038340478
5434.1			0.9270853504743812
5435.0			0.9499042883854513
5435.9			0.9964288775572897
5436.8			1.0287981538145243
5437.7			1.0816454742847343
5438.6			1.1565478685679897
5439.5			1.2268226604828822
5440.4			1.2690028914538036
5441.3			1.2833704175659717
5442.2			1.2949873618911583
5443.1			1.309835518356449
5444.0			1.2784958408409264
5444.9			1.1597645549833868
5445.8			0.97689809284948
5446.7			0.8221657800979888
5447.6			0.7647972169035805
5448.5			0.7420580938714679
5449.4			0.7223029385485119
5450.3			0.7177004938837435
5451.2			0.7171047458499833
5452.1			0.7184238776502436
5453.0			0.7090149450692724
5453.9			0.6812404955381551
5454.8			0.643203204696315
5455.7			0.637548731144475
5456.6			0.685025927320841
5457.5			0.7364431157687815
5458.4			0.75861869090433
5459.3			0.7504838049799467
5460.2			0.7430895014146385
5461.1			0.7727512758855094
5462.0			0.8053846091938485
5462.9			0.8120976510752443
5463.8			0.8186784713688012
5464.7			0.8300183712921476
5465.6			0.8368440826586268
5466.5			0.8550517494318276
5467.4			0.8827506837264936
5468.3			0.8829612825056735
5469.2			0.8535099388699889
5470.1			0.8327881161941902
5471.0			1.0
5471.9			1.0151721618577558
5472.8			0.9922071035412171
5473.7			0.9727447987968254
5474.6			0.977865043319611
5475.5			0.9642476610201762
5476.4			0.935997881857591
5477.3			0.9687239924444979
5478.2			1.04923092922513
5479.1			1.091500299730525
5480.0			1.059176198316403
5480.9			0.999526022084514
5481.8			0.8600176105667185
5482.7			0.9115056912601239
5483.6			0.9691190125002127
5484.5			1.0036521384622232
5485.4			1.0028695892772963
5486.3			0.9732704305366126
5487.2			0.9495712064444772
5488.1			0.9618781272618272
5489.0			0.959824618238443
5489.9			0.9282746622420827
5490.8			0.9378419738951974
5491.7			0.9818082450660514
5492.6			0.9954743674991388
5493.5			0.9912497271634193
5494.4			0.9954137870699504
5495.3			0.9770817281615042
5496.2			0.9077380679759256
5497.1			0.8417358595651206
5498.0			0.8512807942274249
5498.9			0.8943352441175637
5499.8			0.8802502262337393
5500.7			0.8352883503011047
5501.6			0.8361503860441194
5502.5			0.8777084283729398
5503.4			0.901512096763242
5504.3			0.897850639335921
5505.2			0.8711012406428943
5506.1			0.8387641568213369
5507.0			0.8631659946335711
5507.9			1.0
5508.8			1.0248383776243501
5509.7			1.0019247466324683
5510.6			0.9547691985219571
5511.5			0.8946929956946453
5512.4			0.8584805314149739
5513.3			0.8456636364125849
5514.2			0.8289384166363876
5515.1			0.8412352204986497
5516.0			0.8842088142542271
5516.9			0.9343118110999349
5517.8			0.9938279265406145
5518.7			1.024503259378326
5519.6			1.0026703821315923
5520.5			1.073598277736022
5521.4			1.0762733492262369
5522.3			1.084513931283418
5523.2			1.0
5524.1			0.9927250807986472
5525.0			0.978093748231621
5525.9			0.9527665241698834
5526.8			0.919801881913587
5527.7			0.9014751902270429
5528.6			0.9336017041543123
5529.5			0.9923885297253124
5530.4			1.0149185562204601
5531.3			1.0004702976340694
5532.2			1.0
5533.1			1.0
5534.0			1.0
5534.9			1.0
5535.8			1.0
5536.7			1.0
5537.6			1.0
5538.5			1.0
5539.4			1.0
5540.3			1.0
5541.2			1.0
5542.1			1.0
5543.0			1.0
5543.9			1.0
5544.8			1.0
5545.7			1.0
5546.6			1.0
5547.5			1.0
5548.4			1.0
5549.3			1.0
5550.200000000001			1.0
5551.1			1.0
5552.0			1.0
5552.9			1.0
5553.8			1.0
5554.700000000001			1.0
5555.6			1.0
5556.5			1.0
5557.4			1.0
5558.3			1.0
5559.200000000001			1.0
5560.1			1.0
5561.0			1.0
5561.9			1.0
5562.8			1.0
5563.700000000001			1.0
5564.6			1.0
5565.5			1.0
5566.4			1.0
5567.3			1.0
5568.200000000001			1.0
5569.1			1.0
5570.0			1.0
5570.9			1.0
5571.8			1.0
5572.700000000001			1.0
5573.6			1.0
5574.5			1.0
5575.4			1.0
5576.3			1.0
5577.200000000001			1.0
5578.1			1.0
5579.0			1.0
5579.9			1.0
5580.8			0.9890523309667719
5581.700000000001			0.9669725151128253
5582.6			1.0
5583.5			1.0011707251655515
5584.4			0.9988806546186323
5585.3			0.9952378626081261
5586.200000000001			0.9743145146219881
5587.1			0.9425454181911721
5588.0			0.9232690985893554
5588.9			0.9288229220454194
5589.8			0.9611546522192295
5590.700000000001			0.9896758028084481
5591.6			0.9873274245093067
5592.5			0.9850975204223235
5593.4			1.0004039909836737
5594.3			1.0222514797085276
5595.200000000001			1.0609040165969574
5596.1			1.069746518573724
5597.0			0.9797948378329535
5597.9			0.8550439428995353
5598.8			0.8119777047594373
5599.700000000001			0.8477277088708711
5600.6			0.8978253346585561
5601.5			0.936610681629853
5602.4			0.9441427751724099
5603.3			0.923597984595689
5604.200000000001			0.909039570533601
5605.1			0.9211967214123918
5606.0			0.9528121899034706
5606.9			0.9806471232311186
5607.8			0.9962137916567364
5608.700000000001			0.995137127391947
5609.6			0.982852185068736
5610.5			0.9846029784606645
5611.4			1.0122233259669116
5612.3			1.047396552978976
5613.200000000001			1.0520018771100716
5614.1			1.0028300109406836
5615.0			1.0
5615.9			1.0
5616.8			1.0
5617.700000000001			1.0
5618.6			1.0
5619.5			1.0
5620.4			1.0
5621.3			1.0
5622.200000000001			1.0
5623.1			1.0
5624.0			1.0
5624.9			1.0
5625.8			1.0275258745596825
5626.700000000001			1.0475579323131765
5627.6			1.0247556172240087
5628.5			0.9681007298502282
5629.4			0.9143991577921863
5630.3			0.9071700060127165
5631.200000000001			0.9427303110525217
5632.1			0.9835844062255384
5633.0			1.0062118620345257
5633.9			1.0
5634.8			1.0
5635.700000000001			1.0
5636.6			1.0
5637.5			1.0
5638.4			1.0
5639.3			1.0
5640.200000000001			1.0
5641.1			1.0
5642.0			1.0
5642.9			1.0
5643.8			1.0
5644.700000000001			1.0
5645.6			1.0
5646.5			1.0
5647.4			1.0
5648.3			1.0
5649.200000000001			1.0
5650.1			1.0
5651.0			1.0
5651.9			1.0
5652.8			1.0
5653.700000000001			1.0
5654.6			1.0
5655.5			1.0
5656.4			1.0
5657.3			1.0
5658.200000000001			1.0
5659.1			1.022374651745006
5660.0			1.0676906941096573
5660.9			1.04882889457405
5661.8			0.9902966169336518
5662.700000000001			0.9654471342176323
5663.6			0.9669205185016724
5664.5			0.974811301479537
5665.4			0.9952641707304632
5666.3			0.997727382483831
5667.200000000001			0.9612855470885474
5668.1			0.9235046810064634
5669.0			0.909395372984786
5669.9			0.9046153702936715
5670.8			0.9001127430832288
5671.700000000001			0.923663218299267
5672.6			0.9672621336649744
5673.5			0.994277500516871
5674.4			0.997868151181339
5675.3			1.000342349543273
5676.200000000001			1.0179681627386816
5677.1			1.0284351389561488
5678.0			1.0139581055909697
5678.9			0.9948422985366399
5679.8			0.993411667167764
5680.700000000001			1.0027014866760486
5681.6			0.9987553004050632
5682.5			0.9960109963230401
5683.4			1.0
5684.3			1.0
5685.200000000001			1.003076956628576
5686.1			0.9664349172950157
5687.0			0.9202014353446606
5687.9			0.9030526188985031
5688.8			0.9274260404847889
5689.700000000001			0.9680094288766933
5690.6			0.9997971644407471
5691.5			1.0
5692.4			1.0
5693.3			1.0
5694.200000000001			1.0
5695.1			1.0
5696.0			1.0027159335064546
5696.9			1.0118486505036794
5697.8			0.9988735251924958
5698.700000000001			0.9864325900152978
5699.6			1.0002426125640007
5700.5			1.000380938914291
5701.4			0.9769446267911461
5702.3			0.9654606821488635
5703.200000000001			0.9896251840336852
5704.1			1.0394484227083765
5705.0			1.0685933943971857
5705.9			1.0476651470951825
5706.8			1.0142948667166534
5707.700000000001			1.0008200468998614
5708.6			0.9990608484612353
5709.5			1.0
5710.4			1.0
5711.3			1.0
5712.200000000001			1.0
5713.1			1.0
5714.0			1.0
5714.9			1.0
5715.8			0.9990546316799894
5716.700000000001			0.9736956274878086
5717.6			0.9315475961153997
5718.5			0.9096530596992523
5719.4			0.9251048049791383
5720.3			0.95898951898983
5721.200000000001			1.0000153711292938
5722.1			1.0
5723.0			1.0
5723.9			0.9754346314013981
5724.8			0.9582902873430013
5725.700000000001			0.9322074623132902
5726.6			0.8897564577641337
5727.5			0.8796538000829939
5728.4			0.9347133602882087
5729.3			0.9962446658719815
5730.200000000001			1.0109066637500397
5731.1			1.0041821134433064
5732.0			1.0
5732.9			1.0
5733.8			1.0
5734.700000000001			1.0
5735.6			1.0
5736.5			1.0
5737.4			1.0
5738.3			1.0
5739.200000000001			1.0
5740.1			1.0
5741.0			1.0
5741.9			1.0
5742.8			1.0
5743.700000000001			1.0
5744.6			1.0
5745.5			1.0
5746.4			1.0049081932040929
5747.3			0.9642377731270058
5748.200000000001			1.0
5749.1			1.0192596630488988
5750.0			1.073597218496826
5750.9			1.096901231881814
5751.8			1.0783394794210828
5752.700000000001			1.042154268215329
5753.6			1.0158420771145238
5754.5			1.0214978111748303
5755.4			1.0622420274740765
5756.3			1.100986820442698
5757.200000000001			1.1101544488651005
5758.1			1.086272653428056
5759.0			1.0192666019189043
5759.9			0.9488856784071027
5760.8			0.9046230287718765
5761.700000000001			0.8746880306228753
5762.6			0.8750231494175031
5763.5			0.9129877024507713
5764.4			0.9536367055933553
5765.3			0.9668300128940845
5766.200000000001			0.9686625222802484
5767.1			0.9753967928565135
5768.0			0.9824181625007081
5768.9			0.9854556843956477
5769.8			0.9878866795305978
5770.700000000001			0.9896987820950676
5771.6			0.9899928278580209
5772.5			0.9949854422350369
5773.4			1.000940871127399
5774.3			1.000012643360985
5775.200000000001			1.0
5776.1			1.0
5777.0			1.0
5777.9			1.0
5778.8			1.0
5779.700000000001			0.9878576178578812
5780.6			1.0
5781.5			0.9720755688413085
5782.4			0.9721906914853156
5783.3			0.9809537523561895
5784.200000000001			0.9675418202743887
5785.1			0.9496923415534534
5786.0			0.9686380153927285
5786.9			1.0135877262499728
5787.8			1.0423302497829388
5788.700000000001			1.0558906385612838
5789.6			1.0474444447699773
5790.5			1.01969377823579
5791.4			1.0305108987967984
5792.3			1.0921258343185005
5793.200000000001			1.1560168626721845
5794.1			1.1961652515666812
5795.0			1.2091373009909308
5795.9			1.1875626327780882
5796.8			1.132078376285563
5797.700000000001			1.092004104423156
5798.6			1.1304278642653203
5799.5			1.209640981637529
5800.4			1.2573521236751706
5801.3			1.2753974040400744
5802.200000000001			1.2771302746518767
5803.1			1.2515775262851618
5804.0			1.212981497149356
5804.9			1.2038366554451119
5805.8			1.2206296569780681
5806.700000000001			1.2323719279344174
5807.6			1.230295678648684
5808.5			1.2121475824944878
5809.4			1.1762054085715354
5810.3			1.1301209588031946
5811.200000000001			1.0894293142213312
5812.1			1.065356839470396
5813.0			1.0506530920222423
5813.9			1.0257132907845588
5814.8			0.9932988711789469
5815.700000000001			0.9766721065490526
5816.6			0.9874056503098526
5817.5			1.0090048453255658
5818.4			1.0219219981006313
5819.3			1.0253622250127643
5820.200000000001			1.0307751688429632
5821.1			1.032978880324833
5822.0			1.0278616811522263
5822.9			1.02331284144932
5823.8			1.032390822488022
5824.700000000001			1.0497259188050818
5825.6			1.0577958304022823
5826.5			1.0620188616218402
5827.4			1.0743959945050967
5828.3			1.0901015254433624
5829.200000000001			1.1059723411466047
5830.1			1.1149365103827307
5831.0			1.1234684845295866
5831.9			1.1369086835345557
5832.8			1.1370357738347223
5833.700000000001			1.1118987478738964
5834.6			1.088676141267562
5835.5			1.1023199673761839
5836.4			1.128067759250299
5837.3			1.114339964863996
5838.200000000001			1.0660474102355717
5839.1			1.0397165841445195
5840.0			1.0673207259674888
5840.9			1.116498091565009
5841.8			1.1457959094616412
5842.700000000001			1.1510268348013424
5843.6			1.144082218230701
5844.5			1.12749145530371
5845.4			1.0980132256613808
5846.3			1.0462116265891432
5847.200000000001			0.9812406717151858
5848.1			0.928981588850872
5849.0			0.9020590023922876
5849.9			0.8842131888959577
5850.8			0.8618077041746623
5851.700000000001			0.8402347986485319
5852.6			0.8265813475829407
5853.5			0.8347788760588181
5854.4			0.8633358288372962
5855.3			0.8800187054939513
5856.200000000001			0.8678192134917461
5857.1			0.8494003071969629
5858.0			0.854125969230478
5858.9			0.8783969862265322
5859.8			0.8945604861400818
5860.700000000001			0.8902509016686228
5861.6			0.8577510615416323
5862.5			0.8169286814813442
5863.4			0.8084667759284961
5864.3			0.8261369087916132
5865.200000000001			0.8289879178521777
5866.1			0.8111272561962439
5867.0			0.8093979846889554
5867.9			0.8354637620267972
5868.8			0.864773425193529
5869.700000000001			0.8783216781766298
5870.6			0.8689434279608311
5871.5			0.8397410435702565
5872.4			0.8048700565429879
5873.3			0.793813939199264
5874.200000000001			0.8078662432179474
5875.1			0.8107871477591011
5876.0			0.7931602823161891
5876.9			0.7764136501526813
5877.8			0.7707648955490315
5878.700000000001			0.7673366078501239
5879.6			0.7613259922316812
5880.5			0.7744693097230293
5881.4			0.803705073683981
5882.3			0.8209728747623974
5883.200000000001			0.8196238171652873
5884.1			0.8151333365573395
5885.0			0.8149849974231115
5885.9			0.8112985109804919
5886.8			0.7861196443042698
5887.700000000001			0.7126347719187509
5888.6			0.5874373397167625
5889.5			0.49078427210948494
5890.4			0.5179970212261069
5891.3			0.6318480546071236
5892.200000000001			0.7168565689968033
5893.1			0.7279605913771711
5894.0			0.6738733855124942
5894.9			0.5780807629083508
5895.8			0.5239890003871407
5896.700000000001			0.5751043612901265
5897.6			0.6551957328861089
5898.5			0.677892184297134
5899.4			0.6730470885562253
5900.3			0.6882608089372134
5901.200000000001			0.7153211218487039
5902.1			0.732824316232569
5903.0			0.7386378715610382
5903.9			0.7306187322088301
5904.8			0.7085759868026892
5905.700000000001			0.6908499119786186
5906.6			0.691963454811949
5907.5			0.7057759383479675
5908.4			0.7185333371945467
5909.3			0.7295167474776697
5910.200000000001			0.7395100179715625
5911.1			0.7397191048510809
5912.0			0.7267854151122938
5912.9			0.7093018777424607
5913.8			0.7038982391652296
5914.700000000001			0.7139818359905736
5915.6			0.7246492715425609
5916.5			0.7365091173111965
5917.4			0.7472234411926534
5918.3			0.7523457680431203
5919.200000000001			0.7580183382779426
5920.1			0.7601207150507785
5921.0			0.7465352116997804
5921.9			0.7250574189499143
5922.8			0.7201365179617717
5923.700000000001			0.7326720502796353
5924.6			0.7431616179287907
5925.5			0.748380140773975
5926.4			0.7542245005269304
5927.3			0.758813598822461
5928.200000000001			0.7634821954562756
5929.1			0.7652145562834441
5930.0			0.76769241959786
5930.9			0.7792592892049589
5931.8			0.7942866061863509
5932.700000000001			0.7984557736783316
5933.6			0.7854626009989071
5934.5			0.7729724542628039
5935.4			0.781960147297615
5936.3			0.8016079078053128
5937.200000000001			0.8133538308408991
5938.1			0.8268817077581926
5939.0			0.8393341078416322
5939.9			0.8278151379535762
5940.8			0.8058890324662779
5941.700000000001			0.8103125515250021
5942.6			0.8348361291436474
5943.5			0.8509080798888075
5944.4			0.862371410230618
5945.3			0.8798652865895054
5946.200000000001			0.884411094662115
5947.1			0.8601746306269306
5948.0			0.8161125037765523
5948.9			0.7766156663142062
5949.8			1.0
5950.700000000001			1.0132770707603627
5951.6			1.0294455147582624
5952.5			1.0319108422276224
5953.4			1.0337100414284373
5954.3			1.0171639178647165
5955.200000000001			0.9632296085071217
5956.1			0.9138676569788521
5957.0			0.9082645298100253
5957.9			0.9297234833159759
5958.8			0.9548775246609368
5959.700000000001			0.9779492990463647
5960.6			0.9941026547615264
5961.5			0.9957188940147187
5962.4			0.8398001950215137
5963.3			0.8354249981953431
5964.200000000001			0.8334568334954764
5965.1			0.8339711175741622
5966.0			0.8434679752432858
5966.9			0.8619954987788003
5967.8			0.8781460359969764
5968.700000000001			0.8917391329609973
5969.6			0.903276964804783
5970.5			0.9029608429856195
5971.4			0.8890736356350935
5972.3			0.8718044125124939
5973.200000000001			0.8656316019870344
5974.1			0.871458173360278
5975.0			0.876841754707542
5975.9			0.8734124348963935
5976.8			0.8626825011818607
5977.700000000001			0.8511054964813941
5978.6			0.8549765298917624
5979.5			0.8770110969082106
5980.4			0.8968209946633623
5981.3			0.9026975531884787
5982.200000000001			0.8941816561023503
5983.1			0.8739738620147466
5984.0			0.8612387903838268
5984.9			0.8850185650496487
5985.8			0.9280728456548413
5986.700000000001			0.9419332432058375
5987.6			0.9314732699002068
5988.5			0.9294848472593242
5989.4			0.940703504897502
5990.3			0.9519838530642514
5991.200000000001			0.964130113295171
5992.1			0.9887341755364092
5993.0			1.0221766628126017
5993.9			1.0432182136863546
5994.8			1.0422955584350626
5995.700000000001			1.0
5996.6			0.9860280647804411
5997.5			0.976414055879286
5998.4			0.9635483289522289
5999.3			0.9435095221732023
6000.200000000001			0.9260963504515963
6001.1			0.9148171048152877
6002.0			0.9114412126668086
6002.9			0.9263285303222495
6003.8			0.95309312151676
6004.700000000001			0.9604380793919302
6005.6			0.9407542077807503
6006.5			0.9148657232239044
6007.4			0.9022827995440761
6008.3			0.9123466571621751
6009.200000000001			0.9443603431026787
6010.1			0.9776222717404428
6011.0			0.9872338668043564
6011.9			0.9754483981117167
6012.8			0.9646218380820407
6013.700000000001			0.9777733649854181
6014.6			1.0043392239757036
6015.5			1.0086561534068677
6016.4			0.9899458512104135
6017.3			0.9838438796248543
6018.200000000001			1.0001751757095754
6019.1			1.0
6020.0			1.0
6020.9			1.0
6021.8			1.0
6022.700000000001			1.0
6023.6			1.0
6024.5			1.0
6025.4			1.0
6026.3			1.0
6027.200000000001			1.0
6028.1			1.0
6029.0			1.0
6029.9			1.0
6030.8			1.0
6031.700000000001			1.0
6032.6			1.0
6033.5			1.0
6034.4			1.0
6035.3			1.0
6036.200000000001			1.0
6037.1			1.0
6038.0			1.0
6038.9			1.0
6039.8			1.0
6040.700000000001			1.0
6041.6			1.0
6042.5			1.0
6043.4			1.0
6044.3			1.0
6045.200000000001			1.0
6046.1			1.0
6047.0			1.0
6047.9			1.0
6048.8			1.0
6049.700000000001			1.0
6050.6			1.0
6051.5			1.0
6052.4			1.0
6053.3			1.0
6054.200000000001			1.0
6055.1			1.0
6056.0			1.0
6056.9			1.0
6057.8			1.0
6058.700000000001			1.0
6059.6			1.0
6060.5			1.0
6061.4			0.9823356057896291
6062.3			0.9487778185993321
6063.200000000001			0.9139719819534141
6064.1			0.8778902048068349
6065.0			0.8602404493171195
6065.9			0.8960207344557679
6066.8			0.9547334876153782
6067.700000000001			0.9879727022824399
6068.6			0.9946999851744126
6069.5			1.0
6070.4			1.0
6071.3			1.0
6072.200000000001			1.0
6073.1			1.0
6074.0			1.0
6074.9			1.0091817086622383
6075.8			1.011381916950531
6076.700000000001			1.0046141946535072
6077.6			0.9790344624560019
6078.5			0.9449842624884769
6079.4			0.9215151319926042
6080.3			0.9061649938482446
6081.200000000001			0.8941536094248294
6082.1			0.9056212508639766
6083.0			0.9429330943311597
6083.9			0.9707003386424748
6084.8			0.9688086405294432
6085.700000000001			0.9667884421407154
6086.6			0.9758625107580114
6087.5			0.9825040361019408
6088.4			0.9736645894438474
6089.3			0.9414556734135662
6090.200000000001			0.9236014204620951
6091.1			0.9451868700222696
6092.0			0.9642565820800805
6092.9			0.9687216629053771
6093.8			0.9985590697578702
6094.700000000001			1.0429149180532964
6095.6			1.0486455067212443
6096.5			1.0199911764728002
6097.4			1.0075852404630077
6098.3			1.0323654443405288
6099.200000000001			1.061123012657674
6100.1			1.0583040146940688
6101.0			1.0030215659760708
6101.9			0.919830088160479
6102.8			0.8872287328140671
6103.700000000001			0.9266009088122577
6104.6			0.9752602051632613
6105.5			1.004408555831955
6106.4			1.0092757250648159
6107.3			1.000701090509626
6108.200000000001			1.0026027182523383
6109.1			1.0051263010490887
6110.0			0.9897889626974161
6110.9			0.9755216755552841
6111.8			0.997487201001965
6112.700000000001			1.0458841446095857
6113.6			1.0809526580140913
6114.5			1.08497651480445
6115.4			1.0581010724509872
6116.3			1.0350031036074854
6117.200000000001			1.0452941501769693
6118.1			1.0428362722411368
6119.0			0.9954480146803009
6119.9			0.9354135932648612
6120.8			0.8927497871699088
6121.700000000001			0.8881105695093491
6122.6			0.9523728561765621
6123.5			1.0407263680410268
6124.4			1.066242207352898
6125.3			1.0362882167755552
6126.200000000001			1.0032685123835476
6127.1			0.9857887518867003
6128.0			0.9884513913118325
6128.9			1.0275295742365858
6129.8			1.0844690170347029
6130.700000000001			1.1046339063383044
6131.6			1.074089239173713
6132.5			1.0353765102466828
6133.4			1.0000379561827937
6134.3			0.9483922711212776
6135.200000000001			0.8974120530824734
6136.1			0.8558574207816784
6137.0			0.8486993473638874
6137.9			0.9229592537442579
6138.8			1.0302519662380745
6139.700000000001			1.0728977393021233
6140.6			1.037871629105297
6141.5			1.0013230048655477
6142.4			1.0282952287003237
6143.3			1.0940836943726566
6144.200000000001			1.1408778803880133
6145.1			1.142420853583294
6146.0			1.123905704710531
6146.9			1.0900491749335073
6147.8			0.9973448330487397
6148.700000000001			0.8713086806230123
6149.6			0.8176707458548977
6150.5			0.8648837917091478
6151.4			0.9390283764582207
6152.3			0.9765115861468129
6153.200000000001			0.9590755160120219
6154.1			0.9107024179265095
6155.0			0.8864546190985125
6155.9			0.88552979642872
6156.8			0.8588425752800506
6157.700000000001			0.7837510151699812
6158.6			0.6938549585103796
6159.5			0.6329935554370862
6160.4			0.5938002894582731
6161.3			0.5557455571522436
6162.200000000001			0.5401125210429166
6163.1			0.557850662879059
6164.0			0.5823730842083031
6164.9			0.5975082160091011
6165.8			0.6088690844378105
6166.700000000001			0.6236826016797393
6167.6			0.6321938866197716
6168.5			0.6218987971518312
6169.4			0.6104523516805407
6170.3			0.6257687669367816
6171.200000000001			0.65661617162432
6172.1			0.6641064328763727
6173.0			0.6377952640125284
6173.9			0.603834928835701
6174.8			0.591465155979899
6175.700000000001			0.6028752640273618
6176.6			0.6205746178335264
6177.5			0.6416769180517266
6178.4			0.6642269775100051
6179.3			0.676870516625904
6180.200000000001			0.6818514014641941
6181.1			0.6852476497929701
6182.0			0.6768882198973192
6182.9			0.6551579516591454
6183.8			0.6348226671010032
6184.700000000001			0.6182733819062999
6185.6			0.5865971273540166
6186.5			0.5528593504794815
6187.4			0.5461929640936616
6188.3			0.5513967682935348
6189.200000000001			0.540724050057551
6190.1			0.517826617182841
6191.0			0.5037821654775358
6191.9			0.5131458024772341
6192.8			0.5355685567988595
6193.700000000001			0.5530016623685525
6194.6			0.5660483730241505
6195.5			0.5749789497309596
6196.4			0.5810333490034717
6197.3			0.5884761169485572
6198.200000000001			0.5887920753650745
6199.1			0.5789861214339295
6200.0			0.5756555627491032
6200.9			0.5884407906472239
6201.8			0.608291355952069
6202.700000000001			0.621033777959046
6203.6			0.6209368729077287
6204.5			0.6150244360129477
6205.4			0.6157031978917105
6206.3			0.6270960241371831
6207.200000000001			0.6374008725194193
6208.1			0.6400731631721629
6209.0			0.6339002726658265
6209.9			0.6193716670601159
6210.8			0.606928189113773
6211.700000000001			0.59893869466
6212.6			0.5800972085897285
6213.5			0.5501331569848523
6214.4			0.5183389031517807
6215.3			0.4939101844877747
6216.200000000001			0.49632743373431715
6217.1			0.5193791321050498
6218.0			0.5363206837653125
6218.9			0.5434154460475359
6219.8			0.5513794235149453
6220.700000000001			0.551484662623049
6221.6			0.530310607680606
6222.5			0.5004303203127723
6223.4			0.48295879999514274
6224.3			0.4826148107341266
6225.200000000001			0.4921134259650008
6226.1			0.5009886729487917
6227.0			0.5072483773225718
6227.9			0.5108378510142852
6228.8			0.5047662227627059
6229.700000000001			0.49137141310143473
6230.6			0.4877871128265861
6231.5			0.5009794690202743
6232.4			0.5177051521163578
6233.3			0.5329169479102019
6234.200000000001			0.5490397364428466
6235.1			0.5563205021575535
6236.0			0.5535838353872532
6236.9			0.546701950675995
6237.8			0.5340369313901079
6238.700000000001			0.5172698373503964
6239.6			0.5102106676433645
6240.5			0.5227317625609276
6241.4			0.5326247323811422
6242.3			0.523697803059934
6243.200000000001			0.5187588091403504
6244.1			0.5329368061336174
6245.0			0.549309437651275
6245.9			0.5619756202338224
6246.8			0.5755401080899272
6247.700000000001			0.5879090044725166
6248.6			0.5942524391759577
6249.5			0.5936362368830201
6250.4			0.5892776852265758
6251.3			0.5804773002964588
6252.200000000001			0.577989911841805
6253.1			0.5870420223613483
6254.0			0.597145993962127
6254.9			0.600024953170387
6255.8			0.586887676812131
6256.700000000001			0.5603228678063643
6257.6			0.5370437517404704
6258.5			0.5455697581959331
6259.4			0.5820773469537365
6260.3			0.6074786103526104
6261.200000000001			0.6223920285177431
6262.1			0.6473966124287373
6263.0			0.6691544809038458
6263.9			0.6684013130355602
6264.8			0.652629076359702
6265.700000000001			0.64316432952331
6266.6			0.638673521359575
6267.5			0.6245588598541825
6268.4			0.6101436687740602
6269.3			0.6197234360224156
6270.200000000001			0.6475950001550674
6271.1			0.6686971511211695
6272.0			0.6708709401352206
6272.9			0.6576797303280321
6273.8			0.6436545277312591
6274.700000000001			0.6356265828735974
6275.6			0.6354006154127319
6276.5			0.6457035596613668
6277.4			0.663056112938688
6278.3			0.6711997147254796
6279.200000000001			0.6587405922489877
6280.1			0.6436141871465242
6281.0			0.6497807487178014
6281.9			0.6710791859343188
6282.8			0.6923318355147202
6283.700000000001			0.7024032640362048
6284.6			0.7006634052967762
6285.5			0.7098825196498814
6286.4			0.7330850182075331
6287.3			0.7509720246138691
6288.200000000001			0.7607167915513142
6289.1			0.7638643582135098
6290.0			0.758569172638978
6290.9			0.7465335401495039
6291.8			1.0
6292.700000000001			0.9791709221979581
6293.6			0.97781835385564
6294.5			0.9611570912452704
6295.4			0.9203728438908269
6296.3			0.8999917197843579
6297.200000000001			0.9272709166698294
6298.1			0.9713970199563303
6299.0			0.9969018892759737
6299.9			1.0004309326641838
6300.8			0.7495890739017096
6301.700000000001			0.7504670473664302
6302.6			0.7549403979508974
6303.5			0.7567856649608316
6304.4			0.7496335864309148
6305.3			0.746451198915424
6306.200000000001			0.7734470777532865
6307.1			0.8144401772348359
6308.0			0.8368358483017622
6308.9			0.8387646741042589
6309.8			0.8280239132966221
6310.700000000001			0.8117752652132434
6311.6			0.8070175614918413
6312.5			0.8215368973614243
6313.4			0.8341336882261678
6314.3			0.8344895068277038
6315.200000000001			0.8415001724595814
6316.1			0.8517618848011973
6317.0			0.8432927852894079
6317.9			0.8320570541340403
6318.8			0.8448665835609639
6319.700000000001			0.8594609047973699
6320.6			0.8466003581720212
6321.5			0.8302961530513262
6322.4			0.8373291170100469
6323.3			0.8513175504011545
6324.200000000001			0.8462192570192064
6325.1			0.8429378934435052
6326.0			0.8593177340318114
6326.9			0.8811959509910545
6327.8			0.8976881515691929
6328.700000000001			0.8958058364754236
6329.6			0.8794116967959447
6330.5			0.8843602594803178
6331.4			0.9117169196364123
6332.3			0.9337962127305052
6333.200000000001			1.0
6334.1			0.9636306141664173
6335.0			0.9168469792507843
6335.9			0.9141478743662447
6336.8			0.9563711776119299
6337.700000000001			0.9993557479682443
6338.6			0.9499890883056211
6339.5			0.9660345229992569
6340.4			0.97948898544803
6341.3			1.0
6342.200000000001			0.9825893056303088
6343.1			0.9441929382835584
6344.0			0.8995994735668762
6344.9			1.0
6345.8			1.0176272886026425
6346.700000000001			1.056966552256966
6347.6			1.0848865895191808
6348.5			1.099077563626811
6349.4			1.10046774709645
6350.3			1.080047826801565
6351.200000000001			1.0406707425581487
6352.1			1.0037060362491423
6353.0			0.9760868597274783
6353.9			0.9518472194705948
6354.8			0.9418708208914461
6355.700000000001			0.9427706729112842
6356.6			0.9224810749227713
6357.5			0.8771112758404676
6358.4			0.8438304567772653
6359.3			0.844729025007206
6360.200000000001			0.8622347117817954
6361.1			0.8728238948785577
6362.0			0.8755052193810358
6362.9			0.881518993521487
6363.8			0.8968071662977165
6364.700000000001			0.9166237167323491
6365.6			0.9352758246298405
6366.5			0.9603202695814711
6367.4			0.993441121652639
6368.3			1.012600196178533
6369.200000000001			1.0079745284336976
6370.1			0.997676664267033
6371.0			1.0004364289105718
6371.9			0.9816278079961454
6372.8			0.9968571558914355
6373.700000000001			0.9999866172335313
6374.6			1.0
6375.5			1.0
6376.4			1.0081624009388699
6377.3			0.9761835824480197
6378.200000000001			0.92500659714551
6379.1			0.9103884337773269
6380.0			0.937375447189736
6380.9			0.9724776812840263
6381.8			0.999397765189446
6382.700000000001			1.0
6383.6			1.0
6384.5			1.0
6385.4			1.0
6386.3			1.0
6387.200000000001			1.0
6388.1			1.0
6389.0			1.0
6389.9			1.0
6390.8			0.9879229818865584
6391.700000000001			0.9512813786412571
6392.6			0.9073856941439284
6393.5			0.8982146083929475
6394.4			0.9289263714764076
6395.3			0.9669236304657478
6396.200000000001			0.9920473413432969
6397.1			1.0
6398.0			1.0
6398.9			1.0
6399.8			1.0
6400.700000000001			1.0
6401.6			1.0
6402.5			1.0
6403.4			1.0
6404.3			1.0
6405.200000000001			1.0
6406.1			1.0
6407.0			1.0
6407.9			1.0
6408.8			1.0
6409.700000000001			1.0
6410.6			1.0
6411.5			1.0
6412.4			1.0
6413.3			1.0
6414.200000000001			1.0
6415.1			1.0
6416.0			1.0181242833982205
6416.9			1.0185168606412403
6417.8			0.9992884310387041
6418.700000000001			0.9679050500174536
6419.6			0.9267007439016262
6420.5			0.8959280207450847
6421.4			0.9108538876714976
6422.3			0.9626057678824534
6423.200000000001			0.9969595682185128
6424.1			0.9990519588995007
6425.0			0.9999764313019758
6425.9			1.0
6426.8			1.0
6427.700000000001			1.0
6428.6			0.9808861756764053
6429.5			0.9333292863613467
6430.4			0.9016606438018367
6431.3			0.9313862295489428
6432.200000000001			0.9948569888190362
6433.1			1.0
6434.0			1.0
6434.9			1.0
6435.8			1.0
6436.700000000001			1.0
6437.6			1.0
6438.5			1.0
6439.4			1.0
6440.3			1.0
6441.200000000001			1.0
6442.1			1.0
6443.0			1.0
6443.9			1.0
6444.8			0.9958332630129563
6445.700000000001			0.9897826865424314
6446.6			0.9646022173137518
6447.5			0.9111445913690732
6448.4			0.8487843564945914
6449.3			0.8143865009092746
6450.200000000001			0.8301197165297775
6451.1			0.8804723890068366
6452.0			0.9367919313245439
6452.9			0.9833491438040515
6453.8			1.0031762262167632
6454.700000000001			1.0
6455.6			1.0
6456.5			1.0
6457.4			1.0
6458.3			1.0
6459.200000000001			1.0
6460.1			0.9950803876570654
6461.0			0.9529545039694872
6461.9			0.8994044819042071
6462.8			0.8965803718470571
6463.700000000001			0.9451336753517915
6464.6			0.9868347782663702
6465.5			1.001532550654023
6466.4			1.0
6467.3			1.0
6468.200000000001			1.0
6469.1			1.0
6470.0			1.0
6470.9			1.0
6471.8			1.0
6472.700000000001			0.9534887851240201
6473.6			0.8736106095478259
6474.5			0.8341409237905235
6475.4			0.8696036015007116
6476.3			0.9317192515236487
6477.200000000001			0.9612426224333747
6478.1			0.9492158592698108
6479.0			0.9240618392884454
6479.9			0.8919225954526531
6480.8			0.845516480094858
6481.700000000001			0.8069872285187678
6482.6			0.7992061678783716
6483.5			0.809086677175864
6484.4			0.8210509615357607
6485.3			0.839891020683315
6486.200000000001			0.8643545396157266
6487.1			0.881336888604038
6488.0			0.882816435336673
6488.9			0.8725139694699888
6489.8			0.8647369790931677
6490.700000000001			0.8743952873645032
6491.6			0.8895516769580936
6492.5			0.8749123234387175
6493.4			0.8195070237528538
6494.3			0.7589149928746141
6495.200000000001			0.7272652494628516
6496.1			0.7242163997309039
6497.0			0.7435517596340261
6497.9			0.7709586054627787
6498.8			0.7976470572750566
6499.700000000001			0.8334634313938748
6500.6			0.8690653072147474
6501.5			0.8960917257490462
6502.4			0.9134459236554715
6503.3			0.9191969657588925
6504.200000000001			0.9307846146518131
6505.1			0.9539412958461577
6506.0			1.0
6506.9			0.9710036948880233
6507.8			0.9319659623671454
6508.700000000001			0.9297207908127235
6509.6			0.966825070685118
6510.5			0.9996375458860045
6511.4			0.9805579369276309
6512.3			0.975421817609751
6513.200000000001			0.9765727505367319
6514.1			0.9717162146858189
6515.0			0.9649501082713109
6515.9			0.9643541431670744
6516.8			0.9590290406958495
6517.700000000001			0.9528564770019464
6518.6			0.965450284319844
6519.5			0.997230518166608
6520.4			1.0
6521.3			1.0
6522.200000000001			1.0
6523.1			1.0
6524.0			1.0
6524.9			1.0
6525.8			1.0
6526.700000000001			1.0
6527.6			1.0
6528.5			1.0
6529.4			1.0
6530.3			1.0
6531.200000000001			1.0
6532.1			1.0
6533.0			1.0
6533.9			1.0
6534.8			1.0
6535.700000000001			1.0
6536.6			1.0
6537.5			1.0
6538.4			1.0
6539.3			1.0
6540.200000000001			1.0
6541.1			1.0
6542.0			1.0
6542.9			1.0
6543.8			1.0
6544.700000000001			1.0
6545.6			1.0
6546.5			1.0
6547.4			1.0
6548.3			1.0
6549.200000000001			1.0
6550.1			1.0
6551.0			1.0
6551.9			1.0
6552.8			1.0
6553.700000000001			1.0
6554.6			1.0
6555.5			1.0
6556.4			1.0
6557.3			1.0
6558.200000000001			1.0
6559.1			1.0243379919482112
6560.0			0.9931020486305198
6560.9			0.8498918872618252
6561.8			0.6479882816486788
6562.700000000001			0.5877015499346033
6563.6			0.73046196185839
6564.5			0.8998811522057879
6565.4			0.9777565683385041
6566.3			1.0017374476030594
6567.200000000001			1.0
6568.1			1.0
6569.0			1.0
6569.9			1.016579781441806
6570.8			1.014518559146387
6571.700000000001			0.9745292594774753
6572.6			0.9398341968320213
6573.5			0.9411047267941894
6574.4			0.9661461573206614
6575.3			0.9999576505676687
6576.200000000001			1.0
6577.1			1.0
6578.0			1.0
6578.9			1.0
6579.8			1.0
6580.700000000001			1.0
6581.6			1.0
6582.5			1.0
6583.4			1.0
6584.3			1.0
6585.200000000001			1.0
6586.1			1.0
6587.0			1.0
6587.9			1.0
6588.8			1.0
6589.700000000001			1.0
6590.6			0.9745832419040644
6591.5			0.9291851469375207
6592.4			0.8884741116055638
6593.3			0.8844004113263529
6594.200000000001			0.9218261652509561
6595.1			0.9692513286702785
6596.0			0.9957667571301085
6596.9			1.0
6597.8			1.0
6598.700000000001			1.0
6599.6			1.0
6600.5			1.0
6601.4			1.0
6602.3			1.0
6603.200000000001			1.0
6604.1			0.9808813181167856
6605.0			0.9600269407907616
6605.9			0.9540800360667697
6606.8			0.9535935178219067
6607.700000000001			0.940760530979246
6608.6			0.9298558774235849
6609.5			0.9533730307811918
6610.4			1.0027253019037998
6611.3			1.0319085167134248
6612.200000000001			1.0205463430529604
6613.1			0.9981021332642702
6614.0			1.0
6614.9			1.0
6615.8			1.0
6616.700000000001			1.0
6617.6			1.0
6618.5			1.0
6619.4			1.0
6620.3			1.0
6621.200000000001			1.0
6622.1			0.9765061997731556
6623.0			0.9437167216138789
6623.9			0.9053584696417967
6624.8			0.8835477922971647
6625.700000000001			0.8950412059238115
6626.6			0.9239056664236736
6627.5			0.943865345338242
6628.4			0.9466229170668854
6629.3			0.9500097601921711
6630.200000000001			0.9669105226417656
6631.1			0.9818378501423713
6632.0			0.979921460209249
6632.9			0.9626844037655402
6633.8			0.9387375240568074
6634.700000000001			0.9189495954413722
6635.6			0.915433915942619
6636.5			0.9280973954300618
6637.4			0.9428512071129392
6638.3			0.9517949959791326
6639.200000000001			0.9595677342678912
6640.1			0.9740932335181011
6641.0			0.9879285922827948
6641.9			0.9789419432760618
6642.8			0.954551660546641
6643.700000000001			0.9504477744378498
6644.6			0.9665382317463813
6645.5			0.9759844771973365
6646.4			0.972099995120613
6647.3			0.9656126029677987
6648.200000000001			0.9536036105349631
6649.1			0.9153357521045967
6650.0			0.8487599782198695
6650.9			0.79080995486973
6651.8			0.7803114988430636
6652.700000000001			0.8062134703518543
6653.6			0.8317056450142857
6654.5			0.8404809818929807
6655.4			0.8383237348575456
6656.3			0.8348954785507323
6657.200000000001			0.8358092500511387
6658.1			0.8405357678183575
6659.0			0.847009831799805
6659.9			0.8511880294221689
6660.8			0.8495450973350012
6661.700000000001			0.8400782592317667
6662.6			0.8355703973701065
6663.5			0.8524520535078585
6664.4			0.874093251450411
6665.3			0.8778927086606747
6666.200000000001			0.8721938078467252
6667.1			0.8784363596674016
6668.0			0.8982072125361126
6668.9			0.9172429745850594
6669.8			0.9320408034634061
6670.700000000001			0.9431463972704516
6671.6			0.9462742766942176
6672.5			0.9411463534415367
6673.4			0.9353582143150162
6674.3			0.9357964065121017
6675.200000000001			0.9313346993483401
6676.1			0.9024950709100408
6677.0			0.8622196044826183
6677.9			0.8448917768856724
6678.8			0.8416794250848
6679.700000000001			0.8096747403501843
6680.6			0.7570062612450298
6681.5			0.734560030886908
6682.4			0.7541364421215098
6683.3			0.7826584034056742
6684.200000000001			0.7936229827111173
6685.1			0.7893552670214772
6686.0			0.7847130108594966
6686.9			0.787564588449837
6687.8			0.7964516134181573
6688.700000000001			0.8053376765768303
6689.6			0.810230072904852
6690.5			0.8119617066016664
6691.4			0.811667119304354
6692.3			0.81120298273972
6693.200000000001			0.8131390864763471
6694.1			0.8149843513219497
6695.0			0.8135594405835913
6695.9			0.8144731377957759
6696.8			0.8244193590642699
6697.700000000001			0.8404146956549191
6698.6			0.8565915023557364
6699.5			0.8687662504298246
6700.4			0.8748879813868222
6701.3			0.8773288165758516
6702.200000000001			0.8765688953400441
6703.1			0.8726419659266016
6704.0			0.8690861937394118
6704.9			0.8718710854223243
6705.8			0.8847713160558607
6706.700000000001			0.9004857789899339
6707.6			0.9075269422069028
6708.5			0.9025503968088805
6709.4			0.8946301441457353
6710.3			0.8945252479282124
6711.200000000001			0.8955994700271936
6712.1			0.8791924241289636
6713.0			0.8318368406920362
6713.9			0.7719761333734141
6714.8			0.7362936757291765
6715.700000000001			0.7247467587229248
6716.6			0.7151870461199998
6717.5			0.7089426087817539
6718.4			0.7160001424414059
6719.3			0.7290231445648829
6720.200000000001			0.7370181360344171
6721.1			0.740840684569746
6722.0			0.7466835908056084
6722.9			0.7533458921306132
6723.8			0.7561482613707091
6724.700000000001			0.7580615414320933
6725.6			0.7674876618233023
6726.5			0.7816696755962399
6727.4			0.7889303216559785
6728.3			0.7894301660823032
6729.200000000001			0.7902684477013384
6730.1			0.7952984720938967
6731.0			0.8046122853887525
6731.9			0.814249360443226
6732.8			0.818356566286415
6733.700000000001			0.815424156861383
6734.6			0.8126269481586984
6735.5			0.8168652843097237
6736.4			0.8246963654389079
6737.3			0.8246578671925071
6738.200000000001			0.815313360569452
6739.1			0.8161468946745943
6740.0			1.0
6740.9			1.010278398885753
6741.8			0.997652573766375
6742.700000000001			0.9956288955613346
6743.6			1.0226705917531294
6744.5			1.0428913952479328
6745.4			1.0235423626912024
6746.3			0.9757111961955431
6747.200000000001			0.9288719483642115
6748.1			0.9096073261328117
6749.0			0.9241415559038566
6749.9			0.9501129289452888
6750.8			0.9548918118346447
6751.700000000001			0.9367708929293056
6752.6			0.9318354823083066
6753.5			0.9543334555961833
6754.4			0.9798822977420385
6755.3			0.9999574604662381
6756.200000000001			0.8578548757320195
6757.1			0.8701742639585235
6758.0			0.8746721733799896
6758.9			0.8793854098142793
6759.8			0.8833965568246054
6760.700000000001			0.8787342210606831
6761.6			0.8755630304058625
6762.5			0.8863495992279662
6763.4			0.9033444453046544
6764.3			0.9088304727450714
6765.200000000001			0.898358374769519
6766.1			0.8933723397600758
6767.0			0.9122817858864325
6767.9			0.9348953674541534
6768.8			1.0
6769.700000000001			0.9924106411881557
6770.6			0.9953578538787741
6771.5			1.0157160171061925
6772.4			1.0404912539747866
6773.3			1.0595689109897002
6774.200000000001			1.0726999358178764
6775.1			1.0799994146124592
6776.0			1.0805849302430712
6776.9			1.0766596822088108
6777.8			1.0785570473680066
6778.700000000001			1.0816643066598277
6779.6			1.0551066052845035
6780.5			0.990486595469573
6781.4			0.9193894766870836
6782.3			0.8779218937408655
6783.200000000001			0.8626515221257877
6784.1			0.8577595978447179
6785.0			0.8668840395753032
6785.9			0.8878465005574745
6786.8			0.9089322678193009
6787.700000000001			0.9214348548357802
6788.6			0.9196219009639947
6789.5			0.9144027910453989
6790.4			0.9200018486044318
6791.3			0.9291822459913056
6792.200000000001			0.9288384431726145
6793.1			0.9308526992015622
6794.0			0.9496625343928574
6794.9			0.9682859475933551
6795.8			0.9813527361970548
6796.700000000001			0.9893127412673374
6797.6			0.9889321714946929
6798.5			1.0001893674059772
6799.4			0.9651053601049182
6800.3			0.9818698111967255
6801.200000000001			0.9909679539857643
6802.1			0.9863604783888734
6803.0			0.9738752946841935
6803.9			0.9702281071587795
6804.8			0.9744642809433823
6805.700000000001			0.976917085538493
6806.6			0.9854406683594358
6807.5			1.004422764296628
6808.4			1.0138667556662195
6809.3			1.0143705887020267
6810.200000000001			1.0199271873478994
6811.1			1.0
6812.0			0.9946314221364969
6812.9			0.9844004273038082
6813.8			0.955746713746295
6814.700000000001			0.9291083670364562
6815.6			0.9393301349150808
6816.5			0.9738388827053371
6817.4			1.0000848262628825
6818.3			1.0
6819.200000000001			1.0
6820.1			1.0
6821.0			1.0
6821.9			1.0
6822.8			1.0
6823.700000000001			1.0
6824.6			1.0
6825.5			1.0
6826.4			1.0
6827.3			1.0
6828.200000000001			1.0
6829.1			1.0
6830.0			1.0
6830.9			1.0
6831.8			1.0
6832.700000000001			1.0
6833.6			1.0
6834.5			1.0
6835.4			1.0
6836.3			1.0
6837.200000000001			1.0
6838.1			0.9929862283443542
6839.0			0.9802811699937162
6839.9			0.9677400087469588
6840.8			0.9645971143566539
6841.700000000001			0.9816203301453907
6842.6			1.0122363933780645
6843.5			1.037695857925221
6844.4			1.0404517524520622
6845.3			1.0235601982422633
6846.200000000001			1.016130544706959
6847.1			1.0184915683276439
6848.0			0.9973755802128583
6848.9			0.9550483746626667
6849.8			0.9277162005798356
6850.700000000001			0.9166613397354997
6851.6			0.9133700594304304
6852.5			0.9210391910786284
6853.4			0.9261350777842136
6854.3			0.925799468247906
6855.200000000001			0.9310952551979191
6856.1			0.9444285284328262
6857.0			0.9573580985363117
6857.9			0.9643247081779168
6858.8			0.9619470129694264
6859.700000000001			0.9433499384429628
6860.6			0.9240153561057095
6861.5			0.9352757626942425
6862.4			0.976077013152374
6863.3			1.007259417102681
6864.200000000001			1.0082875789392425
6865.1			0.9999980242724381
6866.0			1.0
6866.9			1.0
6867.8			1.0
6868.700000000001			1.0
6869.6			1.0
6870.5			1.0
6871.4			1.0
6872.3			1.0
6873.200000000001			1.0
6874.1			1.0
6875.0			1.0
6875.9			1.0
6876.8			1.0
6877.700000000001			1.0
6878.6			1.0
6879.5			1.0
6880.4			0.9873202422752858
6881.3			0.9707233831863971
6882.200000000001			0.9458176370447169
6883.1			0.9361343110172639
6884.0			0.9565238294871755
6884.9			0.9835782966848418
6885.8			0.9993940085334497
6886.700000000001			1.0
6887.6			1.0
6888.5			1.0
6889.4			1.0
6890.3			1.0
6891.200000000001			1.0
6892.1			1.0
6893.0			1.0
6893.9			1.0
6894.8			1.0
6895.700000000001			1.0
6896.6			1.0
6897.5			1.0
6898.4			1.0
6899.3			1.0
6900.200000000001			1.0
6901.1			1.0
6902.0			1.0
6902.9			1.0
6903.8			1.0
6904.700000000001			1.0
6905.6			1.0
6906.5			1.0
6907.4			1.0
6908.3			1.0
6909.200000000001			1.0
6910.1			1.0
6911.0			1.0
6911.9			1.0
6912.8			1.0
6913.700000000001			1.0
6914.6			1.0
6915.5			1.0
6916.4			1.0
6917.3			1.0
6918.200000000001			1.0
6919.1			1.0
6920.0			1.0
6920.9			1.0114578848826488
6921.8			1.0047945969086984
6922.700000000001			0.977009490017958
6923.6			0.9474336979680529
6924.5			0.9334291511420376
6925.4			0.9431101349347139
6926.3			0.970646219938189
6927.200000000001			0.9942212191164841
6928.1			1.0027414617520165
6929.0			1.0
6929.9			1.0
6930.8			1.0
6931.700000000001			1.0
6932.6			1.0
6933.5			1.0
6934.4			1.0
6935.3			1.0
6936.200000000001			1.0
6937.1			1.0
6938.0			1.0
6938.9			1.0
6939.8			1.0
6940.700000000001			1.0
6941.6			1.0
6942.5			1.0
6943.4			1.0
6944.3			1.0
6945.200000000001			1.0
6946.1			1.0
6947.0			1.0
6947.9			1.0
6948.8			1.0000576662204523
6949.700000000001			0.9834279685999086
6950.6			0.9558047691480092
6951.5			0.9308921060485819
6952.4			0.9144749668431664
6953.3			0.9220428021330879
6954.200000000001			0.9538353737512676
6955.1			0.9853417341857215
6956.0			1.0002351364325996
6956.9			1.0
6957.8			1.0
6958.700000000001			1.0
6959.6			1.0
6960.5			1.0
6961.4			1.0
6962.3			1.0
6963.200000000001			1.0
6964.1			1.0
6965.0			1.0
6965.9			1.0
6966.8			1.0
6967.700000000001			1.0
6968.6			1.0
6969.5			1.0
6970.4			1.0
6971.3			1.0
6972.200000000001			1.0
6973.1			1.0
6974.0			1.0
6974.9			0.9905737265427194
6975.8			0.9706075037680999
6976.700000000001			0.9281689074844858
6977.6			0.8920888116336658
6978.5			0.905862287476272
6979.4			0.9564374875129472
6980.3			1.0000017779415786
6981.200000000001			1.0
6982.1			1.0
6983.0			1.0
6983.9			1.0
6984.8			1.0
6985.700000000001			1.0
6986.6			0.983051063087824
6987.5			0.9532105989526736
6988.4			0.9227762606312722
6989.3			0.9131036097417868
6990.200000000001			0.9371701709964917
6991.1			0.9785772712853799
6992.0			1.0026605582234571
6992.9			1.0
6993.8			1.0
6994.700000000001			1.0
6995.6			1.0
6996.5			1.0
6997.4			1.0
6998.3			1.0
6999.200000000001			1.0
7000.1			1.0
7001.0			1.0
7001.9			1.0
7002.8			1.0
7003.700000000001			1.0
7004.6			1.0
7005.5			1.0
7006.4			1.0
7007.3			1.0
7008.200000000001			1.0
7009.1			1.0
7010.0			1.0
7010.9			1.0
7011.8			1.0
7012.700000000001			1.0
7013.6			1.0
7014.5			1.0
7015.4			1.0
7016.3			1.0
7017.200000000001			1.0
7018.1			1.0
7019.0			1.0
7019.9			1.0
7020.8			1.0
7021.700000000001			1.0
7022.6			1.0
7023.5			1.0
7024.4			1.0
7025.3			1.0
7026.200000000001			1.0
7027.1			1.0
7028.0			1.0
7028.9			1.0
7029.8			1.0
7030.700000000001			1.0
7031.6			1.0
7032.5			1.0
7033.4			1.0
7034.3			1.0
7035.200000000001			1.0
7036.1			1.0
7037.0			1.0
7037.9			1.0
7038.8			1.0
7039.700000000001			1.0
7040.6			1.0
7041.5			1.0
7042.4			1.0
7043.3			1.0
7044.200000000001			1.0
7045.1			1.0
7046.0			1.0
7046.9			1.0
7047.8			1.0
7048.700000000001			1.0
7049.6			1.0
7050.5			1.0
7051.4			1.0
7052.3			1.0
7053.200000000001			1.0
7054.1			1.0
7055.0			1.0
7055.9			1.0
7056.8			1.0
7057.700000000001			1.0
7058.6			1.0
7059.5			1.0
7060.4			1.0
7061.3			1.0
7062.200000000001			1.0
7063.1			1.0
7064.0			1.0
7064.9			1.0
7065.8			1.0
7066.700000000001			1.0
7067.6			1.0
7068.5			1.0
7069.4			1.0
7070.3			1.0
7071.200000000001			1.0
7072.1			1.0
7073.0			1.0
7073.9			1.0
7074.8			1.0
7075.700000000001			1.0
7076.6			1.0
7077.5			1.0
7078.4			1.0
7079.3			1.0
7080.200000000001			1.0
7081.1			1.0
7082.0			1.0
7082.9			1.0
7083.8			1.0
7084.700000000001			1.0
7085.6			1.0
7086.5			1.0
7087.4			1.0
7088.3			1.0
7089.200000000001			1.0
7090.1			1.0
7091.0			1.0
7091.9			1.0
7092.8			1.0
7093.700000000001			1.0
7094.6			1.0
7095.5			1.0
7096.4			1.0
7097.3			1.0
7098.200000000001			1.0
7099.1			1.0
7100.0			1.0
7100.9			1.0
7101.8			1.0
7102.700000000001			1.0
7103.6			1.0
7104.5			1.0
7105.4			1.0
7106.3			1.0
7107.200000000001			1.0
7108.1			1.0
7109.0			1.0
7109.9			1.0
7110.8			1.0
7111.700000000001			1.0
7112.6			1.0
7113.5			1.0
7114.4			1.0
7115.3			1.0
7116.200000000001			1.0
7117.1			1.0
7118.0			1.0
7118.9			1.0
7119.8			1.0
7120.700000000001			1.0
7121.6			1.0
7122.5			1.0
7123.4			1.0
7124.3			1.0
7125.200000000001			1.0
7126.1			1.0
7127.0			1.0
7127.9			1.0
7128.8			1.0
7129.700000000001			1.0
7130.6			1.0
7131.5			1.0
7132.4			1.0
7133.3			1.0
7134.200000000001			1.0
7135.1			1.0
7136.0			1.0
7136.9			1.0
7137.8			1.0
7138.700000000001			1.0
7139.6			1.0
7140.5			1.0
7141.4			1.0
7142.3			1.0
7143.200000000001			1.0
7144.1			1.0
7145.0			1.0
7145.9			1.0
7146.8			1.0
7147.700000000001			1.0
7148.6			1.0
7149.5			1.0
7150.4			1.0
7151.3			1.0
7152.200000000001			1.0
7153.1			1.0
7154.0			1.0
7154.9			1.0
7155.8			1.0
7156.700000000001			1.0
7157.6			1.0
7158.5			1.0
7159.4			1.0
7160.3			1.0
7161.200000000001			1.0
7162.1			1.0
7163.0			1.0
7163.9			1.0
7164.8			1.0
7165.700000000001			1.0
7166.6			1.0
7167.5			1.0
7168.4			1.0
7169.3			1.0
7170.200000000001			1.0
7171.1			1.0
7172.0			1.0
7172.9			1.0
7173.8			1.0
7174.700000000001			1.0
7175.6			1.0
7176.5			1.0
7177.4			1.0
7178.3			1.0
7179.200000000001			1.0
7180.1			1.0
7181.0			1.0
7181.9			1.0
7182.8			1.0
7183.700000000001			1.0
7184.6			1.0
7185.5			1.0
7186.4			1.0
7187.3			1.0
7188.200000000001			1.0
7189.1			1.0
7190.0			1.0
7190.9			1.0
7191.8			1.0
7192.700000000001			1.0
7193.6			1.0
7194.5			1.0
7195.4			1.0
7196.3			1.0
7197.200000000001			1.0
7198.1			1.0
7199.0			1.0
7199.9			1.0
7200.8			1.0
7201.700000000001			1.0
7202.6			1.0
7203.5			1.0
7204.4			1.0
7205.3			1.0
7206.200000000001			1.0
7207.1			1.0
7208.0			1.0
7208.9			1.0
7209.8			1.0
7210.700000000001			1.0
7211.6			1.0
7212.5			1.0
7213.4			1.0
7214.3			1.0
7215.200000000001			1.0
7216.1			1.0
7217.0			1.0
7217.9			1.0
7218.8			1.0
7219.700000000001			1.0
7220.6			1.0
7221.5			1.0
7222.4			1.0
7223.3			1.0
7224.200000000001			1.0
7225.1			1.0
7226.0			1.0
7226.9			1.0
7227.8			1.0
7228.700000000001			1.0
7229.6			1.0
7230.5			1.0
7231.4			1.0
7232.3			1.0
7233.200000000001			1.0
7234.1			1.0
7235.0			1.0
7235.9			1.0
7236.8			1.0
7237.700000000001			1.0
7238.6			1.0
7239.5			1.0
7240.4			1.0
7241.3			1.0
7242.200000000001			1.0
7243.1			1.0
7244.0			1.0
7244.9			1.0
7245.8			1.0
7246.700000000001			1.0
7247.6			1.0
7248.5			1.0
7249.4			1.0
7250.3			1.0
7251.200000000001			1.0
7252.1			1.0
7253.0			1.0
7253.9			1.0
7254.8			1.0
7255.700000000001			1.0
7256.6			1.0
7257.5			1.0
7258.4			1.0
7259.3			1.0
7260.200000000001			1.0
7261.1			1.0
7262.0			1.0
7262.9			1.0
7263.8			1.0
7264.700000000001			1.0
7265.6			1.0
7266.5			1.0
7267.4			1.0
7268.3			1.0
7269.200000000001			1.0
7270.1			1.0
7271.0			1.0
7271.9			1.0
7272.8			1.0
7273.700000000001			1.0
7274.6			1.0
7275.5			1.0
7276.4			1.0
7277.3			1.0
7278.200000000001			1.0
7279.1			1.0
7280.0			1.0
7280.9			1.0
7281.8			1.0
7282.700000000001			1.0
7283.6			1.0
7284.5			1.0
7285.4			1.0
7286.3			1.0
7287.200000000001			1.0
7288.1			1.0
7289.0			1.0
7289.9			1.0
7290.8			1.0
7291.700000000001			1.0
7292.6			1.0
7293.5			1.0
7294.4			1.0
7295.3			1.0
7296.200000000001			1.0
7297.1			1.0
7298.0			1.0
7298.9			1.0
7299.8			1.0
7300.700000000001			1.0
7301.6			1.0
7302.5			1.0
7303.4			1.0
7304.3			1.0
7305.200000000001			1.0
7306.1			1.0
7307.0			1.0
7307.9			1.0
7308.8			1.0
7309.700000000001			1.0
7310.6			1.0
7311.5			1.0
7312.4			1.0
7313.3			1.0
7314.200000000001			1.0
7315.1			1.0
7316.0			1.0
7316.9			1.0
7317.8			1.0
7318.700000000001			1.0
7319.6			1.0
7320.5			1.0
7321.4			1.0
7322.3			1.0
7323.200000000001			1.0
7324.1			1.0
7325.0			1.0
7325.9			1.0
7326.8			1.0
7327.700000000001			1.0
7328.6			1.0
7329.5			1.0
7330.4			1.0
7331.3			1.0
7332.200000000001			1.0
7333.1			1.0
7334.0			1.0
7334.9			1.0
7335.8			1.0
7336.700000000001			1.0
7337.6			1.0
7338.5			1.0
7339.4			1.0
7340.3			1.0
7341.200000000001			1.0
7342.1			1.0
7343.0			1.0
7343.9			1.0
7344.8			1.0
7345.700000000001			1.0
7346.6			1.0
7347.5			1.0
7348.4			1.0
7349.3			1.0
7350.200000000001			1.0
7351.1			1.0
7352.0			1.0
7352.9			1.0
7353.8			1.0
7354.700000000001			1.0
7355.6			1.0
7356.5			1.0
7357.4			1.0
7358.3			1.0
7359.200000000001			1.0
7360.1			1.0
7361.0			1.0
7361.9			1.0
7362.8			1.0
7363.700000000001			1.0
7364.6			1.0
7365.5			1.0
7366.4			1.0
7367.3			1.0
7368.200000000001			1.0
7369.1			1.0
7370.0			1.0
7370.9			1.0
7371.8			1.0
7372.700000000001			1.0
7373.6			1.0
7374.5			1.0
7375.4			1.0
7376.3			1.0
7377.200000000001			1.0
7378.1			1.0
7379.0			1.0
7379.9			1.0
7380.8			1.0
7381.700000000001			1.0
7382.6			1.0
7383.5			1.0
7384.4			1.0
7385.3			1.0
7386.200000000001			1.0
7387.1			1.0
7388.0			1.0
7388.9			1.0
7389.8			1.0
7390.700000000001			1.0
7391.6			1.0
7392.5			1.0
7393.4			1.0
7394.3			1.0
7395.200000000001			1.0
7396.1			1.0
7397.0			1.0
7397.9			1.0
7398.8			1.0
7399.700000000001			1.0
7400.6			1.0
7401.5			1.0
7402.4			1.0
7403.3			1.0
7404.200000000001			1.0
7405.1			1.0
7406.0			1.0
7406.9			1.0
7407.8			1.0
7408.700000000001			1.0
7409.6			1.0
7410.5			1.0
7411.4			1.0
7412.3			1.0
7413.200000000001			1.0
7414.1			1.0
7415.0			1.0
7415.9			1.0
7416.8			1.0
7417.700000000001			1.0
7418.6			1.0
7419.5			1.0
7420.4			1.0
7421.3			1.0
7422.200000000001			1.0
7423.1			1.0
7424.0			1.0
7424.9			1.0
7425.8			1.0
7426.700000000001			1.0
7427.6			1.0
7428.5			1.0
7429.4			1.0
