3500.0			1.0
3500.9			1.0
3501.8			1.0
3502.7			1.0
3503.6			1.0
3504.5			1.0
3505.4			1.0
3506.3			1.0
3507.2			1.0
3508.1			1.0
3509.0			1.0
3509.9			1.0
3510.8			1.0
3511.7			1.0
3512.6			1.0
3513.5			1.0
3514.4			1.0
3515.3			1.0
3516.2			1.0
3517.1			1.0
3518.0			1.0
3518.9			1.0
3519.8			1.0
3520.7			1.0
3521.6			1.0
3522.5			1.0
3523.4			1.0
3524.3			1.0
3525.2			1.0
3526.1			1.0
3527.0			1.0
3527.9			1.0
3528.8			1.0
3529.7			1.0
3530.6			1.0
3531.5			1.0
3532.4			1.0
3533.3			1.0
3534.2			1.0
3535.1			1.0
3536.0			1.0
3536.9			1.0
3537.8			1.0
3538.7			1.0
3539.6			1.0
3540.5			1.0
3541.4			1.0
3542.3			1.0
3543.2			1.0
3544.1			1.0
3545.0			1.0
3545.9			1.0
3546.8			1.0
3547.7			1.0
3548.6			1.0
3549.5			1.0
3550.4			1.0
3551.3			1.0
3552.2			1.0
3553.1			1.0
3554.0			1.0
3554.9			1.0
3555.8			1.0
3556.7			1.0
3557.6			1.0
3558.5			1.0
3559.4			1.0
3560.3			1.0
3561.2			1.0
3562.1			1.0
3563.0			1.0
3563.9			1.0
3564.8			1.0
3565.7			1.0
3566.6			1.0
3567.5			1.0
3568.4			1.0
3569.3			1.0
3570.2			1.0
3571.1			1.0
3572.0			1.0
3572.9			1.0
3573.8			1.0
3574.7			1.0
3575.6			1.0
3576.5			1.0
3577.4			1.0
3578.3			1.0
3579.2			1.0
3580.1			1.0
3581.0			1.0
3581.9			1.0
3582.8			1.0
3583.7			1.0
3584.6			1.0
3585.5			1.0
3586.4			1.0
3587.3			1.0
3588.2			1.0
3589.1			1.0
3590.0			1.0
3590.9			1.0
3591.8			1.0
3592.7			1.0
3593.6			1.0
3594.5			1.0
3595.4			1.0
3596.3			1.0
3597.2			1.0
3598.1			1.0
3599.0			1.0
3599.9			1.0
3600.8			1.0
3601.7			1.0
3602.6			1.0
3603.5			1.0
3604.4			1.0
3605.3			1.0
3606.2			1.0
3607.1			1.0
3608.0			1.0
3608.9			1.0
3609.8			1.0
3610.7			1.0
3611.6			1.0
3612.5			1.0
3613.4			1.0
3614.3			1.0
3615.2			1.0
3616.1			1.0
3617.0			1.0
3617.9			1.0
3618.8			1.0
3619.7			1.0
3620.6			1.0
3621.5			1.0
3622.4			1.0
3623.3			1.0
3624.2			1.0
3625.1			1.0
3626.0			1.0
3626.9			1.0
3627.8			1.0
3628.7			1.0
3629.6			1.0
3630.5			1.0
3631.4			1.0
3632.3			1.0
3633.2			1.0
3634.1			1.0
3635.0			1.0
3635.9			1.0
3636.8			1.0
3637.7			1.0
3638.6			1.0
3639.5			1.0
3640.4			1.0
3641.3			1.0
3642.2			1.0
3643.1			1.0
3644.0			1.0
3644.9			1.0
3645.8			1.0
3646.7			1.0
3647.6			1.0
3648.5			1.0
3649.4			1.0
3650.3			1.0
3651.2			1.0
3652.1			1.0
3653.0			1.0
3653.9			1.0
3654.8			1.0
3655.7			1.0
3656.6			1.0
3657.5			1.0
3658.4			1.0
3659.3			1.0
3660.2			1.0
3661.1			1.0
3662.0			1.0
3662.9			1.0
3663.8			1.0
3664.7			1.0
3665.6			1.0
3666.5			1.0
3667.4			1.0
3668.3			1.0
3669.2			1.0
3670.1			1.0
3671.0			1.0
3671.9			1.0
3672.8			1.0
3673.7			1.0
3674.6			1.0
3675.5			1.0
3676.4			1.0
3677.3			1.0
3678.2			1.0
3679.1			1.0
3680.0			1.0
3680.9			1.0
3681.8			1.0
3682.7			1.0
3683.6			1.0
3684.5			1.0
3685.4			1.0
3686.3			1.0
3687.2			1.0
3688.1			1.0
3689.0			1.0
3689.9			1.0
3690.8			1.0
3691.7			1.0
3692.6			1.0
3693.5			1.0
3694.4			1.0
3695.3			1.0
3696.2			1.0
3697.1			1.0
3698.0			1.0
3698.9			1.0
3699.8			1.0
3700.7			1.0
3701.6			1.0
3702.5			1.0
3703.4			1.0
3704.3			1.0
3705.2			1.0
3706.1			1.0
3707.0			1.0
3707.9			1.0
3708.8			1.0
3709.7			1.0
3710.6			1.0
3711.5			1.0
3712.4			1.0
3713.3			1.0
3714.2			1.0
3715.1			1.0
3716.0			1.0
3716.9			1.0
3717.8			1.0
3718.7			1.0
3719.6			1.0
3720.5			1.0
3721.4			1.0
3722.3			1.0
3723.2			1.0
3724.1			1.0
3725.0			1.0
3725.9			1.0
3726.8			1.0
3727.7			1.0
3728.6			1.0
3729.5			1.0
3730.4			1.0
3731.3			1.0
3732.2			1.0
3733.1			1.0
3734.0			1.0
3734.9			1.0
3735.8			1.0
3736.7			1.0
3737.6			1.0
3738.5			1.0
3739.4			1.0
3740.3			1.0
3741.2			1.0
3742.1			1.0
3743.0			1.0
3743.9			1.0
3744.8			1.0
3745.7			1.0
3746.6			1.0
3747.5			1.0
3748.4			1.0
3749.3			1.0
3750.2			1.0
3751.1			1.0
3752.0			1.0
3752.9			1.0
3753.8			1.0
3754.7			1.0
3755.6			1.0
3756.5			1.0
3757.4			1.0
3758.3			1.0
3759.2			1.0
3760.1			1.0
3761.0			1.0
3761.9			1.0
3762.8			1.0
3763.7			1.0
3764.6			1.0
3765.5			1.0
3766.4			1.0
3767.3			1.0
3768.2			1.0
3769.1			1.0
3770.0			1.0
3770.9			1.0
3771.8			1.0
3772.7			1.0
3773.6			1.0
3774.5			1.0
3775.4			1.0
3776.3			1.0
3777.2			1.0
3778.1			1.0
3779.0			1.0
3779.9			1.0
3780.8			1.0
3781.7			1.0
3782.6			1.0
3783.5			1.0
3784.4			1.0
3785.3			1.0
3786.2			1.0
3787.1			1.0
3788.0			1.0
3788.9			1.0
3789.8			1.0
3790.7			1.0
3791.6			1.0
3792.5			1.0
3793.4			1.0
3794.3			1.0
3795.2			1.0
3796.1			1.0
3797.0			1.0
3797.9			1.0
3798.8			1.0
3799.7			1.0
3800.6			1.0
3801.5			1.0
3802.4			1.0
3803.3			1.0
3804.2			1.0
3805.1			1.0
3806.0			1.0
3806.9			1.0
3807.8			1.0
3808.7			1.0
3809.6			1.0
3810.5			1.0
3811.4			1.0
3812.3			1.0
3813.2			1.0
3814.1			1.0
3815.0			1.0
3815.9			1.0
3816.8			1.0
3817.7			1.0
3818.6			1.0
3819.5			1.0
3820.4			1.0
3821.3			1.0
3822.2			1.0
3823.1			1.0
3824.0			1.0
3824.9			1.0
3825.8			1.0
3826.7			1.0
3827.6			1.0
3828.5			1.0
3829.4			1.0
3830.3			1.0
3831.2			1.0
3832.1			1.0
3833.0			1.0
3833.9			1.0
3834.8			1.0
3835.7			1.0
3836.6			1.0
3837.5			1.0
3838.4			1.0
3839.3			1.0
3840.2			1.0
3841.1			1.0
3842.0			1.0
3842.9			1.0
3843.8			1.0
3844.7			1.0
3845.6			1.0
3846.5			1.0
3847.4			1.0
3848.3			1.0
3849.2			1.0
3850.1			1.0
3851.0			1.0
3851.9			1.0
3852.8			1.0
3853.7			1.0
3854.6			1.0
3855.5			1.0
3856.4			1.0
3857.3			1.0
3858.2			1.0
3859.1			1.0
3860.0			1.0
3860.9			1.0
3861.8			1.0
3862.7			1.0
3863.6			1.0
3864.5			1.0
3865.4			1.0
3866.3			1.0
3867.2			1.0
3868.1			1.0
3869.0			1.0
3869.9			1.0
3870.8			1.0
3871.7			1.0
3872.6			1.0
3873.5			1.0
3874.4			1.0
3875.3			1.0
3876.2			1.0
3877.1			1.0
3878.0			1.0
3878.9			1.0
3879.8			1.0
3880.7			1.0
3881.6			1.0
3882.5			1.0
3883.4			1.0
3884.3			1.0
3885.2			1.0
3886.1			1.0
3887.0			1.0
3887.9			1.0
3888.8			1.0
3889.7			1.0
3890.6			1.0
3891.5			1.0
3892.4			1.0
3893.3			1.0
3894.2			1.0
3895.1			1.0
3896.0			1.0
3896.9			1.0
3897.8			1.0
3898.7			1.0
3899.6			1.0
3900.5			1.0
3901.4			1.0
3902.3			1.0
3903.2			1.0
3904.1			1.0
3905.0			1.0
3905.9			1.0
3906.8			1.0
3907.7			1.0
3908.6			1.0
3909.5			1.0
3910.4			1.0
3911.3			1.0
3912.2			1.0
3913.1			1.0
3914.0			1.0
3914.9			1.0
3915.8			1.0
3916.7			1.0
3917.6			1.0
3918.5			1.0
3919.4			1.0
3920.3			1.0
3921.2			1.0
3922.1			1.0
3923.0			1.0
3923.9			1.0
3924.8			1.0
3925.7			1.0
3926.6			1.0
3927.5			1.0
3928.4			1.0
3929.3			1.0
3930.2			1.0
3931.1			1.0
3932.0			1.0
3932.9			1.0
3933.8			1.0
3934.7			1.0
3935.6			1.0
3936.5			1.0
3937.4			1.0
3938.3			1.0
3939.2			1.0
3940.1			1.0
3941.0			1.0
3941.9			1.0
3942.8			1.0
3943.7			1.0
3944.6			1.0
3945.5			1.0
3946.4			1.0
3947.3			1.0
3948.2			1.0
3949.1			1.0
3950.0			1.0
3950.9			1.0
3951.8			1.0
3952.7			1.0
3953.6			1.0
3954.5			1.0
3955.4			1.0
3956.3			1.0
3957.2			1.0
3958.1			1.0
3959.0			1.0
3959.9			1.0
3960.8			1.0
3961.7			1.0
3962.6			1.0
3963.5			1.0
3964.4			1.0
3965.3			1.0
3966.2			1.0
3967.1			1.0
3968.0			1.0
3968.9			1.0
3969.8			1.0
3970.7			1.0
3971.6			1.0
3972.5			1.0
3973.4			1.0
3974.3			1.0
3975.2			1.0
3976.1			1.0
3977.0			1.0
3977.9			1.0
3978.8			1.0
3979.7			1.0
3980.6			1.0
3981.5			1.0
3982.4			1.0
3983.3			1.0
3984.2			1.0
3985.1			1.0
3986.0			1.0
3986.9			1.0
3987.8			1.0
3988.7			1.0
3989.6			1.0
3990.5			1.0
3991.4			1.0
3992.3			1.0
3993.2			1.0
3994.1			1.0
3995.0			1.0
3995.9			1.0
3996.8			1.0
3997.7			1.0
3998.6			1.0
3999.5			1.0
4000.4			1.0
4001.3			1.0
4002.2			1.0
4003.1			1.035639969702403
4004.0			0.9474040479114944
4004.9			0.7820531962537134
4005.8			0.7224779618492774
4006.7			0.8089592470196173
4007.6			0.9247689210935788
4008.5			0.9986201392881693
4009.4			1.0
4010.3			1.0
4011.2			1.0
4012.1			1.0
4013.0			1.0
4013.9			1.0
4014.8			1.0
4015.7			1.0
4016.6			1.0
4017.5			1.0
4018.4			1.0
4019.3			1.0
4020.2			1.0
4021.1			1.0
4022.0			1.0
4022.9			1.0
4023.8			1.0
4024.7			1.0
4025.6			1.0
4026.5			1.0
4027.4			1.0
4028.3			1.0600268455232826
4029.2			1.0055014041792902
4030.1			0.8260587786556726
4031.0			0.6833348893576849
4031.9			0.6482506065475451
4032.8			0.6234218731199629
4033.7			0.6190119756703678
4034.6			0.6727214852012128
4035.5			0.7822517994268121
4036.4			0.9118654319133935
4037.3			1.020204298527212
4038.2			1.0460141341406457
4039.1			0.9998135953786118
4040.0			1.0
4040.9			1.0
4041.8			1.0317837757399841
4042.7			1.0326161719017075
4043.6			0.8941887681080833
4044.5			0.6662613198436022
4045.4			0.5023606623529832
4046.3			0.5335797006878558
4047.2			0.7287034739354235
4048.1			0.9116804187860208
4049.0			0.9999405627187113
4049.9			1.0
4050.8			1.0
4051.7			1.0
4052.6			1.0
4053.5			1.0
4054.4			1.0
4055.3			1.0
4056.2			1.0
4057.1			1.0
4058.0			1.0
4058.9			1.0
4059.8			1.0
4060.7			1.09637431064755
4061.6			1.0334456498693965
4062.5			0.8302347095423588
4063.4			0.6600909694924428
4064.3			0.7132225752141234
4065.2			0.9015055085368031
4066.1			0.9966540541126584
4067.0			1.0
4067.9			1.0
4068.8			1.0
4069.7			1.0
4070.6			1.0
4071.5			1.0
4072.4			1.0
4073.3			1.0
4074.2			1.0778578727730688
4075.1			0.9900178411987958
4076.0			0.8285217449272577
4076.9			0.7090843359627439
4077.8			0.715283712246905
4078.7			0.8364393585189774
4079.6			0.9994330830057926
4080.5			1.0
4081.4			1.0
4082.3			1.0
4083.2			1.0
4084.1			1.0
4085.0			1.0
4085.9			1.0
4086.8			1.0
4087.7			1.0
4088.6			1.0
4089.5			1.0
4090.4			1.0
4091.3			1.0
4092.2			1.0
4093.1			1.0
4094.0			1.0
4094.9			1.0
4095.8			1.0
4096.7			1.0
4097.6			1.0289702727650116
4098.5			1.0693080600957894
4099.4			1.0429927153467338
4100.3			0.9157663218775571
4101.2			0.8118570146860323
4102.1			0.8587388806551717
4103.0			0.9463398961361194
4103.9			0.9768772130258172
4104.8			1.0093651310963672
4105.7			1.0
4106.6			1.0
4107.5			1.0
4108.4			1.0
4109.3			1.0
4110.2			1.0
4111.1			1.0
4112.0			1.0
4112.9			1.0
4113.8			1.0
4114.7			1.0
4115.6			1.0
4116.5			1.0
4117.4			1.0
4118.3			1.0
4119.2			1.0
4120.1			1.0
4121.0			1.0
4121.9			1.0
4122.8			1.0
4123.7			1.0
4124.6			1.0
4125.5			1.0
4126.4			1.0
4127.3			1.0
4128.2			0.9472278444403843
4129.1			0.910378272649374
4130.0			0.8803905118368585
4130.9			0.8376159993680844
4131.8			0.7587459547705974
4132.7			0.7230043297159343
4133.6			0.7497057967925543
4134.5			0.8032840295361872
4135.4			0.9163712577265607
4136.3			0.9970388540420687
4137.2			1.0002494120329697
4138.1			1.0
4139.0			1.0208581828429986
4139.9			1.022227259562408
4140.8			0.9814664897266796
4141.7			0.8288830496383882
4142.6			0.6168177810330286
4143.5			0.5225775935611233
4144.4			0.6227991301407889
4145.3			0.8053568341917697
4146.2			0.9333312237560581
4147.1			0.9966096892064185
4148.0			0.9998166725501169
4148.9			1.0
4149.8			1.0
4150.7			1.0
4151.6			1.0
4152.5			1.0
4153.4			1.0
4154.3			1.0
4155.2			1.0
4156.1			1.0
4157.0			1.0
4157.9			1.0
4158.8			1.0
4159.7			1.0
4160.6			1.0
4161.5			1.0
4162.4			1.0
4163.3			1.0
4164.2			1.0
4165.1			1.0
4166.0			0.9799315205876432
4166.9			0.9470448805978351
4167.8			0.927693682916588
4168.7			0.9681626138876649
4169.6			1.0442502534329714
4170.5			1.0598541058610282
4171.4			0.941678157839485
4172.3			0.7860178939883428
4173.2			0.7503223944336816
4174.1			0.8186121538068507
4175.0			0.8912399401866185
4175.9			0.9294398132364493
4176.8			0.9211827586838757
4177.7			0.9045518274933657
4178.6			0.9449920939430752
4179.5			1.00084156414212
4180.4			0.9998952565379905
4181.3			1.0
4182.2			1.0
4183.1			1.0
4184.0			1.0
4184.9			1.0
4185.8			1.0
4186.7			1.0
4187.6			1.0
4188.5			1.0
4189.4			1.0
4190.3			1.0
4191.2			1.0
4192.1			1.0
4193.0			1.0861606029316493
4193.9			1.0932075217291088
4194.8			1.007104727481044
4195.7			0.895511623692331
4196.6			0.8241981787078085
4197.5			0.794134028783501
4198.4			0.7938016851122073
4199.3			0.8249265338014449
4200.2			0.8368868903677473
4201.1			0.7964138166205863
4202.0			0.7747546650121079
4202.9			0.8492156611519495
4203.8			0.9024253854109231
4204.7			0.9027937690015861
4205.6			0.9541504937152919
4206.5			1.0234964109120694
4207.4			1.0865356470459913
4208.3			1.1111341376543482
4209.2			1.0597866901638604
4210.1			0.9922999873474285
4211.0			1.0010081846473657
4211.9			1.0
4212.8			0.952781453105327
4213.7			0.848036421832084
4214.6			0.7193033021384583
4215.5			0.6574397433792148
4216.4			0.758585497655849
4217.3			0.9098676905290308
4218.2			0.9813111498339102
4219.1			1.0
4220.0			1.0
4220.9			1.0
4221.8			0.9482539506062028
4222.7			0.8369311361817563
4223.6			0.7248718224381114
4224.5			0.60264694041979
4225.4			0.43274756365280587
4226.3			0.28923973024001626
4227.2			0.31773202554834756
4228.1			0.535328655665149
4229.0			0.7755453984971656
4229.9			0.9192023697748789
4230.8			1.0082686123302624
4231.7			1.0
4232.6			1.0
4233.5			1.0
4234.4			1.0
4235.3			1.0
4236.2			1.0
4237.1			1.0
4238.0			1.0
4238.9			1.0
4239.8			1.0
4240.7			1.0
4241.6			1.0
4242.5			1.0
4243.4			1.0461385134586894
4244.3			1.1432133142530059
4245.2			1.1707583852687575
4246.1			1.0934694645539385
4247.0			0.9833020932755657
4247.9			0.9069166358180663
4248.8			0.8494614120369182
4249.7			0.7769930595141387
4250.6			0.7389632875839884
4251.5			0.797916227060992
4252.4			0.8688418521455421
4253.3			0.8320891147478096
4254.2			0.7409680997550707
4255.1			0.7536860193202438
4256.0			1.0
4256.9			1.1183814390246454
4257.8			1.0650091824848447
4258.7			0.9110606105816259
4259.6			0.7817021321028411
4260.5			0.7159664520800307
4261.4			0.754469825798321
4262.3			0.8708603864919248
4263.2			0.9693173720452668
4264.1			1.0033933909086972
4265.0			1.0
4265.9			1.0
4266.8			0.9565716945322773
4267.7			0.8817085574289085
4268.6			0.8291585165431948
4269.5			0.7685001325490073
4270.4			0.6451129950517824
4271.3			0.5143445722581189
4272.2			0.5104560143816638
4273.1			0.5860020473115668
4274.0			0.6029822533769176
4274.9			0.6250309658230018
4275.8			0.739214085830184
4276.7			0.8812393488574778
4277.6			0.9952871152196083
4278.5			1.0
4279.4			1.0
4280.3			1.0
4281.2			1.0
4282.1			1.0
4283.0			1.0
4283.9			1.0
4284.8			1.0
4285.7			1.0
4286.6			1.0
4287.5			1.0211307073746128
4288.4			0.9306827814872113
4289.3			0.7645830087531303
4290.2			0.7034651331147741
4291.1			0.7755764399303015
4292.0			0.9110540741506055
4292.9			1.0
4293.8			0.96547805511174
4294.7			0.9277202744407701
4295.6			0.9426520889814987
4296.5			0.9187156910764415
4297.4			0.8581907161879995
4298.3			0.7420929092653746
4299.2			0.6084104913882247
4300.1			0.569723984452707
4301.0			0.6354945182242024
4301.9			0.6737947170160884
4302.8			0.66384382518819
4303.7			0.6796276692829727
4304.6			0.66819527469981
4305.5			0.6274717903313738
4306.4			0.5821901352345474
4307.3			0.5062403024133798
4308.2			0.4568312609850884
4309.1			0.48387863138990933
4310.0			0.5616203923313899
4310.9			0.6414424254256039
4311.8			0.7145734817958858
4312.7			0.7893140226329063
4313.6			0.8379125778305911
4314.5			0.9057434848173391
4315.4			1.1050327886696578
4316.3			1.3007835371657726
4317.2			1.3484857135090684
4318.1			1.3175606537230387
4319.0			1.2834649951782493
4319.9			1.2284209747105599
4320.8			1.0
4321.7			0.9560207119373142
4322.6			0.8732945392977085
4323.5			0.7208106554745529
4324.4			0.5752639252632809
4325.3			0.47664784924410786
4326.2			0.5276288662440763
4327.1			0.7355095255293396
4328.0			0.9345917337605975
4328.9			1.0031977997762496
4329.8			1.0
4330.7			1.0
4331.6			1.0
4332.5			1.0
4333.4			1.0
4334.3			1.0
4335.2			1.0
4336.1			0.9677337842585008
4337.0			0.8160322848339113
4337.9			0.6991341687824171
4338.8			0.6672466601612557
4339.7			0.6329045085789256
4340.6			0.6376123757064737
4341.5			0.7552391862949489
4342.4			0.877066425350232
4343.3			0.9057450584734228
4344.2			0.9298556070425339
4345.1			0.994596320796115
4346.0			1.0
4346.9			1.0
4347.8			1.0
4348.7			1.0995283137014573
4349.6			1.112130667250757
4350.5			0.9510700289461003
4351.4			0.7601646690386576
4352.3			0.7307247418127524
4353.2			0.8376847769761734
4354.1			0.9184926532274511
4355.0			0.9456540117976858
4355.9			0.9999705250108321
4356.8			1.0
4357.7			1.0
4358.6			1.0
4359.5			1.0
4360.4			1.0
4361.3			1.0
4362.2			1.0
4363.1			1.0
4364.0			1.0
4364.9			1.0
4365.8			1.0
4366.7			1.0
4367.6			1.0
4368.5			1.0
4369.4			1.0
4370.3			1.0
4371.2			0.9878484317942183
4372.1			0.9608400189799933
4373.0			0.887203126621749
4373.9			0.7854239663552169
4374.8			0.7185177535544948
4375.7			0.746178559595508
4376.6			0.8581479448783782
4377.5			0.9646838688527741
4378.4			0.9919584243127628
4379.3			1.0
4380.2			0.9623189140324573
4381.1			0.919083726933525
4382.0			0.7759506394604122
4382.9			0.5484083482379061
4383.8			0.42700845072894034
4384.7			0.5380692209366703
4385.6			0.786818527380511
4386.5			0.9591292669081296
4387.4			0.9997521824016462
4388.3			1.0
4389.2			1.0
4390.1			1.0
4391.0			1.0
4391.9			1.0
4392.8			1.0
4393.7			1.0
4394.6			1.0
4395.5			1.0
4396.4			1.0
4397.3			1.0
4398.2			1.0
4399.1			0.9192375173283578
4400.0			0.8361036401837993
4400.9			0.8534914404103026
4401.8			0.9754207637535278
4402.7			0.9864910708923268
4403.6			0.7951579889342718
4404.5			0.6083563200456491
4405.4			0.6312262023898075
4406.3			0.7616463553937312
4407.2			0.807910083549076
4408.1			0.7857978655766481
4409.0			0.8586752420187617
4409.9			1.003037314628169
4410.8			1.0
4411.7			1.0
4412.6			1.0230049066171012
4413.5			0.9698461523053122
4414.4			0.8143005694112052
4415.3			0.7398599457728333
4416.2			0.8113842092152851
4417.1			0.9110780219088916
4418.0			1.001232362789701
4418.9			1.0
4419.8			1.0
4420.7			1.0
4421.6			1.0
4422.5			1.0
4423.4			1.0
4424.3			1.0
4425.2			1.0
4426.1			1.0
4427.0			1.0
4427.9			1.0
4428.8			1.0
4429.7			1.0
4430.6			1.0
4431.5			1.0
4432.4			1.0295435509318853
4433.3			0.9422340780191238
4434.2			0.821063065090046
4435.1			0.7538942762397123
4436.0			0.8035069676681847
4436.9			0.913513949324047
4437.8			0.9966690592026992
4438.7			1.0
4439.6			1.0
4440.5			1.0
4441.4			1.0
4442.3			1.0
4443.2			1.0
4444.1			1.0
4445.0			1.0
4445.9			1.0
4446.8			1.0
4447.7			1.0
4448.6			1.0
4449.5			1.0
4450.4			1.0
4451.3			1.0
4452.2			1.0134083886266727
4453.1			0.9714021425671565
4454.0			0.893984185760552
4454.9			0.8300916762945592
4455.8			0.8502095045756823
4456.7			0.8923719682940414
4457.6			0.8947471753666919
4458.5			0.8706724723142752
4459.4			0.8498124713546302
4460.3			0.8303433772795293
4461.2			0.7800253237845042
4462.1			0.7870951891886127
4463.0			0.9105047457657697
4463.9			1.0176188308080305
4464.8			1.0254578209974738
4465.7			1.0162667348691317
4466.6			1.0196385274654556
4467.5			1.0218933696273007
4468.4			0.9903574177195928
4469.3			0.9638538421998329
4470.2			0.9975617776756248
4471.1			1.0
4472.0			1.0
4472.9			1.0
4473.8			1.0
4474.7			1.0
4475.6			1.0
4476.5			1.0
4477.4			1.038423709540463
4478.3			1.005393877697729
4479.2			0.9167104018445764
4480.1			0.8302196393077388
4481.0			0.7883909704145047
4481.9			0.7918235711501865
4482.8			0.8527008045431658
4483.7			0.9410987420684003
4484.6			1.0002028448924303
4485.5			1.0
4486.4			1.0
4487.3			1.0
4488.2			1.0
4489.1			1.0
4490.0			1.0
4490.9			1.0
4491.8			1.0562204772710366
4492.7			1.0459347172936106
4493.6			0.9526802178137895
4494.5			0.847572430890841
4495.4			0.808140346205784
4496.3			0.8324212437891082
4497.2			0.9046280891747512
4498.1			0.9736945098760729
4499.0			1.0070718548730424
4499.9			1.0
4500.8			1.0
4501.7			1.0
4502.6			1.0
4503.5			1.0
4504.4			1.0
4505.3			1.0
4506.2			1.0
4507.1			1.0
4508.0			1.0
4508.9			1.0
4509.8			1.0
4510.7			1.0131253335347679
4511.6			0.985826053631754
4512.5			0.9438831910689862
4513.4			0.9233794718009749
4514.3			0.9259295178672459
4515.2			1.0
4516.1			1.0240670933562985
4517.0			0.9961344152054237
4517.9			0.9582159087860465
4518.8			0.9910191270098625
4519.7			1.0669552188060165
4520.6			1.1332696948203809
4521.5			1.1179630714801507
4522.4			1.0299687200822987
4523.3			0.9915202190140897
4524.2			0.998506642268188
4525.1			0.97404647204666
4526.0			0.9113361387730526
4526.9			0.8504402988110031
4527.8			0.8082513237356107
4528.7			0.8061608232406269
4529.6			0.8393314029624661
4530.5			0.8714928259219917
4531.4			0.9403364702159921
4532.3			0.9945696735528854
4533.2			0.9612888142685757
4534.1			0.888460889547905
4535.0			0.8338023713580671
4535.9			0.8952790975415462
4536.8			1.053734512082895
4537.7			1.1497364686588678
4538.6			1.128588293828205
4539.5			1.0582339379093928
4540.4			0.9989358915535297
4541.3			0.9976637644313056
4542.2			1.0
4543.1			1.0
4544.0			1.0
4544.9			1.0
4545.8			1.0
4546.7			1.0
4547.6			1.0
4548.5			1.0
4549.4			1.0
4550.3			1.0
4551.2			1.0191104137353086
4552.1			0.9670877288549483
4553.0			0.9195407435727337
4553.9			0.8786921774759784
4554.8			0.8573392538227977
4555.7			0.8954130833061593
4556.6			0.9685984919948292
4557.5			1.0076546244793723
4558.4			1.0072528079972125
4559.3			1.0
4560.2			1.0
4561.1			1.0
4562.0			0.9950856606804841
4562.9			0.936277296188873
4563.8			0.8658442641571968
4564.7			0.8288099722679141
4565.6			0.8492331169850167
4566.5			0.9312773505907443
4567.4			1.0018613399061989
4568.3			1.0
4569.2			1.0
4570.1			1.0
4571.0			1.0
4571.9			1.0
4572.8			1.0
4573.7			1.0
4574.6			1.0
4575.5			1.0
4576.4			1.0214241608003272
4577.3			1.026093214619727
4578.2			0.9871356432082122
4579.1			1.0
4580.0			0.9271222618419844
4580.9			0.9384421901465133
4581.8			1.0122953995772321
4582.7			1.0488342341931147
4583.6			1.0316062897382243
4584.5			1.0136589182183122
4585.4			0.9766302518006208
4586.3			0.9661258049948338
4587.2			1.027648367124511
4588.1			1.097160135359938
4589.0			1.1252344542996084
4589.9			1.1024806955368986
4590.8			1.047982923442106
4591.7			0.98576831198732
4592.6			0.9613862712352542
4593.5			0.9421480474098507
4594.4			0.9179000811149424
4595.3			0.9118310308778114
4596.2			0.9261520447372742
4597.1			0.9227278714567609
4598.0			0.9317835792981266
4598.9			0.9582426190937192
4599.8			0.9259167299297605
4600.7			0.8952898849968325
4601.6			0.9234802025173695
4602.5			0.9333912040276646
4603.4			0.9270048825012426
4604.3			0.9094167627551979
4605.2			0.8863108396071956
4606.1			0.8949078886658369
4607.0			0.9500565855138063
4607.9			1.0275349492706864
4608.8			1.0668846212321037
4609.7			1.0494228136271047
4610.6			0.9981490373248947
4611.5			1.0
4612.4			1.0
4613.3			1.0
4614.2			1.0
4615.1			1.0
4616.0			1.0
4616.9			1.0
4617.8			1.0
4618.7			1.0
4619.6			1.0
4620.5			1.0
4621.4			1.0
4622.3			1.0
4623.2			1.0
4624.1			1.0
4625.0			1.0
4625.9			1.0
4626.8			1.0
4627.7			1.0
4628.6			1.0
4629.5			1.0
4630.4			1.0
4631.3			1.0
4632.2			1.0
4633.1			1.0
4634.0			1.0
4634.9			1.0
4635.8			1.0
4636.7			1.0
4637.6			1.0
4638.5			1.0
4639.4			1.0
4640.3			1.0
4641.2			1.0
4642.1			1.048859628824592
4643.0			1.0309236308074559
4643.9			1.0006083888130386
4644.8			0.9584784049558533
4645.7			0.8784907625578056
4646.6			0.8196758076848425
4647.5			0.8307474682915661
4648.4			0.8769015332148123
4649.3			0.9309888450126134
4650.2			0.9769417005714346
4651.1			1.0015095072916786
4652.0			1.0
4652.9			0.9957786162603637
4653.8			0.9385636606423928
4654.7			0.8730419057979284
4655.6			0.8512661076620809
4656.5			0.8637132884569252
4657.4			0.9217020622552538
4658.3			0.9997084530931956
4659.2			1.0
4660.1			1.0
4661.0			1.0
4661.9			1.0
4662.8			0.9399177363788637
4663.7			0.9268269270262597
4664.6			0.9509408366936855
4665.5			0.9278746786232825
4666.4			0.8309129991223542
4667.3			0.7469138545672305
4668.2			0.7581628170667127
4669.1			0.8338269674417168
4670.0			0.9146788107927812
4670.9			0.976956512095398
4671.8			1.0000224556479946
4672.7			1.0
4673.6			1.0
4674.5			1.0
4675.4			1.0
4676.3			1.0
4677.2			1.006486211239177
4678.1			0.9750983881418118
4679.0			0.9361254416211953
4679.9			0.8983548635808659
4680.8			0.8700943754348536
4681.7			0.8749915787678374
4682.6			0.923021831744667
4683.5			0.9814103710259624
4684.4			0.9999235934372506
4685.3			1.0
4686.2			1.0
4687.1			1.0
4688.0			1.0
4688.9			1.0
4689.8			1.0
4690.7			1.0
4691.6			1.001059615413064
4692.5			1.0209096645168259
4693.4			1.0320336786768316
4694.3			1.0595697181464128
4695.2			1.1059530020992403
4696.1			1.126222536271418
4697.0			1.0814773654519718
4697.9			0.983660024308973
4698.8			0.9260601750585183
4699.7			0.9493480543422091
4700.6			0.9764157151058995
4701.5			0.9751195435763873
4702.4			0.9579816459058922
4703.3			0.9602622064215951
4704.2			0.9943370051473575
4705.1			1.016496926772261
4706.0			0.9993918712550875
4706.9			1.0
4707.8			1.0
4708.7			1.0
4709.6			1.0
4710.5			1.0
4711.4			1.0
4712.3			1.0
4713.2			1.0
4714.1			1.0
4715.0			1.0
4715.9			1.0
4716.8			1.0
4717.7			1.0
4718.6			1.0
4719.5			1.0
4720.4			1.0
4721.3			1.0
4722.2			1.0
4723.1			0.9966579990164846
4724.0			1.0355555157735428
4724.9			1.0724434291640113
4725.8			1.0549982586680675
4726.7			0.959232320342684
4727.6			0.8590961690497978
4728.5			0.8374710096727687
4729.4			0.8714415015883118
4730.3			0.8999978359540278
4731.2			0.9231882175990936
4732.1			0.9594566131941351
4733.0			0.9776325280511793
4733.9			0.9974728347719376
4734.8			1.0
4735.7			1.0
4736.6			1.0
4737.5			1.0
4738.4			1.0
4739.3			1.0
4740.2			1.0
4741.1			1.0
4742.0			1.0
4742.9			1.0
4743.8			1.0
4744.7			1.0
4745.6			1.0
4746.5			1.0
4747.4			1.0
4748.3			1.0
4749.2			1.0
4750.1			1.0
4751.0			1.0
4751.9			1.0
4752.8			1.0
4753.7			1.0
4754.6			1.0
4755.5			1.0
4756.4			1.0
4757.3			1.0
4758.2			1.0
4759.1			1.0
4760.0			1.0336285660706301
4760.9			1.0266245499117224
4761.8			0.9759179790935417
4762.7			0.9500169858671742
4763.6			0.9525682806614382
4764.5			0.9413483340190558
4765.4			0.9090970427082806
4766.3			0.9011699732151731
4767.2			0.9413955507581363
4768.1			0.9841664196524817
4769.0			1.0382122077428029
4769.9			1.0672827742455882
4770.8			1.0356684857829475
4771.7			0.9975544181614824
4772.6			1.0011654815372708
4773.5			1.0
4774.4			1.0
4775.3			1.0
4776.2			1.0
4777.1			1.0
4778.0			1.0
4778.9			0.980864231950869
4779.8			0.9684237639489428
4780.7			0.9666680414500095
4781.6			0.9506106236098545
4782.5			0.9209275166005317
4783.4			0.9023873091943426
4784.3			0.9354255199988261
4785.2			0.9515939757431398
4786.1			0.9176458014707682
4787.0			0.9246289715972742
4787.9			0.9499614076712511
4788.8			0.9357231929636118
4789.7			0.9218103099700715
4790.6			0.9397601646944358
4791.5			0.9654577902125734
4792.4			0.9977786981942747
4793.3			1.0565599599192
4794.2			1.1038329232658202
4795.1			1.0
4796.0			0.9670627139922485
4796.9			0.9399249254891261
4797.8			0.9055446144838171
4798.7			0.8712563296703797
4799.6			0.8589647273582172
4800.5			0.8820459320930668
4801.4			0.9389789766407929
4802.3			0.98477741056353
4803.2			0.9999257961352923
4804.1			1.0
4805.0			1.0
4805.9			1.0
4806.8			1.0
4807.7			1.0
4808.6			1.0
4809.5			1.0
4810.4			1.0
4811.3			1.0
4812.2			1.0
4813.1			1.0
4814.0			1.0
4814.9			1.0
4815.8			1.0
4816.7			1.0
4817.6			1.0
4818.5			1.0
4819.4			1.0
4820.3			1.0
4821.2			1.0
4822.1			1.0
4823.0			1.0
4823.9			1.0
4824.8			1.0
4825.7			1.0
4826.6			1.0
4827.5			1.0
4828.4			1.0
4829.3			0.9969545871098107
4830.2			1.0106115410775434
4831.1			0.9547834854445539
4832.0			0.8959578745135477
4832.9			0.9200349815809903
4833.8			0.9780681697838229
4834.7			0.99599030918253
4835.6			1.0
4836.5			1.0
4837.4			1.0
4838.3			1.0
4839.2			1.0
4840.1			1.0
4841.0			1.0
4841.9			1.0
4842.8			1.0
4843.7			1.0
4844.6			1.0
4845.5			1.0
4846.4			1.0
4847.3			1.0
4848.2			1.0
4849.1			1.0
4850.0			1.0
4850.9			1.0
4851.8			1.0
4852.7			1.0
4853.6			1.0
4854.5			1.0
4855.4			1.0
4856.3			1.0
4857.2			1.0
4858.1			1.0118853227367355
4859.0			0.9627662481844572
4859.9			0.8668884588349578
4860.8			0.7500721123612134
4861.7			0.7475997866411004
4862.6			0.8785026409912787
4863.5			0.9489352594208283
4864.4			0.9596636052160099
4865.3			1.0015141413469446
4866.2			1.0
4867.1			1.0
4868.0			1.0
4868.9			1.0
4869.8			0.9940701796889414
4870.7			0.9155629436314121
4871.6			0.8644192527044395
4872.5			0.9211584068547667
4873.4			0.9980486816260646
4874.3			1.0
4875.2			1.0
4876.1			1.0
4877.0			1.0
4877.9			1.0
4878.8			1.0
4879.7			1.0
4880.6			1.0
4881.5			1.0
4882.4			1.0
4883.3			1.0
4884.2			0.9772776625962127
4885.1			0.9022107541049602
4886.0			0.8630234337538063
4886.9			0.8796360434562307
4887.8			0.908864718663715
4888.7			0.9087053653656881
4889.6			0.8872208528000924
4890.5			0.8203967711727779
4891.4			0.7962917919498484
4892.3			0.8849526488319915
4893.2			0.9775587350713139
4894.1			1.0320242381156406
4895.0			1.0614831344736033
4895.9			1.060067289707197
4896.8			1.0481921388836184
4897.7			1.0380526308680542
4898.6			1.0010505360081223
4899.5			1.0
4900.4			1.0
4901.3			1.0
4902.2			1.0
4903.1			1.0
4904.0			1.0
4904.9			1.0
4905.8			1.0518240151100715
4906.7			1.0519679682621657
4907.6			1.003274814973427
4908.5			0.9468407169137673
4909.4			0.900940019143409
4910.3			0.8804189890418417
4911.2			0.8979261067916974
4912.1			0.9289739539755509
4913.0			0.9510268570129278
4913.9			0.9636230319179117
4914.8			1.0001321337112
4915.7			1.0
4916.6			0.997005059652165
4917.5			0.9409583200259022
4918.4			0.8500751880721704
4919.3			0.7697222081655661
4920.2			0.7421942780099936
4921.1			0.8028555956951997
4922.0			0.9176932540878736
4922.9			0.9915401080205715
4923.8			0.9887647167742412
4924.7			1.0
4925.6			1.0
4926.5			1.0
4927.4			1.0
4928.3			1.0
4929.2			1.0
4930.1			1.0
4931.0			1.0
4931.9			1.0
4932.8			1.0
4933.7			1.0
4934.6			1.0245516406830715
4935.5			1.067971606775846
4936.4			1.0332513234068406
4937.3			0.9397205852536857
4938.2			0.8533001724130121
4939.1			0.8452979083999603
4940.0			0.9130180577770146
4940.9			0.9812830975328407
4941.8			0.9911781738932267
4942.7			1.0
4943.6			1.0
4944.5			1.0
4945.4			1.0
4946.3			1.0
4947.2			1.0
4948.1			1.0
4949.0			1.0
4949.9			1.0
4950.8			1.0
4951.7			1.0
4952.6			1.0
4953.5			1.0
4954.4			1.0
4955.3			1.0
4956.2			0.9296264408576596
4957.1			0.7977942604663308
4958.0			0.77706831193969
4958.9			0.8977118215798229
4959.8			1.0006037427744285
4960.7			1.0
4961.6			1.0
4962.5			1.0
4963.4			1.0
4964.3			1.0
4965.2			1.0
4966.1			1.0
4967.0			1.0
4967.9			1.0
4968.8			1.0
4969.7			1.0
4970.6			1.0
4971.5			1.0
4972.4			1.0
4973.3			1.0
4974.2			1.0
4975.1			1.0
4976.0			1.0
4976.9			1.0
4977.8			1.0
4978.7			0.9696144952511654
4979.6			0.9840340820659875
4980.5			0.980726400708922
4981.4			0.9204426081646085
4982.3			0.8531069518397768
4983.2			0.8496190768560953
4984.1			0.8860695408227183
4985.0			0.9073292606734967
4985.9			0.9281867793568646
4986.8			0.9727360177977187
4987.7			0.9983843728078585
4988.6			1.0
4989.5			1.0
4990.4			1.0
4991.3			1.0
4992.2			1.0
4993.1			1.0
4994.0			1.0
4994.9			1.0
4995.8			1.0
4996.7			1.0
4997.6			1.0
4998.5			1.0
4999.4			1.0
5000.3			1.0
5001.2			1.0180535478914747
5002.1			1.0381519052032069
5003.0			1.0416362296812598
5003.9			1.0283609072742197
5004.8			0.9869385299069285
5005.7			0.9416025846730876
5006.6			0.9476594129563
5007.5			1.0163375752588009
5008.4			1.0746573644840316
5009.3			1.0718456469734465
5010.2			1.0517656056248734
5011.1			1.0173085345750308
5012.0			0.9518500931630471
5012.9			0.8912758194685332
5013.8			0.8576142874220699
5014.7			0.884018692644484
5015.6			0.9518442096831151
5016.5			0.9870385618194053
5017.4			0.9772236667495808
5018.3			0.9710500077156942
5019.2			0.989135837569202
5020.1			0.9971623591381047
5021.0			0.9685884734199888
5021.9			0.9252511340547578
5022.8			0.936029024545721
5023.7			0.994448725101135
5024.6			1.0221016108945664
5025.5			1.0260230407821669
5026.4			0.9993490731327186
5027.3			1.0
5028.2			1.0
5029.1			1.0
5030.0			1.0
5030.9			1.0
5031.8			1.0
5032.7			1.0
5033.6			1.0
5034.5			1.0
5035.4			1.0
5036.3			1.0
5037.2			1.0298082556213988
5038.1			1.0198065214311083
5039.0			0.937310030259601
5039.9			0.8217162934616777
5040.8			0.7273275935978557
5041.7			0.7618067967566283
5042.6			0.8827292435282927
5043.5			1.0
5044.4			1.0484918536513852
5045.3			1.0973124024621301
5046.2			1.1185053889865406
5047.1			1.0713658246468856
5048.0			0.9711133567759739
5048.9			0.8967419368267223
5049.8			0.8828996013122506
5050.7			0.893999562504758
5051.6			0.8991893227249997
5052.5			0.9143917565975257
5053.4			0.9508503722586209
5054.3			0.9848138202984406
5055.2			0.9951094860144636
5056.1			1.0
5057.0			1.0
5057.9			1.0
5058.8			1.0
5059.7			1.0
5060.6			1.0
5061.5			1.0
5062.4			1.0123620701855305
5063.3			0.9792119995429133
5064.2			0.9046146255447288
5065.1			0.8904170129975404
5066.0			0.9630730894416787
5066.9			1.018524646897069
5067.8			1.0238446896306093
5068.7			1.0
5069.6			1.0
5070.5			1.0
5071.4			1.0
5072.3			1.0
5073.2			1.0
5074.1			1.0
5075.0			0.9877594761226081
5075.9			0.9575845009641635
5076.8			0.9786179609126777
5077.7			0.9977002399245257
5078.6			0.9179237033585473
5079.5			0.8156338105632707
5080.4			0.810122858113883
5081.3			0.8673346408700565
5082.2			0.8973134948262096
5083.1			0.9019606863322674
5084.0			0.9300639695693166
5084.9			0.9679716658782381
5085.8			0.9977699875272267
5086.7			1.0
5087.6			1.0
5088.5			1.0
5089.4			1.0
5090.3			1.0
5091.2			1.0
5092.1			1.0
5093.0			1.0
5093.9			1.0
5094.8			1.0
5095.7			0.968538005989537
5096.6			0.9573095824852044
5097.5			0.9351879063577617
5098.4			0.8752334256996896
5099.3			0.8632373392087448
5100.2			0.9255907105404481
5101.1			0.98809441728478
5102.0			1.0
5102.9			0.9841432133918872
5103.8			0.9526698474616111
5104.7			0.9343632586104698
5105.6			0.9290813070506284
5106.5			0.9064324265460906
5107.4			0.8749363282761461
5108.3			0.8814737492028233
5109.2			0.8826146698813649
5110.1			0.8661425940557859
5111.0			0.8879162760493774
5111.9			0.9124510872310593
5112.8			0.9116252361346714
5113.7			1.0
5114.6			1.0369303423523426
5115.5			1.0450890405873563
5116.4			1.0563860588336782
5117.3			1.0842772482765932
5118.2			1.084834607750918
5119.1			1.063376065197818
5120.0			1.0286297168951906
5120.9			0.9965757735524227
5121.8			0.9685784493001528
5122.7			0.9042215789720927
5123.6			0.841359055632725
5124.5			0.8524297203601412
5125.4			0.8945907668823374
5126.3			0.9107179639094718
5127.2			0.8972716932763241
5128.1			0.8926984339006673
5129.0			0.8749301830930801
5129.9			0.8789054065722829
5130.8			0.9288139818048585
5131.7			0.9833306423858978
5132.6			0.9996625860791247
5133.5			1.0
5134.4			1.0
5135.3			1.0
5136.2			1.0
5137.1			1.0
5138.0			1.0
5138.9			1.0
5139.8			1.050127878769784
5140.7			1.126660231335079
5141.6			1.0894845748693371
5142.5			1.0191915955538662
5143.4			1.059812196239494
5144.3			1.117863999039316
5145.2			1.107775612088817
5146.1			1.0867186894752408
5147.0			1.0902169777874573
5147.9			1.1253815391901614
5148.8			1.176771660268724
5149.7			1.1816662846771262
5150.6			1.1500684031555188
5151.5			1.130171653313015
5152.4			1.1418553414360912
5153.3			1.148272339597697
5154.2			1.1915940725209209
5155.1			1.2928984392941776
5156.0			1.3813279917738628
5156.9			1.455214500764443
5157.8			1.505444846317572
5158.7			1.5025145441391776
5159.6			1.5252954500659368
5160.5			1.5860328084823108
5161.4			1.5735509587461471
5162.3			1.0
5163.2			0.9889284771998984
5164.1			0.9639953075625054
5165.0			0.8739920598462052
5165.9			0.7479897801596174
5166.8			0.6360264130602147
5167.7			0.6254353618514678
5168.6			0.7323072569582204
5169.5			0.886823684421247
5170.4			0.9158633441470874
5171.3			0.7676600210036884
5172.2			0.597495207251513
5173.1			0.6184534388427858
5174.0			0.8198529280759852
5174.9			0.9938685319269303
5175.8			1.0535411384743039
5176.7			1.0768032691683858
5177.6			1.1042839122896124
5178.5			1.1144352343644892
5179.4			1.1027549581760827
5180.3			1.0
5181.2			0.9066258164629666
5182.1			0.7487864374983081
5183.0			0.57053683064444
5183.9			0.557857088584675
5184.8			0.7371236913119186
5185.7			0.9115547212168168
5186.6			0.9991172638772097
5187.5			1.0
5188.4			1.0
5189.3			1.0
5190.2			1.0
5191.1			1.0
5192.0			1.0
5192.9			1.0
5193.8			1.0
5194.7			1.0
5195.6			1.0
5196.5			1.0
5197.4			1.0
5198.3			1.0
5199.2			1.0
5200.1			1.0
5201.0			1.0
5201.9			0.9797782184774105
5202.8			0.9734880211346845
5203.7			0.9223089607004268
5204.6			0.8275411246803188
5205.5			0.7708665900704452
5206.4			0.7864902659539044
5207.3			0.7744131875997146
5208.2			0.7119843794001638
5209.1			0.7242938454796912
5210.0			0.7743612216693254
5210.9			0.8605612368806606
5211.8			0.9555818199051558
5212.7			1.0143137155777624
5213.6			1.0330666213890272
5214.5			0.9999566899960565
5215.4			1.0
5216.3			1.0
5217.2			1.0
5218.1			1.0
5219.0			1.0
5219.9			1.0
5220.8			1.0
5221.7			1.0
5222.6			0.963155854504393
5223.5			0.8999811901597936
5224.4			0.8320440066942714
5225.3			0.7827250118835078
5226.2			0.7370339494386179
5227.1			0.7533958067903339
5228.0			0.8714802139446369
5228.9			0.9729507470796493
5229.8			0.9990802222059211
5230.7			1.0
5231.6			1.0
5232.5			1.0
5233.4			1.0
5234.3			1.0
5235.2			1.0
5236.1			1.0
5237.0			1.0
5237.9			1.0
5238.8			1.0
5239.7			1.0
5240.6			1.0233224394191855
5241.5			1.0379030721158864
5242.4			1.0271687707906647
5243.3			1.0320117062772234
5244.2			1.0653838767072228
5245.1			1.0531179022710655
5246.0			0.9477264381743226
5246.9			0.8444923346618878
5247.8			0.864648653438219
5248.7			0.9200656578423211
5249.6			0.8890842599500919
5250.5			0.8432741784536099
5251.4			0.8723637720252442
5252.3			0.9242252019325222
5253.2			0.9448779315467829
5254.1			0.9105788744135064
5255.0			0.8618154798154987
5255.9			0.92209043762731
5256.8			1.0160576092017868
5257.7			1.0623335486670522
5258.6			1.0684992376167048
5259.5			1.0387340270161554
5260.4			0.9999881938382601
5261.3			1.0
5262.2			1.0
5263.1			1.0
5264.0			1.0
5264.9			1.0
5265.8			1.0
5266.7			1.0704491965842722
5267.6			1.1090043633598368
5268.5			0.9411588980745201
5269.4			0.7392340132926556
5270.3			0.7745908181094767
5271.2			0.9418867920059457
5272.1			1.0157702743222243
5273.0			1.0
5273.9			1.0
5274.8			1.0
5275.7			1.0
5276.6			1.0
5277.5			1.0
5278.4			1.0
5279.3			1.0
5280.2			0.9481189673171555
5281.1			0.9097746841303491
5282.0			0.8819820888817529
5282.9			0.8541484382977076
5283.8			0.8413129670199947
5284.7			0.9093642523475157
5285.6			0.9958772035939534
5286.5			1.0256983513933486
5287.4			1.0024451975660975
5288.3			1.0
5289.2			1.0
5290.1			1.0
5291.0			1.0
5291.9			1.0
5292.8			1.0
5293.7			1.0032161196183083
5294.6			1.0095235243007994
5295.5			0.9720661198525778
5296.4			0.8897881053512138
5297.3			0.8207871960604042
5298.2			0.8349009245423888
5299.1			0.9462829429130915
5300.0			0.999138881400845
5300.9			0.9951268539140334
5301.8			1.0
5302.7			1.0
5303.6			1.0
5304.5			1.0
5305.4			1.0
5306.3			1.0
5307.2			1.0
5308.1			1.0
5309.0			1.0
5309.9			1.0
5310.8			1.0
5311.7			1.0
5312.6			1.0
5313.5			1.0
5314.4			1.0
5315.3			1.0
5316.2			1.0
5317.1			1.0
5318.0			1.0
5318.9			1.0
5319.8			1.0
5320.7			1.0
5321.6			1.0
5322.5			1.0
5323.4			1.0
5324.3			1.0
5325.2			1.0335207969314526
5326.1			1.013340956560663
5327.0			0.8750825493180036
5327.9			0.7123539928783215
5328.8			0.7449373930199843
5329.7			0.8967022595945333
5330.6			1.0012478403960468
5331.5			1.0
5332.4			1.0
5333.3			1.0
5334.2			1.0
5335.1			1.0
5336.0			1.0
5336.9			1.0
5337.8			1.0002483923857346
5338.7			0.9764938358275373
5339.6			0.902721992732368
5340.5			0.8501353362872306
5341.4			0.8980952704039005
5342.3			0.971399203982887
5343.2			1.0006410285269107
5344.1			1.0
5345.0			1.0
5345.9			1.0
5346.8			1.0
5347.7			1.0
5348.6			1.0
5349.5			1.0
5350.4			1.0
5351.3			1.0
5352.2			1.0
5353.1			1.0
5354.0			1.0
5354.9			1.0
5355.8			1.0
5356.7			1.0
5357.6			1.0
5358.5			1.0
5359.4			1.0
5360.3			1.0
5361.2			1.0
5362.1			1.0
5363.0			1.0
5363.9			1.0
5364.8			1.0
5365.7			1.0
5366.6			1.0
5367.5			1.0
5368.4			0.9815619567343838
5369.3			0.9125222313257706
5370.2			0.8322861587037211
5371.1			0.789710426022527
5372.0			0.8512948362284353
5372.9			0.9532833506229201
5373.8			1.0030275797794148
5374.7			1.0
5375.6			1.0
5376.5			1.0
5377.4			1.0
5378.3			1.0
5379.2			1.0
5380.1			1.0
5381.0			1.0
5381.9			1.0
5382.8			1.0
5383.7			1.0
5384.6			1.0
5385.5			1.0
5386.4			1.0
5387.3			1.0
5388.2			1.0
5389.1			1.0
5390.0			1.0
5390.9			1.0
5391.8			1.0
5392.7			1.0
5393.6			1.0
5394.5			1.0
5395.4			1.0
5396.3			1.0
5397.2			1.0
5398.1			1.0902412142786875
5399.0			1.1525475273554124
5399.9			1.1314524390625105
5400.8			1.1102399867021966
5401.7			1.1240070275976788
5402.6			1.1045808407210238
5403.5			1.0198955074730869
5404.4			0.9183063635010897
5405.3			0.8520388654926372
5406.2			0.8664783632588982
5407.1			0.9227194911435938
5408.0			0.9448289828522745
5408.9			0.9057215768617021
5409.8			0.8802467290905674
5410.7			0.9238161770320326
5411.6			0.9826485933992121
5412.5			1.001975463648722
5413.4			1.0
5414.3			1.0
5415.2			1.0
5416.1			1.0
5417.0			1.0
5417.9			1.0
5418.8			1.0
5419.7			1.0
5420.6			1.0
5421.5			1.0
5422.4			1.0
5423.3			1.0
5424.2			1.0
5425.1			1.0
5426.0			1.0
5426.9			1.0466126575245458
5427.8			1.0230933041285664
5428.7			0.9229776802039777
5429.6			0.8784731776940845
5430.5			0.9644065310800667
5431.4			1.02902687644272
5432.3			1.01092021158953
5433.2			1.0
5434.1			1.0
5435.0			1.0
5435.9			1.0
5436.8			1.0
5437.7			1.0
5438.6			1.0
5439.5			1.0
5440.4			1.0
5441.3			1.0
5442.2			1.0
5443.1			1.0
5444.0			0.9746497333345971
5444.9			0.9135373221757055
5445.8			0.8310093196174566
5446.7			0.7918371356112234
5447.6			0.8626846741347858
5448.5			0.9538300456493721
5449.4			1.00109468790018
5450.3			1.0
5451.2			1.0
5452.1			1.0
5453.0			0.9698732743274419
5453.9			0.9149740822537794
5454.8			0.8448248826690248
5455.7			0.8291215737623493
5456.6			0.9005787664722336
5457.5			0.9705944220632968
5458.4			0.9981994057319074
5459.3			1.0
5460.2			1.0
5461.1			1.0
5462.0			1.0
5462.9			1.0
5463.8			1.0
5464.7			1.0
5465.6			1.0
5466.5			1.0
5467.4			1.0
5468.3			1.0
5469.2			1.0
5470.1			1.0
5471.0			1.0126093948973516
5471.9			1.0355337422093032
5472.8			1.0160599746665664
5473.7			1.0053236946510975
5474.6			1.0225111793290582
5475.5			0.9898693213082141
5476.4			0.9287840694921212
5477.3			0.9640466542519552
5478.2			1.0686714276904912
5479.1			1.1252763882624692
5480.0			1.0825196337755376
5480.9			1.0078000003583185
5481.8			1.005359306558557
5482.7			1.0
5483.6			1.0
5484.5			1.0
5485.4			1.0
5486.3			1.0
5487.2			1.0
5488.1			1.0
5489.0			1.0
5489.9			1.0
5490.8			1.0
5491.7			1.0
5492.6			1.0
5493.5			1.0
5494.4			1.0
5495.3			1.0
5496.2			1.0
5497.1			1.0
5498.0			1.0
5498.9			1.0
5499.8			1.0
5500.7			1.0
5501.6			1.0
5502.5			1.0
5503.4			1.0
5504.3			1.0
5505.2			1.0
5506.1			1.0
5507.0			1.01668037426608
5507.9			1.0695432003090617
5508.8			1.0808918952611215
5509.7			1.0582710280576868
5510.6			1.0193178831716319
5511.5			0.9581525578943557
5512.4			0.9138460847620913
5513.3			0.9128620104753494
5514.2			0.918760675013486
5515.1			0.9375606449176528
5516.0			0.9510088439543178
5516.9			0.9618573516213751
5517.8			0.9955157444069798
5518.7			1.0
5519.6			1.0
5520.5			1.0
5521.4			1.0
5522.3			1.0
5523.2			1.0
5524.1			1.0055462487008702
5525.0			0.9962713632502499
5525.9			0.9787199370673664
5526.8			0.9468536452065874
5527.7			0.9093118979569296
5528.6			0.9142288546277192
5529.5			0.9651435135198755
5530.4			0.9983470021800156
5531.3			1.002057875394856
5532.2			1.0
5533.1			1.0
5534.0			1.0
5534.9			1.0
5535.8			1.0
5536.7			1.0
5537.6			1.0
5538.5			1.0
5539.4			1.0
5540.3			1.0
5541.2			1.0
5542.1			1.0
5543.0			1.0
5543.9			1.0
5544.8			1.0
5545.7			1.0
5546.6			1.0
5547.5			1.0
5548.4			1.0
5549.3			1.0
5550.200000000001			1.0
5551.1			1.0
5552.0			1.0
5552.9			1.0
5553.8			1.0
5554.700000000001			1.0
5555.6			1.0
5556.5			1.0
5557.4			1.0
5558.3			1.0
5559.200000000001			1.0
5560.1			1.0
5561.0			1.0
5561.9			1.0
5562.8			1.0
5563.700000000001			1.0
5564.6			1.0
5565.5			1.0
5566.4			1.0
5567.3			1.0
5568.200000000001			1.0
5569.1			1.0
5570.0			1.0
5570.9			1.0
5571.8			1.0
5572.700000000001			1.0
5573.6			1.0
5574.5			1.0
5575.4			1.0
5576.3			1.0
5577.200000000001			1.0
5578.1			1.0
5579.0			0.9991570077817387
5579.9			1.0106744858147727
5580.8			1.0094528152670137
5581.700000000001			0.998192402328829
5582.6			0.9947843804565383
5583.5			0.9844198280032951
5584.4			0.9649389017931475
5585.3			0.940217094108892
5586.200000000001			0.9005784174440683
5587.1			0.8637022630359621
5588.0			0.8548380949134958
5588.9			0.869834219865267
5589.8			0.8959245729184417
5590.700000000001			0.9189784977645153
5591.6			0.9219661872602495
5592.5			0.9160850934097103
5593.4			0.914007117440268
5594.3			0.9303461006645183
5595.200000000001			0.9759131487270652
5596.1			1.0
5597.0			0.9840991452224613
5597.9			0.9378021863291424
5598.8			0.9167577944785023
5599.700000000001			0.9160318020087814
5600.6			0.9021164559830793
5601.5			0.882326099610426
5602.4			0.875595788321308
5603.3			0.8994237320666921
5604.200000000001			0.9434480442535965
5605.1			0.9805863320412387
5606.0			1.001933649043362
5606.9			1.0052031477452905
5607.8			1.00076431498247
5608.700000000001			1.0
5609.6			1.0
5610.5			1.0
5611.4			1.0
5612.3			1.0162091678009992
5613.200000000001			1.007926857439466
5614.1			0.9444734969511571
5615.0			0.8748986171505884
5615.9			0.8890035399258399
5616.8			0.9549734666546539
5617.700000000001			0.9934074910685328
5618.6			1.0
5619.5			1.0
5620.4			1.0
5621.3			1.0
5622.200000000001			1.011665942766211
5623.1			0.9705863287998203
5624.0			0.9081916499333794
5624.9			0.8956928773185358
5625.8			0.9394536933171311
5626.700000000001			0.9775534221927135
5627.6			1.00023661413416
5628.5			1.0
5629.4			1.0
5630.3			1.0
5631.200000000001			1.0
5632.1			1.0
5633.0			1.0
5633.9			1.0
5634.8			1.0
5635.700000000001			1.0
5636.6			1.0
5637.5			1.0
5638.4			1.0
5639.3			1.0
5640.200000000001			1.0
5641.1			1.0
5642.0			1.0
5642.9			1.0
5643.8			1.0
5644.700000000001			1.0
5645.6			1.0
5646.5			1.0
5647.4			1.0
5648.3			1.0
5649.200000000001			1.0
5650.1			1.0
5651.0			1.0
5651.9			1.0
5652.8			1.0
5653.700000000001			1.0
5654.6			1.0
5655.5			1.0095122824235365
5656.4			1.0073692595511796
5657.3			0.9382704756854757
5658.200000000001			0.8698265507522008
5659.1			0.9008233193323479
5660.0			0.9767614444120494
5660.9			0.9977474485539568
5661.8			1.0
5662.700000000001			1.0
5663.6			1.0
5664.5			1.0
5665.4			1.0
5666.3			1.0
5667.200000000001			1.0
5668.1			1.0
5669.0			1.0
5669.9			1.0
5670.8			1.0
5671.700000000001			1.0
5672.6			1.0
5673.5			1.0
5674.4			1.0
5675.3			1.0
5676.200000000001			1.0
5677.1			1.0
5678.0			1.0
5678.9			1.0
5679.8			1.0
5680.700000000001			1.0
5681.6			1.0
5682.5			0.9714740141844689
5683.4			0.9764197667684079
5684.3			0.9952943769377953
5685.200000000001			0.9917332357494609
5686.1			0.9600481583720553
5687.0			0.9367120629693725
5687.9			0.9346373552545086
5688.8			0.947081142647056
5689.700000000001			0.9687301234497641
5690.6			0.9847755438507353
5691.5			0.9965793791645536
5692.4			1.0
5693.3			1.0
5694.200000000001			1.0
5695.1			1.0
5696.0			1.0
5696.9			1.0
5697.8			1.0
5698.700000000001			1.0
5699.6			1.0
5700.5			1.0
5701.4			0.9738444713754919
5702.3			0.9714629029688344
5703.200000000001			0.9952314136794239
5704.1			1.0203759969875603
5705.0			1.0126780889331304
5705.9			0.9752484240543315
5706.8			0.9462981136273614
5707.700000000001			0.9207441640432764
5708.6			0.8920045683892086
5709.5			0.8893729212178749
5710.4			0.9021249839623976
5711.3			0.8991485324126518
5712.200000000001			0.9176118983259264
5713.1			0.9688718900282921
5714.0			0.9994905129346371
5714.9			1.00068129092596
5715.8			1.00169690285537
5716.700000000001			1.0
5717.6			1.0
5718.5			1.0
5719.4			1.0
5720.3			1.0
5721.200000000001			1.0
5722.1			1.0
5723.0			1.0
5723.9			1.0
5724.8			1.0
5725.700000000001			0.9725557589718121
5726.6			0.9298506672245661
5727.5			0.9215389746439766
5728.4			0.9641944156338023
5729.3			0.9971885643132593
5730.200000000001			1.0
5731.1			1.0
5732.0			1.0
5732.9			1.0
5733.8			1.0
5734.700000000001			1.0
5735.6			1.0
5736.5			1.0
5737.4			1.0
5738.3			1.0
5739.200000000001			1.0
5740.1			1.0
5741.0			1.0
5741.9			1.0
5742.8			1.0
5743.700000000001			1.0
5744.6			1.0
5745.5			1.0
5746.4			1.0
5747.3			1.0
5748.200000000001			1.0
5749.1			1.0
5750.0			1.0
5750.9			1.002460639439718
5751.8			0.9675283462112018
5752.700000000001			0.9224973011175257
5753.6			0.8938359387659447
5754.5			0.9072310618439208
5755.4			0.9562481390727267
5756.3			0.9988729440357902
5757.200000000001			1.0
5758.1			1.0
5759.0			0.9821316979539707
5759.9			0.9549855277995227
5760.8			0.9250435863571533
5761.700000000001			0.8994530029822337
5762.6			0.8983298583947598
5763.5			0.9375139765013785
5764.4			0.9824356377815623
5765.3			0.9985100612572092
5766.200000000001			0.9994691609367311
5767.1			1.0
5768.0			1.0
5768.9			1.0
5769.8			1.0
5770.700000000001			1.0
5771.6			1.0
5772.5			1.0
5773.4			1.0
5774.3			1.0
5775.200000000001			1.0
5776.1			1.0
5777.0			1.0
5777.9			1.00521294017004
5778.8			0.9935601081187257
5779.700000000001			0.9528437109225031
5780.6			0.894176089661003
5781.5			0.8610786843200385
5782.4			0.8727090982104829
5783.3			0.8949713340994487
5784.200000000001			0.8868191685979347
5785.1			0.8709529350827401
5786.0			0.8985529995463644
5786.9			0.9531137747086049
5787.8			0.9921515288508598
5788.700000000001			1.0126818106029298
5789.6			1.0073677208729932
5790.5			0.9817202692488894
5791.4			0.9781002287341456
5792.3			1.0014758124283323
5793.200000000001			1.0
5794.1			1.0
5795.0			1.0
5795.9			1.0
5796.8			1.0
5797.700000000001			1.0
5798.6			1.0
5799.5			1.0
5800.4			1.0
5801.3			1.0
5802.200000000001			1.0
5803.1			1.0
5804.0			1.0
5804.9			1.0
5805.8			1.0
5806.700000000001			1.0
5807.6			1.0
5808.5			1.0
5809.4			1.0
5810.3			1.0
5811.200000000001			1.0
5812.1			1.0
5813.0			1.0
5813.9			1.0
5814.8			1.0
5815.700000000001			1.0
5816.6			1.0
5817.5			1.0
5818.4			1.0
5819.3			1.0
5820.200000000001			1.0
5821.1			1.0
5822.0			1.0
5822.9			1.0
5823.8			1.0
5824.700000000001			1.0
5825.6			1.0
5826.5			1.0
5827.4			1.0
5828.3			1.0
5829.200000000001			1.0
5830.1			1.0
5831.0			1.0
5831.9			1.0
5832.8			1.0
5833.700000000001			1.0
5834.6			1.0
5835.5			1.0
5836.4			1.0
5837.3			1.0
5838.200000000001			1.0
5839.1			1.0
5840.0			1.0
5840.9			1.0
5841.8			1.0
5842.700000000001			1.0
5843.6			1.0
5844.5			1.0
5845.4			1.0
5846.3			1.0
5847.200000000001			1.0
5848.1			1.0
5849.0			1.0
5849.9			1.0
5850.8			1.0
5851.700000000001			1.0
5852.6			1.0
5853.5			1.0
5854.4			1.0188868859024294
5855.3			1.0261475832704638
5856.200000000001			0.9990204777449246
5857.1			0.9554814565406005
5858.0			0.9427980732751249
5858.9			0.9677970288373545
5859.8			0.9986414561642751
5860.700000000001			1.0119777922589175
5861.6			0.9990137994042683
5862.5			1.0
5863.4			1.0
5864.3			1.0
5865.200000000001			1.0
5866.1			1.0
5867.0			1.0
5867.9			1.0
5868.8			1.0
5869.700000000001			1.0
5870.6			1.0
5871.5			1.0
5872.4			1.0
5873.3			1.0
5874.200000000001			1.0
5875.1			1.0
5876.0			1.0
5876.9			1.0
5877.8			1.0
5878.700000000001			1.0
5879.6			1.0
5880.5			1.0
5881.4			1.0
5882.3			1.0
5883.200000000001			1.0
5884.1			1.0
5885.0			1.0
5885.9			1.0237663857946822
5886.8			1.0243731011962833
5887.700000000001			0.9720097108997412
5888.6			0.8365749847819985
5889.5			0.6965941545365952
5890.4			0.7134085486069304
5891.3			0.8528296456154204
5892.200000000001			0.9584805352585145
5893.1			1.0090592616158436
5894.0			1.0
5894.9			1.0
5895.8			1.0
5896.700000000001			1.0
5897.6			1.0
5898.5			1.0
5899.4			1.0
5900.3			1.0
5901.200000000001			1.0
5902.1			1.0
5903.0			1.0
5903.9			1.0
5904.8			1.0
5905.700000000001			1.0
5906.6			1.0
5907.5			1.0
5908.4			1.0
5909.3			1.0
5910.200000000001			1.0
5911.1			1.0
5912.0			1.0
5912.9			1.0
5913.8			1.0
5914.700000000001			1.0
5915.6			1.0
5916.5			1.0
5917.4			1.0
5918.3			1.0
5919.200000000001			1.0
5920.1			1.0
5921.0			1.0
5921.9			1.0
5922.8			1.0
5923.700000000001			1.0
5924.6			1.0
5925.5			1.0
5926.4			1.0
5927.3			1.0
5928.200000000001			1.0
5929.1			1.0
5930.0			1.0
5930.9			1.0
5931.8			1.0
5932.700000000001			1.0
5933.6			1.0
5934.5			1.0
5935.4			1.0
5936.3			1.0
5937.200000000001			1.0
5938.1			1.0
5939.0			1.0
5939.9			1.0
5940.8			1.0
5941.700000000001			1.0
5942.6			1.0
5943.5			1.0
5944.4			1.0
5945.3			1.0
5946.200000000001			1.0
5947.1			1.0
5948.0			1.0
5948.9			1.0
5949.8			1.0
5950.700000000001			1.0
5951.6			1.0
5952.5			1.0
5953.4			1.0
5954.3			1.0
5955.200000000001			1.0
5956.1			1.0
5957.0			1.0
5957.9			1.0
5958.8			1.0
5959.700000000001			1.0
5960.6			1.0
5961.5			1.0
5962.4			1.0
5963.3			1.0
5964.200000000001			1.0
5965.1			1.0
5966.0			1.0
5966.9			1.0
5967.8			1.0
5968.700000000001			1.0
5969.6			1.0
5970.5			1.0
5971.4			1.0
5972.3			1.0
5973.200000000001			1.0
5974.1			1.0
5975.0			1.0
5975.9			1.0
5976.8			1.0
5977.700000000001			1.0
5978.6			1.0
5979.5			1.0
5980.4			1.0
5981.3			1.0025936647212985
5982.200000000001			0.9882352609797412
5983.1			0.9562221919480706
5984.0			0.933047081572825
5984.9			0.9484116601704151
5985.8			0.9831897674753114
5986.700000000001			0.9989239067509725
5987.6			1.0
5988.5			1.0
5989.4			1.0
5990.3			1.0
5991.200000000001			1.0
5992.1			1.0
5993.0			1.0
5993.9			1.0
5994.8			1.0
5995.700000000001			1.0
5996.6			1.0
5997.5			1.0
5998.4			1.0
5999.3			1.0
6000.200000000001			1.0
6001.1			1.0
6002.0			1.0
6002.9			1.0
6003.8			1.0162135829069212
6004.700000000001			1.0301163654450505
6005.6			1.0272722421020244
6006.5			1.007680109508357
6007.4			0.975848715555444
6008.3			0.9721209340027308
6009.200000000001			1.0164095524128869
6010.1			1.0609019095207857
6011.0			1.0647627917850506
6011.9			1.0325747168130797
6012.8			1.0005731804525908
6013.700000000001			1.0
6014.6			1.0
6015.5			1.0
6016.4			1.0
6017.3			1.0
6018.200000000001			1.0
6019.1			1.0
6020.0			1.0
6020.9			1.0
6021.8			1.0
6022.700000000001			1.0
6023.6			1.0
6024.5			1.0
6025.4			1.0
6026.3			1.0
6027.200000000001			1.0
6028.1			1.0
6029.0			1.0
6029.9			1.0
6030.8			1.0
6031.700000000001			1.0
6032.6			1.0
6033.5			1.0
6034.4			1.0
6035.3			1.0
6036.200000000001			1.0
6037.1			1.0
6038.0			1.0
6038.9			1.0
6039.8			1.0
6040.700000000001			1.0
6041.6			1.0
6042.5			1.0
6043.4			1.0
6044.3			1.0
6045.200000000001			1.0
6046.1			1.0
6047.0			1.0
6047.9			1.0
6048.8			1.0
6049.700000000001			1.0
6050.6			1.0
6051.5			1.0
6052.4			1.0
6053.3			1.0
6054.200000000001			1.0
6055.1			1.0
6056.0			1.0
6056.9			1.0
6057.8			1.0
6058.700000000001			1.0
6059.6			1.0
6060.5			1.0
6061.4			0.987656514015384
6062.3			0.9669377771899339
6063.200000000001			0.9475772254440067
6064.1			0.9214211638404238
6065.0			0.8973504994793794
6065.9			0.9182451799970797
6066.8			0.9676675282466537
6067.700000000001			0.9968127583200078
6068.6			0.9994488564962007
6069.5			1.0
6070.4			1.0
6071.3			1.0
6072.200000000001			1.0
6073.1			1.0
6074.0			1.0
6074.9			1.0
6075.8			1.0
6076.700000000001			1.0
6077.6			1.0
6078.5			1.0
6079.4			1.0
6080.3			1.0
6081.200000000001			1.0
6082.1			1.0
6083.0			1.0
6083.9			1.0
6084.8			1.0
6085.700000000001			1.0
6086.6			1.0
6087.5			1.0
6088.4			1.0
6089.3			1.0
6090.200000000001			1.0
6091.1			1.0
6092.0			1.0
6092.9			1.0
6093.8			1.0
6094.700000000001			1.0
6095.6			1.0
6096.5			1.0
6097.4			1.0
6098.3			1.0
6099.200000000001			1.0
6100.1			1.0
6101.0			0.9760829106422003
6101.9			0.9149314270618325
6102.8			0.8831371339107638
6103.700000000001			0.9315283843215817
6104.6			0.994596101384362
6105.5			1.0
6106.4			1.0
6107.3			1.0
6108.200000000001			1.0
6109.1			1.0
6110.0			1.0
6110.9			1.0
6111.8			1.0
6112.700000000001			1.0
6113.6			1.0
6114.5			1.0
6115.4			1.0
6116.3			1.0
6117.200000000001			1.0
6118.1			1.0037964988004002
6119.0			0.9814765973272056
6119.9			0.9553681482719875
6120.8			0.9369522985670875
6121.700000000001			0.9193815662826054
6122.6			0.9386676760307638
6123.5			0.9927920507806319
6124.4			1.0171578198185571
6125.3			0.999997985286157
6126.200000000001			1.0
6127.1			1.0
6128.0			1.0
6128.9			1.0
6129.8			1.0
6130.700000000001			1.0
6131.6			1.0
6132.5			1.0
6133.4			1.0
6134.3			0.963054877215036
6135.200000000001			0.9016378397489518
6136.1			0.8291127427456834
6137.0			0.7970461942702578
6137.9			0.8535008115576191
6138.8			0.9491582989907487
6139.700000000001			0.9992882325687299
6140.6			1.0
6141.5			1.0
6142.4			1.0
6143.3			1.0
6144.200000000001			1.0
6145.1			1.0
6146.0			1.0
6146.9			1.0
6147.8			1.0
6148.700000000001			1.0
6149.6			1.0
6150.5			1.0
6151.4			1.0
6152.3			1.0
6153.200000000001			1.0
6154.1			1.0
6155.0			1.0
6155.9			1.0
6156.8			1.0
6157.700000000001			1.0
6158.6			1.0065295850068579
6159.5			0.9975218345955825
6160.4			0.9434174998484356
6161.3			0.8714562430952094
6162.200000000001			0.8428322089508219
6163.1			0.8752318702748318
6164.0			0.9363854401511466
6164.9			0.9823461214349323
6165.8			1.0023308632493533
6166.700000000001			1.0
6167.6			1.0
6168.5			1.0
6169.4			1.0
6170.3			1.0
6171.200000000001			1.0
6172.1			1.0
6173.0			1.0
6173.9			1.0
6174.8			1.0
6175.700000000001			1.0
6176.6			1.0
6177.5			1.0
6178.4			1.0
6179.3			1.0
6180.200000000001			1.0
6181.1			1.0
6182.0			1.0
6182.9			1.0
6183.8			1.0
6184.700000000001			1.0
6185.6			1.0
6186.5			1.0
6187.4			0.9767388619142282
6188.3			0.9657108026000026
6189.200000000001			0.9558816737069431
6190.1			0.9216981463182469
6191.0			0.873938395381378
6191.9			0.8844848738176095
6192.8			0.9462461550687247
6193.700000000001			0.9863241698635044
6194.6			0.9966148531479134
6195.5			1.0
6196.4			1.0
6197.3			0.9876560489008157
6198.200000000001			0.9470192864539607
6199.1			0.8989325839480636
6200.0			0.8948777767035494
6200.9			0.937557723159043
6201.8			0.9810515430817577
6202.700000000001			1.0004009831339162
6203.6			1.0
6204.5			1.0
6205.4			1.0
6206.3			1.0
6207.200000000001			1.0
6208.1			1.0
6209.0			1.0
6209.9			1.0
6210.8			0.9903858560653455
6211.700000000001			0.9873052175993543
6212.6			0.9583474574113683
6213.5			0.9122908578171605
6214.4			0.8967701812785557
6215.3			0.9113185039033701
6216.200000000001			0.9410756643021514
6217.1			0.9839046569879307
6218.0			1.000125570413856
6218.9			1.0
6219.8			1.0
6220.700000000001			1.0
6221.6			1.0
6222.5			1.0
6223.4			1.0
6224.3			1.0
6225.200000000001			1.0
6226.1			1.0
6227.0			1.0052096758308926
6227.9			0.9996334759478824
6228.8			0.965378258252936
6229.700000000001			0.9037838458850823
6230.6			0.8618597459535147
6231.5			0.8792790011470712
6232.4			0.9153376189392689
6233.3			0.9516864462101168
6234.200000000001			0.9999887513484038
6235.1			1.0
6236.0			1.0
6236.9			0.9878511648454615
6237.8			0.9668537858203742
6238.700000000001			0.9313017542225172
6239.6			0.8930515349608815
6240.5			0.8935896107553815
6241.4			0.9112317373436917
6242.3			0.8891684336610788
6243.200000000001			0.8698515608906712
6244.1			0.8962095497808483
6245.0			0.921524564720408
6245.9			0.9335725423232233
6246.8			0.9652527215867318
6247.700000000001			1.0001574886370432
6248.6			1.0
6249.5			0.9903867215645159
6250.4			0.9719720037969644
6251.3			0.9267346986282347
6252.200000000001			0.8826781727617404
6253.1			0.8837773647775428
6254.0			0.9042244955468746
6254.9			0.9147509269853765
6255.8			0.8977906554268122
6256.700000000001			0.8600904559449768
6257.6			0.8276448991381525
6258.5			0.8282593341272375
6259.4			0.8833653459171793
6260.3			0.9333939534978979
6261.200000000001			0.9492521404401059
6262.1			0.9812863509000013
6263.0			1.0193164951294007
6263.9			1.0081394436100253
6264.8			0.9608670379561907
6265.700000000001			0.9494440381159917
6266.6			0.9826107001929355
6267.5			0.9997562280767709
6268.4			1.0
6269.3			1.0
6270.200000000001			1.0
6271.1			1.0
6272.0			1.0
6272.9			1.0
6273.8			1.0
6274.700000000001			1.0
6275.6			1.0
6276.5			1.0
6277.4			1.0
6278.3			1.0
6279.200000000001			1.0
6280.1			1.0
6281.0			1.0
6281.9			1.0
6282.8			1.0
6283.700000000001			1.0
6284.6			1.0
6285.5			1.0
6286.4			1.0
6287.3			1.0
6288.200000000001			1.0
6289.1			1.0
6290.0			1.0
6290.9			1.0
6291.8			1.0
6292.700000000001			1.0
6293.6			1.0
6294.5			1.0098836574222168
6295.4			0.9849611085192815
6296.3			0.9380374014041392
6297.200000000001			0.9300927288939511
6298.1			0.9697288895686758
6299.0			1.004320688770178
6299.9			1.0000438876642797
6300.8			1.0
6301.700000000001			1.0
6302.6			1.0
6303.5			1.0
6304.4			1.0
6305.3			1.0
6306.200000000001			1.0158875786746944
6307.1			1.0510155189593915
6308.0			1.0695736842075276
6308.9			1.0657447032523797
6309.8			1.0428350292857729
6310.700000000001			1.011080678522662
6311.6			0.9884692499511362
6312.5			0.9897256295778988
6313.4			0.9946119585833592
6314.3			0.9694478099720764
6315.200000000001			0.9531007243778937
6316.1			0.9698552383917534
6317.0			0.963483151818912
6317.9			0.9271536006541393
6318.8			0.9232522780695211
6319.700000000001			0.9602823262636486
6320.6			0.9878698955717323
6321.5			0.9902631888124818
6322.4			0.9834683438341576
6323.3			0.9925828964551785
6324.200000000001			1.006256887361378
6325.1			1.006899716619975
6326.0			0.9985098016772558
6326.9			0.9870621130956536
6327.8			0.992018894851837
6328.700000000001			1.0043639052484457
6329.6			0.9929685690762919
6330.5			0.9831370841335925
6331.4			0.9990514594487867
6332.3			1.0
6333.200000000001			1.0148878079805823
6334.1			0.9871120754530811
6335.0			0.9316792269764124
6335.9			0.9086678749360096
6336.8			0.941778453059616
6337.700000000001			0.9852358504641605
6338.6			1.0004074651463266
6339.5			1.0
6340.4			1.0
6341.3			1.0
6342.200000000001			1.0
6343.1			1.0
6344.0			1.0
6344.9			1.0
6345.8			1.0
6346.700000000001			1.0
6347.6			1.0
6348.5			1.0
6349.4			1.0
6350.3			0.9986495254761212
6351.200000000001			1.0047706696399787
6352.1			1.0056645291610764
6353.0			0.9892731466528012
6353.9			0.9594584319320226
6354.8			0.941457054954604
6355.700000000001			0.9586881724407763
6356.6			0.9751768308043894
6357.5			0.9511210403124636
6358.4			0.9127483358123776
6359.3			0.9069899644851247
6360.200000000001			0.9245836088193392
6361.1			0.9276760522777564
6362.0			0.914732894562524
6362.9			0.9062189730851673
6363.8			0.9130551629878215
6364.700000000001			0.9277172813405427
6365.6			0.9389239125610649
6366.5			0.9537895386597502
6367.4			0.9812036284466115
6368.3			0.9996140513213301
6369.200000000001			1.0
6370.1			1.0
6371.0			1.0
6371.9			1.0
6372.8			1.0
6373.700000000001			1.0
6374.6			1.0
6375.5			1.0
6376.4			1.0
6377.3			1.0
6378.200000000001			1.0
6379.1			1.0
6380.0			1.0
6380.9			1.0
6381.8			1.0
6382.700000000001			1.0
6383.6			1.0
6384.5			1.0
6385.4			1.0
6386.3			1.0
6387.200000000001			1.0
6388.1			1.0
6389.0			1.0
6389.9			1.0
6390.8			1.0
6391.700000000001			1.0
6392.6			1.0
6393.5			1.0
6394.4			1.0
6395.3			1.0
6396.200000000001			1.0
6397.1			1.0
6398.0			0.9926557258371103
6398.9			0.9479516768821911
6399.8			0.8998073500090169
6400.700000000001			0.9221068410113352
6401.6			0.9944215433041368
6402.5			1.0
6403.4			1.0
6404.3			1.0
6405.200000000001			1.0
6406.1			1.0
6407.0			1.0
6407.9			1.0
6408.8			1.0
6409.700000000001			1.0
6410.6			1.0
6411.5			1.0
6412.4			1.0
6413.3			1.0
6414.200000000001			1.0
6415.1			1.0
6416.0			1.0
6416.9			1.0
6417.8			0.984935481488795
6418.700000000001			0.9606570432866139
6419.6			0.928254339619622
6420.5			0.9088149235123935
6421.4			0.9252054720204334
6422.3			0.9698512447305054
6423.200000000001			1.0012030543210468
6424.1			1.0
6425.0			1.0
6425.9			1.0
6426.8			1.0
6427.700000000001			1.0055834397923267
6428.6			0.9938683223155708
6429.5			0.9553133076349529
6430.4			0.9139546130901192
6431.3			0.9194907405699434
6432.200000000001			0.9627611053333687
6433.1			0.9991878378650317
6434.0			1.0
6434.9			1.0
6435.8			1.0
6436.700000000001			1.0
6437.6			1.0
6438.5			1.0
6439.4			1.0
6440.3			1.0
6441.200000000001			1.0
6442.1			1.0
6443.0			1.0
6443.9			1.0
6444.8			1.0
6445.700000000001			1.0
6446.6			1.0
6447.5			0.9901040172888157
6448.4			0.9354539804747178
6449.3			0.8550877945415443
6450.200000000001			0.835530045282401
6451.1			0.8955059783915515
6452.0			0.9622861066007655
6452.9			1.003305359033758
6453.8			1.0
6454.700000000001			1.0
6455.6			1.0
6456.5			1.0
6457.4			1.0
6458.3			1.0
6459.200000000001			1.0
6460.1			1.0050722183483718
6461.0			0.9708280025454618
6461.9			0.9116668376148079
6462.8			0.8940455872392965
6463.700000000001			0.9349328909002711
6464.6			0.9790212439496561
6465.5			1.0050604825115887
6466.4			1.0
6467.3			1.0
6468.200000000001			1.0
6469.1			1.0
6470.0			1.0
6470.9			1.0
6471.8			1.0
6472.700000000001			1.0
6473.6			1.0
6474.5			1.0
6475.4			1.0
6476.3			1.0
6477.200000000001			1.0
6478.1			1.0
6479.0			1.0
6479.9			1.0
6480.8			1.0
6481.700000000001			1.0
6482.6			1.0
6483.5			1.0
6484.4			1.0
6485.3			1.0
6486.200000000001			1.0
6487.1			1.0
6488.0			1.0
6488.9			0.9964167285994469
6489.8			0.9836108369439222
6490.700000000001			0.9734196786824589
6491.6			0.9710543852351393
6492.5			0.9554494279681132
6493.4			0.9013143614471935
6494.3			0.8404039318148062
6495.200000000001			0.828724997129908
6496.1			0.8583883170920383
6497.0			0.8908423306574151
6497.9			0.9077324756921468
6498.8			0.9113893987536681
6499.700000000001			0.931992440473304
6500.6			0.9697966669608363
6501.5			0.9988713866124886
6502.4			1.0
6503.3			1.0
6504.200000000001			1.0
6505.1			1.0
6506.0			1.0
6506.9			1.0
6507.8			1.0
6508.700000000001			1.0
6509.6			1.0
6510.5			1.0
6511.4			1.0
6512.3			1.0
6513.200000000001			1.0
6514.1			1.0
6515.0			1.0
6515.9			1.0
6516.8			1.0
6517.700000000001			1.0
6518.6			1.0
6519.5			1.0
6520.4			1.0
6521.3			1.0
6522.200000000001			1.0
6523.1			1.0
6524.0			1.0
6524.9			1.0
6525.8			1.0
6526.700000000001			1.0
6527.6			1.0
6528.5			1.0
6529.4			1.0
6530.3			1.0
6531.200000000001			1.0
6532.1			1.0
6533.0			1.0
6533.9			1.0
6534.8			1.0
6535.700000000001			1.0
6536.6			1.0
6537.5			1.0
6538.4			1.0
6539.3			1.0
6540.200000000001			1.0
6541.1			1.0
6542.0			1.0
6542.9			1.0
6543.8			1.0
6544.700000000001			1.0
6545.6			1.0
6546.5			1.0
6547.4			1.0
6548.3			1.0
6549.200000000001			1.0
6550.1			1.0
6551.0			1.0
6551.9			1.0
6552.8			1.0
6553.700000000001			1.0
6554.6			1.0
6555.5			1.0
6556.4			1.0
6557.3			1.0
6558.200000000001			1.0
6559.1			1.0
6560.0			0.986819269492486
6560.9			0.9056744739862552
6561.8			0.7358915276446002
6562.700000000001			0.6211066261821705
6563.6			0.7066461119689428
6564.5			0.8893710395161444
6565.4			1.0010285608869376
6566.3			1.0
6567.200000000001			1.0
6568.1			1.0
6569.0			1.0
6569.9			1.0
6570.8			0.9999800715522817
6571.700000000001			0.9798485017984307
6572.6			0.9459135226706266
6573.5			0.920024952308338
6574.4			0.9096348436975418
6575.3			0.9265116247803576
6576.200000000001			0.9656355994576533
6577.1			0.9931635210582102
6578.0			0.9984791160063018
6578.9			1.0
6579.8			1.0
6580.700000000001			1.0
6581.6			1.0
6582.5			1.0
6583.4			1.0
6584.3			1.0
6585.200000000001			1.0
6586.1			1.0
6587.0			1.0
6587.9			1.0
6588.8			1.0
6589.700000000001			1.0
6590.6			0.9905385700609594
6591.5			0.9583502522214523
6592.4			0.9125757867349232
6593.3			0.8927240638071808
6594.200000000001			0.9244427437610867
6595.1			0.9741461440792779
6596.0			0.9983241309687795
6596.9			1.0
6597.8			1.0
6598.700000000001			1.0
6599.6			1.0
6600.5			1.0
6601.4			1.0
6602.3			1.0
6603.200000000001			1.0
6604.1			1.0
6605.0			0.9861365276616583
6605.9			0.9770322321888419
6606.8			0.9651229827167266
6607.700000000001			0.9440391185053518
6608.6			0.9207054258493069
6609.5			0.9252333982482395
6610.4			0.9657438349686159
6611.3			1.0010258877992053
6612.200000000001			1.001142762858585
6613.1			1.0
6614.0			1.0
6614.9			1.0
6615.8			1.0
6616.700000000001			1.0
6617.6			1.0
6618.5			1.0
6619.4			1.0
6620.3			1.0
6621.200000000001			1.0
6622.1			1.0
6623.0			1.0
6623.9			1.0
6624.8			1.0
6625.700000000001			1.0
6626.6			1.0
6627.5			1.0
6628.4			1.0
6629.3			1.0
6630.200000000001			1.0
6631.1			1.0
6632.0			1.0
6632.9			1.0
6633.8			1.0
6634.700000000001			1.0
6635.6			1.0
6636.5			1.0
6637.4			1.0
6638.3			1.0
6639.200000000001			1.0
6640.1			1.0
6641.0			1.0
6641.9			1.0
6642.8			1.0
6643.700000000001			1.0
6644.6			1.0
6645.5			1.0
6646.4			1.0
6647.3			1.0
6648.200000000001			1.0
6649.1			1.0
6650.0			1.0
6650.9			1.0
6651.8			1.0
6652.700000000001			1.0
6653.6			1.0
6654.5			1.0
6655.4			1.0
6656.3			1.0
6657.200000000001			1.0
6658.1			1.0
6659.0			1.0
6659.9			1.0
6660.8			1.0
6661.700000000001			1.0
6662.6			1.0
6663.5			1.0
6664.4			1.0
6665.3			1.0
6666.200000000001			1.0
6667.1			1.0
6668.0			1.0
6668.9			1.0
6669.8			1.0
6670.700000000001			1.0
6671.6			1.0
6672.5			1.0
6673.4			1.0
6674.3			1.0
6675.200000000001			1.002446513185237
6676.1			0.9876832337447335
6677.0			0.9446093939900533
6677.9			0.9069420338555959
6678.8			0.9254781666971043
6679.700000000001			0.974484142239812
6680.6			1.0000374787660424
6681.5			1.0
6682.4			1.0
6683.3			1.0
6684.200000000001			1.0
6685.1			1.0
6686.0			1.0
6686.9			1.0
6687.8			1.0
6688.700000000001			1.0
6689.6			1.0
6690.5			1.0
6691.4			1.0
6692.3			1.0
6693.200000000001			1.0
6694.1			1.0
6695.0			1.0
6695.9			1.0
6696.8			1.0
6697.700000000001			1.0
6698.6			1.0
6699.5			1.0
6700.4			1.0
6701.3			1.0
6702.200000000001			1.0
6703.1			1.0
6704.0			1.0
6704.9			1.0
6705.8			1.0
6706.700000000001			1.0
6707.6			1.0
6708.5			1.0
6709.4			1.0
6710.3			1.0
6711.200000000001			1.0
6712.1			1.0
6713.0			0.9912549663868997
6713.9			0.9863125362666159
6714.8			0.9770007626968129
6715.700000000001			0.9565610303713901
6716.6			0.9356725955908823
6717.5			0.9319704906414034
6718.4			0.9633998620762544
6719.3			1.0034971780146158
6720.200000000001			1.016188864599693
6721.1			1.007236853943908
6722.0			0.9997910929119186
6722.9			1.0
6723.8			1.0
6724.700000000001			1.0
6725.6			1.0
6726.5			1.0
6727.4			1.0
6728.3			1.0
6729.200000000001			1.0
6730.1			1.0
6731.0			1.0
6731.9			1.0
6732.8			1.0
6733.700000000001			1.0
6734.6			1.0
6735.5			1.0
6736.4			1.0
6737.3			1.0
6738.200000000001			1.0
6739.1			1.0
6740.0			1.0
6740.9			1.0
6741.8			1.0
6742.700000000001			1.0
6743.6			1.0
6744.5			1.0
6745.4			1.0
6746.3			1.0
6747.200000000001			1.0
6748.1			1.0
6749.0			1.0
6749.9			1.0
6750.8			1.0
6751.700000000001			1.0
6752.6			1.0
6753.5			1.0
6754.4			1.0
6755.3			1.0
6756.200000000001			1.0
6757.1			1.0
6758.0			1.0
6758.9			1.0
6759.8			1.0
6760.700000000001			1.0
6761.6			1.0
6762.5			1.0
6763.4			1.0
6764.3			1.0
6765.200000000001			1.0
6766.1			1.0
6767.0			1.0
6767.9			1.0
6768.8			1.0
6769.700000000001			1.0
6770.6			1.0
6771.5			1.0
6772.4			1.0
6773.3			1.0
6774.200000000001			1.0
6775.1			1.0
6776.0			1.0
6776.9			1.0
6777.8			1.0
6778.700000000001			1.0
6779.6			1.0
6780.5			1.0
6781.4			1.0
6782.3			1.0
6783.200000000001			1.0
6784.1			1.0
6785.0			1.0
6785.9			1.0
6786.8			1.0
6787.700000000001			1.0
6788.6			1.0
6789.5			1.0
6790.4			1.0
6791.3			1.0
6792.200000000001			1.0
6793.1			1.0
6794.0			1.0
6794.9			1.0
6795.8			1.0
6796.700000000001			1.0
6797.6			1.0
6798.5			1.0
6799.4			1.0
6800.3			1.0
6801.200000000001			1.0
6802.1			1.0
6803.0			1.0
6803.9			1.0
6804.8			1.0
6805.700000000001			1.0
6806.6			1.0
6807.5			1.0
6808.4			1.0
6809.3			1.0
6810.200000000001			1.0
6811.1			1.0
6812.0			1.0
6812.9			1.0
6813.8			1.0
6814.700000000001			1.0
6815.6			1.0
6816.5			1.0
6817.4			1.0
6818.3			1.0
6819.200000000001			1.0
6820.1			1.0
6821.0			1.0
6821.9			1.0
6822.8			1.0
6823.700000000001			1.0
6824.6			1.0
6825.5			1.0
6826.4			1.0
6827.3			1.0
6828.200000000001			1.0
6829.1			1.0
6830.0			1.0
6830.9			1.0
6831.8			1.0
6832.700000000001			1.0
6833.6			1.0
6834.5			1.0
6835.4			1.0
6836.3			1.0
6837.200000000001			1.0
6838.1			1.0
6839.0			1.0
6839.9			1.0
6840.8			1.0
6841.700000000001			1.0
6842.6			1.0
6843.5			1.0
6844.4			1.0
6845.3			1.0
6846.200000000001			1.0
6847.1			1.0
6848.0			1.0
6848.9			1.0
6849.8			1.0
6850.700000000001			1.0
6851.6			1.0
6852.5			1.0
6853.4			1.0
6854.3			1.0
6855.200000000001			1.0
6856.1			1.0
6857.0			1.0
6857.9			1.0
6858.8			1.0
6859.700000000001			1.0
6860.6			1.0
6861.5			1.0
6862.4			1.0
6863.3			1.0
6864.200000000001			1.0
6865.1			1.0
6866.0			1.0
6866.9			1.0
6867.8			1.0
6868.700000000001			1.0
6869.6			1.0
6870.5			1.0
6871.4			1.0
6872.3			1.0
6873.200000000001			1.0
6874.1			1.0
6875.0			1.0
6875.9			1.0
6876.8			1.0
6877.700000000001			1.0
6878.6			1.006247757573309
6879.5			1.002389453641917
6880.4			0.9801284256287932
6881.3			0.9503031171731582
6882.200000000001			0.9375246393323216
6883.1			0.9524153771165145
6884.0			0.978491296048413
6884.9			1.0
6885.8			1.0043337897222655
6886.700000000001			1.0054427262241807
6887.6			1.0059971742166847
6888.5			1.0150266888841557
6889.4			1.0194422331287278
6890.3			1.004577010030673
6891.200000000001			0.9951071891538875
6892.1			1.0003941626229909
6893.0			0.9994765035540653
6893.9			1.0
6894.8			1.0
6895.700000000001			1.0
6896.6			1.0
6897.5			1.0
6898.4			1.0
6899.3			1.0
6900.200000000001			1.0
6901.1			1.0
6902.0			1.0
6902.9			1.0
6903.8			1.0
6904.700000000001			1.0
6905.6			1.0
6906.5			1.0
6907.4			1.0
6908.3			1.0
6909.200000000001			1.0
6910.1			1.0
6911.0			1.0
6911.9			1.0
6912.8			1.0
6913.700000000001			1.0
6914.6			1.0
6915.5			1.0
6916.4			1.0
6917.3			1.0
6918.200000000001			1.0
6919.1			1.0
6920.0			1.0
6920.9			1.0
6921.8			1.0
6922.700000000001			1.0
6923.6			1.0
6924.5			1.0
6925.4			1.0
6926.3			1.0
6927.200000000001			1.0
6928.1			1.0
6929.0			1.0
6929.9			1.0
6930.8			1.0
6931.700000000001			1.0
6932.6			1.0
6933.5			1.0
6934.4			1.0
6935.3			1.0
6936.200000000001			1.0
6937.1			1.0
6938.0			1.0
6938.9			1.0
6939.8			1.0
6940.700000000001			1.0
6941.6			1.0
6942.5			1.0
6943.4			1.0
6944.3			1.0
6945.200000000001			1.0
6946.1			1.0
6947.0			1.0
6947.9			1.0
6948.8			1.0
6949.700000000001			1.0
6950.6			1.0
6951.5			1.0
6952.4			1.0
6953.3			1.0
6954.200000000001			1.0
6955.1			1.0
6956.0			1.0
6956.9			1.0
6957.8			1.0
6958.700000000001			1.0
6959.6			1.0
6960.5			1.0
6961.4			1.0
6962.3			1.0
6963.200000000001			1.0
6964.1			1.0
6965.0			1.0
6965.9			1.0
6966.8			1.0
6967.700000000001			1.0
6968.6			1.0
6969.5			1.0
6970.4			1.0
6971.3			1.0
6972.200000000001			1.0
6973.1			1.0
6974.0			1.0
6974.9			0.9871424493528154
6975.8			0.9720164843451092
6976.700000000001			0.9478297820375207
6977.6			0.9073869131054288
6978.5			0.8773195909936161
6979.4			0.896936991525833
6980.3			0.9466829026885717
6981.200000000001			0.9818790731412176
6982.1			1.001427640288188
6983.0			1.0
6983.9			1.0
6984.8			1.0
6985.700000000001			1.0
6986.6			1.0
6987.5			1.0
6988.4			1.0
6989.3			1.0
6990.200000000001			1.0
6991.1			1.0
6992.0			1.0
6992.9			1.0
6993.8			1.0
6994.700000000001			1.0
6995.6			1.0
6996.5			1.0
6997.4			1.0
6998.3			1.0
6999.200000000001			1.0
7000.1			1.0
7001.0			1.0
7001.9			1.0
7002.8			1.0
7003.700000000001			1.0
7004.6			1.0
7005.5			1.0
7006.4			1.0
7007.3			1.0
7008.200000000001			1.0
7009.1			1.0
7010.0			1.0
7010.9			1.0
7011.8			1.0
7012.700000000001			1.0
7013.6			1.0
7014.5			1.0
7015.4			1.0
7016.3			1.0
7017.200000000001			1.0
7018.1			1.0
7019.0			1.0
7019.9			1.0
7020.8			1.0
7021.700000000001			1.0
7022.6			1.0
7023.5			1.0
7024.4			1.0
7025.3			1.0
7026.200000000001			1.0
7027.1			1.0
7028.0			1.0
7028.9			1.0
7029.8			1.0
7030.700000000001			1.0
7031.6			1.0
7032.5			1.0
7033.4			1.0
7034.3			1.0
7035.200000000001			1.0
7036.1			1.0
7037.0			1.0
7037.9			1.0
7038.8			1.0
7039.700000000001			1.0
7040.6			1.0
7041.5			1.0
7042.4			1.0
7043.3			1.0
7044.200000000001			1.0
7045.1			1.0
7046.0			1.0
7046.9			1.0
7047.8			1.0
7048.700000000001			1.0
7049.6			1.0
7050.5			1.0
7051.4			1.0
7052.3			1.0
7053.200000000001			1.0
7054.1			1.0
7055.0			1.0
7055.9			1.0
7056.8			1.0
7057.700000000001			1.0
7058.6			1.0
7059.5			1.0
7060.4			1.0
7061.3			1.0
7062.200000000001			1.0
7063.1			1.0
7064.0			1.0
7064.9			1.0
7065.8			1.0
7066.700000000001			1.0
7067.6			1.0
7068.5			1.0
7069.4			1.0
7070.3			1.0
7071.200000000001			1.0
7072.1			1.0
7073.0			1.0
7073.9			1.0
7074.8			1.0
7075.700000000001			1.0
7076.6			1.0
7077.5			1.0
7078.4			1.0
7079.3			1.0
7080.200000000001			1.0
7081.1			1.0
7082.0			1.0
7082.9			1.0
7083.8			1.0
7084.700000000001			1.0
7085.6			1.0
7086.5			1.0
7087.4			1.0
7088.3			1.0
7089.200000000001			1.0
7090.1			1.0
7091.0			1.0
7091.9			1.0
7092.8			1.0
7093.700000000001			1.0
7094.6			1.0
7095.5			1.0
7096.4			1.0
7097.3			1.0
7098.200000000001			1.0
7099.1			1.0
7100.0			1.0
7100.9			1.0
7101.8			1.0
7102.700000000001			1.0
7103.6			1.0
7104.5			1.0
7105.4			1.0
7106.3			1.0
7107.200000000001			1.0
7108.1			1.0
7109.0			1.0
7109.9			1.0
7110.8			1.0
7111.700000000001			1.0
7112.6			1.0
7113.5			1.0
7114.4			1.0
7115.3			1.0
7116.200000000001			1.0
7117.1			1.0
7118.0			1.0
7118.9			1.0
7119.8			1.0
7120.700000000001			1.0
7121.6			1.0
7122.5			1.0
7123.4			1.0
7124.3			1.0
7125.200000000001			1.0
7126.1			1.0
7127.0			1.0
7127.9			1.0
7128.8			1.0
7129.700000000001			1.0
7130.6			1.0
7131.5			1.0
7132.4			1.0
7133.3			1.0
7134.200000000001			1.0
7135.1			1.0
7136.0			1.0
7136.9			1.0
7137.8			1.0
7138.700000000001			1.0
7139.6			1.0
7140.5			1.0
7141.4			1.0
7142.3			1.0
7143.200000000001			1.0
7144.1			1.0
7145.0			1.0
7145.9			1.0
7146.8			1.0
7147.700000000001			1.0
7148.6			1.0
7149.5			1.0
7150.4			1.0
7151.3			1.0
7152.200000000001			1.0
7153.1			1.0
7154.0			1.0
7154.9			1.0
7155.8			1.0
7156.700000000001			1.0
7157.6			1.0
7158.5			1.0
7159.4			1.0
7160.3			1.0
7161.200000000001			1.0
7162.1			1.0
7163.0			1.0
7163.9			1.0
7164.8			1.0
7165.700000000001			1.0
7166.6			1.0
7167.5			1.0
7168.4			1.0
7169.3			1.0
7170.200000000001			1.0
7171.1			1.0
7172.0			1.0
7172.9			1.0
7173.8			1.0
7174.700000000001			1.0
7175.6			1.0
7176.5			1.0
7177.4			1.0
7178.3			1.0
7179.200000000001			1.0
7180.1			1.0
7181.0			1.0
7181.9			1.0
7182.8			1.0
7183.700000000001			1.0
7184.6			1.0
7185.5			1.0
7186.4			1.0
7187.3			1.0
7188.200000000001			1.0
7189.1			1.0
7190.0			1.0
7190.9			1.0
7191.8			1.0
7192.700000000001			1.0
7193.6			1.0
7194.5			1.0
7195.4			1.0
7196.3			1.0
7197.200000000001			1.0
7198.1			1.0
7199.0			1.0
7199.9			1.0
7200.8			1.0
7201.700000000001			1.0
7202.6			1.0
7203.5			1.0
7204.4			1.0
7205.3			1.0
7206.200000000001			1.0
7207.1			1.0
7208.0			1.0
7208.9			1.0
7209.8			1.0
7210.700000000001			1.0
7211.6			1.0
7212.5			1.0
7213.4			1.0
7214.3			1.0
7215.200000000001			1.0
7216.1			1.0
7217.0			1.0
7217.9			1.0
7218.8			1.0
7219.700000000001			1.0
7220.6			1.0
7221.5			1.0
7222.4			1.0
7223.3			1.0
7224.200000000001			1.0
7225.1			1.0
7226.0			1.0
7226.9			1.0
7227.8			1.0
7228.700000000001			1.0
7229.6			1.0
7230.5			1.0
7231.4			1.0
7232.3			1.0
7233.200000000001			1.0
7234.1			1.0
7235.0			1.0
7235.9			1.0
7236.8			1.0
7237.700000000001			1.0
7238.6			1.0
7239.5			1.0
7240.4			1.0
7241.3			1.0
7242.200000000001			1.0
7243.1			1.0
7244.0			1.0
7244.9			1.0
7245.8			1.0
7246.700000000001			1.0
7247.6			1.0
7248.5			1.0
7249.4			1.0
7250.3			1.0
7251.200000000001			1.0
7252.1			1.0
7253.0			1.0
7253.9			1.0
7254.8			1.0
7255.700000000001			1.0
7256.6			1.0
7257.5			1.0
7258.4			1.0
7259.3			1.0
7260.200000000001			1.0
7261.1			1.0
7262.0			1.0
7262.9			1.0
7263.8			1.0
7264.700000000001			1.0
7265.6			1.0
7266.5			1.0
7267.4			1.0
7268.3			1.0
7269.200000000001			1.0
7270.1			1.0
7271.0			1.0
7271.9			1.0
7272.8			1.0
7273.700000000001			1.0
7274.6			1.0
7275.5			1.0
7276.4			1.0
7277.3			1.0
7278.200000000001			1.0
7279.1			1.0
7280.0			1.0
7280.9			1.0
7281.8			1.0
7282.700000000001			1.0
7283.6			1.0
7284.5			1.0
7285.4			1.0
7286.3			1.0
7287.200000000001			1.0
7288.1			1.0
7289.0			1.0
7289.9			1.0
7290.8			1.0
7291.700000000001			1.0
7292.6			1.0
7293.5			1.0
7294.4			1.0
7295.3			1.0
7296.200000000001			1.0
7297.1			1.0
7298.0			1.0
7298.9			1.0
7299.8			1.0
7300.700000000001			1.0
7301.6			1.0
7302.5			1.0
7303.4			1.0
7304.3			1.0
7305.200000000001			1.0
7306.1			1.0
7307.0			1.0
7307.9			1.0
7308.8			1.0
7309.700000000001			1.0
7310.6			1.0
7311.5			1.0
7312.4			1.0
7313.3			1.0
7314.200000000001			1.0
7315.1			1.0
7316.0			1.0
7316.9			1.0
7317.8			1.0
7318.700000000001			1.0
7319.6			1.0
7320.5			1.0
7321.4			1.0
7322.3			1.0
7323.200000000001			1.0
7324.1			1.0
7325.0			1.0
7325.9			1.0
7326.8			1.0
7327.700000000001			1.0
7328.6			1.0
7329.5			1.0
7330.4			1.0
7331.3			1.0
7332.200000000001			1.0
7333.1			1.0
7334.0			1.0
7334.9			1.0
7335.8			1.0
7336.700000000001			1.0
7337.6			1.0
7338.5			1.0
7339.4			1.0
7340.3			1.0
7341.200000000001			1.0
7342.1			1.0
7343.0			1.0
7343.9			1.0
7344.8			1.0
7345.700000000001			1.0
7346.6			1.0
7347.5			1.0
7348.4			1.0
7349.3			1.0
7350.200000000001			1.0
7351.1			1.0
7352.0			1.0
7352.9			1.0
7353.8			1.0
7354.700000000001			1.0
7355.6			1.0
7356.5			1.0
7357.4			1.0
7358.3			1.0
7359.200000000001			1.0
7360.1			1.0
7361.0			1.0
7361.9			1.0
7362.8			1.0
7363.700000000001			1.0
7364.6			1.0
7365.5			1.0
7366.4			1.0
7367.3			1.0
7368.200000000001			1.0
7369.1			1.0
7370.0			1.0
7370.9			1.0
7371.8			1.0
7372.700000000001			1.0
7373.6			1.0
7374.5			1.0
7375.4			1.0
7376.3			1.0
7377.200000000001			1.0
7378.1			1.0
7379.0			1.0
7379.9			1.0
7380.8			1.0
7381.700000000001			1.0
7382.6			1.0
7383.5			1.0
7384.4			1.0
7385.3			1.0
7386.200000000001			1.0
7387.1			1.0
7388.0			1.0
7388.9			1.0
7389.8			1.0
7390.700000000001			1.0
7391.6			1.0
7392.5			1.0
7393.4			1.0
7394.3			1.0
7395.200000000001			1.0
7396.1			1.0
7397.0			1.0
7397.9			1.0
7398.8			1.0
7399.700000000001			1.0
7400.6			1.0
7401.5			1.0
7402.4			1.0
7403.3			1.0
7404.200000000001			1.0
7405.1			1.0
7406.0			1.0
7406.9			1.0
7407.8			1.0
7408.700000000001			1.0
7409.6			1.0
7410.5			1.0
7411.4			1.0
7412.3			1.0
7413.200000000001			1.0
7414.1			1.0
7415.0			1.0
7415.9			1.0
7416.8			1.0
7417.700000000001			1.0
7418.6			1.0
7419.5			1.0
7420.4			1.0
7421.3			1.0
7422.200000000001			1.0
7423.1			1.0
7424.0			1.0
7424.9			1.0
7425.8			1.0
7426.700000000001			1.0
7427.6			1.0
7428.5			1.0
7429.4			1.0
