3500.0			1.0
3500.9			1.0
3501.8			1.0
3502.7			1.0
3503.6			1.0
3504.5			1.0
3505.4			1.0
3506.3			1.0
3507.2			1.0
3508.1			1.0
3509.0			1.0
3509.9			1.0
3510.8			1.0
3511.7			1.0
3512.6			1.0
3513.5			1.0
3514.4			1.0
3515.3			1.0
3516.2			1.0
3517.1			1.0
3518.0			1.0
3518.9			1.0
3519.8			1.0
3520.7			1.0
3521.6			1.0
3522.5			1.0
3523.4			1.0
3524.3			1.0
3525.2			1.0
3526.1			1.0
3527.0			1.0
3527.9			1.0
3528.8			1.0
3529.7			1.0
3530.6			1.0
3531.5			1.0
3532.4			1.0
3533.3			1.0
3534.2			1.0
3535.1			1.0
3536.0			1.0
3536.9			1.0
3537.8			1.0
3538.7			1.0
3539.6			1.0
3540.5			1.0
3541.4			1.0
3542.3			1.0
3543.2			1.0
3544.1			1.0
3545.0			1.0
3545.9			1.0
3546.8			1.0
3547.7			1.0
3548.6			1.0
3549.5			1.0
3550.4			1.0
3551.3			1.0
3552.2			1.0
3553.1			1.0
3554.0			1.0
3554.9			1.0
3555.8			1.0
3556.7			1.0
3557.6			1.0
3558.5			1.0
3559.4			1.0
3560.3			1.0
3561.2			1.0
3562.1			1.0
3563.0			1.0
3563.9			1.0
3564.8			1.0
3565.7			1.0
3566.6			1.0
3567.5			1.0
3568.4			1.0
3569.3			1.0
3570.2			1.0
3571.1			1.0
3572.0			1.0
3572.9			1.0
3573.8			1.0
3574.7			1.0
3575.6			1.0
3576.5			1.0
3577.4			1.0
3578.3			1.0
3579.2			1.0
3580.1			1.0
3581.0			1.0
3581.9			1.0
3582.8			1.0
3583.7			1.0
3584.6			1.0
3585.5			1.0
3586.4			1.0
3587.3			1.0
3588.2			1.0
3589.1			1.0
3590.0			1.0
3590.9			1.0
3591.8			1.0
3592.7			1.0
3593.6			1.0
3594.5			1.0
3595.4			1.0
3596.3			1.0
3597.2			1.0
3598.1			1.0
3599.0			1.0
3599.9			1.0
3600.8			1.0
3601.7			1.0
3602.6			1.0
3603.5			1.0
3604.4			1.0
3605.3			1.0
3606.2			1.0
3607.1			1.0
3608.0			1.0
3608.9			1.0
3609.8			1.0
3610.7			1.0
3611.6			1.0
3612.5			1.0
3613.4			1.0
3614.3			1.0
3615.2			1.0
3616.1			1.0
3617.0			1.0
3617.9			1.0
3618.8			1.0
3619.7			1.0
3620.6			1.0
3621.5			1.0
3622.4			1.0
3623.3			1.0
3624.2			1.0
3625.1			1.0
3626.0			1.0
3626.9			1.0
3627.8			1.0
3628.7			1.0
3629.6			1.0
3630.5			1.0
3631.4			1.0
3632.3			1.0
3633.2			1.0
3634.1			1.0
3635.0			1.0
3635.9			1.0
3636.8			1.0
3637.7			1.0
3638.6			1.0
3639.5			1.0
3640.4			1.0
3641.3			1.0
3642.2			1.0
3643.1			1.0
3644.0			1.0
3644.9			1.0
3645.8			1.0
3646.7			1.0
3647.6			1.0
3648.5			1.0
3649.4			1.0
3650.3			1.0
3651.2			1.0
3652.1			1.0
3653.0			1.0
3653.9			1.0
3654.8			1.0
3655.7			1.0
3656.6			1.0
3657.5			1.0
3658.4			1.0
3659.3			1.0
3660.2			1.0
3661.1			1.0
3662.0			1.0
3662.9			1.0
3663.8			1.0
3664.7			1.0
3665.6			1.0
3666.5			1.0
3667.4			1.0
3668.3			1.0
3669.2			1.0
3670.1			1.0
3671.0			1.0
3671.9			1.0
3672.8			1.0
3673.7			1.0
3674.6			1.0
3675.5			1.0
3676.4			1.0
3677.3			1.0
3678.2			1.0
3679.1			1.0
3680.0			1.0
3680.9			1.0
3681.8			1.0
3682.7			1.0
3683.6			1.0
3684.5			1.0
3685.4			1.0
3686.3			1.0
3687.2			1.0
3688.1			1.0
3689.0			1.0
3689.9			1.0
3690.8			1.0
3691.7			1.0
3692.6			1.0
3693.5			1.0
3694.4			1.0
3695.3			1.0
3696.2			1.0
3697.1			1.0
3698.0			1.0
3698.9			1.0
3699.8			1.0
3700.7			1.0
3701.6			1.0
3702.5			1.0
3703.4			1.0
3704.3			1.0
3705.2			1.0
3706.1			1.0
3707.0			1.0
3707.9			1.0
3708.8			1.0
3709.7			1.0
3710.6			1.0
3711.5			1.0
3712.4			1.0
3713.3			1.0
3714.2			1.0
3715.1			1.0
3716.0			1.0
3716.9			1.0
3717.8			1.0
3718.7			1.0
3719.6			1.0
3720.5			1.0
3721.4			1.0
3722.3			1.0
3723.2			1.0
3724.1			1.0
3725.0			1.0
3725.9			1.0
3726.8			1.0
3727.7			1.0
3728.6			1.0
3729.5			1.0
3730.4			1.0
3731.3			1.0
3732.2			1.0
3733.1			1.0
3734.0			1.0
3734.9			1.0
3735.8			1.0
3736.7			1.0
3737.6			1.0
3738.5			1.0
3739.4			1.0
3740.3			1.0
3741.2			1.0
3742.1			1.0
3743.0			1.0
3743.9			1.0
3744.8			1.0
3745.7			1.0
3746.6			1.0
3747.5			1.0
3748.4			1.0
3749.3			1.0
3750.2			1.0
3751.1			1.0
3752.0			1.0
3752.9			1.0
3753.8			1.0
3754.7			1.0
3755.6			1.0
3756.5			1.0
3757.4			1.0
3758.3			1.0
3759.2			1.0
3760.1			1.0
3761.0			1.0
3761.9			1.0
3762.8			1.0
3763.7			1.0
3764.6			1.0
3765.5			1.0
3766.4			1.0
3767.3			1.0
3768.2			1.0
3769.1			1.0
3770.0			1.0
3770.9			1.0
3771.8			1.0
3772.7			1.0
3773.6			1.0
3774.5			1.0
3775.4			1.0
3776.3			1.0
3777.2			1.0
3778.1			1.0
3779.0			1.0
3779.9			1.0
3780.8			1.0
3781.7			1.0
3782.6			1.0
3783.5			1.0
3784.4			1.0
3785.3			1.0
3786.2			1.0
3787.1			1.0
3788.0			1.0
3788.9			1.0
3789.8			1.0
3790.7			1.0
3791.6			1.0
3792.5			1.0
3793.4			1.0
3794.3			1.0
3795.2			1.0
3796.1			1.0
3797.0			1.0
3797.9			1.0
3798.8			1.0
3799.7			1.0
3800.6			1.0
3801.5			1.0
3802.4			1.0
3803.3			1.0
3804.2			1.0
3805.1			1.0
3806.0			1.0
3806.9			1.0
3807.8			1.0
3808.7			1.0
3809.6			1.0
3810.5			1.0
3811.4			1.0
3812.3			1.0
3813.2			1.0
3814.1			1.0
3815.0			1.0
3815.9			1.0
3816.8			1.0
3817.7			1.0
3818.6			1.0
3819.5			1.0
3820.4			1.0
3821.3			1.0
3822.2			1.0
3823.1			1.0
3824.0			1.0
3824.9			1.0
3825.8			1.0
3826.7			1.0
3827.6			1.0
3828.5			1.0
3829.4			1.0
3830.3			1.0
3831.2			1.0
3832.1			1.0
3833.0			1.0
3833.9			1.0
3834.8			1.0
3835.7			1.0
3836.6			1.0
3837.5			1.0
3838.4			1.0
3839.3			1.0
3840.2			1.0
3841.1			1.0
3842.0			1.0
3842.9			1.0
3843.8			1.0
3844.7			1.0
3845.6			1.0
3846.5			1.0
3847.4			1.0
3848.3			1.0
3849.2			1.0
3850.1			1.0
3851.0			1.0
3851.9			1.0
3852.8			1.0
3853.7			1.0
3854.6			1.0
3855.5			1.0
3856.4			1.0
3857.3			1.0
3858.2			1.0
3859.1			1.0
3860.0			1.0
3860.9			1.0
3861.8			1.0
3862.7			1.0
3863.6			1.0
3864.5			1.0
3865.4			1.0
3866.3			1.0
3867.2			1.0
3868.1			1.0
3869.0			1.0
3869.9			1.0
3870.8			1.0
3871.7			1.0
3872.6			1.0
3873.5			1.0
3874.4			1.0
3875.3			1.0
3876.2			1.0
3877.1			1.0
3878.0			1.0
3878.9			1.0
3879.8			1.0
3880.7			1.0
3881.6			1.0
3882.5			1.0
3883.4			1.0
3884.3			1.0
3885.2			1.0
3886.1			1.0
3887.0			1.0
3887.9			1.0
3888.8			1.0
3889.7			1.0
3890.6			1.0
3891.5			1.0
3892.4			1.0
3893.3			1.0
3894.2			1.0
3895.1			1.0
3896.0			1.0
3896.9			1.0
3897.8			1.0
3898.7			1.0
3899.6			1.0
3900.5			1.0
3901.4			1.0
3902.3			1.0
3903.2			1.0
3904.1			1.0
3905.0			1.0
3905.9			1.0
3906.8			1.0
3907.7			1.0
3908.6			1.0
3909.5			1.0
3910.4			1.0
3911.3			1.0
3912.2			1.0
3913.1			1.0
3914.0			1.0
3914.9			1.0
3915.8			1.0
3916.7			1.0
3917.6			1.0
3918.5			1.0
3919.4			1.0
3920.3			1.0
3921.2			1.0
3922.1			1.0
3923.0			1.0
3923.9			1.0
3924.8			1.0
3925.7			1.0
3926.6			1.0
3927.5			1.0
3928.4			1.0
3929.3			1.0
3930.2			1.0
3931.1			1.0
3932.0			1.0
3932.9			1.0
3933.8			1.0
3934.7			1.0
3935.6			1.0
3936.5			1.0
3937.4			1.0
3938.3			1.0
3939.2			1.0
3940.1			1.0
3941.0			1.0
3941.9			1.0
3942.8			1.0
3943.7			1.0
3944.6			1.0
3945.5			1.0
3946.4			1.0
3947.3			1.0
3948.2			1.0
3949.1			1.0
3950.0			1.0
3950.9			1.0
3951.8			1.0
3952.7			1.0
3953.6			1.0
3954.5			1.0
3955.4			1.0
3956.3			1.0
3957.2			1.0
3958.1			1.0
3959.0			1.0
3959.9			1.0
3960.8			1.0
3961.7			1.0
3962.6			1.0
3963.5			1.0
3964.4			1.0
3965.3			1.0
3966.2			1.0
3967.1			1.0
3968.0			1.0
3968.9			1.0
3969.8			1.0
3970.7			1.0
3971.6			1.0
3972.5			1.0
3973.4			1.0
3974.3			1.0
3975.2			1.0
3976.1			1.0
3977.0			1.0
3977.9			1.0
3978.8			1.0
3979.7			1.0
3980.6			1.0
3981.5			1.0
3982.4			1.0
3983.3			1.0
3984.2			1.0
3985.1			1.0
3986.0			1.0
3986.9			1.0
3987.8			1.0
3988.7			1.0
3989.6			1.0
3990.5			1.0
3991.4			1.0
3992.3			1.0
3993.2			1.0
3994.1			1.0
3995.0			1.0
3995.9			1.0
3996.8			1.0
3997.7			1.0
3998.6			1.0
3999.5			1.0
4000.4			1.0
4001.3			1.0
4002.2			1.0
4003.1			1.0048832310589784
4004.0			0.9381244056370053
4004.9			0.8444918250977123
4005.8			0.8262267330927553
4006.7			0.8902747830119161
4007.6			0.9668849800956872
4008.5			1.0011056899186053
4009.4			1.0
4010.3			1.0
4011.2			1.0
4012.1			1.0
4013.0			1.0
4013.9			1.0
4014.8			1.0
4015.7			1.0
4016.6			1.0
4017.5			1.0
4018.4			1.0
4019.3			1.0
4020.2			1.0
4021.1			1.0
4022.0			1.0
4022.9			1.0
4023.8			1.0
4024.7			1.0
4025.6			1.0
4026.5			1.0
4027.4			1.0257631328233847
4028.3			1.0030825598203454
4029.2			0.9323119202230528
4030.1			0.8290120867694162
4031.0			0.7603886163473617
4031.9			0.7559313259491972
4032.8			0.7823768688485085
4033.7			0.824211105070781
4034.6			0.8845610425849927
4035.5			0.9499106641246929
4036.4			0.9996862323466095
4037.3			1.0
4038.2			1.0
4039.1			1.0
4040.0			1.0
4040.9			1.0
4041.8			1.0
4042.7			0.9986987980821012
4043.6			0.9099327981356714
4044.5			0.7873884455146651
4045.4			0.7577098370504122
4046.3			0.8654529825407558
4047.2			1.0
4048.1			1.0184460812949325
4049.0			0.9776806968708327
4049.9			0.9587653440971549
4050.8			0.9564264519086005
4051.7			0.9392372668427053
4052.6			0.9009356357656375
4053.5			0.8601020301696556
4054.4			0.8496237548941384
4055.3			0.8750771328903998
4056.2			0.8920118479768168
4057.1			0.8808640985799812
4058.0			0.8822995256136286
4058.9			0.9248080946658002
4059.8			1.0
4060.7			1.0280839164242552
4061.6			0.9718708526761707
4062.5			0.8725752292033292
4063.4			0.8473452320427715
4064.3			0.9311842378462991
4065.2			1.009533906806922
4066.1			1.0019580082827306
4067.0			1.0
4067.9			1.0
4068.8			1.0
4069.7			1.0
4070.6			1.0
4071.5			1.0
4072.4			1.0
4073.3			1.0356723703895698
4074.2			0.9978865197159892
4075.1			0.8862504114583398
4076.0			0.7505215625042256
4076.9			0.6678298840897765
4077.8			0.6961679618614491
4078.7			0.8046392817884845
4079.6			0.9187411350967108
4080.5			1.0010983102177942
4081.4			1.0
4082.3			1.0
4083.2			1.0
4084.1			1.0
4085.0			1.0
4085.9			1.0
4086.8			1.0
4087.7			1.0
4088.6			1.0
4089.5			1.0
4090.4			1.0
4091.3			1.0
4092.2			1.0
4093.1			1.0
4094.0			1.0
4094.9			1.0
4095.8			1.0
4096.7			0.9666936156941381
4097.6			0.9585694484125302
4098.5			0.9238676482051014
4099.4			0.8332806190091783
4100.3			0.70217115705951
4101.2			0.6216181408988767
4102.1			0.6700456853953075
4103.0			0.7975484475183531
4103.9			0.9041299829837313
4104.8			0.9652027985078537
4105.7			0.9947677642753032
4106.6			1.0
4107.5			1.0
4108.4			1.0
4109.3			1.0
4110.2			1.0
4111.1			1.0
4112.0			1.0
4112.9			1.0
4113.8			1.0
4114.7			1.0
4115.6			1.0
4116.5			1.0
4117.4			1.0
4118.3			1.0
4119.2			1.0
4120.1			1.0
4121.0			1.0
4121.9			1.0
4122.8			1.0
4123.7			1.0377191143519742
4124.6			1.072340298734919
4125.5			1.0580689542889872
4126.4			0.9993623416103469
4127.3			0.9422582261152702
4128.2			0.921971100149216
4129.1			0.9379554958981139
4130.0			0.9675567570007261
4130.9			0.9717948260671231
4131.8			0.938592475261776
4132.7			0.9173830975584093
4133.6			0.9459943642665439
4134.5			1.0207657201701819
4135.4			1.0952068091740916
4136.3			1.1104771279387868
4137.2			1.1113414580302645
4138.1			1.1654256576835649
4139.0			1.2204058626385306
4139.9			1.0
4140.8			0.9397691513811528
4141.7			0.8414817855465959
4142.6			0.761369125508803
4143.5			0.7676113675904767
4144.4			0.8563815298147205
4145.3			0.9497347146066245
4146.2			0.9971663678452672
4147.1			1.0
4148.0			1.0
4148.9			1.0
4149.8			1.0
4150.7			1.0212282499526388
4151.6			1.0422373579787596
4152.5			1.024362644206655
4153.4			0.980333732046121
4154.3			0.9430922732699814
4155.2			0.9219419091690841
4156.1			0.9165755536146745
4157.0			0.9481968766848712
4157.9			1.0025258452755004
4158.8			1.0257149813227635
4159.7			0.995231046409117
4160.6			1.0
4161.5			1.0
4162.4			1.0
4163.3			1.0
4164.2			0.9887942018629076
4165.1			0.9950969921049694
4166.0			0.9885121153844008
4166.9			0.978122607071622
4167.8			1.0084587648076282
4168.7			1.049708801171391
4169.6			1.0409923734285593
4170.5			0.9751667910402476
4171.4			0.8689332354950939
4172.3			0.7803716057786044
4173.2			0.7763368663370253
4174.1			0.8452436130688469
4175.0			0.9109246627705823
4175.9			0.919682227256543
4176.8			0.8733799683130299
4177.7			0.8350818596941287
4178.6			0.8745749188969756
4179.5			0.9599882929396716
4180.4			1.0058013551829312
4181.3			1.0016361850826452
4182.2			0.9976269743632792
4183.1			1.0
4184.0			1.0
4184.9			1.0
4185.8			1.0
4186.7			0.9329788277142887
4187.6			0.9219128802238897
4188.5			0.9687797916956776
4189.4			0.9868538337653332
4190.3			0.9626143073355135
4191.2			0.9620359659466531
4192.1			1.0151638891539931
4193.0			1.0588615164478947
4193.9			1.0252036177040071
4194.8			0.9340140109676245
4195.7			0.8595978601805839
4196.6			0.8295778351287229
4197.5			0.8181459811447721
4198.4			0.832567978353102
4199.3			0.8868028272059401
4200.2			0.9204336320032105
4201.1			0.892858933587332
4202.0			0.8623511572711507
4202.9			0.8652456434556991
4203.8			0.8655991502071188
4204.7			0.8651222591381416
4205.6			0.904290498041541
4206.5			0.970376801096157
4207.4			1.009916478216549
4208.3			0.9997920530255147
4209.2			1.0
4210.1			1.0
4211.0			1.0
4211.9			1.0
4212.8			0.9703663091507577
4213.7			0.8818217252368078
4214.6			0.7801865601011662
4215.5			0.7607871528335742
4216.4			0.8509762793495109
4217.3			0.9547488863546936
4218.2			0.9921963921944845
4219.1			1.0
4220.0			1.0
4220.9			1.0
4221.8			1.0
4222.7			0.9145169310548544
4223.6			0.8458138863805651
4224.5			0.7721801592656491
4225.4			0.6838378492429658
4226.3			0.650517946532154
4227.2			0.740874824104336
4228.1			0.8950613049787515
4229.0			0.9895963886278972
4229.9			1.0034949895775933
4230.8			1.0
4231.7			1.0
4232.6			1.0
4233.5			1.0
4234.4			1.0
4235.3			1.0
4236.2			1.0
4237.1			1.0
4238.0			1.0
4238.9			1.0
4239.8			1.0
4240.7			1.0
4241.6			1.0
4242.5			1.0
4243.4			1.024930441539751
4244.3			1.0324318963161427
4245.2			0.9784041936814033
4246.1			0.9035818108698868
4247.0			0.8825012388437616
4247.9			0.9237809827187649
4248.8			0.9649139098802824
4249.7			0.9726231700474428
4250.6			0.9948559829273359
4251.5			1.0
4252.4			1.0
4253.3			1.0
4254.2			1.0
4255.1			1.0
4256.0			1.02729132046636
4256.9			1.0293301816591263
4257.8			0.9646788913312019
4258.7			0.890023764752898
4259.6			0.851507361378137
4260.5			0.8557597720755267
4261.4			0.9094339201035749
4262.3			0.9791309823041147
4263.2			1.0113573437977894
4264.1			1.0
4265.0			1.0
4265.9			1.011122757653524
4266.8			0.9765788796087502
4267.7			0.9249159300186418
4268.6			0.8847189938107476
4269.5			0.8407467060617122
4270.4			0.7781423024707169
4271.3			0.7421066888635308
4272.2			0.7762188042899353
4273.1			0.8180894036283999
4274.0			0.8259286789030393
4274.9			0.859867336017428
4275.8			0.9382227330032885
4276.7			0.9992358554308677
4277.6			1.0
4278.5			1.0
4279.4			1.0
4280.3			1.0
4281.2			1.0
4282.1			1.020002137120927
4283.0			1.0290974634873438
4283.9			1.0092921633290437
4284.8			0.9581164345204255
4285.7			0.9231465948165237
4286.6			0.9147015151831214
4287.5			0.8846143319429979
4288.4			0.8065491955366747
4289.3			0.7269702622855084
4290.2			0.7329895268679826
4291.1			0.833628435814715
4292.0			0.9362468238651457
4292.9			0.9601171299813132
4293.8			0.9176893836073023
4294.7			0.8724246619498641
4295.6			0.8441949004779018
4296.5			0.8152377257348912
4297.4			0.7686420775580843
4298.3			0.6859640833764821
4299.2			0.6032372964263389
4300.1			0.5892952916494483
4301.0			0.6187437405688594
4301.9			0.6302616920213856
4302.8			0.6415251697590236
4303.7			0.671032068419599
4304.6			0.6924892112024014
4305.5			0.7011102121142202
4306.4			0.6957021713782013
4307.3			0.6621065212400479
4308.2			0.6297290435752411
4309.1			0.6441178854853831
4310.0			0.6978817683247278
4310.9			0.7458489103782703
4311.8			0.7572751926627077
4312.7			0.738677527226346
4313.6			0.728324957371164
4314.5			0.7791893302566254
4315.4			0.8897800384001551
4316.3			0.9819230888237737
4317.2			1.0104648125534026
4318.1			0.999703818935053
4319.0			1.0
4319.9			1.0
4320.8			1.0
4321.7			0.9848410628255745
4322.6			0.9440811038359054
4323.5			0.8465834228396149
4324.4			0.742254221083735
4325.3			0.7079746411576117
4326.2			0.783128943413244
4327.1			0.9185708360507475
4328.0			1.009657440670441
4328.9			0.9925049603657102
4329.8			1.0
4330.7			1.0
4331.6			1.0
4332.5			1.0
4333.4			1.0
4334.3			1.0378397433346351
4335.2			1.0294252985522936
4336.1			0.9125541410431202
4337.0			0.7460173912745353
4337.9			0.6328085058416106
4338.8			0.5643137116057754
4339.7			0.5199181125482752
4340.6			0.5778766777404793
4341.5			0.7409149192713247
4342.4			0.8659445455699981
4343.3			0.8984559368672126
4344.2			0.936595156121146
4345.1			1.0055220323755156
4346.0			1.0
4346.9			1.0
4347.8			1.0
4348.7			1.0295740490691014
4349.6			0.963745012170458
4350.5			0.8305077805439985
4351.4			0.7665443633171765
4352.3			0.8351986321210327
4353.2			0.9426341221461777
4354.1			1.0020170673547066
4355.0			1.0
4355.9			1.0
4356.8			1.0
4357.7			1.0
4358.6			1.0
4359.5			1.0
4360.4			1.0
4361.3			1.0
4362.2			1.0
4363.1			1.0
4364.0			1.0
4364.9			1.0
4365.8			1.0
4366.7			1.0
4367.6			1.0
4368.5			1.0
4369.4			1.0
4370.3			1.0
4371.2			1.0158664737121974
4372.1			0.9853070326352926
4373.0			0.8800104049518247
4373.9			0.7712511960177775
4374.8			0.7712775598216454
4375.7			0.8820054436233172
4376.6			1.0021449966161207
4377.5			1.0
4378.4			1.0
4379.3			1.0
4380.2			1.008234634357469
4381.1			0.9976419973786383
4382.0			0.8925562430929294
4382.9			0.7360378943915091
4383.8			0.6612988351654204
4384.7			0.7256565108501766
4385.6			0.8615329496880173
4386.5			0.9586429394548375
4387.4			0.9899517891618907
4388.3			1.0
4389.2			1.0
4390.1			1.0
4391.0			1.0
4391.9			1.0
4392.8			1.0
4393.7			1.0
4394.6			1.0
4395.5			1.0
4396.4			1.0
4397.3			1.0
4398.2			0.9230458117608382
4399.1			0.8275012782988532
4400.0			0.7875961618266993
4400.9			0.8642685755421008
4401.8			0.9964925359921509
4402.7			1.0
4403.6			1.0
4404.5			1.0
4405.4			1.0
4406.3			1.0
4407.2			1.0
4408.1			1.0
4409.0			1.0
4409.9			1.0
4410.8			1.0638075231584032
4411.7			1.1042572101082193
4412.6			1.09189644403021
4413.5			0.9964254041908391
4414.4			0.8765099812506673
4415.3			0.8237201344130469
4416.2			0.8303127675657449
4417.1			0.844141087987994
4418.0			0.8849829171205286
4418.9			0.9601295981689598
4419.8			0.9935802794537203
4420.7			1.0
4421.6			1.0
4422.5			1.0
4423.4			1.0
4424.3			1.0
4425.2			1.0
4426.1			1.0
4427.0			1.0
4427.9			0.985559353179784
4428.8			0.965123934719459
4429.7			0.9297203719773158
4430.6			0.9271449740325111
4431.5			0.9588536951071225
4432.4			0.9593287826239931
4433.3			0.9114125279632308
4434.2			0.8626721303885799
4435.1			0.8731906963474583
4436.0			0.9587857756418146
4436.9			1.0644808962735108
4437.8			1.127878955656322
4438.7			1.0
4439.6			0.9629694218990662
4440.5			0.8959502130997087
4441.4			0.817031367862947
4442.3			0.7494546920350371
4443.2			0.7416116853761104
4444.1			1.0
4445.0			1.1202559757416524
4445.9			1.1716550811749917
4446.8			1.1713552763617896
4447.7			1.1749816294916768
4448.6			1.1494554544362012
4449.5			1.0799813116057357
4450.4			1.045759862953266
4451.3			1.076303506716825
4452.2			1.096647313597168
4453.1			1.0462058583662728
4454.0			0.9541740184566597
4454.9			0.8997811607274019
4455.8			0.9145473180145538
4456.7			0.9494953301845541
4457.6			0.9585784751625637
4458.5			0.9531854697594676
4459.4			0.9472499028069756
4460.3			0.9176738080850353
4461.2			0.8829707097492603
4462.1			0.9075011471612738
4463.0			0.9714150959597881
4463.9			1.0003119040155135
4464.8			1.0
4465.7			0.997189955469943
4466.6			0.9780889450492508
4467.5			0.9284782406526877
4468.4			0.8801922123798833
4469.3			0.8827978168615012
4470.2			0.9329654322488191
4471.1			0.9997951321310724
4472.0			1.0
4472.9			1.0
4473.8			1.0
4474.7			1.0
4475.6			1.0
4476.5			1.0
4477.4			1.0086215946354726
4478.3			0.9533872853025086
4479.2			0.8590266851411238
4480.1			0.791652426946561
4481.0			0.7814805979968568
4481.9			0.8245441401215146
4482.8			0.8954802918738347
4483.7			0.9582389341025181
4484.6			0.9993254401607141
4485.5			1.0
4486.4			1.0
4487.3			1.0
4488.2			1.0
4489.1			1.0
4490.0			1.0
4490.9			1.0
4491.8			1.0520622002166486
4492.7			1.0359491956891789
4493.6			0.9719404624706871
4494.5			0.9287765889723925
4495.4			0.9261137489046349
4496.3			0.9506086443012113
4497.2			1.0015861415403482
4498.1			1.0
4499.0			1.0
4499.9			1.0
4500.8			1.0
4501.7			1.0
4502.6			1.0
4503.5			1.0
4504.4			1.0
4505.3			1.0
4506.2			1.0
4507.1			1.0
4508.0			1.0
4508.9			1.0
4509.8			1.0
4510.7			1.0
4511.6			1.0
4512.5			1.0
4513.4			1.0
4514.3			1.0
4515.2			1.0
4516.1			1.0
4517.0			1.0
4517.9			1.0
4518.8			1.0
4519.7			1.037360819793555
4520.6			1.0603648461978739
4521.5			1.0248266014403267
4522.4			0.961429666752593
4523.3			0.9529596892885372
4524.2			0.9646712834251299
4525.1			0.9443362105897165
4526.0			0.9214196415062156
4526.9			0.914775953329082
4527.8			0.9122707780986197
4528.7			0.9131200429061112
4529.6			0.9317295103440322
4530.5			0.9717425255406901
4531.4			1.0142161129940364
4532.3			1.0023194707183551
4533.2			0.9220897542162194
4534.1			0.8663187536619046
4535.0			0.9067216069853357
4535.9			1.0278125608015123
4536.8			1.1561187186142725
4537.7			1.1987965538282086
4538.6			1.1498968840413288
4539.5			1.0786847893116618
4540.4			1.0394517533692693
4541.3			1.0602567064229844
4542.2			1.1183000256593398
4543.1			1.1305083956655801
4544.0			1.0756664561298093
4544.9			1.046341076931023
4545.8			1.087252242904246
4546.7			1.1226988895763064
4547.6			1.0852520367806913
4548.5			1.0029546103453704
4549.4			1.0
4550.3			1.0503535944450049
4551.2			1.098082481250732
4552.1			1.0649846036956534
4553.0			0.9832562378183631
4553.9			0.9067757844267322
4554.8			0.8853365086474093
4555.7			0.935750922405977
4556.6			1.008844389415377
4557.5			1.0364213595802916
4558.4			1.0201794570086313
4559.3			1.0048898873682757
4560.2			1.0
4561.1			1.0
4562.0			0.976562566198202
4562.9			0.9030443869431795
4563.8			0.8346555741974485
4564.7			0.8292649822536665
4565.6			0.8804934323896328
4566.5			0.9506970918696345
4567.4			1.0002151101353316
4568.3			1.0
4569.2			1.0
4570.1			1.0
4571.0			1.0
4571.9			1.0
4572.8			1.0
4573.7			1.0
4574.6			1.0
4575.5			1.0
4576.4			1.006630294306283
4577.3			1.0016835426879809
4578.2			0.9650414700078774
4579.1			0.9078314188255645
4580.0			0.8700115746179817
4580.9			0.8656407813386273
4581.8			0.8560941468014
4582.7			0.8283352459969676
4583.6			0.8321673877739258
4584.5			1.0
4585.4			1.0465411929329937
4586.3			1.0769832943607536
4587.2			1.1012752255318712
4588.1			1.1106326740102397
4589.0			1.0976081866796166
4589.9			1.0579586287977976
4590.8			0.9996668877391859
4591.7			0.9566802716899665
4592.6			0.9546267914288584
4593.5			0.9712458666372324
4594.4			0.971256349840615
4595.3			0.9636314848255227
4596.2			0.969697255904385
4597.1			0.9852495954895336
4598.0			1.0001253015201186
4598.9			1.0
4599.8			1.0
4600.7			1.0
4601.6			1.0
4602.5			1.0
4603.4			1.0
4604.3			1.0
4605.2			1.0
4606.1			1.0
4607.0			1.0
4607.9			1.0
4608.8			1.0
4609.7			1.0
4610.6			1.0
4611.5			1.0
4612.4			1.0
4613.3			1.0
4614.2			1.0
4615.1			1.0
4616.0			1.0
4616.9			1.0
4617.8			1.0
4618.7			1.0
4619.6			1.0
4620.5			1.0
4621.4			1.0
4622.3			1.0
4623.2			1.0
4624.1			1.0
4625.0			1.0
4625.9			0.9874362251694829
4626.8			0.9871243748860934
4627.7			0.9565610024294698
4628.6			0.9073643960950019
4629.5			0.9066204918851198
4630.4			1.0
4631.3			1.0455697094051106
4632.2			1.020893801885126
4633.1			0.977772581187323
4634.0			0.9660806095280489
4634.9			0.9702361678020364
4635.8			0.9617014104412106
4636.7			0.9414764012927485
4637.6			0.9337156568411719
4638.5			0.9477456778040034
4639.4			0.9729572104679172
4640.3			1.0091580102854736
4641.2			1.0
4642.1			1.0024464000359692
4643.0			0.9826808242697675
4643.9			0.9601079701419781
4644.8			0.9221049192308499
4645.7			0.8660131989997317
4646.6			0.8303414228788155
4647.5			0.8394668552984559
4648.4			0.8835964617361565
4649.3			0.9402376087886373
4650.2			0.9793958035428855
4651.1			0.9987565620364585
4652.0			1.0
4652.9			0.9915086319622014
4653.8			0.938431220373934
4654.7			0.8738252489735685
4655.6			0.8352204530158617
4656.5			0.843223693016128
4657.4			0.9127897062243802
4658.3			0.9985729683990615
4659.2			1.0
4660.1			1.0
4661.0			1.0
4661.9			0.9381441852062199
4662.8			0.9120730557568673
4663.7			0.9316095760594163
4664.6			0.9436068433128983
4665.5			0.8878050551429354
4666.4			0.7935910322853309
4667.3			0.7509196518186231
4668.2			0.7831242801815113
4669.1			0.8396053805896765
4670.0			0.9015152027305091
4670.9			0.9697967874288529
4671.8			1.0058310791534426
4672.7			0.9987924269415054
4673.6			1.0
4674.5			1.0
4675.4			1.0
4676.3			1.0231798518624908
4677.2			0.9936912651642019
4678.1			0.9357504918215076
4679.0			0.892839754459855
4679.9			0.8747286393903059
4680.8			0.8721447632376838
4681.7			0.8937318585378966
4682.6			0.9434667351660788
4683.5			0.9876556088028332
4684.4			1.0015772089137982
4685.3			1.0001279051859444
4686.2			1.0
4687.1			1.0
4688.0			1.0
4688.9			1.0
4689.8			1.0
4690.7			1.0
4691.6			1.0
4692.5			1.0
4693.4			1.0
4694.3			1.0
4695.2			1.0
4696.1			1.0
4697.0			1.0
4697.9			1.0
4698.8			1.0
4699.7			1.0
4700.6			1.0
4701.5			1.0
4702.4			1.0
4703.3			0.9952074870532426
4704.2			1.0213045053009424
4705.1			1.036123385646629
4706.0			1.005931764117902
4706.9			0.9421356454464056
4707.8			0.8918248911318445
4708.7			0.8867052978721031
4709.6			0.9297564585447606
4710.5			0.9921538672187219
4711.4			1.0182044283879783
4712.3			0.9934288148989028
4713.2			1.0
4714.1			1.0
4715.0			1.0
4715.9			1.0
4716.8			1.0
4717.7			1.0
4718.6			1.0
4719.5			1.0
4720.4			1.0
4721.3			1.0
4722.2			1.0
4723.1			1.0151847796511022
4724.0			1.042925627264617
4724.9			1.0546715170673713
4725.8			1.0273539886363723
4726.7			0.9579933387219661
4727.6			0.8905528886988443
4728.5			0.872379661729624
4729.4			0.8870170924773183
4730.3			0.9003998141646488
4731.2			0.9206057874284912
4732.1			0.9565304554102662
4733.0			0.9842963885111671
4733.9			1.0010260590648488
4734.8			1.0
4735.7			1.0
4736.6			1.0
4737.5			1.0
4738.4			1.0
4739.3			1.0
4740.2			1.0
4741.1			1.0
4742.0			1.0
4742.9			1.0
4743.8			1.0
4744.7			1.0
4745.6			1.0
4746.5			1.0
4747.4			1.0
4748.3			1.0
4749.2			1.0
4750.1			1.0
4751.0			1.0
4751.9			1.0
4752.8			1.0
4753.7			1.0
4754.6			1.0
4755.5			1.0
4756.4			1.0
4757.3			1.0253364664648774
4758.2			1.0562535243873645
4759.1			1.0745182746055466
4760.0			1.0604861054174641
4760.9			0.9990775600532853
4761.8			0.9195560755341041
4762.7			0.8707030581936818
4763.6			0.8569181426445297
4764.5			0.8541861683866604
4765.4			0.8581443336343495
4766.3			0.8806071313069607
4767.2			0.9174942309001357
4768.1			0.9547812815321333
4769.0			0.9873042090430448
4769.9			0.9933392524003352
4770.8			1.0
4771.7			1.0
4772.6			1.0
4773.5			1.0
4774.4			1.0
4775.3			1.0
4776.2			1.0
4777.1			1.0
4778.0			1.0
4778.9			1.0
4779.8			0.9825916489523718
4780.7			0.9992739797722319
4781.6			1.0023138784763825
4782.5			0.9703498683011845
4783.4			0.9482381678114948
4784.3			0.9505912014363728
4785.2			0.9270410532769154
4786.1			0.8795093599564823
4787.0			0.8673095491652495
4787.9			0.8810735155586635
4788.8			0.87833128180505
4789.7			0.8782112478766589
4790.6			0.8971734333065661
4791.5			0.9124740953275066
4792.4			0.9299634876530655
4793.3			0.9660783788013898
4794.2			0.9981576669228374
4795.1			1.0
4796.0			0.9873333606527157
4796.9			0.9526330647897742
4797.8			0.9042158280555782
4798.7			1.0
4799.6			1.000771129546323
4800.5			1.0414024320990076
4801.4			1.0858630610223898
4802.3			1.0967229336225568
4803.2			1.0648612908036288
4804.1			1.0130030170074715
4805.0			0.9784168436782174
4805.9			0.9761166705308475
4806.8			0.9746706623385966
4807.7			0.9587259764254458
4808.6			0.9552474101310693
4809.5			0.9643909748350108
4810.4			0.9654342963602282
4811.3			0.9632451777043549
4812.2			0.9686321877114484
4813.1			0.980291510427798
4814.0			0.9950390168337406
4814.9			1.0050557537927696
4815.8			1.0040807170122439
4816.7			1.0
4817.6			1.0
4818.5			1.0
4819.4			1.0
4820.3			1.0
4821.2			0.9876286107856155
4822.1			0.9411792721666089
4823.0			0.8725948406176885
4823.9			0.8527394887372991
4824.8			0.9011929384950355
4825.7			0.9657678581756147
4826.6			1.0032690617091702
4827.5			1.0
4828.4			1.0
4829.3			1.0
4830.2			1.0
4831.1			1.0
4832.0			1.0
4832.9			1.0
4833.8			1.0
4834.7			1.0
4835.6			1.0
4836.5			1.0
4837.4			1.0
4838.3			1.0
4839.2			1.0
4840.1			1.0
4841.0			1.0
4841.9			1.0
4842.8			1.0
4843.7			1.0
4844.6			1.0
4845.5			1.0
4846.4			0.9879554275376713
4847.3			0.9365401469904449
4848.2			0.8929589634687848
4849.1			0.9174259723875465
4850.0			0.9938974816583672
4850.9			1.0
4851.8			1.0
4852.7			1.0
4853.6			1.0
4854.5			1.0
4855.4			0.932054836822653
4856.3			0.9782927180652025
4857.2			1.044921943165527
4858.1			1.0137349786092085
4859.0			0.8755071251998277
4859.9			0.6962943887600527
4860.8			0.5822748095579522
4861.7			0.6262806851867463
4862.6			0.7760126171533692
4863.5			0.8875962865978106
4864.4			0.9276192639097357
4865.3			0.9568798694522662
4866.2			0.9954029407918513
4867.1			1.0
4868.0			1.0
4868.9			1.0138335721119471
4869.8			0.9825846589708239
4870.7			0.9115302776644283
4871.6			0.876296666982021
4872.5			0.9153720411533272
4873.4			0.9740529279476863
4874.3			1.001551212450343
4875.2			1.0
4876.1			1.0
4877.0			1.0
4877.9			1.0
4878.8			1.0
4879.7			1.0265527316946985
4880.6			0.984685641194778
4881.5			0.9215202381497546
4882.4			0.8934821014288116
4883.3			0.8846360491964612
4884.2			0.8641617388759959
4885.1			0.8463854115715721
4886.0			0.8536273981138388
4886.9			0.8829378946312264
4887.8			0.9089856960062036
4888.7			0.9104345391454542
4889.6			0.8835996830654081
4890.5			0.852712614726304
4891.4			0.8728536936721037
4892.3			0.9480725048047848
4893.2			1.0178868492116098
4894.1			1.0
4895.0			1.0203936309040211
4895.9			1.0207201222742157
4896.8			1.014911090575974
4897.7			1.0034389911040704
4898.6			0.960737505206124
4899.5			0.9073043586375696
4900.4			0.9023771460948002
4901.3			0.9322047585457427
4902.2			0.9323940883392206
4903.1			0.9097135498627007
4904.0			0.9187017408901115
4904.9			0.9642365608618095
4905.8			1.0
4906.7			0.9980567093447704
4907.6			0.9648956416033153
4908.5			0.91700462203091
4909.4			0.8564149687889869
4910.3			0.8198253770502203
4911.2			0.8482326231885774
4912.1			1.0
4913.0			1.0422106845572614
4913.9			1.0668424930127334
4914.8			1.0998243103503194
4915.7			1.1122928879282943
4916.6			1.063641654559549
4917.5			0.9688811382705457
4918.4			0.8801239521927151
4919.3			0.8309901029071138
4920.2			0.8167926788464756
4921.1			0.8376903568563985
4922.0			0.8692633373079967
4922.9			0.8539304523065244
4923.8			0.8187643662648012
4924.7			0.8520676326663427
4925.6			0.9432389082803889
4926.5			0.9980906438990723
4927.4			1.003909829205145
4928.3			1.0
4929.2			1.0
4930.1			1.0
4931.0			1.0
4931.9			1.0
4932.8			1.0
4933.7			1.0
4934.6			1.0081068314424313
4935.5			1.0451610479369682
4936.4			1.0183949780621329
4937.3			0.9341085862037584
4938.2			0.8540862416483933
4939.1			0.8425000097018367
4940.0			0.9088151288163798
4940.9			0.9757959871204568
4941.8			0.9812024234492734
4942.7			1.0
4943.6			1.0
4944.5			1.0
4945.4			1.0
4946.3			1.0
4947.2			1.0
4948.1			1.0
4949.0			1.0
4949.9			1.0
4950.8			1.0
4951.7			1.0
4952.6			1.0
4953.5			1.0
4954.4			1.0
4955.3			1.0070310205130553
4956.2			0.9506976545153182
4957.1			0.873719182357589
4958.0			0.8898320596234712
4958.9			0.996640406258581
4959.8			1.0
4960.7			1.0
4961.6			1.0
4962.5			1.0
4963.4			1.0177513597513381
4964.3			0.9990241200714856
4965.2			0.9535549846941715
4966.1			0.9350598560179852
4967.0			0.9396587044547616
4967.9			0.9349254623474109
4968.8			0.9260946801204287
4969.7			0.9213423726057394
4970.6			0.9312588343524265
4971.5			0.9642661532848944
4972.4			0.9953492292732138
4973.3			1.0150222137146585
4974.2			1.0256172827968941
4975.1			1.018438716610677
4976.0			0.9998568072552223
4976.9			1.0
4977.8			0.9734005912266607
4978.7			0.9543516611572035
4979.6			0.9428676297146263
4980.5			0.904741757714498
4981.4			0.8285499699707262
4982.3			0.7625603557629846
4983.2			0.7552597864472848
4984.1			0.7925901041064133
4985.0			0.8421438957123627
4985.9			0.9056990537827231
4986.8			0.9768077307834752
4987.7			1.0142106746434736
4988.6			0.9997023897822267
4989.5			1.0
4990.4			1.0
4991.3			1.0
4992.2			1.0
4993.1			1.0
4994.0			1.0
4994.9			1.0
4995.8			1.0
4996.7			1.0
4997.6			1.0
4998.5			1.0
4999.4			1.0
5000.3			1.0
5001.2			1.0
5002.1			1.0
5003.0			1.0092336107935467
5003.9			0.9819858381260868
5004.8			0.9135322708412676
5005.7			0.8586354027388119
5006.6			0.8791752885273967
5007.5			0.9569558283945546
5008.4			1.010706808105724
5009.3			1.0
5010.2			0.9619338424471845
5011.1			0.9089204383807489
5012.0			0.8484181484683032
5012.9			0.8052557884301728
5013.8			0.8008861490947405
5014.7			0.8428656238999054
5015.6			0.8945416528068529
5016.5			0.8869579427082558
5017.4			0.8257719060617388
5018.3			0.8018059657696934
5019.2			0.8621486653503057
5020.1			0.9350652397434049
5021.0			0.952120531940908
5021.9			0.9408852172128503
5022.8			0.9568190981087584
5023.7			0.9972712015506965
5024.6			1.0222326247142903
5025.5			1.0247592580060059
5026.4			0.9980366133936681
5027.3			1.0
5028.2			1.0
5029.1			1.0
5030.0			1.0
5030.9			1.0
5031.8			1.0
5032.7			1.0
5033.6			1.0
5034.5			1.0
5035.4			1.0
5036.3			1.0
5037.2			1.0172595563653084
5038.1			0.9978058387395452
5039.0			0.9216735288255185
5039.9			0.838541157880045
5040.8			0.7836684604141074
5041.7			0.8108104374899259
5042.6			0.9106790326789699
5043.5			0.9836638728907467
5044.4			1.0105927469962759
5045.3			1.0
5046.2			1.0
5047.1			1.0
5048.0			1.0
5048.9			1.0
5049.8			1.0
5050.7			1.0
5051.6			1.0
5052.5			1.0
5053.4			1.0
5054.3			1.0
5055.2			1.0
5056.1			1.0
5057.0			1.0
5057.9			1.0
5058.8			1.0
5059.7			1.0
5060.6			1.0
5061.5			1.0
5062.4			1.0116753775212624
5063.3			0.9763774513806447
5064.2			0.9170155628550446
5065.1			0.9032404732189819
5066.0			0.9565840798360735
5066.9			1.00753433185989
5067.8			1.022989610586626
5068.7			1.0
5069.6			1.0
5070.5			1.0
5071.4			1.0
5072.3			1.0
5073.2			1.0
5074.1			1.0
5075.0			0.9925514241493085
5075.9			0.9968178092412019
5076.8			1.022787856073036
5077.7			1.0060701598418929
5078.6			0.90914739369662
5079.5			0.8210053698371828
5080.4			0.840141404865158
5081.3			0.9244643995627085
5082.2			0.9718824724822237
5083.1			0.9741270786723012
5084.0			0.9995197303159971
5084.9			1.0
5085.8			1.0
5086.7			1.0
5087.6			1.0
5088.5			1.0
5089.4			1.0
5090.3			1.0
5091.2			1.0
5092.1			1.0
5093.0			1.0
5093.9			1.0
5094.8			1.0035581198717736
5095.7			0.976706758928104
5096.6			0.9127403141804209
5097.5			0.8405326601434606
5098.4			0.795110401967452
5099.3			0.8056193930934377
5100.2			0.881575200050674
5101.1			1.0
5102.0			1.0283938449173815
5102.9			1.0083591455181538
5103.8			0.9841709127687185
5104.7			0.9737465736271275
5105.6			0.9642897165083648
5106.5			0.9401692713392089
5107.4			0.915045472101456
5108.3			0.9155095956343834
5109.2			0.9191081546063093
5110.1			0.9141994720964052
5111.0			0.9408247014264617
5111.9			1.0
5112.8			1.0193969668138758
5113.7			1.0098554678109308
5114.6			0.9937962405966095
5115.5			0.9992114254729682
5116.4			1.0310038709363956
5117.3			1.0562509482936275
5118.2			1.0529417628822606
5119.1			1.0307185918551205
5120.0			1.00641803683067
5120.9			0.98073759614702
5121.8			0.9378477714227578
5122.7			0.8817898715312824
5123.6			0.8533714826685362
5124.5			0.8696154951214998
5125.4			0.8976069920357291
5126.3			0.9109389257092777
5127.2			0.9068256302248214
5128.1			0.8923027891070516
5129.0			0.8803221202598095
5129.9			0.8846580071212531
5130.8			0.8984550713879155
5131.7			0.9074580458105461
5132.6			0.9228769566427308
5133.5			0.9564054839659417
5134.4			1.0
5135.3			1.0128103504009949
5136.2			0.968442285179155
5137.1			0.924334646078613
5138.0			0.918191270251253
5138.9			0.925865020258018
5139.8			0.9471284012117572
5140.7			0.9616960799308729
5141.6			0.9204020222499055
5142.5			0.8770229356409998
5143.4			0.9074215784786609
5144.3			0.9566219436512681
5145.2			0.9507324832912979
5146.1			0.9175983118047688
5147.0			0.9055386917996792
5147.9			0.9295916430237091
5148.8			0.978719935027935
5149.7			0.9999979765777904
5150.6			1.0
5151.5			1.0
5152.4			1.0
5153.3			1.0
5154.2			1.0
5155.1			1.0
5156.0			1.0
5156.9			1.0
5157.8			1.0
5158.7			1.0
5159.6			1.0016339483126238
5160.5			0.9916612630585857
5161.4			0.9612313287437889
5162.3			0.9426319192768691
5163.2			0.945591581169153
5164.1			0.9281849724646591
5165.0			0.8701575612458375
5165.9			0.7930949904271348
5166.8			0.714997154874149
5167.7			0.6685087532861304
5168.6			0.696833241662733
5169.5			0.788093103457953
5170.4			0.8486137349443402
5171.3			0.8066982713977205
5172.2			0.7388896184545746
5173.1			0.7679898920042391
5174.0			0.883671526504353
5174.9			0.9785693630361076
5175.8			1.0001470348729549
5176.7			1.0
5177.6			1.0
5178.5			1.0
5179.4			1.0
5180.3			1.0
5181.2			0.9901390078493392
5182.1			0.91343161515375
5183.0			0.7978796573463816
5183.9			0.7672899552315424
5184.8			0.8610915550599725
5185.7			0.9690828414433419
5186.6			1.0044619380913598
5187.5			1.0
5188.4			1.0
5189.3			1.0
5190.2			1.0
5191.1			1.0
5192.0			1.0
5192.9			1.0
5193.8			1.0
5194.7			1.0
5195.6			1.0
5196.5			1.0
5197.4			1.0
5198.3			1.0
5199.2			1.0
5200.1			1.0
5201.0			1.0138202337063658
5201.9			1.0232188820496615
5202.8			1.0244667123096567
5203.7			0.9961166651293839
5204.6			0.9312434637850817
5205.5			0.8927217321560665
5206.4			0.9208072435347363
5207.3			0.954478772561052
5208.2			0.9559815621374685
5209.1			0.9712587950446266
5210.0			0.999713868237749
5210.9			1.0
5211.8			1.0
5212.7			1.0
5213.6			0.9993268848402587
5214.5			0.9458876444015727
5215.4			0.8831365100304346
5216.3			0.863719088235951
5217.2			0.8958363748644183
5218.1			0.9520125797137394
5219.0			0.9998695045001648
5219.9			1.0
5220.8			1.0
5221.7			1.0
5222.6			0.9918395236543017
5223.5			0.9620445990811398
5224.4			0.9003172431797795
5225.3			0.8109806554202907
5226.2			0.7357763126596804
5227.1			0.7469291511106841
5228.0			0.8523972476955987
5228.9			0.9559138302380356
5229.8			1.0024763666162537
5230.7			1.0
5231.6			1.0
5232.5			1.0
5233.4			1.0
5234.3			1.0
5235.2			1.0
5236.1			1.0
5237.0			1.0
5237.9			1.0
5238.8			1.0
5239.7			1.0
5240.6			1.0
5241.5			0.995426665573084
5242.4			0.9718790925877296
5243.3			0.9734915546332857
5244.2			1.008469673615769
5245.1			1.0233371278697856
5246.0			0.9789867902507128
5246.9			0.9170201393532212
5247.8			0.8988900686738931
5248.7			0.8986552810352146
5249.6			0.8721431729083485
5250.5			0.8623669813942931
5251.4			0.9009990515724506
5252.3			0.9369678496565793
5253.2			0.9320642906658148
5254.1			1.0
5255.0			0.9872471117908653
5255.9			1.027394812894163
5256.8			1.1015014963321104
5257.7			1.1547449450318041
5258.6			1.1676876763183983
5259.5			1.1492305744766225
5260.4			1.1057199031709535
5261.3			1.0366947681759846
5262.2			0.9597248994388095
5263.1			0.9018762004783045
5264.0			0.8632227163607272
5264.9			0.8465176565489128
5265.8			0.8794240668888531
5266.7			0.9650948374462439
5267.6			1.0261513194368574
5268.5			0.9820522956825164
5269.4			0.9006682668539636
5270.3			0.9225715903037436
5271.2			1.035040715987024
5272.1			1.1000914952868577
5273.0			1.0799878336506492
5273.9			1.03730350808734
5274.8			1.0037389357783977
5275.7			1.0
5276.6			1.0
5277.5			1.0
5278.4			1.0
5279.3			0.9605720924488694
5280.2			0.9193619993873946
5281.1			0.9016073717530982
5282.0			0.8899732535425454
5282.9			0.8611618451479116
5283.8			0.8466944698306469
5284.7			0.8971942827938474
5285.6			0.9812030707957828
5286.5			1.0247823177372744
5287.4			1.0169842679078602
5288.3			0.9995042111869414
5289.2			1.0
5290.1			1.0
5291.0			1.0
5291.9			1.0
5292.8			1.0
5293.7			1.0
5294.6			1.0134644687982939
5295.5			0.9948971854684883
5296.4			0.9298321167942502
5297.3			0.8645525404408688
5298.2			0.8686336522517994
5299.1			0.9417768877826719
5300.0			0.9977510868415735
5300.9			1.0
5301.8			1.0
5302.7			1.0
5303.6			1.0
5304.5			1.0
5305.4			1.0
5306.3			1.0
5307.2			1.0
5308.1			1.0
5309.0			1.0
5309.9			1.0
5310.8			1.0
5311.7			1.0
5312.6			1.0
5313.5			1.0
5314.4			1.0
5315.3			1.0
5316.2			1.0
5317.1			1.0
5318.0			1.0
5318.9			1.0
5319.8			1.0
5320.7			1.0
5321.6			1.0
5322.5			1.0
5323.4			1.0
5324.3			1.0
5325.2			0.999710433893615
5326.1			1.0006596507861636
5327.0			0.9348638622756809
5327.9			0.8363111983151094
5328.8			0.8228656936051391
5329.7			0.9118965213928952
5330.6			1.0014357780907273
5331.5			1.0237984412684482
5332.4			1.000644036165549
5333.3			1.0
5334.2			1.0
5335.1			1.0
5336.0			1.0
5336.9			1.0
5337.8			1.0
5338.7			0.9982043758459597
5339.6			0.9572510959627848
5340.5			0.9255414734946663
5341.4			0.9539644311138525
5342.3			1.006151421496329
5343.2			1.0
5344.1			1.0
5345.0			1.0
5345.9			1.0
5346.8			1.0
5347.7			1.0
5348.6			1.0
5349.5			1.0
5350.4			1.0
5351.3			1.0
5352.2			1.0
5353.1			1.0
5354.0			1.0
5354.9			1.0
5355.8			1.0
5356.7			1.0
5357.6			1.0
5358.5			1.0
5359.4			1.0
5360.3			1.0
5361.2			1.0
5362.1			1.0
5363.0			1.0
5363.9			1.0
5364.8			1.0
5365.7			1.0
5366.6			1.0
5367.5			0.9931504889524736
5368.4			0.9677933290784331
5369.3			0.920908828697504
5370.2			0.8701702135490821
5371.1			0.857672765025167
5372.0			0.8987731443714315
5372.9			0.9565635893100116
5373.8			0.9922548923427352
5374.7			1.0045219500512639
5375.6			1.0
5376.5			1.0
5377.4			1.0
5378.3			1.0
5379.2			1.0
5380.1			1.0
5381.0			1.0
5381.9			1.0
5382.8			1.0
5383.7			1.0
5384.6			1.0
5385.5			1.0
5386.4			1.0
5387.3			1.0
5388.2			1.0
5389.1			1.0
5390.0			1.0
5390.9			1.0
5391.8			1.0
5392.7			1.0
5393.6			1.0
5394.5			1.0
5395.4			1.0
5396.3			1.0
5397.2			0.9700624139388883
5398.1			1.0053810109866046
5399.0			1.0533068739570886
5399.9			1.0640082875019994
5400.8			1.0641445483512182
5401.7			1.0678038192969423
5402.6			1.0376010186626548
5403.5			0.9688222420859964
5404.4			0.9037010951646322
5405.3			0.8794014913464462
5406.2			0.9061433087600465
5407.1			0.958178688519655
5408.0			0.9809890266932055
5408.9			0.9524681987845104
5409.8			0.9193668731882312
5410.7			0.9370823001280474
5411.6			0.991709058753588
5412.5			1.0207536087464568
5413.4			1.001057825596202
5414.3			1.0
5415.2			1.0
5416.1			1.0
5417.0			1.0
5417.9			1.0
5418.8			1.0
5419.7			1.0
5420.6			1.0
5421.5			1.0
5422.4			1.004912320095755
5423.3			0.9655672113923291
5424.2			0.923335038328852
5425.1			0.9412876218963113
5426.0			1.0046765107170805
5426.9			1.0
5427.8			1.0
5428.7			1.0
5429.6			0.9474577431504478
5430.5			0.966154185600227
5431.4			0.9921994922684595
5432.3			0.9689905450797012
5433.2			0.9252409656179678
5434.1			0.8950179093701179
5435.0			0.8833732744025494
5435.9			0.8949563046900342
5436.8			0.9342726713371595
5437.7			0.9835073358772543
5438.6			1.0100309713587976
5439.5			1.0083377804250446
5440.4			0.9925805451676342
5441.3			1.0
5442.2			1.0
5443.1			1.0
5444.0			0.9679882634116782
5444.9			0.913066887666599
5445.8			0.8567645221591959
5446.7			0.8406623244699856
5447.6			0.8917105267990459
5448.5			0.964994104705954
5449.4			1.0005788626904562
5450.3			1.0
5451.2			1.0
5452.1			1.0
5453.0			0.9775601035830788
5453.9			0.9306566029493496
5454.8			0.8731351369327143
5455.7			0.8605914037395911
5456.6			0.9151526876076684
5457.5			0.9771380327651028
5458.4			0.99928851957604
5459.3			1.0
5460.2			1.0
5461.1			1.0
5462.0			1.0
5462.9			1.0
5463.8			1.0
5464.7			1.0
5465.6			1.0
5466.5			1.0
5467.4			1.0
5468.3			1.0
5469.2			1.0
5470.1			1.0
5471.0			1.0
5471.9			1.0
5472.8			0.9711405380106173
5473.7			0.9637692943958769
5474.6			0.967489107122155
5475.5			0.9249968024309458
5476.4			0.8598405112539523
5477.3			0.8692062688432929
5478.2			0.9522409287041971
5479.1			1.0128731399577329
5480.0			1.0011109841071157
5480.9			1.0
5481.8			1.0
5482.7			1.0
5483.6			1.0
5484.5			1.0
5485.4			1.0
5486.3			1.0
5487.2			1.0
5488.1			1.0
5489.0			1.0
5489.9			1.0
5490.8			1.0
5491.7			1.0
5492.6			1.0
5493.5			1.0
5494.4			1.0
5495.3			1.0
5496.2			1.0
5497.1			1.0
5498.0			1.0
5498.9			1.0
5499.8			1.0
5500.7			1.0
5501.6			1.0
5502.5			1.0
5503.4			1.0311375302948402
5504.3			1.055415566871854
5505.2			1.0412845738658867
5506.1			1.0040358318024363
5507.0			0.9914264807336203
5507.9			1.0058137627256911
5508.8			1.0053305183789758
5509.7			0.9903041927388277
5510.6			0.9795708543532151
5511.5			0.9640041407292651
5512.4			0.9474435583318346
5513.3			0.9554162612320138
5514.2			0.9874320580080349
5515.1			1.0126606529572895
5516.0			1.0197803258623757
5516.9			1.0221356603867702
5517.8			1.032682696935188
5518.7			1.0424675255510596
5519.6			1.0366572584016909
5520.5			1.0165101652420578
5521.4			0.9978454503172922
5522.3			1.0
5523.2			1.0069427487185814
5524.1			0.9975105197685992
5525.0			0.9649362593809127
5525.9			0.9277929486936444
5526.8			0.9014264733459966
5527.7			0.8930599294125451
5528.6			0.9122376361007536
5529.5			0.9575932664541592
5530.4			0.9991434401199466
5531.3			1.011823089289586
5532.2			0.9998210239849759
5533.1			1.0
5534.0			1.0
5534.9			1.0
5535.8			1.0
5536.7			1.0
5537.6			1.0
5538.5			1.0
5539.4			1.0
5540.3			1.0
5541.2			1.0
5542.1			1.0
5543.0			1.0
5543.9			1.0
5544.8			1.0
5545.7			1.0
5546.6			1.0
5547.5			1.0
5548.4			1.0
5549.3			1.0
5550.200000000001			1.0
5551.1			1.0
5552.0			1.0
5552.9			1.0
5553.8			1.0
5554.700000000001			1.0
5555.6			1.0
5556.5			1.0
5557.4			1.0
5558.3			1.0
5559.200000000001			1.0
5560.1			1.0
5561.0			1.0
5561.9			1.0
5562.8			1.0
5563.700000000001			1.0
5564.6			1.0
5565.5			1.0
5566.4			1.0
5567.3			1.0
5568.200000000001			1.0
5569.1			1.0
5570.0			1.0
5570.9			1.0
5571.8			1.0
5572.700000000001			1.0
5573.6			1.0
5574.5			1.0
5575.4			1.0
5576.3			1.0
5577.200000000001			1.0
5578.1			1.0
5579.0			1.0
5579.9			1.008752031004553
5580.8			1.0028391055333319
5581.700000000001			0.9845843499888518
5582.6			0.9859780452173426
5583.5			1.0055683626693817
5584.4			1.0129426148478446
5585.3			0.9846185368004788
5586.200000000001			0.9210835797378678
5587.1			0.8616928551991712
5588.0			0.8414605952814167
5588.9			0.8577349757285118
5589.8			0.8908599346653325
5590.700000000001			0.9226113838769378
5591.6			0.9398771685136895
5592.5			0.9394350479988302
5593.4			0.9247254582167767
5594.3			0.9210468877488521
5595.200000000001			0.9574169905109128
5596.1			1.000081497726976
5597.0			1.0
5597.9			0.9543827723837117
5598.8			0.9298257683779589
5599.700000000001			0.9267333525273405
5600.6			0.9094153764047053
5601.5			0.8802159299843294
5602.4			0.8728249933886953
5603.3			0.9069883086734452
5604.200000000001			0.9636565648742815
5605.1			1.0010266869408515
5606.0			1.008209801162175
5606.9			1.0034958926587436
5607.8			1.0
5608.700000000001			1.0
5609.6			1.0
5610.5			1.0
5611.4			1.0
5612.3			1.015260045477302
5613.200000000001			1.0002838300365848
5614.1			0.9389391801063686
5615.0			0.8774342342132035
5615.9			0.8848883400494544
5616.8			0.948439236742026
5617.700000000001			0.9948943184369442
5618.6			1.0
5619.5			1.0
5620.4			1.0
5621.3			1.0
5622.200000000001			1.007568903992609
5623.1			0.9779719450090475
5624.0			0.9280008590974571
5624.9			0.9125046402440077
5625.8			0.9450335066586227
5626.700000000001			0.9809029471390641
5627.6			1.0007975176037225
5628.5			1.0
5629.4			1.0
5630.3			1.0
5631.200000000001			1.0
5632.1			1.0
5633.0			1.0
5633.9			1.0
5634.8			1.0
5635.700000000001			1.0
5636.6			1.0
5637.5			1.0
5638.4			1.0
5639.3			1.0
5640.200000000001			1.0
5641.1			1.0
5642.0			1.0
5642.9			1.0
5643.8			1.0
5644.700000000001			1.0
5645.6			1.0
5646.5			1.0
5647.4			1.0
5648.3			1.0
5649.200000000001			1.0
5650.1			1.0
5651.0			1.0
5651.9			1.0
5652.8			1.0
5653.700000000001			1.0
5654.6			0.9762287211302708
5655.5			0.984415276710857
5656.4			0.988824890501751
5657.3			0.9324708051383365
5658.200000000001			0.8714373737749769
5659.1			0.9012037842648453
5660.0			0.9862062835721589
5660.9			1.0229775216747776
5661.8			0.9993965530960696
5662.700000000001			1.0
5663.6			1.0
5664.5			1.0
5665.4			1.0
5666.3			1.0
5667.200000000001			1.0
5668.1			1.0
5669.0			1.0
5669.9			1.0
5670.8			1.0
5671.700000000001			1.0
5672.6			1.0
5673.5			1.0
5674.4			1.0
5675.3			1.0
5676.200000000001			1.0043348229511597
5677.1			1.0140399330069734
5678.0			1.0070478746171863
5678.9			0.9971988378061564
5679.8			1.0000780475708901
5680.700000000001			0.9966593333758168
5681.6			0.9636954733725658
5682.5			0.9219991878498169
5683.4			0.9062444467012525
5684.3			0.9178769284653285
5685.200000000001			0.9382914099788693
5686.1			0.9448804167711022
5687.0			0.935311657162136
5687.9			0.9307902900839682
5688.8			0.9482733285802329
5689.700000000001			0.9788002813130434
5690.6			1.0001064295654971
5691.5			1.0
5692.4			1.0
5693.3			1.0
5694.200000000001			1.0
5695.1			1.0
5696.0			1.0
5696.9			1.0
5697.8			1.0
5698.700000000001			1.0
5699.6			1.0
5700.5			1.0
5701.4			1.0
5702.3			1.0102981464742546
5703.200000000001			1.0402454743746063
5704.1			1.0482726662015447
5705.0			1.020139641615284
5705.9			0.9807923377941029
5706.8			0.9550015913463437
5707.700000000001			0.9334974738312262
5708.6			0.9062798828618446
5709.5			0.8946497884660192
5710.4			0.8987941753627469
5711.3			0.9028316191259858
5712.200000000001			0.92564088316977
5713.1			0.9699838084875655
5714.0			0.9975913288452525
5714.9			0.9994847063519213
5715.8			1.000553136583367
5716.700000000001			1.0021575092434991
5717.6			1.0
5718.5			1.0
5719.4			1.0
5720.3			1.0
5721.200000000001			1.0
5722.1			1.0
5723.0			1.0
5723.9			1.0
5724.8			1.0
5725.700000000001			1.0
5726.6			1.0
5727.5			1.0
5728.4			1.0
5729.3			1.0
5730.200000000001			1.0
5731.1			1.0
5732.0			1.0
5732.9			1.0
5733.8			1.0
5734.700000000001			1.0
5735.6			1.0
5736.5			1.0
5737.4			1.0
5738.3			1.0
5739.200000000001			1.0
5740.1			1.0
5741.0			1.0
5741.9			1.0
5742.8			1.0
5743.700000000001			1.0
5744.6			1.0
5745.5			1.0
5746.4			1.0
5747.3			1.0
5748.200000000001			1.0
5749.1			1.0
5750.0			1.020090407442231
5750.9			1.0107724924825021
5751.8			0.9703598145580421
5752.700000000001			0.9214168376750265
5753.6			0.8924708261195214
5754.5			0.9048488509203868
5755.4			0.9450720811765849
5756.3			0.9793663979955464
5757.200000000001			0.9951689368258326
5758.1			1.0
5759.0			0.9836360187985999
5759.9			0.9551473042821149
5760.8			0.9294407067535012
5761.700000000001			0.9104859279929465
5762.6			0.9030815585862325
5763.5			0.9248869584488109
5764.4			0.9660737788063333
5765.3			0.9940144625903953
5766.200000000001			0.999972710948385
5767.1			1.0
5768.0			1.0
5768.9			1.0
5769.8			1.0
5770.700000000001			1.0
5771.6			1.0
5772.5			1.0
5773.4			1.0
5774.3			1.0
5775.200000000001			1.0
5776.1			1.0
5777.0			1.0
5777.9			0.998668764526099
5778.8			0.9807879909031655
5779.700000000001			0.9488555086030639
5780.6			0.9146707986790708
5781.5			0.9007236963436637
5782.4			0.9105727341293167
5783.3			0.9202510714819938
5784.200000000001			0.9146283540910002
5785.1			0.9125592158511774
5786.0			0.9395181290169352
5786.9			0.9801056061958713
5787.8			1.0067643117745044
5788.700000000001			1.0186953396285723
5789.6			1.0165934747693375
5790.5			1.0025952672093896
5791.4			0.995175219319343
5792.3			1.002811831075448
5793.200000000001			1.0
5794.1			1.0
5795.0			1.0
5795.9			1.0
5796.8			1.0
5797.700000000001			1.0
5798.6			1.0
5799.5			1.0
5800.4			1.0
5801.3			1.0
5802.200000000001			1.0
5803.1			1.0
5804.0			1.0
5804.9			1.0
5805.8			1.0
5806.700000000001			1.0
5807.6			1.0
5808.5			1.0
5809.4			1.0
5810.3			1.0
5811.200000000001			1.0
5812.1			1.0
5813.0			1.0
5813.9			1.0
5814.8			1.0
5815.700000000001			1.0
5816.6			1.0
5817.5			1.0
5818.4			1.0
5819.3			1.0
5820.200000000001			1.0
5821.1			1.0
5822.0			1.0
5822.9			1.0
5823.8			1.0
5824.700000000001			1.0
5825.6			1.0
5826.5			1.0
5827.4			1.0
5828.3			1.0
5829.200000000001			1.0
5830.1			1.0
5831.0			1.0
5831.9			1.0
5832.8			1.0
5833.700000000001			1.0
5834.6			1.0
5835.5			1.0
5836.4			1.0
5837.3			1.0
5838.200000000001			1.0
5839.1			1.0
5840.0			1.0
5840.9			1.0
5841.8			1.0
5842.700000000001			1.0
5843.6			1.0
5844.5			1.0
5845.4			1.0
5846.3			1.0
5847.200000000001			1.0
5848.1			1.0
5849.0			1.0
5849.9			1.0
5850.8			0.9988595475233922
5851.700000000001			0.9753413968237999
5852.6			0.9324629968225433
5853.5			0.9031905473021516
5854.4			0.9186765742323757
5855.3			0.9481056560527897
5856.200000000001			0.9395564592905391
5857.1			0.9030353566761063
5858.0			0.8913895665964386
5858.9			0.9186948808644736
5859.8			0.9545143512665513
5860.700000000001			0.9740511662507291
5861.6			0.9688901405034197
5862.5			0.9618103247681637
5863.4			0.9776295337016656
5864.3			0.9989765289151077
5865.200000000001			1.0001883164922576
5866.1			1.0
5867.0			1.0
5867.9			1.0
5868.8			1.0
5869.700000000001			1.0
5870.6			1.0
5871.5			1.0
5872.4			1.0
5873.3			1.0
5874.200000000001			1.0
5875.1			1.0
5876.0			1.0
5876.9			1.0
5877.8			1.0
5878.700000000001			1.0
5879.6			1.0
5880.5			1.0
5881.4			1.0
5882.3			1.0
5883.200000000001			1.0
5884.1			1.0
5885.0			1.0
5885.9			1.0
5886.8			1.0
5887.700000000001			0.980291483913545
5888.6			0.8982943496476439
5889.5			0.8021647933876888
5890.4			0.795475424346494
5891.3			0.8796889203766773
5892.200000000001			0.9560373077543056
5893.1			0.9918781974392821
5894.0			1.0
5894.9			1.0
5895.8			1.0
5896.700000000001			1.0
5897.6			1.0
5898.5			1.0
5899.4			1.0
5900.3			1.0
5901.200000000001			1.0
5902.1			1.0
5903.0			1.0
5903.9			1.0
5904.8			1.0
5905.700000000001			1.0
5906.6			1.0
5907.5			1.0
5908.4			1.0
5909.3			1.0
5910.200000000001			1.0
5911.1			1.0
5912.0			1.0
5912.9			1.0
5913.8			1.0
5914.700000000001			1.0
5915.6			1.0
5916.5			1.0
5917.4			1.0
5918.3			1.0
5919.200000000001			1.0
5920.1			1.0
5921.0			1.0
5921.9			1.0
5922.8			1.0
5923.700000000001			1.0
5924.6			1.0
5925.5			1.0
5926.4			1.0
5927.3			1.0
5928.200000000001			1.0
5929.1			1.0
5930.0			1.0
5930.9			1.0
5931.8			1.0
5932.700000000001			1.0
5933.6			1.0
5934.5			1.0
5935.4			1.0
5936.3			1.0
5937.200000000001			1.0
5938.1			1.0
5939.0			1.0
5939.9			1.0
5940.8			1.0
5941.700000000001			1.0
5942.6			1.0
5943.5			1.0
5944.4			1.0
5945.3			1.0
5946.200000000001			1.0
5947.1			1.0
5948.0			1.0
5948.9			1.0
5949.8			1.0
5950.700000000001			1.0
5951.6			1.0
5952.5			1.0
5953.4			1.0
5954.3			1.0
5955.200000000001			1.0
5956.1			1.0
5957.0			1.0
5957.9			1.0
5958.8			1.0
5959.700000000001			1.0
5960.6			1.0
5961.5			1.0
5962.4			1.0
5963.3			1.0
5964.200000000001			1.0
5965.1			1.0
5966.0			1.0
5966.9			1.0
5967.8			1.0
5968.700000000001			1.0
5969.6			1.0
5970.5			1.0
5971.4			1.0
5972.3			1.0
5973.200000000001			1.0
5974.1			1.0
5975.0			1.0
5975.9			1.0
5976.8			1.0
5977.700000000001			1.0
5978.6			1.0
5979.5			1.0
5980.4			1.0
5981.3			1.0
5982.200000000001			1.0
5983.1			1.0
5984.0			1.0
5984.9			1.0
5985.8			1.0
5986.700000000001			1.0
5987.6			1.0
5988.5			1.0
5989.4			1.0
5990.3			1.0
5991.200000000001			1.0
5992.1			1.0
5993.0			1.0
5993.9			1.0
5994.8			1.0
5995.700000000001			1.0
5996.6			1.0
5997.5			1.0
5998.4			1.0
5999.3			1.0
6000.200000000001			1.0
6001.1			1.0
6002.0			1.0
6002.9			1.0
6003.8			1.0
6004.700000000001			1.0134150883422397
6005.6			1.006446181840759
6006.5			0.9784553207310889
6007.4			0.9429305022616316
6008.3			0.9291716019933313
6009.200000000001			0.9615409859651267
6010.1			1.0067322271566828
6011.0			1.0197087130101605
6011.9			0.9992049070156894
6012.8			1.0
6013.700000000001			1.0
6014.6			1.0
6015.5			1.0
6016.4			1.0
6017.3			1.0
6018.200000000001			1.0
6019.1			1.0
6020.0			1.0
6020.9			1.0
6021.8			1.0
6022.700000000001			1.0
6023.6			1.0
6024.5			1.0
6025.4			1.0
6026.3			1.0
6027.200000000001			1.0
6028.1			1.0
6029.0			1.0
6029.9			1.0
6030.8			1.0
6031.700000000001			1.0
6032.6			1.0
6033.5			1.0
6034.4			1.0
6035.3			1.0
6036.200000000001			1.0
6037.1			1.0
6038.0			1.0
6038.9			1.0
6039.8			1.0
6040.700000000001			1.0
6041.6			1.0
6042.5			1.0
6043.4			1.0
6044.3			1.0
6045.200000000001			1.0
6046.1			1.0
6047.0			1.0
6047.9			1.0
6048.8			1.0
6049.700000000001			1.0
6050.6			1.0
6051.5			1.0
6052.4			1.0
6053.3			1.0
6054.200000000001			1.0
6055.1			1.0
6056.0			1.0
6056.9			1.0
6057.8			1.0
6058.700000000001			1.0
6059.6			1.0
6060.5			1.0
6061.4			1.0
6062.3			1.0
6063.200000000001			1.0
6064.1			1.0
6065.0			1.0
6065.9			1.0
6066.8			1.0
6067.700000000001			1.0
6068.6			1.0
6069.5			1.0
6070.4			1.0
6071.3			1.0
6072.200000000001			1.0
6073.1			1.0
6074.0			1.0
6074.9			1.0
6075.8			1.0
6076.700000000001			1.0
6077.6			1.0
6078.5			1.0
6079.4			1.0
6080.3			1.0
6081.200000000001			1.0
6082.1			1.0
6083.0			1.0
6083.9			1.0
6084.8			1.0
6085.700000000001			1.0
6086.6			1.0
6087.5			1.0
6088.4			1.0
6089.3			1.0
6090.200000000001			1.0
6091.1			1.0
6092.0			1.0
6092.9			1.0
6093.8			1.0
6094.700000000001			1.0
6095.6			1.0
6096.5			1.0
6097.4			1.0
6098.3			1.0
6099.200000000001			1.0
6100.1			1.0
6101.0			0.9703695771324103
6101.9			0.9098496815570454
6102.8			0.8764667354269091
6103.700000000001			0.9206403240963551
6104.6			0.9938563989447943
6105.5			1.0
6106.4			1.0
6107.3			1.0
6108.200000000001			1.0
6109.1			1.0
6110.0			1.0
6110.9			1.0
6111.8			1.0
6112.700000000001			1.0
6113.6			1.0
6114.5			1.0
6115.4			1.0
6116.3			1.0
6117.200000000001			1.0
6118.1			1.0
6119.0			1.0
6119.9			1.0
6120.8			1.0
6121.700000000001			1.0
6122.6			1.0
6123.5			1.0
6124.4			1.0
6125.3			1.0
6126.200000000001			1.0
6127.1			1.0
6128.0			1.0
6128.9			1.0
6129.8			1.0
6130.700000000001			1.0
6131.6			1.0
6132.5			1.0
6133.4			1.0
6134.3			0.9992644959100175
6135.200000000001			0.9570392171935477
6136.1			0.8758607541398807
6137.0			0.8185189333773514
6137.9			0.8537883143999332
6138.8			0.9488289817337576
6139.700000000001			1.0013194863960613
6140.6			1.0
6141.5			1.0
6142.4			1.0
6143.3			1.0
6144.200000000001			1.0
6145.1			1.0
6146.0			1.0
6146.9			1.0
6147.8			1.0
6148.700000000001			1.0
6149.6			1.0
6150.5			1.0
6151.4			1.0
6152.3			1.0
6153.200000000001			1.0
6154.1			1.0
6155.0			1.0
6155.9			1.0
6156.8			1.0
6157.700000000001			1.0
6158.6			1.0057108626075975
6159.5			1.001405705539385
6160.4			0.9600648711289378
6161.3			0.900228644429312
6162.200000000001			0.8742186514831993
6163.1			0.9006648066656548
6164.0			0.9510671061167044
6164.9			0.9875165233425026
6165.8			1.0013007434405015
6166.700000000001			1.0
6167.6			1.0
6168.5			1.0
6169.4			1.0
6170.3			1.0
6171.200000000001			1.0
6172.1			1.0
6173.0			1.0
6173.9			1.0
6174.8			1.0
6175.700000000001			1.0
6176.6			1.0
6177.5			1.0
6178.4			1.0
6179.3			1.0
6180.200000000001			1.0
6181.1			1.0
6182.0			1.0
6182.9			1.0
6183.8			1.0
6184.700000000001			1.0
6185.6			1.0
6186.5			1.0
6187.4			1.0
6188.3			1.0
6189.200000000001			1.002561417224233
6190.1			0.9672385265493207
6191.0			0.9120001354778371
6191.9			0.9046756222706922
6192.8			0.9560970788776919
6193.700000000001			0.9976841335620007
6194.6			0.9978799229687039
6195.5			1.0
6196.4			1.0
6197.3			1.0
6198.200000000001			1.0
6199.1			1.0
6200.0			1.0
6200.9			1.0
6201.8			1.0
6202.700000000001			1.0
6203.6			1.0
6204.5			1.0
6205.4			1.0
6206.3			1.0
6207.200000000001			1.0
6208.1			1.0
6209.0			1.0
6209.9			1.0
6210.8			1.0
6211.700000000001			1.0
6212.6			1.0
6213.5			1.0
6214.4			1.0
6215.3			1.0
6216.200000000001			1.0
6217.1			1.0
6218.0			1.0
6218.9			1.0
6219.8			1.0
6220.700000000001			1.0
6221.6			1.0
6222.5			1.0
6223.4			1.0
6224.3			1.0
6225.200000000001			1.0
6226.1			1.0
6227.0			0.9936192369662142
6227.9			0.9911301555799898
6228.8			0.9689569853041
6229.700000000001			0.9248818468271489
6230.6			0.8956320167208758
6231.5			0.9051890339136427
6232.4			0.9346861362800808
6233.3			0.9660183498616888
6234.200000000001			1.000038155410854
6235.1			1.0
6236.0			1.0
6236.9			1.0
6237.8			1.0
6238.700000000001			1.0
6239.6			1.0
6240.5			1.0
6241.4			1.0246253179336466
6242.3			1.0273339031165794
6243.200000000001			0.99923222604769
6244.1			0.9669732024937621
6245.0			0.9367772946673412
6245.9			0.9094862446182509
6246.8			0.9057047533595982
6247.700000000001			0.9347549046624918
6248.6			0.9750126827683686
6249.5			1.002584882958077
6250.4			1.0028971914135287
6251.3			1.0
6252.200000000001			1.0
6253.1			1.0
6254.0			1.0
6254.9			1.0
6255.8			1.0
6256.700000000001			1.0
6257.6			1.0
6258.5			1.0
6259.4			1.0
6260.3			1.0
6261.200000000001			1.0
6262.1			1.0
6263.0			1.0
6263.9			1.0
6264.8			1.0
6265.700000000001			1.0
6266.6			1.0
6267.5			1.0
6268.4			1.0
6269.3			1.0
6270.200000000001			1.0
6271.1			1.0
6272.0			1.0
6272.9			1.0
6273.8			1.0
6274.700000000001			1.0
6275.6			1.0
6276.5			1.0
6277.4			1.0
6278.3			1.0
6279.200000000001			1.0
6280.1			1.0
6281.0			1.0
6281.9			1.0
6282.8			1.0
6283.700000000001			1.0
6284.6			1.0
6285.5			1.0
6286.4			1.0
6287.3			1.0
6288.200000000001			1.0
6289.1			1.0
6290.0			1.0
6290.9			1.0
6291.8			1.0
6292.700000000001			1.0
6293.6			1.0
6294.5			1.0
6295.4			1.0
6296.3			1.0
6297.200000000001			1.0
6298.1			0.9831214702279357
6299.0			0.9796844157311241
6299.9			0.9610969739288496
6300.8			0.9211143147906802
6301.700000000001			0.8984616241842807
6302.6			0.9196243369624771
6303.5			0.9645211976438749
6304.4			0.9953937443255702
6305.3			0.9978276668335584
6306.200000000001			1.0
6307.1			1.0
6308.0			1.0
6308.9			1.0
6309.8			0.9759278463772587
6310.700000000001			0.9687300078799275
6311.6			0.9814370810411753
6312.5			0.9958562056353782
6313.4			0.984376928885939
6314.3			0.940897308487995
6315.200000000001			0.9133261073240525
6316.1			0.926150526491775
6317.0			0.9350155392290284
6317.9			0.9163351665955777
6318.8			0.9125757794081304
6319.700000000001			0.9352184642521327
6320.6			0.9530727817041709
6321.5			0.9525218989443465
6322.4			0.951884649971608
6323.3			0.9736516553197176
6324.200000000001			1.0099106052484499
6325.1			1.027688872927779
6326.0			1.020020599791465
6326.9			1.0058595883176389
6327.8			1.0000272354122453
6328.700000000001			1.0
6329.6			1.0
6330.5			1.0
6331.4			1.0
6332.3			1.0158222545675186
6333.200000000001			1.0202942288384893
6334.1			0.9965120129269778
6335.0			0.9517618441883671
6335.9			0.9251710833840787
6336.8			0.9354451981607814
6337.700000000001			0.9627313650495772
6338.6			0.9804018977692496
6339.5			0.9983810348074101
6340.4			1.0
6341.3			1.0
6342.200000000001			1.0
6343.1			1.0
6344.0			1.0
6344.9			1.0
6345.8			1.0
6346.700000000001			1.0
6347.6			1.0
6348.5			1.0
6349.4			1.0
6350.3			1.0
6351.200000000001			1.0
6352.1			1.0
6353.0			1.0
6353.9			1.0
6354.8			1.0
6355.700000000001			1.0
6356.6			1.0
6357.5			1.0
6358.4			1.0
6359.3			1.0
6360.200000000001			1.0
6361.1			1.0
6362.0			1.0
6362.9			1.0
6363.8			1.0
6364.700000000001			1.0
6365.6			1.0
6366.5			1.0
6367.4			1.0
6368.3			1.0
6369.200000000001			1.0
6370.1			1.0
6371.0			1.0
6371.9			1.0
6372.8			1.0
6373.700000000001			1.0
6374.6			1.0
6375.5			1.0
6376.4			1.0
6377.3			1.0
6378.200000000001			1.0
6379.1			1.0
6380.0			1.0
6380.9			1.0
6381.8			1.0
6382.700000000001			1.0
6383.6			1.0
6384.5			1.0
6385.4			1.0
6386.3			1.0
6387.200000000001			1.0
6388.1			1.0
6389.0			1.0
6389.9			1.0
6390.8			1.0
6391.700000000001			1.0
6392.6			1.0
6393.5			1.0
6394.4			1.0
6395.3			1.0
6396.200000000001			1.0
6397.1			1.003009497915112
6398.0			0.9846314658600303
6398.9			0.9364232145381679
6399.8			0.8869623009148042
6400.700000000001			0.8994334032326112
6401.6			0.9602083860227412
6402.5			0.9989919827539887
6403.4			1.0
6404.3			1.0
6405.200000000001			1.0
6406.1			1.0
6407.0			1.0
6407.9			1.0
6408.8			1.0
6409.700000000001			1.0
6410.6			1.0
6411.5			1.0
6412.4			1.0
6413.3			1.0
6414.200000000001			1.0
6415.1			1.0
6416.0			1.0
6416.9			1.0
6417.8			1.0022713074793845
6418.700000000001			0.9928925682122546
6419.6			0.9543288729619425
6420.5			0.9193243618370398
6421.4			0.9264978490455532
6422.3			0.9697366776248846
6423.200000000001			1.0049426142614242
6424.1			1.0
6425.0			1.0
6425.9			1.0
6426.8			1.0
6427.700000000001			1.0
6428.6			1.0
6429.5			1.0
6430.4			1.0
6431.3			1.0
6432.200000000001			1.0
6433.1			1.0
6434.0			1.0
6434.9			1.0
6435.8			1.0
6436.700000000001			1.0
6437.6			1.0
6438.5			1.0
6439.4			1.0
6440.3			1.0
6441.200000000001			1.0
6442.1			1.0
6443.0			1.0
6443.9			1.0
6444.8			1.0
6445.700000000001			1.0
6446.6			1.0
6447.5			1.0
6448.4			1.0
6449.3			1.0
6450.200000000001			1.0
6451.1			1.0
6452.0			1.0
6452.9			1.0
6453.8			0.9846934587301994
6454.700000000001			0.9421250075248085
6455.6			0.8888031954410077
6456.5			0.8754268802381429
6457.4			0.9208735231001699
6458.3			0.9750628963222484
6459.200000000001			0.9997395793281294
6460.1			1.0
6461.0			1.0
6461.9			1.0
6462.8			1.0
6463.700000000001			1.0
6464.6			1.0
6465.5			1.0
6466.4			1.0
6467.3			1.0
6468.200000000001			1.0
6469.1			1.0
6470.0			1.0
6470.9			1.0
6471.8			1.0
6472.700000000001			1.0
6473.6			1.0
6474.5			1.0
6475.4			1.0
6476.3			1.0
6477.200000000001			1.0
6478.1			1.0
6479.0			1.0
6479.9			1.0
6480.8			1.0
6481.700000000001			1.0
6482.6			1.0
6483.5			1.0
6484.4			1.0
6485.3			1.0
6486.200000000001			1.0
6487.1			1.0
6488.0			1.0
6488.9			1.0
6489.8			1.0
6490.700000000001			0.9756862058617779
6491.6			0.9525834360342287
6492.5			0.9254001139321815
6493.4			0.8751481043357983
6494.3			0.8205265502623188
6495.200000000001			0.7917181024624709
6496.1			0.789392317148783
6497.0			0.8205498757513485
6497.9			0.876728809544857
6498.8			0.9188352010523836
6499.700000000001			0.9459959990432685
6500.6			0.9754836004256953
6501.5			0.9999030791753013
6502.4			1.0
6503.3			1.0
6504.200000000001			1.0
6505.1			1.0
6506.0			1.0
6506.9			1.0
6507.8			1.0
6508.700000000001			1.0
6509.6			1.0
6510.5			1.0
6511.4			1.0
6512.3			1.0
6513.200000000001			1.0
6514.1			1.0
6515.0			1.0
6515.9			1.0
6516.8			1.0
6517.700000000001			1.0
6518.6			1.0
6519.5			1.0
6520.4			1.0
6521.3			1.0
6522.200000000001			1.0
6523.1			1.0
6524.0			1.0
6524.9			1.0
6525.8			1.0
6526.700000000001			1.0
6527.6			1.0
6528.5			1.0
6529.4			1.0
6530.3			1.0
6531.200000000001			1.0
6532.1			1.0
6533.0			1.0
6533.9			1.0
6534.8			1.0
6535.700000000001			1.0
6536.6			1.0
6537.5			1.0
6538.4			1.0
6539.3			1.0
6540.200000000001			1.0
6541.1			1.0
6542.0			1.0
6542.9			1.0
6543.8			1.0
6544.700000000001			1.0
6545.6			1.0
6546.5			1.0
6547.4			1.0
6548.3			1.0
6549.200000000001			1.0
6550.1			1.0
6551.0			1.0
6551.9			1.0
6552.8			1.0
6553.700000000001			1.0
6554.6			1.0
6555.5			1.0
6556.4			1.0
6557.3			1.0
6558.200000000001			1.0
6559.1			0.9580232229573462
6560.0			0.8880667896546964
6560.9			0.7692333294307125
6561.8			0.6129496002984671
6562.700000000001			0.525349813335711
6563.6			0.5972034385986935
6564.5			0.7733625856060634
6565.4			0.9253957789733521
6566.3			1.0002243841126082
6567.200000000001			1.0
6568.1			1.0
6569.0			1.0
6569.9			1.0
6570.8			1.0
6571.700000000001			1.0
6572.6			1.0
6573.5			1.0
6574.4			1.0
6575.3			1.0
6576.200000000001			1.0
6577.1			1.0
6578.0			1.0
6578.9			1.0
6579.8			1.0
6580.700000000001			1.0
6581.6			1.0
6582.5			1.0
6583.4			1.0
6584.3			1.0
6585.200000000001			1.0
6586.1			1.0
6587.0			1.0
6587.9			1.0
6588.8			1.0
6589.700000000001			1.0
6590.6			0.9902988228175643
6591.5			0.9505301428380842
6592.4			0.8980193839904748
6593.3			0.8817726110618576
6594.200000000001			0.9213134760245499
6595.1			0.9748735894867379
6596.0			1.0001317151858355
6596.9			1.0
6597.8			1.0
6598.700000000001			1.0
6599.6			1.0
6600.5			1.0
6601.4			1.0
6602.3			1.0
6603.200000000001			1.0
6604.1			1.0
6605.0			1.0
6605.9			1.0
6606.8			1.0
6607.700000000001			1.0
6608.6			1.0
6609.5			1.0
6610.4			1.0
6611.3			1.0
6612.200000000001			1.0
6613.1			1.0
6614.0			1.0
6614.9			1.0
6615.8			1.0
6616.700000000001			1.0
6617.6			1.0
6618.5			1.0
6619.4			1.0
6620.3			1.0
6621.200000000001			1.0
6622.1			1.0
6623.0			1.0
6623.9			1.0
6624.8			1.0
6625.700000000001			1.0
6626.6			1.0
6627.5			1.0
6628.4			1.0
6629.3			1.0
6630.200000000001			1.0
6631.1			1.0
6632.0			1.0
6632.9			1.0
6633.8			1.0
6634.700000000001			1.0
6635.6			1.0
6636.5			1.0
6637.4			1.0
6638.3			1.0
6639.200000000001			1.0
6640.1			1.0
6641.0			1.0
6641.9			1.0
6642.8			1.0
6643.700000000001			1.0
6644.6			1.0
6645.5			1.0
6646.4			1.0
6647.3			1.0
6648.200000000001			1.0
6649.1			1.0
6650.0			1.0
6650.9			1.0
6651.8			1.0
6652.700000000001			1.0
6653.6			1.0
6654.5			1.0
6655.4			1.0
6656.3			1.0
6657.200000000001			1.0
6658.1			1.0
6659.0			1.0
6659.9			1.0
6660.8			1.0
6661.700000000001			1.0
6662.6			1.0
6663.5			1.0
6664.4			1.0
6665.3			1.0
6666.200000000001			1.0
6667.1			1.0
6668.0			1.0
6668.9			1.0
6669.8			1.0
6670.700000000001			1.0
6671.6			1.0
6672.5			1.0
6673.4			1.0
6674.3			1.0
6675.200000000001			1.0
6676.1			1.0
6677.0			1.0
6677.9			1.0
6678.8			1.0
6679.700000000001			1.0
6680.6			1.0
6681.5			1.0
6682.4			1.0
6683.3			1.0
6684.200000000001			1.0
6685.1			1.0
6686.0			1.0
6686.9			1.0
6687.8			1.0
6688.700000000001			1.0
6689.6			1.0
6690.5			1.0
6691.4			1.0
6692.3			1.0
6693.200000000001			1.0
6694.1			1.0
6695.0			1.0
6695.9			1.0
6696.8			1.0
6697.700000000001			1.0
6698.6			1.0
6699.5			1.0
6700.4			1.0
6701.3			1.0
6702.200000000001			1.0
6703.1			1.0
6704.0			1.0
6704.9			1.0
6705.8			1.0
6706.700000000001			1.0
6707.6			1.0
6708.5			1.0
6709.4			1.0
6710.3			1.0
6711.200000000001			1.0
6712.1			1.0
6713.0			1.0
6713.9			1.0
6714.8			1.0
6715.700000000001			1.0
6716.6			1.0
6717.5			1.0
6718.4			1.0
6719.3			1.0
6720.200000000001			1.0
6721.1			1.0
6722.0			1.0
6722.9			1.0
6723.8			1.0
6724.700000000001			1.0
6725.6			1.0
6726.5			1.0
6727.4			1.0
6728.3			1.0
6729.200000000001			1.0
6730.1			1.0
6731.0			1.0
6731.9			1.0
6732.8			1.0
6733.700000000001			1.0
6734.6			1.0
6735.5			1.0
6736.4			1.0
6737.3			1.0
6738.200000000001			1.0
6739.1			1.0
6740.0			1.0
6740.9			1.0
6741.8			1.0
6742.700000000001			1.0
6743.6			1.0
6744.5			1.0
6745.4			1.0
6746.3			1.0
6747.200000000001			1.0
6748.1			1.0
6749.0			1.0
6749.9			1.0
6750.8			1.0
6751.700000000001			1.0
6752.6			1.0
6753.5			1.0
6754.4			1.0
6755.3			1.0
6756.200000000001			1.0
6757.1			1.0
6758.0			1.0
6758.9			1.0
6759.8			1.0
6760.700000000001			1.0
6761.6			1.0
6762.5			1.0
6763.4			1.0
6764.3			1.0
6765.200000000001			1.0
6766.1			1.0
6767.0			1.0
6767.9			1.0
6768.8			1.0
6769.700000000001			1.0
6770.6			1.0
6771.5			1.0
6772.4			1.0
6773.3			1.0
6774.200000000001			1.0
6775.1			1.0
6776.0			1.0
6776.9			1.0
6777.8			1.0
6778.700000000001			1.0
6779.6			1.0
6780.5			1.0
6781.4			1.0
6782.3			1.0
6783.200000000001			1.0
6784.1			1.0
6785.0			1.0
6785.9			1.0
6786.8			1.0
6787.700000000001			1.0
6788.6			1.0
6789.5			1.0
6790.4			1.0
6791.3			1.0
6792.200000000001			1.0
6793.1			1.0
6794.0			1.0
6794.9			1.0
6795.8			1.0
6796.700000000001			1.0
6797.6			1.0
6798.5			1.0
6799.4			1.0
6800.3			1.0
6801.200000000001			1.0
6802.1			1.0
6803.0			1.0
6803.9			1.0
6804.8			1.0
6805.700000000001			1.0
6806.6			1.0
6807.5			1.0
6808.4			1.0
6809.3			1.0
6810.200000000001			1.0
6811.1			1.0
6812.0			1.0
6812.9			1.0
6813.8			1.0
6814.700000000001			1.0
6815.6			1.0
6816.5			1.0
6817.4			1.0
6818.3			1.0
6819.200000000001			1.0
6820.1			1.0
6821.0			1.0
6821.9			1.0
6822.8			1.0
6823.700000000001			1.0
6824.6			1.0
6825.5			1.0
6826.4			1.0
6827.3			1.0
6828.200000000001			1.0
6829.1			1.0
6830.0			1.0
6830.9			1.0
6831.8			1.0
6832.700000000001			1.0
6833.6			1.0
6834.5			1.0
6835.4			1.0
6836.3			1.0
6837.200000000001			1.0
6838.1			1.0
6839.0			1.0
6839.9			1.0
6840.8			1.0
6841.700000000001			1.0
6842.6			1.0
6843.5			1.0
6844.4			1.0
6845.3			1.0
6846.200000000001			1.0
6847.1			1.0
6848.0			1.0
6848.9			1.0
6849.8			1.0
6850.700000000001			1.0
6851.6			1.0
6852.5			1.0
6853.4			1.0
6854.3			1.0
6855.200000000001			1.0
6856.1			1.0
6857.0			1.0
6857.9			1.0
6858.8			1.0
6859.700000000001			1.0
6860.6			1.0
6861.5			1.0
6862.4			1.0
6863.3			1.0
6864.200000000001			1.0
6865.1			1.0
6866.0			1.0
6866.9			1.0
6867.8			1.0
6868.700000000001			1.0
6869.6			1.0
6870.5			1.0
6871.4			1.0
6872.3			1.0
6873.200000000001			1.0
6874.1			1.0
6875.0			1.0
6875.9			1.0
6876.8			1.0
6877.700000000001			1.0
6878.6			1.0
6879.5			1.0
6880.4			1.0
6881.3			1.0
6882.200000000001			1.0
6883.1			1.0
6884.0			1.0
6884.9			1.0
6885.8			1.0
6886.700000000001			1.0
6887.6			1.0
6888.5			1.0
6889.4			1.0
6890.3			1.0
6891.200000000001			1.0
6892.1			1.0
6893.0			1.0
6893.9			1.0
6894.8			1.0
6895.700000000001			1.0
6896.6			1.0
6897.5			1.0
6898.4			1.0
6899.3			1.0
6900.200000000001			1.0
6901.1			1.0
6902.0			1.0
6902.9			1.0
6903.8			1.0
6904.700000000001			1.0
6905.6			1.0
6906.5			1.0
6907.4			1.0
6908.3			1.0
6909.200000000001			1.0
6910.1			1.0
6911.0			1.0
6911.9			1.0
6912.8			1.0
6913.700000000001			1.0
6914.6			1.0
6915.5			1.0
6916.4			1.0
6917.3			1.0
6918.200000000001			1.0
6919.1			1.0
6920.0			1.0
6920.9			1.0
6921.8			1.0
6922.700000000001			1.0
6923.6			1.0
6924.5			1.0
6925.4			1.0
6926.3			1.0
6927.200000000001			1.0
6928.1			1.0
6929.0			1.0
6929.9			1.0
6930.8			1.0
6931.700000000001			1.0
6932.6			1.0
6933.5			1.0
6934.4			1.0
6935.3			1.0
6936.200000000001			1.0
6937.1			1.0
6938.0			1.0
6938.9			1.0
6939.8			1.0
6940.700000000001			1.0
6941.6			1.0
6942.5			1.0
6943.4			1.0
6944.3			1.0
6945.200000000001			1.0
6946.1			1.0
6947.0			1.0
6947.9			1.0
6948.8			1.0
6949.700000000001			1.0
6950.6			1.0
6951.5			1.0
6952.4			1.0
6953.3			1.0
6954.200000000001			1.0
6955.1			1.0
6956.0			1.0
6956.9			1.0
6957.8			1.0
6958.700000000001			1.0
6959.6			1.0
6960.5			1.0
6961.4			1.0
6962.3			1.0
6963.200000000001			1.0
6964.1			1.0
6965.0			1.0
6965.9			1.0
6966.8			1.0
6967.700000000001			1.0
6968.6			1.0
6969.5			1.0
6970.4			1.0
6971.3			1.0
6972.200000000001			1.0
6973.1			1.0
6974.0			1.0
6974.9			0.9758400034035037
6975.8			0.9556591256892271
6976.700000000001			0.9321945027537811
6977.6			0.9025665111139444
6978.5			0.8921857057977957
6979.4			0.918699287067946
6980.3			0.9593328879537808
6981.200000000001			0.987777915850186
6982.1			1.0008037117253126
6983.0			1.0
6983.9			1.0
6984.8			1.0
6985.700000000001			1.0
6986.6			1.0
6987.5			1.0
6988.4			1.0
6989.3			1.0
6990.200000000001			1.0
6991.1			1.0
6992.0			1.0
6992.9			1.0
6993.8			1.0
6994.700000000001			1.0
6995.6			1.0
6996.5			1.0
6997.4			1.0
6998.3			1.0
6999.200000000001			1.0
7000.1			1.0
7001.0			1.0
7001.9			1.0
7002.8			1.0
7003.700000000001			1.0
7004.6			1.0
7005.5			1.0
7006.4			1.0
7007.3			1.0
7008.200000000001			1.0
7009.1			1.0
7010.0			1.0
7010.9			1.0
7011.8			1.0
7012.700000000001			1.0
7013.6			1.0
7014.5			1.0
7015.4			1.0
7016.3			1.0
7017.200000000001			1.0
7018.1			1.0
7019.0			1.0
7019.9			1.0
7020.8			1.0
7021.700000000001			1.0
7022.6			1.0
7023.5			1.0
7024.4			1.0
7025.3			1.0
7026.200000000001			1.0
7027.1			1.0
7028.0			1.0
7028.9			1.0
7029.8			1.0
7030.700000000001			1.0
7031.6			1.0
7032.5			1.0
7033.4			1.0
7034.3			1.0
7035.200000000001			1.0
7036.1			1.0
7037.0			1.0
7037.9			1.0
7038.8			1.0
7039.700000000001			1.0
7040.6			1.0
7041.5			1.0
7042.4			1.0
7043.3			1.0
7044.200000000001			1.0
7045.1			1.0
7046.0			1.0
7046.9			1.0
7047.8			1.0
7048.700000000001			1.0
7049.6			1.0
7050.5			1.0
7051.4			1.0
7052.3			1.0
7053.200000000001			1.0
7054.1			1.0
7055.0			1.0
7055.9			1.0
7056.8			1.0
7057.700000000001			1.0
7058.6			1.0
7059.5			1.0
7060.4			1.0
7061.3			1.0
7062.200000000001			1.0
7063.1			1.0
7064.0			1.0
7064.9			1.0
7065.8			1.0
7066.700000000001			1.0
7067.6			1.0
7068.5			1.0
7069.4			1.0
7070.3			1.0
7071.200000000001			1.0
7072.1			1.0
7073.0			1.0
7073.9			1.0
7074.8			1.0
7075.700000000001			1.0
7076.6			1.0
7077.5			1.0
7078.4			1.0
7079.3			1.0
7080.200000000001			1.0
7081.1			1.0
7082.0			1.0
7082.9			1.0
7083.8			1.0
7084.700000000001			1.0
7085.6			1.0
7086.5			1.0
7087.4			1.0
7088.3			1.0
7089.200000000001			1.0
7090.1			1.0
7091.0			1.0
7091.9			1.0
7092.8			1.0
7093.700000000001			1.0
7094.6			1.0
7095.5			1.0
7096.4			1.0
7097.3			1.0
7098.200000000001			1.0
7099.1			1.0
7100.0			1.0
7100.9			1.0
7101.8			1.0
7102.700000000001			1.0
7103.6			1.0
7104.5			1.0
7105.4			1.0
7106.3			1.0
7107.200000000001			1.0
7108.1			1.0
7109.0			1.0
7109.9			1.0
7110.8			1.0
7111.700000000001			1.0
7112.6			1.0
7113.5			1.0
7114.4			1.0
7115.3			1.0
7116.200000000001			1.0
7117.1			1.0
7118.0			1.0
7118.9			1.0
7119.8			1.0
7120.700000000001			1.0
7121.6			1.0
7122.5			1.0
7123.4			1.0
7124.3			1.0
7125.200000000001			1.0
7126.1			1.0
7127.0			1.0
7127.9			1.0
7128.8			1.0
7129.700000000001			1.0
7130.6			1.0
7131.5			1.0
7132.4			1.0
7133.3			1.0
7134.200000000001			1.0
7135.1			1.0
7136.0			1.0
7136.9			1.0
7137.8			1.0
7138.700000000001			1.0
7139.6			1.0
7140.5			1.0
7141.4			1.0
7142.3			1.0
7143.200000000001			1.0
7144.1			1.0
7145.0			1.0
7145.9			1.0
7146.8			1.0
7147.700000000001			1.0
7148.6			1.0
7149.5			1.0
7150.4			1.0
7151.3			1.0
7152.200000000001			1.0
7153.1			1.0
7154.0			1.0
7154.9			1.0
7155.8			1.0
7156.700000000001			1.0
7157.6			1.0
7158.5			1.0
7159.4			1.0
7160.3			1.0
7161.200000000001			1.0
7162.1			1.0
7163.0			1.0
7163.9			1.0
7164.8			1.0
7165.700000000001			1.0
7166.6			1.0
7167.5			1.0
7168.4			1.0
7169.3			1.0
7170.200000000001			1.0
7171.1			1.0
7172.0			1.0
7172.9			1.0
7173.8			1.0
7174.700000000001			1.0
7175.6			1.0
7176.5			1.0
7177.4			1.0
7178.3			1.0
7179.200000000001			1.0
7180.1			1.0
7181.0			1.0
7181.9			1.0
7182.8			1.0
7183.700000000001			1.0
7184.6			1.0
7185.5			1.0
7186.4			1.0
7187.3			1.0
7188.200000000001			1.0
7189.1			1.0
7190.0			1.0
7190.9			1.0
7191.8			1.0
7192.700000000001			1.0
7193.6			1.0
7194.5			1.0
7195.4			1.0
7196.3			1.0
7197.200000000001			1.0
7198.1			1.0
7199.0			1.0
7199.9			1.0
7200.8			1.0
7201.700000000001			1.0
7202.6			1.0
7203.5			1.0
7204.4			1.0
7205.3			1.0
7206.200000000001			1.0
7207.1			1.0
7208.0			1.0
7208.9			1.0
7209.8			1.0
7210.700000000001			1.0
7211.6			1.0
7212.5			1.0
7213.4			1.0
7214.3			1.0
7215.200000000001			1.0
7216.1			1.0
7217.0			1.0
7217.9			1.0
7218.8			1.0
7219.700000000001			1.0
7220.6			1.0
7221.5			1.0
7222.4			1.0
7223.3			1.0
7224.200000000001			1.0
7225.1			1.0
7226.0			1.0
7226.9			1.0
7227.8			1.0
7228.700000000001			1.0
7229.6			1.0
7230.5			1.0
7231.4			1.0
7232.3			1.0
7233.200000000001			1.0
7234.1			1.0
7235.0			1.0
7235.9			1.0
7236.8			1.0
7237.700000000001			1.0
7238.6			1.0
7239.5			1.0
7240.4			1.0
7241.3			1.0
7242.200000000001			1.0
7243.1			1.0
7244.0			1.0
7244.9			1.0
7245.8			1.0
7246.700000000001			1.0
7247.6			1.0
7248.5			1.0
7249.4			1.0
7250.3			1.0
7251.200000000001			1.0
7252.1			1.0
7253.0			1.0
7253.9			1.0
7254.8			1.0
7255.700000000001			1.0
7256.6			1.0
7257.5			1.0
7258.4			1.0
7259.3			1.0
7260.200000000001			1.0
7261.1			1.0
7262.0			1.0
7262.9			1.0
7263.8			1.0
7264.700000000001			1.0
7265.6			1.0
7266.5			1.0
7267.4			1.0
7268.3			1.0
7269.200000000001			1.0
7270.1			1.0
7271.0			1.0
7271.9			1.0
7272.8			1.0
7273.700000000001			1.0
7274.6			1.0
7275.5			1.0
7276.4			1.0
7277.3			1.0
7278.200000000001			1.0
7279.1			1.0
7280.0			1.0
7280.9			1.0
7281.8			1.0
7282.700000000001			1.0
7283.6			1.0
7284.5			1.0
7285.4			1.0
7286.3			1.0
7287.200000000001			1.0
7288.1			1.0
7289.0			1.0
7289.9			1.0
7290.8			1.0
7291.700000000001			1.0
7292.6			1.0
7293.5			1.0
7294.4			1.0
7295.3			1.0
7296.200000000001			1.0
7297.1			1.0
7298.0			1.0
7298.9			1.0
7299.8			1.0
7300.700000000001			1.0
7301.6			1.0
7302.5			1.0
7303.4			1.0
7304.3			1.0
7305.200000000001			1.0
7306.1			1.0
7307.0			1.0
7307.9			1.0
7308.8			1.0
7309.700000000001			1.0
7310.6			1.0
7311.5			1.0
7312.4			1.0
7313.3			1.0
7314.200000000001			1.0
7315.1			1.0
7316.0			1.0
7316.9			1.0
7317.8			1.0
7318.700000000001			1.0
7319.6			1.0
7320.5			1.0
7321.4			1.0
7322.3			1.0
7323.200000000001			1.0
7324.1			1.0
7325.0			1.0
7325.9			1.0
7326.8			1.0
7327.700000000001			1.0
7328.6			1.0
7329.5			1.0
7330.4			1.0
7331.3			1.0
7332.200000000001			1.0
7333.1			1.0
7334.0			1.0
7334.9			1.0
7335.8			1.0
7336.700000000001			1.0
7337.6			1.0
7338.5			1.0
7339.4			1.0
7340.3			1.0
7341.200000000001			1.0
7342.1			1.0
7343.0			1.0
7343.9			1.0
7344.8			1.0
7345.700000000001			1.0
7346.6			1.0
7347.5			1.0
7348.4			1.0
7349.3			1.0
7350.200000000001			1.0
7351.1			1.0
7352.0			1.0
7352.9			1.0
7353.8			1.0
7354.700000000001			1.0
7355.6			1.0
7356.5			1.0
7357.4			1.0
7358.3			1.0
7359.200000000001			1.0
7360.1			1.0
7361.0			1.0
7361.9			1.0
7362.8			1.0
7363.700000000001			1.0
7364.6			1.0
7365.5			1.0
7366.4			1.0
7367.3			1.0
7368.200000000001			1.0
7369.1			1.0
7370.0			1.0
7370.9			1.0
7371.8			1.0
7372.700000000001			1.0
7373.6			1.0
7374.5			1.0
7375.4			1.0
7376.3			1.0
7377.200000000001			1.0
7378.1			1.0
7379.0			1.0
7379.9			1.0
7380.8			1.0
7381.700000000001			1.0
7382.6			1.0
7383.5			1.0
7384.4			1.0
7385.3			1.0
7386.200000000001			1.0
7387.1			1.0
7388.0			1.0
7388.9			1.0
7389.8			1.0
7390.700000000001			1.0
7391.6			1.0
7392.5			1.0
7393.4			1.0
7394.3			1.0
7395.200000000001			1.0
7396.1			1.0
7397.0			1.0
7397.9			1.0
7398.8			1.0
7399.700000000001			1.0
7400.6			1.0
7401.5			1.0
7402.4			1.0
7403.3			1.0
7404.200000000001			1.0
7405.1			1.0
7406.0			1.0
7406.9			1.0
7407.8			1.0
7408.700000000001			1.0
7409.6			1.0
7410.5			1.0
7411.4			1.0
7412.3			1.0
7413.200000000001			1.0
7414.1			1.0
7415.0			1.0
7415.9			1.0
7416.8			1.0
7417.700000000001			1.0
7418.6			1.0
7419.5			1.0
7420.4			1.0
7421.3			1.0
7422.200000000001			1.0
7423.1			1.0
7424.0			1.0
7424.9			1.0
7425.8			1.0
7426.700000000001			1.0
7427.6			1.0
7428.5			1.0
7429.4			1.0
