3500.0			1.0
3500.9			1.0
3501.8			1.0
3502.7			1.0
3503.6			1.0
3504.5			1.0
3505.4			1.0
3506.3			1.0
3507.2			1.0
3508.1			1.0
3509.0			1.0
3509.9			1.0
3510.8			1.0
3511.7			1.0
3512.6			1.0
3513.5			1.0
3514.4			1.0
3515.3			1.0
3516.2			1.0
3517.1			1.0
3518.0			1.0
3518.9			1.0
3519.8			1.0
3520.7			1.0
3521.6			1.0
3522.5			1.0
3523.4			1.0
3524.3			1.0
3525.2			1.0
3526.1			1.0
3527.0			1.0
3527.9			1.0
3528.8			1.0
3529.7			1.0
3530.6			1.0
3531.5			1.0
3532.4			1.0
3533.3			1.0
3534.2			1.0
3535.1			1.0
3536.0			1.0
3536.9			1.0
3537.8			1.0
3538.7			1.0
3539.6			1.0
3540.5			1.0
3541.4			1.0
3542.3			1.0
3543.2			1.0
3544.1			1.0
3545.0			1.0
3545.9			1.0
3546.8			1.0
3547.7			1.0
3548.6			1.0
3549.5			1.0
3550.4			1.0
3551.3			1.0
3552.2			1.0
3553.1			1.0
3554.0			1.0
3554.9			1.0
3555.8			1.0
3556.7			1.0
3557.6			1.0
3558.5			1.0
3559.4			1.0
3560.3			1.0
3561.2			1.0
3562.1			1.0
3563.0			1.0
3563.9			1.0
3564.8			1.0
3565.7			1.0
3566.6			1.0
3567.5			1.0
3568.4			1.0
3569.3			1.0
3570.2			1.0
3571.1			1.0
3572.0			1.0
3572.9			1.0
3573.8			1.0
3574.7			1.0
3575.6			1.0
3576.5			1.0
3577.4			1.0
3578.3			1.0
3579.2			1.0
3580.1			1.0
3581.0			1.0
3581.9			1.0
3582.8			1.0
3583.7			1.0
3584.6			1.0
3585.5			1.0
3586.4			1.0
3587.3			1.0
3588.2			1.0
3589.1			1.0
3590.0			1.0
3590.9			1.0
3591.8			1.0
3592.7			1.0
3593.6			1.0
3594.5			1.0
3595.4			1.0
3596.3			1.0
3597.2			1.0
3598.1			1.0
3599.0			1.0
3599.9			1.0
3600.8			1.0
3601.7			1.0
3602.6			1.0
3603.5			1.0
3604.4			1.0
3605.3			1.0
3606.2			1.0
3607.1			1.0
3608.0			1.0
3608.9			1.0
3609.8			1.0
3610.7			1.0
3611.6			1.0
3612.5			1.0
3613.4			1.0
3614.3			1.0
3615.2			1.0
3616.1			1.0
3617.0			1.0
3617.9			1.0
3618.8			1.0
3619.7			1.0
3620.6			1.0
3621.5			1.0
3622.4			1.0
3623.3			1.0
3624.2			1.0
3625.1			1.0
3626.0			1.0
3626.9			1.0
3627.8			1.0
3628.7			1.0
3629.6			1.0
3630.5			1.0
3631.4			1.0
3632.3			1.0
3633.2			1.0
3634.1			1.0
3635.0			1.0
3635.9			1.0
3636.8			1.0
3637.7			1.0
3638.6			1.0
3639.5			1.0
3640.4			1.0
3641.3			1.0
3642.2			1.0
3643.1			1.0
3644.0			1.0
3644.9			1.0
3645.8			1.0
3646.7			1.0
3647.6			1.0
3648.5			1.0
3649.4			1.0
3650.3			1.0
3651.2			1.0
3652.1			1.0
3653.0			1.0
3653.9			1.0
3654.8			1.0
3655.7			1.0
3656.6			1.0
3657.5			1.0
3658.4			1.0
3659.3			1.0
3660.2			1.0
3661.1			1.0
3662.0			1.0
3662.9			1.0
3663.8			1.0
3664.7			1.0
3665.6			1.0
3666.5			1.0
3667.4			1.0
3668.3			1.0
3669.2			1.0
3670.1			1.0
3671.0			1.0
3671.9			1.0
3672.8			1.0
3673.7			1.0
3674.6			1.0
3675.5			1.0
3676.4			1.0
3677.3			1.0
3678.2			1.0
3679.1			1.0
3680.0			1.0
3680.9			1.0
3681.8			1.0
3682.7			1.0
3683.6			1.0
3684.5			1.0
3685.4			1.0
3686.3			1.0
3687.2			1.0
3688.1			1.0
3689.0			1.0
3689.9			1.0
3690.8			1.0
3691.7			1.0
3692.6			1.0
3693.5			1.0
3694.4			1.0
3695.3			1.0
3696.2			1.0
3697.1			1.0
3698.0			1.0
3698.9			1.0
3699.8			1.0
3700.7			1.0
3701.6			1.0
3702.5			1.0
3703.4			1.0
3704.3			1.0
3705.2			1.0
3706.1			1.0
3707.0			1.0
3707.9			1.0
3708.8			1.0
3709.7			1.0
3710.6			1.0
3711.5			1.0
3712.4			1.0
3713.3			1.0
3714.2			1.0
3715.1			1.0
3716.0			1.0
3716.9			1.0
3717.8			1.0
3718.7			1.0
3719.6			1.0
3720.5			1.0
3721.4			1.0
3722.3			1.0
3723.2			1.0
3724.1			1.0
3725.0			1.0
3725.9			1.0
3726.8			1.0
3727.7			1.0
3728.6			1.0
3729.5			1.0
3730.4			1.0
3731.3			1.0
3732.2			1.0
3733.1			1.0
3734.0			1.0
3734.9			1.0
3735.8			1.0
3736.7			1.0
3737.6			1.0
3738.5			1.0
3739.4			1.0
3740.3			1.0
3741.2			1.0
3742.1			1.0
3743.0			1.0
3743.9			1.0
3744.8			1.0
3745.7			1.0
3746.6			1.0
3747.5			1.0
3748.4			1.0
3749.3			1.0
3750.2			1.0
3751.1			1.0
3752.0			1.0
3752.9			1.0
3753.8			1.0
3754.7			1.0
3755.6			1.0
3756.5			1.0
3757.4			1.0
3758.3			1.0
3759.2			1.0
3760.1			1.0
3761.0			1.0
3761.9			1.0
3762.8			1.0
3763.7			1.0
3764.6			1.0
3765.5			1.0
3766.4			1.0
3767.3			1.0
3768.2			1.0
3769.1			1.0
3770.0			1.0
3770.9			1.0
3771.8			1.0
3772.7			1.0
3773.6			1.0
3774.5			1.0
3775.4			1.0
3776.3			1.0
3777.2			1.0
3778.1			1.0
3779.0			1.0
3779.9			1.0
3780.8			1.0
3781.7			1.0
3782.6			1.0
3783.5			1.0
3784.4			1.0
3785.3			1.0
3786.2			1.0
3787.1			1.0
3788.0			1.0
3788.9			1.0
3789.8			1.0
3790.7			1.0
3791.6			1.0
3792.5			1.0
3793.4			1.0
3794.3			1.0
3795.2			1.0
3796.1			1.0
3797.0			1.0
3797.9			1.0
3798.8			1.0
3799.7			1.0
3800.6			1.0
3801.5			1.0
3802.4			1.0
3803.3			1.0
3804.2			1.0
3805.1			1.0
3806.0			1.0
3806.9			1.0
3807.8			1.0
3808.7			1.0
3809.6			1.0
3810.5			1.0
3811.4			1.0
3812.3			1.0
3813.2			1.0
3814.1			1.0
3815.0			1.0
3815.9			1.0
3816.8			1.0
3817.7			1.0
3818.6			1.0
3819.5			1.0
3820.4			1.0
3821.3			1.0
3822.2			1.0
3823.1			1.0
3824.0			1.0
3824.9			1.0
3825.8			1.0
3826.7			1.0
3827.6			1.0
3828.5			1.0
3829.4			1.0
3830.3			1.0
3831.2			1.0
3832.1			1.0
3833.0			1.0
3833.9			1.0
3834.8			1.0
3835.7			1.0
3836.6			1.0
3837.5			1.0
3838.4			1.0
3839.3			1.0
3840.2			1.0
3841.1			1.0
3842.0			1.0
3842.9			1.0
3843.8			1.0
3844.7			1.0
3845.6			1.0
3846.5			1.0
3847.4			1.0
3848.3			1.0
3849.2			1.0
3850.1			1.0
3851.0			1.0
3851.9			1.0
3852.8			1.0
3853.7			1.0
3854.6			1.0
3855.5			1.0
3856.4			1.0
3857.3			1.0
3858.2			1.0
3859.1			1.0
3860.0			1.0
3860.9			1.0
3861.8			1.0
3862.7			1.0
3863.6			1.0
3864.5			1.0
3865.4			1.0
3866.3			1.0
3867.2			1.0
3868.1			1.0
3869.0			1.0
3869.9			1.0
3870.8			1.0
3871.7			1.0
3872.6			1.0
3873.5			1.0
3874.4			1.0
3875.3			1.0
3876.2			1.0
3877.1			1.0
3878.0			1.0
3878.9			1.0
3879.8			1.0
3880.7			1.0
3881.6			1.0
3882.5			1.0
3883.4			1.0
3884.3			1.0
3885.2			1.0
3886.1			1.0
3887.0			1.0
3887.9			1.0
3888.8			1.0
3889.7			1.0
3890.6			1.0
3891.5			1.0
3892.4			1.0
3893.3			1.0
3894.2			1.0
3895.1			1.0
3896.0			1.0
3896.9			1.0
3897.8			1.0
3898.7			1.0
3899.6			1.0
3900.5			1.0
3901.4			1.0
3902.3			1.0
3903.2			1.0
3904.1			1.0
3905.0			1.0
3905.9			1.0
3906.8			1.0
3907.7			1.0
3908.6			1.0
3909.5			1.0
3910.4			1.0
3911.3			1.0
3912.2			1.0
3913.1			1.0
3914.0			1.0
3914.9			1.0
3915.8			1.0
3916.7			1.0
3917.6			1.0
3918.5			1.0
3919.4			1.0
3920.3			1.0
3921.2			1.0
3922.1			1.0
3923.0			1.0
3923.9			1.0
3924.8			1.0
3925.7			1.0
3926.6			1.0
3927.5			1.0
3928.4			1.0
3929.3			1.0
3930.2			1.0
3931.1			1.0
3932.0			1.0
3932.9			1.0
3933.8			1.0
3934.7			1.0
3935.6			1.0
3936.5			1.0
3937.4			1.0
3938.3			1.0
3939.2			1.0
3940.1			1.0
3941.0			1.0
3941.9			1.0
3942.8			1.0
3943.7			1.0
3944.6			1.0
3945.5			1.0
3946.4			1.0
3947.3			1.0
3948.2			1.0
3949.1			1.0
3950.0			1.0
3950.9			1.0
3951.8			1.0
3952.7			1.0
3953.6			1.0
3954.5			1.0
3955.4			1.0
3956.3			1.0
3957.2			1.0
3958.1			1.0
3959.0			1.0
3959.9			1.0
3960.8			1.0
3961.7			1.0
3962.6			1.0
3963.5			1.0
3964.4			1.0
3965.3			1.0
3966.2			1.0
3967.1			1.0
3968.0			1.0
3968.9			1.0
3969.8			1.0
3970.7			1.0
3971.6			1.0
3972.5			1.0
3973.4			1.0
3974.3			1.0
3975.2			1.0
3976.1			1.0
3977.0			1.0
3977.9			1.0
3978.8			1.0
3979.7			1.0
3980.6			1.0
3981.5			1.0
3982.4			1.0
3983.3			1.0
3984.2			1.0
3985.1			1.0
3986.0			1.0
3986.9			1.0
3987.8			1.0
3988.7			1.0
3989.6			1.0
3990.5			1.0
3991.4			1.0
3992.3			1.0
3993.2			1.0
3994.1			1.0
3995.0			1.0
3995.9			1.0
3996.8			1.0
3997.7			1.0
3998.6			1.0
3999.5			1.0
4000.4			1.0
4001.3			1.0
4002.2			1.0
4003.1			1.039363720400862
4004.0			0.9656137536854204
4004.9			0.7980687829769207
4005.8			0.7136833237135708
4006.7			0.7855573986057013
4007.6			0.9109340171559459
4008.5			1.0005525767528434
4009.4			1.0
4010.3			1.0
4011.2			1.0
4012.1			1.0
4013.0			1.0
4013.9			1.0
4014.8			1.0
4015.7			1.0
4016.6			1.0
4017.5			1.0
4018.4			1.0
4019.3			1.0
4020.2			1.0
4021.1			1.0
4022.0			1.0
4022.9			1.0
4023.8			1.0
4024.7			1.0
4025.6			1.0
4026.5			1.0
4027.4			1.0
4028.3			1.0455894726270019
4029.2			1.0047733251868072
4030.1			0.8542108783307678
4031.0			0.7186235172166222
4031.9			0.6750889504796659
4032.8			0.6575981422424945
4033.7			0.653552529038641
4034.6			0.6987533588322208
4035.5			0.7973818928503177
4036.4			0.9224224534023963
4037.3			1.0143149526902717
4038.2			1.036940797564876
4039.1			0.9999145897783277
4040.0			1.0
4040.9			1.0
4041.8			1.037186116158646
4042.7			1.0406147106248511
4043.6			0.9095897492069538
4044.5			0.6859842875431894
4045.4			0.52522475979905
4046.3			0.5572963158320611
4047.2			0.7476650640495525
4048.1			0.9211150990652045
4049.0			0.99961415447928
4049.9			1.0
4050.8			1.0
4051.7			1.0
4052.6			1.0
4053.5			1.0
4054.4			1.0
4055.3			1.0
4056.2			1.0
4057.1			1.0
4058.0			1.0
4058.9			1.0
4059.8			1.1261012421039853
4060.7			1.2032723890919126
4061.6			1.1261533492134912
4062.5			0.9128629069749328
4063.4			0.7379258369528107
4064.3			0.7787221110223246
4065.2			0.9453949970178179
4066.1			1.014349931332177
4067.0			0.9949947105856813
4067.9			1.0
4068.8			1.0
4069.7			1.0
4070.6			1.0
4071.5			1.0
4072.4			1.0
4073.3			1.0
4074.2			1.072480402984026
4075.1			0.9886858345076838
4076.0			0.8339295632796245
4076.9			0.7177708896629718
4077.8			0.7246698438531403
4078.7			0.8420076421687464
4079.6			1.000063140677385
4080.5			1.0
4081.4			1.0
4082.3			1.0
4083.2			1.0
4084.1			1.0
4085.0			1.0
4085.9			1.0
4086.8			1.0
4087.7			1.0
4088.6			1.0
4089.5			1.0
4090.4			1.0
4091.3			1.0
4092.2			1.0
4093.1			1.0
4094.0			1.0
4094.9			1.0
4095.8			1.0
4096.7			1.0
4097.6			1.026258142325103
4098.5			1.0612607767410112
4099.4			1.042771935093697
4100.3			0.9410452228178681
4101.2			0.8461333800351997
4102.1			0.8659577439626502
4103.0			0.9431310547851336
4103.9			0.9813004353068753
4104.8			1.0098686063669835
4105.7			1.0
4106.6			1.0
4107.5			1.0
4108.4			1.0
4109.3			1.0
4110.2			1.0
4111.1			1.0
4112.0			1.0
4112.9			1.0
4113.8			1.0
4114.7			1.0
4115.6			1.0
4116.5			1.0
4117.4			1.0
4118.3			1.0
4119.2			1.0
4120.1			1.0
4121.0			1.0
4121.9			1.0
4122.8			1.0
4123.7			1.0
4124.6			1.0
4125.5			1.0
4126.4			0.9747626191889832
4127.3			0.936020656999795
4128.2			0.9097591542248638
4129.1			0.8948674381967284
4130.0			0.8741780221752008
4130.9			0.834847438747478
4131.8			0.7726815928926517
4132.7			0.7380008223417739
4133.6			0.7556687913206762
4134.5			0.8081471481332326
4135.4			0.90172751023536
4136.3			0.9817473760543057
4137.2			0.9935410883869792
4138.1			0.9871373532409163
4139.0			1.0026566056533064
4139.9			1.0194415985803
4140.8			0.9933931912717129
4141.7			0.8768689623497761
4142.6			0.7036755594138001
4143.5			0.6077807335569455
4144.4			0.6688252708405538
4145.3			0.8075143927686033
4146.2			0.9054206428759947
4147.1			0.9332025110033416
4148.0			0.9134597140929523
4148.9			0.8578621922553541
4149.8			0.7975741664934977
4150.7			0.7760261306556281
4151.6			0.7856826276928026
4152.5			0.8065554938947989
4153.4			0.8252815930815228
4154.3			0.8269301207194789
4155.2			0.8157367561772042
4156.1			0.79784318759609
4157.0			0.8134835736258966
4157.9			0.8938465891780989
4158.8			0.9879123976875799
4159.7			1.0224077334267772
4160.6			1.001944802421632
4161.5			1.0
4162.4			1.0458806354222945
4163.3			1.0480952794485996
4164.2			0.9916305094599339
4165.1			0.9471425676042836
4166.0			0.9109788226972659
4166.9			0.8597314556505385
4167.8			0.8595604478125586
4168.7			0.9251772761754609
4169.6			0.9806042992925184
4170.5			0.986018030648426
4171.4			0.9031587255241782
4172.3			0.7675739040711265
4173.2			0.7090796812271645
4174.1			0.7579656167296419
4175.0			0.8287813273654111
4175.9			0.8549065841176375
4176.8			0.8231452304592609
4177.7			0.7827878115133057
4178.6			0.7968590043082934
4179.5			0.8375318498338955
4180.4			0.8447582070444349
4181.3			0.8256107969894521
4182.2			0.8423753836217753
4183.1			0.9056404486100215
4184.0			1.0
4184.9			1.0894423778085645
4185.8			1.0674794080148842
4186.7			1.0
4187.6			0.9156552512618176
4188.5			0.9601858633777518
4189.4			1.0221152205201918
4190.3			1.0150148725887904
4191.2			0.9918510879668491
4192.1			1.036030253799886
4193.0			1.1086879114798929
4193.9			1.0906432533989683
4194.8			0.989297159169299
4195.7			0.8707756767407961
4196.6			0.8036023930572501
4197.5			0.8037027086161215
4198.4			0.8337467141460265
4199.3			0.8877346844975008
4200.2			0.9234072560741865
4201.1			0.8820860148112806
4202.0			0.8337785677400078
4202.9			0.8719414042890844
4203.8			0.9353527548036293
4204.7			0.9589795982306989
4205.6			0.9998741720316636
4206.5			1.0
4207.4			1.0
4208.3			1.0
4209.2			1.0
4210.1			1.0
4211.0			1.0
4211.9			1.0
4212.8			1.0
4213.7			0.8900151563139493
4214.6			0.744504577568563
4215.5			0.6890818325001083
4216.4			0.8166729708454328
4217.3			1.018343066848247
4218.2			1.0
4219.1			1.0
4220.0			1.0
4220.9			1.0
4221.8			1.0
4222.7			0.9023752937357812
4223.6			0.797720584630518
4224.5			0.6825915308583379
4225.4			0.5288821036299192
4226.3			0.39213794952027664
4227.2			0.4246923824369947
4228.1			0.6461043364858587
4229.0			1.0
4229.9			1.1177956434375351
4230.8			1.1554355016103959
4231.7			1.114208090569721
4232.6			1.0062714114227074
4233.5			0.9355671066986565
4234.4			0.9247314487694734
4235.3			0.8819660106550029
4236.2			0.8128455906155491
4237.1			0.8020755109351946
4238.0			0.8351753539453023
4238.9			0.8496886360921324
4239.8			0.8605002686915227
4240.7			0.9027933968160619
4241.6			0.9316098897107169
4242.5			0.9149549674335021
4243.4			0.9297094392648808
4244.3			0.9950970848617005
4245.2			1.0
4246.1			1.0
4247.0			0.9321523011516043
4247.9			0.8715876024199233
4248.8			0.8325799731880238
4249.7			0.7960900232339623
4250.6			0.8057577415007205
4251.5			0.9128851951782603
4252.4			1.029529512461593
4253.3			1.0381902270733196
4254.2			0.9804649901803705
4255.1			1.0
4256.0			1.0
4256.9			1.1069956529809417
4257.8			1.069533816839723
4258.7			0.9137534431397554
4259.6			0.7633528892065771
4260.5			0.6930103326208049
4261.4			0.7465880586283303
4262.3			0.8772784155135067
4263.2			0.9702031712779491
4264.1			0.9867156717561365
4265.0			1.0
4265.9			1.0
4266.8			0.9548528467764551
4267.7			0.8692526538830891
4268.6			0.8151477618352478
4269.5			0.763143515959052
4270.4			0.654462514649999
4271.3			0.5411239759812362
4272.2			0.5388115420635726
4273.1			0.6152039062467267
4274.0			0.646583501874288
4274.9			0.6675611205665896
4275.8			0.7655668862491632
4276.7			0.8978844891952027
4277.6			0.9953116501359949
4278.5			1.0
4279.4			1.0
4280.3			1.0
4281.2			1.0
4282.1			1.0
4283.0			1.0
4283.9			1.0
4284.8			1.0
4285.7			1.0
4286.6			1.0
4287.5			1.038959063203696
4288.4			0.9709834187866256
4289.3			0.8293705183515749
4290.2			0.7658825122990048
4291.1			1.0
4292.0			1.1420934617984424
4292.9			1.2484832593840696
4293.8			1.2287973571234863
4294.7			1.1796499010966417
4295.6			1.1834719631108204
4296.5			1.1484511616844788
4297.4			1.061484367786044
4298.3			0.9340535718714686
4299.2			0.7788268160498105
4300.1			0.7245110728790164
4301.0			0.8017916131281003
4301.9			0.8647142536378578
4302.8			0.8524011072409591
4303.7			0.8516038249641039
4304.6			0.8583622048402136
4305.5			0.8322763577172303
4306.4			0.7853466296766543
4307.3			0.704605240831755
4308.2			0.6360300137305095
4309.1			0.6587810738385457
4310.0			0.7422808985294431
4310.9			0.8367004085307554
4311.8			0.9353061518871524
4312.7			1.0551261681045085
4313.6			1.1819021978168311
4314.5			1.325001136094336
4315.4			1.5857590035495368
4316.3			1.875487289111601
4317.2			1.9852135543605613
4318.1			1.956402418145406
4319.0			1.9074991105152934
4319.9			1.8426411529754498
4320.8			1.0
4321.7			0.9580953139430197
4322.6			0.8663300749805941
4323.5			0.701653293333259
4324.4			0.5467014491005744
4325.3			0.47002672933558526
4326.2			0.533544659033878
4327.1			0.7318246723363658
4328.0			0.9281211049296023
4328.9			1.00338953824964
4329.8			1.0
4330.7			1.0
4331.6			1.0
4332.5			1.0
4333.4			1.0
4334.3			1.0
4335.2			1.051646116015272
4336.1			1.0195433400345717
4337.0			0.8788640036030024
4337.9			0.7495021639603495
4338.8			0.6995837437535477
4339.7			0.6774059840752081
4340.6			0.6926602950817804
4341.5			0.7954572495592982
4342.4			0.9148506103064901
4343.3			0.9596375384093639
4344.2			0.9898626393255374
4345.1			1.0
4346.0			1.0
4346.9			1.0
4347.8			1.0
4348.7			1.0899681748483794
4349.6			1.1024451540384776
4350.5			0.9575748067924013
4351.4			0.7774495357786795
4352.3			0.7342530803960967
4353.2			0.8251664843401971
4354.1			0.9131193482428821
4355.0			0.9510235061302758
4355.9			0.9993107161159265
4356.8			1.0
4357.7			1.0
4358.6			1.0
4359.5			1.0
4360.4			1.0
4361.3			1.0
4362.2			1.0
4363.1			1.0
4364.0			1.0
4364.9			1.0
4365.8			1.0
4366.7			1.0
4367.6			1.0
4368.5			1.0
4369.4			1.0
4370.3			1.0
4371.2			1.0
4372.1			0.9943193813613684
4373.0			0.929308807969713
4373.9			0.8228856700242254
4374.8			0.7486871091730751
4375.7			0.7782548043019893
4376.6			0.8958918679105705
4377.5			1.0027366598833765
4378.4			1.0
4379.3			1.0
4380.2			0.9633885996615158
4381.1			0.923057278555202
4382.0			0.7997140671947652
4382.9			0.585014711534469
4383.8			0.45364447978027594
4384.7			0.5424578523374568
4385.6			0.7714784232005005
4386.5			0.9479296941374596
4387.4			0.9953534480675189
4388.3			1.0
4389.2			1.0
4390.1			1.0
4391.0			1.0
4391.9			1.0
4392.8			1.0
4393.7			1.0
4394.6			1.0
4395.5			1.0
4396.4			1.0
4397.3			1.0
4398.2			1.0
4399.1			0.9270295156531575
4400.0			0.8439274343245278
4400.9			0.8447310380047469
4401.8			0.9470737560108954
4402.7			0.9766252813982652
4403.6			0.8226979318989263
4404.5			0.6503371143395604
4405.4			0.6613063469552563
4406.3			0.7838341125674265
4407.2			0.8322928996565526
4408.1			0.8164102891213308
4409.0			0.872000614176595
4409.9			1.003297813050733
4410.8			1.0
4411.7			1.0
4412.6			1.0256486476831381
4413.5			0.9794016191178184
4414.4			0.8404488498487345
4415.3			0.754858577278723
4416.2			0.8116376393622085
4417.1			0.9111691503897393
4418.0			0.99602551163164
4418.9			1.0
4419.8			1.0
4420.7			1.0
4421.6			1.0
4422.5			1.0
4423.4			1.0
4424.3			1.0
4425.2			1.0
4426.1			1.0
4427.0			1.0
4427.9			1.0
4428.8			1.0
4429.7			1.0
4430.6			1.0
4431.5			1.0
4432.4			1.0320962148273451
4433.3			0.9675098047660556
4434.2			0.8571915749051214
4435.1			0.7883559329577742
4436.0			0.8165021571960974
4436.9			0.9154036689717138
4437.8			1.0043655122918445
4438.7			1.0
4439.6			1.0
4440.5			1.0
4441.4			1.0
4442.3			1.0
4443.2			1.0
4444.1			1.0
4445.0			1.0
4445.9			1.0
4446.8			1.0
4447.7			1.0
4448.6			1.0
4449.5			1.0
4450.4			1.0
4451.3			1.0
4452.2			1.0120905511056906
4453.1			0.9807362218660363
4454.0			0.910980330434257
4454.9			0.8463550837364227
4455.8			0.8447348782170798
4456.7			0.8848413571007321
4457.6			0.8961819389107809
4458.5			0.8715635602825476
4459.4			0.8511248318710756
4460.3			0.8308088635887219
4461.2			0.7929056501722389
4462.1			0.8065156436216936
4463.0			0.9147997776799625
4463.9			1.012556855536397
4464.8			1.028189097726265
4465.7			1.013179334172097
4466.6			1.0168320919022105
4467.5			1.024356902150004
4468.4			1.006577563966013
4469.3			0.9829609504260511
4470.2			0.9989385913930466
4471.1			1.0
4472.0			1.0
4472.9			1.0
4473.8			1.0
4474.7			1.0
4475.6			1.0
4476.5			1.0
4477.4			1.0396997317958094
4478.3			1.0097664242643913
4479.2			0.9162720945846498
4480.1			0.8222175198718248
4481.0			0.776271974109635
4481.9			0.7867807387641599
4482.8			0.8491393521616346
4483.7			0.9341439236255202
4484.6			1.0000018797794483
4485.5			1.0
4486.4			1.0
4487.3			1.0
4488.2			1.0
4489.1			1.0
4490.0			1.0
4490.9			1.0
4491.8			1.061505630345139
4492.7			1.0590639425523565
4493.6			0.9660363514540907
4494.5			0.8609886860096038
4495.4			0.8267582279310737
4496.3			0.8604233505940548
4497.2			0.9286338169092282
4498.1			0.9867373488794623
4499.0			1.004364020323014
4499.9			1.0
4500.8			1.0
4501.7			1.0
4502.6			1.0
4503.5			1.0
4504.4			1.0
4505.3			1.0
4506.2			1.0
4507.1			1.0
4508.0			0.9891081301054672
4508.9			1.0076555860033203
4509.8			1.0380573553686878
4510.7			1.0448920637729429
4511.6			1.0056159537942457
4512.5			0.9439989848826945
4513.4			0.896141568200894
4514.3			0.8779141181516996
4515.2			1.0
4516.1			1.0285009841009933
4517.0			1.0102367036622177
4517.9			0.9860600676131334
4518.8			1.0228469710955648
4519.7			1.0888107177686273
4520.6			1.1398342170569253
4521.5			1.131435622192728
4522.4			1.0569859094571246
4523.3			1.0162773808115169
4524.2			1.0163032121240718
4525.1			0.9869274166967984
4526.0			0.9243082495036617
4526.9			0.8661986056029681
4527.8			0.8275307945789768
4528.7			0.816601220127871
4529.6			0.8405546532027637
4530.5			0.873853659278554
4531.4			0.9321967481664885
4532.3			0.9966573683954724
4533.2			0.9853191137257777
4534.1			0.918038308259253
4535.0			0.8706850873172887
4535.9			0.9268763909676991
4536.8			1.0
4537.7			1.0719959353076969
4538.6			1.0432346914113209
4539.5			0.9798723326227545
4540.4			0.9224988942302611
4541.3			0.914043188643457
4542.2			0.9610481160697563
4543.1			0.999656698175425
4544.0			0.9638151512656469
4544.9			0.9098482261124167
4545.8			0.9165325426506181
4546.7			0.9496132081414473
4547.6			0.9579572632400603
4548.5			0.9202317660492046
4549.4			0.878492704387878
4550.3			0.9068322203183624
4551.2			0.9465887646248935
4552.1			0.9279475744375573
4553.0			0.8964328401303021
4553.9			0.8769115367075255
4554.8			0.8676684042180207
4555.7			0.89589032483114
4556.6			0.9637327330237564
4557.5			1.0169284095180262
4558.4			1.0313813143424178
4559.3			1.022343587765158
4560.2			1.000819349061938
4561.1			1.0
4562.0			1.0075683619416484
4562.9			0.9636231977991794
4563.8			0.8849400536229541
4564.7			0.8274782777128875
4565.6			0.8389460630428501
4566.5			0.9208921913394761
4567.4			1.0000322311302463
4568.3			1.0
4569.2			1.0
4570.1			1.0
4571.0			1.0
4571.9			1.0
4572.8			1.0774562475464977
4573.7			1.131346177895605
4574.6			1.100485962383966
4575.5			1.0723807928526847
4576.4			1.0740307629465164
4577.3			1.0664825722931197
4578.2			1.019894970117509
4579.1			0.9372592236027152
4580.0			1.0
4580.9			0.9868843874368664
4581.8			1.0351892639840414
4582.7			1.0716130353025095
4583.6			1.0629819247011918
4584.5			1.0410064597911528
4585.4			1.0112727211850794
4586.3			1.0021214121206743
4587.2			1.0499964185153965
4588.1			1.1132924740310315
4589.0			1.1455970613937565
4589.9			1.1282572538671751
4590.8			1.0653647942785107
4591.7			0.9970287554210826
4592.6			0.9648440214942733
4593.5			0.9545826140070288
4594.4			0.9269055188746679
4595.3			0.9007268973064991
4596.2			0.8976563959078081
4597.1			0.9048775441713811
4598.0			0.9244471022174199
4598.9			0.9449355853916646
4599.8			0.9168762041275289
4600.7			0.8803502121822795
4601.6			0.8978034086655983
4602.5			0.9211147904195054
4603.4			0.9122672999498496
4604.3			0.883451218372256
4605.2			0.8561544713299996
4606.1			0.870001891852169
4607.0			0.927618140023329
4607.9			0.9929799084984745
4608.8			1.0271380906511738
4609.7			1.0067663167008956
4610.6			1.0
4611.5			1.0
4612.4			1.0
4613.3			1.0
4614.2			1.0
4615.1			1.0
4616.0			1.0
4616.9			1.0
4617.8			1.0
4618.7			1.0
4619.6			1.0
4620.5			1.0
4621.4			1.0
4622.3			1.0
4623.2			1.0
4624.1			1.0
4625.0			1.0
4625.9			1.0
4626.8			1.0
4627.7			1.0
4628.6			1.0
4629.5			1.0
4630.4			1.0
4631.3			1.0
4632.2			1.0
4633.1			1.0
4634.0			1.0
4634.9			1.0
4635.8			1.0
4636.7			1.0
4637.6			1.0
4638.5			1.0
4639.4			1.0
4640.3			1.0
4641.2			1.0537915023007094
4642.1			1.084470523529506
4643.0			1.0567468317217381
4643.9			1.014693542558391
4644.8			0.9740057106117043
4645.7			0.9107901925746763
4646.6			0.8548942313784531
4647.5			0.8510844454872553
4648.4			0.8865718036130554
4649.3			0.9335515374785796
4650.2			0.9837892548791588
4651.1			1.0275690753191218
4652.0			1.0574249221494123
4652.9			1.0545972523121077
4653.8			1.0024405287282567
4654.7			1.0
4655.6			1.0
4656.5			1.0
4657.4			1.0
4658.3			1.0
4659.2			1.0
4660.1			1.0
4661.0			1.0
4661.9			1.0
4662.8			0.9385258381944382
4663.7			0.9250004485448389
4664.6			0.9387083373687538
4665.5			0.9026266127664673
4666.4			0.8016711708684213
4667.3			0.7298804749445372
4668.2			0.758168741327958
4669.1			0.843206100504618
4670.0			0.9263562191667823
4670.9			0.9857108101650628
4671.8			1.0003768735575151
4672.7			1.0
4673.6			1.0
4674.5			1.0
4675.4			1.0
4676.3			1.0
4677.2			0.9980760769231826
4678.1			0.9595986884663883
4679.0			0.9232880263742925
4679.9			0.8928628334457395
4680.8			0.8717351874519577
4681.7			0.878947435128293
4682.6			0.925770446556571
4683.5			0.9781881625885535
4684.4			0.9976693096324013
4685.3			1.0
4686.2			1.0
4687.1			1.0
4688.0			1.0
4688.9			1.0
4689.8			1.0
4690.7			1.0
4691.6			0.9860577195000594
4692.5			0.9950438688141415
4693.4			1.0137173285091972
4694.3			1.0441085520629598
4695.2			1.0822599338892087
4696.1			1.0974827509156688
4697.0			1.0576032370242177
4697.9			0.9738105478212878
4698.8			0.9212862918295759
4699.7			0.9326644711939464
4700.6			0.9511274482596582
4701.5			0.9503212278498137
4702.4			0.93843767213587
4703.3			0.939728094478388
4704.2			0.9704707859738247
4705.1			0.9994516186267051
4706.0			1.000662133874449
4706.9			1.0
4707.8			1.0
4708.7			1.0
4709.6			1.0
4710.5			1.0
4711.4			1.0
4712.3			1.0
4713.2			1.0
4714.1			1.0
4715.0			1.0
4715.9			1.0
4716.8			1.0
4717.7			1.0
4718.6			1.0
4719.5			1.0
4720.4			1.0
4721.3			1.0
4722.2			1.0
4723.1			1.002247982276707
4724.0			1.0398460285766151
4724.9			1.0724737725091171
4725.8			1.0575693821249437
4726.7			0.970336214859955
4727.6			0.8704617073739662
4728.5			0.8368556361460184
4729.4			0.8562947553275676
4730.3			0.8832751641582317
4731.2			0.9188040083188399
4732.1			0.9680795547189552
4733.0			0.9934022421627237
4733.9			1.0021261121756282
4734.8			1.0
4735.7			1.0
4736.6			1.0
4737.5			1.0
4738.4			1.0
4739.3			1.0
4740.2			1.0
4741.1			1.0
4742.0			1.0
4742.9			1.0
4743.8			1.0
4744.7			1.0
4745.6			1.0
4746.5			1.0
4747.4			1.0
4748.3			1.0
4749.2			1.0
4750.1			1.0
4751.0			1.0
4751.9			1.0
4752.8			1.0
4753.7			1.0
4754.6			1.0
4755.5			1.0
4756.4			1.0
4757.3			1.0
4758.2			1.0
4759.1			1.0
4760.0			1.023923730256739
4760.9			1.0033262341099438
4761.8			0.9531286051136472
4762.7			0.9269621911127488
4763.6			0.9245258036499313
4764.5			0.9015230770652947
4765.4			0.8668137526583074
4766.3			0.8649680864310653
4767.2			0.9090961313574758
4768.1			0.9642674495480394
4769.0			1.027425150475284
4769.9			1.0647325590703514
4770.8			1.041018806868106
4771.7			0.9988846221670072
4772.6			1.0017744085633031
4773.5			1.0
4774.4			1.0
4775.3			1.0
4776.2			0.9805328608546611
4777.1			1.0031148911107948
4778.0			1.0285752986978016
4778.9			1.0174336461044418
4779.8			0.9993433946280444
4780.7			0.9933168064842669
4781.6			0.9782886279595157
4782.5			0.9441087866211433
4783.4			0.9255216172844951
4784.3			0.952562680011714
4785.2			0.9587559693607499
4786.1			0.9154556725171332
4787.0			0.9101644920233917
4787.9			0.9417325451150258
4788.8			0.9370882977323347
4789.7			0.9217339488929004
4790.6			0.934691611806276
4791.5			0.9563000316953049
4792.4			0.9850654405829095
4793.3			1.0363344425148262
4794.2			1.0901094889965195
4795.1			1.0
4796.0			0.9772597452060742
4796.9			0.9428290939404053
4797.8			0.9077823197181322
4798.7			0.8726065667872928
4799.6			0.8572872197710096
4800.5			0.8796708137098163
4801.4			0.9389345112733306
4802.3			1.0
4803.2			1.0106858567510197
4804.1			0.9813752338033047
4805.0			0.9483707084104923
4805.9			0.9428611535456402
4806.8			0.9348744847798541
4807.7			0.9131851088323304
4808.6			0.9167017853055046
4809.5			0.9539583197763984
4810.4			0.9863953907256101
4811.3			0.9982029111646029
4812.2			0.9982009840951375
4813.1			0.9942020365187928
4814.0			0.9997209089270417
4814.9			1.0
4815.8			1.0
4816.7			1.0
4817.6			1.0
4818.5			1.0
4819.4			1.0
4820.3			1.0
4821.2			1.0
4822.1			0.9719076054334065
4823.0			0.9167138042477941
4823.9			0.8973049406585544
4824.8			0.9434184551896514
4825.7			0.9983296069897162
4826.6			1.0
4827.5			1.0
4828.4			1.0
4829.3			1.0
4830.2			1.0
4831.1			1.0
4832.0			1.0
4832.9			1.0
4833.8			1.0
4834.7			1.0228001626753878
4835.6			1.0145477975688046
4836.5			1.0092666187889316
4837.4			1.007527832960675
4838.3			0.9769396898935995
4839.2			0.9276226168808375
4840.1			0.9030266648574878
4841.0			0.9203355470413093
4841.9			0.9339637567194178
4842.8			0.9139928504501803
4843.7			0.9115408967236065
4844.6			0.9565910402300559
4845.5			1.0012301041554865
4846.4			1.0
4847.3			1.0
4848.2			1.0
4849.1			1.0
4850.0			1.0
4850.9			1.0
4851.8			1.0
4852.7			1.0
4853.6			1.0
4854.5			1.0
4855.4			1.0
4856.3			1.022948496612742
4857.2			1.0811719338259864
4858.1			1.0823995395624895
4859.0			1.0145663812136712
4859.9			0.8995372548761847
4860.8			0.7870424827740871
4861.7			0.7781003519135827
4862.6			0.8712200730739998
4863.5			0.9368863330266188
4864.4			0.953949866500817
4865.3			0.9824038874808916
4866.2			1.0086576576969561
4867.1			1.00033358127434
4868.0			1.0
4868.9			1.0095437671613572
4869.8			0.9896522724784999
4870.7			0.9080143786651146
4871.6			0.8516770861430937
4872.5			0.893792036983815
4873.4			0.9713733620761568
4874.3			1.0040770713622593
4875.2			1.0
4876.1			1.0
4877.0			1.0
4877.9			1.0
4878.8			1.0
4879.7			1.0
4880.6			1.0
4881.5			1.0
4882.4			1.0
4883.3			1.0
4884.2			0.9718362484685085
4885.1			0.9019587665170691
4886.0			0.860006139435017
4886.9			0.8719406451430238
4887.8			0.9014077039036984
4888.7			0.9123167255083958
4889.6			0.8835726989809626
4890.5			0.814870609345621
4891.4			0.7970235104616336
4892.3			0.882445987571026
4893.2			0.9858101394907979
4894.1			1.0473217459271724
4895.0			1.0712678393446604
4895.9			1.064289076252984
4896.8			1.046768447175984
4897.7			1.0344854281367375
4898.6			1.0029878484257895
4899.5			1.0
4900.4			1.0
4901.3			1.0
4902.2			1.0
4903.1			1.0
4904.0			1.0
4904.9			1.0
4905.8			1.0437233403760757
4906.7			1.038702952052724
4907.6			0.9919790251237729
4908.5			0.9368206122588775
4909.4			0.8844994186218846
4910.3			0.8554555683023435
4911.2			0.8690067637620302
4912.1			0.9079045221840504
4913.0			0.9396413696947822
4913.9			0.9646078595233677
4914.8			1.0
4915.7			1.0365886614482296
4916.6			1.0257448153216795
4917.5			0.9583688223371388
4918.4			0.8623387554405356
4919.3			0.7844957861017912
4920.2			0.7654505813735561
4921.1			0.8300117166384791
4922.0			0.9395410304879961
4922.9			1.0083985322454962
4923.8			1.0094065383533233
4924.7			1.0057483228441073
4925.6			1.0
4926.5			1.0
4927.4			1.0
4928.3			1.0
4929.2			1.0
4930.1			1.0
4931.0			1.0
4931.9			1.0
4932.8			1.0
4933.7			1.0
4934.6			1.016060054262196
4935.5			1.0445400908058506
4936.4			1.002888695798103
4937.3			0.9097039727594256
4938.2			0.8316282338588925
4939.1			0.8248944505178619
4940.0			0.8933242778706701
4940.9			0.9678467446518615
4941.8			0.9917056831113873
4942.7			1.0
4943.6			1.0
4944.5			1.0
4945.4			1.0
4946.3			1.0
4947.2			1.0
4948.1			1.0
4949.0			1.0
4949.9			1.0
4950.8			1.0
4951.7			1.0
4952.6			1.0
4953.5			1.0
4954.4			1.0
4955.3			1.0
4956.2			0.9189736700451843
4957.1			0.7945622515844813
4958.0			0.7803544178885815
4958.9			0.8953067862250647
4959.8			1.0002209936255053
4960.7			1.0
4961.6			1.0
4962.5			1.0
4963.4			1.0
4964.3			1.0
4965.2			1.0
4966.1			1.0
4967.0			1.0
4967.9			1.0
4968.8			1.0
4969.7			1.0
4970.6			1.0
4971.5			1.0
4972.4			1.0
4973.3			1.0
4974.2			1.0
4975.1			1.0
4976.0			1.0
4976.9			1.0
4977.8			1.0
4978.7			0.9685169826457566
4979.6			0.9719345713085065
4980.5			0.971335029442875
4981.4			0.9242791638013825
4982.3			0.8538167857939813
4983.2			0.8237097707774299
4984.1			0.8427592555586434
4985.0			0.8711703237858094
4985.9			0.9102201770452041
4986.8			0.9656293892425613
4987.7			0.996549312960281
4988.6			1.0
4989.5			1.0
4990.4			1.0
4991.3			1.0
4992.2			1.0
4993.1			1.0
4994.0			1.0
4994.9			1.0
4995.8			1.0
4996.7			1.0
4997.6			1.0
4998.5			1.0
4999.4			1.0
5000.3			1.0
5001.2			1.0016610396612986
5002.1			1.009796292519937
5003.0			1.0106130936169044
5003.9			0.9943275233956131
5004.8			0.9491177276723402
5005.7			0.8980647252162727
5006.6			0.9083765323740447
5007.5			0.9928276234931287
5008.4			1.0685712828426641
5009.3			1.0747085992197414
5010.2			1.0495976426899731
5011.1			1.0092339631072802
5012.0			0.9459619785255383
5012.9			0.8889762112135022
5013.8			0.8665573730382538
5014.7			0.8969530867171134
5015.6			0.9532846192734835
5016.5			0.9697652256624958
5017.4			0.9426098998133277
5018.3			0.9332039361599966
5019.2			0.9608923100731062
5020.1			0.9850617566419991
5021.0			0.9728357703128383
5021.9			0.9417610548100976
5022.8			0.9558915853080209
5023.7			1.003991097573919
5024.6			1.0274392927116975
5025.5			1.0278104964085457
5026.4			1.0006031611421533
5027.3			1.0
5028.2			1.0
5029.1			1.0
5030.0			1.0
5030.9			1.0
5031.8			1.0
5032.7			1.0
5033.6			1.0
5034.5			1.0
5035.4			1.0
5036.3			1.0
5037.2			1.0156058285162564
5038.1			1.0005780681112526
5039.0			0.9287288501579878
5039.9			0.8224436454370347
5040.8			0.7345252804616105
5041.7			0.7606875076909713
5042.6			0.8758212966739899
5043.5			0.9639445987257693
5044.4			1.0029172188098388
5045.3			1.0
5046.2			1.0
5047.1			1.0
5048.0			1.0
5048.9			1.0
5049.8			1.0
5050.7			1.0
5051.6			1.0
5052.5			1.0
5053.4			1.0
5054.3			1.0
5055.2			1.0
5056.1			1.0
5057.0			1.0
5057.9			1.0
5058.8			1.0
5059.7			1.0
5060.6			1.0324016257441633
5061.5			1.0611412466512096
5062.4			1.060323355643668
5063.3			1.0094681641564187
5064.2			0.9229970253409696
5065.1			0.8857518104508592
5066.0			0.9228656084501167
5066.9			0.9509124740633937
5067.8			0.9418338937469113
5068.7			0.9500544803548521
5069.6			1.0010860024178914
5070.5			1.0
5071.4			1.0
5072.3			1.0
5073.2			1.0
5074.1			1.0
5075.0			0.9917257256616163
5075.9			0.9837864214648268
5076.8			1.0102905649358913
5077.7			1.0100081432456034
5078.6			0.9187425553779767
5079.5			0.814540040685217
5080.4			0.8073555907356975
5081.3			0.8779904774121081
5082.2			0.9287280285891089
5083.1			0.9337045168079939
5084.0			0.9447138555706015
5084.9			0.9766147108868898
5085.8			1.0003069228143169
5086.7			1.0
5087.6			1.0
5088.5			1.0
5089.4			1.0
5090.3			1.0
5091.2			1.0
5092.1			1.0
5093.0			1.0
5093.9			1.0
5094.8			0.9804487986396757
5095.7			0.9602377944875018
5096.6			0.9265066351461938
5097.5			0.8707544579997041
5098.4			0.8130810139057288
5099.3			0.8179288649827942
5100.2			0.8965846692665794
5101.1			0.9760532678845799
5102.0			1.0029513481601142
5102.9			1.0
5103.8			1.0
5104.7			0.9884102980185574
5105.6			0.9859604942715651
5106.5			0.9579879656262623
5107.4			0.9197558567325926
5108.3			0.9164633573374923
5109.2			0.9152860724330562
5110.1			0.9074479815129306
5111.0			0.9383928523869862
5111.9			0.9776687213371393
5112.8			0.9881626655030665
5113.7			1.0
5114.6			1.0089620470317548
5115.5			1.0166210672651337
5116.4			1.0400628090444377
5117.3			1.0670527555055376
5118.2			1.0770621684201729
5119.1			1.0650817139722706
5120.0			1.0317437208327211
5120.9			0.9920014989488831
5121.8			0.9534174180199624
5122.7			0.9011967997233125
5123.6			0.8615434754133214
5124.5			0.8685718862034035
5125.4			0.8975376035607117
5126.3			0.9146162609695492
5127.2			0.9101907795410091
5128.1			1.0
5129.0			0.995838834272388
5129.9			1.0140972900163758
5130.8			1.0476890719288998
5131.7			1.0758517972168127
5132.6			1.0865592688594132
5133.5			1.0899750895469702
5134.4			1.11835375345183
5135.3			1.1331963552456643
5136.2			1.0882674822246152
5137.1			1.033065106915059
5138.0			0.9938140568878769
5138.9			0.9628916226902681
5139.8			0.9928703938526123
5140.7			1.0367123451209057
5141.6			0.9939951267046333
5142.5			0.9333859259054778
5143.4			0.9582495128899138
5144.3			1.0020037460079707
5145.2			0.9907937736135316
5146.1			0.9551728285338146
5147.0			0.9324124465802399
5147.9			0.9411615350488663
5148.8			0.9753401967071614
5149.7			0.9837480949274652
5150.6			0.9555457020770433
5151.5			0.9350670525964675
5152.4			0.9374950088243259
5153.3			0.9403163649105981
5154.2			0.9484895057983354
5155.1			0.9718650722176803
5156.0			1.0016380454625184
5156.9			1.0
5157.8			1.0
5158.7			1.0
5159.6			1.0
5160.5			1.0
5161.4			1.0
5162.3			1.0
5163.2			1.0
5164.1			1.0
5165.0			1.0
5165.9			1.0
5166.8			1.0
5167.7			1.0
5168.6			1.0
5169.5			1.1364627180933944
5170.4			1.1335701094991368
5171.3			0.9276403179849491
5172.2			0.7122600936440012
5173.1			0.7076612031662748
5174.0			0.8785926143939798
5174.9			1.0135896163864462
5175.8			1.0
5176.7			1.0
5177.6			1.0
5178.5			1.0
5179.4			1.0
5180.3			0.9708943379409906
5181.2			0.9031754499327971
5182.1			0.7583029762564162
5183.0			0.59132967350844
5183.9			0.5713422235111478
5184.8			0.7302095590237833
5185.7			0.9076834004505463
5186.6			0.9959734379157306
5187.5			1.0000963358913113
5188.4			1.0
5189.3			1.0
5190.2			1.0
5191.1			1.0
5192.0			1.0
5192.9			1.0
5193.8			1.0
5194.7			1.0
5195.6			1.0
5196.5			1.0
5197.4			1.0
5198.3			1.0
5199.2			1.0
5200.1			1.0
5201.0			1.0
5201.9			0.9895957659328389
5202.8			0.991447148320835
5203.7			0.9580787266670979
5204.6			0.8783388004393645
5205.5			0.8300847841293739
5206.4			0.8426447629492052
5207.3			0.8419864622141787
5208.2			0.813174522965409
5209.1			0.8357721796811414
5210.0			0.8952375932984448
5210.9			0.9514301044686987
5211.8			1.002643684600428
5212.7			1.0413798719255505
5213.6			1.0455489510615446
5214.5			1.001973254937095
5215.4			1.0
5216.3			1.0
5217.2			1.0
5218.1			1.0
5219.0			1.0
5219.9			1.0
5220.8			1.0
5221.7			1.0
5222.6			0.9717960474321066
5223.5			0.9200094968285222
5224.4			0.858111645085457
5225.3			0.7967499912143116
5226.2			0.7442829820050516
5227.1			0.7592364351801939
5228.0			0.8655433350242175
5228.9			0.9634169617940027
5229.8			0.9999095146748608
5230.7			1.0
5231.6			1.0
5232.5			1.0
5233.4			1.0
5234.3			1.0
5235.2			1.0
5236.1			1.0
5237.0			1.0
5237.9			1.0
5238.8			1.0
5239.7			1.0
5240.6			1.0124167351971762
5241.5			1.0135629855833916
5242.4			0.9985614984212299
5243.3			1.00559966135248
5244.2			1.0396282427010886
5245.1			1.0364760029478144
5246.0			0.9620345838775434
5246.9			0.8877270159102645
5247.8			0.8874129567820929
5248.7			0.9112623201990137
5249.6			0.8908513014622279
5250.5			0.8689463951558961
5251.4			0.8972162374264504
5252.3			0.9399211304397251
5253.2			0.9485465896093168
5254.1			0.9113267614126127
5255.0			0.8837188127363025
5255.9			0.9324550060387101
5256.8			1.015465442334742
5257.7			1.0635660303446552
5258.6			1.0714541180267512
5259.5			1.0
5260.4			0.9540463365512021
5261.3			0.8896370137660092
5262.2			0.8192145009907461
5263.1			0.7647286546861033
5264.0			0.7276072106434502
5264.9			0.6954966828048784
5265.8			0.691076806253694
5266.7			0.7516590208236065
5267.6			0.794649283613224
5268.5			0.7209287084118717
5269.4			0.6232595966919174
5270.3			0.6567109118452494
5271.2			0.7848957688477634
5272.1			0.866188723166457
5273.0			0.8770242857506855
5273.9			0.8618065302073237
5274.8			0.8341033860787841
5275.7			0.8415553274676714
5276.6			0.9129321116183098
5277.5			0.9839458647583719
5278.4			1.0
5279.3			0.966310645016179
5280.2			0.9159012260699674
5281.1			0.8835786948771112
5282.0			0.8677204887729939
5282.9			0.8481884797912163
5283.8			0.8472263246929373
5284.7			0.9082053022181888
5285.6			0.994847958560771
5286.5			1.0353763635095172
5287.4			1.0201788137927696
5288.3			1.0003193236773116
5289.2			1.0
5290.1			1.0
5291.0			1.0098644757815232
5291.9			0.9896540854252599
5292.8			0.9623738297600841
5293.7			0.952826638164662
5294.6			0.9499914326221747
5295.5			0.9186462994741784
5296.4			0.8487557677289418
5297.3			0.7835625566722118
5298.2			0.7909863014383435
5299.1			0.8616732754553454
5300.0			0.9058760547056732
5300.9			0.9009718656779547
5301.8			0.9059814186723005
5302.7			0.9482057917604207
5303.6			1.0023056236096792
5304.5			1.0
5305.4			1.0
5306.3			1.0
5307.2			1.0
5308.1			1.0
5309.0			1.0
5309.9			1.0
5310.8			1.0
5311.7			1.0
5312.6			1.0
5313.5			1.0
5314.4			1.0
5315.3			1.0
5316.2			1.0
5317.1			1.0
5318.0			1.0
5318.9			1.0
5319.8			1.0
5320.7			1.0
5321.6			1.0
5322.5			1.0
5323.4			1.0
5324.3			0.9728012732572493
5325.2			0.9894050475210271
5326.1			0.9692803553241004
5327.0			0.8521679174636991
5327.9			0.7347682088427417
5328.8			0.7581959818508839
5329.7			0.8886542972679999
5330.6			0.9858890849559638
5331.5			0.9975065682860998
5332.4			1.0
5333.3			1.0
5334.2			1.0
5335.1			1.0
5336.0			1.0
5336.9			1.0
5337.8			0.9943287693905821
5338.7			0.959553025885302
5339.6			0.8904492911853154
5340.5			0.8545537492556909
5341.4			0.8974968709662556
5342.3			0.965005338680183
5343.2			1.0005788399575903
5344.1			1.0
5345.0			1.0
5345.9			1.0
5346.8			1.0
5347.7			1.0
5348.6			1.0
5349.5			1.0
5350.4			1.0
5351.3			1.0
5352.2			1.0
5353.1			1.0
5354.0			1.0
5354.9			1.0
5355.8			1.0
5356.7			1.0
5357.6			1.0
5358.5			1.0
5359.4			1.0
5360.3			1.0
5361.2			1.0
5362.1			1.0
5363.0			1.0
5363.9			1.0
5364.8			1.0
5365.7			1.0
5366.6			1.0
5367.5			0.9900695858162434
5368.4			0.9608953635896594
5369.3			0.8960379970406467
5370.2			0.8228096584067928
5371.1			0.8036584354404595
5372.0			0.86353928238116
5372.9			0.9430149448299512
5373.8			0.9838324915508995
5374.7			0.9943267349748853
5375.6			1.0
5376.5			1.0
5377.4			1.0
5378.3			1.0
5379.2			1.0
5380.1			1.0
5381.0			1.0
5381.9			1.0
5382.8			1.0
5383.7			1.0
5384.6			1.0
5385.5			1.0
5386.4			1.0
5387.3			1.0
5388.2			1.0
5389.1			1.0
5390.0			1.0
5390.9			1.0
5391.8			1.0
5392.7			1.0
5393.6			1.0
5394.5			1.0
5395.4			1.0
5396.3			1.0
5397.2			1.0
5398.1			1.0536968887005265
5399.0			1.1014472926153926
5399.9			1.0943291009346743
5400.8			1.086531245208716
5401.7			1.0997746422429913
5402.6			1.0770751611262894
5403.5			0.9946359968467613
5404.4			0.900774876890999
5405.3			0.8528539088880286
5406.2			0.8734065047588191
5407.1			0.9310691583125189
5408.0			0.9596443865731032
5408.9			0.9367245881809695
5409.8			0.9125056309206855
5410.7			0.9365654223546994
5411.6			0.9849693563313783
5412.5			1.0079951450609632
5413.4			1.0
5414.3			1.0
5415.2			1.0
5416.1			1.0
5417.0			1.0
5417.9			1.0
5418.8			1.0
5419.7			1.0
5420.6			1.0
5421.5			1.0
5422.4			1.0
5423.3			1.0
5424.2			1.0
5425.1			1.0
5426.0			1.0
5426.9			1.0382836072499988
5427.8			1.0038060463726977
5428.7			0.9182853588351013
5429.6			0.8875450325133775
5430.5			0.9499437251046413
5431.4			1.0072188181370147
5432.3			0.9998594609805753
5433.2			1.0
5434.1			1.0
5435.0			1.0
5435.9			1.0
5436.8			1.0
5437.7			1.0
5438.6			1.0
5439.5			1.0
5440.4			1.0
5441.3			1.0
5442.2			1.0
5443.1			1.0
5444.0			0.9686633234010734
5444.9			0.9095540965569929
5445.8			0.8414554226408293
5446.7			0.8194322919502065
5447.6			0.8758518378196622
5448.5			0.9561610488300187
5449.4			0.9999694393268759
5450.3			1.0
5451.2			1.0
5452.1			1.0
5453.0			0.9678212330463742
5453.9			0.9138835773119125
5454.8			0.8555798063186226
5455.7			0.849090688558135
5456.6			0.9083883650814175
5457.5			0.975179993971036
5458.4			1.0020047717250602
5459.3			1.0
5460.2			1.0
5461.1			1.0
5462.0			1.0
5462.9			1.0
5463.8			1.0
5464.7			1.0
5465.6			1.0
5466.5			1.0
5467.4			1.0
5468.3			1.0
5469.2			1.0
5470.1			1.0
5471.0			1.009890662270403
5471.9			1.0201979289858796
5472.8			1.0083508132852939
5473.7			1.004307981793239
5474.6			1.0052137744316019
5475.5			0.9609473640479796
5476.4			0.909399748880302
5477.3			0.9404630532099123
5478.2			1.0346926959375413
5479.1			1.0873236736705005
5480.0			1.054330741841092
5480.9			1.000468529778732
5481.8			1.0002466167109136
5482.7			1.0
5483.6			1.0
5484.5			1.0
5485.4			1.0
5486.3			1.0
5487.2			1.0
5488.1			1.0
5489.0			1.0
5489.9			1.0
5490.8			1.0
5491.7			1.0
5492.6			1.0
5493.5			1.0
5494.4			1.0
5495.3			1.0
5496.2			1.0
5497.1			1.0
5498.0			1.0
5498.9			1.0
5499.8			1.0
5500.7			1.0
5501.6			1.0
5502.5			1.0
5503.4			1.0
5504.3			1.0
5505.2			1.0
5506.1			1.0
5507.0			1.0140498723865872
5507.9			1.047368944450812
5508.8			1.05290717478343
5509.7			1.0338954313851039
5510.6			1.0021859414529246
5511.5			0.9587071875374912
5512.4			0.9292965001997802
5513.3			0.9313084579035544
5514.2			0.948103903231342
5515.1			0.9601694978223405
5516.0			0.9632162110167201
5516.9			0.9758879631930851
5517.8			1.0049537583813686
5518.7			1.0
5519.6			1.0
5520.5			1.0
5521.4			1.0
5522.3			1.0
5523.2			1.0
5524.1			0.9999393277051103
5525.0			0.9907427016547976
5525.9			0.9730180290898743
5526.8			0.9429324786725701
5527.7			0.9117021307165957
5528.6			0.9156911723183784
5529.5			0.958410740598009
5530.4			0.9938782764927998
5531.3			1.0000023154550979
5532.2			1.0
5533.1			1.0
5534.0			1.0
5534.9			1.0
5535.8			1.0
5536.7			1.0
5537.6			1.0
5538.5			1.0
5539.4			1.0
5540.3			1.0
5541.2			1.0
5542.1			1.0
5543.0			1.0
5543.9			1.0
5544.8			1.0
5545.7			1.0
5546.6			1.0
5547.5			1.0
5548.4			1.0
5549.3			1.0
5550.200000000001			1.0
5551.1			1.0
5552.0			1.0
5552.9			1.0
5553.8			1.0
5554.700000000001			1.0
5555.6			1.0
5556.5			1.0
5557.4			1.0
5558.3			1.0
5559.200000000001			1.0
5560.1			1.0
5561.0			1.0
5561.9			1.0
5562.8			1.0
5563.700000000001			1.0
5564.6			1.0
5565.5			1.0
5566.4			1.0
5567.3			1.0
5568.200000000001			1.0
5569.1			1.0
5570.0			1.0
5570.9			1.0
5571.8			1.0
5572.700000000001			1.0
5573.6			1.0
5574.5			1.0
5575.4			1.0
5576.3			1.0
5577.200000000001			1.0
5578.1			1.0
5579.0			0.9980212690479403
5579.9			1.0066102492143927
5580.8			1.010760428369071
5581.700000000001			1.004952640829931
5582.6			1.0031285712847373
5583.5			0.9970204373054473
5584.4			0.9753516592830164
5585.3			0.942417768668471
5586.200000000001			0.8975270606919943
5587.1			0.8550468569324583
5588.0			0.8416395976838308
5588.9			0.8567414556989068
5589.8			0.8853659406566857
5590.700000000001			0.9125458143859709
5591.6			0.924031725874866
5592.5			0.9202127300391124
5593.4			0.9122359221485762
5594.3			0.9183314070275731
5595.200000000001			0.9565223079682252
5596.1			1.0002714936947241
5597.0			1.0
5597.9			0.961577491427533
5598.8			0.9321185000477239
5599.700000000001			0.9198169195492741
5600.6			0.9000773034266719
5601.5			0.8699696611274416
5602.4			0.856218892358043
5603.3			0.8835826984267584
5604.200000000001			0.9415076345799774
5605.1			0.9897503325160957
5606.0			1.0065542681657271
5606.9			0.998893849690413
5607.8			1.0
5608.700000000001			1.0
5609.6			1.0
5610.5			1.0
5611.4			1.0
5612.3			1.0
5613.200000000001			0.9877770905255271
5614.1			0.9282560111838885
5615.0			0.8628174677016676
5615.9			0.8633727665229238
5616.8			0.9258901399112848
5617.700000000001			0.9786242857438818
5618.6			0.9921974112271092
5619.5			1.0
5620.4			1.0
5621.3			1.0
5622.200000000001			1.0141901532372626
5623.1			0.9840336470154347
5624.0			0.9243097751724227
5624.9			0.8967308771106379
5625.8			0.9276163448195474
5626.700000000001			0.9731780839975993
5627.6			1.000865557508302
5628.5			1.0
5629.4			1.0
5630.3			1.0
5631.200000000001			1.0
5632.1			1.0
5633.0			1.0
5633.9			1.0
5634.8			1.0
5635.700000000001			1.0
5636.6			1.0
5637.5			1.0
5638.4			1.0
5639.3			1.0
5640.200000000001			1.0
5641.1			1.0
5642.0			1.0
5642.9			1.0
5643.8			1.0
5644.700000000001			1.0
5645.6			1.0
5646.5			1.0
5647.4			1.0
5648.3			1.0
5649.200000000001			1.0
5650.1			1.0
5651.0			1.0
5651.9			1.0203700743898176
5652.8			1.0199005821140306
5653.700000000001			0.988930277821757
5654.6			0.9616961635482323
5655.5			0.9692745227136669
5656.4			0.9748483919347916
5657.3			0.9251461174507146
5658.200000000001			0.8641554154072396
5659.1			0.8698008292529912
5660.0			0.9215362038344587
5660.9			0.9468552079947075
5661.8			0.9368118959753172
5662.700000000001			0.9370486843572566
5663.6			0.9664449403558647
5664.5			1.0002026270312343
5665.4			1.0
5666.3			1.0
5667.200000000001			1.0
5668.1			1.0
5669.0			1.0
5669.9			1.0
5670.8			1.0
5671.700000000001			1.0
5672.6			1.0
5673.5			1.0
5674.4			1.0
5675.3			1.0
5676.200000000001			1.0
5677.1			1.0
5678.0			1.0
5678.9			1.0
5679.8			1.0
5680.700000000001			1.0
5681.6			1.0
5682.5			1.0
5683.4			1.0
5684.3			1.0
5685.200000000001			1.0
5686.1			1.0
5687.0			1.0
5687.9			1.0
5688.8			1.0
5689.700000000001			1.0
5690.6			1.0
5691.5			1.0
5692.4			1.0
5693.3			1.0
5694.200000000001			1.0
5695.1			1.0
5696.0			1.0
5696.9			1.0
5697.8			1.0
5698.700000000001			1.0
5699.6			1.0
5700.5			0.9850498180318477
5701.4			0.9673450043857919
5702.3			0.9694312298103035
5703.200000000001			0.9951605552738578
5704.1			1.0150813706251298
5705.0			0.9979847742559332
5705.9			0.9601634247725557
5706.8			0.9335248666850974
5707.700000000001			0.9131371219701787
5708.6			0.8905336739223066
5709.5			0.8879358050376203
5710.4			0.8997289362695039
5711.3			0.9001487144554763
5712.200000000001			0.9127580818949753
5713.1			0.9514599853402516
5714.0			0.9836919211103196
5714.9			0.9936928575558615
5715.8			0.9980619808879563
5716.700000000001			0.9991539066516821
5717.6			1.0
5718.5			1.0
5719.4			1.0
5720.3			1.0
5721.200000000001			1.0
5722.1			1.0
5723.0			1.0
5723.9			1.0
5724.8			1.0
5725.700000000001			1.0
5726.6			1.0
5727.5			1.0
5728.4			1.0
5729.3			1.0
5730.200000000001			1.0
5731.1			1.0
5732.0			1.0
5732.9			1.0
5733.8			1.0
5734.700000000001			1.0
5735.6			1.0
5736.5			1.0
5737.4			1.0
5738.3			1.0
5739.200000000001			1.0
5740.1			1.0
5741.0			1.0
5741.9			1.0
5742.8			1.0
5743.700000000001			1.0
5744.6			1.0
5745.5			1.0
5746.4			1.0
5747.3			1.0
5748.200000000001			1.0
5749.1			1.0
5750.0			1.0
5750.9			1.0047484177150217
5751.8			0.9767762324499886
5752.700000000001			0.9325870713596881
5753.6			0.8995685656896009
5754.5			0.909452792541554
5755.4			0.9563864632037177
5756.3			0.9991762576056867
5757.200000000001			1.0
5758.1			1.0
5759.0			0.9826433628635116
5759.9			0.9509354993371981
5760.8			0.9167729599588386
5761.700000000001			0.8914674442467275
5762.6			0.8900709091518388
5763.5			0.9254866142886703
5764.4			0.9758215045763626
5765.3			1.0006663213991265
5766.200000000001			0.9995699987024481
5767.1			1.0
5768.0			1.0
5768.9			1.0
5769.8			1.0
5770.700000000001			1.0
5771.6			1.0
5772.5			1.0
5773.4			1.0
5774.3			0.9974092746096141
5775.200000000001			0.9983077898350241
5776.1			1.0120095916397673
5777.0			1.0219886428029308
5777.9			1.0159635910118656
5778.8			0.9948360359805586
5779.700000000001			0.9513987908652395
5780.6			0.8949058419465696
5781.5			0.8679433027905608
5782.4			0.8836868865630962
5783.3			0.8990164601842904
5784.200000000001			0.8877977028358199
5785.1			0.8776347665288146
5786.0			0.9008198790238041
5786.9			0.9446847427841154
5787.8			0.9804569961607671
5788.700000000001			0.9999574038586281
5789.6			1.0
5790.5			1.0
5791.4			1.0
5792.3			1.0
5793.200000000001			1.0
5794.1			1.0
5795.0			1.0
5795.9			1.0
5796.8			1.0
5797.700000000001			1.0
5798.6			1.0
5799.5			1.0
5800.4			1.0
5801.3			1.0
5802.200000000001			1.0
5803.1			1.0
5804.0			1.0
5804.9			1.0
5805.8			1.0
5806.700000000001			1.0
5807.6			1.0
5808.5			1.0
5809.4			1.0
5810.3			1.0
5811.200000000001			1.0
5812.1			1.0
5813.0			1.0
5813.9			1.0
5814.8			1.0
5815.700000000001			1.0
5816.6			1.0
5817.5			1.0
5818.4			1.0
5819.3			1.0
5820.200000000001			1.0
5821.1			1.0
5822.0			1.0
5822.9			1.0
5823.8			1.0
5824.700000000001			1.0
5825.6			1.0
5826.5			1.0
5827.4			1.0
5828.3			1.0
5829.200000000001			1.0
5830.1			1.0
5831.0			1.0
5831.9			1.0
5832.8			1.0
5833.700000000001			1.0
5834.6			1.0
5835.5			1.0
5836.4			1.0
5837.3			1.0
5838.200000000001			1.0
5839.1			1.0
5840.0			1.0
5840.9			1.0
5841.8			1.0
5842.700000000001			1.0
5843.6			1.0
5844.5			1.0
5845.4			1.0
5846.3			1.0
5847.200000000001			1.0
5848.1			1.0
5849.0			1.0
5849.9			1.0
5850.8			1.0
5851.700000000001			1.0
5852.6			1.0
5853.5			0.9926742316717136
5854.4			1.0047813967707588
5855.3			1.007359708693432
5856.200000000001			0.9831801146641116
5857.1			0.9474320048017886
5858.0			0.9316252317010038
5858.9			0.947781545821598
5859.8			0.9806870843202499
5860.700000000001			1.005646592087808
5861.6			1.0052758783042466
5862.5			0.9978111533680898
5863.4			1.0
5864.3			1.0
5865.200000000001			1.0
5866.1			1.0
5867.0			1.0
5867.9			1.0
5868.8			1.0
5869.700000000001			1.0
5870.6			1.0
5871.5			1.0
5872.4			1.0
5873.3			1.0
5874.200000000001			1.0
5875.1			1.0
5876.0			1.0
5876.9			1.0
5877.8			1.0
5878.700000000001			1.0
5879.6			1.0
5880.5			1.0
5881.4			1.0
5882.3			1.0
5883.200000000001			1.0
5884.1			1.0
5885.0			1.0
5885.9			1.0
5886.8			1.0060643929893325
5887.700000000001			0.9597975338870169
5888.6			0.844846170379648
5889.5			0.7302659018663364
5890.4			0.7270595185134544
5891.3			0.8308658499403182
5892.200000000001			0.9390029902100366
5893.1			1.0009928705447144
5894.0			1.0026563244996305
5894.9			1.0
5895.8			1.0
5896.700000000001			1.0
5897.6			1.0
5898.5			1.0
5899.4			1.0
5900.3			1.0
5901.200000000001			1.0
5902.1			1.0
5903.0			1.0
5903.9			1.0
5904.8			1.0
5905.700000000001			1.0
5906.6			1.0
5907.5			1.0
5908.4			1.0
5909.3			1.0
5910.200000000001			1.0
5911.1			1.0
5912.0			1.0
5912.9			1.0
5913.8			1.0
5914.700000000001			1.0
5915.6			1.0
5916.5			1.0
5917.4			1.0
5918.3			1.0
5919.200000000001			1.0
5920.1			1.0
5921.0			1.0
5921.9			1.0
5922.8			1.0
5923.700000000001			1.0
5924.6			1.0
5925.5			1.0
5926.4			1.0
5927.3			1.0
5928.200000000001			1.0
5929.1			1.0
5930.0			1.0
5930.9			1.0
5931.8			1.0
5932.700000000001			1.0
5933.6			1.0
5934.5			1.0
5935.4			1.0
5936.3			1.0
5937.200000000001			1.0
5938.1			1.0
5939.0			1.0
5939.9			1.0
5940.8			1.0
5941.700000000001			1.0
5942.6			1.0
5943.5			1.0
5944.4			1.0
5945.3			1.0
5946.200000000001			1.0
5947.1			1.0
5948.0			1.0
5948.9			1.0
5949.8			1.0
5950.700000000001			1.0
5951.6			1.0
5952.5			1.0
5953.4			1.0
5954.3			1.0
5955.200000000001			1.0
5956.1			1.0
5957.0			1.0
5957.9			1.0
5958.8			1.0
5959.700000000001			1.0
5960.6			1.0
5961.5			1.0
5962.4			1.0
5963.3			1.0
5964.200000000001			1.0
5965.1			1.0
5966.0			1.0
5966.9			1.0
5967.8			1.0
5968.700000000001			1.0
5969.6			1.0
5970.5			1.0
5971.4			1.0
5972.3			1.0
5973.200000000001			1.0
5974.1			1.0
5975.0			1.0
5975.9			1.0
5976.8			1.0
5977.700000000001			1.0
5978.6			1.0
5979.5			1.0
5980.4			1.0
5981.3			1.0
5982.200000000001			1.0
5983.1			1.0
5984.0			1.0
5984.9			1.0
5985.8			1.0
5986.700000000001			1.0
5987.6			1.0
5988.5			1.0
5989.4			1.0
5990.3			1.0
5991.200000000001			1.0
5992.1			1.0
5993.0			1.0
5993.9			1.0
5994.8			1.0
5995.700000000001			1.0
5996.6			1.0
5997.5			1.0
5998.4			1.0
5999.3			1.0
6000.200000000001			1.0
6001.1			1.0
6002.0			1.0
6002.9			1.0
6003.8			1.0
6004.700000000001			1.0078104350375383
6005.6			1.0004456059648688
6006.5			0.9792022175733911
6007.4			0.953450719464132
6008.3			0.9516510970330438
6009.200000000001			0.9878080573878254
6010.1			1.02683611538017
6011.0			1.0300645676646119
6011.9			0.9999222358753135
6012.8			1.0
6013.700000000001			1.0
6014.6			1.0
6015.5			1.0
6016.4			1.0
6017.3			1.0
6018.200000000001			1.0
6019.1			1.0
6020.0			1.0
6020.9			1.0
6021.8			1.0
6022.700000000001			1.0
6023.6			1.0
6024.5			1.0
6025.4			1.0
6026.3			1.0
6027.200000000001			1.0
6028.1			1.0
6029.0			1.0
6029.9			1.0
6030.8			1.0
6031.700000000001			1.0
6032.6			1.0
6033.5			1.0
6034.4			1.0
6035.3			1.0
6036.200000000001			1.0
6037.1			1.0
6038.0			1.0
6038.9			1.0
6039.8			1.0
6040.700000000001			1.0
6041.6			1.0
6042.5			1.0
6043.4			1.0
6044.3			1.0
6045.200000000001			1.0
6046.1			1.0
6047.0			1.0
6047.9			1.0
6048.8			1.0
6049.700000000001			1.0
6050.6			1.0
6051.5			1.0
6052.4			1.0
6053.3			1.0
6054.200000000001			1.0
6055.1			1.0
6056.0			1.0
6056.9			1.0
6057.8			1.0
6058.700000000001			1.0
6059.6			1.0
6060.5			1.0
6061.4			1.0
6062.3			0.9836151240456475
6063.200000000001			0.9618425849504858
6064.1			0.9332753476055545
6065.0			0.9130639584572474
6065.9			0.9288544880721448
6066.8			0.9687097616308491
6067.700000000001			1.0003928362794572
6068.6			1.0
6069.5			1.0
6070.4			1.0
6071.3			1.0
6072.200000000001			1.0
6073.1			1.0
6074.0			1.0
6074.9			1.0
6075.8			1.0
6076.700000000001			1.0
6077.6			1.0
6078.5			1.0
6079.4			1.0
6080.3			1.0
6081.200000000001			1.0
6082.1			1.0
6083.0			1.0
6083.9			1.0
6084.8			1.0
6085.700000000001			1.0
6086.6			1.0
6087.5			1.0
6088.4			1.0
6089.3			1.0
6090.200000000001			1.0
6091.1			1.0
6092.0			1.0
6092.9			1.0
6093.8			1.0
6094.700000000001			1.0
6095.6			1.0
6096.5			1.0
6097.4			1.0
6098.3			1.0
6099.200000000001			1.0
6100.1			1.0
6101.0			0.9763576989782605
6101.9			0.9217667722618703
6102.8			0.8971594053018898
6103.700000000001			0.9373909854241574
6104.6			0.9949818799539207
6105.5			1.0
6106.4			1.0
6107.3			1.0
6108.200000000001			1.0
6109.1			1.0
6110.0			1.0
6110.9			1.0
6111.8			1.0
6112.700000000001			1.0
6113.6			1.0
6114.5			1.0
6115.4			1.0
6116.3			1.0
6117.200000000001			1.0
6118.1			1.0
6119.0			1.0
6119.9			1.0
6120.8			1.0
6121.700000000001			1.0
6122.6			1.0
6123.5			1.0
6124.4			1.0
6125.3			1.0
6126.200000000001			1.0
6127.1			1.0
6128.0			1.0
6128.9			1.0
6129.8			1.0
6130.700000000001			1.0
6131.6			1.0
6132.5			1.0
6133.4			1.0
6134.3			0.9772009743007983
6135.200000000001			0.9204820446635968
6136.1			0.8432340149362395
6137.0			0.8018520605730901
6137.9			0.8429863319211213
6138.8			0.9342004181889456
6139.700000000001			0.9993999981096728
6140.6			1.0
6141.5			1.0
6142.4			1.0
6143.3			1.0
6144.200000000001			1.0
6145.1			1.0
6146.0			1.0
6146.9			1.0
6147.8			1.0
6148.700000000001			1.0
6149.6			1.0
6150.5			1.0
6151.4			1.0
6152.3			1.0
6153.200000000001			1.0
6154.1			1.0
6155.0			1.0
6155.9			1.0
6156.8			1.0
6157.700000000001			1.0
6158.6			1.0118506003708878
6159.5			1.0015867306047708
6160.4			0.9491979324779147
6161.3			0.8861318502180808
6162.200000000001			0.8624547606236793
6163.1			0.8875355989803182
6164.0			0.9354646307572257
6164.9			0.9757026052397543
6165.8			1.00066258951681
6166.700000000001			1.0
6167.6			1.0
6168.5			1.0
6169.4			1.0
6170.3			1.0
6171.200000000001			1.0
6172.1			1.0
6173.0			1.0
6173.9			1.0
6174.8			1.0
6175.700000000001			1.0
6176.6			1.0
6177.5			1.0
6178.4			1.0
6179.3			1.0
6180.200000000001			1.0
6181.1			1.0
6182.0			1.0
6182.9			1.0
6183.8			1.0
6184.700000000001			1.0
6185.6			0.9825374631534812
6186.5			0.955669524886036
6187.4			0.9377389068941173
6188.3			0.9377239703416073
6189.200000000001			0.941004534010751
6190.1			0.9174477149340857
6191.0			0.8808246844403177
6191.9			0.8877290736015583
6192.8			0.9371458435776692
6193.700000000001			0.9766096161779796
6194.6			0.9875116377098947
6195.5			0.9910717577448502
6196.4			0.9998383142901899
6197.3			1.0
6198.200000000001			1.0
6199.1			1.0
6200.0			1.0
6200.9			1.0
6201.8			1.0
6202.700000000001			1.0
6203.6			1.0
6204.5			1.0
6205.4			1.0
6206.3			1.0
6207.200000000001			1.0
6208.1			1.0
6209.0			1.0
6209.9			1.0
6210.8			1.0
6211.700000000001			1.0
6212.6			1.0
6213.5			1.0
6214.4			1.0
6215.3			1.0
6216.200000000001			1.0
6217.1			1.0
6218.0			1.0
6218.9			1.0
6219.8			1.0
6220.700000000001			1.0
6221.6			1.0
6222.5			1.0
6223.4			1.0
6224.3			1.0
6225.200000000001			1.0
6226.1			1.0
6227.0			1.0030804366215367
6227.9			1.0007109558666312
6228.8			0.9743436691057443
6229.700000000001			0.9207764583678455
6230.6			0.8816427071293118
6231.5			0.886970172352914
6232.4			0.9183098416744113
6233.3			0.957948225264238
6234.200000000001			1.000422157616474
6235.1			1.0
6236.0			1.0
6236.9			1.0
6237.8			1.0
6238.700000000001			1.0
6239.6			1.0
6240.5			1.0
6241.4			1.0
6242.3			1.0
6243.200000000001			1.0
6244.1			1.0
6245.0			1.0
6245.9			1.0
6246.8			1.0
6247.700000000001			1.0
6248.6			1.0103804772992981
6249.5			1.001212678449486
6250.4			0.9834377239534149
6251.3			0.9524162199240876
6252.200000000001			0.9183499662253056
6253.1			0.9040580762806715
6254.0			0.9098536940509875
6254.9			0.9152079330040132
6255.8			0.9071423752731768
6256.700000000001			0.8915070950758279
6257.6			0.87608321627558
6258.5			0.8782309379061939
6259.4			0.9096210146202061
6260.3			0.9475827574479438
6261.200000000001			0.9767596063416933
6262.1			1.005648241265913
6263.0			1.0261923851249766
6263.9			1.0153516400841354
6264.8			0.9880235414679591
6265.700000000001			0.9816002406298947
6266.6			1.0002670996738672
6267.5			1.0
6268.4			1.0
6269.3			1.0
6270.200000000001			1.0
6271.1			1.0
6272.0			1.0
6272.9			1.0
6273.8			1.0
6274.700000000001			1.0
6275.6			1.0
6276.5			1.0
6277.4			1.0
6278.3			1.0
6279.200000000001			1.0
6280.1			1.0
6281.0			1.0
6281.9			1.0
6282.8			1.0
6283.700000000001			1.0
6284.6			1.0
6285.5			1.0
6286.4			1.0
6287.3			1.0
6288.200000000001			1.0
6289.1			1.0
6290.0			1.0
6290.9			1.0
6291.8			1.0
6292.700000000001			1.0
6293.6			1.0
6294.5			1.0
6295.4			1.0
6296.3			1.0
6297.200000000001			1.0
6298.1			1.0
6299.0			1.0
6299.9			1.0
6300.8			1.0
6301.700000000001			1.0
6302.6			1.0
6303.5			1.0
6304.4			1.0
6305.3			1.0
6306.200000000001			1.0
6307.1			1.0
6308.0			1.0
6308.9			1.0
6309.8			1.0
6310.700000000001			1.0
6311.6			1.0
6312.5			0.9999659527074701
6313.4			0.9912085699623464
6314.3			0.9604656894823359
6315.200000000001			0.9383170150946714
6316.1			0.9408197937879471
6317.0			0.9359061861512592
6317.9			0.9138885134964749
6318.8			0.9082910276028368
6319.700000000001			0.9336275226102095
6320.6			0.960631584918444
6321.5			0.9649470401571599
6322.4			0.958219337848248
6323.3			0.9673735282344788
6324.200000000001			0.9885003172150103
6325.1			1.0000224955439514
6326.0			1.0
6326.9			1.0
6327.8			1.0
6328.700000000001			1.0
6329.6			1.0
6330.5			1.0
6331.4			1.0010565344287734
6332.3			1.015881482603847
6333.200000000001			1.01972200517637
6334.1			0.9907056662241702
6335.0			0.9449366608644075
6335.9			0.9215210856574128
6336.8			0.9340608484296612
6337.700000000001			0.9528365582470673
6338.6			0.9617912535062398
6339.5			0.9776320115886235
6340.4			1.0000045349282336
6341.3			1.0
6342.200000000001			1.0
6343.1			1.0
6344.0			1.0
6344.9			1.0
6345.8			1.0
6346.700000000001			1.0
6347.6			1.0
6348.5			1.0
6349.4			1.0
6350.3			1.0
6351.200000000001			1.0
6352.1			1.0
6353.0			1.0
6353.9			0.9701936398989364
6354.8			0.9540309301640649
6355.700000000001			0.9650202203213315
6356.6			0.9793357149227614
6357.5			0.9681642255051867
6358.4			0.9432403104903662
6359.3			0.931460932604423
6360.200000000001			0.9310157358309861
6361.1			0.9220101072230171
6362.0			0.9071915820197207
6362.9			0.9053220656847073
6363.8			0.9192029173973595
6364.700000000001			0.9385255528076474
6365.6			0.9559596002904511
6366.5			0.9730857409821878
6367.4			0.9919798523335854
6368.3			1.004267468073783
6369.200000000001			1.0005529784653282
6370.1			0.9882501656688377
6371.0			0.9873939751770341
6371.9			0.9998473777270069
6372.8			1.0
6373.700000000001			1.0
6374.6			1.0
6375.5			1.0
6376.4			1.0
6377.3			1.0
6378.200000000001			1.0
6379.1			1.0
6380.0			1.0
6380.9			1.0
6381.8			1.0
6382.700000000001			1.0
6383.6			1.0
6384.5			1.0
6385.4			1.0
6386.3			1.0
6387.200000000001			1.0
6388.1			1.0
6389.0			1.0
6389.9			1.0
6390.8			0.9887260033562038
6391.700000000001			0.9574849932064168
6392.6			0.9173348412832636
6393.5			0.9033879457366072
6394.4			0.9315268573319576
6395.3			0.9735579717399002
6396.200000000001			0.9999763145246737
6397.1			1.0
6398.0			1.0
6398.9			1.0
6399.8			1.0
6400.700000000001			1.0
6401.6			1.0
6402.5			1.0
6403.4			1.0
6404.3			1.0
6405.200000000001			1.0
6406.1			1.0
6407.0			1.0
6407.9			1.0
6408.8			1.0
6409.700000000001			1.0
6410.6			1.0
6411.5			1.0
6412.4			1.0
6413.3			1.0
6414.200000000001			1.0
6415.1			1.0
6416.0			1.0
6416.9			1.0
6417.8			0.9913338834231276
6418.700000000001			0.9657664597488138
6419.6			0.9337047085598437
6420.5			0.9149465568306934
6421.4			0.9291872762448931
6422.3			0.9690446222939579
6423.200000000001			1.0014617050283028
6424.1			1.0
6425.0			1.0
6425.9			1.0
6426.8			1.0
6427.700000000001			1.0
6428.6			0.9965825064072211
6429.5			0.9656724017477274
6430.4			0.9240442649735645
6431.3			0.9113936701264287
6432.200000000001			0.9369407682656619
6433.1			0.9731299957819849
6434.0			0.9991665064565673
6434.9			1.0
6435.8			1.0
6436.700000000001			1.0
6437.6			1.0
6438.5			1.0
6439.4			1.0
6440.3			1.0
6441.200000000001			1.0
6442.1			1.0
6443.0			1.0
6443.9			1.0
6444.8			1.0
6445.700000000001			1.0
6446.6			1.0
6447.5			0.9906011055614211
6448.4			0.9386599491582509
6449.3			0.8678811697397759
6450.200000000001			0.8453639251108801
6451.1			0.8931452056083549
6452.0			0.9614154501823093
6452.9			1.0009379989791838
6453.8			1.0
6454.700000000001			1.0
6455.6			1.0
6456.5			1.0
6457.4			1.0
6458.3			1.0
6459.200000000001			1.0
6460.1			1.0
6461.0			1.0
6461.9			1.0
6462.8			1.0
6463.700000000001			1.0
6464.6			1.0
6465.5			1.0
6466.4			1.0
6467.3			1.0
6468.200000000001			1.0
6469.1			1.0
6470.0			1.0
6470.9			1.0
6471.8			1.0
6472.700000000001			1.0
6473.6			1.0
6474.5			1.0
6475.4			1.0
6476.3			1.0
6477.200000000001			1.0
6478.1			1.0
6479.0			1.0
6479.9			1.0
6480.8			1.0
6481.700000000001			1.0
6482.6			1.0
6483.5			1.0
6484.4			1.0
6485.3			1.0
6486.200000000001			1.0
6487.1			1.0
6488.0			1.0
6488.9			1.0
6489.8			0.9888556238231171
6490.700000000001			0.9798743417347988
6491.6			0.9775668732725706
6492.5			0.9597330320023257
6493.4			0.9090557921892185
6494.3			0.8520910407394872
6495.200000000001			0.8322061484116666
6496.1			0.8578330882285093
6497.0			0.9049651501018385
6497.9			0.9425344546198234
6498.8			0.9609204701649231
6499.700000000001			0.9786696748634168
6500.6			1.0052724114970415
6501.5			1.0
6502.4			1.0
6503.3			1.0
6504.200000000001			1.0
6505.1			1.0
6506.0			1.0
6506.9			1.0
6507.8			1.0
6508.700000000001			1.0
6509.6			1.0
6510.5			1.0
6511.4			1.0
6512.3			1.0
6513.200000000001			1.0
6514.1			1.0
6515.0			1.0
6515.9			1.0
6516.8			1.0
6517.700000000001			1.0
6518.6			1.0
6519.5			1.0
6520.4			1.0
6521.3			1.0
6522.200000000001			1.0
6523.1			1.0
6524.0			1.0
6524.9			1.0
6525.8			1.0
6526.700000000001			1.0
6527.6			1.0
6528.5			1.0
6529.4			1.0
6530.3			1.0
6531.200000000001			1.0
6532.1			1.0
6533.0			1.0
6533.9			1.0
6534.8			1.0
6535.700000000001			1.0
6536.6			1.0
6537.5			1.0
6538.4			1.0
6539.3			1.0
6540.200000000001			1.0
6541.1			1.0
6542.0			1.0
6542.9			1.0
6543.8			1.0
6544.700000000001			1.0
6545.6			1.0
6546.5			1.0
6547.4			1.0
6548.3			1.0
6549.200000000001			1.0
6550.1			1.0
6551.0			1.0
6551.9			1.0
6552.8			1.0
6553.700000000001			1.0
6554.6			1.0
6555.5			1.0
6556.4			1.0
6557.3			1.0
6558.200000000001			1.0
6559.1			1.0
6560.0			0.9805726330503924
6560.9			0.9085310026344974
6561.8			0.7703838885090156
6562.700000000001			0.670616018615638
6563.6			0.7218657480814877
6564.5			0.873181986745436
6565.4			0.9977752468878471
6566.3			1.0
6567.200000000001			1.0
6568.1			1.0
6569.0			1.0
6569.9			1.0
6570.8			1.0
6571.700000000001			1.0
6572.6			1.0
6573.5			1.0
6574.4			1.0
6575.3			1.0
6576.200000000001			1.0
6577.1			1.0
6578.0			1.0
6578.9			1.0
6579.8			1.0
6580.700000000001			1.0
6581.6			1.0
6582.5			1.0
6583.4			1.0
6584.3			1.0
6585.200000000001			1.0
6586.1			1.0
6587.0			1.0
6587.9			1.0
6588.8			1.0
6589.700000000001			1.0
6590.6			0.996766754582834
6591.5			0.9648679920425177
6592.4			0.9137745404856842
6593.3			0.8922011780628903
6594.200000000001			0.9232831295546776
6595.1			0.9718833537812328
6596.0			0.99904892919152
6596.9			1.0
6597.8			1.0
6598.700000000001			1.0
6599.6			1.0
6600.5			1.0
6601.4			1.0
6602.3			1.0
6603.200000000001			1.0
6604.1			1.0
6605.0			1.0
6605.9			1.0
6606.8			1.0
6607.700000000001			1.0
6608.6			1.0
6609.5			1.0
6610.4			1.0
6611.3			1.0
6612.200000000001			1.0
6613.1			1.0
6614.0			1.0
6614.9			1.0
6615.8			1.0
6616.700000000001			1.0
6617.6			1.0
6618.5			1.0
6619.4			1.0
6620.3			1.0
6621.200000000001			1.0
6622.1			1.0
6623.0			1.0
6623.9			1.0
6624.8			1.0
6625.700000000001			1.0
6626.6			1.0
6627.5			1.0
6628.4			1.0
6629.3			1.0
6630.200000000001			1.0
6631.1			1.0
6632.0			1.0
6632.9			1.0
6633.8			1.0
6634.700000000001			1.0
6635.6			1.0
6636.5			1.0
6637.4			1.0
6638.3			1.0
6639.200000000001			1.0
6640.1			1.0
6641.0			1.0
6641.9			1.0
6642.8			1.0
6643.700000000001			1.0
6644.6			1.0
6645.5			1.0
6646.4			1.0
6647.3			1.0
6648.200000000001			1.0
6649.1			1.0
6650.0			1.0
6650.9			1.0
6651.8			1.0
6652.700000000001			1.0
6653.6			1.0
6654.5			1.0
6655.4			1.0
6656.3			1.0
6657.200000000001			1.0
6658.1			1.0
6659.0			1.0
6659.9			1.0
6660.8			1.0
6661.700000000001			1.0
6662.6			1.0
6663.5			1.0
6664.4			1.0
6665.3			1.0
6666.200000000001			1.0
6667.1			1.0
6668.0			1.0
6668.9			1.0
6669.8			1.0
6670.700000000001			1.0
6671.6			1.0
6672.5			1.0
6673.4			1.0
6674.3			1.0
6675.200000000001			1.0
6676.1			1.0
6677.0			1.0
6677.9			1.0
6678.8			1.0
6679.700000000001			1.0
6680.6			1.0
6681.5			1.0
6682.4			1.0
6683.3			1.0
6684.200000000001			1.0
6685.1			1.0
6686.0			1.0
6686.9			1.0
6687.8			1.0
6688.700000000001			1.0
6689.6			1.0
6690.5			1.0
6691.4			1.0
6692.3			1.0
6693.200000000001			1.0
6694.1			1.0
6695.0			1.0
6695.9			1.0
6696.8			1.0
6697.700000000001			1.0
6698.6			1.0
6699.5			1.0
6700.4			1.0
6701.3			1.0
6702.200000000001			1.0
6703.1			1.0
6704.0			1.0
6704.9			1.0
6705.8			1.0
6706.700000000001			1.0
6707.6			1.0
6708.5			1.0
6709.4			1.0
6710.3			1.0
6711.200000000001			1.0
6712.1			1.0
6713.0			1.0
6713.9			1.0
6714.8			1.0
6715.700000000001			1.0
6716.6			1.0
6717.5			1.0
6718.4			1.0
6719.3			1.0
6720.200000000001			1.0
6721.1			1.0
6722.0			1.0
6722.9			1.0
6723.8			1.0
6724.700000000001			1.0
6725.6			1.0
6726.5			1.0
6727.4			1.0
6728.3			1.0
6729.200000000001			1.0
6730.1			1.0
6731.0			1.0
6731.9			1.0
6732.8			1.0
6733.700000000001			1.0
6734.6			1.0
6735.5			1.0
6736.4			1.0
6737.3			1.0
6738.200000000001			1.0
6739.1			1.0
6740.0			1.0
6740.9			1.0
6741.8			1.0
6742.700000000001			1.0
6743.6			1.0
6744.5			1.0
6745.4			1.0
6746.3			1.0
6747.200000000001			1.0
6748.1			1.0
6749.0			1.0
6749.9			1.0
6750.8			1.0
6751.700000000001			1.0
6752.6			1.0
6753.5			1.0
6754.4			1.0
6755.3			1.0
6756.200000000001			1.0
6757.1			1.0
6758.0			1.0
6758.9			1.0
6759.8			1.0
6760.700000000001			1.0
6761.6			1.0
6762.5			1.0
6763.4			1.0
6764.3			1.0
6765.200000000001			1.0
6766.1			1.0
6767.0			1.0
6767.9			1.0
6768.8			1.0
6769.700000000001			1.0
6770.6			1.0
6771.5			1.0
6772.4			1.0
6773.3			1.0
6774.200000000001			1.0
6775.1			1.0
6776.0			1.0
6776.9			1.0
6777.8			1.0
6778.700000000001			1.0
6779.6			1.0
6780.5			1.0
6781.4			1.0
6782.3			1.0
6783.200000000001			1.0
6784.1			1.0
6785.0			1.0
6785.9			1.0
6786.8			1.0
6787.700000000001			1.0
6788.6			1.0
6789.5			1.0
6790.4			1.0
6791.3			1.0
6792.200000000001			1.0
6793.1			1.0
6794.0			1.0
6794.9			1.0
6795.8			1.0
6796.700000000001			1.0
6797.6			1.0
6798.5			1.0
6799.4			1.0
6800.3			1.0
6801.200000000001			1.0
6802.1			1.0
6803.0			1.0
6803.9			1.0
6804.8			1.0
6805.700000000001			1.0
6806.6			1.0
6807.5			1.0
6808.4			1.0
6809.3			1.0
6810.200000000001			1.0
6811.1			1.0
6812.0			1.0
6812.9			1.0
6813.8			1.0
6814.700000000001			1.0
6815.6			1.0
6816.5			1.0
6817.4			1.0
6818.3			1.0
6819.200000000001			1.0
6820.1			1.0
6821.0			1.0
6821.9			1.0
6822.8			1.0
6823.700000000001			1.0
6824.6			1.0
6825.5			1.0
6826.4			1.0
6827.3			1.0
6828.200000000001			1.0
6829.1			1.0
6830.0			1.0
6830.9			1.0
6831.8			1.0
6832.700000000001			1.0
6833.6			1.0
6834.5			1.0
6835.4			1.0
6836.3			1.0
6837.200000000001			1.0
6838.1			1.0
6839.0			1.0
6839.9			1.0
6840.8			1.0
6841.700000000001			1.0
6842.6			1.0
6843.5			1.0
6844.4			1.0
6845.3			1.0
6846.200000000001			1.0
6847.1			1.0
6848.0			1.0
6848.9			1.0
6849.8			1.0
6850.700000000001			1.0
6851.6			1.0
6852.5			1.0
6853.4			1.0
6854.3			1.0
6855.200000000001			1.0
6856.1			1.0
6857.0			1.0
6857.9			1.0
6858.8			1.0
6859.700000000001			1.0
6860.6			1.0
6861.5			1.0
6862.4			1.0
6863.3			1.0
6864.200000000001			1.0
6865.1			1.0051467788278032
6866.0			0.9846976118378407
6866.9			0.9446244476779517
6867.8			0.9202139383844081
6868.700000000001			0.9435795232994304
6869.6			0.9881633316052376
6870.5			1.000946008447766
6871.4			1.0
6872.3			1.0
6873.200000000001			1.0
6874.1			1.0
6875.0			1.0
6875.9			1.0
6876.8			1.0
6877.700000000001			1.0
6878.6			1.0
6879.5			1.0
6880.4			1.0
6881.3			1.0
6882.200000000001			1.0
6883.1			1.0
6884.0			1.0
6884.9			1.0
6885.8			1.0
6886.700000000001			1.0
6887.6			1.0
6888.5			1.0
6889.4			1.0
6890.3			1.0
6891.200000000001			1.0
6892.1			1.0
6893.0			1.0
6893.9			1.0
6894.8			1.0
6895.700000000001			1.0
6896.6			1.0
6897.5			1.0
6898.4			1.0
6899.3			1.0
6900.200000000001			1.0
6901.1			1.0
6902.0			1.0
6902.9			1.0
6903.8			1.0
6904.700000000001			1.0
6905.6			1.0
6906.5			1.0
6907.4			1.0
6908.3			1.0
6909.200000000001			1.0
6910.1			1.0
6911.0			1.0
6911.9			1.0
6912.8			1.0
6913.700000000001			1.0
6914.6			1.0
6915.5			1.0
6916.4			1.0
6917.3			1.0
6918.200000000001			1.0
6919.1			1.0
6920.0			1.0
6920.9			1.0
6921.8			1.0
6922.700000000001			1.0
6923.6			1.0
6924.5			1.0
6925.4			1.0
6926.3			1.0
6927.200000000001			1.0
6928.1			1.0
6929.0			1.0
6929.9			1.0
6930.8			1.0
6931.700000000001			1.0
6932.6			1.0
6933.5			1.0
6934.4			1.0
6935.3			1.0
6936.200000000001			1.0
6937.1			1.0
6938.0			1.0
6938.9			1.0
6939.8			1.0
6940.700000000001			1.0
6941.6			1.0
6942.5			1.0
6943.4			1.0
6944.3			1.0
6945.200000000001			1.0
6946.1			1.0
6947.0			1.0
6947.9			1.0
6948.8			1.0
6949.700000000001			1.0
6950.6			1.0
6951.5			1.0
6952.4			1.0
6953.3			1.0
6954.200000000001			1.0
6955.1			1.0
6956.0			1.0
6956.9			1.0
6957.8			1.0
6958.700000000001			1.0
6959.6			1.0
6960.5			1.0
6961.4			1.0
6962.3			1.0
6963.200000000001			1.0
6964.1			1.0
6965.0			1.0
6965.9			1.0
6966.8			1.0
6967.700000000001			1.0
6968.6			1.0
6969.5			1.0
6970.4			1.0
6971.3			1.0
6972.200000000001			1.0
6973.1			1.0
6974.0			1.0
6974.9			0.982918447745053
6975.8			0.9645332184243723
6976.700000000001			0.9425366424857727
6977.6			0.911250584274531
6978.5			0.8896902965966929
6979.4			0.9047157371854596
6980.3			0.9443819171014671
6981.200000000001			0.9780017730180786
6982.1			0.998397368243405
6983.0			1.0
6983.9			1.0
6984.8			1.0
6985.700000000001			1.0
6986.6			1.0
6987.5			1.0
6988.4			1.0
6989.3			1.0
6990.200000000001			1.0
6991.1			1.0
6992.0			1.0
6992.9			1.0
6993.8			1.0
6994.700000000001			1.0
6995.6			1.0
6996.5			1.0
6997.4			1.0
6998.3			1.0
6999.200000000001			1.0
7000.1			1.0
7001.0			1.0
7001.9			1.0
7002.8			1.0
7003.700000000001			1.0
7004.6			1.0
7005.5			1.0
7006.4			1.0
7007.3			1.0
7008.200000000001			1.0
7009.1			1.0
7010.0			1.0
7010.9			1.0
7011.8			1.0
7012.700000000001			1.0
7013.6			1.0
7014.5			1.0
7015.4			1.0
7016.3			1.0
7017.200000000001			1.0
7018.1			1.0
7019.0			1.0
7019.9			1.0
7020.8			1.0
7021.700000000001			1.0
7022.6			1.0
7023.5			1.0
7024.4			1.0
7025.3			1.0
7026.200000000001			1.0
7027.1			1.0
7028.0			1.0
7028.9			1.0
7029.8			1.0
7030.700000000001			1.0
7031.6			1.0
7032.5			1.0
7033.4			1.0
7034.3			1.0
7035.200000000001			1.0
7036.1			1.0
7037.0			1.0
7037.9			1.0
7038.8			1.0
7039.700000000001			1.0
7040.6			1.0
7041.5			1.0
7042.4			1.0
7043.3			1.0
7044.200000000001			1.0
7045.1			1.0
7046.0			1.0
7046.9			1.0
7047.8			1.0
7048.700000000001			1.0
7049.6			1.0
7050.5			1.0
7051.4			1.0
7052.3			1.0
7053.200000000001			1.0
7054.1			1.0
7055.0			1.0
7055.9			1.0
7056.8			1.0
7057.700000000001			1.0
7058.6			1.0
7059.5			1.0
7060.4			1.0
7061.3			1.0
7062.200000000001			1.0
7063.1			1.0
7064.0			1.0
7064.9			1.0
7065.8			1.0
7066.700000000001			1.0
7067.6			1.0
7068.5			1.0
7069.4			1.0
7070.3			1.0
7071.200000000001			1.0
7072.1			1.0
7073.0			1.0
7073.9			1.0
7074.8			1.0
7075.700000000001			1.0
7076.6			1.0
7077.5			1.0
7078.4			1.0
7079.3			1.0
7080.200000000001			1.0
7081.1			1.0
7082.0			1.0
7082.9			1.0
7083.8			1.0
7084.700000000001			1.0
7085.6			1.0
7086.5			1.0
7087.4			1.0
7088.3			1.0
7089.200000000001			1.0
7090.1			1.0
7091.0			1.0
7091.9			1.0
7092.8			1.0
7093.700000000001			1.0
7094.6			1.0
7095.5			1.0
7096.4			1.0
7097.3			1.0
7098.200000000001			1.0
7099.1			1.0
7100.0			1.0
7100.9			1.0
7101.8			1.0
7102.700000000001			1.0
7103.6			1.0
7104.5			1.0
7105.4			1.0
7106.3			1.0
7107.200000000001			1.0
7108.1			1.0
7109.0			1.0
7109.9			1.0
7110.8			1.0
7111.700000000001			1.0
7112.6			1.0
7113.5			1.0
7114.4			1.0
7115.3			1.0
7116.200000000001			1.0
7117.1			1.0
7118.0			1.0
7118.9			1.0
7119.8			1.0
7120.700000000001			1.0
7121.6			1.0
7122.5			1.0
7123.4			1.0
7124.3			1.0
7125.200000000001			1.0
7126.1			1.0
7127.0			1.0
7127.9			1.0
7128.8			1.0
7129.700000000001			1.0
7130.6			1.0
7131.5			1.0
7132.4			1.0
7133.3			1.0
7134.200000000001			1.0
7135.1			1.0
7136.0			1.0
7136.9			1.0
7137.8			1.0
7138.700000000001			1.0
7139.6			1.0
7140.5			1.0
7141.4			1.0
7142.3			1.0
7143.200000000001			1.0
7144.1			1.0
7145.0			1.0
7145.9			1.0
7146.8			1.0
7147.700000000001			1.0
7148.6			1.0
7149.5			1.0
7150.4			1.0
7151.3			1.0
7152.200000000001			1.0
7153.1			1.0
7154.0			1.0
7154.9			1.0
7155.8			1.0
7156.700000000001			1.0
7157.6			1.0
7158.5			1.0
7159.4			1.0
7160.3			1.0
7161.200000000001			1.0
7162.1			1.0
7163.0			1.0
7163.9			1.0
7164.8			1.0
7165.700000000001			1.0
7166.6			1.0
7167.5			1.0
7168.4			1.0
7169.3			1.0
7170.200000000001			1.0
7171.1			1.0
7172.0			1.0
7172.9			1.0
7173.8			1.0
7174.700000000001			1.0
7175.6			1.0
7176.5			1.0
7177.4			1.0
7178.3			1.0
7179.200000000001			1.0
7180.1			1.0
7181.0			1.0
7181.9			1.0
7182.8			1.0
7183.700000000001			1.0
7184.6			1.0
7185.5			1.0
7186.4			1.0
7187.3			1.0
7188.200000000001			1.0
7189.1			1.0
7190.0			1.0
7190.9			1.0
7191.8			1.0
7192.700000000001			1.0
7193.6			1.0
7194.5			1.0
7195.4			1.0
7196.3			1.0
7197.200000000001			1.0
7198.1			1.0
7199.0			1.0
7199.9			1.0
7200.8			1.0
7201.700000000001			1.0
7202.6			1.0
7203.5			1.0
7204.4			1.0
7205.3			1.0
7206.200000000001			1.0
7207.1			1.0
7208.0			1.0
7208.9			1.0
7209.8			1.0
7210.700000000001			1.0
7211.6			1.0
7212.5			1.0
7213.4			1.0
7214.3			1.0
7215.200000000001			1.0
7216.1			1.0
7217.0			1.0
7217.9			1.0
7218.8			1.0
7219.700000000001			1.0
7220.6			1.0
7221.5			1.0
7222.4			1.0
7223.3			1.0
7224.200000000001			1.0
7225.1			1.0
7226.0			1.0
7226.9			1.0
7227.8			1.0
7228.700000000001			1.0
7229.6			1.0
7230.5			1.0
7231.4			1.0
7232.3			1.0
7233.200000000001			1.0
7234.1			1.0
7235.0			1.0
7235.9			1.0
7236.8			1.0
7237.700000000001			1.0
7238.6			1.0
7239.5			1.0
7240.4			1.0
7241.3			1.0
7242.200000000001			1.0
7243.1			1.0
7244.0			1.0
7244.9			1.0
7245.8			1.0
7246.700000000001			1.0
7247.6			1.0
7248.5			1.0
7249.4			1.0
7250.3			1.0
7251.200000000001			1.0
7252.1			1.0
7253.0			1.0
7253.9			1.0
7254.8			1.0
7255.700000000001			1.0
7256.6			1.0
7257.5			1.0
7258.4			1.0
7259.3			1.0
7260.200000000001			1.0
7261.1			1.0
7262.0			1.0
7262.9			1.0
7263.8			1.0
7264.700000000001			1.0
7265.6			1.0
7266.5			1.0
7267.4			1.0
7268.3			1.0
7269.200000000001			1.0
7270.1			1.0
7271.0			1.0
7271.9			1.0
7272.8			1.0
7273.700000000001			1.0
7274.6			1.0
7275.5			1.0
7276.4			1.0
7277.3			1.0
7278.200000000001			1.0
7279.1			1.0
7280.0			1.0
7280.9			1.0
7281.8			1.0
7282.700000000001			1.0
7283.6			1.0
7284.5			1.0
7285.4			1.0
7286.3			1.0
7287.200000000001			1.0
7288.1			1.0
7289.0			1.0
7289.9			1.0
7290.8			1.0
7291.700000000001			1.0
7292.6			1.0
7293.5			1.0
7294.4			1.0
7295.3			1.0
7296.200000000001			1.0
7297.1			1.0
7298.0			1.0
7298.9			1.0
7299.8			1.0
7300.700000000001			1.0
7301.6			1.0
7302.5			1.0
7303.4			1.0
7304.3			1.0
7305.200000000001			1.0
7306.1			1.0
7307.0			1.0
7307.9			1.0
7308.8			1.0
7309.700000000001			1.0
7310.6			1.0
7311.5			1.0
7312.4			1.0
7313.3			1.0
7314.200000000001			1.0
7315.1			1.0
7316.0			1.0
7316.9			1.0
7317.8			1.0
7318.700000000001			1.0
7319.6			1.0
7320.5			1.0
7321.4			1.0
7322.3			1.0
7323.200000000001			1.0
7324.1			1.0
7325.0			1.0
7325.9			1.0
7326.8			1.0
7327.700000000001			1.0
7328.6			1.0
7329.5			1.0
7330.4			1.0
7331.3			1.0
7332.200000000001			1.0
7333.1			1.0
7334.0			1.0
7334.9			1.0
7335.8			1.0
7336.700000000001			1.0
7337.6			1.0
7338.5			1.0
7339.4			1.0
7340.3			1.0
7341.200000000001			1.0
7342.1			1.0
7343.0			1.0
7343.9			1.0
7344.8			1.0
7345.700000000001			1.0
7346.6			1.0
7347.5			1.0
7348.4			1.0
7349.3			1.0
7350.200000000001			1.0
7351.1			1.0
7352.0			1.0
7352.9			1.0
7353.8			1.0
7354.700000000001			1.0
7355.6			1.0
7356.5			1.0
7357.4			1.0
7358.3			1.0
7359.200000000001			1.0
7360.1			1.0
7361.0			1.0
7361.9			1.0
7362.8			1.0
7363.700000000001			1.0
7364.6			1.0
7365.5			1.0
7366.4			1.0
7367.3			1.0
7368.200000000001			1.0
7369.1			1.0
7370.0			1.0
7370.9			1.0
7371.8			1.0
7372.700000000001			1.0
7373.6			1.0
7374.5			1.0
7375.4			1.0
7376.3			1.0
7377.200000000001			1.0
7378.1			1.0
7379.0			1.0
7379.9			1.0
7380.8			1.0
7381.700000000001			1.0
7382.6			1.0
7383.5			1.0
7384.4			1.0
7385.3			1.0
7386.200000000001			1.0
7387.1			1.0
7388.0			1.0
7388.9			1.0
7389.8			1.0
7390.700000000001			1.0
7391.6			1.0
7392.5			1.0
7393.4			1.0
7394.3			1.0
7395.200000000001			1.0
7396.1			1.0
7397.0			1.0
7397.9			1.0
7398.8			1.0
7399.700000000001			1.0
7400.6			1.0
7401.5			1.0
7402.4			1.0
7403.3			1.0
7404.200000000001			1.0
7405.1			1.0
7406.0			1.0
7406.9			1.0
7407.8			1.0
7408.700000000001			1.0
7409.6			1.0
7410.5			1.0
7411.4			1.0
7412.3			1.0
7413.200000000001			1.0
7414.1			1.0
7415.0			1.0
7415.9			1.0
7416.8			1.0
7417.700000000001			1.0
7418.6			1.0
7419.5			1.0
7420.4			1.0
7421.3			1.0
7422.200000000001			1.0
7423.1			1.0
7424.0			1.0
7424.9			1.0
7425.8			1.0
7426.700000000001			1.0
7427.6			1.0
7428.5			1.0
7429.4			1.0
