3500.0			1.0
3500.9			1.0
3501.8			1.0
3502.7			1.0
3503.6			1.0
3504.5			1.0
3505.4			1.0
3506.3			1.0
3507.2			1.0
3508.1			1.0
3509.0			1.0
3509.9			1.0
3510.8			1.0
3511.7			1.0
3512.6			1.0
3513.5			1.0
3514.4			1.0
3515.3			1.0
3516.2			1.0
3517.1			1.0
3518.0			1.0
3518.9			1.0
3519.8			1.0
3520.7			1.0
3521.6			1.0
3522.5			1.0
3523.4			1.0
3524.3			1.0
3525.2			1.0
3526.1			1.0
3527.0			1.0
3527.9			1.0
3528.8			1.0
3529.7			1.0
3530.6			1.0
3531.5			1.0
3532.4			1.0
3533.3			1.0
3534.2			1.0
3535.1			1.0
3536.0			1.0
3536.9			1.0
3537.8			1.0
3538.7			1.0
3539.6			1.0
3540.5			1.0
3541.4			1.0
3542.3			1.0
3543.2			1.0
3544.1			1.0
3545.0			1.0
3545.9			1.0
3546.8			1.0
3547.7			1.0
3548.6			1.0
3549.5			1.0
3550.4			1.0
3551.3			1.0
3552.2			1.0
3553.1			1.0
3554.0			1.0
3554.9			1.0
3555.8			1.0
3556.7			1.0
3557.6			1.0
3558.5			1.0
3559.4			1.0
3560.3			1.0
3561.2			1.0
3562.1			1.0
3563.0			1.0
3563.9			1.0
3564.8			1.0
3565.7			1.0
3566.6			1.0
3567.5			1.0
3568.4			1.0
3569.3			1.0
3570.2			1.0
3571.1			1.0
3572.0			1.0
3572.9			1.0
3573.8			1.0
3574.7			1.0
3575.6			1.0
3576.5			1.0
3577.4			1.0
3578.3			1.0
3579.2			1.0
3580.1			1.0
3581.0			1.0
3581.9			1.0
3582.8			1.0
3583.7			1.0
3584.6			1.0
3585.5			1.0
3586.4			1.0
3587.3			1.0
3588.2			1.0
3589.1			1.0
3590.0			1.0
3590.9			1.0
3591.8			1.0
3592.7			1.0
3593.6			1.0
3594.5			1.0
3595.4			1.0
3596.3			1.0
3597.2			1.0
3598.1			1.0
3599.0			1.0
3599.9			1.0
3600.8			1.0
3601.7			1.0
3602.6			1.0
3603.5			1.0
3604.4			1.0
3605.3			1.0
3606.2			1.0
3607.1			1.0
3608.0			1.0
3608.9			1.0
3609.8			1.0
3610.7			1.0
3611.6			1.0
3612.5			1.0
3613.4			1.0
3614.3			1.0
3615.2			1.0
3616.1			1.0
3617.0			1.0
3617.9			1.0
3618.8			1.0
3619.7			1.0
3620.6			1.0
3621.5			1.0
3622.4			1.0
3623.3			1.0
3624.2			1.0
3625.1			1.0
3626.0			1.0
3626.9			1.0
3627.8			1.0
3628.7			1.0
3629.6			1.0
3630.5			1.0
3631.4			1.0
3632.3			1.0
3633.2			1.0
3634.1			1.0
3635.0			1.0
3635.9			1.0
3636.8			1.0
3637.7			1.0
3638.6			1.0
3639.5			1.0
3640.4			1.0
3641.3			1.0
3642.2			1.0
3643.1			1.0
3644.0			1.0
3644.9			1.0
3645.8			1.0
3646.7			1.0
3647.6			1.0
3648.5			1.0
3649.4			1.0
3650.3			1.0
3651.2			1.0
3652.1			1.0
3653.0			1.0
3653.9			1.0
3654.8			1.0
3655.7			1.0
3656.6			1.0
3657.5			1.0
3658.4			1.0
3659.3			1.0
3660.2			1.0
3661.1			1.0
3662.0			1.0
3662.9			1.0
3663.8			1.0
3664.7			1.0
3665.6			1.0
3666.5			1.0
3667.4			1.0
3668.3			1.0
3669.2			1.0
3670.1			1.0
3671.0			1.0
3671.9			1.0
3672.8			1.0
3673.7			1.0
3674.6			1.0
3675.5			1.0
3676.4			1.0
3677.3			1.0
3678.2			1.0
3679.1			1.0
3680.0			1.0
3680.9			1.0
3681.8			1.0
3682.7			1.0
3683.6			1.0
3684.5			1.0
3685.4			1.0
3686.3			1.0
3687.2			1.0
3688.1			1.0
3689.0			1.0
3689.9			1.0
3690.8			1.0
3691.7			1.0
3692.6			1.0
3693.5			1.0
3694.4			1.0
3695.3			1.0
3696.2			1.0
3697.1			1.0
3698.0			1.0
3698.9			1.0
3699.8			1.0
3700.7			1.0
3701.6			1.0
3702.5			1.0
3703.4			1.0
3704.3			1.0
3705.2			1.0
3706.1			1.0
3707.0			1.0
3707.9			1.0
3708.8			1.0
3709.7			1.0
3710.6			1.0
3711.5			1.0
3712.4			1.0
3713.3			1.0
3714.2			1.0
3715.1			1.0
3716.0			1.0
3716.9			1.0
3717.8			1.0
3718.7			1.0
3719.6			1.0
3720.5			1.0
3721.4			1.0
3722.3			1.0
3723.2			1.0
3724.1			1.0
3725.0			1.0
3725.9			1.0
3726.8			1.0
3727.7			1.0
3728.6			1.0
3729.5			1.0
3730.4			1.0
3731.3			1.0
3732.2			1.0
3733.1			1.0
3734.0			1.0
3734.9			1.0
3735.8			1.0
3736.7			1.0
3737.6			1.0
3738.5			1.0
3739.4			1.0
3740.3			1.0
3741.2			1.0
3742.1			1.0
3743.0			1.0
3743.9			1.0
3744.8			1.0
3745.7			1.0
3746.6			1.0
3747.5			1.0
3748.4			1.0
3749.3			1.0
3750.2			1.0
3751.1			1.0
3752.0			1.0
3752.9			1.0
3753.8			1.0
3754.7			1.0
3755.6			1.0
3756.5			1.0
3757.4			1.0
3758.3			1.0
3759.2			1.0
3760.1			1.0
3761.0			1.0
3761.9			1.0
3762.8			1.0
3763.7			1.0
3764.6			1.0
3765.5			1.0
3766.4			1.0
3767.3			1.0
3768.2			1.0
3769.1			1.0
3770.0			1.0
3770.9			1.0
3771.8			1.0
3772.7			1.0
3773.6			1.0
3774.5			1.0
3775.4			1.0
3776.3			1.0
3777.2			1.0
3778.1			1.0
3779.0			1.0
3779.9			1.0
3780.8			1.0
3781.7			1.0
3782.6			1.0
3783.5			1.0
3784.4			1.0
3785.3			1.0
3786.2			1.0
3787.1			1.0
3788.0			1.0
3788.9			1.0
3789.8			1.0
3790.7			1.0
3791.6			1.0
3792.5			1.0
3793.4			1.0
3794.3			1.0
3795.2			1.0
3796.1			1.0
3797.0			1.0
3797.9			1.0
3798.8			1.0
3799.7			1.0
3800.6			1.0
3801.5			1.0
3802.4			1.0
3803.3			1.0
3804.2			1.0
3805.1			1.0
3806.0			1.0
3806.9			1.0
3807.8			1.0
3808.7			1.0
3809.6			1.0
3810.5			1.0
3811.4			1.0
3812.3			1.0
3813.2			1.0
3814.1			1.0
3815.0			1.0
3815.9			1.0
3816.8			1.0
3817.7			1.0
3818.6			1.0
3819.5			1.0
3820.4			1.0
3821.3			1.0
3822.2			1.0
3823.1			1.0
3824.0			1.0
3824.9			1.0
3825.8			1.0
3826.7			1.0
3827.6			1.0
3828.5			1.0
3829.4			1.0
3830.3			1.0
3831.2			1.0
3832.1			1.0
3833.0			1.0
3833.9			1.0
3834.8			1.0
3835.7			1.0
3836.6			1.0
3837.5			1.0
3838.4			1.0
3839.3			1.0
3840.2			1.0
3841.1			1.0
3842.0			1.0
3842.9			1.0
3843.8			1.0
3844.7			1.0
3845.6			1.0
3846.5			1.0
3847.4			1.0
3848.3			1.0
3849.2			1.0
3850.1			1.0
3851.0			1.0
3851.9			1.0
3852.8			1.0
3853.7			1.0
3854.6			1.0
3855.5			1.0
3856.4			1.0
3857.3			1.0
3858.2			1.0
3859.1			1.0
3860.0			1.0
3860.9			1.0
3861.8			1.0
3862.7			1.0
3863.6			1.0
3864.5			1.0
3865.4			1.0
3866.3			1.0
3867.2			1.0
3868.1			1.0
3869.0			1.0
3869.9			1.0
3870.8			1.0
3871.7			1.0
3872.6			1.0
3873.5			1.0
3874.4			1.0
3875.3			1.0
3876.2			1.0
3877.1			1.0
3878.0			1.0
3878.9			1.0
3879.8			1.0
3880.7			1.0
3881.6			1.0
3882.5			1.0
3883.4			1.0
3884.3			1.0
3885.2			1.0
3886.1			1.0
3887.0			1.0
3887.9			1.0
3888.8			1.0
3889.7			1.0
3890.6			1.0
3891.5			1.0
3892.4			1.0
3893.3			1.0
3894.2			1.0
3895.1			1.0
3896.0			1.0
3896.9			1.0
3897.8			1.0
3898.7			1.0
3899.6			1.0
3900.5			1.0
3901.4			1.0
3902.3			1.0
3903.2			1.0
3904.1			1.0
3905.0			1.0
3905.9			1.0
3906.8			1.0
3907.7			1.0
3908.6			1.0
3909.5			1.0
3910.4			1.0
3911.3			1.0
3912.2			1.0
3913.1			1.0
3914.0			1.0
3914.9			1.0
3915.8			1.0
3916.7			1.0
3917.6			1.0
3918.5			1.0
3919.4			1.0
3920.3			1.0
3921.2			1.0
3922.1			1.0
3923.0			1.0
3923.9			1.0
3924.8			1.0
3925.7			1.0
3926.6			1.0
3927.5			1.0
3928.4			1.0
3929.3			1.0
3930.2			1.0
3931.1			1.0
3932.0			1.0
3932.9			1.0
3933.8			1.0
3934.7			1.0
3935.6			1.0
3936.5			1.0
3937.4			1.0
3938.3			1.0
3939.2			1.0
3940.1			1.0
3941.0			1.0
3941.9			1.0
3942.8			1.0
3943.7			1.0
3944.6			1.0
3945.5			1.0
3946.4			1.0
3947.3			1.0
3948.2			1.0
3949.1			1.0
3950.0			1.0
3950.9			1.0
3951.8			1.0
3952.7			1.0
3953.6			1.0
3954.5			1.0
3955.4			1.0
3956.3			1.0
3957.2			1.0
3958.1			1.0
3959.0			1.0
3959.9			1.0
3960.8			1.0
3961.7			1.0
3962.6			1.0
3963.5			1.0
3964.4			1.0
3965.3			1.0
3966.2			1.0
3967.1			1.0
3968.0			1.0
3968.9			1.0
3969.8			1.0
3970.7			1.0
3971.6			1.0
3972.5			1.0
3973.4			1.0
3974.3			1.0
3975.2			1.0
3976.1			1.0
3977.0			1.0
3977.9			1.0
3978.8			1.0
3979.7			1.0
3980.6			1.0
3981.5			1.0
3982.4			1.0
3983.3			1.0
3984.2			1.0
3985.1			1.0
3986.0			1.0
3986.9			1.0
3987.8			1.0
3988.7			1.0
3989.6			1.0
3990.5			1.0
3991.4			1.0
3992.3			1.0
3993.2			1.0
3994.1			1.0
3995.0			1.0
3995.9			1.0
3996.8			1.0
3997.7			1.0
3998.6			1.0
3999.5			1.0
4000.4			1.0
4001.3			1.0
4002.2			1.0
4003.1			1.0
4004.0			1.0
4004.9			1.0
4005.8			1.0
4006.7			1.0
4007.6			1.0
4008.5			1.0
4009.4			1.0
4010.3			1.0
4011.2			1.0
4012.1			1.0
4013.0			1.0
4013.9			1.0
4014.8			1.0
4015.7			1.0
4016.6			1.0
4017.5			1.0
4018.4			1.0
4019.3			1.0
4020.2			1.0
4021.1			1.0
4022.0			1.0
4022.9			1.0
4023.8			1.0
4024.7			1.0
4025.6			1.0
4026.5			1.0
4027.4			1.0203738657956238
4028.3			0.9942428287545226
4029.2			0.8949099550899492
4030.1			0.7197661577672687
4031.0			0.5840611934790434
4031.9			0.5434103704058211
4032.8			0.5305976412793607
4033.7			0.5275651739405082
4034.6			0.5834648052712189
4035.5			0.7126833623705416
4036.4			0.86252345156521
4037.3			0.9627927471559422
4038.2			0.9965051171892687
4039.1			1.0
4040.0			1.0
4040.9			1.0
4041.8			1.0
4042.7			0.9807686477853974
4043.6			0.8964988430073891
4044.5			0.7474770705613758
4045.4			0.6166766376200629
4046.3			0.6009076078866783
4047.2			0.7004557051610412
4048.1			0.8213698919375167
4049.0			0.9217833096845428
4049.9			1.0040253581715863
4050.8			1.0
4051.7			1.0
4052.6			1.0
4053.5			1.0
4054.4			1.0
4055.3			1.0
4056.2			1.0
4057.1			1.0
4058.0			1.0
4058.9			1.0
4059.8			1.0
4060.7			1.018848095652553
4061.6			0.9667058445825418
4062.5			0.8321745525914542
4063.4			0.7050105374253468
4064.3			0.7044637673899424
4065.2			0.822892652136919
4066.1			0.9392094272637403
4067.0			0.9847193322953609
4067.9			1.000507189013239
4068.8			1.0
4069.7			1.0
4070.6			1.0
4071.5			1.0
4072.4			1.0
4073.3			1.0
4074.2			1.0
4075.1			1.0361580042698864
4076.0			0.9618944625150337
4076.9			0.8417435559226689
4077.8			0.7773283066408113
4078.7			0.8104482882861294
4079.6			0.9106356660265355
4080.5			1.003169019518073
4081.4			1.0318324122205067
4082.3			1.0152641521838623
4083.2			1.0033487155313665
4084.1			1.0070489423561868
4085.0			1.0267387648093778
4085.9			1.0630614770431763
4086.8			1.1101625872826293
4087.7			1.1636073729098886
4088.6			1.190275941650061
4089.5			1.1653223804574622
4090.4			1.0998980465660895
4091.3			1.027630526075413
4092.2			0.9881861282876245
4093.1			1.0021130661914122
4094.0			1.0189426142863014
4094.9			0.9644471478487641
4095.8			0.8678720940031323
4096.7			0.8124440104234116
4097.6			0.8047769122545576
4098.5			0.8031048982672683
4099.4			0.7929044509255946
4100.3			0.7813315329186846
4101.2			0.7839380504098286
4102.1			0.8123696850873674
4103.0			0.8431680217910111
4103.9			0.8536309230618048
4104.8			0.8639198735337701
4105.7			0.8926177721787353
4106.6			0.9124027383940965
4107.5			0.8943398403238836
4108.4			0.8572959270938183
4109.3			0.8265435348172138
4110.2			0.8043840609509524
4111.1			0.7799992506322905
4112.0			0.7738512815393747
4112.9			0.8088582503017833
4113.8			0.8449432831514068
4114.7			0.8397432162633618
4115.6			0.824822272515084
4116.5			0.8398365765357151
4117.4			0.8552484740998135
4118.3			0.8408505022847789
4119.2			0.8372452713517109
4120.1			0.8590082943341688
4121.0			0.8621564550494939
4121.9			0.8452126699902108
4122.8			0.847475905509123
4123.7			0.8906829035822634
4124.6			0.9622106591344645
4125.5			1.003642169256862
4126.4			1.0
4127.3			1.0
4128.2			1.0
4129.1			0.9740823828725105
4130.0			0.9534075078445962
4130.9			0.8898681279500934
4131.8			0.8036281091870932
4132.7			0.7650925714037264
4133.6			0.7995084000241983
4134.5			0.8693491038359962
4135.4			0.9475523498739413
4136.3			1.0026464042990473
4137.2			1.0
4138.1			1.0
4139.0			1.0
4139.9			1.0067723883222257
4140.8			0.9819809521153301
4141.7			0.8665262915242902
4142.6			0.6851637225360373
4143.5			0.5889883862065476
4144.4			0.6565516439583456
4145.3			0.8078459893237568
4146.2			0.9352431391701755
4147.1			1.0010663106012228
4148.0			1.0
4148.9			1.0
4149.8			1.0
4150.7			1.0
4151.6			1.0
4152.5			1.0
4153.4			1.0
4154.3			1.0
4155.2			1.0
4156.1			1.0
4157.0			1.0
4157.9			1.0
4158.8			1.0
4159.7			1.0
4160.6			1.0
4161.5			1.0
4162.4			1.0
4163.3			1.0
4164.2			1.0
4165.1			1.0
4166.0			1.0
4166.9			1.0
4167.8			1.0014320192642379
4168.7			1.0060740649841005
4169.6			1.0138984823124189
4170.5			0.9836956278999572
4171.4			0.8930732906085387
4172.3			0.8055176466695997
4173.2			0.7923680157260014
4174.1			0.8260103441276001
4175.0			0.8588372867182911
4175.9			0.8940498448528844
4176.8			0.9267409574597366
4177.7			0.956282659473701
4178.6			1.006413094986248
4179.5			1.0
4180.4			1.0
4181.3			1.0
4182.2			0.9450612716845241
4183.1			0.9503051746682639
4184.0			0.9729734533144737
4184.9			0.9725794689382451
4185.8			0.9316780730477386
4186.7			0.8500393388127525
4187.6			0.7939700118404728
4188.5			0.8311520851858218
4189.4			0.9016734465358087
4190.3			0.909551375837525
4191.2			0.8876766057718884
4192.1			0.9257212177610008
4193.0			1.0000000244764824
4193.9			1.0
4194.8			1.0
4195.7			1.0
4196.6			1.0
4197.5			1.0
4198.4			1.0
4199.3			1.0
4200.2			1.0
4201.1			1.0
4202.0			1.0
4202.9			1.0
4203.8			1.0
4204.7			1.0
4205.6			1.0
4206.5			1.0
4207.4			1.0
4208.3			1.0
4209.2			1.0
4210.1			1.0
4211.0			1.0
4211.9			1.0
4212.8			0.9915202737925856
4213.7			0.9431758533040652
4214.6			0.8769181754067912
4215.5			0.7970657905534668
4216.4			0.7562617214439399
4217.3			0.7776033889656271
4218.2			0.7954126405844675
4219.1			0.7722853929748285
4220.0			0.7296781664625008
4220.9			0.6800317944118283
4221.8			0.6148767130336452
4222.7			0.5344975699931822
4223.6			0.4512745918976419
4224.5			0.3679840884080737
4225.4			0.29011990884972155
4226.3			0.23557973629271992
4227.2			0.23046630396113682
4228.1			0.28167444332837577
4229.0			0.3618812451360426
4229.9			0.44552012817113434
4230.8			0.527537288801994
4231.7			0.5994239462036177
4232.6			0.652543614067682
4233.5			0.6971038119267875
4234.4			0.7404340088648502
4235.3			0.7812320530476435
4236.2			0.8370109370669924
4237.1			0.912015488724699
4238.0			0.9693797037336233
4238.9			0.9775379930083563
4239.8			0.952854315521284
4240.7			0.9505040134149326
4241.6			0.9979428492799923
4242.5			1.0
4243.4			1.0
4244.3			1.0
4245.2			1.0
4246.1			1.0
4247.0			1.0
4247.9			1.0
4248.8			1.0004191944196905
4249.7			0.9225262164406904
4250.6			0.8183953639078342
4251.5			0.7852222467842296
4252.4			0.7720392760072949
4253.3			0.6933069506237446
4254.2			0.6131917293723126
4255.1			0.6613659402353215
4256.0			0.8347163852121372
4256.9			0.9984538550577507
4257.8			1.066029942678821
4258.7			1.0511021340212843
4259.6			0.994037759645291
4260.5			1.0
4261.4			1.0
4262.3			1.0
4263.2			1.0
4264.1			1.0
4265.0			1.0
4265.9			1.0
4266.8			1.0
4267.7			1.0
4268.6			0.9704783828584285
4269.5			0.9163252122408195
4270.4			0.8022656218595685
4271.3			0.6658385553300201
4272.2			0.6071821233906736
4273.1			0.6104006560333648
4274.0			0.5796789222324632
4274.9			0.5492996520776722
4275.8			0.622462578580119
4276.7			0.7829113247385809
4277.6			0.9465818839247396
4278.5			1.0635353378911643
4279.4			1.101022630667011
4280.3			1.06423203192612
4281.2			1.0025091392766305
4282.1			1.0
4283.0			1.0
4283.9			1.0
4284.8			1.0
4285.7			1.0
4286.6			0.9321881093827188
4287.5			0.8354333352049749
4288.4			0.7075100214509326
4289.3			0.5763236722103848
4290.2			0.5418230463588098
4291.1			0.6497971754424541
4292.0			0.8290961122301284
4292.9			0.962042612624507
4293.8			0.9982222188519344
4294.7			1.0
4295.6			1.0
4296.5			1.0
4297.4			1.0
4298.3			1.0
4299.2			1.0
4300.1			1.0
4301.0			1.0
4301.9			1.0
4302.8			1.0
4303.7			1.0
4304.6			1.0
4305.5			0.9036777828770142
4306.4			0.7635310355828688
4307.3			0.6608952933847826
4308.2			0.6402635047536485
4309.1			0.7228030256592355
4310.0			0.868058862068837
4310.9			1.0090189950088846
4311.8			1.0
4312.7			1.0
4313.6			1.0
4314.5			1.0
4315.4			1.0
4316.3			1.0
4317.2			1.0
4318.1			1.0
4319.0			1.0
4319.9			1.0
4320.8			1.0
4321.7			1.0
4322.6			1.0
4323.5			0.9273793387601278
4324.4			0.7852709864831564
4325.3			0.6398569420967635
4326.2			0.6138057845408018
4327.1			0.7401687472547751
4328.0			0.906837547345552
4328.9			0.9971760175309576
4329.8			1.0
4330.7			1.0
4331.6			1.0
4332.5			1.0
4333.4			1.0
4334.3			1.0333417842834065
4335.2			1.0332046918831064
4336.1			0.9708538563071916
4337.0			0.8626715057171717
4337.9			0.7895839240039392
4338.8			0.7898453891409672
4339.7			0.8306180407309428
4340.6			0.9012097790419853
4341.5			0.9859942709103565
4342.4			1.0339580201683203
4343.3			1.007140272281122
4344.2			1.0
4345.1			1.0
4346.0			1.0
4346.9			1.0
4347.8			1.0
4348.7			1.0448899329990144
4349.6			1.034051066398385
4350.5			0.9361664254425697
4351.4			0.7992726957855252
4352.3			0.7288753335573676
4353.2			0.7696207649567822
4354.1			0.8618708754548704
4355.0			0.9365859808539827
4355.9			0.9987622044129458
4356.8			1.0
4357.7			1.0
4358.6			1.0
4359.5			1.0
4360.4			1.0
4361.3			1.0
4362.2			1.0
4363.1			1.0
4364.0			1.0
4364.9			1.0
4365.8			1.0
4366.7			1.0
4367.6			1.0
4368.5			1.0
4369.4			1.0
4370.3			1.0
4371.2			1.0
4372.1			1.0
4373.0			1.0
4373.9			1.0
4374.8			1.0
4375.7			1.0
4376.6			1.0
4377.5			1.0
4378.4			1.0
4379.3			1.0
4380.2			0.9605206572606316
4381.1			0.9333569170983682
4382.0			0.8208609027231811
4382.9			0.6404470569343637
4383.8			0.5340763823957625
4384.7			0.6038150503339581
4385.6			0.7917164596472577
4386.5			0.9499777990647599
4387.4			1.0018509022434632
4388.3			1.0
4389.2			1.0
4390.1			1.0
4391.0			1.0
4391.9			1.0
4392.8			1.0
4393.7			1.0
4394.6			1.0
4395.5			1.0
4396.4			1.0
4397.3			1.0
4398.2			1.0
4399.1			1.0
4400.0			0.941611010250043
4400.9			0.8993083108492859
4401.8			0.8866331816802783
4402.7			0.8369208736054812
4403.6			0.7081299387314527
4404.5			0.5843612528328412
4405.4			0.5752442846169386
4406.3			0.6499328005812343
4407.2			0.6958887528358834
4408.1			0.7255548186828166
4409.0			0.8232266943221683
4409.9			0.9488085363020707
4410.8			0.9990460834370205
4411.7			1.0
4412.6			0.966216185393705
4413.5			0.9083819954906482
4414.4			0.7987291630122129
4415.3			0.7300901392757214
4416.2			0.7868321667681029
4417.1			0.9054926414828979
4418.0			0.9995137230785971
4418.9			1.0
4419.8			1.0
4420.7			1.0
4421.6			1.0
4422.5			0.9558402532637243
4423.4			0.9341787968412375
4424.3			0.8930482249683794
4425.2			0.8084710783280448
4426.1			0.7551106614073271
4427.0			0.783707366768839
4427.9			0.8747270541336732
4428.8			0.967095694474624
4429.7			0.9966790092682116
4430.6			1.0
4431.5			1.0
4432.4			1.0149571769125234
4433.3			0.9030185370126693
4434.2			0.7231705219287132
4435.1			0.6109532154510244
4436.0			0.667005427218453
4436.9			0.8395802828847321
4437.8			0.9998257332982601
4438.7			1.0
4439.6			1.0
4440.5			1.0
4441.4			1.0
4442.3			1.0
4443.2			1.0
4444.1			1.0
4445.0			1.0
4445.9			1.042135227148951
4446.8			1.015985179884916
4447.7			0.9783682086111941
4448.6			0.9771425027832501
4449.5			0.9812902590123558
4450.4			0.9678452651184637
4451.3			0.9460181517201325
4452.2			0.9014752804334519
4453.1			0.7953809755374379
4454.0			0.6410720633506619
4454.9			0.5305640301816132
4455.8			0.5392324778375266
4456.7			0.6396455651012715
4457.6			0.738911791662874
4458.5			0.780618794232791
4459.4			0.7763813210302107
4460.3			0.75983264240195
4461.2			0.7530901322875858
4462.1			0.7949784077427455
4463.0			0.9014828910769187
4463.9			1.0012031829501866
4464.8			1.0
4465.7			1.0
4466.6			1.0
4467.5			1.0
4468.4			1.0
4469.3			1.0
4470.2			1.0
4471.1			1.0
4472.0			1.0
4472.9			1.0
4473.8			1.0
4474.7			1.0
4475.6			1.0
4476.5			1.0
4477.4			1.0
4478.3			1.0
4479.2			0.9655567441769682
4480.1			0.8931179054810334
4481.0			0.8203391121276419
4481.9			0.7847477395134338
4482.8			0.8258537051638496
4483.7			0.9201526014717686
4484.6			0.99649176882258
4485.5			1.0
4486.4			1.0
4487.3			1.0
4488.2			1.0
4489.1			1.0
4490.0			1.0
4490.9			1.0
4491.8			1.0
4492.7			0.9984602972326257
4493.6			0.9412650528613528
4494.5			0.869543671713212
4495.4			0.8259765669213799
4496.3			0.8187771228543506
4497.2			0.856656822501851
4498.1			0.9304941791516358
4499.0			0.9901016002500868
4499.9			1.0007146556896476
4500.8			1.0
4501.7			1.0
4502.6			1.0
4503.5			1.0
4504.4			1.0
4505.3			1.0
4506.2			1.0
4507.1			1.0
4508.0			1.0
4508.9			1.0
4509.8			1.0
4510.7			1.0
4511.6			1.0
4512.5			1.0
4513.4			1.0
4514.3			1.0
4515.2			1.0185158976500737
4516.1			1.0030417387734607
4517.0			0.9466650970921046
4517.9			0.8932427898545424
4518.8			0.9008938763704147
4519.7			0.9571347554264482
4520.6			0.9956629412964751
4521.5			1.0
4522.4			1.0
4523.3			1.0
4524.2			1.0
4525.1			1.0
4526.0			1.0
4526.9			1.0
4527.8			1.0
4528.7			1.0
4529.6			1.0
4530.5			1.0086753815910945
4531.4			0.9847103775272477
4532.3			0.9223097467485976
4533.2			0.8140698694911075
4534.1			0.695620113450142
4535.0			0.628426243585809
4535.9			0.6889506824332952
4536.8			0.8633318422508952
4537.7			1.0137062015927143
4538.6			1.0543190080827431
4539.5			1.0103172019536666
4540.4			1.0
4541.3			0.9967611915792131
4542.2			1.031806713022167
4543.1			1.0376261735611263
4544.0			0.9792047893196281
4544.9			0.9055813973432782
4545.8			0.8888104860176629
4546.7			0.9164013955014975
4547.6			0.925461449746531
4548.5			0.9175188966816987
4549.4			0.9464111093871109
4550.3			1.0022783315133332
4551.2			1.0
4552.1			0.9455636546639273
4553.0			0.8803456871342409
4553.9			0.8314176005208702
4554.8			0.813150458959506
4555.7			0.8514238251056384
4556.6			0.9348751695271653
4557.5			1.0082506566101637
4558.4			1.0
4559.3			1.0
4560.2			1.0
4561.1			1.0
4562.0			1.0
4562.9			1.0
4563.8			1.0
4564.7			1.0
4565.6			1.0
4566.5			1.0
4567.4			1.0
4568.3			1.0
4569.2			0.9801210396735408
4570.1			0.9305165511314503
4571.0			0.8832830786095702
4571.9			0.9054566087202732
4572.8			0.9919269085242024
4573.7			1.0
4574.6			1.0
4575.5			1.0
4576.4			1.0
4577.3			1.0
4578.2			1.0
4579.1			1.0
4580.0			1.0
4580.9			1.0
4581.8			1.0
4582.7			1.0
4583.6			1.0096776160095684
4584.5			0.9285991319326714
4585.4			0.8297396333224475
4586.3			0.808126440311045
4587.2			0.886039379574046
4588.1			0.9737313875826419
4589.0			0.99879723929409
4589.9			1.0
4590.8			1.0
4591.7			1.0
4592.6			1.0
4593.5			1.0
4594.4			1.0
4595.3			1.0
4596.2			1.0
4597.1			1.0121554404983064
4598.0			1.0068906815445444
4598.9			0.9907479938895416
4599.8			0.9477090226715573
4600.7			0.9049529567104143
4601.6			0.9069532846340874
4602.5			0.9387123064739308
4603.4			0.98297465531838
4604.3			1.0273850578888615
4605.2			1.037224938857877
4606.1			1.0047905032521944
4607.0			1.0
4607.9			1.0
4608.8			1.0
4609.7			1.0
4610.6			1.0
4611.5			1.0
4612.4			1.0
4613.3			1.0
4614.2			1.0
4615.1			1.0
4616.0			1.0
4616.9			1.0
4617.8			1.0
4618.7			1.0
4619.6			1.0
4620.5			1.0
4621.4			1.0
4622.3			1.0
4623.2			1.0
4624.1			1.0
4625.0			1.0
4625.9			1.0
4626.8			1.0
4627.7			1.0
4628.6			1.0
4629.5			1.0
4630.4			1.0
4631.3			1.0
4632.2			1.0
4633.1			1.0
4634.0			1.0
4634.9			1.0
4635.8			1.0
4636.7			1.0
4637.6			1.0
4638.5			1.0
4639.4			1.0
4640.3			1.0
4641.2			1.0
4642.1			1.0
4643.0			1.0133996526111209
4643.9			0.9878048185883866
4644.8			0.9266283887830443
4645.7			0.848490101820974
4646.6			0.8308704263952276
4647.5			0.898421029755872
4648.4			0.9755533582774621
4649.3			1.009345067244341
4650.2			0.9985929035518639
4651.1			1.0
4652.0			1.0
4652.9			1.0
4653.8			1.0
4654.7			1.0
4655.6			1.0
4656.5			1.0
4657.4			1.0
4658.3			1.0
4659.2			1.0
4660.1			1.0
4661.0			1.0
4661.9			1.0
4662.8			1.0
4663.7			1.0
4664.6			0.9815228279084209
4665.5			0.951637515469425
4666.4			0.8750321882257388
4667.3			0.7895234907085662
4668.2			0.7812971000820046
4669.1			0.8601150417985786
4670.0			0.9477115839514011
4670.9			0.9920624048216855
4671.8			0.9985217969024481
4672.7			1.0
4673.6			1.0
4674.5			1.0
4675.4			1.0
4676.3			1.0
4677.2			1.0
4678.1			0.9895712739634899
4679.0			0.9649764544300842
4679.9			0.9330184759476197
4680.8			0.885217378188738
4681.7			0.8562757338202341
4682.6			0.8929002165985118
4683.5			0.9641810754743884
4684.4			1.001009100708916
4685.3			1.0057408620323998
4686.2			1.0
4687.1			1.0
4688.0			1.0
4688.9			1.0
4689.8			1.0
4690.7			1.0
4691.6			1.0
4692.5			1.0
4693.4			1.0
4694.3			1.0
4695.2			1.0
4696.1			1.0
4697.0			1.0
4697.9			1.0
4698.8			0.9724701119542234
4699.7			0.9912539735679207
4700.6			1.0129339146584757
4701.5			0.9946340723314024
4702.4			0.9538112879541687
4703.3			0.9431345720071109
4704.2			0.9726164085624026
4705.1			0.9919854964123359
4706.0			0.9699211725391801
4706.9			0.9315225846671971
4707.8			0.9169295640210169
4708.7			0.9208691421293896
4709.6			0.9303038167337299
4710.5			0.9714470547071047
4711.4			1.0335503318838757
4712.3			1.0583197638298665
4713.2			1.0317486183045832
4714.1			0.9862748214798114
4715.0			0.9656210016919141
4715.9			0.9817042255963275
4716.8			0.9996776446198122
4717.7			1.0
4718.6			1.0
4719.5			1.0
4720.4			1.0
4721.3			1.0
4722.2			1.0
4723.1			1.0
4724.0			1.0
4724.9			1.0
4725.8			1.0
4726.7			1.0
4727.6			1.0
4728.5			1.0
4729.4			1.0
4730.3			1.0
4731.2			1.0
4732.1			1.0
4733.0			1.0
4733.9			1.0
4734.8			1.0
4735.7			1.0
4736.6			1.0
4737.5			1.0
4738.4			1.0
4739.3			1.0
4740.2			1.0
4741.1			1.0
4742.0			1.0
4742.9			1.0285201910175878
4743.8			1.0496723443638958
4744.7			1.0501447022553054
4745.6			1.0531696401490533
4746.5			1.0649096317625335
4747.4			1.066567959698611
4748.3			1.065995968429529
4749.2			1.0730933566238443
4750.1			1.0710342108597664
4751.0			1.0584732684865208
4751.9			1.0347471056740123
4752.8			0.995846469386702
4753.7			0.9794755297163723
4754.6			1.0108539316586114
4755.5			1.0362011704527214
4756.4			1.0198695939476592
4757.3			0.9865739683691327
4758.2			0.9587997887002224
4759.1			0.95256063432521
4760.0			0.9649093090683267
4760.9			0.9576303475811009
4761.8			0.9240354945420596
4762.7			0.903067272892128
4763.6			0.9063854490492849
4764.5			0.9013353261949771
4765.4			0.8731892354123618
4766.3			0.8515921933673044
4767.2			0.8621991436919083
4768.1			0.8821570352221549
4769.0			0.8821511444293745
4769.9			0.8683732857025592
4770.8			0.8580802969851269
4771.7			0.8493755129415181
4772.6			0.8458241068892836
4773.5			0.8593012762331016
4774.4			0.8727646710275376
4775.3			0.8642428249331818
4776.2			0.8433979400723026
4777.1			0.8274821837310912
4778.0			0.8151303658042054
4778.9			0.8038865545892694
4779.8			0.7982732800608792
4780.7			0.7981274423490433
4781.6			0.7957977187517445
4782.5			0.7849767327021994
4783.4			0.7874528135821532
4784.3			0.826188550330383
4785.2			0.8689693876640059
4786.1			0.8828693668578795
4787.0			0.8799698552854224
4787.9			0.8746431606694006
4788.8			0.8772967335554012
4789.7			0.9030651363346757
4790.6			0.9346188532461496
4791.5			0.9488095835722915
4792.4			0.958583505352301
4793.3			0.979243539290029
4794.2			1.0063779590873967
4795.1			1.0263120141213364
4796.0			1.0330519916685332
4796.9			1.037117457666888
4797.8			1.0321849130284886
4798.7			1.0112484212104778
4799.6			0.991259359749104
4800.5			0.9894694721863985
4801.4			1.0133550818526684
4802.3			1.0549472569476066
4803.2			1.086527398056888
4804.1			1.0823330408244087
4805.0			1.0533443527251478
4805.9			1.0288615112473616
4806.8			1.0137038319768237
4807.7			1.006447442404855
4808.6			1.0164127663791065
4809.5			1.03054282982018
4810.4			1.03252135998631
4811.3			1.0
4812.2			1.0004815950423354
4813.1			1.0113769163836686
4814.0			1.0205538439489097
4814.9			1.0214940668546697
4815.8			1.0267094022098806
4816.7			1.040650785331795
4817.6			1.0504600132488195
4818.5			1.0456152003559578
4819.4			1.0293114992810384
4820.3			1.0161738435388652
4821.2			1.0082910254765884
4822.1			0.9779999335887264
4823.0			0.9300258507250474
4823.9			0.9202071441066344
4824.8			0.9595263938447114
4825.7			0.9963223577026391
4826.6			1.0003545815508572
4827.5			0.9811271659421654
4828.4			0.9633284171660921
4829.3			0.9597675031748092
4830.2			0.9602220468761978
4831.1			0.950630932322018
4832.0			0.9484144919707204
4832.9			0.9788660409577766
4833.8			1.0141406063259286
4834.7			1.0173737886708654
4835.6			0.999970118311888
4836.5			1.0
4837.4			1.0
4838.3			1.0
4839.2			1.0
4840.1			1.0
4841.0			1.0
4841.9			1.0
4842.8			1.0
4843.7			1.0
4844.6			1.0
4845.5			1.0
4846.4			1.0
4847.3			1.0
4848.2			1.0
4849.1			1.0
4850.0			1.0
4850.9			1.0
4851.8			1.0
4852.7			1.0
4853.6			1.0
4854.5			1.0
4855.4			1.0
4856.3			1.0
4857.2			1.0
4858.1			1.0
4859.0			1.0
4859.9			1.0
4860.8			1.0
4861.7			1.0
4862.6			1.0
4863.5			1.0
4864.4			1.0
4865.3			1.0
4866.2			1.0
4867.1			1.0
4868.0			1.0
4868.9			1.0022336224213022
4869.8			0.9578572008937484
4870.7			0.8725300522606643
4871.6			0.8374818287336765
4872.5			0.8983115610592733
4873.4			0.9792751585537892
4874.3			1.0002418464105298
4875.2			1.0
4876.1			1.0
4877.0			1.0
4877.9			1.0
4878.8			1.0
4879.7			1.0
4880.6			1.0
4881.5			1.0
4882.4			1.0
4883.3			1.0
4884.2			1.0
4885.1			1.0
4886.0			1.0
4886.9			1.0
4887.8			1.0
4888.7			0.9802760669880998
4889.6			0.9205656088719056
4890.5			0.8417757278187457
4891.4			0.8239891369504301
4892.3			0.8910406177267538
4893.2			0.9655053603309524
4894.1			0.9973928602403985
4895.0			1.0
4895.9			1.0
4896.8			1.0
4897.7			1.0
4898.6			1.0
4899.5			1.0
4900.4			1.0
4901.3			1.0
4902.2			1.0
4903.1			1.0
4904.0			1.0
4904.9			1.0
4905.8			1.0
4906.7			1.0
4907.6			1.0
4908.5			1.0
4909.4			1.0
4910.3			1.0
4911.2			1.0
4912.1			1.0
4913.0			1.0
4913.9			1.0
4914.8			1.0
4915.7			1.0
4916.6			1.000665736108596
4917.5			0.9582036848004254
4918.4			0.8649427111229072
4919.3			0.7694022000776917
4920.2			0.7462999234692633
4921.1			0.8182350499894583
4922.0			0.9328442320580069
4922.9			1.0075198253385824
4923.8			1.0019153236052931
4924.7			1.0
4925.6			1.0
4926.5			1.0
4927.4			1.0
4928.3			1.0
4929.2			1.0
4930.1			1.0
4931.0			1.0
4931.9			1.0
4932.8			1.0
4933.7			1.0
4934.6			1.023791299006988
4935.5			1.0596932776439845
4936.4			1.0489332543363656
4937.3			0.9863336106203783
4938.2			0.9183134416387048
4939.1			0.8998597590915591
4940.0			0.9337747475601977
4940.9			0.9664052568677238
4941.8			0.9743999550581366
4942.7			0.9890107449958
4943.6			1.0062001535291272
4944.5			1.0
4945.4			1.0
4946.3			1.0
4947.2			1.0
4948.1			1.0
4949.0			1.0
4949.9			1.0
4950.8			1.0
4951.7			1.0
4952.6			1.0
4953.5			1.0
4954.4			0.9440869177615111
4955.3			0.8831746568292353
4956.2			0.7998416384518099
4957.1			0.7288007703888282
4958.0			0.7587781351345548
4958.9			0.8805784698873215
4959.8			0.9848714297336371
4960.7			1.0
4961.6			1.0
4962.5			1.0
4963.4			1.0
4964.3			1.0
4965.2			1.0
4966.1			1.0
4967.0			1.0
4967.9			1.0
4968.8			1.0
4969.7			1.0
4970.6			1.0
4971.5			1.0
4972.4			1.0
4973.3			1.0
4974.2			1.0
4975.1			1.0
4976.0			1.0
4976.9			1.0
4977.8			1.0
4978.7			1.0
4979.6			1.0003780157720394
4980.5			0.9353132090814799
4981.4			0.8185503549800259
4982.3			0.7749161980381207
4983.2			0.8509590199340357
4984.1			0.9540352858831843
4985.0			1.0004447738327618
4985.9			1.0
4986.8			1.0
4987.7			1.0
4988.6			1.0
4989.5			1.0
4990.4			1.0
4991.3			1.0
4992.2			1.0
4993.1			1.0
4994.0			1.0
4994.9			1.0
4995.8			1.0
4996.7			1.0
4997.6			0.9858582620175769
4998.5			0.9201484510973784
4999.4			0.8389643826611979
5000.3			0.8260223946139926
5001.2			0.8832296814100034
5002.1			0.9495370771527266
5003.0			1.002267613456535
5003.9			1.0
5004.8			1.0
5005.7			1.0
5006.6			1.0
5007.5			1.0
5008.4			1.0
5009.3			1.0
5010.2			1.0440809004215423
5011.1			1.0237926839739255
5012.0			0.947984513504442
5012.9			0.8595027580192938
5013.8			0.7952083199235223
5014.7			0.7960355312715122
5015.6			0.8635218666806452
5016.5			0.9422281027261966
5017.4			1.0008200197896147
5018.3			1.0
5019.2			1.0
5020.1			1.0
5021.0			1.0
5021.9			1.0
5022.8			1.0
5023.7			1.0
5024.6			1.0
5025.5			1.0
5026.4			1.0
5027.3			1.0
5028.2			1.0
5029.1			1.0
5030.0			1.0
5030.9			1.0
5031.8			1.0
5032.7			1.0
5033.6			1.0
5034.5			1.0
5035.4			1.0
5036.3			0.9775925790564572
5037.2			1.0176491971322228
5038.1			1.0081083062102998
5039.0			0.9131174887530131
5039.9			0.808654442535571
5040.8			0.7773285206808744
5041.7			0.8258334461062782
5042.6			0.8844772962665163
5043.5			0.9166810284917117
5044.4			0.9530786238822185
5045.3			0.994317707355274
5046.2			1.0
5047.1			1.0
5048.0			0.9738183630562802
5048.9			0.9007926438178528
5049.8			0.8533724214992109
5050.7			0.8948025019364495
5051.6			0.9810246777853673
5052.5			1.0
5053.4			1.0
5054.3			1.0
5055.2			1.0
5056.1			1.0238986626525908
5057.0			1.0706166954440446
5057.9			1.0908751091482236
5058.8			1.0733525445761314
5059.7			1.0712113476850496
5060.6			1.0838142140534108
5061.5			1.0678952618286526
5062.4			1.021803488842233
5063.3			0.9513424253164042
5064.2			0.8781974183936362
5065.1			0.8661457509411681
5066.0			0.9135397513464678
5066.9			0.9394616762936813
5067.8			0.9189289435466419
5068.7			0.9060175266550258
5069.6			0.919954522047762
5070.5			0.9189125500880718
5071.4			0.8903809739474984
5072.3			0.8890969578796086
5073.2			0.9479350064876741
5074.1			1.0007108737220978
5075.0			1.0
5075.9			0.9354943415575997
5076.8			0.9328350083504072
5077.7			0.9788813973976047
5078.6			0.980276537465543
5079.5			0.9420039090295055
5080.4			0.9179476464018812
5081.3			0.8959658954309684
5082.2			0.8782469300614244
5083.1			0.9009117028266282
5084.0			0.9518944985012866
5084.9			1.0
5085.8			1.0386506039883463
5086.7			1.0421717369606929
5087.6			1.0047590772406676
5088.5			0.9716145723313748
5089.4			0.966439769850442
5090.3			0.9720295120954346
5091.2			0.9975866874282232
5092.1			1.0596278188275612
5093.0			1.0991132160090027
5093.9			1.0402871971575385
5094.8			0.9332813346385844
5095.7			0.9096432134731728
5096.6			0.9900896416516457
5097.5			1.0401033287423849
5098.4			0.9792941032235255
5099.3			0.8930874806531564
5100.2			0.8555570441923088
5101.1			0.8535891431939301
5102.0			0.8683087503709069
5102.9			0.8788958788700906
5103.8			0.8710391566701171
5104.7			0.8589809645403655
5105.6			0.8494017427915628
5106.5			0.841274517151579
5107.4			0.8524826968438899
5108.3			0.880874253389492
5109.2			0.8928278769903089
5110.1			0.8828636849033371
5111.0			0.872033240381386
5111.9			0.8656431493181235
5112.8			0.8756040177413978
5113.7			0.9324799758162479
5114.6			0.999884840567558
5115.5			1.0
5116.4			0.979252531857059
5117.3			0.9795678060963056
5118.2			0.9655464962254589
5119.1			0.9232471872223296
5120.0			0.8881936820069998
5120.9			0.8905729334389195
5121.8			0.9113291074707568
5122.7			0.8851109328020443
5123.6			0.8260205765879098
5124.5			0.809678714646822
5125.4			0.8328584526133439
5126.3			0.8485393395841107
5127.2			0.8522554968382235
5128.1			0.8466414276996586
5129.0			0.8224345984953868
5129.9			0.8233928396369564
5130.8			0.8974133374918923
5131.7			0.9849513172595689
5132.6			0.9991997767242444
5133.5			1.0
5134.4			1.0
5135.3			1.0
5136.2			1.0
5137.1			1.0
5138.0			1.0
5138.9			1.0
5139.8			1.0
5140.7			1.0
5141.6			1.0
5142.5			1.0
5143.4			1.0
5144.3			1.0
5145.2			1.0
5146.1			1.0
5147.0			1.0207560233331634
5147.9			1.0605050741593258
5148.8			1.0486545570435095
5149.7			0.9886581596443665
5150.6			1.0
5151.5			0.9601265886347339
5152.4			0.8963654603294842
5153.3			0.8508229516585617
5154.2			0.8899570511821446
5155.1			1.0006838796079591
5156.0			1.108495387369255
5156.9			1.191814412855948
5157.8			1.2421695170325064
5158.7			1.2405408007457788
5159.6			1.2437853829128813
5160.5			1.2820681262591624
5161.4			1.2699125099462456
5162.3			1.2039189268645136
5163.2			1.1923113606077955
5164.1			1.1946461372095931
5165.0			1.078216070240819
5165.9			0.8838695144072591
5166.8			0.7464358873119104
5167.7			0.7320808840505285
5168.6			0.8084756874673038
5169.5			0.8709841732579549
5170.4			0.8434228730578471
5171.3			0.7460008927319622
5172.2			0.6633945852744904
5173.1			0.6727799292514093
5174.0			0.7720912284489986
5174.9			0.8900937312469999
5175.8			0.9659056050516955
5176.7			0.9776182283699398
5177.6			0.9481974972802171
5178.5			1.0
5179.4			0.9433695625507585
5180.3			0.863946146478683
5181.2			0.774504379866965
5182.1			0.6932102956374877
5183.0			0.6422642184107016
5183.9			0.6774398050142816
5184.8			0.8036607424095549
5185.7			0.9341723285748451
5186.6			0.9970009189936707
5187.5			1.1590455260438424
5188.4			1.1580578722556933
5189.3			1.0
5190.2			0.9929093133443508
5191.1			0.9242686089528342
5192.0			0.8468306128168064
5192.9			0.8413628019844313
5193.8			0.8970264140761558
5194.7			0.9499100158671125
5195.6			0.9985252178282774
5196.5			1.0
5197.4			1.0
5198.3			1.0
5199.2			1.0
5200.1			1.0
5201.0			0.9550803710125306
5201.9			0.8981872909905262
5202.8			0.8190560783496327
5203.7			0.7082134056878969
5204.6			0.6021376645664497
5205.5			0.5519316244541878
5206.4			0.5487302311757957
5207.3			0.5412362416805455
5208.2			0.5249973945903752
5209.1			0.5446188287363571
5210.0			0.6365164086654554
5210.9			0.8025352891487155
5211.8			0.972946405259203
5212.7			1.0662289401691967
5213.6			1.078119570613769
5214.5			1.0425419377521707
5215.4			1.000691084079392
5216.3			1.0
5217.2			1.0
5218.1			1.0
5219.0			1.0
5219.9			1.0
5220.8			1.0
5221.7			0.9872366732606446
5222.6			0.9354785903522441
5223.5			0.865373733448355
5224.4			0.8102917896700189
5225.3			0.779054518062093
5226.2			0.7572501929434999
5227.1			0.7802683503310229
5228.0			0.8705580764850623
5228.9			0.95794474624301
5229.8			0.996834698270307
5230.7			0.9988888835309387
5231.6			1.0
5232.5			1.0
5233.4			1.0
5234.3			1.0
5235.2			1.0
5236.1			1.0
5237.0			1.0
5237.9			1.0
5238.8			1.0
5239.7			1.0
5240.6			0.9866941832742672
5241.5			0.9882047366854495
5242.4			1.0040824041349758
5243.3			1.0246384393970485
5244.2			1.0377725280942078
5245.1			1.0106666195220837
5246.0			0.9351363429093115
5246.9			0.882175037481706
5247.8			0.9132597519921694
5248.7			0.96197983756869
5249.6			0.9480409516136096
5250.5			0.9165514637556372
5251.4			0.931894591140107
5252.3			0.974332522986981
5253.2			0.9985659765157755
5254.1			1.0
5255.0			1.0
5255.9			1.0
5256.8			1.0
5257.7			1.0
5258.6			1.0
5259.5			1.0
5260.4			0.9283621556721448
5261.3			0.8462214909378442
5262.2			0.7857524221153119
5263.1			0.7453265510763839
5264.0			0.7053049956281615
5264.9			0.6759218769555674
5265.8			0.6889105175504675
5266.7			0.7362519120484213
5267.6			0.7327007185441095
5268.5			0.6354691922502828
5269.4			0.55468687286774
5270.3			0.6065112631886033
5271.2			0.7388855648963031
5272.1			0.8361505341424552
5273.0			0.8805336072136652
5273.9			0.901009151046835
5274.8			0.9004077426414103
5275.7			0.9046520030435532
5276.6			0.9448261925156441
5277.5			0.9913854359570186
5278.4			1.0
5279.3			0.9698046406165529
5280.2			0.9201533702308077
5281.1			0.8671244371450585
5282.0			0.8226270219706207
5282.9			0.8138055766871949
5283.8			0.8578924385487204
5284.7			0.9294376817710487
5285.6			0.9827526576407704
5286.5			0.9981753119234579
5287.4			1.0
5288.3			1.0
5289.2			1.0
5290.1			1.0
5291.0			1.0
5291.9			1.0
5292.8			1.0
5293.7			1.0156488196815467
5294.6			0.9969916001881883
5295.5			0.9187224620376279
5296.4			0.8102600221100781
5297.3			0.7515467535456309
5298.2			0.7926498910871098
5299.1			0.8874938888538465
5300.0			0.958323733519258
5300.9			0.9946417323187331
5301.8			1.0
5302.7			1.0
5303.6			1.0
5304.5			1.0
5305.4			1.0
5306.3			1.0
5307.2			1.0
5308.1			1.0
5309.0			1.0
5309.9			1.0
5310.8			1.0
5311.7			1.0
5312.6			1.0
5313.5			1.0
5314.4			1.0
5315.3			1.0
5316.2			1.0
5317.1			1.0
5318.0			1.0
5318.9			1.0
5319.8			1.0
5320.7			1.0
5321.6			1.0
5322.5			1.0
5323.4			1.0
5324.3			0.9821799580858389
5325.2			0.9943851729474961
5326.1			0.929701902171725
5327.0			0.7766672481960342
5327.9			0.6748765072825218
5328.8			0.7227766823007401
5329.7			0.8549468941585612
5330.6			0.9576109427852935
5331.5			0.9953227234893804
5332.4			1.0
5333.3			1.0
5334.2			1.0
5335.1			1.0
5336.0			1.0
5336.9			1.0
5337.8			0.9872555247131628
5338.7			0.9545779708444082
5339.6			0.9046661961831913
5340.5			0.8856475271691211
5341.4			0.9216576727700966
5342.3			0.9750443685035929
5343.2			1.0000927033817595
5344.1			1.0
5345.0			1.0
5345.9			1.0
5346.8			1.0
5347.7			1.0
5348.6			1.0
5349.5			1.0
5350.4			1.0
5351.3			1.0
5352.2			1.0
5353.1			1.0
5354.0			1.0
5354.9			1.0
5355.8			1.0
5356.7			1.0
5357.6			1.0
5358.5			1.0
5359.4			1.0
5360.3			1.0
5361.2			1.0
5362.1			1.0
5363.0			1.0
5363.9			1.0
5364.8			1.0
5365.7			1.0
5366.6			1.0
5367.5			0.9971733500988937
5368.4			0.953349478365773
5369.3			0.8517144571210113
5370.2			0.7377835437037262
5371.1			0.6972530169596025
5372.0			0.7671323945294156
5372.9			0.8855959016786362
5373.8			0.9681224336832395
5374.7			0.9962437007020427
5375.6			1.0
5376.5			1.0
5377.4			1.0
5378.3			1.0
5379.2			1.0
5380.1			0.9895430189168359
5381.0			0.9676860924128835
5381.9			0.9315106735815136
5382.8			0.8982789425084344
5383.7			0.9050168182439837
5384.6			0.9518321063552381
5385.5			0.9995405110542895
5386.4			1.0
5387.3			1.0
5388.2			1.0
5389.1			1.0
5390.0			1.0
5390.9			1.0
5391.8			1.0
5392.7			1.0
5393.6			0.973347036663707
5394.5			0.9463270944365154
5395.4			0.889732337158368
5396.3			0.8245622995310334
5397.2			1.0
5398.1			1.1026330836998322
5399.0			1.180189436873836
5399.9			1.1779131634152986
5400.8			1.1563647855071164
5401.7			1.1447249006977196
5402.6			1.0978050119496918
5403.5			0.9920395516762864
5404.4			0.8759255205901342
5405.3			0.8268437246625145
5406.2			0.8746279761215641
5407.1			0.9418514481749145
5408.0			0.9256273585932591
5408.9			0.8485895857395049
5409.8			0.8229044047090718
5410.7			0.8785902534553506
5411.6			0.9534772032907768
5412.5			1.0100567544731835
5413.4			1.0
5414.3			1.0
5415.2			1.0
5416.1			1.0
5417.0			1.0
5417.9			1.0
5418.8			1.0
5419.7			1.0
5420.6			1.0
5421.5			1.0
5422.4			1.0040725482105588
5423.3			0.9770252513447112
5424.2			0.9657048958225694
5425.1			0.9954196512787626
5426.0			1.0375921704412847
5426.9			1.036334688528777
5427.8			0.9484291754234417
5428.7			0.8253305822631666
5429.6			0.7874465264927337
5430.5			0.8491793970100703
5431.4			0.9040081778915128
5432.3			0.894944561481599
5433.2			0.853019980130805
5434.1			0.8334030013926241
5435.0			0.8762432117902746
5435.9			0.954388944742474
5436.8			0.9996897518048202
5437.7			1.0
5438.6			1.0
5439.5			1.0
5440.4			1.0
5441.3			1.0
5442.2			1.0073053933819336
5443.1			1.000348213730058
5444.0			0.9528375824668219
5444.9			0.8612160272273843
5445.8			0.7711712809945453
5446.7			0.7559230501509767
5447.6			0.8297589219667005
5448.5			0.9222633323132009
5449.4			0.9772307276690102
5450.3			0.9985442568808128
5451.2			1.0138394368591133
5452.1			1.0
5453.0			1.0
5453.9			1.0
5454.8			1.0
5455.7			1.0
5456.6			1.0
5457.5			1.0
5458.4			1.0
5459.3			0.9834483577014012
5460.2			0.9479097892203305
5461.1			0.9207304745470333
5462.0			0.9070690025908161
5462.9			0.9032254282817838
5463.8			0.9210352228979783
5464.7			0.9526904817787477
5465.6			0.980273436414629
5466.5			1.0013831591233553
5467.4			1.0
5468.3			1.0
5469.2			1.0
5470.1			1.0
5471.0			1.0
5471.9			1.0169787606077005
5472.8			1.0013866866610088
5473.7			0.974571130851904
5474.6			0.9589920967448827
5475.5			0.9415522477108713
5476.4			0.9281274242360454
5477.3			0.951461079490563
5478.2			1.0030263909113333
5479.1			1.037663023044668
5480.0			1.027862515258584
5480.9			0.9999358426034634
5481.8			1.0
5482.7			1.0
5483.6			1.0
5484.5			1.0
5485.4			1.0
5486.3			1.0
5487.2			1.0
5488.1			1.0
5489.0			1.0
5489.9			1.0
5490.8			1.0
5491.7			1.0
5492.6			1.0
5493.5			1.0
5494.4			1.0
5495.3			1.0
5496.2			1.0
5497.1			1.0
5498.0			1.0
5498.9			1.0
5499.8			1.0
5500.7			1.0
5501.6			1.0
5502.5			1.0
5503.4			1.0
5504.3			1.0
5505.2			1.0
5506.1			1.0
5507.0			1.0386027188742841
5507.9			1.0994450490382819
5508.8			1.1062205344634137
5509.7			1.046938358794869
5510.6			0.9579629718577721
5511.5			0.8814714818931214
5512.4			0.8459769784665183
5513.3			0.8468749635339543
5514.2			0.8655425707868796
5515.1			0.8974722709243258
5516.0			0.9412575471606808
5516.9			0.9774348732332748
5517.8			0.9901467149381681
5518.7			1.0
5519.6			1.0
5520.5			1.0
5521.4			1.0
5522.3			1.0
5523.2			1.0
5524.1			1.0
5525.0			0.9891142682956873
5525.9			0.9657440510976657
5526.8			0.91586370594476
5527.7			0.8811855249871804
5528.6			0.913182321022431
5529.5			0.976433532080875
5530.4			0.9984726984132135
5531.3			1.0
5532.2			1.0
5533.1			1.0
5534.0			1.0
5534.9			1.0
5535.8			1.0
5536.7			1.0
5537.6			1.0
5538.5			1.0
5539.4			1.0
5540.3			1.0
5541.2			1.0
5542.1			1.0
5543.0			1.0
5543.9			1.0
5544.8			1.0
5545.7			1.0
5546.6			1.0
5547.5			1.0
5548.4			1.0
5549.3			1.0
5550.200000000001			1.0
5551.1			1.0
5552.0			1.0
5552.9			1.0
5553.8			1.0
5554.700000000001			0.9742927929018605
5555.6			0.9572133025967402
5556.5			0.9643074547444697
5557.4			0.9910536103804604
5558.3			1.0128227593115995
5559.200000000001			1.0115929313555636
5560.1			0.9881581695695835
5561.0			0.9592947997114635
5561.9			0.9431782598431449
5562.8			0.9427508934281025
5563.700000000001			0.9417764953879906
5564.6			0.9216358757543512
5565.5			0.892525930370638
5566.4			0.8811081951484389
5567.3			0.8917043874296345
5568.200000000001			0.9082883555175597
5569.1			0.9225690522753518
5570.0			0.9354488185961851
5570.9			0.9324314518061925
5571.8			0.9121152266115177
5572.700000000001			0.9083124197323202
5573.6			0.9310088436043933
5574.5			0.9484639938283065
5575.4			0.958748378481454
5576.3			0.9848166127255139
5577.200000000001			1.0054293638776528
5578.1			1.0000991488835054
5579.0			1.0
5579.9			1.0
5580.8			1.0
5581.700000000001			1.0
5582.6			1.0
5583.5			1.0344231454721127
5584.4			1.0329339910219348
5585.3			0.9842656610720733
5586.200000000001			0.9134286204800148
5587.1			0.8458647861688305
5588.0			0.8050209656027617
5588.9			0.827084054788975
5589.8			0.9122835036718769
5590.700000000001			0.9966077021555819
5591.6			1.0
5592.5			0.9751872414637842
5593.4			0.9352103391337045
5594.3			0.9381678804732315
5595.200000000001			0.9877762222670202
5596.1			1.0004624655993954
5597.0			0.9387447168910651
5597.9			0.8801531006215462
5598.8			0.8910682001996613
5599.700000000001			0.9286860615487308
5600.6			0.9371508514388703
5601.5			0.9323058639769347
5602.4			0.949685012230384
5603.3			1.00083849147496
5604.200000000001			1.0
5605.1			1.0
5606.0			1.0
5606.9			1.0
5607.8			1.0
5608.700000000001			1.0
5609.6			1.0
5610.5			1.0
5611.4			1.013750017746751
5612.3			1.0181154646546549
5613.200000000001			0.9925181825999283
5614.1			0.9304615710102286
5615.0			0.8817022527081221
5615.9			0.9005653507914155
5616.8			0.960828302697473
5617.700000000001			1.0008638354847779
5618.6			1.0061770944311592
5619.5			1.0
5620.4			1.0
5621.3			1.0
5622.200000000001			1.0
5623.1			1.0
5624.0			1.0
5624.9			1.0
5625.8			1.0
5626.700000000001			1.0
5627.6			1.0
5628.5			1.0
5629.4			1.0
5630.3			1.0
5631.200000000001			1.0
5632.1			1.0
5633.0			1.0
5633.9			1.0
5634.8			1.0
5635.700000000001			1.0
5636.6			1.0
5637.5			1.0
5638.4			1.0
5639.3			1.0
5640.200000000001			1.0
5641.1			1.0
5642.0			1.0
5642.9			1.0
5643.8			1.0
5644.700000000001			1.0
5645.6			1.0
5646.5			1.0
5647.4			1.0
5648.3			1.0
5649.200000000001			1.0
5650.1			1.0
5651.0			1.0
5651.9			1.013993746149363
5652.8			1.0146033205897889
5653.700000000001			1.0053156088122814
5654.6			0.9965930949515387
5655.5			0.9903221583934244
5656.4			0.9702162499582101
5657.3			0.9304108211354818
5658.200000000001			0.9077051608636244
5659.1			0.9298277072484357
5660.0			0.9549808093364616
5660.9			0.938671171075857
5661.8			0.9126258918836639
5662.700000000001			0.9227915200125567
5663.6			0.961094566003867
5664.5			0.999379586299539
5665.4			1.0
5666.3			1.0
5667.200000000001			1.0
5668.1			1.0
5669.0			1.0
5669.9			1.0
5670.8			1.0
5671.700000000001			1.0
5672.6			1.0
5673.5			1.0
5674.4			1.0
5675.3			1.0
5676.200000000001			1.0
5677.1			1.0
5678.0			1.0
5678.9			1.0
5679.8			1.0
5680.700000000001			1.0
5681.6			1.0
5682.5			1.0
5683.4			1.0
5684.3			1.0
5685.200000000001			0.996987427396078
5686.1			0.9518515539173232
5687.0			0.902697194044934
5687.9			0.8875046597970171
5688.8			0.9177960000473859
5689.700000000001			0.9670756928478662
5690.6			0.9999675431441699
5691.5			1.0
5692.4			1.0
5693.3			1.0
5694.200000000001			1.0
5695.1			1.0
5696.0			1.0
5696.9			1.0
5697.8			1.0
5698.700000000001			1.0
5699.6			1.0
5700.5			1.0
5701.4			1.0
5702.3			1.0
5703.200000000001			1.013529555345204
5704.1			1.0370015112105941
5705.0			1.043798993353426
5705.9			1.0258730108342387
5706.8			0.9992769318605598
5707.700000000001			0.9785937251661418
5708.6			0.9619540666353945
5709.5			0.9528049702527179
5710.4			0.9489418358007125
5711.3			0.9511785885755476
5712.200000000001			0.9690957752029185
5713.1			0.9920224905922882
5714.0			1.003215268059882
5714.9			1.0029491150579704
5715.8			0.9968654565897355
5716.700000000001			1.0
5717.6			1.0
5718.5			1.0
5719.4			1.0
5720.3			1.0
5721.200000000001			1.0
5722.1			1.0
5723.0			1.0
5723.9			0.9929608819093312
5724.8			0.980218795634925
5725.700000000001			0.9512202319478794
5726.6			0.9229904253325544
5727.5			0.9321069400618032
5728.4			0.9742531410407494
5729.3			0.9998111347755522
5730.200000000001			1.0
5731.1			1.0
5732.0			1.0
5732.9			1.0
5733.8			1.0
5734.700000000001			1.0
5735.6			1.0
5736.5			1.0
5737.4			1.0
5738.3			1.0
5739.200000000001			1.0
5740.1			1.0
5741.0			1.0
5741.9			1.0
5742.8			1.0
5743.700000000001			1.0
5744.6			1.0
5745.5			1.0
5746.4			1.0
5747.3			1.0
5748.200000000001			1.0
5749.1			1.0
5750.0			1.0
5750.9			1.0
5751.8			1.0
5752.700000000001			1.0
5753.6			1.0
5754.5			1.0
5755.4			1.0
5756.3			1.0
5757.200000000001			1.0
5758.1			1.0
5759.0			0.9895825838344948
5759.9			0.9779154925493
5760.8			0.9585430402190368
5761.700000000001			0.9345608179453615
5762.6			0.9277734101633908
5763.5			0.9517580282154012
5764.4			0.9818204465555325
5765.3			0.9941156196926825
5766.200000000001			1.0036289107822245
5767.1			1.0
5768.0			1.0
5768.9			1.0
5769.8			1.0
5770.700000000001			1.0
5771.6			1.0
5772.5			0.9920033260329091
5773.4			0.9806422203336167
5774.3			0.9700294903406667
5775.200000000001			0.9694185605630852
5776.1			0.9774922468308761
5777.0			0.9848515828093343
5777.9			0.9841155747674057
5778.8			0.9763781533025329
5779.700000000001			0.9616609482276669
5780.6			0.9429774867299912
5781.5			0.9326045104320378
5782.4			0.9332536812695835
5783.3			0.9317610680777434
5784.200000000001			0.9237326318457627
5785.1			0.9216180630119006
5786.0			0.9355027226115953
5786.9			0.9553240593190172
5787.8			0.9678113394156546
5788.700000000001			0.9684518287697045
5789.6			0.9545909165330532
5790.5			0.9418190227554136
5791.4			0.9581452471874917
5792.3			0.9936535258585587
5793.200000000001			1.0231449839912958
5794.1			1.0382536553727462
5795.0			1.0374896472146207
5795.9			1.0252419954243268
5796.8			1.0082128193468032
5797.700000000001			1.000008255081098
5798.6			1.0
5799.5			1.0
5800.4			1.0
5801.3			1.0
5802.200000000001			1.0
5803.1			1.0
5804.0			1.0
5804.9			1.0
5805.8			1.0
5806.700000000001			1.0
5807.6			1.0
5808.5			1.0
5809.4			1.0
5810.3			1.0
5811.200000000001			1.0
5812.1			1.0
5813.0			1.0
5813.9			1.0
5814.8			1.0
5815.700000000001			1.0
5816.6			1.0
5817.5			1.0
5818.4			1.0
5819.3			1.0
5820.200000000001			1.0
5821.1			1.0
5822.0			1.0
5822.9			1.0
5823.8			1.0
5824.700000000001			1.0
5825.6			1.0
5826.5			1.0
5827.4			1.0
5828.3			1.0
5829.200000000001			1.0
5830.1			1.0
5831.0			1.0
5831.9			1.0
5832.8			1.0
5833.700000000001			1.0
5834.6			1.0
5835.5			1.0
5836.4			1.0
5837.3			1.0
5838.200000000001			1.0
5839.1			1.0
5840.0			1.0
5840.9			1.0
5841.8			1.0
5842.700000000001			1.0
5843.6			1.0
5844.5			1.0
5845.4			1.0
5846.3			1.0
5847.200000000001			1.0
5848.1			1.0
5849.0			1.0
5849.9			1.0
5850.8			1.0
5851.700000000001			1.0
5852.6			1.0
5853.5			1.0
5854.4			1.0001965139282984
5855.3			0.9678149844787083
5856.200000000001			0.8980851716281225
5857.1			0.8527572036195984
5858.0			0.8861677518612108
5858.9			0.9568507040660377
5859.8			0.9991105587148619
5860.700000000001			1.0
5861.6			1.0
5862.5			1.0
5863.4			0.998529025806403
5864.3			0.9934695163661801
5865.200000000001			0.9662007171258336
5866.1			0.9345741753808497
5867.0			0.9354985868308301
5867.9			0.9703183372901593
5868.8			0.9999874016139685
5869.700000000001			1.0
5870.6			1.0
5871.5			1.0
5872.4			1.0
5873.3			1.0
5874.200000000001			1.0
5875.1			1.0
5876.0			0.9911852007959241
5876.9			0.9751327257908828
5877.8			0.9593011140185692
5878.700000000001			0.9430567438403737
5879.6			0.9277954229563953
5880.5			0.9224078707175447
5881.4			0.9220489686517741
5882.3			0.9043280731936271
5883.200000000001			0.8658811722760635
5884.1			0.8200012994290405
5885.0			0.7681766132046436
5885.9			0.7015683647503876
5886.8			0.6145930803605733
5887.700000000001			0.5095075059738007
5888.6			0.4049668402485802
5889.5			0.344385300924208
5890.4			0.36347394502509367
5891.3			0.44079533370790003
5892.200000000001			0.5148836971964647
5893.1			0.5362213093592788
5894.0			0.49007773248013325
5894.9			0.41488967903690455
5895.8			0.39174629328093924
5896.700000000001			0.4626829497616786
5897.6			0.5813107823852511
5898.5			0.6875748768647978
5899.4			0.7759557169965231
5900.3			0.8564070504023906
5901.200000000001			0.9207921508451989
5902.1			0.9655332571971572
5903.0			0.997418971730309
5903.9			1.0
5904.8			1.0
5905.700000000001			1.0
5906.6			1.0
5907.5			1.0
5908.4			1.0
5909.3			1.0
5910.200000000001			1.0
5911.1			1.0
5912.0			1.0
5912.9			1.0
5913.8			1.0
5914.700000000001			1.0
5915.6			1.0
5916.5			1.0
5917.4			1.0
5918.3			1.0
5919.200000000001			1.0
5920.1			1.0
5921.0			1.0
5921.9			1.0
5922.8			1.0
5923.700000000001			1.0
5924.6			1.0
5925.5			1.0
5926.4			1.0
5927.3			1.0
5928.200000000001			1.0
5929.1			1.0
5930.0			1.0
5930.9			1.0
5931.8			1.0
5932.700000000001			1.0
5933.6			1.0
5934.5			1.0
5935.4			1.0
5936.3			1.0
5937.200000000001			1.0
5938.1			1.0
5939.0			1.0
5939.9			1.0
5940.8			1.0
5941.700000000001			1.0
5942.6			1.0
5943.5			1.0
5944.4			1.0
5945.3			1.0
5946.200000000001			1.0
5947.1			1.0
5948.0			1.0
5948.9			1.0
5949.8			1.0
5950.700000000001			1.0
5951.6			1.0
5952.5			1.0
5953.4			1.0
5954.3			1.0
5955.200000000001			1.0
5956.1			1.0
5957.0			1.0
5957.9			1.0
5958.8			1.0
5959.700000000001			1.0
5960.6			1.0
5961.5			1.0
5962.4			1.0
5963.3			1.0
5964.200000000001			1.0
5965.1			1.0
5966.0			1.0
5966.9			1.0
5967.8			1.0
5968.700000000001			1.0
5969.6			1.0
5970.5			1.0
5971.4			1.0
5972.3			1.0
5973.200000000001			1.0
5974.1			1.0
5975.0			1.0
5975.9			1.0
5976.8			1.0
5977.700000000001			1.0
5978.6			1.0
5979.5			1.0
5980.4			1.0
5981.3			1.0
5982.200000000001			1.0
5983.1			1.0
5984.0			1.0
5984.9			1.0
5985.8			1.0
5986.700000000001			1.0
5987.6			1.0
5988.5			1.0
5989.4			1.0
5990.3			1.0
5991.200000000001			1.0
5992.1			1.0
5993.0			1.0
5993.9			1.0
5994.8			1.0
5995.700000000001			1.0
5996.6			0.9925038610024075
5997.5			0.9896504640552659
5998.4			0.985428303343328
5999.3			0.9780731203015973
6000.200000000001			0.974808761844159
6001.1			0.971311055424364
6002.0			0.9619742293935931
6002.9			0.9616583527185569
6003.8			0.9793521567118926
6004.700000000001			0.9970691865804667
6005.6			0.9981098062848505
6006.5			0.9828547075652759
6007.4			0.9680239603439219
6008.3			0.966660475429505
6009.200000000001			0.9873576816531897
6010.1			1.0171530610265906
6011.0			1.0269912289452632
6011.9			1.0108858292050755
6012.8			0.9931611211987845
6013.700000000001			0.9977623072053061
6014.6			1.0133923800943219
6015.5			1.01128680925152
6016.4			0.9979993065566769
6017.3			1.0009935425080736
6018.200000000001			1.014549288199707
6019.1			1.0135677608517577
6020.0			1.0003805088912368
6020.9			1.0
6021.8			1.0
6022.700000000001			1.0
6023.6			1.0
6024.5			1.0
6025.4			1.0
6026.3			1.0
6027.200000000001			1.0
6028.1			1.0
6029.0			1.0
6029.9			1.0
6030.8			1.0
6031.700000000001			1.0
6032.6			1.0
6033.5			1.0
6034.4			1.0
6035.3			1.0
6036.200000000001			1.0
6037.1			1.0
6038.0			1.0
6038.9			1.0
6039.8			1.0
6040.700000000001			1.0
6041.6			1.0
6042.5			1.0
6043.4			1.0
6044.3			1.0
6045.200000000001			1.0
6046.1			1.0
6047.0			1.0
6047.9			1.0
6048.8			1.0
6049.700000000001			1.0
6050.6			1.0
6051.5			1.0
6052.4			1.0
6053.3			1.0
6054.200000000001			1.0
6055.1			1.0
6056.0			1.0
6056.9			1.0
6057.8			1.0
6058.700000000001			1.0
6059.6			1.0
6060.5			1.0
6061.4			1.0
6062.3			0.9821529240326539
6063.200000000001			0.9615535011867429
6064.1			0.9322593368492921
6065.0			0.9141593418182745
6065.9			0.9341887444454242
6066.8			0.9746115766147324
6067.700000000001			1.0005796521769323
6068.6			1.0
6069.5			1.0
6070.4			1.0
6071.3			1.0
6072.200000000001			1.0
6073.1			1.0
6074.0			1.0
6074.9			1.0
6075.8			1.0
6076.700000000001			1.0
6077.6			1.0
6078.5			1.0
6079.4			1.0
6080.3			1.0
6081.200000000001			1.0
6082.1			1.0
6083.0			1.0
6083.9			1.0
6084.8			1.0
6085.700000000001			1.0
6086.6			1.0
6087.5			1.0046018071163159
6088.4			0.9902708535675777
6089.3			0.9653687494160951
6090.200000000001			0.9505847432333229
6091.1			0.9595301960499343
6092.0			0.9822127891561699
6092.9			0.9999081686315362
6093.8			1.0
6094.700000000001			1.0
6095.6			1.0
6096.5			1.0
6097.4			1.0
6098.3			1.0
6099.200000000001			1.0
6100.1			0.9672645928354155
6101.0			0.8820250623373537
6101.9			0.7786228730120482
6102.8			0.7565807563497231
6103.700000000001			0.8424862428389995
6104.6			0.946751430726639
6105.5			1.0000137207195023
6106.4			1.0
6107.3			1.0
6108.200000000001			1.0
6109.1			1.0
6110.0			1.0
6110.9			1.0
6111.8			1.0
6112.700000000001			1.0
6113.6			1.0
6114.5			1.0
6115.4			1.0
6116.3			1.0
6117.200000000001			1.0
6118.1			0.9859055009066502
6119.0			0.94847948138522
6119.9			0.8716987661293565
6120.8			0.7562567599043485
6121.700000000001			0.6688551304579331
6122.6			0.7015060504972094
6123.5			0.835086797481404
6124.4			0.9536236749402819
6125.3			1.0017921693291916
6126.200000000001			1.0
6127.1			1.0
6128.0			1.0
6128.9			1.0
6129.8			1.0
6130.700000000001			1.0
6131.6			1.0
6132.5			1.0
6133.4			1.0
6134.3			0.9699502929344552
6135.200000000001			0.9180216889471282
6136.1			0.8616212412312011
6137.0			0.8461327053617024
6137.9			0.8963175192139035
6138.8			0.96840525823607
6139.700000000001			1.000386683964232
6140.6			1.0
6141.5			1.0
6142.4			1.0
6143.3			1.0
6144.200000000001			1.0
6145.1			1.0
6146.0			1.0
6146.9			1.0
6147.8			1.0
6148.700000000001			1.0
6149.6			1.0
6150.5			1.0
6151.4			1.0
6152.3			1.0
6153.200000000001			1.0
6154.1			1.0
6155.0			1.0
6155.9			1.0
6156.8			1.0
6157.700000000001			0.9792558470626974
6158.6			0.9337543796159322
6159.5			0.8540326169844792
6160.4			0.7337591234241723
6161.3			0.6163474490979752
6162.200000000001			0.5898963417016309
6163.1			0.6796616415448264
6164.0			0.8157374632432332
6164.9			0.9145448199342061
6165.8			0.9613366663546268
6166.700000000001			0.9862532404773748
6167.6			1.0
6168.5			1.0
6169.4			1.0
6170.3			1.0
6171.200000000001			1.0
6172.1			1.0
6173.0			1.0
6173.9			1.0
6174.8			1.0
6175.700000000001			1.0
6176.6			1.0
6177.5			1.0
6178.4			1.0
6179.3			1.0
6180.200000000001			1.0
6181.1			1.0
6182.0			1.0
6182.9			1.0
6183.8			1.0
6184.700000000001			1.0
6185.6			1.0
6186.5			1.0
6187.4			0.9903483522610947
6188.3			0.9888799380350766
6189.200000000001			0.9699768000795076
6190.1			0.9257870181290019
6191.0			0.8850888060251738
6191.9			0.8940819769406324
6192.8			0.943913350112721
6193.700000000001			0.9840748156366014
6194.6			0.9999495414376908
6195.5			1.0
6196.4			1.0
6197.3			1.0
6198.200000000001			1.0
6199.1			1.0
6200.0			1.0
6200.9			1.0
6201.8			1.0
6202.700000000001			1.0
6203.6			1.0
6204.5			1.0
6205.4			1.0
6206.3			1.0
6207.200000000001			1.0
6208.1			1.0
6209.0			1.0
6209.9			1.0
6210.8			1.0
6211.700000000001			1.0
6212.6			1.0
6213.5			1.0
6214.4			1.0
6215.3			1.0
6216.200000000001			1.0
6217.1			1.0
6218.0			1.0
6218.9			1.0
6219.8			1.0
6220.700000000001			1.0
6221.6			1.0
6222.5			1.0
6223.4			1.0
6224.3			1.0
6225.200000000001			1.0
6226.1			1.0
6227.0			1.0001436064625162
6227.9			0.9947383164689069
6228.8			0.9680610794319611
6229.700000000001			0.9203776388364802
6230.6			0.8866310796061689
6231.5			0.8930441899833852
6232.4			1.0
6233.3			1.0442092647373244
6234.200000000001			1.0804062924231859
6235.1			1.0916359409201937
6236.0			1.083536868797635
6236.9			1.0688148775826585
6237.8			1.038683044439348
6238.700000000001			0.9939636994666914
6239.6			0.9638156537818628
6240.5			0.9705826966100772
6241.4			0.9797375827232307
6242.3			0.96112243261456
6243.200000000001			0.9509589036055893
6244.1			0.9733859682066641
6245.0			0.9933269135519909
6245.9			0.99912059710305
6246.8			1.0
6247.700000000001			1.0
6248.6			1.004024060284685
6249.5			1.0073786899257038
6250.4			1.001614031100031
6251.3			0.966853577360864
6252.200000000001			0.930414708750248
6253.1			0.9248597790740317
6254.0			0.9452056544586868
6254.9			0.9670246262945634
6255.8			0.9638244424478264
6256.700000000001			0.9243805431924838
6257.6			0.8681733989112433
6258.5			0.8441291737694079
6259.4			0.8765855568376874
6260.3			0.9223598055708694
6261.200000000001			0.9598358570536547
6262.1			1.006688162689704
6263.0			1.0415161520928489
6263.9			1.0372010178932527
6264.8			1.0182607978090596
6265.700000000001			1.0209944208273904
6266.6			1.0339804955658567
6267.5			1.0250861194548766
6268.4			0.999846256819429
6269.3			1.0
6270.200000000001			1.0
6271.1			1.0
6272.0			1.0
6272.9			1.0
6273.8			1.0
6274.700000000001			1.0
6275.6			1.0
6276.5			1.0
6277.4			1.0
6278.3			1.0
6279.200000000001			1.0
6280.1			1.0
6281.0			1.0
6281.9			1.0
6282.8			1.0
6283.700000000001			1.0
6284.6			1.0
6285.5			1.0
6286.4			1.0
6287.3			1.0
6288.200000000001			1.0
6289.1			1.0
6290.0			0.989134412028539
6290.9			0.9763838073299518
6291.8			0.9612738970855872
6292.700000000001			0.9546480487960037
6293.6			0.9653993424801038
6294.5			0.9722419426785828
6295.4			0.9566346870970331
6296.3			0.9428886094670701
6297.200000000001			0.9581438993650716
6298.1			0.9924095514260204
6299.0			1.018347273515075
6299.9			1.0151532619819967
6300.8			0.9873512548013693
6301.700000000001			0.9743881704309363
6302.6			0.9967016249622406
6303.5			1.0
6304.4			1.0
6305.3			1.0
6306.200000000001			1.0
6307.1			1.0
6308.0			1.0
6308.9			1.0
6309.8			1.0
6310.700000000001			1.0
6311.6			1.0
6312.5			1.0
6313.4			1.0
6314.3			1.0
6315.200000000001			0.9941465173439888
6316.1			0.9866154137268364
6317.0			0.9631573109237209
6317.9			0.9457470631354687
6318.8			0.9631363449671027
6319.700000000001			0.994515071567486
6320.6			1.002985947557079
6321.5			1.0
6322.4			1.0
6323.3			1.0
6324.200000000001			1.0
6325.1			1.0
6326.0			1.0
6326.9			1.0
6327.8			1.0
6328.700000000001			1.0
6329.6			1.0
6330.5			1.0
6331.4			1.0
6332.3			1.0
6333.200000000001			0.9973213671317309
6334.1			0.9640846086573571
6335.0			0.922429480888894
6335.9			0.9106663781888595
6336.8			0.9344754297537664
6337.700000000001			0.9695145353137421
6338.6			0.9968669889614205
6339.5			1.0
6340.4			1.0
6341.3			1.0
6342.200000000001			1.0
6343.1			1.0
6344.0			1.0
6344.9			1.0
6345.8			1.0
6346.700000000001			1.0
6347.6			1.0
6348.5			1.0
6349.4			1.0
6350.3			1.0
6351.200000000001			1.0
6352.1			1.0
6353.0			1.0
6353.9			1.0
6354.8			1.0
6355.700000000001			1.0062516241360377
6356.6			1.0064333550394038
6357.5			0.9845306192695049
6358.4			0.9634960144556397
6359.3			0.9603041461171887
6360.200000000001			0.9635644411300772
6361.1			0.9562253949457029
6362.0			0.9458420011022072
6362.9			0.9524707685449412
6363.8			0.9742430197848563
6364.700000000001			0.990507018458074
6365.6			0.9947889630354317
6366.5			0.9975511723282562
6367.4			1.0013317654533958
6368.3			0.9999935511263497
6369.200000000001			1.0
6370.1			1.0
6371.0			1.0
6371.9			1.0
6372.8			1.0
6373.700000000001			1.0
6374.6			1.0
6375.5			0.9987823450411101
6376.4			0.9994224076718391
6377.3			0.99613697739346
6378.200000000001			0.977907161388966
6379.1			0.9466401849158972
6380.0			0.9138256735392736
6380.9			0.8975069381125454
6381.8			0.9232546963861188
6382.700000000001			0.9828527889309638
6383.6			1.0228991667625384
6384.5			1.0241589011167611
6385.4			1.0145246320769046
6386.3			1.0036036039749012
6387.200000000001			1.0
6388.1			1.0
6389.0			1.0
6389.9			1.0
6390.8			1.0
6391.700000000001			0.9706077135425102
6392.6			0.9261175079389015
6393.5			0.9173427278580809
6394.4			0.9561614772425945
6395.3			1.0003294182917126
6396.200000000001			1.0
6397.1			1.0
6398.0			1.0
6398.9			1.0
6399.8			1.0
6400.700000000001			1.0
6401.6			1.0
6402.5			1.0
6403.4			1.0
6404.3			1.0
6405.200000000001			1.0
6406.1			1.0
6407.0			1.0
6407.9			1.0
6408.8			1.0
6409.700000000001			1.0
6410.6			1.0
6411.5			1.0
6412.4			1.0
6413.3			1.0
6414.200000000001			1.0
6415.1			1.0
6416.0			1.0
6416.9			1.0
6417.8			0.9864098611615816
6418.700000000001			0.9753056736733694
6419.6			0.9517551655532914
6420.5			0.9233184636068219
6421.4			0.9287090842895303
6422.3			0.9708091319495092
6423.200000000001			0.9979322624304372
6424.1			1.0
6425.0			1.0
6425.9			1.0
6426.8			1.0
6427.700000000001			1.0
6428.6			1.0
6429.5			1.0
6430.4			1.0
6431.3			1.0
6432.200000000001			1.0
6433.1			1.0
6434.0			1.0
6434.9			1.0
6435.8			1.0008200313917357
6436.700000000001			0.9739763138930448
6437.6			0.8949027942142364
6438.5			0.8044263227883167
6439.4			0.8082649756353733
6440.3			0.910138243449834
6441.200000000001			1.0011035986342196
6442.1			1.0
6443.0			1.0
6443.9			1.0
6444.8			1.0
6445.700000000001			1.0
6446.6			0.9945564646339556
6447.5			0.964655319490134
6448.4			0.9057536773530942
6449.3			0.8481537779957871
6450.200000000001			0.8603439964774363
6451.1			0.9354332390225542
6452.0			0.9996335505228496
6452.9			1.0
6453.8			1.0
6454.700000000001			1.0
6455.6			1.0
6456.5			1.0
6457.4			1.0
6458.3			1.0
6459.200000000001			1.0
6460.1			0.9744925428781573
6461.0			0.8984256498407741
6461.9			0.8002458454318091
6462.8			0.779276208680541
6463.700000000001			0.8588371638752925
6464.6			0.9478702526853977
6465.5			0.999812572785389
6466.4			1.0
6467.3			1.0
6468.200000000001			1.0
6469.1			1.0
6470.0			0.9805081096415007
6470.9			0.9406771934569852
6471.8			0.9287181785286169
6472.700000000001			0.9630821612250706
6473.6			0.996629067296842
6474.5			1.0
6475.4			1.0
6476.3			1.0
6477.200000000001			1.0
6478.1			1.0
6479.0			1.0
6479.9			1.0
6480.8			1.0
6481.700000000001			1.0
6482.6			1.0
6483.5			1.0
6484.4			1.0
6485.3			1.0
6486.200000000001			1.0
6487.1			1.0
6488.0			1.0
6488.9			1.0
6489.8			1.008270299783282
6490.700000000001			1.0109904140786272
6491.6			0.9939098099805487
6492.5			0.9304817654093043
6493.4			0.8412935507288168
6494.3			0.8068595546258455
6495.200000000001			0.8537750510786262
6496.1			0.9252162227002717
6497.0			0.9774088320994602
6497.9			1.0033603313179955
6498.8			0.9969240131967764
6499.700000000001			1.0
6500.6			1.0
6501.5			1.0
6502.4			1.0
6503.3			1.0
6504.200000000001			1.0
6505.1			1.0
6506.0			1.0
6506.9			1.0
6507.8			1.0
6508.700000000001			1.0
6509.6			1.0
6510.5			1.0
6511.4			1.0
6512.3			1.0
6513.200000000001			1.0
6514.1			1.0
6515.0			1.0
6515.9			1.0
6516.8			1.0
6517.700000000001			1.0
6518.6			1.0
6519.5			1.0
6520.4			1.0
6521.3			1.0
6522.200000000001			1.0
6523.1			1.0
6524.0			1.0
6524.9			1.0
6525.8			1.0
6526.700000000001			1.0
6527.6			1.0
6528.5			1.0
6529.4			1.0
6530.3			1.0
6531.200000000001			1.0
6532.1			1.0
6533.0			1.0
6533.9			1.0
6534.8			1.0
6535.700000000001			1.0
6536.6			1.0
6537.5			1.0
6538.4			1.0
6539.3			1.0
6540.200000000001			1.0
6541.1			1.0
6542.0			1.0
6542.9			1.0
6543.8			0.9905685922846121
6544.700000000001			0.977520059888612
6545.6			0.9493242999389495
6546.5			0.9367075643854267
6547.4			0.9589776460148007
6548.3			0.9870916519050106
6549.200000000001			1.0000477986094074
6550.1			1.0
6551.0			1.0
6551.9			1.0
6552.8			1.0
6553.700000000001			1.0
6554.6			1.0
6555.5			1.0
6556.4			1.0
6557.3			1.0
6558.200000000001			1.0
6559.1			1.0
6560.0			1.0046849415051378
6560.9			0.9752437546735014
6561.8			0.8959874530456403
6562.700000000001			0.8391271828723046
6563.6			0.878705739594424
6564.5			0.9585073941605657
6565.4			1.0027383184948508
6566.3			1.0
6567.200000000001			1.0
6568.1			1.0
6569.0			0.9867608960949301
6569.9			0.9862328000670132
6570.8			0.9802201987473592
6571.700000000001			0.950813443138139
6572.6			0.9200334659227272
6573.5			0.9221458894140866
6574.4			0.9459063141852513
6575.3			0.9728542667103817
6576.200000000001			0.999406971166773
6577.1			1.0
6578.0			1.0
6578.9			1.0
6579.8			1.0
6580.700000000001			1.0
6581.6			1.0
6582.5			1.0
6583.4			1.0
6584.3			1.0
6585.200000000001			1.0
6586.1			1.0
6587.0			1.0
6587.9			1.0
6588.8			1.0
6589.700000000001			1.0
6590.6			0.9889112468401753
6591.5			0.9543247003409898
6592.4			0.9094746187722137
6593.3			0.8930818742800027
6594.200000000001			0.9231167586069525
6595.1			0.9694957913233632
6596.0			0.9992684618509101
6596.9			1.0
6597.8			1.0
6598.700000000001			1.0
6599.6			1.0
6600.5			1.0
6601.4			1.0
6602.3			1.0
6603.200000000001			1.0
6604.1			1.0
6605.0			1.0
6605.9			1.0
6606.8			1.0
6607.700000000001			1.0
6608.6			1.0
6609.5			1.0
6610.4			1.0
6611.3			1.0
6612.200000000001			1.0
6613.1			1.0
6614.0			1.0
6614.9			1.0
6615.8			1.0
6616.700000000001			1.0
6617.6			1.0
6618.5			1.0
6619.4			1.0
6620.3			1.0
6621.200000000001			1.0
6622.1			1.0
6623.0			1.0
6623.9			1.0
6624.8			1.0
6625.700000000001			1.0
6626.6			1.0
6627.5			1.0
6628.4			1.0
6629.3			1.0
6630.200000000001			1.0
6631.1			1.0
6632.0			1.0
6632.9			1.0
6633.8			1.0
6634.700000000001			1.0
6635.6			1.0
6636.5			1.0
6637.4			1.0
6638.3			1.0
6639.200000000001			1.0
6640.1			1.0
6641.0			1.0
6641.9			1.0
6642.8			1.0
6643.700000000001			1.0
6644.6			1.0
6645.5			1.0
6646.4			1.0
6647.3			1.0
6648.200000000001			1.0
6649.1			1.0
6650.0			1.0
6650.9			1.0
6651.8			1.0
6652.700000000001			1.0
6653.6			1.0
6654.5			1.0
6655.4			1.0
6656.3			1.0
6657.200000000001			0.9973377995534475
6658.1			0.9970170773734588
6659.0			0.9972030156373487
6659.9			0.9913834113240627
6660.8			0.9811503742257982
6661.700000000001			0.9707749382985282
6662.6			0.9593199610341948
6663.5			0.9525141118265313
6664.4			0.9576353749663672
6665.3			0.9661940171136849
6666.200000000001			0.9727033540617149
6667.1			0.9796575076459827
6668.0			0.9864227425970814
6668.9			0.9933144734723557
6669.8			1.0004268945596868
6670.700000000001			1.0
6671.6			1.0
6672.5			1.0
6673.4			1.0
6674.3			1.0
6675.200000000001			1.0
6676.1			1.0
6677.0			1.0
6677.9			1.0
6678.8			1.0
6679.700000000001			1.0
6680.6			1.0
6681.5			1.0
6682.4			1.0
6683.3			1.0
6684.200000000001			1.0
6685.1			1.0
6686.0			1.0
6686.9			1.0
6687.8			1.0
6688.700000000001			1.0
6689.6			1.0
6690.5			1.0
6691.4			1.0
6692.3			1.0
6693.200000000001			1.0
6694.1			1.0
6695.0			1.0
6695.9			1.0
6696.8			1.0
6697.700000000001			1.0
6698.6			1.0
6699.5			1.0
6700.4			1.0
6701.3			1.0
6702.200000000001			1.0
6703.1			1.0
6704.0			1.0
6704.9			1.0
6705.8			1.0
6706.700000000001			1.0
6707.6			1.0
6708.5			1.0
6709.4			1.0
6710.3			1.0
6711.200000000001			1.0
6712.1			1.0
6713.0			1.0
6713.9			1.0
6714.8			0.9816209803282743
6715.700000000001			0.9597179505600681
6716.6			0.9176519792562605
6717.5			0.8839083079517234
6718.4			0.9082234916211883
6719.3			0.9620325534852919
6720.200000000001			0.9977390040334359
6721.1			1.0
6722.0			1.0
6722.9			1.0
6723.8			1.0
6724.700000000001			1.0
6725.6			1.0
6726.5			1.0
6727.4			1.0
6728.3			1.0
6729.200000000001			1.0
6730.1			1.0
6731.0			1.0
6731.9			1.0
6732.8			1.0
6733.700000000001			1.0
6734.6			1.0
6735.5			1.0
6736.4			1.0
6737.3			1.0
6738.200000000001			1.0
6739.1			1.0
6740.0			1.0
6740.9			1.0
6741.8			1.0
6742.700000000001			1.0
6743.6			1.0
6744.5			1.0
6745.4			1.0
6746.3			1.0
6747.200000000001			0.9946950364981585
6748.1			0.9841168071098322
6749.0			0.9684681748194474
6749.9			0.9604986082779304
6750.8			0.9670182010921963
6751.700000000001			0.9724778309803312
6752.6			0.9798251749718841
6753.5			0.9922896727323652
6754.4			0.99619968083383
6755.3			0.9900335989957747
6756.200000000001			0.9947959431724187
6757.1			1.0154341369057944
6758.0			1.0291967529532082
6758.9			1.0188581012369327
6759.8			0.9976124131776273
6760.700000000001			0.9963762799679954
6761.6			1.014226968798839
6762.5			1.0211472560213708
6763.4			1.0026677813725333
6764.3			0.9785349258948796
6765.200000000001			0.9852186948901452
6766.1			1.0053229707321798
6767.0			0.9939334938121196
6767.9			0.9577151440988081
6768.8			0.9446958421716484
6769.700000000001			0.9738664893911602
6770.6			1.0048032770382012
6771.5			1.0005207481619343
6772.4			0.9766019261899317
6773.3			0.974393803193313
6774.200000000001			1.0041404922937485
6775.1			1.0309325915451701
6776.0			1.0289511564916207
6776.9			1.0079859897403753
6777.8			0.991613266846501
6778.700000000001			0.9942453554256546
6779.6			1.001555450644693
6780.5			0.9940689485000358
6781.4			0.9694871828954696
6782.3			0.9431744358157885
6783.200000000001			0.930552914792865
6784.1			0.9352498393765615
6785.0			0.941236529008233
6785.9			0.9446819453601883
6786.8			0.94600108979024
6787.700000000001			0.9466914368235831
6788.6			0.9477152203921245
6789.5			0.9479261592146286
6790.4			0.9545594660318101
6791.3			0.960007058005759
6792.200000000001			0.9552488872023128
6793.1			0.9444964912067637
6794.0			0.9414369646481994
6794.9			0.9477590797007543
6795.8			0.9420944782546311
6796.700000000001			0.9279624442340458
6797.6			0.9227304419635161
6798.5			0.9354342356103335
6799.4			0.958859332998814
6800.3			0.9726871165918662
6801.200000000001			0.9727378963683707
6802.1			0.9662030313676057
6803.0			0.9604217759422152
6803.9			0.9578286948300777
6804.8			0.9496386168741097
6805.700000000001			0.9345333046257428
6806.6			0.923658335185628
6807.5			0.9267725758427354
6808.4			0.9412591332200956
6809.3			0.9432032415294033
6810.200000000001			0.9282464880375354
6811.1			0.9209447037490965
6812.0			0.9344754899208735
6812.9			0.9588185763779079
6813.8			0.9617710441116176
6814.700000000001			0.930884947180286
6815.6			0.903255554480681
6816.5			0.9061204163884637
6817.4			0.9176495949192449
6818.3			0.913040871593974
6819.200000000001			0.9023891201474161
6820.1			0.9134782763399416
6821.0			0.9344126591604587
6821.9			0.9337215328632679
6822.8			0.9088064861275488
6823.700000000001			0.8946862274590011
6824.6			0.919632502498417
6825.5			0.9465209801957117
6826.4			0.9307058281549051
6827.3			0.9041673467982064
6828.200000000001			0.9131244506689735
6829.1			0.9398722695628271
6830.0			0.9404208796607291
6830.9			0.9141001161966517
6831.8			0.8969671306038692
6832.700000000001			0.910230554975106
6833.6			0.9314071362248488
6834.5			0.9327866541791809
6835.4			0.9137103180376791
6836.3			0.8996437579261247
6837.200000000001			0.9066775484077171
6838.1			0.9158608164803157
6839.0			0.9150708797100592
6839.9			0.9113794813067196
6840.8			0.9077876479512793
6841.700000000001			0.9108623563293949
6842.6			0.918011051746925
6843.5			0.917307938312389
6844.4			0.9092291101203666
6845.3			0.900113888094437
6846.200000000001			0.8938987568432293
6847.1			0.8922761976968657
6848.0			0.9022905345613618
6848.9			0.9094670170074033
6849.8			0.8943142886618446
6850.700000000001			0.8746707077212239
6851.6			0.8727948115251266
6852.5			0.8782992179969716
6853.4			0.8807250106982784
6854.3			0.8840607242577483
6855.200000000001			0.8834391628391457
6856.1			0.8749356454400741
6857.0			0.8697035770329711
6857.9			0.8686724327172042
6858.8			0.8658668686696228
6859.700000000001			0.8637126042824985
6860.6			0.8587430588313005
6861.5			0.8509410388686389
6862.4			0.8591817087591717
6863.3			0.8895628325807169
6864.200000000001			0.9126447158552189
6865.1			0.8924028439127489
6866.0			0.8556782267448633
6866.9			0.8568255248091659
6867.8			0.8981567663863265
6868.700000000001			0.9251307908398321
6869.6			0.8964434712451237
6870.5			0.8527432948564143
6871.4			0.8402025331697827
6872.3			0.8644573252832414
6873.200000000001			0.8938805178982229
6874.1			0.9021823614038599
6875.0			1.0
6875.9			1.015553865529918
6876.8			1.0171481405801226
6877.700000000001			1.0147970593794473
6878.6			1.0236100868290916
6879.5			1.0142578665954272
6880.4			0.9752991925680393
6881.3			0.9477816533071802
6882.200000000001			0.9512404059343956
6883.1			0.9640596043685193
6884.0			0.9765006278005294
6884.9			0.9805676571343241
6885.8			0.9753148668639189
6886.700000000001			0.9999073178433399
6887.6			0.9379192148552721
6888.5			0.9405377509146503
6889.4			0.9192321951148239
6890.3			0.9100390328865934
6891.200000000001			0.9082301674247845
6892.1			0.9022267715231913
6893.0			0.9070344270129166
6893.9			0.9198858050685327
6894.8			0.9129028270498539
6895.700000000001			0.8942923737149302
6896.6			1.0
6897.5			1.0055721407752245
6898.4			0.9975651705096338
6899.3			0.9692740043824299
6900.200000000001			0.9363478550419706
6901.1			0.9112512176291282
6902.0			0.9095972039330634
6902.9			0.9440987280365902
6903.8			0.9885686775759178
6904.700000000001			0.9980818783824424
6905.6			0.9356110692558146
6906.5			0.9285911086850615
6907.4			0.9472732773668281
6908.3			0.9659507534037388
6909.200000000001			0.9671825780040272
6910.1			0.9516514379695071
6911.0			0.9276410916468923
6911.9			0.9183803875294122
6912.8			0.9334292458057711
6913.700000000001			0.9509546221532362
6914.6			1.0
6915.5			0.9784221324901963
6916.4			0.9473656969497976
6917.3			0.9212560340898411
6918.200000000001			0.8877447485414423
6919.1			0.8649442856750832
6920.0			0.8972799727861277
6920.9			0.9602983980544679
6921.8			0.9969371859902013
6922.700000000001			0.9990754287775648
6923.6			0.9564997785855234
6924.5			0.9453141896358624
6925.4			0.9432567625497007
6926.3			0.9605151431256999
6927.200000000001			0.9837292899171809
6928.1			0.998754873144871
6929.0			1.0099609670598175
6929.9			1.016288802382328
6930.8			1.0119110272794245
6931.700000000001			1.0028805406059205
6932.6			0.9934478725019485
6933.5			0.9895008871894048
6934.4			0.9955750957771041
6935.3			0.9945656096610486
6936.200000000001			0.9871721022872733
6937.1			0.9946918931424198
6938.0			1.002087844258878
6938.9			0.9982225934079838
6939.8			1.0040876877660636
6940.700000000001			1.023090322054333
6941.6			1.0424083871674454
6942.5			1.0504526026096437
6943.4			1.035045762442142
6944.3			1.0088994611871827
6945.200000000001			1.0053145789119664
6946.1			1.0270912907392906
6947.0			1.0499352378210165
6947.9			1.0566009050221783
6948.8			1.0471488162335525
6949.700000000001			1.0427304432015403
6950.6			1.0445105692163963
6951.5			1.036369234591581
6952.4			1.020495299677451
6953.3			1.0003881066735918
6954.200000000001			0.9929418870795669
6955.1			1.0023494216981415
6956.0			1.0149984462407073
6956.9			1.0205053564372657
6957.8			1.021153288556465
6958.700000000001			1.027525623761975
6959.6			1.0338130607917424
6960.5			1.0291115437534775
6961.4			1.027071343543791
6962.3			1.0326728653374218
6963.200000000001			1.0323705286046285
6964.1			1.0306326843582831
6965.0			1.0307628224362124
6965.9			1.014846632728211
6966.8			1.0049782286708204
6967.700000000001			1.0212638759757384
6968.6			1.0289043669096285
6969.5			1.0167094415242584
6970.4			1.0123012359347336
6971.3			1.010206016164463
6972.200000000001			1.000577855725325
6973.1			0.9943333818924912
6974.0			0.9946172762563006
6974.9			1.0
6975.8			1.006987682437811
6976.700000000001			0.9865015316596308
6977.6			0.9427733554065686
6978.5			0.9222475416122952
6979.4			0.9444591801510652
6980.3			0.9773423523881128
6981.200000000001			0.99838270952618
6982.1			0.9983690077826729
6983.0			1.0068245324380678
6983.9			1.0085496193175438
6984.8			1.0169315818427234
6985.700000000001			1.0232426730457491
6986.6			1.019618933927636
6987.5			1.0172025911297091
6988.4			1.0133466344478907
6989.3			1.0123647195766292
6990.200000000001			1.0115006320883528
6991.1			0.9942837079972451
6992.0			0.9825344013012771
6992.9			0.9924806865745227
6993.8			1.0000110394616872
6994.700000000001			0.9983564134742572
6995.6			0.9999603371680069
6996.5			1.0
6997.4			1.0
6998.3			1.0
6999.200000000001			1.0
7000.1			1.0
7001.0			1.0
7001.9			1.0
7002.8			1.0
7003.700000000001			1.0
7004.6			1.0
7005.5			1.0
7006.4			1.0
7007.3			1.0
7008.200000000001			1.0
7009.1			1.0
7010.0			1.0
7010.9			1.0
7011.8			1.0
7012.700000000001			1.0
7013.6			1.0
7014.5			1.0
7015.4			1.0
7016.3			1.0
7017.200000000001			1.0
7018.1			1.0
7019.0			1.0
7019.9			1.0
7020.8			1.0
7021.700000000001			1.0
7022.6			1.0
7023.5			1.0
7024.4			1.0
7025.3			1.0
7026.200000000001			1.0
7027.1			1.0
7028.0			1.0
7028.9			1.0
7029.8			1.0
7030.700000000001			1.0
7031.6			1.0
7032.5			1.0
7033.4			1.0
7034.3			1.0
7035.200000000001			1.0
7036.1			1.0
7037.0			1.0
7037.9			1.0
7038.8			1.0
7039.700000000001			1.0
7040.6			1.0
7041.5			1.0
7042.4			1.0
7043.3			1.0
7044.200000000001			1.0
7045.1			1.0
7046.0			1.0
7046.9			1.0
7047.8			1.0
7048.700000000001			1.0
7049.6			1.0
7050.5			1.0
7051.4			1.0
7052.3			1.0
7053.200000000001			1.0
7054.1			1.0
7055.0			1.0
7055.9			1.0
7056.8			1.0
7057.700000000001			1.0
7058.6			1.0
7059.5			1.0
7060.4			1.0
7061.3			1.0
7062.200000000001			1.0
7063.1			1.0
7064.0			1.0
7064.9			1.0
7065.8			1.0
7066.700000000001			1.0
7067.6			1.0
7068.5			1.0
7069.4			1.0
7070.3			1.0
7071.200000000001			1.0
7072.1			1.0
7073.0			1.0
7073.9			1.0
7074.8			1.0
7075.700000000001			1.0
7076.6			1.0
7077.5			1.0
7078.4			1.0
7079.3			1.0
7080.200000000001			1.0
7081.1			1.0
7082.0			1.0
7082.9			1.0
7083.8			1.0
7084.700000000001			1.0
7085.6			1.0
7086.5			1.0
7087.4			1.0
7088.3			1.0
7089.200000000001			1.0
7090.1			1.0
7091.0			1.0
7091.9			1.0
7092.8			1.0
7093.700000000001			1.0
7094.6			1.0
7095.5			1.0
7096.4			1.0
7097.3			1.0
7098.200000000001			1.0
7099.1			1.0
7100.0			1.0
7100.9			1.0
7101.8			1.0
7102.700000000001			1.0
7103.6			1.0
7104.5			1.0
7105.4			1.0
7106.3			1.0
7107.200000000001			1.0
7108.1			1.0
7109.0			1.0
7109.9			1.0
7110.8			1.0
7111.700000000001			1.0
7112.6			1.0
7113.5			1.0
7114.4			1.0
7115.3			1.0
7116.200000000001			1.0
7117.1			1.0
7118.0			1.0
7118.9			1.0
7119.8			1.0
7120.700000000001			1.0
7121.6			1.0
7122.5			1.0
7123.4			1.0
7124.3			1.0
7125.200000000001			1.0
7126.1			1.0
7127.0			1.0
7127.9			1.0
7128.8			1.0
7129.700000000001			1.0
7130.6			1.0
7131.5			1.0
7132.4			1.0
7133.3			1.0
7134.200000000001			1.0
7135.1			1.0
7136.0			1.0
7136.9			1.0
7137.8			1.0
7138.700000000001			1.0
7139.6			1.0
7140.5			1.0
7141.4			1.0
7142.3			1.0
7143.200000000001			1.0
7144.1			1.0
7145.0			1.0
7145.9			1.0
7146.8			1.0
7147.700000000001			1.0
7148.6			1.0
7149.5			1.0
7150.4			1.0
7151.3			1.0
7152.200000000001			1.0
7153.1			1.0
7154.0			1.0
7154.9			1.0
7155.8			1.0
7156.700000000001			1.0
7157.6			1.0
7158.5			1.0
7159.4			1.0
7160.3			1.0
7161.200000000001			1.0
7162.1			1.0
7163.0			1.0
7163.9			1.0
7164.8			1.0
7165.700000000001			1.0
7166.6			1.0
7167.5			1.0
7168.4			1.0
7169.3			1.0
7170.200000000001			1.0
7171.1			1.0
7172.0			1.0
7172.9			1.0
7173.8			1.0
7174.700000000001			1.0
7175.6			1.0
7176.5			1.0
7177.4			1.0
7178.3			1.0
7179.200000000001			1.0
7180.1			1.0
7181.0			1.0
7181.9			1.0
7182.8			1.0
7183.700000000001			1.0
7184.6			1.0
7185.5			1.0
7186.4			1.0
7187.3			1.0
7188.200000000001			1.0
7189.1			1.0
7190.0			1.0
7190.9			1.0
7191.8			1.0
7192.700000000001			1.0
7193.6			1.0
7194.5			1.0
7195.4			1.0
7196.3			1.0
7197.200000000001			1.0
7198.1			1.0
7199.0			1.0
7199.9			1.0
7200.8			1.0
7201.700000000001			1.0
7202.6			1.0
7203.5			1.0
7204.4			1.0
7205.3			1.0
7206.200000000001			1.0
7207.1			1.0
7208.0			1.0
7208.9			1.0
7209.8			1.0
7210.700000000001			1.0
7211.6			1.0
7212.5			1.0
7213.4			1.0
7214.3			1.0
7215.200000000001			1.0
7216.1			1.0
7217.0			1.0
7217.9			1.0
7218.8			1.0
7219.700000000001			1.0
7220.6			1.0
7221.5			1.0
7222.4			1.0
7223.3			1.0
7224.200000000001			1.0
7225.1			1.0
7226.0			1.0
7226.9			1.0
7227.8			1.0
7228.700000000001			1.0
7229.6			1.0
7230.5			1.0
7231.4			1.0
7232.3			1.0
7233.200000000001			1.0
7234.1			1.0
7235.0			1.0
7235.9			1.0
7236.8			1.0
7237.700000000001			1.0
7238.6			1.0
7239.5			1.0
7240.4			1.0
7241.3			1.0
7242.200000000001			1.0
7243.1			1.0
7244.0			1.0
7244.9			1.0
7245.8			1.0
7246.700000000001			1.0
7247.6			1.0
7248.5			1.0
7249.4			1.0
7250.3			1.0
7251.200000000001			1.0
7252.1			1.0
7253.0			1.0
7253.9			1.0
7254.8			1.0
7255.700000000001			1.0
7256.6			1.0
7257.5			1.0
7258.4			1.0
7259.3			1.0
7260.200000000001			1.0
7261.1			1.0
7262.0			1.0
7262.9			1.0
7263.8			1.0
7264.700000000001			1.0
7265.6			1.0
7266.5			1.0
7267.4			1.0
7268.3			1.0
7269.200000000001			1.0
7270.1			1.0
7271.0			1.0
7271.9			1.0
7272.8			1.0
7273.700000000001			1.0
7274.6			1.0
7275.5			1.0
7276.4			1.0
7277.3			1.0
7278.200000000001			1.0
7279.1			1.0
7280.0			1.0
7280.9			1.0
7281.8			1.0
7282.700000000001			1.0
7283.6			1.0
7284.5			1.0
7285.4			1.0
7286.3			1.0
7287.200000000001			1.0
7288.1			1.0
7289.0			1.0
7289.9			1.0
7290.8			1.0
7291.700000000001			1.0
7292.6			1.0
7293.5			1.0
7294.4			1.0
7295.3			1.0
7296.200000000001			1.0
7297.1			1.0
7298.0			1.0
7298.9			1.0
7299.8			1.0
7300.700000000001			1.0
7301.6			1.0
7302.5			1.0
7303.4			1.0
7304.3			1.0
7305.200000000001			1.0
7306.1			1.0
7307.0			1.0
7307.9			1.0
7308.8			1.0
7309.700000000001			1.0
7310.6			1.0
7311.5			1.0
7312.4			1.0
7313.3			1.0
7314.200000000001			1.0
7315.1			1.0
7316.0			1.0
7316.9			1.0
7317.8			1.0
7318.700000000001			1.0
7319.6			1.0
7320.5			1.0
7321.4			1.0
7322.3			1.0
7323.200000000001			1.0
7324.1			1.0
7325.0			1.0
7325.9			1.0
7326.8			1.0
7327.700000000001			1.0
7328.6			1.0
7329.5			1.0
7330.4			1.0
7331.3			1.0
7332.200000000001			1.0
7333.1			1.0
7334.0			1.0
7334.9			1.0
7335.8			1.0
7336.700000000001			1.0
7337.6			1.0
7338.5			1.0
7339.4			1.0
7340.3			1.0
7341.200000000001			1.0
7342.1			1.0
7343.0			1.0
7343.9			1.0
7344.8			1.0
7345.700000000001			1.0
7346.6			1.0
7347.5			1.0
7348.4			1.0
7349.3			1.0
7350.200000000001			1.0
7351.1			1.0
7352.0			1.0
7352.9			1.0
7353.8			1.0
7354.700000000001			1.0
7355.6			1.0
7356.5			1.0
7357.4			1.0
7358.3			1.0
7359.200000000001			1.0
7360.1			1.0
7361.0			1.0
7361.9			1.0
7362.8			1.0
7363.700000000001			1.0
7364.6			1.0
7365.5			1.0
7366.4			1.0
7367.3			1.0
7368.200000000001			1.0
7369.1			1.0
7370.0			1.0
7370.9			1.0
7371.8			1.0
7372.700000000001			1.0
7373.6			1.0
7374.5			1.0
7375.4			1.0
7376.3			1.0
7377.200000000001			1.0
7378.1			1.0
7379.0			1.0
7379.9			1.0
7380.8			1.0
7381.700000000001			1.0
7382.6			1.0
7383.5			1.0
7384.4			1.0
7385.3			1.0
7386.200000000001			1.0
7387.1			1.0
7388.0			1.0
7388.9			1.0
7389.8			1.0
7390.700000000001			1.0
7391.6			1.0
7392.5			1.0
7393.4			1.0
7394.3			1.0
7395.200000000001			1.0
7396.1			1.0
7397.0			1.0
7397.9			1.0
7398.8			1.0
7399.700000000001			1.0
7400.6			1.0
7401.5			1.0
7402.4			1.0
7403.3			1.0
7404.200000000001			1.0
7405.1			1.0
7406.0			1.0
7406.9			1.0
7407.8			1.0
7408.700000000001			1.0
7409.6			1.0
7410.5			1.0
7411.4			1.0
7412.3			1.0
7413.200000000001			1.0
7414.1			1.0
7415.0			1.0
7415.9			1.0
7416.8			1.0
7417.700000000001			1.0
7418.6			1.0
7419.5			1.0
7420.4			1.0
7421.3			1.0
7422.200000000001			1.0
7423.1			1.0
7424.0			1.0
7424.9			1.0
7425.8			1.0
7426.700000000001			1.0
7427.6			1.0
7428.5			1.0
7429.4			1.0
