3500.0			1.0
3500.9			1.0
3501.8			1.0
3502.7			1.0
3503.6			1.0
3504.5			1.0
3505.4			1.0
3506.3			1.0
3507.2			1.0
3508.1			1.0
3509.0			1.0
3509.9			1.0
3510.8			1.0
3511.7			1.0
3512.6			1.0
3513.5			1.0
3514.4			1.0
3515.3			1.0
3516.2			1.0
3517.1			1.0
3518.0			1.0
3518.9			1.0
3519.8			1.0
3520.7			1.0
3521.6			1.0
3522.5			1.0
3523.4			1.0
3524.3			1.0
3525.2			1.0
3526.1			1.0
3527.0			1.0
3527.9			1.0
3528.8			1.0
3529.7			1.0
3530.6			1.0
3531.5			1.0
3532.4			1.0
3533.3			1.0
3534.2			1.0
3535.1			1.0
3536.0			1.0
3536.9			1.0
3537.8			1.0
3538.7			1.0
3539.6			1.0
3540.5			1.0
3541.4			1.0
3542.3			1.0
3543.2			1.0
3544.1			1.0
3545.0			1.0
3545.9			1.0
3546.8			1.0
3547.7			1.0
3548.6			1.0
3549.5			1.0
3550.4			1.0
3551.3			1.0
3552.2			1.0
3553.1			1.0
3554.0			1.0
3554.9			1.0
3555.8			1.0
3556.7			1.0
3557.6			1.0
3558.5			1.0
3559.4			1.0
3560.3			1.0
3561.2			1.0
3562.1			1.0
3563.0			1.0
3563.9			1.0
3564.8			1.0
3565.7			1.0
3566.6			1.0
3567.5			1.0
3568.4			1.0
3569.3			1.0
3570.2			1.0
3571.1			1.0
3572.0			1.0
3572.9			1.0
3573.8			1.0
3574.7			1.0
3575.6			1.0
3576.5			1.0
3577.4			1.0
3578.3			1.0
3579.2			1.0
3580.1			1.0
3581.0			1.0
3581.9			1.0
3582.8			1.0
3583.7			1.0
3584.6			1.0
3585.5			1.0
3586.4			1.0
3587.3			1.0
3588.2			1.0
3589.1			1.0
3590.0			1.0
3590.9			1.0
3591.8			1.0
3592.7			1.0
3593.6			1.0
3594.5			1.0
3595.4			1.0
3596.3			1.0
3597.2			1.0
3598.1			1.0
3599.0			1.0
3599.9			1.0
3600.8			1.0
3601.7			1.0
3602.6			1.0
3603.5			1.0
3604.4			1.0
3605.3			1.0
3606.2			1.0
3607.1			1.0
3608.0			1.0
3608.9			1.0
3609.8			1.0
3610.7			1.0
3611.6			1.0
3612.5			1.0
3613.4			1.0
3614.3			1.0
3615.2			1.0
3616.1			1.0
3617.0			1.0
3617.9			1.0
3618.8			1.0
3619.7			1.0
3620.6			1.0
3621.5			1.0
3622.4			1.0
3623.3			1.0
3624.2			1.0
3625.1			1.0
3626.0			1.0
3626.9			1.0
3627.8			1.0
3628.7			1.0
3629.6			1.0
3630.5			1.0
3631.4			1.0
3632.3			1.0
3633.2			1.0
3634.1			1.0
3635.0			1.0
3635.9			1.0
3636.8			1.0
3637.7			1.0
3638.6			1.0
3639.5			1.0
3640.4			1.0
3641.3			1.0
3642.2			1.0
3643.1			1.0
3644.0			1.0
3644.9			1.0
3645.8			1.0
3646.7			1.0
3647.6			1.0
3648.5			1.0
3649.4			1.0
3650.3			1.0
3651.2			1.0
3652.1			1.0
3653.0			1.0
3653.9			1.0
3654.8			1.0
3655.7			1.0
3656.6			1.0
3657.5			1.0
3658.4			1.0
3659.3			1.0
3660.2			1.0
3661.1			1.0
3662.0			1.0
3662.9			1.0
3663.8			1.0
3664.7			1.0
3665.6			1.0
3666.5			1.0
3667.4			1.0
3668.3			1.0
3669.2			1.0
3670.1			1.0
3671.0			1.0
3671.9			1.0
3672.8			1.0
3673.7			1.0
3674.6			1.0
3675.5			1.0
3676.4			1.0
3677.3			1.0
3678.2			1.0
3679.1			1.0
3680.0			1.0
3680.9			1.0
3681.8			1.0
3682.7			1.0
3683.6			1.0
3684.5			1.0
3685.4			1.0
3686.3			1.0
3687.2			1.0
3688.1			1.0
3689.0			1.0
3689.9			1.0
3690.8			1.0
3691.7			1.0
3692.6			1.0
3693.5			1.0
3694.4			1.0
3695.3			1.0
3696.2			1.0
3697.1			1.0
3698.0			1.0
3698.9			1.0
3699.8			1.0
3700.7			1.0
3701.6			1.0
3702.5			1.0
3703.4			1.0
3704.3			1.0
3705.2			1.0
3706.1			1.0
3707.0			1.0
3707.9			1.0
3708.8			1.0
3709.7			1.0
3710.6			1.0
3711.5			1.0
3712.4			1.0
3713.3			1.0
3714.2			1.0
3715.1			1.0
3716.0			1.0
3716.9			1.0
3717.8			1.0
3718.7			1.0
3719.6			1.0
3720.5			1.0
3721.4			1.0
3722.3			1.0
3723.2			1.0
3724.1			1.0
3725.0			1.0
3725.9			1.0
3726.8			1.0
3727.7			1.0
3728.6			1.0
3729.5			1.0
3730.4			1.0
3731.3			1.0
3732.2			1.0
3733.1			1.0
3734.0			1.0
3734.9			1.0
3735.8			1.0
3736.7			1.0
3737.6			1.0
3738.5			1.0
3739.4			1.0
3740.3			1.0
3741.2			1.0
3742.1			1.0
3743.0			1.0
3743.9			1.0
3744.8			1.0
3745.7			1.0
3746.6			1.0
3747.5			1.0
3748.4			1.0
3749.3			1.0
3750.2			1.0
3751.1			1.0
3752.0			1.0
3752.9			1.0
3753.8			1.0
3754.7			1.0
3755.6			1.0
3756.5			1.0
3757.4			1.0
3758.3			1.0
3759.2			1.0
3760.1			1.0
3761.0			1.0
3761.9			1.0
3762.8			1.0
3763.7			1.0
3764.6			1.0
3765.5			1.0
3766.4			1.0
3767.3			1.0
3768.2			1.0
3769.1			1.0
3770.0			1.0
3770.9			1.0
3771.8			1.0
3772.7			1.0
3773.6			1.0
3774.5			1.0
3775.4			1.0
3776.3			1.0
3777.2			1.0
3778.1			1.0
3779.0			1.0
3779.9			1.0
3780.8			1.0
3781.7			1.0
3782.6			1.0
3783.5			1.0
3784.4			1.0
3785.3			1.0
3786.2			1.0
3787.1			1.0
3788.0			1.0
3788.9			1.0
3789.8			1.0
3790.7			1.0
3791.6			1.0
3792.5			1.0
3793.4			1.0
3794.3			1.0
3795.2			1.0
3796.1			1.0
3797.0			1.0
3797.9			1.0
3798.8			1.0
3799.7			1.0
3800.6			1.0
3801.5			1.0
3802.4			1.0
3803.3			1.0
3804.2			1.0
3805.1			1.0
3806.0			1.0
3806.9			1.0
3807.8			1.0
3808.7			1.0
3809.6			1.0
3810.5			1.0
3811.4			1.0
3812.3			1.0
3813.2			1.0
3814.1			1.0
3815.0			1.0
3815.9			1.0
3816.8			1.0
3817.7			1.0
3818.6			1.0
3819.5			1.0
3820.4			1.0
3821.3			1.0
3822.2			1.0
3823.1			1.0
3824.0			1.0
3824.9			1.0
3825.8			1.0
3826.7			1.0
3827.6			1.0
3828.5			1.0
3829.4			1.0
3830.3			1.0
3831.2			1.0
3832.1			1.0
3833.0			1.0
3833.9			1.0
3834.8			1.0
3835.7			1.0
3836.6			1.0
3837.5			1.0
3838.4			1.0
3839.3			1.0
3840.2			1.0
3841.1			1.0
3842.0			1.0
3842.9			1.0
3843.8			1.0
3844.7			1.0
3845.6			1.0
3846.5			1.0
3847.4			1.0
3848.3			1.0
3849.2			1.0
3850.1			1.0
3851.0			1.0
3851.9			1.0
3852.8			1.0
3853.7			1.0
3854.6			1.0
3855.5			1.0
3856.4			1.0
3857.3			1.0
3858.2			1.0
3859.1			1.0
3860.0			1.0
3860.9			1.0
3861.8			1.0
3862.7			1.0
3863.6			1.0
3864.5			1.0
3865.4			1.0
3866.3			1.0
3867.2			1.0
3868.1			1.0
3869.0			1.0
3869.9			1.0
3870.8			1.0
3871.7			1.0
3872.6			1.0
3873.5			1.0
3874.4			1.0
3875.3			1.0
3876.2			1.0
3877.1			1.0
3878.0			1.0
3878.9			1.0
3879.8			1.0
3880.7			1.0
3881.6			1.0
3882.5			1.0
3883.4			1.0
3884.3			1.0
3885.2			1.0
3886.1			1.0
3887.0			1.0
3887.9			1.0
3888.8			1.0
3889.7			1.0
3890.6			1.0
3891.5			1.0
3892.4			1.0
3893.3			1.0
3894.2			1.0
3895.1			1.0
3896.0			1.0
3896.9			1.0
3897.8			1.0
3898.7			1.0
3899.6			1.0
3900.5			1.0
3901.4			1.0
3902.3			1.0
3903.2			1.0
3904.1			1.0
3905.0			1.0
3905.9			1.0
3906.8			1.0
3907.7			1.0
3908.6			1.0
3909.5			1.0
3910.4			1.0
3911.3			1.0
3912.2			1.0
3913.1			1.0
3914.0			1.0
3914.9			1.0
3915.8			1.0
3916.7			1.0
3917.6			1.0
3918.5			1.0
3919.4			1.0
3920.3			1.0
3921.2			1.0
3922.1			1.0
3923.0			1.0
3923.9			1.0
3924.8			1.0
3925.7			1.0
3926.6			1.0
3927.5			1.0
3928.4			1.0
3929.3			1.0
3930.2			1.0
3931.1			1.0
3932.0			1.0
3932.9			1.0
3933.8			1.0
3934.7			1.0
3935.6			1.0
3936.5			1.0
3937.4			1.0
3938.3			1.0
3939.2			1.0
3940.1			1.0
3941.0			1.0
3941.9			1.0
3942.8			1.0
3943.7			1.0
3944.6			1.0
3945.5			1.0
3946.4			1.0
3947.3			1.0
3948.2			1.0
3949.1			1.0
3950.0			1.0
3950.9			1.0
3951.8			1.0
3952.7			1.0
3953.6			1.0
3954.5			1.0
3955.4			1.0
3956.3			1.0
3957.2			1.0
3958.1			1.0
3959.0			1.0
3959.9			1.0
3960.8			1.0
3961.7			1.0
3962.6			1.0
3963.5			1.0
3964.4			1.0
3965.3			1.0
3966.2			1.0
3967.1			1.0
3968.0			1.0
3968.9			1.0
3969.8			1.0
3970.7			1.0
3971.6			1.0
3972.5			1.0
3973.4			1.0
3974.3			1.0
3975.2			1.0
3976.1			1.0
3977.0			1.0
3977.9			1.0
3978.8			1.0
3979.7			1.0
3980.6			1.0
3981.5			1.0
3982.4			1.0
3983.3			1.0
3984.2			1.0
3985.1			1.0
3986.0			1.0
3986.9			1.0
3987.8			1.0
3988.7			1.0
3989.6			1.0
3990.5			1.0
3991.4			1.0
3992.3			1.0
3993.2			1.0
3994.1			1.0
3995.0			1.0
3995.9			1.0
3996.8			1.0
3997.7			1.0
3998.6			1.0
3999.5			1.0
4000.4			1.0
4001.3			1.0
4002.2			1.0
4003.1			1.0366375242072083
4004.0			0.9833783716560592
4004.9			0.8451253927289274
4005.8			0.7640168401929732
4006.7			0.8171980673462543
4007.6			0.9257531266100298
4008.5			1.0007804405852565
4009.4			1.0
4010.3			1.0
4011.2			1.0
4012.1			1.0
4013.0			1.0
4013.9			1.0
4014.8			1.0
4015.7			1.0
4016.6			1.0
4017.5			1.0
4018.4			1.0
4019.3			1.0
4020.2			1.0
4021.1			1.0
4022.0			1.0
4022.9			1.0
4023.8			1.0
4024.7			1.0
4025.6			1.0
4026.5			1.0
4027.4			1.0445288810093363
4028.3			1.0748593036229097
4029.2			1.036208153425527
4030.1			0.8989540537018138
4031.0			0.7725032755152472
4031.9			0.7346823316815622
4032.8			0.7253336465216855
4033.7			0.7327827998838813
4034.6			0.7747259187516025
4035.5			0.8421231974923896
4036.4			0.9246126600728103
4037.3			0.9870324482528132
4038.2			0.9966513966590684
4039.1			1.0
4040.0			1.0
4040.9			1.0
4041.8			1.0
4042.7			1.0295140888341534
4043.6			0.9429810571755897
4044.5			0.7516049983365425
4045.4			0.5987585439647477
4046.3			0.6418838254825726
4047.2			0.8456187678795366
4048.1			0.9995802221064767
4049.0			1.0
4049.9			1.0
4050.8			1.0
4051.7			1.0
4052.6			1.0
4053.5			1.0
4054.4			1.0
4055.3			1.0
4056.2			1.0
4057.1			1.0
4058.0			1.0
4058.9			1.0
4059.8			1.0
4060.7			1.0739884560448507
4061.6			1.0352189422788458
4062.5			0.8845345478817577
4063.4			0.7451253467641406
4064.3			0.7756971793269788
4065.2			0.9311601556072091
4066.1			0.9960325204373316
4067.0			1.0
4067.9			1.0
4068.8			1.0
4069.7			1.0
4070.6			1.0
4071.5			1.0
4072.4			1.0
4073.3			1.0
4074.2			1.0260076277016676
4075.1			0.930310554517527
4076.0			0.7788717501183617
4076.9			0.6512452760901005
4077.8			0.6319393870836995
4078.7			0.7197355265443616
4079.6			0.8412156563613489
4080.5			0.9440957806893459
4081.4			0.9883322494057493
4082.3			1.0
4083.2			1.0
4084.1			1.0
4085.0			1.0
4085.9			1.0
4086.8			1.0
4087.7			1.0
4088.6			1.0
4089.5			1.0
4090.4			1.0
4091.3			1.0
4092.2			1.0
4093.1			1.0
4094.0			1.0
4094.9			1.0
4095.8			1.0
4096.7			1.0
4097.6			1.0226258050312673
4098.5			1.0488513080280653
4099.4			1.0200822919876273
4100.3			0.9131175009651838
4101.2			0.8067905865035248
4102.1			0.8109935888197214
4103.0			0.8962324226610294
4103.9			0.9595189089203938
4104.8			0.9961115967021755
4105.7			1.0
4106.6			1.0
4107.5			1.0
4108.4			1.0
4109.3			1.0
4110.2			1.0
4111.1			1.0
4112.0			1.0
4112.9			1.0
4113.8			1.0
4114.7			1.0
4115.6			1.0
4116.5			1.0
4117.4			1.0
4118.3			1.0
4119.2			1.0
4120.1			1.0
4121.0			1.0
4121.9			1.0
4122.8			1.0
4123.7			1.0
4124.6			1.0
4125.5			1.0
4126.4			0.9681151719437378
4127.3			0.9275862517855856
4128.2			0.8975350482806056
4129.1			0.8855653900895785
4130.0			0.8859240396699176
4130.9			0.8784220773892765
4131.8			0.8238328435987666
4132.7			0.7750724369994348
4133.6			0.7800883306553767
4134.5			0.8194460342258302
4135.4			0.9148930042015776
4136.3			0.984703351201624
4137.2			0.9659976165394993
4138.1			1.0
4139.0			1.047666289957706
4139.9			1.0660391346630402
4140.8			1.034575016981387
4141.7			0.936062582275287
4142.6			0.7838801190154573
4143.5			0.6902749029751429
4144.4			0.7501517290532264
4145.3			0.8916824806132457
4146.2			0.9820600455276941
4147.1			1.0076894830271774
4148.0			0.9984431523392657
4148.9			1.0
4149.8			1.0
4150.7			1.0
4151.6			1.0
4152.5			1.0
4153.4			1.0
4154.3			1.0
4155.2			1.0
4156.1			1.0
4157.0			1.0
4157.9			1.0
4158.8			1.0
4159.7			1.0
4160.6			1.0
4161.5			1.0
4162.4			1.0
4163.3			1.0041406312602288
4164.2			0.9629472713500185
4165.1			0.9344025282598771
4166.0			0.906786677659019
4166.9			0.862717110700813
4167.8			0.8676873121606481
4168.7			0.9385651534271304
4169.6			0.9990508582580847
4170.5			1.0104592706105087
4171.4			0.9434672068560547
4172.3			0.8195192523848955
4173.2			0.759465532338981
4174.1			0.8047134439317046
4175.0			0.8744399472567609
4175.9			0.896635042359191
4176.8			0.8573859459255804
4177.7			0.8099182637042833
4178.6			0.8162278664393495
4179.5			0.855483415625891
4180.4			0.8809979513742927
4181.3			0.8964519579613065
4182.2			0.9311384156201699
4183.1			0.996914249183157
4184.0			1.0
4184.9			1.0
4185.8			1.0
4186.7			1.0
4187.6			1.0
4188.5			1.0
4189.4			1.0
4190.3			1.0
4191.2			1.0
4192.1			1.014095622524664
4193.0			1.0666123827280716
4193.9			1.0636961047882132
4194.8			0.9751611534684277
4195.7			0.8600996720522539
4196.6			0.8121431137310752
4197.5			0.8467760636714947
4198.4			0.9056158642052508
4199.3			0.9810529109735999
4200.2			1.0362193255233196
4201.1			0.9996823074580282
4202.0			1.0
4202.9			1.0
4203.8			1.0
4204.7			1.0
4205.6			1.0
4206.5			1.0
4207.4			1.0
4208.3			1.0
4209.2			1.0
4210.1			1.0
4211.0			1.0
4211.9			1.0
4212.8			0.9405854584968495
4213.7			0.8329387976001047
4214.6			0.6929202398579304
4215.5			0.6192123433526654
4216.4			0.7264258484725219
4217.3			0.8994209294150262
4218.2			0.9719222794896463
4219.1			1.0
4220.0			1.0
4220.9			1.0
4221.8			1.0
4222.7			0.907059597785199
4223.6			0.8180997322933181
4224.5			0.7388600602131565
4225.4			0.6234002794924973
4226.3			0.49625670835455926
4227.2			0.5080172518502994
4228.1			1.0
4229.0			1.2563409882365175
4229.9			1.3427480595581816
4230.8			1.361963476464642
4231.7			1.3116115454057566
4232.6			1.1712853848309355
4233.5			1.084539763066834
4234.4			1.087042010722171
4235.3			1.0427413445750584
4236.2			0.9511637560892551
4237.1			0.9410670504418414
4238.0			0.9699233264798199
4238.9			0.9614265541045707
4239.8			0.9639354496300498
4240.7			1.00970183043873
4241.6			1.0430607543528314
4242.5			1.0154335375260504
4243.4			1.0092896012397223
4244.3			1.0
4245.2			1.0
4246.1			1.0
4247.0			0.9310398049732549
4247.9			0.8870100281289971
4248.8			0.8735993292637809
4249.7			0.8627455672443829
4250.6			0.874495227877891
4251.5			0.9537491201736922
4252.4			1.0307512823084342
4253.3			1.0352641295572877
4254.2			0.9908592057809262
4255.1			1.0
4256.0			1.0
4256.9			1.0685219726027508
4257.8			1.0417311143074626
4258.7			0.9195258903061364
4259.6			0.8057589164978227
4260.5			0.7450937864111747
4261.4			0.777192537296763
4262.3			0.888444864284039
4263.2			0.9744311505732266
4264.1			0.9919511528455368
4265.0			1.0
4265.9			1.0
4266.8			0.9709735760510358
4267.7			0.8989609221367478
4268.6			0.8481920148159292
4269.5			0.8073362084665806
4270.4			0.7207927090828724
4271.3			0.616309584556296
4272.2			0.6052764683075174
4273.1			0.6817178000768556
4274.0			0.7262164319492349
4274.9			0.7476416472212593
4275.8			0.8249071761075871
4276.7			0.9287328988285268
4277.6			1.0010476488181645
4278.5			1.0
4279.4			1.0
4280.3			1.0
4281.2			1.0
4282.1			1.0
4283.0			1.0
4283.9			1.0
4284.8			1.0
4285.7			1.0
4286.6			1.0
4287.5			1.0340959804200758
4288.4			0.9747797996243371
4289.3			0.840364027925024
4290.2			0.7727545930551143
4291.1			1.0
4292.0			1.142715664778916
4292.9			1.2515386624728753
4293.8			1.2384228944306042
4294.7			1.1734623071694577
4295.6			1.1442586925985472
4296.5			1.1006224029516658
4297.4			1.0239905813472618
4298.3			0.9158837101590962
4299.2			0.7745014704273245
4300.1			0.7164323690517553
4301.0			0.7893518511398818
4301.9			0.8479469151579423
4302.8			0.8382423497602186
4303.7			0.8457028946340046
4304.6			0.8571217896561079
4305.5			0.8509449829044872
4306.4			0.8403940848805969
4307.3			0.7730425397532136
4308.2			0.6919593165118332
4309.1			0.6950410426895687
4310.0			0.7603689175845736
4310.9			0.8431917227545502
4311.8			0.9289689127104798
4312.7			1.031782586901464
4313.6			1.1312663463838195
4314.5			1.2270359596401543
4315.4			1.4339096802492612
4316.3			1.673415962638268
4317.2			1.7607162746519578
4318.1			1.7385001390102601
4319.0			1.696486003671297
4319.9			1.6394211080134196
4320.8			1.0
4321.7			0.9693478658436472
4322.6			0.8995053046665691
4323.5			0.7530932921229923
4324.4			0.6185987646576392
4325.3			0.5452617486227959
4326.2			0.5957462398012863
4327.1			0.7714150282750766
4328.0			0.9386723362243972
4328.9			1.0030976652744863
4329.8			1.0
4330.7			1.0
4331.6			1.0
4332.5			1.0
4333.4			1.0
4334.3			1.0
4335.2			1.0
4336.1			0.9740572138538799
4337.0			0.842331838366579
4337.9			0.7175854067453606
4338.8			0.6713827394567904
4339.7			0.639158773978781
4340.6			0.636476131914801
4341.5			0.7453199852083323
4342.4			0.8837464223212452
4343.3			0.9191433480157003
4344.2			0.9250022504246677
4345.1			0.9957298667718336
4346.0			1.0
4346.9			1.0
4347.8			1.0
4348.7			1.0
4349.6			1.0270742648975797
4350.5			0.9158091154605352
4351.4			0.7601697456422489
4352.3			0.73663968791792
4353.2			0.8510341688777472
4354.1			0.9564626979785006
4355.0			0.9979023048986337
4355.9			1.0
4356.8			1.0
4357.7			1.0
4358.6			1.0
4359.5			1.0
4360.4			1.0
4361.3			1.0
4362.2			1.0
4363.1			1.0
4364.0			1.0
4364.9			1.0
4365.8			1.0
4366.7			1.0
4367.6			1.0
4368.5			1.0
4369.4			1.0
4370.3			1.0
4371.2			1.0
4372.1			0.9968838462828478
4373.0			0.9353638935459591
4373.9			0.8276689414254926
4374.8			0.7649735041374172
4375.7			0.8025701276021212
4376.6			0.9108657097033069
4377.5			1.00326990628467
4378.4			1.0
4379.3			1.0
4380.2			0.9802909367331656
4381.1			0.9642799009699675
4382.0			0.87174724394182
4382.9			0.6742481882102656
4383.8			0.5324680509160679
4384.7			0.5897822686544677
4385.6			0.7854979562844054
4386.5			0.9507040302782594
4387.4			1.0001086149449547
4388.3			1.0
4389.2			1.0
4390.1			1.0
4391.0			1.0
4391.9			1.0
4392.8			1.0
4393.7			1.0
4394.6			1.0
4395.5			1.0
4396.4			1.0
4397.3			1.0
4398.2			1.0
4399.1			0.9278456064919867
4400.0			0.8488836085515618
4400.9			0.8475278864335788
4401.8			0.9563860126606796
4402.7			1.017615867813859
4403.6			0.9033787631060796
4404.5			0.7534270034208177
4405.4			0.7641932108386998
4406.3			0.8770200562288024
4407.2			0.9051824420259386
4408.1			0.8568320800318099
4409.0			0.8823112239041228
4409.9			0.9992309675747033
4410.8			1.0
4411.7			1.0480197166460143
4412.6			1.0687067017931224
4413.5			1.015749641525443
4414.4			0.8822531888358506
4415.3			0.7975023066419196
4416.2			0.8339610892771606
4417.1			0.8958046834435133
4418.0			0.9424049440807595
4418.9			0.9986128821949523
4419.8			1.0
4420.7			1.0
4421.6			1.0
4422.5			1.0
4423.4			1.0
4424.3			1.0
4425.2			1.0
4426.1			1.0
4427.0			1.0
4427.9			1.0
4428.8			1.0
4429.7			1.0
4430.6			1.0
4431.5			1.0
4432.4			1.0268357815356433
4433.3			0.9706730069623128
4434.2			0.877186435257136
4435.1			0.8188223186591593
4436.0			0.8468595964936578
4436.9			0.932612286343424
4437.8			1.006435921141654
4438.7			1.0
4439.6			1.0
4440.5			1.0
4441.4			1.0
4442.3			1.0
4443.2			1.0
4444.1			1.0
4445.0			1.0
4445.9			1.0
4446.8			1.0
4447.7			1.0
4448.6			1.0
4449.5			1.0
4450.4			1.0
4451.3			1.0
4452.2			1.0
4453.1			0.9777056316408181
4454.0			0.9095001086237494
4454.9			0.8420070431882822
4455.8			0.8389692638051585
4456.7			0.8787586877550511
4457.6			0.8949837940675597
4458.5			0.8776762698194562
4459.4			0.8643789878625103
4460.3			0.8557135825846015
4461.2			0.8169502756883623
4462.1			0.8064295969785704
4463.0			0.8993480501252592
4463.9			0.9876418181919532
4464.8			0.9959013383701238
4465.7			0.9875499701272186
4466.6			0.9918518120985382
4467.5			0.9946058715682004
4468.4			0.9725115096701225
4469.3			0.9375101986417684
4470.2			0.9500064907753564
4471.1			0.9978488614402935
4472.0			1.0
4472.9			1.0
4473.8			1.0
4474.7			1.0
4475.6			1.0
4476.5			1.0
4477.4			1.031678533575551
4478.3			1.0057516057961733
4479.2			0.9186903826314917
4480.1			0.8262434796204922
4481.0			0.7899382608174078
4481.9			0.8045550388895116
4482.8			0.8595681140576633
4483.7			0.9388894313287933
4484.6			0.9990926382061723
4485.5			1.0
4486.4			1.0
4487.3			1.0
4488.2			1.0
4489.1			1.0
4490.0			1.0
4490.9			1.0
4491.8			1.05843783004238
4492.7			1.0624095511752734
4493.6			0.9835097248639226
4494.5			0.8934578834314933
4495.4			0.8671425800705317
4496.3			0.8854256275569068
4497.2			0.9305672858849315
4498.1			0.9859969319781737
4499.0			1.0080465467984854
4499.9			1.0
4500.8			1.0
4501.7			1.0
4502.6			1.0
4503.5			1.0
4504.4			1.0
4505.3			1.0
4506.2			1.0
4507.1			1.0
4508.0			0.9811542787760776
4508.9			0.9827723652393957
4509.8			1.0048314247518213
4510.7			1.023785658720524
4511.6			1.005838982546855
4512.5			0.9578951135512235
4513.4			0.9137782691575068
4514.3			1.0
4515.2			1.0127966657690104
4516.1			1.0400433558098359
4517.0			1.03322943789227
4517.9			1.0042446967775227
4518.8			1.0162762404073402
4519.7			1.0661721518058638
4520.6			1.1118297482486155
4521.5			1.1077879498104828
4522.4			1.0388174653430697
4523.3			0.992104177742042
4524.2			0.9968328555139343
4525.1			0.9796014626997742
4526.0			0.9316097656742262
4526.9			0.887835051097927
4527.8			0.8517157085397323
4528.7			0.8307814345429672
4529.6			0.8458917735890503
4530.5			0.8796617631066982
4531.4			0.9258490037629695
4532.3			0.9713957997956133
4533.2			0.9592175786913893
4534.1			0.9024087852340149
4535.0			0.861899720919295
4535.9			0.900453435956058
4536.8			1.021503046101719
4537.7			1.1018635257474498
4538.6			1.0797056531990954
4539.5			1.0203267861235052
4540.4			0.9711554346074497
4541.3			0.9608590670813212
4542.2			1.0000377187686367
4543.1			1.0
4544.0			1.0
4544.9			1.0
4545.8			1.0
4546.7			1.030563836312528
4547.6			1.0390979462459444
4548.5			0.9956769239028862
4549.4			0.9377281981770816
4550.3			0.9482600508101625
4551.2			0.9906902832430586
4552.1			0.9790837645001973
4553.0			0.939006126308303
4553.9			0.9062325269164292
4554.8			0.8950953312505099
4555.7			0.9277500059024928
4556.6			0.9956437007891029
4557.5			1.051629232050926
4558.4			1.0641688133131244
4559.3			1.0514339405742654
4560.2			1.0332929730671492
4561.1			1.0350948647430702
4562.0			1.0
4562.9			0.9617282268340345
4563.8			0.8875063966421485
4564.7			0.8319082183631522
4565.6			0.8297949055989883
4566.5			0.8966368446587967
4567.4			0.9755889279143115
4568.3			1.0004164161427636
4569.2			1.0
4570.1			1.0
4571.0			1.0
4571.9			1.0
4572.8			1.0
4573.7			1.0589813083409931
4574.6			1.038469910172338
4575.5			1.0146286698904818
4576.4			1.017969973918362
4577.3			1.0191137569962108
4578.2			0.9912913805116346
4579.1			1.0
4580.0			0.9360565578839086
4580.9			0.9179170546864741
4581.8			0.9460198880878261
4582.7			0.9671181086456574
4583.6			0.9611845132766615
4584.5			0.9603350904086141
4585.4			0.9602118585999598
4586.3			0.9617771037878777
4587.2			1.0010469378670528
4588.1			1.0578989912455874
4589.0			1.0895987731248964
4589.9			1.0726610892335244
4590.8			1.0177952782320012
4591.7			0.9590265678455717
4592.6			0.9316518537396355
4593.5			0.9291748310991895
4594.4			0.9157117736027713
4595.3			0.8955296104428023
4596.2			0.8966853316272088
4597.1			0.9072080509135875
4598.0			0.9186676336665556
4598.9			0.9410612069441947
4599.8			0.9169788753471364
4600.7			0.877755281730822
4601.6			0.8990571946499756
4602.5			0.9315147782548796
4603.4			0.933339709332461
4604.3			0.91104563130118
4605.2			0.8830890870345242
4606.1			0.8929205568828598
4607.0			0.944240546648695
4607.9			1.0083682253036963
4608.8			1.050907106267786
4609.7			1.043318265494902
4610.6			0.9982787410934273
4611.5			1.0
4612.4			1.0
4613.3			1.0
4614.2			1.0
4615.1			1.0
4616.0			1.0
4616.9			1.0
4617.8			1.0
4618.7			1.0
4619.6			1.0
4620.5			1.0
4621.4			1.0
4622.3			1.0
4623.2			1.0
4624.1			1.0
4625.0			1.0
4625.9			1.0
4626.8			1.0
4627.7			1.0
4628.6			1.0
4629.5			1.0
4630.4			1.0
4631.3			1.0
4632.2			1.0
4633.1			1.0
4634.0			1.0
4634.9			1.0
4635.8			1.0
4636.7			1.0
4637.6			1.0
4638.5			1.0
4639.4			1.0
4640.3			1.0
4641.2			1.0487196603793418
4642.1			1.0728929054653622
4643.0			1.045567099738372
4643.9			1.0101373377891092
4644.8			0.9807870217900271
4645.7			0.9272555136407941
4646.6			0.8697642282221749
4647.5			0.8581682327099068
4648.4			0.8878739460525866
4649.3			0.9368566650944515
4650.2			0.9844050896246256
4651.1			1.0172811530390107
4652.0			1.0382351847148827
4652.9			1.0431295646057592
4653.8			0.9980471628717119
4654.7			1.0
4655.6			1.0
4656.5			1.0
4657.4			1.0
4658.3			1.0
4659.2			1.0
4660.1			1.0
4661.0			1.0
4661.9			1.0
4662.8			0.9446751695398944
4663.7			0.9322755597916794
4664.6			0.9503559038862291
4665.5			0.9202908934553932
4666.4			0.8256417385080546
4667.3			0.7475118233246874
4668.2			0.7609755253395744
4669.1			0.8366430758576895
4670.0			0.9123021780429552
4670.9			0.9734808723833308
4671.8			1.0001926111053356
4672.7			1.0
4673.6			1.0
4674.5			1.0
4675.4			1.0
4676.3			1.0
4677.2			1.0022043850364317
4678.1			0.9592585015822421
4679.0			0.9158655394820512
4679.9			0.8871247678771258
4680.8			0.8690828610011783
4681.7			0.8780741336648109
4682.6			0.9232324486317262
4683.5			0.9760273250044772
4684.4			0.9966761229370035
4685.3			1.0
4686.2			1.0
4687.1			1.0
4688.0			1.0
4688.9			1.0
4689.8			1.0
4690.7			1.0
4691.6			1.0
4692.5			1.0
4693.4			1.0
4694.3			1.0
4695.2			1.0
4696.1			1.0
4697.0			1.0
4697.9			1.0
4698.8			1.0
4699.7			1.0
4700.6			1.0
4701.5			1.0
4702.4			1.0
4703.3			1.0
4704.2			1.0266358055329396
4705.1			1.0565076703246232
4706.0			1.0503588398962065
4706.9			1.0107373595744793
4707.8			0.9698517309633303
4708.7			0.9471393358243556
4709.6			0.9560674834829009
4710.5			1.0081993390157293
4711.4			1.0531440512750494
4712.3			1.0431425619763905
4713.2			0.998141156356195
4714.1			1.0
4715.0			1.0
4715.9			1.0
4716.8			1.0
4717.7			1.0
4718.6			1.0
4719.5			1.0
4720.4			1.0
4721.3			1.0
4722.2			1.0
4723.1			0.9989374134856515
4724.0			1.0245654981782126
4724.9			1.0504203369405392
4725.8			1.035732959725737
4726.7			0.9629499954766136
4727.6			0.878564152158483
4728.5			0.8453125962322456
4729.4			0.8610035710480048
4730.3			0.8867701615349317
4731.2			0.9158715821499557
4732.1			0.9565503358303337
4733.0			0.9848837524880526
4733.9			1.0015632026020602
4734.8			1.0
4735.7			1.0
4736.6			1.0
4737.5			1.0
4738.4			1.0
4739.3			1.0
4740.2			1.0
4741.1			1.0
4742.0			1.0
4742.9			1.0
4743.8			1.0
4744.7			1.0
4745.6			1.0
4746.5			1.0
4747.4			1.0
4748.3			1.0
4749.2			1.0
4750.1			1.0
4751.0			1.0
4751.9			1.0
4752.8			1.0
4753.7			1.0
4754.6			1.0
4755.5			1.0
4756.4			1.0
4757.3			1.0
4758.2			1.0
4759.1			1.0255729786962897
4760.0			1.041555409140499
4760.9			1.0158432197915372
4761.8			0.9595880406693862
4762.7			0.9267687253001202
4763.6			0.9229860813812749
4764.5			0.9097339211950605
4765.4			0.883703385707654
4766.3			0.8868093040530278
4767.2			0.9268902681316002
4768.1			0.9710378430547573
4769.0			1.0228089974076027
4769.9			1.0628805507162684
4770.8			1.0431502407864115
4771.7			1.000040188323839
4772.6			1.0
4773.5			1.0
4774.4			1.0
4775.3			1.0
4776.2			1.0
4777.1			1.0138326178051569
4778.0			1.0322555536112092
4778.9			1.0204069097911
4779.8			1.000537077424088
4780.7			1.000534683773832
4781.6			0.9966440072146731
4782.5			0.9642653182913664
4783.4			0.937909485476029
4784.3			0.9560419605994149
4785.2			0.9549767748536161
4786.1			0.9045660283120012
4787.0			0.8920396796069192
4787.9			0.9209691781003
4788.8			0.9175789510462584
4789.7			0.904975920956978
4790.6			0.9155516775065895
4791.5			0.9316501008948049
4792.4			0.9500184099326784
4793.3			0.9916315713605658
4794.2			1.036649759243655
4795.1			1.0
4796.0			0.9888715347349709
4796.9			0.9603158077458771
4797.8			0.9175749952793489
4798.7			0.8755243372680499
4799.6			0.8630472551031583
4800.5			0.8892647797944143
4801.4			0.9484926813024359
4802.3			1.0
4803.2			1.0057338966248857
4804.1			0.9734236086559132
4805.0			0.9420571061938454
4805.9			0.9431191753180179
4806.8			0.9388044483561654
4807.7			0.912241974642178
4808.6			0.9082275386820909
4809.5			0.9410809136866537
4810.4			0.9707436241778609
4811.3			0.9819212477718972
4812.2			0.9876353014856266
4813.1			0.9896930654434473
4814.0			0.9971551813567467
4814.9			1.0
4815.8			1.0
4816.7			1.0
4817.6			1.0
4818.5			1.0
4819.4			1.0
4820.3			1.0
4821.2			1.0
4822.1			0.9737868666717124
4823.0			0.9176974281572111
4823.9			0.8933028509001871
4824.8			0.9388572187504579
4825.7			0.9974773788315459
4826.6			1.0
4827.5			1.0
4828.4			1.0
4829.3			1.0
4830.2			1.0
4831.1			1.0
4832.0			1.0
4832.9			1.0
4833.8			1.0
4834.7			1.0160260453828331
4835.6			1.0056293246818124
4836.5			1.0034590446495315
4837.4			1.0074707961902136
4838.3			0.975959383668109
4839.2			0.926689387474255
4840.1			0.9051268121344547
4841.0			0.9259805522610685
4841.9			0.9444978393758158
4842.8			0.9243687337793869
4843.7			0.9210892550769967
4844.6			0.9640988560258369
4845.5			0.9997673594122908
4846.4			1.0
4847.3			1.0
4848.2			1.0
4849.1			1.0
4850.0			1.0
4850.9			1.0
4851.8			1.0
4852.7			1.0
4853.6			1.0
4854.5			1.0
4855.4			1.0
4856.3			1.0
4857.2			1.0672175176077419
4858.1			1.061252246767997
4859.0			0.9842663839527572
4859.9			0.8641568024388383
4860.8			0.7398059858413374
4861.7			0.7295780809196027
4862.6			0.8524031961232603
4863.5			0.9338701509732658
4864.4			0.9491268807236647
4865.3			0.9758740906691771
4866.2			1.004549285097473
4867.1			1.0
4868.0			1.0
4868.9			1.0107437890787558
4869.8			0.9968070667411847
4870.7			0.921359187713034
4871.6			0.8665597631741487
4872.5			0.9073449153832887
4873.4			0.9766662125273715
4874.3			1.0046526589763736
4875.2			1.0
4876.1			1.0
4877.0			1.0
4877.9			1.0
4878.8			1.0
4879.7			1.0
4880.6			1.0
4881.5			1.0
4882.4			1.0
4883.3			1.0216192943463005
4884.2			0.9949796510813984
4885.1			0.9346098837681912
4886.0			0.903642340301599
4886.9			0.9175225071260429
4887.8			0.9430847094299956
4888.7			0.9509174301900655
4889.6			0.9340712868588454
4890.5			0.8797992680837395
4891.4			0.8577079532671087
4892.3			0.9413996480049331
4893.2			1.0353609199966536
4894.1			1.084344254610882
4895.0			1.1095013656561212
4895.9			1.1068476577845159
4896.8			1.0900013268930901
4897.7			1.079363071467284
4898.6			1.0530716045397075
4899.5			0.9998610017291479
4900.4			1.0
4901.3			1.0
4902.2			1.0
4903.1			1.0
4904.0			1.0
4904.9			1.0
4905.8			1.0
4906.7			1.0071563643240973
4907.6			0.9718398494156445
4908.5			0.9319965756995418
4909.4			0.8882448166670854
4910.3			0.8504900930175502
4911.2			0.8644992872867496
4912.1			1.0
4913.0			1.0392057476028316
4913.9			1.0616907663856847
4914.8			1.095066515231825
4915.7			1.115715890634146
4916.6			1.0844817540410763
4917.5			0.9990091923440116
4918.4			0.8956142160273015
4919.3			0.8222339140177319
4920.2			0.7973350895263395
4921.1			0.8294117572059393
4922.0			0.8976043810245543
4922.9			0.9270324265449026
4923.8			0.9059641594415956
4924.7			0.8983081444329617
4925.6			0.9447004986473366
4926.5			0.9932727508312973
4927.4			0.9982671361013941
4928.3			1.0
4929.2			1.0
4930.1			1.0
4931.0			1.0
4931.9			1.0
4932.8			1.0
4933.7			1.0
4934.6			1.0
4935.5			1.0427493506738694
4936.4			1.0141011337792325
4937.3			0.9324308167938578
4938.2			0.856416902664278
4939.1			0.8405239111649365
4940.0			0.8998694765116496
4940.9			0.9754890541630398
4941.8			0.9982526295849021
4942.7			0.9893885328764351
4943.6			1.0
4944.5			1.0
4945.4			1.0
4946.3			1.0
4947.2			1.0
4948.1			1.0
4949.0			1.0
4949.9			1.0
4950.8			1.0
4951.7			1.0
4952.6			1.0
4953.5			1.0
4954.4			1.0
4955.3			1.0
4956.2			0.9380773144827131
4957.1			0.8235035024363437
4958.0			0.8036580542230707
4958.9			0.9087411166624727
4959.8			1.0005376660936292
4960.7			1.0
4961.6			1.0
4962.5			1.0
4963.4			1.0
4964.3			1.0
4965.2			1.0
4966.1			1.0
4967.0			1.0
4967.9			1.0
4968.8			1.0
4969.7			1.0
4970.6			1.0
4971.5			1.0
4972.4			1.0
4973.3			1.0
4974.2			1.0
4975.1			1.0
4976.0			1.0
4976.9			1.0
4977.8			1.0
4978.7			0.9717228908161621
4979.6			0.9694575072813563
4980.5			0.963210675647415
4981.4			0.9170561218991002
4982.3			0.8452988064125871
4983.2			0.813775941292501
4984.1			0.8342354671076732
4985.0			0.8660524203341056
4985.9			0.903782762205089
4986.8			0.9612745078085208
4987.7			0.9972432835409433
4988.6			1.0
4989.5			1.0
4990.4			1.0
4991.3			1.0
4992.2			1.0
4993.1			1.0
4994.0			1.0
4994.9			1.0
4995.8			1.0
4996.7			1.0
4997.6			1.0
4998.5			1.0
4999.4			1.0
5000.3			1.0
5001.2			1.0003955696452849
5002.1			1.0061561170570927
5003.0			1.0103483310294323
5003.9			1.0010943229504248
5004.8			0.9616042735829751
5005.7			0.9176107535841546
5006.6			0.9281427997813703
5007.5			1.0087046990325472
5008.4			1.084361214036167
5009.3			1.09077719135811
5010.2			1.0573882733871562
5011.1			1.0121621142867292
5012.0			0.9474943173471303
5012.9			0.8950863869259544
5013.8			0.8807859812510423
5014.7			0.9125204337929351
5015.6			0.9653440968697088
5016.5			0.9754353695504583
5017.4			0.9380361599487683
5018.3			0.9196840307959941
5019.2			0.9511120362667614
5020.1			0.9850959534631816
5021.0			0.9816822725649023
5021.9			0.9603182110217564
5022.8			0.970475647996509
5023.7			1.0065146146886097
5024.6			1.025021177887571
5025.5			1.0259082079390267
5026.4			1.0003267108422966
5027.3			1.0
5028.2			1.0
5029.1			1.0
5030.0			1.0
5030.9			1.0
5031.8			1.0
5032.7			1.0
5033.6			1.0
5034.5			1.0
5035.4			1.0
5036.3			1.0
5037.2			1.0168282510848485
5038.1			1.0080824625016769
5039.0			0.9416882596280605
5039.9			0.8444792163780909
5040.8			0.7604545882354511
5041.7			0.7822349642751849
5042.6			0.8966906039995669
5043.5			0.9773259915326299
5044.4			1.0080263774983185
5045.3			1.0
5046.2			1.0
5047.1			1.0
5048.0			1.0
5048.9			1.0
5049.8			1.0
5050.7			1.0
5051.6			1.0
5052.5			1.0
5053.4			1.0
5054.3			1.0
5055.2			1.0
5056.1			1.0
5057.0			1.0
5057.9			1.0
5058.8			1.0
5059.7			1.0
5060.6			1.0227567261676038
5061.5			1.0474114446866645
5062.4			1.0510538765614947
5063.3			1.010441607678601
5064.2			0.9300880146529601
5065.1			0.8904683858481725
5066.0			0.923136469867246
5066.9			0.9520971867990731
5067.8			0.9483787914883319
5068.7			0.9584467474636529
5069.6			1.0028616562673236
5070.5			1.0
5071.4			1.0
5072.3			1.0
5073.2			1.0
5074.1			1.0
5075.0			0.9928975481459342
5075.9			0.9936616387385868
5076.8			1.0262865935312915
5077.7			1.0247681369902586
5078.6			0.9332582250298481
5079.5			0.834383553252002
5080.4			0.8381596203666389
5081.3			0.9189521937334661
5082.2			0.9765196454589196
5083.1			0.9834118191238254
5084.0			0.9994443754222694
5084.9			1.0
5085.8			1.0
5086.7			1.0
5087.6			1.0
5088.5			1.0
5089.4			1.0
5090.3			1.0
5091.2			1.0
5092.1			1.0
5093.0			1.0
5093.9			1.0
5094.8			1.0
5095.7			0.9821700528168938
5096.6			0.9327553319340797
5097.5			0.8696749147861412
5098.4			0.8177007824933982
5099.3			0.8262124161319889
5100.2			0.90973130679163
5101.1			0.9944925907583501
5102.0			1.0
5102.9			1.0
5103.8			0.9694832222582311
5104.7			0.9586314444466872
5105.6			0.9584830134142243
5106.5			0.9378228528068325
5107.4			0.9057431271805508
5108.3			0.9030179057687426
5109.2			0.9021732015365946
5110.1			0.8935248063727529
5111.0			0.9245428100061772
5111.9			0.969997607504125
5112.8			0.9827980798861098
5113.7			1.0
5114.6			0.9962729469968323
5115.5			1.0057928463752324
5116.4			1.0377342952631767
5117.3			1.06716641079031
5118.2			1.074997834624814
5119.1			1.0639926450521762
5120.0			1.0362621055229408
5120.9			1.0022464645259113
5121.8			0.962310062827689
5122.7			0.9106823586614665
5123.6			0.8802567495332108
5124.5			0.8933484604147628
5125.4			0.9218014137427119
5126.3			0.9378934872014274
5127.2			0.9342402364386965
5128.1			0.930483762123185
5129.0			0.9316944620675965
5129.9			0.9459333351416067
5130.8			0.9657934971468353
5131.7			0.9825265027045089
5132.6			0.9992592532814557
5133.5			1.0
5134.4			1.0363378190730803
5135.3			1.053036788882581
5136.2			1.0127693157280742
5137.1			0.969317049126568
5138.0			0.9561460145503995
5138.9			0.940276060062657
5139.8			0.9635970889577804
5140.7			0.9988270007566535
5141.6			0.9613669729924564
5142.5			0.9109186197765043
5143.4			0.9432815598840454
5144.3			0.9908900570738769
5145.2			0.9826314504484651
5146.1			0.9544089596850485
5147.0			0.9388661074338239
5147.9			0.9523865893338861
5148.8			0.9993218688317158
5149.7			1.0253480920167048
5150.6			1.0019612241742917
5151.5			1.0
5152.4			1.0
5153.3			1.0
5154.2			1.0
5155.1			1.0
5156.0			1.0
5156.9			1.0
5157.8			1.0
5158.7			1.0
5159.6			1.0
5160.5			1.0
5161.4			1.0
5162.3			1.0
5163.2			1.0
5164.1			0.981719101781085
5165.0			0.92926741356763
5165.9			0.8569702021627666
5166.8			0.7740956966876118
5167.7			0.7539610800300286
5168.6			0.8403536855405959
5169.5			0.9971495889280332
5170.4			1.078915147767562
5171.3			0.9817284181218975
5172.2			1.0
5173.1			1.0
5174.0			1.0
5174.9			1.0
5175.8			1.0
5176.7			1.0
5177.6			1.0
5178.5			1.0
5179.4			1.0
5180.3			1.0
5181.2			0.9664854952938928
5182.1			0.8481036677927715
5183.0			0.682922533821025
5183.9			0.6525355674122567
5184.8			0.7946632868819147
5185.7			0.9401023735557729
5186.6			0.9986482386205874
5187.5			1.0
5188.4			1.0
5189.3			1.0
5190.2			1.0
5191.1			1.0
5192.0			1.0
5192.9			1.0
5193.8			1.0
5194.7			1.0
5195.6			1.0
5196.5			1.0
5197.4			1.0
5198.3			1.0
5199.2			1.0
5200.1			1.017864610682549
5201.0			1.0184774676444668
5201.9			1.0109553180536184
5202.8			1.0167550468968762
5203.7			0.9929728736009623
5204.6			0.9249069641230263
5205.5			0.8813729402586358
5206.4			0.9051546672235146
5207.3			0.9190418048203641
5208.2			0.8956422780865109
5209.1			0.9227086156588665
5210.0			0.969677371400925
5210.9			1.0006064366433254
5211.8			1.0
5212.7			1.0
5213.6			0.9998225970070409
5214.5			0.9550101595400847
5215.4			0.9028542282514946
5216.3			0.8895401406454604
5217.2			0.9157125407529108
5218.1			0.9622601324786555
5219.0			0.9996426145055588
5219.9			1.0
5220.8			1.0
5221.7			1.0
5222.6			0.978440927868358
5223.5			0.9391472826765861
5224.4			0.8846073182289513
5225.3			0.8207521410025268
5226.2			0.7584298958550937
5227.1			0.770099464296437
5228.0			0.8751345064688506
5228.9			0.9685845298150991
5229.8			1.001728346346609
5230.7			1.0
5231.6			1.0
5232.5			1.0
5233.4			1.0
5234.3			1.0
5235.2			1.0
5236.1			1.0
5237.0			1.0
5237.9			1.0
5238.8			1.0
5239.7			1.0
5240.6			1.0
5241.5			0.9964724583189875
5242.4			0.9745008077364805
5243.3			0.9768777664515088
5244.2			1.0107650780221162
5245.1			1.018757563194359
5246.0			0.9604177437358836
5246.9			0.8896772632341841
5247.8			0.8841320792791193
5248.7			0.89630166061499
5249.6			0.8664211521322239
5250.5			0.8513963296046096
5251.4			0.8871941288138855
5252.3			0.9243865999463777
5253.2			0.9298113009666282
5254.1			0.89373253113969
5255.0			0.8590209980736233
5255.9			0.9062065855618785
5256.8			0.9810795994313423
5257.7			1.0173743054921651
5258.6			1.0193858663697999
5259.5			1.0
5260.4			0.9635486137801275
5261.3			0.9000052618539847
5262.2			0.8315487124361259
5263.1			0.7820246061394762
5264.0			0.7495188985801732
5264.9			0.7214062235347631
5265.8			0.7199187186736761
5266.7			0.7901542763162275
5267.6			0.8492209321566163
5268.5			0.789369729639608
5269.4			0.6915631205096497
5270.3			0.7165320246086683
5271.2			0.8317348949113624
5272.1			0.8896528541756452
5273.0			0.8788314378486854
5273.9			0.859851064858511
5274.8			0.8296621652294505
5275.7			0.8350945222376843
5276.6			0.9137435355252473
5277.5			0.9858152888213169
5278.4			1.0
5279.3			0.9662266719389441
5280.2			0.921823768630067
5281.1			0.8994309488193013
5282.0			0.8882428244979838
5282.9			0.8648721765081087
5283.8			0.8518679844193263
5284.7			0.9070143039062105
5285.6			0.9885157908780077
5286.5			1.0265306793183104
5287.4			1.01695702466016
5288.3			0.9998956553480103
5289.2			1.0
5290.1			1.0
5291.0			1.0
5291.9			1.0
5292.8			1.0
5293.7			1.0
5294.6			1.0117970211878766
5295.5			0.9946933269395145
5296.4			0.9334693111778388
5297.3			0.8671936092746376
5298.2			0.8704243918035552
5299.1			0.9548380575580492
5300.0			1.0101763186675539
5300.9			1.0032391187209395
5301.8			0.9993537459086734
5302.7			1.0
5303.6			1.0
5304.5			1.0
5305.4			1.0
5306.3			1.0
5307.2			1.0
5308.1			1.0
5309.0			1.0
5309.9			1.0
5310.8			1.0
5311.7			1.0
5312.6			1.0
5313.5			1.0
5314.4			1.0
5315.3			1.0
5316.2			1.0
5317.1			1.0
5318.0			1.0
5318.9			1.0
5319.8			1.0
5320.7			1.0
5321.6			1.0
5322.5			1.0
5323.4			1.0
5324.3			1.0
5325.2			1.014029185486262
5326.1			1.0078617553875218
5327.0			0.9121565684932196
5327.9			0.7869555588109959
5328.8			0.7983232310408178
5329.7			0.9142748443544098
5330.6			1.0045848327426259
5331.5			1.0
5332.4			1.0
5333.3			1.0
5334.2			1.0
5335.1			1.0
5336.0			1.0
5336.9			1.0
5337.8			1.0010716944759959
5338.7			0.9799271232630263
5339.6			0.9119839794739156
5340.5			0.8750884561145887
5341.4			0.9203682432212625
5342.3			0.9769873561010141
5343.2			0.9980285900689866
5344.1			1.0
5345.0			1.0
5345.9			1.0
5346.8			1.0
5347.7			1.0
5348.6			1.0
5349.5			1.0
5350.4			1.0
5351.3			1.0
5352.2			1.0
5353.1			1.0
5354.0			1.0
5354.9			1.0
5355.8			1.0
5356.7			1.0
5357.6			1.0
5358.5			1.0
5359.4			1.0
5360.3			1.0
5361.2			1.0
5362.1			1.0
5363.0			1.0
5363.9			1.0
5364.8			1.0
5365.7			1.0
5366.6			1.0
5367.5			0.9884170337554924
5368.4			0.9648189967494055
5369.3			0.9099330144406579
5370.2			0.8519690228240939
5371.1			0.8329059670444957
5372.0			0.8869825278107477
5372.9			0.9546605428290659
5373.8			0.9834079872368646
5374.7			0.995816415697556
5375.6			1.0
5376.5			1.0
5377.4			1.0
5378.3			1.0
5379.2			1.0
5380.1			1.0
5381.0			1.0
5381.9			1.0
5382.8			1.0
5383.7			1.0
5384.6			1.0
5385.5			1.0
5386.4			1.0
5387.3			1.0
5388.2			1.0
5389.1			1.0
5390.0			1.0
5390.9			1.0
5391.8			1.0
5392.7			1.0
5393.6			1.0
5394.5			1.0
5395.4			1.0
5396.3			1.0
5397.2			0.966198603961126
5398.1			1.016617039994055
5399.0			1.0592166799880838
5399.9			1.0517048787164793
5400.8			1.0492297503519568
5401.7			1.0682493802794508
5402.6			1.0483586394677118
5403.5			0.9722317442940767
5404.4			0.8986409827406155
5405.3			0.8621341919372559
5406.2			0.8840771183609962
5407.1			0.9365682492552968
5408.0			0.9683648032169451
5408.9			0.9424717077819029
5409.8			0.9081727991844462
5410.7			0.9298406666113573
5411.6			0.9842213375483433
5412.5			1.00872132163444
5413.4			0.9946577784147396
5414.3			1.0
5415.2			1.0
5416.1			1.0
5417.0			1.0
5417.9			1.0
5418.8			1.0
5419.7			1.0
5420.6			1.0
5421.5			1.0
5422.4			1.0
5423.3			1.0
5424.2			1.0
5425.1			1.0
5426.0			1.0
5426.9			1.0415066873213168
5427.8			1.02438014381507
5428.7			0.9419073792778088
5429.6			0.9016823601497863
5430.5			0.9729131566758823
5431.4			1.0266667895869972
5432.3			1.0100442404913663
5433.2			1.0
5434.1			1.0
5435.0			1.0
5435.9			1.0
5436.8			1.0
5437.7			1.0
5438.6			1.0
5439.5			1.0
5440.4			1.0
5441.3			1.0
5442.2			1.0
5443.1			1.0
5444.0			0.9725988012422448
5444.9			0.9223830751727924
5445.8			0.8633461850358948
5446.7			0.8347970716751069
5447.6			0.8943656970460888
5448.5			0.9680316307778277
5449.4			0.9998598530697448
5450.3			1.0
5451.2			1.0
5452.1			1.0
5453.0			0.9772336788275252
5453.9			0.9336763191212664
5454.8			0.8709757225215002
5455.7			0.8584458366343458
5456.6			0.9224699339687661
5457.5			0.981016978212705
5458.4			0.9975308582336068
5459.3			1.0
5460.2			1.0
5461.1			1.0
5462.0			1.0
5462.9			1.0
5463.8			1.0
5464.7			1.0
5465.6			1.0
5466.5			1.0
5467.4			1.0
5468.3			1.0
5469.2			1.0
5470.1			1.0
5471.0			1.0107202864515379
5471.9			1.01506375782811
5472.8			0.9895642340280439
5473.7			0.9875872285047115
5474.6			1.0068786093670787
5475.5			0.9632279312319004
5476.4			0.8964474917812754
5477.3			0.9319508900655541
5478.2			1.0285500528825173
5479.1			1.0818803600528466
5480.0			1.0462874105175461
5480.9			0.9918011925421116
5481.8			1.003265134455768
5482.7			1.0
5483.6			1.0
5484.5			1.0
5485.4			1.0
5486.3			1.0
5487.2			1.0
5488.1			1.0
5489.0			1.0
5489.9			1.0
5490.8			1.0
5491.7			1.0
5492.6			1.0
5493.5			1.0
5494.4			1.0
5495.3			1.0
5496.2			1.0
5497.1			1.0
5498.0			1.0
5498.9			1.0
5499.8			1.0
5500.7			1.0
5501.6			1.0
5502.5			1.0
5503.4			1.0
5504.3			1.0
5505.2			1.0
5506.1			1.0
5507.0			1.0100365846538593
5507.9			1.0415583126026875
5508.8			1.0361625221534954
5509.7			1.0146259720298292
5510.6			0.9970187774832568
5511.5			0.955132710303842
5512.4			0.9209124720546575
5513.3			0.929080980120898
5514.2			0.9465960872920395
5515.1			0.9637951853915068
5516.0			0.9650266804961594
5516.9			0.9680341952290276
5517.8			0.9938015987476525
5518.7			1.0
5519.6			1.0
5520.5			1.0
5521.4			1.0
5522.3			1.0
5523.2			1.0
5524.1			0.9924212665473188
5525.0			0.973714697294287
5525.9			0.9593628472973529
5526.8			0.9374020216201094
5527.7			0.9116649666768828
5528.6			0.9187975551172772
5529.5			0.9653830356637291
5530.4			0.9970890372008978
5531.3			0.9996266886963837
5532.2			1.0
5533.1			1.0
5534.0			1.0
5534.9			1.0
5535.8			1.0
5536.7			1.0
5537.6			1.0
5538.5			1.0
5539.4			1.0
5540.3			1.0
5541.2			1.0
5542.1			1.0
5543.0			1.0
5543.9			1.0
5544.8			1.0
5545.7			1.0
5546.6			1.0
5547.5			1.0
5548.4			1.0
5549.3			1.0
5550.200000000001			1.0
5551.1			1.0
5552.0			1.0
5552.9			1.0
5553.8			1.0
5554.700000000001			1.0
5555.6			1.0
5556.5			1.0
5557.4			1.0
5558.3			1.0
5559.200000000001			1.0
5560.1			1.0
5561.0			1.0
5561.9			1.0
5562.8			1.0
5563.700000000001			1.0
5564.6			1.0
5565.5			1.0
5566.4			1.0
5567.3			1.0
5568.200000000001			1.0
5569.1			1.0
5570.0			1.0
5570.9			1.0
5571.8			1.0
5572.700000000001			1.0
5573.6			1.0
5574.5			1.0
5575.4			1.0
5576.3			1.0
5577.200000000001			1.0
5578.1			1.0
5579.0			0.9948030473161344
5579.9			1.00527648071966
5580.8			1.0074634041364523
5581.700000000001			0.9948746918902175
5582.6			0.9877744815075321
5583.5			0.9884916697563053
5584.4			0.9792214827800351
5585.3			0.9568552712015104
5586.200000000001			0.9123930398928047
5587.1			0.8697057112617291
5588.0			0.8549085069526301
5588.9			0.8613878243180765
5589.8			0.8888139470757316
5590.700000000001			0.9251395160706642
5591.6			0.9406908899537684
5592.5			0.933872933537869
5593.4			0.9210650813723259
5594.3			0.9173321741841548
5595.200000000001			0.9559965106772934
5596.1			1.0
5597.0			0.9945356742395279
5597.9			0.9478336831526522
5598.8			0.9170640482430001
5599.700000000001			0.9172474127273152
5600.6			0.9016112584832876
5601.5			0.8757138657561997
5602.4			0.8689180254872467
5603.3			0.8943747161947564
5604.200000000001			0.9505623157868032
5605.1			0.9963908053049886
5606.0			1.0086077429382285
5606.9			1.0045848829101554
5607.8			0.9984297885295816
5608.700000000001			1.0
5609.6			1.0
5610.5			1.0
5611.4			1.0
5612.3			1.0
5613.200000000001			0.9974511855038599
5614.1			0.9423941713209272
5615.0			0.8692248543698681
5615.9			0.8673376275801886
5616.8			0.9398845634081263
5617.700000000001			0.9970551337822658
5618.6			1.005073225439215
5619.5			1.0
5620.4			1.0
5621.3			1.0
5622.200000000001			1.0
5623.1			1.0
5624.0			1.0
5624.9			1.0
5625.8			1.0
5626.700000000001			1.0
5627.6			1.0
5628.5			1.0
5629.4			1.0
5630.3			1.0
5631.200000000001			1.0
5632.1			1.0
5633.0			1.0
5633.9			1.0
5634.8			1.0
5635.700000000001			1.0
5636.6			1.0
5637.5			1.0
5638.4			1.0
5639.3			1.0
5640.200000000001			1.0
5641.1			1.0
5642.0			1.0
5642.9			1.0
5643.8			1.0
5644.700000000001			1.0
5645.6			1.0
5646.5			1.0
5647.4			1.0
5648.3			1.0
5649.200000000001			1.0
5650.1			1.0
5651.0			1.0
5651.9			1.0205343526873243
5652.8			1.019031853296476
5653.700000000001			0.9919958733698434
5654.6			0.956974093823984
5655.5			0.9631138117698678
5656.4			0.9863926826719868
5657.3			0.9492759764721498
5658.200000000001			0.8819336627194978
5659.1			0.8860903045813511
5660.0			0.9423723749333804
5660.9			0.9636978750828539
5661.8			0.9427140632778074
5662.700000000001			0.9349615098558857
5663.6			0.965683500590111
5664.5			0.999917442425051
5665.4			1.0
5666.3			1.0
5667.200000000001			1.0
5668.1			1.0
5669.0			1.0
5669.9			1.0
5670.8			1.0
5671.700000000001			1.0
5672.6			1.0
5673.5			1.0
5674.4			1.0
5675.3			1.0
5676.200000000001			1.0
5677.1			1.0
5678.0			1.0
5678.9			1.0
5679.8			1.0
5680.700000000001			1.0
5681.6			1.0
5682.5			1.0
5683.4			1.0
5684.3			1.0
5685.200000000001			1.0
5686.1			1.0
5687.0			1.0
5687.9			1.0
5688.8			1.0
5689.700000000001			1.0
5690.6			1.0
5691.5			1.0
5692.4			1.0
5693.3			1.0
5694.200000000001			1.0
5695.1			1.0
5696.0			1.0
5696.9			1.0
5697.8			1.0
5698.700000000001			1.0
5699.6			1.0
5700.5			0.9811936698988118
5701.4			0.9529932899220762
5702.3			0.9528605463288462
5703.200000000001			0.9749173243011168
5704.1			0.9923856142712627
5705.0			0.9842478058250814
5705.9			0.9463911018742212
5706.8			0.9154885564231157
5707.700000000001			0.8982333094766103
5708.6			0.8800492698590826
5709.5			0.884294636960798
5710.4			0.9031094121530445
5711.3			0.8953566147584663
5712.200000000001			0.9026153447072242
5713.1			0.9510424778170288
5714.0			0.9820779113894558
5714.9			0.9849901084430935
5715.8			0.9941053998560738
5716.700000000001			0.9995477850083544
5717.6			1.0
5718.5			1.0
5719.4			1.0
5720.3			1.0
5721.200000000001			1.0
5722.1			1.0
5723.0			1.0
5723.9			1.0
5724.8			1.0
5725.700000000001			1.0
5726.6			1.0
5727.5			1.0
5728.4			1.0
5729.3			1.0
5730.200000000001			1.0
5731.1			1.0
5732.0			1.0
5732.9			1.0
5733.8			1.0
5734.700000000001			1.0
5735.6			1.0
5736.5			1.0
5737.4			1.0
5738.3			1.0
5739.200000000001			1.0
5740.1			1.0
5741.0			1.0
5741.9			1.0
5742.8			1.0
5743.700000000001			1.0
5744.6			1.0
5745.5			1.0
5746.4			1.0
5747.3			1.0
5748.200000000001			1.0
5749.1			1.0
5750.0			1.0
5750.9			1.011259879449504
5751.8			0.9825767383344136
5752.700000000001			0.9301972666750469
5753.6			0.8933237126310862
5754.5			0.900719473382432
5755.4			0.9524038343117408
5756.3			0.9991088610315176
5757.200000000001			1.0
5758.1			1.0
5759.0			1.0
5759.9			1.0
5760.8			1.0
5761.700000000001			1.0
5762.6			1.0
5763.5			1.0
5764.4			1.0
5765.3			1.0
5766.200000000001			1.0
5767.1			1.0
5768.0			1.0
5768.9			1.0
5769.8			1.0
5770.700000000001			1.0
5771.6			1.0
5772.5			1.0
5773.4			1.0
5774.3			0.990162142816367
5775.200000000001			0.9886937847071119
5776.1			1.0097036877891306
5777.0			1.0221729255920755
5777.9			1.0166069649022327
5778.8			0.9965822038747767
5779.700000000001			0.9568502187601083
5780.6			0.902564503690163
5781.5			0.8721088736822528
5782.4			0.8860970910471463
5783.3			0.9148327763508206
5784.200000000001			0.9100565119646057
5785.1			0.8943746018643562
5786.0			0.9181213452570951
5786.9			0.9604538003302873
5787.8			0.9865075642325873
5788.700000000001			1.0004407635717492
5789.6			1.0
5790.5			1.0
5791.4			1.0
5792.3			1.0
5793.200000000001			1.0
5794.1			1.0
5795.0			1.0
5795.9			1.0
5796.8			1.0
5797.700000000001			1.0
5798.6			1.0
5799.5			1.0
5800.4			1.0
5801.3			1.0
5802.200000000001			1.0
5803.1			1.0
5804.0			1.0
5804.9			1.0
5805.8			1.0
5806.700000000001			1.0
5807.6			1.0
5808.5			1.0
5809.4			1.0
5810.3			1.0
5811.200000000001			1.0
5812.1			1.0
5813.0			1.0
5813.9			1.0
5814.8			1.0
5815.700000000001			1.0
5816.6			1.0
5817.5			1.0
5818.4			1.0
5819.3			1.0
5820.200000000001			1.0
5821.1			1.0
5822.0			1.0
5822.9			1.0
5823.8			1.0
5824.700000000001			1.0
5825.6			1.0
5826.5			1.0
5827.4			1.0
5828.3			1.0
5829.200000000001			1.0
5830.1			1.0
5831.0			1.0
5831.9			1.0
5832.8			1.0
5833.700000000001			1.0
5834.6			1.0
5835.5			1.0
5836.4			1.0
5837.3			1.0
5838.200000000001			1.0
5839.1			1.0
5840.0			1.0
5840.9			1.0
5841.8			1.0
5842.700000000001			1.0
5843.6			1.0
5844.5			1.0
5845.4			1.0
5846.3			1.0
5847.200000000001			1.0
5848.1			1.0
5849.0			1.0
5849.9			1.0
5850.8			1.0016686937812225
5851.700000000001			0.9830057146233419
5852.6			0.947258548858488
5853.5			0.9235497661278144
5854.4			0.9372596667430932
5855.3			0.9591748769855808
5856.200000000001			0.9482171706274417
5857.1			0.915727602111653
5858.0			0.9051081373082038
5858.9			0.9273413326925142
5859.8			0.9559327778203474
5860.700000000001			0.978476930049341
5861.6			0.9816576474202466
5862.5			0.9753321155831537
5863.4			0.9838142952876223
5864.3			0.9998738299439558
5865.200000000001			0.9997993849344672
5866.1			1.0
5867.0			1.0
5867.9			1.0
5868.8			1.0
5869.700000000001			1.0
5870.6			1.0
5871.5			1.0
5872.4			1.0
5873.3			1.0
5874.200000000001			1.0
5875.1			1.0
5876.0			1.0
5876.9			1.0
5877.8			1.0
5878.700000000001			1.0
5879.6			1.0
5880.5			1.0
5881.4			1.0
5882.3			1.0
5883.200000000001			1.0
5884.1			1.0
5885.0			1.0
5885.9			1.0
5886.8			1.0052690149360548
5887.700000000001			0.9682755616594458
5888.6			0.8680505360019616
5889.5			0.7509107671280878
5890.4			0.7438533889166273
5891.3			0.8521439159589498
5892.200000000001			0.948219510428953
5893.1			0.9982984137598744
5894.0			1.010671976429008
5894.9			1.0
5895.8			1.0
5896.700000000001			1.0
5897.6			1.0
5898.5			1.0
5899.4			1.0
5900.3			1.0
5901.200000000001			1.0
5902.1			1.0
5903.0			1.0
5903.9			1.0
5904.8			1.0
5905.700000000001			1.0
5906.6			1.0
5907.5			1.0
5908.4			1.0
5909.3			1.0
5910.200000000001			1.0
5911.1			1.0
5912.0			1.0
5912.9			1.0
5913.8			1.0
5914.700000000001			1.0
5915.6			1.0
5916.5			1.0
5917.4			1.0
5918.3			1.0
5919.200000000001			1.0
5920.1			1.0
5921.0			1.0
5921.9			1.0
5922.8			1.0
5923.700000000001			1.0
5924.6			1.0
5925.5			1.0
5926.4			1.0
5927.3			1.0
5928.200000000001			1.0
5929.1			1.0
5930.0			1.0
5930.9			1.0
5931.8			1.0
5932.700000000001			1.0
5933.6			1.0
5934.5			1.0
5935.4			1.0
5936.3			1.0
5937.200000000001			1.0
5938.1			1.0
5939.0			1.0
5939.9			1.0
5940.8			1.0
5941.700000000001			1.0
5942.6			1.0
5943.5			1.0
5944.4			1.0
5945.3			1.0
5946.200000000001			1.0
5947.1			1.0
5948.0			1.0
5948.9			1.0
5949.8			1.0
5950.700000000001			1.0
5951.6			1.0
5952.5			1.0
5953.4			1.0
5954.3			1.0
5955.200000000001			1.0
5956.1			1.0
5957.0			1.0
5957.9			1.0
5958.8			1.0
5959.700000000001			1.0
5960.6			1.0
5961.5			1.0
5962.4			1.0
5963.3			1.0
5964.200000000001			1.0
5965.1			1.0
5966.0			1.0
5966.9			1.0
5967.8			1.0
5968.700000000001			1.0
5969.6			1.0
5970.5			1.0
5971.4			1.0
5972.3			1.0
5973.200000000001			1.0
5974.1			1.0
5975.0			1.0
5975.9			1.0
5976.8			1.0
5977.700000000001			1.0
5978.6			1.0
5979.5			1.0
5980.4			1.0
5981.3			1.0
5982.200000000001			1.0
5983.1			1.0
5984.0			1.0
5984.9			1.0
5985.8			1.0
5986.700000000001			1.0
5987.6			1.0
5988.5			1.0
5989.4			1.0
5990.3			1.0
5991.200000000001			1.0
5992.1			1.0
5993.0			1.0
5993.9			1.0
5994.8			1.0
5995.700000000001			1.0
5996.6			1.0
5997.5			1.0
5998.4			1.0
5999.3			1.0
6000.200000000001			1.0
6001.1			1.0
6002.0			1.0
6002.9			1.0
6003.8			1.0
6004.700000000001			1.006792179503917
6005.6			0.9940945977130089
6006.5			0.9761438352176184
6007.4			0.9445717413417317
6008.3			0.9340568456773402
6009.200000000001			0.9714058921732039
6010.1			1.0100214208333838
6011.0			1.0179490844129655
6011.9			0.9993898046947884
6012.8			1.0
6013.700000000001			1.0
6014.6			1.0
6015.5			1.0
6016.4			1.0
6017.3			1.0
6018.200000000001			1.0
6019.1			1.0
6020.0			1.0
6020.9			1.0
6021.8			1.0
6022.700000000001			1.0
6023.6			1.0
6024.5			1.0
6025.4			1.0
6026.3			1.0
6027.200000000001			1.0
6028.1			1.0
6029.0			1.0
6029.9			1.0
6030.8			1.0
6031.700000000001			1.0
6032.6			1.0
6033.5			1.0
6034.4			1.0
6035.3			1.0
6036.200000000001			1.0
6037.1			1.0
6038.0			1.0
6038.9			1.0
6039.8			1.0
6040.700000000001			1.0
6041.6			1.0
6042.5			1.0
6043.4			1.0
6044.3			1.0
6045.200000000001			1.0
6046.1			1.0
6047.0			1.0
6047.9			1.0
6048.8			1.0
6049.700000000001			1.0
6050.6			1.0
6051.5			1.0
6052.4			1.0
6053.3			1.0
6054.200000000001			1.0
6055.1			1.0
6056.0			1.0
6056.9			1.0
6057.8			1.0
6058.700000000001			1.0
6059.6			1.0
6060.5			1.0
6061.4			1.0
6062.3			1.0
6063.200000000001			1.0
6064.1			1.0
6065.0			1.0
6065.9			1.0
6066.8			1.0
6067.700000000001			1.0
6068.6			1.0
6069.5			1.0
6070.4			1.0
6071.3			1.0
6072.200000000001			1.0
6073.1			1.0
6074.0			1.0
6074.9			1.0
6075.8			1.0
6076.700000000001			1.0
6077.6			1.0
6078.5			1.0
6079.4			1.0
6080.3			1.0
6081.200000000001			1.0
6082.1			1.0
6083.0			1.0
6083.9			1.0
6084.8			1.0
6085.700000000001			1.0
6086.6			1.0
6087.5			1.0
6088.4			1.0
6089.3			1.0
6090.200000000001			1.0
6091.1			1.0
6092.0			1.0
6092.9			1.0
6093.8			1.0
6094.700000000001			1.0
6095.6			1.0
6096.5			1.0
6097.4			1.0
6098.3			1.0
6099.200000000001			1.0
6100.1			1.0087425515317647
6101.0			0.9859267476164885
6101.9			0.9243349352446079
6102.8			0.8850555141758475
6103.700000000001			0.9209177786943573
6104.6			0.9780758229759589
6105.5			1.0013637441544314
6106.4			1.0
6107.3			1.0
6108.200000000001			1.0
6109.1			1.0
6110.0			1.0
6110.9			1.0
6111.8			1.0
6112.700000000001			1.0
6113.6			1.0
6114.5			1.0
6115.4			1.0
6116.3			1.0
6117.200000000001			1.0
6118.1			1.0
6119.0			1.0
6119.9			1.0
6120.8			1.0
6121.700000000001			1.0
6122.6			1.0
6123.5			1.0
6124.4			1.0
6125.3			1.0
6126.200000000001			1.0
6127.1			1.0
6128.0			1.0
6128.9			1.0
6129.8			1.0
6130.700000000001			1.0
6131.6			1.0
6132.5			1.0
6133.4			1.0
6134.3			0.9952779481378699
6135.200000000001			0.9531811203442224
6136.1			0.8765509747449003
6137.0			0.8197603843881599
6137.9			0.8557140070296511
6138.8			0.947441927057811
6139.700000000001			1.0006138763553194
6140.6			1.0
6141.5			1.0
6142.4			1.0
6143.3			1.0
6144.200000000001			1.0
6145.1			1.0
6146.0			1.0
6146.9			1.0
6147.8			1.0
6148.700000000001			1.0
6149.6			1.0
6150.5			1.0
6151.4			1.0
6152.3			1.0
6153.200000000001			1.0
6154.1			1.0
6155.0			1.0
6155.9			1.0
6156.8			1.0
6157.700000000001			1.0
6158.6			1.007734496911819
6159.5			1.0033556381254263
6160.4			0.9576111508774415
6161.3			0.8981594382136333
6162.200000000001			0.8731802851935687
6163.1			0.8933563889740223
6164.0			0.9398566499736267
6164.9			0.9824013500606696
6165.8			1.0007984226659332
6166.700000000001			1.0
6167.6			1.0
6168.5			1.0
6169.4			1.0
6170.3			1.0
6171.200000000001			1.0
6172.1			1.0
6173.0			1.0
6173.9			1.0
6174.8			1.0
6175.700000000001			1.0
6176.6			1.0
6177.5			1.0
6178.4			1.0
6179.3			1.0
6180.200000000001			1.0
6181.1			1.0
6182.0			1.0
6182.9			1.0
6183.8			1.0
6184.700000000001			1.0
6185.6			1.0
6186.5			1.0
6187.4			1.0
6188.3			1.0
6189.200000000001			1.0
6190.1			0.9743205318924327
6191.0			0.9133203812859956
6191.9			0.9085322467775971
6192.8			0.9647961346089284
6193.700000000001			1.0025597985133168
6194.6			1.0
6195.5			1.0
6196.4			1.0
6197.3			1.0
6198.200000000001			1.0
6199.1			1.0
6200.0			1.0
6200.9			1.0
6201.8			1.0
6202.700000000001			1.0
6203.6			1.0
6204.5			1.0
6205.4			1.0
6206.3			1.0
6207.200000000001			1.0
6208.1			1.0
6209.0			1.0
6209.9			1.0
6210.8			1.0
6211.700000000001			1.0
6212.6			1.0
6213.5			1.0
6214.4			1.0
6215.3			1.0
6216.200000000001			1.0
6217.1			1.0
6218.0			1.0
6218.9			1.0
6219.8			1.0
6220.700000000001			1.0
6221.6			1.0
6222.5			1.0
6223.4			1.0
6224.3			1.0
6225.200000000001			1.0
6226.1			1.0
6227.0			1.0000305526093376
6227.9			1.0039645256593244
6228.8			0.9802064687619247
6229.700000000001			0.9280611023568722
6230.6			0.8954946320495173
6231.5			0.909224266146909
6232.4			0.9359784176790458
6233.3			0.9666412174905102
6234.200000000001			1.0000320509862233
6235.1			1.0
6236.0			1.0
6236.9			1.0
6237.8			1.0
6238.700000000001			1.0
6239.6			1.0
6240.5			1.0
6241.4			1.0
6242.3			1.0
6243.200000000001			1.0
6244.1			1.0
6245.0			1.0
6245.9			1.0
6246.8			1.0
6247.700000000001			1.0
6248.6			1.0217107406625097
6249.5			1.0243067943105073
6250.4			1.016129942394295
6251.3			0.9854533698187049
6252.200000000001			0.9409961939584237
6253.1			0.9201291795251012
6254.0			0.9231287683228789
6254.9			0.9322231808339797
6255.8			0.9283173049095669
6256.700000000001			0.9227380048569781
6257.6			0.917976572266296
6258.5			0.9114356222702996
6259.4			0.929551223826097
6260.3			0.9561084766029874
6261.200000000001			0.9671154241187568
6262.1			0.981730414333103
6263.0			0.9933871327683962
6263.9			0.9794663466993729
6264.8			0.9523584492407187
6265.700000000001			0.9553992302407144
6266.6			0.9830899653418026
6267.5			1.0006115347330866
6268.4			0.9985612048849053
6269.3			1.0
6270.200000000001			1.0
6271.1			1.0
6272.0			1.0
6272.9			1.0
6273.8			1.0
6274.700000000001			1.0
6275.6			1.0
6276.5			1.0
6277.4			1.0
6278.3			1.0
6279.200000000001			1.0
6280.1			1.0
6281.0			1.0
6281.9			1.0
6282.8			1.0
6283.700000000001			1.0
6284.6			1.0
6285.5			1.0
6286.4			1.0
6287.3			1.0
6288.200000000001			1.0
6289.1			1.0
6290.0			1.0
6290.9			1.0
6291.8			1.0
6292.700000000001			1.0
6293.6			1.0
6294.5			1.0
6295.4			0.9950816022124246
6296.3			0.9728382194618833
6297.200000000001			0.9486449080338194
6298.1			0.9426212850182024
6299.0			0.9511314766534016
6299.9			0.948089139594569
6300.8			0.9244505139369203
6301.700000000001			0.9044011798559346
6302.6			0.9214608621984833
6303.5			0.9561501046605924
6304.4			0.9746034778534445
6305.3			0.9814738939176975
6306.200000000001			0.9896967800036754
6307.1			0.9970663998241877
6308.0			0.9997781942399594
6308.9			1.0
6309.8			1.0
6310.700000000001			1.0
6311.6			0.9943718095943169
6312.5			1.000659342018041
6313.4			0.993442087790731
6314.3			0.9574441119727346
6315.200000000001			0.9298132232787121
6316.1			0.9379992858035223
6317.0			0.9393937184106582
6317.9			0.9135397826418462
6318.8			0.9057226282819395
6319.700000000001			0.9243273605956641
6320.6			0.9457304447687471
6321.5			0.9563105360133474
6322.4			0.9534140042504582
6323.3			0.9622719508673789
6324.200000000001			0.9854397944784773
6325.1			0.9989486244134795
6326.0			0.9996640956823116
6326.9			1.0
6327.8			1.0
6328.700000000001			1.0
6329.6			1.0
6330.5			1.0
6331.4			1.0
6332.3			1.0
6333.200000000001			1.0
6334.1			1.0
6335.0			1.0
6335.9			1.0
6336.8			1.0
6337.700000000001			1.0
6338.6			1.0
6339.5			1.0
6340.4			1.0
6341.3			1.0
6342.200000000001			1.0
6343.1			1.0
6344.0			1.0
6344.9			1.0
6345.8			1.0
6346.700000000001			1.0
6347.6			1.0
6348.5			1.0
6349.4			1.0
6350.3			1.0
6351.200000000001			1.0
6352.1			1.0
6353.0			1.0
6353.9			1.0
6354.8			0.9749887806732233
6355.700000000001			0.9811562055266978
6356.6			1.0006144419385372
6357.5			0.9885028056552486
6358.4			0.9540179653806076
6359.3			0.946520967779885
6360.200000000001			0.9584550168731066
6361.1			0.9516632793733258
6362.0			0.9325044722139286
6362.9			0.9283516930100002
6363.8			0.943793501879548
6364.700000000001			0.9668883836780973
6365.6			0.9863416337637905
6366.5			0.9969963950922185
6367.4			1.0057312480679674
6368.3			1.01271896002237
6369.200000000001			1.0098137094032853
6370.1			0.998837845748879
6371.0			0.9997497302686665
6371.9			1.0
6372.8			1.0
6373.700000000001			1.0
6374.6			1.0
6375.5			1.0
6376.4			1.0
6377.3			1.0
6378.200000000001			1.0
6379.1			1.0
6380.0			1.0
6380.9			1.0
6381.8			1.0
6382.700000000001			1.0
6383.6			1.0
6384.5			1.0
6385.4			1.0
6386.3			1.0
6387.200000000001			1.0
6388.1			1.0
6389.0			1.0
6389.9			1.0
6390.8			1.0
6391.700000000001			1.0
6392.6			1.0
6393.5			1.0
6394.4			1.0
6395.3			1.0
6396.200000000001			1.0
6397.1			1.0
6398.0			0.9947860485526555
6398.9			0.9585441812832401
6399.8			0.9127606281021304
6400.700000000001			0.9264689783482525
6401.6			0.993769290418795
6402.5			1.0
6403.4			1.0
6404.3			1.0
6405.200000000001			1.0
6406.1			1.0
6407.0			1.0
6407.9			1.0
6408.8			1.0
6409.700000000001			1.0
6410.6			1.0
6411.5			1.0
6412.4			1.0
6413.3			1.0
6414.200000000001			1.0
6415.1			1.0
6416.0			1.0
6416.9			1.0
6417.8			0.9985239152341691
6418.700000000001			0.9829126497556903
6419.6			0.9474478127281105
6420.5			0.9181348942725244
6421.4			0.9226684369671383
6422.3			0.9603624022656193
6423.200000000001			1.0005323665101664
6424.1			1.0
6425.0			1.0
6425.9			1.0
6426.8			1.0
6427.700000000001			1.0
6428.6			1.0
6429.5			1.0
6430.4			1.0
6431.3			1.0
6432.200000000001			1.0
6433.1			1.0
6434.0			1.0
6434.9			1.0
6435.8			1.0
6436.700000000001			1.0
6437.6			1.0
6438.5			1.0
6439.4			1.0
6440.3			1.0
6441.200000000001			1.0
6442.1			1.0
6443.0			1.0
6443.9			1.0
6444.8			1.0
6445.700000000001			1.0
6446.6			1.0
6447.5			0.9916902390086297
6448.4			0.9491990999350404
6449.3			0.8849449153083486
6450.200000000001			0.8624894237439112
6451.1			0.9117470858050934
6452.0			0.9737696267869801
6452.9			1.0030719435251945
6453.8			1.0
6454.700000000001			1.0
6455.6			1.0
6456.5			1.0
6457.4			1.0
6458.3			1.0
6459.200000000001			1.0
6460.1			1.0
6461.0			0.982853349458417
6461.9			0.9367065739462115
6462.8			0.9078647659115355
6463.700000000001			0.9417952157382502
6464.6			0.9927093578925245
6465.5			1.0
6466.4			1.0
6467.3			1.0
6468.200000000001			1.0
6469.1			1.0
6470.0			1.0
6470.9			1.0
6471.8			1.0
6472.700000000001			1.0
6473.6			1.0
6474.5			1.0
6475.4			1.0
6476.3			1.0
6477.200000000001			1.0
6478.1			1.0
6479.0			1.0
6479.9			1.0
6480.8			1.0
6481.700000000001			1.0
6482.6			1.0
6483.5			1.0
6484.4			1.0
6485.3			1.0
6486.200000000001			1.0
6487.1			1.0
6488.0			1.0
6488.9			0.9967384800760011
6489.8			0.985225173288057
6490.700000000001			0.971987492823582
6491.6			0.9609278462940275
6492.5			0.9442627067213734
6493.4			0.9024957657476222
6494.3			0.8474241772416956
6495.200000000001			0.8251318496771652
6496.1			0.8363405572243054
6497.0			0.8651100800843093
6497.9			0.9049553884591506
6498.8			0.9247485439116417
6499.700000000001			0.9403307345189069
6500.6			0.9756441952881656
6501.5			1.0010472778103372
6502.4			1.0
6503.3			1.0
6504.200000000001			1.0
6505.1			1.0
6506.0			1.0
6506.9			1.0
6507.8			1.0
6508.700000000001			1.0
6509.6			1.0
6510.5			1.0
6511.4			1.0
6512.3			1.0
6513.200000000001			1.0
6514.1			1.0
6515.0			1.0
6515.9			1.0
6516.8			1.0
6517.700000000001			1.0
6518.6			1.0
6519.5			1.0
6520.4			1.0
6521.3			1.0
6522.200000000001			1.0
6523.1			1.0
6524.0			1.0
6524.9			1.0
6525.8			1.0
6526.700000000001			1.0
6527.6			1.0
6528.5			1.0
6529.4			1.0
6530.3			1.0
6531.200000000001			1.0
6532.1			1.0
6533.0			1.0
6533.9			1.0
6534.8			1.0
6535.700000000001			1.0
6536.6			1.0
6537.5			1.0
6538.4			1.0
6539.3			1.0
6540.200000000001			1.0
6541.1			1.0
6542.0			1.0
6542.9			1.0
6543.8			1.0
6544.700000000001			1.0
6545.6			1.0
6546.5			1.0
6547.4			1.0
6548.3			1.0
6549.200000000001			1.0
6550.1			1.0
6551.0			1.0
6551.9			1.0
6552.8			1.0
6553.700000000001			1.0
6554.6			1.0
6555.5			1.0
6556.4			1.0
6557.3			1.0
6558.200000000001			1.0
6559.1			1.0
6560.0			0.9733777124937962
6560.9			0.9061033677993866
6561.8			0.7599727543608503
6562.700000000001			0.6222159531773678
6563.6			0.6721284176879188
6564.5			0.8597097904083267
6565.4			0.9979940071192888
6566.3			1.0
6567.200000000001			1.0
6568.1			1.0
6569.0			1.0
6569.9			1.0
6570.8			1.0
6571.700000000001			1.0
6572.6			1.0
6573.5			1.0
6574.4			1.0
6575.3			1.0
6576.200000000001			1.0
6577.1			1.0
6578.0			1.0
6578.9			1.0
6579.8			1.0
6580.700000000001			1.0
6581.6			1.0
6582.5			1.0
6583.4			1.0
6584.3			1.0
6585.200000000001			1.0
6586.1			1.0
6587.0			1.0
6587.9			1.0
6588.8			1.0
6589.700000000001			1.0
6590.6			1.0022661546461697
6591.5			0.976633425703076
6592.4			0.9266603752561365
6593.3			0.8940912595163111
6594.200000000001			0.9202779125316218
6595.1			0.9706773742540287
6596.0			1.0003626791732485
6596.9			1.0
6597.8			1.0
6598.700000000001			1.0
6599.6			1.0
6600.5			1.0
6601.4			1.0
6602.3			1.0
6603.200000000001			1.0
6604.1			1.0
6605.0			1.0
6605.9			1.0
6606.8			1.0
6607.700000000001			1.0
6608.6			1.0
6609.5			1.0
6610.4			1.0
6611.3			1.0
6612.200000000001			1.0
6613.1			1.0
6614.0			1.0
6614.9			1.0
6615.8			1.0
6616.700000000001			1.0
6617.6			1.001756589520768
6618.5			1.008996169313167
6619.4			1.0190546746326479
6620.3			1.0281744113922222
6621.200000000001			1.0350179021991501
6622.1			1.0331126442988963
6623.0			1.0260095744534754
6623.9			1.0105751922764632
6624.8			0.9992830097429467
6625.700000000001			1.0
6626.6			1.0
6627.5			1.0
6628.4			1.0
6629.3			1.0
6630.200000000001			1.0
6631.1			1.0
6632.0			1.0
6632.9			1.0
6633.8			1.0
6634.700000000001			1.0
6635.6			1.0
6636.5			1.0
6637.4			1.0
6638.3			1.0
6639.200000000001			1.0
6640.1			1.0
6641.0			1.0
6641.9			1.0
6642.8			1.0
6643.700000000001			1.0
6644.6			1.0
6645.5			1.0
6646.4			1.0
6647.3			1.0
6648.200000000001			1.0
6649.1			1.0
6650.0			1.0
6650.9			1.0
6651.8			1.0
6652.700000000001			1.0
6653.6			1.0
6654.5			1.0
6655.4			1.0
6656.3			1.0
6657.200000000001			1.0
6658.1			1.0
6659.0			1.0
6659.9			1.0
6660.8			1.0
6661.700000000001			1.0
6662.6			1.0
6663.5			1.0
6664.4			1.0
6665.3			1.0
6666.200000000001			1.0
6667.1			1.0
6668.0			1.0
6668.9			1.0
6669.8			1.0
6670.700000000001			1.0
6671.6			1.0
6672.5			1.0
6673.4			1.0
6674.3			1.0
6675.200000000001			1.0
6676.1			1.0
6677.0			1.0
6677.9			1.0
6678.8			1.0
6679.700000000001			1.0
6680.6			1.0
6681.5			1.0
6682.4			1.0
6683.3			1.0
6684.200000000001			1.0
6685.1			1.0
6686.0			1.0
6686.9			1.0
6687.8			1.0
6688.700000000001			1.0
6689.6			1.0
6690.5			1.0
6691.4			1.0
6692.3			1.0
6693.200000000001			1.0
6694.1			1.0
6695.0			1.0
6695.9			1.0
6696.8			1.0
6697.700000000001			1.0
6698.6			1.0
6699.5			1.0
6700.4			1.0
6701.3			1.0
6702.200000000001			1.0
6703.1			1.0
6704.0			1.0
6704.9			1.0
6705.8			1.0
6706.700000000001			1.0
6707.6			1.0
6708.5			1.0
6709.4			1.0
6710.3			1.0
6711.200000000001			1.0
6712.1			1.0
6713.0			1.0
6713.9			1.0
6714.8			1.0
6715.700000000001			1.0
6716.6			1.0
6717.5			1.0
6718.4			1.0
6719.3			1.0
6720.200000000001			1.0
6721.1			1.0
6722.0			1.0
6722.9			1.0
6723.8			1.0
6724.700000000001			1.0
6725.6			1.0
6726.5			1.0
6727.4			1.0
6728.3			1.0
6729.200000000001			1.0
6730.1			1.0
6731.0			1.0
6731.9			1.0
6732.8			1.0
6733.700000000001			1.0
6734.6			1.0
6735.5			1.0
6736.4			1.0
6737.3			1.0
6738.200000000001			1.0
6739.1			1.0
6740.0			1.0
6740.9			1.0
6741.8			1.0
6742.700000000001			1.0
6743.6			1.0
6744.5			1.0
6745.4			1.0
6746.3			1.0
6747.200000000001			1.0
6748.1			1.0
6749.0			1.0
6749.9			1.0
6750.8			1.0
6751.700000000001			1.0
6752.6			1.0
6753.5			1.0
6754.4			1.0
6755.3			1.0
6756.200000000001			1.0
6757.1			1.0
6758.0			1.0
6758.9			1.0
6759.8			1.0
6760.700000000001			1.0
6761.6			1.0
6762.5			1.0
6763.4			1.0
6764.3			1.0
6765.200000000001			1.0
6766.1			1.0
6767.0			1.0
6767.9			1.0
6768.8			1.0
6769.700000000001			1.0
6770.6			1.0
6771.5			1.0
6772.4			1.0
6773.3			1.0
6774.200000000001			1.0
6775.1			1.0
6776.0			1.0
6776.9			1.0
6777.8			1.0
6778.700000000001			1.0
6779.6			1.0
6780.5			1.0
6781.4			1.0
6782.3			1.0
6783.200000000001			1.0
6784.1			1.0
6785.0			1.0
6785.9			1.0
6786.8			1.0
6787.700000000001			1.0
6788.6			1.0
6789.5			1.0
6790.4			1.0
6791.3			1.0
6792.200000000001			1.0
6793.1			1.0
6794.0			1.0
6794.9			1.0
6795.8			1.0
6796.700000000001			1.0
6797.6			1.0
6798.5			1.0
6799.4			1.0
6800.3			1.0
6801.200000000001			1.0
6802.1			1.0
6803.0			1.0
6803.9			1.0
6804.8			1.0
6805.700000000001			1.0
6806.6			1.0
6807.5			1.0
6808.4			1.0
6809.3			1.0
6810.200000000001			1.0
6811.1			1.0
6812.0			1.0
6812.9			1.0
6813.8			1.0
6814.700000000001			1.0
6815.6			1.0
6816.5			1.0
6817.4			1.0
6818.3			1.0
6819.200000000001			1.0
6820.1			1.0
6821.0			1.0
6821.9			1.0
6822.8			1.0
6823.700000000001			1.0
6824.6			1.0
6825.5			1.0
6826.4			1.0
6827.3			1.0
6828.200000000001			1.0
6829.1			1.0
6830.0			1.0
6830.9			1.0
6831.8			1.0
6832.700000000001			1.0
6833.6			1.0
6834.5			1.0
6835.4			1.0
6836.3			0.9948485762295237
6837.200000000001			0.9824990648431845
6838.1			0.9727195894454282
6839.0			0.9602206801082283
6839.9			0.9426462147575089
6840.8			0.923654004591024
6841.700000000001			0.9130530198503779
6842.6			0.9241260660438821
6843.5			0.9411018821119739
6844.4			0.9718393934151083
6845.3			0.9973800659794466
6846.200000000001			1.002352973724604
6847.1			1.0006825469654832
6848.0			1.0
6848.9			1.0
6849.8			1.0
6850.700000000001			1.0
6851.6			1.0
6852.5			1.0
6853.4			1.0
6854.3			1.0
6855.200000000001			1.0
6856.1			1.0
6857.0			1.0
6857.9			1.0
6858.8			1.0
6859.700000000001			1.0
6860.6			1.0
6861.5			0.9767359587607054
6862.4			0.9801062454928682
6863.3			1.0087856284063506
6864.200000000001			1.0369851107669472
6865.1			1.0413898405607065
6866.0			1.0191680995357897
6866.9			0.9834348621350909
6867.8			0.9625067869517648
6868.700000000001			0.9892545956293254
6869.6			1.023889923820351
6870.5			1.0185736093001205
6871.4			1.0028569375978234
6872.3			0.985124097236859
6873.200000000001			0.9876303508294545
6874.1			0.9961379862608395
6875.0			0.9970984562842163
6875.9			0.9950925561965989
6876.8			1.005040871537559
6877.700000000001			1.024189806518141
6878.6			1.0232840360477455
6879.5			1.0133005515699383
6880.4			1.0106395680537563
6881.3			0.9929297040052362
6882.200000000001			0.9674355295811916
6883.1			0.9613594767605143
6884.0			0.9864376237573856
6884.9			0.9977184029843613
6885.8			0.9787402754883577
6886.700000000001			0.9839221282727533
6887.6			1.006880838632417
6888.5			1.0020216250324299
6889.4			1.0061749258727544
6890.3			1.0350756549504028
6891.200000000001			1.0377586090807016
6892.1			1.0118564430715251
6893.0			1.0116100971545157
6893.9			1.0235705884599844
6894.8			0.9990965693160675
6895.700000000001			0.9681748718047632
6896.6			0.9790985181502432
6897.5			1.0114059754359381
6898.4			1.0048641859073117
6899.3			0.980285190175818
6900.200000000001			0.9805532256266348
6901.1			1.0040462262392098
6902.0			1.0053470001934837
6902.9			0.9837984357831178
6903.8			0.974784035783282
6904.700000000001			0.9913335504393811
6905.6			1.010853826951288
6906.5			1.008076639027961
6907.4			0.9927777184060635
6908.3			0.9876020644411256
6909.200000000001			1.004768920152595
6910.1			1.0214938800137825
6911.0			1.0064115438642867
6911.9			0.9816347039090234
6912.8			0.9703805013281934
6913.700000000001			0.9613168545044368
6914.6			0.9566975517009786
6915.5			0.9624946715776108
6916.4			0.9617207353315235
6917.3			0.9572506948467394
6918.200000000001			0.968880924399866
6919.1			0.9946437409550404
6920.0			1.004692825208896
6920.9			0.9994780279724019
6921.8			1.0
6922.700000000001			1.0
6923.6			1.0
6924.5			1.0
6925.4			1.0
6926.3			1.0
6927.200000000001			1.0
6928.1			1.0
6929.0			1.0
6929.9			1.0
6930.8			1.0
6931.700000000001			1.0
6932.6			1.0
6933.5			1.0
6934.4			1.0
6935.3			1.0
6936.200000000001			1.0
6937.1			1.0
6938.0			1.0
6938.9			1.0
6939.8			1.0
6940.700000000001			1.0
6941.6			1.0
6942.5			1.0
6943.4			1.0
6944.3			1.0
6945.200000000001			1.0
6946.1			1.0
6947.0			1.0
6947.9			1.0
6948.8			1.0
6949.700000000001			1.0
6950.6			1.0
6951.5			1.0
6952.4			1.0
6953.3			1.0
6954.200000000001			1.0
6955.1			1.0
6956.0			1.0
6956.9			1.0
6957.8			1.0
6958.700000000001			1.0
6959.6			1.0
6960.5			1.0
6961.4			1.0
6962.3			1.0
6963.200000000001			1.0
6964.1			1.0
6965.0			1.0
6965.9			1.0
6966.8			1.0
6967.700000000001			1.0
6968.6			1.0
6969.5			1.0
6970.4			1.0
6971.3			1.0
6972.200000000001			1.0
6973.1			1.0
6974.0			1.0
6974.9			0.9808966772913758
6975.8			0.9587826766611693
6976.700000000001			0.9380267774175243
6977.6			0.9099679100977728
6978.5			0.8841822183534146
6979.4			0.8946708569151133
6980.3			0.9404881286646166
6981.200000000001			0.9806834325195397
6982.1			1.0011853907318948
6983.0			1.0
6983.9			1.0
6984.8			1.0
6985.700000000001			1.0
6986.6			1.0
6987.5			1.0
6988.4			1.0
6989.3			1.0
6990.200000000001			1.0
6991.1			1.0
6992.0			1.0
6992.9			1.0
6993.8			1.0
6994.700000000001			1.0
6995.6			1.0
6996.5			1.0
6997.4			1.0
6998.3			1.0
6999.200000000001			1.0
7000.1			1.0
7001.0			1.0
7001.9			1.0
7002.8			1.0
7003.700000000001			1.0
7004.6			1.0
7005.5			1.0
7006.4			1.0
7007.3			1.0
7008.200000000001			1.0
7009.1			1.0
7010.0			1.0
7010.9			1.0
7011.8			1.0
7012.700000000001			1.0
7013.6			1.0
7014.5			1.0
7015.4			1.0
7016.3			1.0
7017.200000000001			1.0
7018.1			1.0
7019.0			1.0
7019.9			1.0
7020.8			1.0
7021.700000000001			1.0
7022.6			1.0
7023.5			1.0
7024.4			1.0
7025.3			1.0
7026.200000000001			1.0
7027.1			1.0
7028.0			1.0
7028.9			1.0
7029.8			1.0
7030.700000000001			1.0
7031.6			1.0
7032.5			1.0
7033.4			1.0
7034.3			1.0
7035.200000000001			1.0
7036.1			1.0
7037.0			1.0
7037.9			1.0
7038.8			1.0
7039.700000000001			1.0
7040.6			1.0
7041.5			1.0
7042.4			1.0
7043.3			1.0
7044.200000000001			1.0
7045.1			1.0
7046.0			1.0
7046.9			1.0
7047.8			1.0
7048.700000000001			1.0
7049.6			1.0
7050.5			1.0
7051.4			1.0
7052.3			1.0
7053.200000000001			1.0
7054.1			1.0
7055.0			1.0
7055.9			1.0
7056.8			1.0
7057.700000000001			1.0
7058.6			1.0
7059.5			1.0
7060.4			1.0
7061.3			1.0
7062.200000000001			1.0
7063.1			1.0
7064.0			1.0
7064.9			1.0
7065.8			1.0
7066.700000000001			1.0
7067.6			1.0
7068.5			1.0
7069.4			1.0
7070.3			1.0
7071.200000000001			1.0
7072.1			1.0
7073.0			1.0
7073.9			1.0
7074.8			1.0
7075.700000000001			1.0
7076.6			1.0
7077.5			1.0
7078.4			1.0
7079.3			1.0
7080.200000000001			1.0
7081.1			1.0
7082.0			1.0
7082.9			1.0
7083.8			1.0
7084.700000000001			1.0
7085.6			1.0
7086.5			1.0
7087.4			1.0
7088.3			1.0
7089.200000000001			1.0
7090.1			1.0
7091.0			1.0
7091.9			1.0
7092.8			1.0
7093.700000000001			1.0
7094.6			1.0
7095.5			1.0
7096.4			1.0
7097.3			1.0
7098.200000000001			1.0
7099.1			1.0
7100.0			1.0
7100.9			1.0
7101.8			1.0
7102.700000000001			1.0
7103.6			1.0
7104.5			1.0
7105.4			1.0
7106.3			1.0
7107.200000000001			1.0
7108.1			1.0
7109.0			1.0
7109.9			1.0
7110.8			1.0
7111.700000000001			1.0
7112.6			1.0
7113.5			1.0
7114.4			1.0
7115.3			1.0
7116.200000000001			1.0
7117.1			1.0
7118.0			1.0
7118.9			1.0
7119.8			1.0
7120.700000000001			1.0
7121.6			1.0
7122.5			1.0
7123.4			1.0
7124.3			1.0
7125.200000000001			1.0
7126.1			1.0
7127.0			1.0
7127.9			1.0
7128.8			1.0
7129.700000000001			1.0
7130.6			1.0
7131.5			1.0
7132.4			1.0
7133.3			1.0
7134.200000000001			1.0
7135.1			1.0
7136.0			1.0
7136.9			1.0
7137.8			1.0
7138.700000000001			1.0
7139.6			1.0
7140.5			1.0
7141.4			1.0
7142.3			1.0
7143.200000000001			1.0
7144.1			1.0
7145.0			1.0
7145.9			1.0
7146.8			1.0
7147.700000000001			1.0
7148.6			1.0
7149.5			1.0
7150.4			1.0
7151.3			1.0
7152.200000000001			1.0
7153.1			1.0
7154.0			1.0
7154.9			1.0
7155.8			1.0
7156.700000000001			1.0
7157.6			1.0
7158.5			1.0
7159.4			1.0
7160.3			1.0
7161.200000000001			1.0
7162.1			1.0
7163.0			1.0
7163.9			1.0
7164.8			1.0
7165.700000000001			1.0
7166.6			1.0
7167.5			1.0
7168.4			1.0
7169.3			1.0
7170.200000000001			1.0
7171.1			1.0
7172.0			1.0
7172.9			1.0
7173.8			1.0
7174.700000000001			1.0
7175.6			1.0
7176.5			1.0
7177.4			1.0
7178.3			1.0
7179.200000000001			1.0
7180.1			1.0
7181.0			1.0
7181.9			1.0
7182.8			1.0
7183.700000000001			1.0
7184.6			1.0
7185.5			1.0
7186.4			1.0
7187.3			1.0
7188.200000000001			1.0
7189.1			1.0
7190.0			1.0
7190.9			1.0
7191.8			1.0
7192.700000000001			1.0
7193.6			1.0
7194.5			1.0
7195.4			1.0
7196.3			1.0
7197.200000000001			1.0
7198.1			1.0
7199.0			1.0
7199.9			1.0
7200.8			1.0
7201.700000000001			1.0
7202.6			1.0
7203.5			1.0
7204.4			1.0
7205.3			1.0
7206.200000000001			1.0
7207.1			1.0
7208.0			1.0
7208.9			1.0
7209.8			1.0
7210.700000000001			1.0
7211.6			1.0
7212.5			1.0
7213.4			1.0
7214.3			1.0
7215.200000000001			1.0
7216.1			1.0
7217.0			1.0
7217.9			1.0
7218.8			1.0
7219.700000000001			1.0
7220.6			1.0
7221.5			1.0
7222.4			1.0
7223.3			1.0
7224.200000000001			1.0
7225.1			1.0
7226.0			1.0
7226.9			1.0
7227.8			1.0
7228.700000000001			1.0
7229.6			1.0
7230.5			1.0
7231.4			1.0
7232.3			1.0
7233.200000000001			1.0
7234.1			1.0
7235.0			1.0
7235.9			1.0
7236.8			1.0
7237.700000000001			1.0
7238.6			1.0
7239.5			1.0
7240.4			1.0
7241.3			1.0
7242.200000000001			1.0
7243.1			1.0
7244.0			1.0
7244.9			1.0
7245.8			1.0
7246.700000000001			1.0
7247.6			1.0
7248.5			1.0
7249.4			1.0
7250.3			1.0
7251.200000000001			1.0
7252.1			1.0
7253.0			1.0
7253.9			1.0
7254.8			1.0
7255.700000000001			1.0
7256.6			1.0
7257.5			1.0
7258.4			1.0
7259.3			1.0
7260.200000000001			1.0
7261.1			1.0
7262.0			1.0
7262.9			1.0
7263.8			1.0
7264.700000000001			1.0
7265.6			1.0
7266.5			1.0
7267.4			1.0
7268.3			1.0
7269.200000000001			1.0
7270.1			1.0
7271.0			1.0
7271.9			1.0
7272.8			1.0
7273.700000000001			1.0
7274.6			1.0
7275.5			1.0
7276.4			1.0
7277.3			1.0
7278.200000000001			1.0
7279.1			1.0
7280.0			1.0
7280.9			1.0
7281.8			1.0
7282.700000000001			1.0
7283.6			1.0
7284.5			1.0
7285.4			1.0
7286.3			1.0
7287.200000000001			1.0
7288.1			1.0
7289.0			1.0
7289.9			1.0
7290.8			1.0
7291.700000000001			1.0
7292.6			1.0
7293.5			1.0
7294.4			1.0
7295.3			1.0
7296.200000000001			1.0
7297.1			1.0
7298.0			1.0
7298.9			1.0
7299.8			1.0
7300.700000000001			1.0
7301.6			1.0
7302.5			1.0
7303.4			1.0
7304.3			1.0
7305.200000000001			1.0
7306.1			1.0
7307.0			1.0
7307.9			1.0
7308.8			1.0
7309.700000000001			1.0
7310.6			1.0
7311.5			1.0
7312.4			1.0
7313.3			1.0
7314.200000000001			1.0
7315.1			1.0
7316.0			1.0
7316.9			1.0
7317.8			1.0
7318.700000000001			1.0
7319.6			1.0
7320.5			1.0
7321.4			1.0
7322.3			1.0
7323.200000000001			1.0
7324.1			1.0
7325.0			1.0
7325.9			1.0
7326.8			1.0
7327.700000000001			1.0
7328.6			1.0
7329.5			1.0
7330.4			1.0
7331.3			1.0
7332.200000000001			1.0
7333.1			1.0
7334.0			1.0
7334.9			1.0
7335.8			1.0
7336.700000000001			1.0
7337.6			1.0
7338.5			1.0
7339.4			1.0
7340.3			1.0
7341.200000000001			1.0
7342.1			1.0
7343.0			1.0
7343.9			1.0
7344.8			1.0
7345.700000000001			1.0
7346.6			1.0
7347.5			1.0
7348.4			1.0
7349.3			1.0
7350.200000000001			1.0
7351.1			1.0
7352.0			1.0
7352.9			1.0
7353.8			1.0
7354.700000000001			1.0
7355.6			1.0
7356.5			1.0
7357.4			1.0
7358.3			1.0
7359.200000000001			1.0
7360.1			1.0
7361.0			1.0
7361.9			1.0
7362.8			1.0
7363.700000000001			1.0
7364.6			1.0
7365.5			1.0
7366.4			1.0
7367.3			1.0
7368.200000000001			1.0
7369.1			1.0
7370.0			1.0
7370.9			1.0
7371.8			1.0
7372.700000000001			1.0
7373.6			1.0
7374.5			1.0
7375.4			1.0
7376.3			1.0
7377.200000000001			1.0
7378.1			1.0
7379.0			1.0
7379.9			1.0
7380.8			1.0
7381.700000000001			1.0
7382.6			1.0
7383.5			1.0
7384.4			1.0
7385.3			1.0
7386.200000000001			1.0
7387.1			1.0
7388.0			1.0
7388.9			1.0
7389.8			1.0
7390.700000000001			1.0
7391.6			1.0
7392.5			1.0
7393.4			1.0
7394.3			1.0
7395.200000000001			1.0
7396.1			1.0
7397.0			1.0
7397.9			1.0
7398.8			1.0
7399.700000000001			1.0
7400.6			1.0
7401.5			1.0
7402.4			1.0
7403.3			1.0
7404.200000000001			1.0
7405.1			1.0
7406.0			1.0
7406.9			1.0
7407.8			1.0
7408.700000000001			1.0
7409.6			1.0
7410.5			1.0
7411.4			1.0
7412.3			1.0
7413.200000000001			1.0
7414.1			1.0
7415.0			1.0
7415.9			1.0
7416.8			1.0
7417.700000000001			1.0
7418.6			1.0
7419.5			1.0
7420.4			1.0
7421.3			1.0
7422.200000000001			1.0
7423.1			1.0
7424.0			1.0
7424.9			1.0
7425.8			1.0
7426.700000000001			1.0
7427.6			1.0
7428.5			1.0
7429.4			1.0
