3500.0			1.0
3500.9			1.0
3501.8			1.0
3502.7			1.0
3503.6			1.0
3504.5			1.0
3505.4			1.0
3506.3			1.0
3507.2			1.0
3508.1			1.0
3509.0			1.0
3509.9			1.0
3510.8			1.0
3511.7			1.0
3512.6			1.0
3513.5			1.0
3514.4			1.0
3515.3			1.0
3516.2			1.0
3517.1			1.0
3518.0			1.0
3518.9			1.0
3519.8			1.0
3520.7			1.0
3521.6			1.0
3522.5			1.0
3523.4			1.0
3524.3			1.0
3525.2			1.0
3526.1			1.0
3527.0			1.0
3527.9			1.0
3528.8			1.0
3529.7			1.0
3530.6			1.0
3531.5			1.0
3532.4			1.0
3533.3			1.0
3534.2			1.0
3535.1			1.0
3536.0			1.0
3536.9			1.0
3537.8			1.0
3538.7			1.0
3539.6			1.0
3540.5			1.0
3541.4			1.0
3542.3			1.0
3543.2			1.0
3544.1			1.0
3545.0			1.0
3545.9			1.0
3546.8			1.0
3547.7			1.0
3548.6			1.0
3549.5			1.0
3550.4			1.0
3551.3			1.0
3552.2			1.0
3553.1			1.0
3554.0			1.0
3554.9			1.0
3555.8			1.0
3556.7			1.0
3557.6			1.0
3558.5			1.0
3559.4			1.0
3560.3			1.0
3561.2			1.0
3562.1			1.0
3563.0			1.0
3563.9			1.0
3564.8			1.0
3565.7			1.0
3566.6			1.0
3567.5			1.0
3568.4			1.0
3569.3			1.0
3570.2			1.0
3571.1			1.0
3572.0			1.0
3572.9			1.0
3573.8			1.0
3574.7			1.0
3575.6			1.0
3576.5			1.0
3577.4			1.0
3578.3			1.0
3579.2			1.0
3580.1			1.0
3581.0			1.0
3581.9			1.0
3582.8			1.0
3583.7			1.0
3584.6			1.0
3585.5			1.0
3586.4			1.0
3587.3			1.0
3588.2			1.0
3589.1			1.0
3590.0			1.0
3590.9			1.0
3591.8			1.0
3592.7			1.0
3593.6			1.0
3594.5			1.0
3595.4			1.0
3596.3			1.0
3597.2			1.0
3598.1			1.0
3599.0			1.0
3599.9			1.0
3600.8			1.0
3601.7			1.0
3602.6			1.0
3603.5			1.0
3604.4			1.0
3605.3			1.0
3606.2			1.0
3607.1			1.0
3608.0			1.0
3608.9			1.0
3609.8			1.0
3610.7			1.0
3611.6			1.0
3612.5			1.0
3613.4			1.0
3614.3			1.0
3615.2			1.0
3616.1			1.0
3617.0			1.0
3617.9			1.0
3618.8			1.0
3619.7			1.0
3620.6			1.0
3621.5			1.0
3622.4			1.0
3623.3			1.0
3624.2			1.0
3625.1			1.0
3626.0			1.0
3626.9			1.0
3627.8			1.0
3628.7			1.0
3629.6			1.0
3630.5			1.0
3631.4			1.0
3632.3			1.0
3633.2			1.0
3634.1			1.0
3635.0			1.0
3635.9			1.0
3636.8			1.0
3637.7			1.0
3638.6			1.0
3639.5			1.0
3640.4			1.0
3641.3			1.0
3642.2			1.0
3643.1			1.0
3644.0			1.0
3644.9			1.0
3645.8			1.0
3646.7			1.0
3647.6			1.0
3648.5			1.0
3649.4			1.0
3650.3			1.0
3651.2			1.0
3652.1			1.0
3653.0			1.0
3653.9			1.0
3654.8			1.0
3655.7			1.0
3656.6			1.0
3657.5			1.0
3658.4			1.0
3659.3			1.0
3660.2			1.0
3661.1			1.0
3662.0			1.0
3662.9			1.0
3663.8			1.0
3664.7			1.0
3665.6			1.0
3666.5			1.0
3667.4			1.0
3668.3			1.0
3669.2			1.0
3670.1			1.0
3671.0			1.0
3671.9			1.0
3672.8			1.0
3673.7			1.0
3674.6			1.0
3675.5			1.0
3676.4			1.0
3677.3			1.0
3678.2			1.0
3679.1			1.0
3680.0			1.0
3680.9			1.0
3681.8			1.0
3682.7			1.0
3683.6			1.0
3684.5			1.0
3685.4			1.0
3686.3			1.0
3687.2			1.0
3688.1			1.0
3689.0			1.0
3689.9			1.0
3690.8			1.0
3691.7			1.0
3692.6			1.0
3693.5			1.0
3694.4			1.0
3695.3			1.0
3696.2			1.0
3697.1			1.0
3698.0			1.0
3698.9			1.0
3699.8			1.0
3700.7			1.0
3701.6			1.0
3702.5			1.0
3703.4			1.0
3704.3			1.0
3705.2			1.0
3706.1			1.0
3707.0			1.0
3707.9			1.0
3708.8			1.0
3709.7			1.0
3710.6			1.0
3711.5			1.0
3712.4			1.0
3713.3			1.0
3714.2			1.0
3715.1			1.0
3716.0			1.0
3716.9			1.0
3717.8			1.0
3718.7			1.0
3719.6			1.0
3720.5			1.0
3721.4			1.0
3722.3			1.0
3723.2			1.0
3724.1			1.0
3725.0			1.0
3725.9			1.0
3726.8			1.0
3727.7			1.0
3728.6			1.0
3729.5			1.0
3730.4			1.0
3731.3			1.0
3732.2			1.0
3733.1			1.0
3734.0			1.0
3734.9			1.0
3735.8			1.0
3736.7			1.0
3737.6			1.0
3738.5			1.0
3739.4			1.0
3740.3			1.0
3741.2			1.0
3742.1			1.0
3743.0			1.0
3743.9			1.0
3744.8			1.0
3745.7			1.0
3746.6			1.0
3747.5			1.0
3748.4			1.0
3749.3			1.0
3750.2			1.0
3751.1			1.0
3752.0			1.0
3752.9			1.0
3753.8			1.0
3754.7			1.0
3755.6			1.0
3756.5			1.0
3757.4			1.0
3758.3			1.0
3759.2			1.0
3760.1			1.0
3761.0			1.0
3761.9			1.0
3762.8			1.0
3763.7			1.0
3764.6			1.0
3765.5			1.0
3766.4			1.0
3767.3			1.0
3768.2			1.0
3769.1			1.0
3770.0			1.0
3770.9			1.0
3771.8			1.0
3772.7			1.0
3773.6			1.0
3774.5			1.0
3775.4			1.0
3776.3			1.0
3777.2			1.0
3778.1			1.0
3779.0			1.0
3779.9			1.0
3780.8			1.0
3781.7			1.0
3782.6			1.0
3783.5			1.0
3784.4			1.0
3785.3			1.0
3786.2			1.0
3787.1			1.0
3788.0			1.0
3788.9			1.0
3789.8			1.0
3790.7			1.0
3791.6			1.0
3792.5			1.0
3793.4			1.0
3794.3			1.0
3795.2			1.0
3796.1			1.0
3797.0			1.0
3797.9			1.0
3798.8			1.0
3799.7			1.0
3800.6			1.0
3801.5			1.0
3802.4			1.0
3803.3			1.0
3804.2			1.0
3805.1			1.0
3806.0			1.0
3806.9			1.0
3807.8			1.0
3808.7			1.0
3809.6			1.0
3810.5			1.0
3811.4			1.0
3812.3			1.0
3813.2			1.0
3814.1			1.0
3815.0			1.0
3815.9			1.0
3816.8			1.0
3817.7			1.0
3818.6			1.0
3819.5			1.0
3820.4			1.0
3821.3			1.0
3822.2			1.0
3823.1			1.0
3824.0			1.0
3824.9			1.0
3825.8			1.0
3826.7			1.0
3827.6			1.0
3828.5			1.0
3829.4			1.0
3830.3			1.0
3831.2			1.0
3832.1			1.0
3833.0			1.0
3833.9			1.0
3834.8			1.0
3835.7			1.0
3836.6			1.0
3837.5			1.0
3838.4			1.0
3839.3			1.0
3840.2			1.0
3841.1			1.0
3842.0			1.0
3842.9			1.0
3843.8			1.0
3844.7			1.0
3845.6			1.0
3846.5			1.0
3847.4			1.0
3848.3			1.0
3849.2			1.0
3850.1			1.0
3851.0			1.0
3851.9			1.0
3852.8			1.0
3853.7			1.0
3854.6			1.0
3855.5			1.0
3856.4			1.0
3857.3			1.0
3858.2			1.0
3859.1			1.0
3860.0			1.0
3860.9			1.0
3861.8			1.0
3862.7			1.0
3863.6			1.0
3864.5			1.0
3865.4			1.0
3866.3			1.0
3867.2			1.0
3868.1			1.0
3869.0			1.0
3869.9			1.0
3870.8			1.0
3871.7			1.0
3872.6			1.0
3873.5			1.0
3874.4			1.0
3875.3			1.0
3876.2			1.0
3877.1			1.0
3878.0			1.0
3878.9			1.0
3879.8			1.0
3880.7			1.0
3881.6			1.0
3882.5			1.0
3883.4			1.0
3884.3			1.0
3885.2			1.0
3886.1			1.0
3887.0			1.0
3887.9			1.0
3888.8			1.0
3889.7			1.0
3890.6			1.0
3891.5			1.0
3892.4			1.0
3893.3			1.0
3894.2			1.0
3895.1			1.0
3896.0			1.0
3896.9			1.0
3897.8			1.0
3898.7			1.0
3899.6			1.0
3900.5			1.0
3901.4			1.0
3902.3			1.0
3903.2			1.0
3904.1			1.0
3905.0			1.0
3905.9			1.0
3906.8			1.0
3907.7			1.0
3908.6			1.0
3909.5			1.0
3910.4			1.0
3911.3			1.0
3912.2			1.0
3913.1			1.0
3914.0			1.0
3914.9			1.0
3915.8			1.0
3916.7			1.0
3917.6			1.0
3918.5			1.0
3919.4			1.0
3920.3			1.0
3921.2			1.0
3922.1			1.0
3923.0			1.0
3923.9			1.0
3924.8			1.0
3925.7			1.0
3926.6			1.0
3927.5			1.0
3928.4			1.0
3929.3			1.0
3930.2			1.0
3931.1			1.0
3932.0			1.0
3932.9			1.0
3933.8			1.0
3934.7			1.0
3935.6			1.0
3936.5			1.0
3937.4			1.0
3938.3			1.0
3939.2			1.0
3940.1			1.0
3941.0			1.0
3941.9			1.0
3942.8			1.0
3943.7			1.0
3944.6			1.0
3945.5			1.0
3946.4			1.0
3947.3			1.0
3948.2			1.0
3949.1			1.0
3950.0			1.0
3950.9			1.0
3951.8			1.0
3952.7			1.0
3953.6			1.0
3954.5			1.0
3955.4			1.0
3956.3			1.0
3957.2			1.0
3958.1			1.0
3959.0			1.0
3959.9			1.0
3960.8			1.0
3961.7			1.0
3962.6			1.0
3963.5			1.0
3964.4			1.0
3965.3			1.0
3966.2			1.0
3967.1			1.0
3968.0			1.0
3968.9			1.0
3969.8			1.0
3970.7			1.0
3971.6			1.0
3972.5			1.0
3973.4			1.0
3974.3			1.0
3975.2			1.0
3976.1			1.0
3977.0			1.0
3977.9			1.0
3978.8			1.0
3979.7			1.0
3980.6			1.0
3981.5			1.0
3982.4			1.0
3983.3			1.0
3984.2			1.0
3985.1			1.0
3986.0			1.0
3986.9			1.0
3987.8			1.0
3988.7			1.0
3989.6			1.0
3990.5			1.0
3991.4			1.0
3992.3			1.0
3993.2			1.0
3994.1			1.0
3995.0			1.0
3995.9			1.0
3996.8			1.0
3997.7			1.0
3998.6			1.0
3999.5			1.0
4000.4			1.0
4001.3			1.0
4002.2			1.0
4003.1			1.0
4004.0			1.0
4004.9			1.0
4005.8			1.0
4006.7			1.0
4007.6			1.0
4008.5			1.0
4009.4			1.0
4010.3			1.0
4011.2			1.0
4012.1			1.0
4013.0			1.0
4013.9			1.0
4014.8			1.0
4015.7			1.0
4016.6			1.0
4017.5			1.0
4018.4			1.0
4019.3			1.0
4020.2			1.0
4021.1			1.0
4022.0			1.0
4022.9			1.0
4023.8			1.0
4024.7			1.0
4025.6			1.0
4026.5			1.0
4027.4			1.0
4028.3			1.0043890085248173
4029.2			0.9165605783197168
4030.1			0.7305119665789068
4031.0			0.5672757486825017
4031.9			0.509406842192672
4032.8			0.4845187231575729
4033.7			0.4662299991063074
4034.6			0.5097666284500122
4035.5			0.634916606552292
4036.4			0.8047434326057413
4037.3			0.9461291307433366
4038.2			1.0080203170883792
4039.1			0.9979504037708454
4040.0			1.0
4040.9			1.0
4041.8			0.9603462525448105
4042.7			0.9335878534379128
4043.6			0.850286847624323
4044.5			0.6872378425171555
4045.4			0.5298252484706809
4046.3			0.4892523626195056
4047.2			0.5749840134579611
4048.1			0.7075424944505214
4049.0			0.8308921336273905
4049.9			0.9368249410751813
4050.8			0.9912719103349217
4051.7			1.0
4052.6			1.0
4053.5			1.0
4054.4			1.0
4055.3			1.0
4056.2			1.0
4057.1			1.0
4058.0			1.0
4058.9			1.0
4059.8			1.0
4060.7			1.0373365997267285
4061.6			0.9842227643114614
4062.5			0.8308632450099753
4063.4			0.6632130180051116
4064.3			0.6439966223615035
4065.2			0.7848153804756443
4066.1			0.9144758966830734
4067.0			0.9615915675728193
4067.9			1.0021751147446147
4068.8			1.0
4069.7			1.0
4070.6			1.0
4071.5			1.0
4072.4			1.0
4073.3			1.0
4074.2			1.0
4075.1			1.0
4076.0			1.0
4076.9			1.0
4077.8			1.0
4078.7			1.0
4079.6			1.0
4080.5			1.0
4081.4			1.0
4082.3			1.0
4083.2			1.0
4084.1			1.0
4085.0			1.0
4085.9			1.0
4086.8			1.0
4087.7			1.0
4088.6			1.0
4089.5			1.0
4090.4			1.0
4091.3			0.9359641663856234
4092.2			0.9076860660579845
4093.1			0.947481491760928
4094.0			0.9977320538311157
4094.9			0.9456171732129535
4095.8			0.8259159561418548
4096.7			0.7615465499747031
4097.6			0.765575702499055
4098.5			0.7830180727805954
4099.4			0.7829034570584843
4100.3			0.7559583290399366
4101.2			0.7466404292185023
4102.1			0.7965636216501488
4103.0			0.8749526966440111
4103.9			0.9313231026960799
4104.8			0.9765809301151683
4105.7			1.0458186312553857
4106.6			1.0934783710295162
4107.5			1.088152610756678
4108.4			1.0719801923253582
4109.3			1.060243837320121
4110.2			1.0301369701266543
4111.1			0.9911059675927928
4112.0			1.0
4112.9			1.0
4113.8			1.0
4114.7			1.0
4115.6			1.0
4116.5			1.0
4117.4			1.0
4118.3			1.0
4119.2			1.0
4120.1			1.0
4121.0			1.0
4121.9			1.0
4122.8			1.0
4123.7			1.0
4124.6			1.0
4125.5			1.0
4126.4			1.0
4127.3			1.0
4128.2			0.9276834461500667
4129.1			0.9031255382831028
4130.0			0.8843950928515495
4130.9			0.8123103581436247
4131.8			0.7014741341140714
4132.7			0.6587507369088181
4133.6			0.7139982129991734
4134.5			0.7981686567152559
4135.4			0.8939203382468819
4136.3			0.9688906655162184
4137.2			1.0028743991398228
4138.1			1.0
4139.0			1.0
4139.9			1.013112073987145
4140.8			0.9976745881806021
4141.7			0.8785791628103004
4142.6			0.6622120632934282
4143.5			0.5238467690064367
4144.4			0.5754544940927102
4145.3			0.7420988603610053
4146.2			0.8964457695483408
4147.1			0.9908218671433803
4148.0			1.0
4148.9			1.0
4149.8			1.0
4150.7			1.0
4151.6			1.0
4152.5			1.0
4153.4			1.0
4154.3			1.0
4155.2			1.0
4156.1			1.0
4157.0			1.0
4157.9			1.0
4158.8			1.0
4159.7			1.0
4160.6			1.0
4161.5			1.0
4162.4			1.0
4163.3			1.0
4164.2			1.0
4165.1			1.0
4166.0			1.0
4166.9			0.9842943217090754
4167.8			0.967126800060326
4168.7			0.9553076662474549
4169.6			0.9673799416691704
4170.5			0.9594879756209812
4171.4			0.8678818575875408
4172.3			0.749589433894297
4173.2			0.7141764672848282
4174.1			0.7424665098406287
4175.0			0.7711873385293707
4175.9			0.8024322125824281
4176.8			0.840112837100566
4177.7			0.872941032942255
4178.6			0.9302542004465608
4179.5			1.002653736947103
4180.4			1.0
4181.3			1.0
4182.2			1.0
4183.1			1.0
4184.0			1.0429151136434034
4184.9			1.0700394021944952
4185.8			1.0402505569357683
4186.7			0.9254722972416138
4187.6			0.8368343657279685
4188.5			0.8955457972156328
4189.4			1.0074982906257124
4190.3			1.0310218375308697
4191.2			0.999876481536077
4192.1			1.0
4193.0			1.0
4193.9			1.0
4194.8			1.0
4195.7			0.9345160110167544
4196.6			0.8679135518905515
4197.5			0.7745363089244934
4198.4			0.6847111204549429
4199.3			0.6598404558656418
4200.2			0.676532804267027
4201.1			0.6657435082564517
4202.0			0.6589053686678111
4202.9			0.71888557202977
4203.8			0.8091603008934408
4204.7			0.8921715101940871
4205.6			0.9560150925710794
4206.5			0.9713396591394148
4207.4			0.982217227148571
4208.3			0.9997594240853901
4209.2			1.0
4210.1			1.0
4211.0			1.0
4211.9			1.0
4212.8			1.0092418324305887
4213.7			0.9632240067917945
4214.6			0.8867076066238032
4215.5			0.7870129888193134
4216.4			0.7350772430368614
4217.3			0.7688864814844169
4218.2			0.8142592920590285
4219.1			0.8123120477645424
4220.0			0.7764521631293763
4220.9			0.7152153137245085
4221.8			0.6253549837268345
4222.7			0.5268781383888322
4223.6			0.43977443226330626
4224.5			0.3590096396043637
4225.4			0.27817259397014027
4226.3			0.21291974128373567
4227.2			0.1977111500954835
4228.1			0.24535851251975888
4229.0			0.32723438275481176
4229.9			0.4212437803713239
4230.8			0.5106769828192703
4231.7			0.5794204963309012
4232.6			0.6254177324938118
4233.5			0.6634315765885183
4234.4			0.701752330324253
4235.3			0.7278482230022016
4236.2			0.7681523879633536
4237.1			0.8535301966872605
4238.0			0.9324366558617054
4238.9			0.9496974348910765
4239.8			0.9284535976472651
4240.7			0.9360179152620232
4241.6			1.0012083409207955
4242.5			1.0
4243.4			1.0
4244.3			1.0
4245.2			1.0
4246.1			1.0
4247.0			1.0
4247.9			0.9880503418434099
4248.8			0.9749749828716565
4249.7			0.8803131196189952
4250.6			0.7557345400570911
4251.5			0.7329474029988869
4252.4			0.7534598687540551
4253.3			0.6769519733129036
4254.2			0.5743013469662953
4255.1			0.619431764807069
4256.0			0.8207164257694801
4256.9			1.0312792595423383
4257.8			1.13389165414981
4258.7			1.118904605080058
4259.6			1.0386053716378616
4260.5			0.9928573726388428
4261.4			1.0
4262.3			1.0
4263.2			1.0
4264.1			1.0
4265.0			1.0
4265.9			1.0
4266.8			1.0
4267.7			1.0
4268.6			0.9576953338944847
4269.5			0.8895927948265843
4270.4			0.7599456786294096
4271.3			0.6083352997501116
4272.2			0.5340767681178779
4273.1			0.5349725833958529
4274.0			0.5146383998940347
4274.9			0.49072049068740364
4275.8			0.568708525441029
4276.7			0.7526451214606383
4277.6			0.9515652556320708
4278.5			1.0876486597654953
4279.4			1.1205547801661724
4280.3			1.0739620114173336
4281.2			1.0022691744151375
4282.1			1.0
4283.0			1.0
4283.9			1.0
4284.8			1.0
4285.7			1.0
4286.6			0.9393214350118922
4287.5			0.8446401430046698
4288.4			0.7057939631469831
4289.3			0.5487949110817573
4290.2			0.48954477846482963
4291.1			0.5982980831120482
4292.0			0.8062755047541494
4292.9			0.9590353436006044
4293.8			0.9936932696009037
4294.7			1.0
4295.6			1.0
4296.5			1.0
4297.4			1.0
4298.3			1.0
4299.2			1.0
4300.1			1.0
4301.0			1.0
4301.9			1.0
4302.8			1.0
4303.7			1.0
4304.6			1.0172154367043174
4305.5			0.9001259629511253
4306.4			0.74039863741508
4307.3			0.6121734246579622
4308.2			0.5658354879343288
4309.1			0.6302168430528774
4310.0			0.7678174536975133
4310.9			0.9047455072956714
4311.8			0.9880585641013356
4312.7			1.0
4313.6			1.0
4314.5			1.0
4315.4			1.0
4316.3			1.0
4317.2			1.0
4318.1			1.0
4319.0			1.0
4319.9			1.0
4320.8			1.0
4321.7			1.0
4322.6			1.0
4323.5			0.9093583325941665
4324.4			0.7429809171927564
4325.3			0.5705227841750439
4326.2			0.5311665030958377
4327.1			0.6691994551627755
4328.0			0.8710440566806261
4328.9			1.005515650238588
4329.8			1.0
4330.7			1.0
4331.6			1.0
4332.5			1.0
4333.4			1.0
4334.3			1.0347976247775041
4335.2			1.0405347162507375
4336.1			0.96560615459107
4337.0			0.8269740278428133
4337.9			0.7450072138791486
4338.8			0.7481824209259584
4339.7			0.7730050723522747
4340.6			0.8344711455274845
4341.5			0.9412923000912962
4342.4			1.0175092041329874
4343.3			1.000239074985435
4344.2			1.0
4345.1			1.0
4346.0			1.0
4346.9			1.0
4347.8			1.0
4348.7			1.0593754101991906
4349.6			1.0658938240486686
4350.5			0.9475674170552264
4351.4			0.7702807688790619
4352.3			0.689986307093964
4353.2			0.7543795906696843
4354.1			0.8696270383214442
4355.0			0.9478501450221397
4355.9			1.0061919967256276
4356.8			1.0
4357.7			1.0
4358.6			1.0
4359.5			1.0
4360.4			1.0
4361.3			1.0
4362.2			1.0
4363.1			1.0
4364.0			1.0
4364.9			1.0
4365.8			1.0
4366.7			1.0
4367.6			1.0
4368.5			1.0
4369.4			1.0
4370.3			1.0
4371.2			1.0
4372.1			1.0
4373.0			1.0
4373.9			1.0
4374.8			1.0
4375.7			1.0
4376.6			1.0
4377.5			1.0
4378.4			1.0
4379.3			0.9392599600502771
4380.2			0.8870445919252398
4381.1			0.8399844386537388
4382.0			0.7211134418310808
4382.9			0.5488974048329375
4383.8			0.44969929860579355
4384.7			0.5214004339594115
4385.6			0.7283755537867184
4386.5			0.9245269355211813
4387.4			1.0063658451948074
4388.3			0.9992358454915365
4389.2			1.0
4390.1			1.0
4391.0			1.0
4391.9			1.0
4392.8			1.0
4393.7			1.0
4394.6			1.0
4395.5			1.0
4396.4			1.0
4397.3			1.0
4398.2			1.0
4399.1			1.0
4400.0			0.9204877318693728
4400.9			0.8572449242384121
4401.8			0.8389591794441172
4402.7			0.7873036971661251
4403.6			0.6440273219492865
4404.5			0.5055344947613628
4405.4			0.4914420605723294
4406.3			0.5690201702117691
4407.2			0.6278418546088891
4408.1			0.6755282103905818
4409.0			0.789373077484066
4409.9			0.9299037668795397
4410.8			1.0002088548238801
4411.7			1.0
4412.6			0.9760661540562233
4413.5			0.8987126036398311
4414.4			0.753760078877471
4415.3			0.6643997092533709
4416.2			0.726000633465525
4417.1			0.8709390826505401
4418.0			1.000819371400081
4418.9			1.0
4419.8			1.0
4420.7			1.0
4421.6			1.0
4422.5			0.9294053136616268
4423.4			0.9173191657134795
4424.3			0.8962403496625525
4425.2			0.8145015400780219
4426.1			0.748659562488942
4427.0			0.7656991183531209
4427.9			0.8685160157296794
4428.8			0.9752409058992169
4429.7			0.9990438016982927
4430.6			1.0
4431.5			1.0
4432.4			1.0202501582097823
4433.3			0.9067228888333224
4434.2			0.7123732860197064
4435.1			0.5877731564168946
4436.0			0.6444533875726789
4436.9			0.8263867602119981
4437.8			1.0001797520414244
4438.7			1.0
4439.6			1.0
4440.5			1.0
4441.4			1.0
4442.3			1.0
4443.2			1.0
4444.1			1.0
4445.0			1.0
4445.9			1.0516269504742308
4446.8			1.012101277245256
4447.7			0.9626672893168804
4448.6			0.9714059808790623
4449.5			0.9892595542153001
4450.4			0.9750867649570384
4451.3			0.9501495554600814
4452.2			0.9129132076032189
4453.1			0.8067431969704317
4454.0			0.6333202759170812
4454.9			0.501701295614242
4455.8			0.5073253923219431
4456.7			0.6096043906638163
4457.6			0.7008933953170537
4458.5			0.7368735778336702
4459.4			0.738777053965108
4460.3			0.7316235158715068
4461.2			0.7197954406908924
4462.1			0.7579433138533275
4463.0			0.8823134009603822
4463.9			1.0011630839782286
4464.8			1.0
4465.7			1.0
4466.6			1.0
4467.5			1.0
4468.4			1.0
4469.3			1.0
4470.2			1.0
4471.1			1.0
4472.0			1.0
4472.9			1.0
4473.8			1.0
4474.7			1.0
4475.6			1.0
4476.5			1.0
4477.4			1.0
4478.3			1.0
4479.2			0.9583638948382714
4480.1			0.8694388446527721
4481.0			0.7802322482826801
4481.9			0.7333524760763078
4482.8			0.7798419011330257
4483.7			0.8980829635979166
4484.6			0.9930317141394707
4485.5			1.0
4486.4			1.0
4487.3			1.0
4488.2			1.0
4489.1			1.0
4490.0			1.0
4490.9			1.0
4491.8			1.0634348783493157
4492.7			1.0666429001194582
4493.6			0.9891757749853176
4494.5			0.8815119409777293
4495.4			0.82037944650501
4496.3			0.8171888444866413
4497.2			0.8598603338901627
4498.1			0.9350794704373042
4499.0			0.9998419151760102
4499.9			1.0
4500.8			1.0
4501.7			1.0
4502.6			1.0
4503.5			1.0
4504.4			1.0
4505.3			1.0
4506.2			1.0
4507.1			1.0
4508.0			1.0
4508.9			1.0
4509.8			1.0
4510.7			1.0
4511.6			1.0
4512.5			1.0
4513.4			1.0
4514.3			1.0
4515.2			1.0245861783170123
4516.1			1.0188314637878544
4517.0			0.9563278725240307
4517.9			0.8887629904159161
4518.8			0.8921059466486647
4519.7			0.9510829551880892
4520.6			0.9921195802248344
4521.5			1.0
4522.4			1.0
4523.3			1.0
4524.2			1.0
4525.1			0.9777297713907774
4526.0			0.8839738040717708
4526.9			0.7730245430027232
4527.8			0.7186355126556043
4528.7			0.738808535654186
4529.6			0.7936443835938598
4530.5			0.8389473896679077
4531.4			0.8622311317443276
4532.3			0.8459761418833354
4533.2			0.7733061730639764
4534.1			0.6724600873586588
4535.0			0.6104598522221485
4535.9			0.6836844317775693
4536.8			0.8900936529327127
4537.7			1.0804377556974603
4538.6			1.1481249795667752
4539.5			1.116373159996462
4540.4			1.0
4541.3			0.986472975403384
4542.2			1.0316959587534154
4543.1			1.0622762685310578
4544.0			1.0128849620028484
4544.9			0.9284701782517949
4545.8			0.9043480503069307
4546.7			0.9341875225103462
4547.6			0.9420754061905704
4548.5			0.9228860366465569
4549.4			0.9418641921179574
4550.3			1.0
4551.2			1.0086034114898361
4552.1			0.9542988910848
4553.0			0.8860463721140225
4553.9			0.8293617003112405
4554.8			0.7948924713436436
4555.7			0.8155884422653175
4556.6			0.8879723679867152
4557.5			0.9586756339797893
4558.4			0.9902183017250448
4559.3			1.0
4560.2			1.0
4561.1			1.0
4562.0			1.0
4562.9			1.0
4563.8			1.0
4564.7			1.0
4565.6			1.0
4566.5			1.0
4567.4			1.0
4568.3			1.0
4569.2			0.9853065411144307
4570.1			0.9331865537371724
4571.0			0.8760554399532736
4571.9			0.894468792600266
4572.8			0.9890805194213058
4573.7			1.0
4574.6			1.0
4575.5			1.0
4576.4			1.0
4577.3			0.9810989870166464
4578.2			0.9389704002391676
4579.1			0.8876623253871538
4580.0			0.8458343433703303
4580.9			0.8472851195536452
4581.8			0.9246495163757386
4582.7			1.0276291413114815
4583.6			1.0609037178002736
4584.5			0.999474144282998
4585.4			1.0
4586.3			1.0
4587.2			1.0
4588.1			1.0
4589.0			1.0
4589.9			1.0
4590.8			1.0
4591.7			1.0
4592.6			1.0
4593.5			1.0029459236147584
4594.4			1.0159859783350658
4595.3			1.0297652968628035
4596.2			1.045610382894486
4597.1			1.042679262993608
4598.0			1.0220707742968533
4598.9			0.9962421961515835
4599.8			0.9420227952867934
4600.7			0.8847623207220743
4601.6			0.8703802720117015
4602.5			0.8739035808451004
4603.4			0.8890338673170671
4604.3			0.9153978931146382
4605.2			0.9203659359839363
4606.1			0.8946079652973835
4607.0			0.8684533509453052
4607.9			0.9058758640448699
4608.8			0.9831648774268149
4609.7			1.0066038261767871
4610.6			1.0
4611.5			1.0
4612.4			1.0
4613.3			1.0
4614.2			1.0
4615.1			1.0
4616.0			1.0
4616.9			1.0
4617.8			1.0
4618.7			1.0
4619.6			1.0
4620.5			1.0
4621.4			1.007942161887365
4622.3			0.971736768368239
4623.2			0.9561155522270599
4624.1			0.9568264836863343
4625.0			0.9273625394172986
4625.9			0.8958632229200723
4626.8			0.9238773859954061
4627.7			0.9812225242393828
4628.6			0.9980388493434219
4629.5			0.9866046148743609
4630.4			0.9995719996607207
4631.3			1.0
4632.2			1.0
4633.1			1.0
4634.0			1.0
4634.9			1.0
4635.8			1.0
4636.7			1.0
4637.6			1.0
4638.5			1.0
4639.4			1.0
4640.3			1.0
4641.2			1.0
4642.1			1.0
4643.0			1.0061998592277028
4643.9			0.9782574599419729
4644.8			0.9194511830366184
4645.7			0.829287462376659
4646.6			0.7898731659493499
4647.5			0.8498945584407992
4648.4			0.9360307683164724
4649.3			0.9868512897843464
4650.2			0.9943294638058936
4651.1			1.0
4652.0			1.0
4652.9			1.0
4653.8			1.0
4654.7			1.0
4655.6			1.0
4656.5			1.0
4657.4			1.0
4658.3			1.0
4659.2			1.0
4660.1			1.0
4661.0			1.0
4661.9			1.0
4662.8			1.0
4663.7			1.0
4664.6			0.9746875174811552
4665.5			0.9400951637615861
4666.4			0.8569254641813233
4667.3			0.7620945558772357
4668.2			0.7457391044643675
4669.1			0.827513874088122
4670.0			0.9315543125824363
4670.9			0.9906867114781376
4671.8			0.9983884224077793
4672.7			1.0
4673.6			1.0
4674.5			1.0
4675.4			1.0
4676.3			1.0
4677.2			1.0
4678.1			0.9796031189505338
4679.0			0.9473671481536072
4679.9			0.9229338301266722
4680.8			0.8863200159825562
4681.7			0.8603520183930731
4682.6			0.896380562654521
4683.5			0.9660061703468092
4684.4			1.0008418935536236
4685.3			1.0072992393411624
4686.2			1.0
4687.1			1.0
4688.0			1.0
4688.9			1.0
4689.8			1.0
4690.7			1.0
4691.6			1.0
4692.5			1.0
4693.4			1.0
4694.3			1.0
4695.2			1.0
4696.1			1.0
4697.0			1.0
4697.9			1.0
4698.8			1.0
4699.7			1.012771206123145
4700.6			1.0425562644384918
4701.5			1.023921348311879
4702.4			0.9628099207056792
4703.3			0.9438907239787087
4704.2			1.0043979062856372
4705.1			1.061942937172786
4706.0			1.0477937737848477
4706.9			0.9979088494665134
4707.8			1.0
4708.7			1.0
4709.6			1.0
4710.5			1.0
4711.4			1.0
4712.3			1.0
4713.2			1.0
4714.1			1.0
4715.0			1.0
4715.9			1.0
4716.8			1.0
4717.7			1.0
4718.6			1.0
4719.5			1.0
4720.4			1.0
4721.3			1.0
4722.2			1.0
4723.1			1.0
4724.0			1.035684476716494
4724.9			1.0812498660337746
4725.8			1.0720571429497108
4726.7			1.0028032412568113
4727.6			0.9374846640394452
4728.5			0.9237134103051771
4729.4			0.9406880232609411
4730.3			0.957412058406065
4731.2			0.9784008511406611
4732.1			1.0012301805934245
4733.0			1.0021150191812245
4733.9			1.0
4734.8			1.0
4735.7			1.0
4736.6			1.0
4737.5			1.0
4738.4			1.0
4739.3			1.0
4740.2			1.0
4741.1			1.0
4742.0			1.0
4742.9			1.0
4743.8			1.0
4744.7			1.0
4745.6			1.0
4746.5			1.0
4747.4			1.0
4748.3			1.0
4749.2			1.0
4750.1			1.0
4751.0			1.0
4751.9			0.9665788323035717
4752.8			0.9190595845773175
4753.7			0.8897801133707014
4754.6			0.9096913362703614
4755.5			0.9379931721494452
4756.4			0.9393713651529201
4757.3			0.9230771627534446
4758.2			0.9028268210979364
4759.1			0.9003192506700367
4760.0			0.9185312627928415
4760.9			0.9168295493765749
4761.8			0.8834027674871529
4762.7			0.8601325021385805
4763.6			0.8614937232691722
4764.5			0.8575415453437596
4765.4			0.8295499274822836
4766.3			0.8039868537426927
4767.2			0.8103329996639433
4768.1			0.8371893808825577
4769.0			0.8533368168163304
4769.9			0.8473616374788476
4770.8			0.8275768520163589
4771.7			0.8097142080884107
4772.6			0.807582290730171
4773.5			0.8235499903848577
4774.4			0.8391971815014552
4775.3			0.833980217990736
4776.2			0.8106443065439023
4777.1			0.7906146888728104
4778.0			0.7757422855291962
4778.9			0.762990679831446
4779.8			0.7584309850789405
4780.7			0.7593867455055116
4781.6			0.7502379588810336
4782.5			0.7298376622580355
4783.4			0.7250258570213509
4784.3			0.758980112838642
4785.2			0.803641841090544
4786.1			0.8206293552899772
4787.0			0.8230417728394896
4787.9			0.8267747114486275
4788.8			0.8261192505494573
4789.7			0.838377887135661
4790.6			0.8668509294524287
4791.5			0.8859684370429287
4792.4			0.8997279384675467
4793.3			0.9214788375653234
4794.2			0.9502733072394941
4795.1			0.9701615382471538
4796.0			0.9774651296230903
4796.9			0.9827197402891094
4797.8			0.9735114353651596
4798.7			0.9441849278954468
4799.6			0.9160698509628298
4800.5			0.9112570338023304
4801.4			0.9391572233711587
4802.3			0.9856514550957838
4803.2			1.0269071133526906
4804.1			1.0333353886744059
4805.0			1.009514288721979
4805.9			0.986698103516035
4806.8			0.9723020971077666
4807.7			0.9656615299618798
4808.6			0.97593113321836
4809.5			0.9935082644798218
4810.4			0.996475026691265
4811.3			0.9875237438861013
4812.2			0.9882960281802435
4813.1			1.0012343384073674
4814.0			1.0038767686476027
4814.9			1.0001172573496682
4815.8			1.0
4816.7			1.0
4817.6			1.0
4818.5			1.0
4819.4			1.0
4820.3			1.0
4821.2			0.9954534393681894
4822.1			0.9550842567455454
4823.0			0.8790448629605089
4823.9			0.8582499678847569
4824.8			0.9158696788343555
4825.7			0.9767555865201514
4826.6			0.9960433183942777
4827.5			1.0
4828.4			1.0
4829.3			1.0
4830.2			1.0
4831.1			1.0
4832.0			1.0
4832.9			1.0
4833.8			1.0
4834.7			1.0
4835.6			1.0
4836.5			1.0
4837.4			1.0
4838.3			1.0
4839.2			1.0
4840.1			1.0
4841.0			1.0
4841.9			1.0
4842.8			1.0
4843.7			1.0
4844.6			1.0
4845.5			1.0
4846.4			1.0
4847.3			1.0
4848.2			1.0
4849.1			1.0
4850.0			1.0
4850.9			1.0
4851.8			1.0
4852.7			1.0
4853.6			1.0
4854.5			1.0
4855.4			1.0
4856.3			1.0
4857.2			1.0504703037121854
4858.1			1.04873133312585
4859.0			0.9842670517553576
4859.9			0.9128422138037553
4860.8			0.8717546644943126
4861.7			0.8790686774322984
4862.6			0.9273577059338363
4863.5			0.9726190374883975
4864.4			0.999668528688658
4865.3			1.0
4866.2			1.0
4867.1			1.0
4868.0			1.0
4868.9			1.0105737102443877
4869.8			0.9668434759672825
4870.7			0.8496333358053451
4871.6			0.7778522536317958
4872.5			0.8397233779953669
4873.4			0.9534127106173375
4874.3			1.0021535727614697
4875.2			1.0
4876.1			1.0
4877.0			1.0
4877.9			1.0
4878.8			1.0
4879.7			1.0
4880.6			1.0
4881.5			1.0
4882.4			1.0
4883.3			1.0
4884.2			1.0
4885.1			1.0
4886.0			1.0
4886.9			1.0
4887.8			1.00012553946766
4888.7			0.9811318593937505
4889.6			0.9020025378218012
4890.5			0.7850092486628191
4891.4			0.743891870183667
4892.3			0.8260252179447967
4893.2			0.9327478353559605
4894.1			0.9826220966566446
4895.0			0.9940478311299173
4895.9			1.0
4896.8			1.0
4897.7			1.0
4898.6			1.0
4899.5			1.0
4900.4			0.9883886298005223
4901.3			0.986894841099927
4902.2			0.9520785415346985
4903.1			0.9081857562890875
4904.0			0.9128257615325017
4904.9			0.963029698517053
4905.8			1.0050947953698561
4906.7			1.0
4907.6			1.0
4908.5			1.0
4909.4			1.0
4910.3			1.0
4911.2			1.0
4912.1			1.0
4913.0			1.0
4913.9			1.0
4914.8			1.0
4915.7			1.0
4916.6			1.003560653128956
4917.5			0.9493838971030932
4918.4			0.8262625760957316
4919.3			0.6988151136761145
4920.2			0.6585927119435531
4921.1			0.7364950857423502
4922.0			0.876309612361809
4922.9			0.9824281239030297
4923.8			0.9985713425540543
4924.7			1.0
4925.6			1.0
4926.5			1.0
4927.4			1.0
4928.3			1.0
4929.2			1.0
4930.1			1.0
4931.0			1.0
4931.9			1.0
4932.8			1.0
4933.7			1.0
4934.6			1.0197446817257725
4935.5			1.064708569865614
4936.4			1.0557862868241983
4937.3			0.977386030315069
4938.2			0.8828356253090179
4939.1			0.8491517972991103
4940.0			0.893771697370695
4940.9			0.9465398859811327
4941.8			0.9606031598515076
4942.7			0.9724628343394764
4943.6			0.9913849241365088
4944.5			1.0
4945.4			1.0
4946.3			1.0
4947.2			1.0
4948.1			1.0
4949.0			1.0
4949.9			1.0
4950.8			1.0
4951.7			1.0
4952.6			1.0
4953.5			1.0
4954.4			0.9636858827424285
4955.3			0.9123200876647145
4956.2			0.810242184258625
4957.1			0.6980143738774385
4958.0			0.7066070967133717
4958.9			0.8501782517837293
4959.8			0.9919609453052508
4960.7			1.0
4961.6			1.0
4962.5			1.0
4963.4			1.0
4964.3			1.0
4965.2			1.0
4966.1			1.0
4967.0			1.0
4967.9			1.0
4968.8			1.0
4969.7			1.0
4970.6			1.0
4971.5			1.0
4972.4			1.0
4973.3			1.0
4974.2			1.0
4975.1			1.0
4976.0			1.0
4976.9			1.0
4977.8			1.0
4978.7			1.0
4979.6			1.012663453074061
4980.5			0.9669937788362172
4981.4			0.8409867098627218
4982.3			0.7632813808299527
4983.2			0.8215825465608539
4984.1			0.9362430062097539
4985.0			1.0004382026452519
4985.9			1.0
4986.8			1.0
4987.7			1.0
4988.6			1.0
4989.5			1.0
4990.4			1.0
4991.3			1.0
4992.2			1.0
4993.1			1.0
4994.0			1.0
4994.9			1.0
4995.8			1.0
4996.7			1.0
4997.6			0.9936351071175928
4998.5			0.9354603074991077
4999.4			0.8451522100404479
5000.3			0.810641112787416
5001.2			0.855612608880197
5002.1			0.9289057938740215
5003.0			1.000820972402208
5003.9			1.0
5004.8			1.0
5005.7			1.0
5006.6			1.0
5007.5			1.0
5008.4			1.0
5009.3			1.0
5010.2			1.0480915088445832
5011.1			1.0281741267546851
5012.0			0.9431090532463905
5012.9			0.8496763133128611
5013.8			0.7875993991862688
5014.7			0.7883970561839847
5015.6			0.8582163106443168
5016.5			0.9400554011613422
5017.4			0.9997441434381124
5018.3			1.0
5019.2			1.0
5020.1			0.9736373889301188
5021.0			0.9116093700853879
5021.9			0.8420480205514728
5022.8			0.8365823418656245
5023.7			0.9104686374133655
5024.6			0.9811176031173395
5025.5			1.0008343147731664
5026.4			1.0
5027.3			1.0
5028.2			1.0
5029.1			1.0
5030.0			1.0
5030.9			1.0
5031.8			1.0
5032.7			1.0
5033.6			1.0
5034.5			1.0
5035.4			1.0
5036.3			0.9607106862456869
5037.2			1.011734213621164
5038.1			1.0178115544115762
5039.0			0.9179829338280273
5039.9			0.7902301479986045
5040.8			0.7364246773590009
5041.7			0.7838372616456311
5042.6			0.8586611079104077
5043.5			0.9033810950120272
5044.4			0.9433079065694098
5045.3			0.9888130847355283
5046.2			1.0
5047.1			1.0208361343987493
5048.0			0.983858464981327
5048.9			0.8929954990024611
5049.8			0.8270597296932692
5050.7			0.8534557301860242
5051.6			0.94039183954979
5052.5			1.005534751261233
5053.4			1.0
5054.3			1.0
5055.2			1.0
5056.1			1.0
5057.0			1.0
5057.9			1.0
5058.8			1.0
5059.7			1.0
5060.6			1.0
5061.5			1.0
5062.4			0.9824876199658784
5063.3			0.9359378098351749
5064.2			0.8724257245356499
5065.1			0.8691690357076176
5066.0			0.9448406221778146
5066.9			1.0048456527624208
5067.8			1.0033104826995858
5068.7			1.0
5069.6			1.0
5070.5			1.0
5071.4			1.0
5072.3			1.0
5073.2			1.0581641676245703
5074.1			1.1236547298725315
5075.0			1.0939651387656626
5075.9			1.008607020296927
5076.8			0.991649937775498
5077.7			1.0423026784075426
5078.6			1.0415385105360133
5079.5			0.9850143717577619
5080.4			0.9472490712965626
5081.3			0.9165886887614807
5082.2			0.8841371466788048
5083.1			0.8968400405488016
5084.0			0.9517439959400481
5084.9			1.0
5085.8			1.052965148538286
5086.7			1.0685304249944607
5087.6			1.034788984132457
5088.5			0.9969742145436276
5089.4			0.9853211401461683
5090.3			0.9805682446232459
5091.2			0.9958035586036023
5092.1			1.0641677146052657
5093.0			1.1271934667437897
5093.9			1.0835091701142965
5094.8			0.9608330683668425
5095.7			0.9033483736616248
5096.6			0.9695269569092704
5097.5			1.0263646417357761
5098.4			0.9695107759175904
5099.3			0.8790926140702723
5100.2			0.8379689669463583
5101.1			0.8395973960943329
5102.0			0.8650414030406913
5102.9			0.8831294347669005
5103.8			0.87221536036388
5104.7			0.8550525211276774
5105.6			0.8439954646362868
5106.5			0.8339273133529294
5107.4			0.8431339738659565
5108.3			0.871013955454605
5109.2			0.8803646200655543
5110.1			0.8664454684109274
5111.0			0.8610144747513604
5111.9			0.8647907807152972
5112.8			0.8733272790439291
5113.7			0.9258254104367359
5114.6			1.0004117606957914
5115.5			1.0
5116.4			1.0
5117.3			1.0
5118.2			1.0
5119.1			1.0
5120.0			1.0
5120.9			1.0
5121.8			1.0179898365180742
5122.7			0.9894958956985322
5123.6			0.9131491916112794
5124.5			0.8794397084393812
5125.4			0.9003699313449258
5126.3			0.9212126783311689
5127.2			0.929661410675485
5128.1			0.9250198881791553
5129.0			0.8872888268405403
5129.9			0.8680619803858387
5130.8			0.9473067752452943
5131.7			1.0615642038389377
5132.6			1.0873961425088483
5133.5			1.0462694558166719
5134.4			1.0417669230473598
5135.3			1.0712383208885008
5136.2			1.0841902219653021
5137.1			1.067211312688555
5138.0			0.9996620109789786
5138.9			1.0
5139.8			1.0
5140.7			1.0
5141.6			1.0
5142.5			1.0
5143.4			1.0
5144.3			1.0
5145.2			1.0
5146.1			1.0
5147.0			1.0
5147.9			1.0393686877194888
5148.8			1.0398903649188247
5149.7			0.989071650781237
5150.6			0.9361999750085601
5151.5			0.8849316293335001
5152.4			0.8108004605507092
5153.3			0.7482920545470834
5154.2			0.7629677359141034
5155.1			0.8498654686644812
5156.0			0.9354503072464729
5156.9			0.9989334400594371
5157.8			1.0325446544816888
5158.7			1.012283140219593
5159.6			1.0
5160.5			1.0
5161.4			0.9980002891338062
5162.3			0.9407912255865895
5163.2			0.9272409536439545
5164.1			0.9411691921377081
5165.0			0.8619995098954819
5165.9			0.7036959253268821
5166.8			0.5846942434550397
5167.7			0.5733069591537219
5168.6			0.6550067080048868
5169.5			0.7387665879818752
5170.4			0.7310350191490333
5171.3			0.637369103574311
5172.2			0.5470401530252074
5173.1			0.5462529466321041
5174.0			0.6482725312398608
5174.9			0.7854019513513596
5175.8			0.8877952679858012
5176.7			0.9223007451354939
5177.6			0.9046503995208067
5178.5			0.8826385788663924
5179.4			0.862536217795078
5180.3			0.8104273602534722
5181.2			0.7297061871099841
5182.1			0.6518815769329788
5183.0			0.6032181480943337
5183.9			0.6397880838477685
5184.8			0.7937676409860468
5185.7			0.9983770675772372
5186.6			1.155692112540676
5187.5			1.2226798166003094
5188.4			1.2522211418518747
5189.3			1.0
5190.2			1.0034843984314767
5191.1			0.9258678962353667
5192.0			0.8295911959261583
5192.9			0.8226427159008347
5193.8			0.894881910153183
5194.7			0.9546741497565161
5195.6			1.001179596180483
5196.5			1.5117468999131736
5197.4			1.6105794719355946
5198.3			1.6363779567220598
5199.2			1.6323556672921793
5200.1			1.0
5201.0			0.9533335536905384
5201.9			0.88947657178903
5202.8			0.8065470914153425
5203.7			0.6911822216632308
5204.6			0.5706551215089735
5205.5			0.5038464769979
5206.4			0.49658785504256525
5207.3			0.4938140596623789
5208.2			0.47742414286050805
5209.1			0.49265637453803646
5210.0			0.5847947352861828
5210.9			0.7645763127160696
5211.8			0.9658686268335901
5212.7			1.0923112428922925
5213.6			1.115464879613777
5214.5			1.0637680793551751
5215.4			1.0000023510083584
5216.3			1.0
5217.2			1.0
5218.1			1.0
5219.0			1.0
5219.9			1.0
5220.8			1.0
5221.7			1.0
5222.6			0.9575788726918367
5223.5			0.8868763210263774
5224.4			0.8196135311901932
5225.3			0.772641318328705
5226.2			0.7293992502681557
5227.1			0.7329590118424819
5228.0			0.8296007603973434
5228.9			0.9452923901767575
5229.8			1.0141881574139824
5230.7			1.0403303708990481
5231.6			0.9990230946951698
5232.5			1.0
5233.4			1.0
5234.3			1.0
5235.2			1.0
5236.1			1.0
5237.0			1.0
5237.9			0.99709319772804
5238.8			0.9869790127940435
5239.7			0.9814242940730084
5240.6			0.9769354198644041
5241.5			0.9729725800844485
5242.4			0.9757711725206897
5243.3			0.9944310492900661
5244.2			1.0230834572961969
5245.1			1.0175231144871315
5246.0			0.9445521025070478
5246.9			0.8714241424281055
5247.8			0.8856685022219577
5248.7			0.9385617552198845
5249.6			0.931889308805167
5250.5			0.895839229188534
5251.4			0.903887573010896
5252.3			0.9461282346669866
5253.2			0.9750192449006166
5254.1			0.9680037644200016
5255.0			0.959395337046571
5255.9			0.9968785517242243
5256.8			1.0
5257.7			1.0
5258.6			1.0
5259.5			1.0
5260.4			0.9304222105895301
5261.3			0.83487852728224
5262.2			0.7523652984839844
5263.1			0.7007067273286387
5264.0			0.6614233579673413
5264.9			0.6256332580110991
5265.8			0.6209568801609536
5266.7			0.6644060369534068
5267.6			0.6803604865788118
5268.5			0.5948235290660113
5269.4			0.49301420896653875
5270.3			0.517183144965687
5271.2			0.6525590723530049
5272.1			0.7713663677376326
5273.0			0.8300678250435213
5273.9			0.8600460501480162
5274.8			0.8621159483021282
5275.7			0.8669846994963281
5276.6			0.9188297780566276
5277.5			0.9797137619529241
5278.4			1.0
5279.3			0.9788207054441663
5280.2			0.9250404291984011
5281.1			0.8526576923084968
5282.0			0.7884136156414718
5282.9			0.7641143102478863
5283.8			0.8006953968840511
5284.7			0.884666708275526
5285.6			0.9627995039211532
5286.5			0.9977289561420362
5287.4			1.0
5288.3			1.0
5289.2			1.0
5290.1			1.0
5291.0			1.0
5291.9			1.0
5292.8			1.0
5293.7			1.0230333486243337
5294.6			1.0199246837394746
5295.5			0.9474895797727857
5296.4			0.822977606300153
5297.3			0.7319702505725839
5298.2			0.7543269075239113
5299.1			0.8614454962437824
5300.0			0.9527791800838585
5300.9			0.9903863251190327
5301.8			1.0
5302.7			1.0
5303.6			1.0
5304.5			1.0
5305.4			1.0
5306.3			1.0
5307.2			1.0
5308.1			1.0
5309.0			1.0
5309.9			1.0
5310.8			1.0
5311.7			1.0
5312.6			1.0
5313.5			1.0
5314.4			1.0
5315.3			1.0
5316.2			1.0
5317.1			1.0
5318.0			1.0
5318.9			1.0
5319.8			1.0
5320.7			1.0
5321.6			1.0
5322.5			1.0
5323.4			1.0
5324.3			0.9480634084453821
5325.2			0.9706594347484856
5326.1			0.9405632409999718
5327.0			0.7876488206349549
5327.9			0.6389743027501295
5328.8			0.6471235492157862
5329.7			0.7904941219469344
5330.6			0.9336286987837
5331.5			0.9998582167087545
5332.4			1.0
5333.3			1.0
5334.2			1.0
5335.1			1.0
5336.0			1.0
5336.9			1.0
5337.8			0.992513256176018
5338.7			0.9571861210907263
5339.6			0.8863322496747201
5340.5			0.8482167574850643
5341.4			0.8886989083799035
5342.3			0.9567249140453945
5343.2			0.9979773710506491
5344.1			1.0
5345.0			1.0
5345.9			1.0
5346.8			1.0
5347.7			1.0
5348.6			1.0
5349.5			1.0
5350.4			1.0
5351.3			1.0
5352.2			1.0
5353.1			1.0
5354.0			1.0
5354.9			1.0
5355.8			1.0
5356.7			1.0
5357.6			1.0
5358.5			1.0
5359.4			1.0
5360.3			1.0
5361.2			1.0
5362.1			1.0
5363.0			1.0
5363.9			1.0
5364.8			1.0
5365.7			1.0
5366.6			1.0
5367.5			0.99985579528448
5368.4			0.9701774795622652
5369.3			0.8737236147253623
5370.2			0.7372129538599835
5371.1			0.6549442141116771
5372.0			0.6996258646176448
5372.9			0.8292717526970512
5373.8			0.9411091952933616
5374.7			0.9975200320839561
5375.6			1.0
5376.5			1.0
5377.4			1.0
5378.3			1.0
5379.2			1.0
5380.1			1.0
5381.0			0.9819114535536582
5381.9			0.9429462029353366
5382.8			0.8893090053656757
5383.7			0.8727454945669403
5384.6			0.9166712982490531
5385.5			0.9737370030367417
5386.4			1.000148408879217
5387.3			1.0
5388.2			1.0
5389.1			1.0
5390.0			1.0
5390.9			1.0
5391.8			1.0
5392.7			1.0
5393.6			1.0
5394.5			1.0
5395.4			1.0
5396.3			1.0
5397.2			1.0
5398.1			1.0897491749439974
5399.0			1.2081001501948414
5399.9			1.2307413865232477
5400.8			1.2024568727335117
5401.7			1.1947339931693282
5402.6			1.164671525082429
5403.5			1.05539185992922
5404.4			0.9032170906619787
5405.3			0.8023522055769231
5406.2			0.8227827012049256
5407.1			0.9196299549811372
5408.0			0.954705442228636
5408.9			0.8826384063575117
5409.8			0.8154514685735429
5410.7			0.8462870509699223
5411.6			0.9323760996949021
5412.5			1.0063028047665252
5413.4			1.0
5414.3			1.0
5415.2			1.0
5416.1			1.0
5417.0			1.0
5417.9			1.0
5418.8			1.0
5419.7			1.0
5420.6			1.0
5421.5			1.0
5422.4			1.0177945425196981
5423.3			0.9889240144055229
5424.2			0.9594625046654244
5425.1			0.9814460467281
5426.0			1.0346107045314161
5426.9			1.0607909078193463
5427.8			0.9995781455225715
5428.7			0.8563408825411193
5429.6			0.7595181349855884
5430.5			0.7996133291342677
5431.4			0.8873369408614494
5432.3			0.9096698156317684
5433.2			0.8669773261476142
5434.1			0.8194426931323058
5435.0			0.8356306271850141
5435.9			0.9202352929287909
5436.8			0.9980680544737927
5437.7			1.0
5438.6			1.0
5439.5			1.0
5440.4			1.0
5441.3			1.0
5442.2			1.0
5443.1			0.9988772321198574
5444.0			0.9603856895216982
5444.9			0.8684100141909274
5445.8			0.755706938169996
5446.7			0.7026598403211917
5447.6			0.763552291259031
5448.5			0.8834726107496007
5449.4			0.9724932631791681
5450.3			1.0079273234096933
5451.2			1.0
5452.1			1.0
5453.0			0.9744712447910329
5453.9			0.8986115474349908
5454.8			0.798285394426134
5455.7			0.765774956908316
5456.6			0.8393014765922094
5457.5			0.9415634722855548
5458.4			0.9948737514926905
5459.3			1.0
5460.2			1.0
5461.1			1.0
5462.0			1.0
5462.9			1.0
5463.8			1.0
5464.7			1.0
5465.6			1.0
5466.5			1.0
5467.4			1.0
5468.3			1.0
5469.2			1.0
5470.1			1.0
5471.0			1.0
5471.9			1.026613121886303
5472.8			1.0206145128552024
5473.7			0.9893968959056665
5474.6			0.9684748621012952
5475.5			0.9432502352334211
5476.4			0.9091518134385742
5477.3			0.9153624638632889
5478.2			0.9771603816106338
5479.1			1.038860284006841
5480.0			1.0452032587441202
5480.9			1.0006201781177353
5481.8			1.0
5482.7			1.0
5483.6			1.0
5484.5			1.0
5485.4			1.0
5486.3			1.0
5487.2			1.0
5488.1			1.0
5489.0			1.0
5489.9			1.0
5490.8			1.0
5491.7			1.0
5492.6			1.0
5493.5			1.0
5494.4			1.0
5495.3			1.0
5496.2			1.0
5497.1			1.0
5498.0			1.0
5498.9			1.0
5499.8			1.0
5500.7			1.0
5501.6			1.0
5502.5			1.0
5503.4			1.0
5504.3			1.0
5505.2			1.0
5506.1			1.0
5507.0			1.0
5507.9			1.0
5508.8			1.0519341225893033
5509.7			1.0313649370337223
5510.6			0.9602389248353407
5511.5			0.8791877327754223
5512.4			0.8256599798717775
5513.3			0.8160136785425108
5514.2			0.8387231363234101
5515.1			0.8745017122959811
5516.0			0.9167694450101139
5516.9			0.9638555269668538
5517.8			1.0030530687720485
5518.7			1.0
5519.6			1.0
5520.5			1.0
5521.4			1.0
5522.3			1.0
5523.2			1.0
5524.1			1.0
5525.0			1.0
5525.9			0.9822265621148822
5526.8			0.932030196883404
5527.7			0.8663976268557686
5528.6			0.8624368483335525
5529.5			0.9360475021628588
5530.4			0.9996648142555753
5531.3			0.999690308627727
5532.2			1.0
5533.1			1.0
5534.0			1.0
5534.9			1.0
5535.8			1.0
5536.7			1.0
5537.6			1.0
5538.5			1.0
5539.4			1.0
5540.3			1.0
5541.2			1.0
5542.1			1.0
5543.0			1.0
5543.9			1.0
5544.8			1.0
5545.7			1.0
5546.6			1.0
5547.5			1.0
5548.4			1.0
5549.3			1.0
5550.200000000001			1.0
5551.1			1.0
5552.0			1.0
5552.9			1.0
5553.8			1.0
5554.700000000001			1.0
5555.6			1.0
5556.5			1.0
5557.4			1.0
5558.3			1.0
5559.200000000001			1.0
5560.1			0.9994570346091265
5561.0			0.9776317074037364
5561.9			0.9549789959488584
5562.8			0.9475477975479534
5563.700000000001			0.9497484963610663
5564.6			0.9429009116609554
5565.5			0.920266344140269
5566.4			0.9022327574223161
5567.3			0.9080725051875769
5568.200000000001			0.9236225485332752
5569.1			0.9287435382790631
5570.0			0.933794170278718
5570.9			0.9441718485072973
5571.8			0.9343389904022326
5572.700000000001			0.9227612630525214
5573.6			0.9489982898588118
5574.5			0.9867679324788202
5575.4			0.9968875941178854
5576.3			1.0092028394112673
5577.200000000001			1.0484421513745479
5578.1			1.0740044652799057
5579.0			1.0708794487494708
5579.9			1.0634472103906645
5580.8			1.0436408082531219
5581.700000000001			1.011847549907823
5582.6			1.0
5583.5			1.0248042208848798
5584.4			1.033256171387857
5585.3			0.9877367836496755
5586.200000000001			0.9037190975003082
5587.1			0.8255620345518092
5588.0			0.7832093577802073
5588.9			0.7872171817135047
5589.8			0.8477714811701957
5590.700000000001			0.9391388377479096
5591.6			1.0001491432592544
5592.5			1.0
5593.4			0.9517125656253972
5594.3			0.9152383986127036
5595.200000000001			0.9412583135186015
5596.1			0.9883363866614436
5597.0			0.9762527398151892
5597.9			0.9202771348079801
5598.8			0.8994782340590041
5599.700000000001			0.9207305746351238
5600.6			0.9237014787856603
5601.5			0.9004409480097756
5602.4			0.8962771798858896
5603.3			0.9341769191030701
5604.200000000001			0.9994730660427072
5605.1			1.0
5606.0			1.0
5606.9			1.0
5607.8			1.0
5608.700000000001			1.0
5609.6			1.0
5610.5			1.0
5611.4			1.0
5612.3			1.0
5613.200000000001			0.9835167957437796
5614.1			0.9178889231100245
5615.0			0.8379912191800719
5615.9			0.8247478939495102
5616.8			0.8924995562737111
5617.700000000001			0.9661537767000105
5618.6			0.9915202484980857
5619.5			1.0
5620.4			1.0
5621.3			1.0
5622.200000000001			1.0
5623.1			0.9853573706397674
5624.0			0.9375832539608457
5624.9			0.9213063599509546
5625.8			0.9551403734911574
5626.700000000001			0.9966050598249507
5627.6			1.0
5628.5			1.0
5629.4			1.0
5630.3			1.0
5631.200000000001			1.0
5632.1			1.0
5633.0			1.0
5633.9			1.0
5634.8			1.0
5635.700000000001			1.0
5636.6			1.0
5637.5			1.0
5638.4			1.0
5639.3			1.0
5640.200000000001			1.0
5641.1			1.0
5642.0			1.0
5642.9			1.0
5643.8			1.0
5644.700000000001			1.0
5645.6			1.0
5646.5			1.0
5647.4			1.0
5648.3			1.0
5649.200000000001			1.0
5650.1			1.0
5651.0			1.0
5651.9			1.0
5652.8			1.0093010194778442
5653.700000000001			1.0051796219565998
5654.6			0.9904838884339578
5655.5			0.9793780227830597
5656.4			0.9652514654516514
5657.3			0.9248076094898865
5658.200000000001			0.8744852159761283
5659.1			0.8706764299029315
5660.0			0.9160890943623268
5660.9			0.9389550437840503
5661.8			0.9129722193545067
5662.700000000001			0.8976701124282879
5663.6			0.92657455366796
5664.5			0.9707147768032591
5665.4			1.0000223812573665
5666.3			1.0
5667.200000000001			1.0
5668.1			1.0
5669.0			1.0
5669.9			1.0
5670.8			1.0
5671.700000000001			1.0
5672.6			1.0
5673.5			1.0
5674.4			1.0
5675.3			1.0
5676.200000000001			1.0
5677.1			1.0
5678.0			1.0
5678.9			1.0
5679.8			1.0
5680.700000000001			1.0
5681.6			1.0
5682.5			1.0
5683.4			1.0
5684.3			1.0
5685.200000000001			1.016718962849587
5686.1			0.9837180284225957
5687.0			0.9282838645883325
5687.9			0.8953296594452997
5688.8			0.9124126225202707
5689.700000000001			0.9616138443963644
5690.6			1.0002701354956935
5691.5			1.0
5692.4			1.0
5693.3			1.0
5694.200000000001			1.0
5695.1			1.0
5696.0			1.0
5696.9			1.0
5697.8			1.0
5698.700000000001			1.0
5699.6			1.0
5700.5			1.0
5701.4			1.0
5702.3			1.0
5703.200000000001			1.0106480141364498
5704.1			1.0347434885592335
5705.0			1.0443790026391946
5705.9			1.0242350655371752
5706.8			0.9900506070312969
5707.700000000001			0.9611756659835368
5708.6			0.9356691785970511
5709.5			0.920885618176103
5710.4			0.9183753555176019
5711.3			0.9185320271777535
5712.200000000001			0.9376809508479543
5713.1			0.9780307972134881
5714.0			1.0059469370580296
5714.9			1.0068867312263436
5715.8			0.9981644804188565
5716.700000000001			1.0
5717.6			1.0
5718.5			1.0
5719.4			1.0
5720.3			1.0
5721.200000000001			1.0
5722.1			1.0
5723.0			1.0
5723.9			1.0
5724.8			0.9933257943924959
5725.700000000001			0.9711672774663187
5726.6			0.9381356537801762
5727.5			0.9322726941383002
5728.4			0.971067398777934
5729.3			1.0079868737451256
5730.200000000001			1.001411429988749
5731.1			1.0
5732.0			1.0
5732.9			1.0
5733.8			1.0
5734.700000000001			1.0
5735.6			1.0
5736.5			1.0
5737.4			1.0
5738.3			1.0
5739.200000000001			1.0
5740.1			1.0
5741.0			1.0
5741.9			1.0
5742.8			1.0
5743.700000000001			1.0
5744.6			1.0
5745.5			1.0
5746.4			1.0
5747.3			1.0
5748.200000000001			1.0
5749.1			1.0
5750.0			1.0
5750.9			1.0
5751.8			1.0
5752.700000000001			1.0
5753.6			1.0
5754.5			1.0
5755.4			1.0
5756.3			1.0
5757.200000000001			1.0
5758.1			1.0
5759.0			1.0
5759.9			0.9869536621422353
5760.8			0.9681319429388175
5761.700000000001			0.9404212364396785
5762.6			0.921126236022256
5763.5			0.9368971625191348
5764.4			0.975763285993138
5765.3			0.9997813101545933
5766.200000000001			1.0
5767.1			1.0
5768.0			1.0
5768.9			1.0
5769.8			1.0
5770.700000000001			1.0
5771.6			1.0
5772.5			1.0
5773.4			1.0
5774.3			1.0
5775.200000000001			1.0
5776.1			1.0
5777.0			1.0
5777.9			0.9998649882306986
5778.8			0.9918855356646294
5779.700000000001			0.9739819138670981
5780.6			0.9457755504443571
5781.5			0.9269373482429286
5782.4			0.9272052363208946
5783.3			0.9303582785968917
5784.200000000001			0.9229078683479244
5785.1			0.9138980979135911
5786.0			0.9258562651819159
5786.9			0.9575891871297899
5787.8			0.983822917340473
5788.700000000001			0.9938397092572087
5789.6			0.982721094155079
5790.5			0.9607613244414899
5791.4			0.9630792701387616
5792.3			0.9990549488512565
5793.200000000001			1.0
5794.1			1.0
5795.0			1.0
5795.9			1.0
5796.8			1.0
5797.700000000001			1.0
5798.6			1.0
5799.5			1.0
5800.4			1.0
5801.3			1.0
5802.200000000001			1.0
5803.1			1.0
5804.0			1.0
5804.9			1.0
5805.8			1.0
5806.700000000001			1.0
5807.6			1.0
5808.5			1.0
5809.4			1.0
5810.3			1.0
5811.200000000001			1.0
5812.1			1.0
5813.0			1.0
5813.9			1.0
5814.8			1.0
5815.700000000001			1.0
5816.6			1.0
5817.5			1.0
5818.4			1.0
5819.3			1.0
5820.200000000001			1.0
5821.1			1.0
5822.0			1.0
5822.9			1.0
5823.8			1.0
5824.700000000001			1.0
5825.6			1.0
5826.5			1.0
5827.4			1.0
5828.3			1.0
5829.200000000001			1.0
5830.1			1.0
5831.0			1.0
5831.9			1.0
5832.8			1.0
5833.700000000001			1.0
5834.6			1.0
5835.5			1.0
5836.4			1.0
5837.3			1.0
5838.200000000001			1.0
5839.1			1.0
5840.0			1.0
5840.9			1.0
5841.8			1.0
5842.700000000001			1.0
5843.6			1.0
5844.5			1.0
5845.4			1.0
5846.3			1.0
5847.200000000001			1.0
5848.1			1.0
5849.0			1.0
5849.9			1.0
5850.8			1.0
5851.700000000001			1.0
5852.6			1.0
5853.5			1.0
5854.4			1.0075010867830703
5855.3			0.9881762455563361
5856.200000000001			0.924030506183934
5857.1			0.8614953370542806
5858.0			0.8675950785215862
5858.9			0.9350051705929674
5859.8			0.9991293515882619
5860.700000000001			1.0
5861.6			1.0
5862.5			1.0
5863.4			1.0
5864.3			1.0
5865.200000000001			1.0
5866.1			1.0
5867.0			1.0
5867.9			1.0
5868.8			1.0
5869.700000000001			1.0
5870.6			1.0
5871.5			1.0
5872.4			1.0
5873.3			1.0
5874.200000000001			1.0
5875.1			1.0
5876.0			1.0
5876.9			1.0
5877.8			0.9870013658045662
5878.700000000001			0.9688977727720343
5879.6			0.949599691106077
5880.5			0.9441145407672481
5881.4			0.9500646186569375
5882.3			0.9396885500883343
5883.200000000001			0.9047926317178955
5884.1			0.858835717244434
5885.0			0.811303341530585
5885.9			0.7487278760014474
5886.8			0.6560337364432424
5887.700000000001			0.5371775058210233
5888.6			0.4126595116398109
5889.5			0.32478281477630805
5890.4			0.31878938542161084
5891.3			0.39034886473492625
5892.200000000001			0.4816111945154126
5893.1			0.5276059521399064
5894.0			0.4976122899211962
5894.9			0.41620900531016125
5895.8			0.3652661812818885
5896.700000000001			0.4138934363022951
5897.6			0.5391147301116325
5898.5			0.6681350162503958
5899.4			0.7732423979118879
5900.3			0.8648374835809757
5901.200000000001			0.9361189538241701
5902.1			0.9772526522926666
5903.0			1.0016196236825712
5903.9			1.0
5904.8			1.0
5905.700000000001			1.0
5906.6			1.0
5907.5			1.0
5908.4			1.0
5909.3			1.0
5910.200000000001			1.0
5911.1			1.0
5912.0			1.0
5912.9			1.0
5913.8			1.0
5914.700000000001			1.0
5915.6			1.0
5916.5			1.0
5917.4			1.0
5918.3			1.0
5919.200000000001			1.0
5920.1			1.0
5921.0			1.0
5921.9			1.0
5922.8			1.0
5923.700000000001			1.0
5924.6			1.0
5925.5			1.0
5926.4			1.0
5927.3			1.0
5928.200000000001			1.0
5929.1			1.0
5930.0			1.0
5930.9			1.0
5931.8			1.0
5932.700000000001			1.0
5933.6			1.0
5934.5			1.0
5935.4			1.0
5936.3			1.0
5937.200000000001			1.0
5938.1			1.0
5939.0			1.0
5939.9			1.0
5940.8			1.0
5941.700000000001			1.0
5942.6			1.0
5943.5			1.0
5944.4			1.0
5945.3			1.0
5946.200000000001			1.0
5947.1			1.0
5948.0			1.0
5948.9			1.0
5949.8			1.0
5950.700000000001			1.0
5951.6			1.0
5952.5			1.0
5953.4			1.0
5954.3			1.0
5955.200000000001			1.0
5956.1			1.0
5957.0			1.0
5957.9			1.0
5958.8			1.0
5959.700000000001			1.0
5960.6			1.0
5961.5			1.0
5962.4			1.0
5963.3			1.0
5964.200000000001			1.0
5965.1			1.0
5966.0			1.0
5966.9			1.0
5967.8			1.0
5968.700000000001			1.0
5969.6			1.0
5970.5			1.0
5971.4			1.0
5972.3			1.0
5973.200000000001			1.0
5974.1			1.0
5975.0			1.0
5975.9			1.0
5976.8			1.0
5977.700000000001			1.0
5978.6			1.0
5979.5			1.0
5980.4			1.0
5981.3			1.0
5982.200000000001			1.0
5983.1			1.0
5984.0			1.0
5984.9			1.0
5985.8			1.0
5986.700000000001			1.0
5987.6			1.0
5988.5			1.0
5989.4			1.0
5990.3			1.0
5991.200000000001			1.0
5992.1			1.0
5993.0			1.0
5993.9			1.0
5994.8			1.0
5995.700000000001			1.0
5996.6			1.0
5997.5			1.0
5998.4			1.0
5999.3			1.0
6000.200000000001			1.0
6001.1			1.0
6002.0			1.0
6002.9			1.0
6003.8			1.0
6004.700000000001			1.0212594034982254
6005.6			1.019821832577839
6006.5			0.9958586391625326
6007.4			0.9662715778102597
6008.3			0.9524326613433481
6009.200000000001			0.9714763506575271
6010.1			1.0032636338219962
6011.0			1.0148652706818324
6011.9			0.9979881622257392
6012.8			1.0
6013.700000000001			1.0
6014.6			1.0
6015.5			1.0
6016.4			1.0
6017.3			1.0
6018.200000000001			1.0
6019.1			1.0
6020.0			1.0
6020.9			1.0
6021.8			1.0
6022.700000000001			1.0
6023.6			1.0
6024.5			1.0
6025.4			1.0
6026.3			1.0
6027.200000000001			1.0
6028.1			1.0
6029.0			1.0
6029.9			1.0
6030.8			1.0
6031.700000000001			1.0
6032.6			1.0
6033.5			1.0
6034.4			1.0
6035.3			1.0
6036.200000000001			1.0
6037.1			1.0
6038.0			1.0
6038.9			1.0
6039.8			1.0
6040.700000000001			1.0
6041.6			1.0
6042.5			1.0
6043.4			1.0
6044.3			1.0
6045.200000000001			1.0
6046.1			1.0
6047.0			1.0
6047.9			1.0
6048.8			1.0
6049.700000000001			1.0
6050.6			1.0
6051.5			1.0
6052.4			1.0
6053.3			1.0
6054.200000000001			1.0
6055.1			1.0
6056.0			1.0
6056.9			1.0
6057.8			1.0
6058.700000000001			1.0
6059.6			1.0
6060.5			1.0
6061.4			1.0
6062.3			0.9810671478295279
6063.200000000001			0.9590520307287892
6064.1			0.9287288639181086
6065.0			0.9020627159203236
6065.9			0.9151078391805163
6066.8			0.9628214338322786
6067.700000000001			0.9992138444325168
6068.6			1.0
6069.5			1.0
6070.4			1.0
6071.3			1.0
6072.200000000001			1.0
6073.1			1.0
6074.0			1.0
6074.9			1.0
6075.8			1.0
6076.700000000001			1.0
6077.6			1.0
6078.5			1.0
6079.4			1.0
6080.3			1.0
6081.200000000001			1.0
6082.1			1.0
6083.0			1.0
6083.9			1.0
6084.8			1.0
6085.700000000001			1.0
6086.6			1.0
6087.5			1.0
6088.4			1.0
6089.3			1.0
6090.200000000001			1.0
6091.1			1.0
6092.0			1.0
6092.9			1.0
6093.8			1.0
6094.700000000001			1.0
6095.6			1.0
6096.5			1.0
6097.4			1.0
6098.3			1.0
6099.200000000001			1.0
6100.1			0.9816467218649249
6101.0			0.9095115348785537
6101.9			0.8014680929181867
6102.8			0.7535301736441269
6103.700000000001			0.8237482872228864
6104.6			0.9364142538257099
6105.5			1.0000733057419169
6106.4			1.0
6107.3			1.0
6108.200000000001			1.0
6109.1			1.0
6110.0			1.0
6110.9			1.0
6111.8			1.0
6112.700000000001			1.0
6113.6			1.0
6114.5			1.0
6115.4			1.0
6116.3			1.0
6117.200000000001			1.0
6118.1			0.9931123973937925
6119.0			0.962625746695594
6119.9			0.8951908272208002
6120.8			0.7840080866723675
6121.700000000001			0.6810036213884908
6122.6			0.6871621833595157
6123.5			0.8128475773372321
6124.4			0.9440743747180923
6125.3			1.0024891798982127
6126.200000000001			1.0
6127.1			1.0
6128.0			1.0
6128.9			1.0
6129.8			1.0
6130.700000000001			1.0
6131.6			1.0
6132.5			1.0
6133.4			1.0
6134.3			0.9665652127019838
6135.200000000001			0.9094819045724605
6136.1			0.8406047328658579
6137.0			0.8076386615650355
6137.9			0.8528546445218571
6138.8			0.9426783014799573
6139.700000000001			0.9990450104872741
6140.6			1.0
6141.5			1.0
6142.4			1.0
6143.3			1.0
6144.200000000001			1.0
6145.1			1.0
6146.0			1.0
6146.9			1.0
6147.8			1.0
6148.700000000001			1.0
6149.6			1.0
6150.5			1.0
6151.4			1.0
6152.3			1.0
6153.200000000001			1.0
6154.1			1.0
6155.0			1.0
6155.9			1.0
6156.8			1.0
6157.700000000001			1.0001396831401956
6158.6			0.982535526459963
6159.5			0.9208748231833433
6160.4			0.7910285978741807
6161.3			0.6399408029590956
6162.200000000001			0.5799230019355991
6163.1			0.6619433697283781
6164.0			0.8154047430649946
6164.9			0.9356004259863667
6165.8			0.9895182280935643
6166.700000000001			1.0137408919843407
6167.6			1.0
6168.5			1.0
6169.4			1.0
6170.3			1.0
6171.200000000001			1.0
6172.1			1.0
6173.0			1.0
6173.9			1.0
6174.8			1.0
6175.700000000001			1.0
6176.6			1.0
6177.5			1.0
6178.4			1.0
6179.3			1.0
6180.200000000001			1.0
6181.1			1.0
6182.0			1.0
6182.9			1.0
6183.8			1.0
6184.700000000001			1.0
6185.6			1.0
6186.5			1.0
6187.4			1.0
6188.3			0.9960721573400377
6189.200000000001			0.9834303289809775
6190.1			0.9388279392792506
6191.0			0.8837120038703279
6191.9			0.8773023000168293
6192.8			0.9275216343719453
6193.700000000001			0.9788163049051952
6194.6			0.9965484194942974
6195.5			0.9964963210525564
6196.4			1.0
6197.3			1.0
6198.200000000001			1.0
6199.1			1.0
6200.0			1.0
6200.9			1.0
6201.8			1.0
6202.700000000001			1.0
6203.6			1.0
6204.5			1.0
6205.4			1.0
6206.3			1.0
6207.200000000001			1.0
6208.1			1.0
6209.0			1.0
6209.9			1.0
6210.8			1.0
6211.700000000001			1.0
6212.6			0.985044911558343
6213.5			0.9495123887444772
6214.4			0.9243640763332813
6215.3			0.9205811613171355
6216.200000000001			0.9409975834108849
6217.1			0.9775420501718606
6218.0			0.9977538751208461
6218.9			1.0
6219.8			1.0
6220.700000000001			1.0
6221.6			1.0
6222.5			1.0
6223.4			1.0
6224.3			1.0
6225.200000000001			1.0
6226.1			1.0
6227.0			1.0038052219333862
6227.9			0.9940056444873421
6228.8			0.9642862560860082
6229.700000000001			0.9120260498679228
6230.6			0.8693144167059418
6231.5			0.8749253050797093
6232.4			0.9153380227125462
6233.3			0.9590071987034862
6234.200000000001			1.0001933768196136
6235.1			1.0
6236.0			1.0064517661753418
6236.9			0.9982957117813499
6237.8			0.9787997833888397
6238.700000000001			0.9477854319415123
6239.6			0.9186323395259285
6240.5			0.9156997828897815
6241.4			0.9236773477818068
6242.3			0.9103573045436665
6243.200000000001			0.9024886693518529
6244.1			0.929038414114551
6245.0			0.9529536277532155
6245.9			0.9530332172203648
6246.8			0.9658576281542904
6247.700000000001			1.0
6248.6			1.0176199293833146
6249.5			1.0123404463890313
6250.4			0.993484121503894
6251.3			0.9529013837937258
6252.200000000001			0.9073201009898936
6253.1			0.8976163623705361
6254.0			0.9229085815931336
6254.9			0.9445843393379243
6255.8			0.9374229897130418
6256.700000000001			0.9007967193891269
6257.6			0.8517760809856992
6258.5			0.8291944287362433
6259.4			0.8592088375798398
6260.3			0.9067136910552078
6261.200000000001			0.9440059453756009
6262.1			0.986451615549772
6263.0			1.0234499602350389
6263.9			1.0201979902225522
6264.8			0.9896473881276209
6265.700000000001			0.9817161554077516
6266.6			1.0022441677628124
6267.5			1.0118236944436747
6268.4			1.0001290872340522
6269.3			1.0
6270.200000000001			1.0
6271.1			1.0
6272.0			1.0
6272.9			1.0
6273.8			1.0
6274.700000000001			1.0
6275.6			1.0
6276.5			1.0
6277.4			1.0
6278.3			1.0
6279.200000000001			1.0
6280.1			1.0
6281.0			1.0
6281.9			1.0
6282.8			1.0
6283.700000000001			1.0
6284.6			1.0
6285.5			1.0
6286.4			1.0
6287.3			1.0
6288.200000000001			1.0
6289.1			1.0
6290.0			1.0
6290.9			1.0
6291.8			1.0
6292.700000000001			1.0
6293.6			1.0
6294.5			1.0
6295.4			1.0
6296.3			1.0
6297.200000000001			1.0
6298.1			1.027914277608052
6299.0			1.0552150221102874
6299.9			1.0435752976486727
6300.8			0.9949556541856791
6301.700000000001			0.9583005055672926
6302.6			0.9717013483856302
6303.5			1.0075329089823586
6304.4			1.016063515772646
6305.3			1.0012631404191021
6306.200000000001			1.0
6307.1			1.0
6308.0			1.0
6308.9			1.0
6309.8			1.0
6310.700000000001			1.0
6311.6			1.0
6312.5			1.002056974719839
6313.4			1.0038498336504538
6314.3			0.9900758219603183
6315.200000000001			0.978730613010297
6316.1			0.9776123233771984
6317.0			0.9635878381546864
6317.9			0.9428135966613015
6318.8			0.9539585599164901
6319.700000000001			0.9934058585321591
6320.6			1.0181321321065462
6321.5			1.0113544502370446
6322.4			0.9977857047142764
6323.3			0.9998023350626135
6324.200000000001			1.0
6325.1			1.0
6326.0			1.0
6326.9			1.0
6327.8			1.0
6328.700000000001			1.0
6329.6			1.0
6330.5			1.0
6331.4			1.0
6332.3			1.0
6333.200000000001			0.9991944158673305
6334.1			0.9634348257268123
6335.0			0.912869457640492
6335.9			0.8879989544786946
6336.8			0.9078845798426881
6337.700000000001			0.9546996635138417
6338.6			0.9961505964624688
6339.5			1.0
6340.4			1.0
6341.3			1.0
6342.200000000001			1.0
6343.1			1.0
6344.0			1.0
6344.9			1.0
6345.8			1.0
6346.700000000001			1.0
6347.6			1.0
6348.5			1.0
6349.4			1.0
6350.3			1.0
6351.200000000001			1.0
6352.1			1.0
6353.0			1.0
6353.9			1.0
6354.8			1.0
6355.700000000001			1.003794363097724
6356.6			1.0074144987591627
6357.5			0.9894757812985848
6358.4			0.9607746832865931
6359.3			0.9478748487210774
6360.200000000001			0.9503817931729659
6361.1			0.9441195071570807
6362.0			0.9301030792641705
6362.9			0.9322720867857004
6363.8			0.9531923332178379
6364.700000000001			0.9737531881947769
6365.6			0.9810640875856085
6366.5			0.9855404569837262
6367.4			0.9946504229816527
6368.3			1.0000469235817029
6369.200000000001			1.0
6370.1			1.0
6371.0			1.0
6371.9			1.0
6372.8			1.0
6373.700000000001			1.0
6374.6			1.0
6375.5			1.0
6376.4			1.0
6377.3			1.0
6378.200000000001			0.979654731422156
6379.1			0.9548095726107422
6380.0			0.9276966798443995
6380.9			0.9119807539617071
6381.8			0.9307737965161902
6382.700000000001			0.9737161444472833
6383.6			0.9996872474094275
6384.5			1.0
6385.4			1.0
6386.3			1.0
6387.200000000001			1.0
6388.1			1.0
6389.0			1.0
6389.9			1.0
6390.8			1.0
6391.700000000001			1.0
6392.6			1.0
6393.5			1.0
6394.4			1.0
6395.3			1.0
6396.200000000001			1.0
6397.1			1.0015138737144276
6398.0			0.9737319296479119
6398.9			0.9188163330396492
6399.8			0.8747421860302055
6400.700000000001			0.8912776393444405
6401.6			0.9511189358281155
6402.5			1.0004069581803727
6403.4			1.0
6404.3			1.0
6405.200000000001			1.0
6406.1			1.0
6407.0			1.0
6407.9			1.0
6408.8			1.0089508567181542
6409.700000000001			1.0120670471855107
6410.6			0.9811396312597046
6411.5			0.9461267162319619
6412.4			0.9482094012273993
6413.3			0.9759505335936595
6414.200000000001			1.002898358036511
6415.1			1.0
6416.0			1.0
6416.9			1.0
6417.8			0.9872152096831462
6418.700000000001			0.9704169707150028
6419.6			0.9433664067803397
6420.5			0.9177232182903668
6421.4			0.9237138118747308
6422.3			0.9637739971521726
6423.200000000001			0.9998057833196011
6424.1			1.0
6425.0			1.0
6425.9			1.0
6426.8			1.0
6427.700000000001			1.0
6428.6			1.0
6429.5			1.0
6430.4			1.0
6431.3			1.0
6432.200000000001			1.0
6433.1			1.0
6434.0			1.0
6434.9			1.0
6435.8			1.0
6436.700000000001			0.973194815096974
6437.6			0.895081754899812
6438.5			0.809114510240159
6439.4			0.8004718425002938
6440.3			0.8763814179834061
6441.200000000001			0.9584578917688692
6442.1			0.9999417809800728
6443.0			1.0
6443.9			1.0
6444.8			1.0
6445.700000000001			1.0
6446.6			1.0
6447.5			0.9703284703432744
6448.4			0.9076666952546232
6449.3			0.8449779655083742
6450.200000000001			0.8428907069663735
6451.1			0.9008425775399788
6452.0			0.9634476434278121
6452.9			1.0000052092328087
6453.8			1.0
6454.700000000001			1.0
6455.6			1.0
6456.5			1.0
6457.4			1.0
6458.3			1.0
6459.200000000001			1.0
6460.1			0.9732729563008274
6461.0			0.9006632156314622
6461.9			0.8132416157604415
6462.8			0.7912729768712052
6463.700000000001			0.8565229478056909
6464.6			0.9421216771110607
6465.5			0.9983067577834743
6466.4			1.0
6467.3			1.0
6468.200000000001			1.0
6469.1			0.988370132536327
6470.0			0.9650187482683403
6470.9			0.9317309704471346
6471.8			0.92180191230215
6472.700000000001			0.954769564881402
6473.6			0.9915984435605492
6474.5			1.0002600692274257
6475.4			1.0
6476.3			1.0
6477.200000000001			1.0
6478.1			1.0
6479.0			1.0
6479.9			1.0
6480.8			1.0
6481.700000000001			1.0
6482.6			1.0
6483.5			1.0
6484.4			1.0
6485.3			1.0
6486.200000000001			1.0
6487.1			1.0
6488.0			1.0
6488.9			1.0
6489.8			1.009762390597919
6490.700000000001			1.0167539108223191
6491.6			0.9997190443767182
6492.5			0.934878964953175
6493.4			0.8420056276157888
6494.3			0.790927204187676
6495.200000000001			0.8207044098689018
6496.1			0.8943076264704565
6497.0			0.9608365546982268
6497.9			0.9942278286319346
6498.8			0.9983707624104899
6499.700000000001			1.0
6500.6			1.0
6501.5			1.0
6502.4			1.0
6503.3			1.0
6504.200000000001			1.0
6505.1			1.0
6506.0			1.0
6506.9			1.0
6507.8			1.0
6508.700000000001			1.0
6509.6			1.0
6510.5			1.0
6511.4			1.0
6512.3			1.0
6513.200000000001			1.0
6514.1			1.0
6515.0			1.0
6515.9			1.0
6516.8			1.0
6517.700000000001			1.0
6518.6			1.0
6519.5			1.0
6520.4			1.0
6521.3			1.0
6522.200000000001			1.0
6523.1			1.0
6524.0			1.0
6524.9			1.0
6525.8			1.0
6526.700000000001			1.0
6527.6			1.0
6528.5			1.0
6529.4			1.0
6530.3			1.0
6531.200000000001			1.0
6532.1			1.0
6533.0			1.0
6533.9			1.0
6534.8			1.0
6535.700000000001			1.0
6536.6			1.0
6537.5			1.0
6538.4			1.0
6539.3			1.0
6540.200000000001			1.0
6541.1			1.0
6542.0			1.0
6542.9			1.0
6543.8			0.9868131588351977
6544.700000000001			0.9674026785745031
6545.6			0.9411873471961832
6546.5			0.9326966545455078
6547.4			0.9544791306430989
6548.3			0.9836536879321188
6549.200000000001			1.0000026878342132
6550.1			1.0
6551.0			1.0
6551.9			1.0
6552.8			1.0
6553.700000000001			1.0
6554.6			1.0
6555.5			1.0
6556.4			1.0
6557.3			1.0
6558.200000000001			1.0
6559.1			1.0
6560.0			1.0009717140857108
6560.9			0.956017006655083
6561.8			0.8639946729383935
6562.700000000001			0.8042292275336068
6563.6			0.8455785049043684
6564.5			0.9393858278232902
6565.4			1.0013175963102774
6566.3			1.0
6567.200000000001			1.0
6568.1			1.0
6569.0			1.0
6569.9			0.9944770790236471
6570.8			0.9920775524027396
6571.700000000001			0.9684411384530128
6572.6			0.9324640410473667
6573.5			0.918669495995718
6574.4			0.9337886651218396
6575.3			0.959061257742806
6576.200000000001			0.9821246559667429
6577.1			0.9959608934986145
6578.0			1.0
6578.9			1.0
6579.8			1.0
6580.700000000001			1.0
6581.6			1.0
6582.5			1.0
6583.4			1.0
6584.3			1.0
6585.200000000001			1.0
6586.1			1.0
6587.0			1.0
6587.9			1.0
6588.8			1.0
6589.700000000001			1.0
6590.6			0.9857654000905685
6591.5			0.9458769368698975
6592.4			0.8968401850285876
6593.3			0.8800061306101079
6594.200000000001			0.9158098139857733
6595.1			0.968875449057545
6596.0			0.999502646379211
6596.9			1.0
6597.8			1.0
6598.700000000001			1.0
6599.6			1.0
6600.5			1.0
6601.4			1.0
6602.3			1.0
6603.200000000001			1.0
6604.1			1.0
6605.0			1.0
6605.9			1.0
6606.8			1.0
6607.700000000001			1.0
6608.6			1.0
6609.5			1.0
6610.4			1.0
6611.3			1.0
6612.200000000001			1.0
6613.1			1.0
6614.0			1.0
6614.9			1.0
6615.8			1.0
6616.700000000001			1.0
6617.6			1.0
6618.5			1.0
6619.4			1.0
6620.3			1.0
6621.200000000001			1.0
6622.1			1.0
6623.0			1.0
6623.9			1.0
6624.8			1.0
6625.700000000001			1.0
6626.6			1.0
6627.5			1.0
6628.4			1.0
6629.3			1.0
6630.200000000001			1.0
6631.1			1.0
6632.0			1.0
6632.9			1.0
6633.8			1.0
6634.700000000001			1.0
6635.6			1.0
6636.5			1.0
6637.4			1.0
6638.3			1.0
6639.200000000001			1.0
6640.1			1.0
6641.0			1.0
6641.9			1.0
6642.8			1.0
6643.700000000001			1.0
6644.6			1.0
6645.5			1.0
6646.4			1.0
6647.3			1.0
6648.200000000001			1.0
6649.1			1.0
6650.0			1.0
6650.9			1.0
6651.8			1.0
6652.700000000001			1.0
6653.6			1.0
6654.5			1.0
6655.4			1.0
6656.3			1.0
6657.200000000001			1.0
6658.1			0.9993243687957172
6659.0			0.9938641747224682
6659.9			0.9879813799204967
6660.8			0.9817409647105342
6661.700000000001			0.9717729483383518
6662.6			0.9554533664053764
6663.5			0.9462080508628459
6664.4			0.95578188160887
6665.3			0.9719304101030686
6666.200000000001			0.9823491183014839
6667.1			0.9871517266712678
6668.0			0.9908660363458988
6668.9			1.0008310784834342
6669.8			1.0
6670.700000000001			1.0
6671.6			1.0
6672.5			1.0
6673.4			1.0
6674.3			1.0
6675.200000000001			0.9957535369826049
6676.1			0.9719973132584298
6677.0			0.9286213356308548
6677.9			0.9015748289125243
6678.8			0.9238701891235899
6679.700000000001			0.9718004639410439
6680.6			1.0025610053531617
6681.5			1.0
6682.4			1.0
6683.3			1.0
6684.200000000001			1.0
6685.1			1.0
6686.0			1.0
6686.9			1.0
6687.8			1.0
6688.700000000001			1.0
6689.6			1.0
6690.5			1.0
6691.4			1.0
6692.3			1.0
6693.200000000001			1.0
6694.1			1.0
6695.0			1.0
6695.9			1.0
6696.8			1.0
6697.700000000001			1.0
6698.6			1.0
6699.5			1.0
6700.4			1.0
6701.3			1.0
6702.200000000001			1.0
6703.1			1.0
6704.0			1.0
6704.9			1.0
6705.8			1.0
6706.700000000001			1.0
6707.6			1.0
6708.5			1.0
6709.4			1.0
6710.3			1.0
6711.200000000001			1.0
6712.1			1.0
6713.0			1.0
6713.9			1.0
6714.8			0.9859579335399244
6715.700000000001			0.9569089768177815
6716.6			0.9124658969748471
6717.5			0.889382967176774
6718.4			0.9196287431025659
6719.3			0.9701410185521628
6720.200000000001			0.9996638272507554
6721.1			1.0
6722.0			1.0
6722.9			1.0
6723.8			1.0
6724.700000000001			1.0
6725.6			1.0
6726.5			1.0
6727.4			1.0
6728.3			1.0
6729.200000000001			1.0
6730.1			1.0
6731.0			1.0
6731.9			1.0
6732.8			1.0
6733.700000000001			1.0
6734.6			1.0
6735.5			1.0
6736.4			1.0
6737.3			1.0
6738.200000000001			1.0
6739.1			1.0
6740.0			1.0
6740.9			1.0
6741.8			1.0
6742.700000000001			1.0
6743.6			1.0
6744.5			1.0
6745.4			1.0
6746.3			1.0
6747.200000000001			1.0
6748.1			1.0
6749.0			1.0
6749.9			1.0
6750.8			1.0
6751.700000000001			1.0
6752.6			1.0
6753.5			1.0
6754.4			1.0
6755.3			1.0
6756.200000000001			1.0
6757.1			1.0
6758.0			1.0
6758.9			1.0
6759.8			1.0
6760.700000000001			1.0
6761.6			1.0
6762.5			1.0
6763.4			1.0
6764.3			1.0
6765.200000000001			1.0
6766.1			1.0
6767.0			1.0
6767.9			1.0
6768.8			1.0
6769.700000000001			1.0
6770.6			1.0
6771.5			1.0
6772.4			1.0
6773.3			1.0
6774.200000000001			1.0
6775.1			1.0
6776.0			1.0
6776.9			1.0
6777.8			1.0
6778.700000000001			1.0
6779.6			1.0
6780.5			1.0
6781.4			1.0
6782.3			1.0
6783.200000000001			1.0
6784.1			1.0
6785.0			1.0
6785.9			1.0
6786.8			1.0
6787.700000000001			1.0
6788.6			1.0
6789.5			1.0
6790.4			1.0
6791.3			1.0
6792.200000000001			1.0
6793.1			1.0
6794.0			1.0
6794.9			1.0
6795.8			1.0
6796.700000000001			1.0
6797.6			1.0
6798.5			1.0
6799.4			1.0
6800.3			1.0
6801.200000000001			1.0
6802.1			1.0
6803.0			1.0
6803.9			1.0
6804.8			1.0
6805.700000000001			1.0
6806.6			1.0
6807.5			1.0
6808.4			1.0
6809.3			1.0
6810.200000000001			1.0
6811.1			1.0
6812.0			1.0
6812.9			1.0154704180502483
6813.8			1.009073584972747
6814.700000000001			0.9830457830581188
6815.6			0.9670400477390096
6816.5			0.9741400358697442
6817.4			0.98436691314115
6818.3			0.9788900727931126
6819.200000000001			0.9696274214976807
6820.1			0.9758366340508039
6821.0			0.9899188980122118
6821.9			0.9889264862490857
6822.8			0.9715023401165123
6823.700000000001			0.9652686893407375
6824.6			0.9812214432392972
6825.5			0.9955014167605367
6826.4			0.9848937349693134
6827.3			0.9630593171990088
6828.200000000001			0.9609194119996108
6829.1			0.9761897514477088
6830.0			0.9823107185538202
6830.9			0.9711160410629857
6831.8			0.9629443608842659
6832.700000000001			0.9745831998447075
6833.6			0.9900541453402927
6834.5			0.9881830492896443
6835.4			0.9715487496762772
6836.3			0.9582630820203638
6837.200000000001			0.956398671854172
6838.1			0.9579891098694692
6839.0			0.9554244583831122
6839.9			0.9503940609580978
6840.8			0.9443829554008959
6841.700000000001			0.9410444798419786
6842.6			0.9429056168955243
6843.5			0.9455947098028353
6844.4			0.9468320741354801
6845.3			0.9453484461122958
6846.200000000001			0.9436044544622134
6847.1			0.9467400250919965
6848.0			0.9549369982659325
6848.9			0.955675943373241
6849.8			0.9433742017066797
6850.700000000001			0.9336148422640704
6851.6			0.9340117734408294
6852.5			0.9359224872788497
6853.4			0.9319237899301925
6854.3			0.9251734370746763
6855.200000000001			0.9195931712247513
6856.1			0.9157913736652717
6857.0			0.9159475234336175
6857.9			0.9180050469806852
6858.8			0.9164416051101498
6859.700000000001			0.9084379162274231
6860.6			0.8973737950385943
6861.5			0.8950245639982463
6862.4			0.9107364572197955
6863.3			0.936671199941545
6864.200000000001			0.9486645590185098
6865.1			0.9322035156889787
6866.0			0.9091760073114237
6866.9			0.9129214267843133
6867.8			0.9369803987508112
6868.700000000001			0.9410052394723504
6869.6			0.917445780195767
6870.5			0.9004396598269898
6871.4			0.9016459312486769
6872.3			0.9111051319965614
6873.200000000001			0.9166861471162393
6874.1			0.9166471651789722
6875.0			0.9225746366038973
6875.9			0.9344036367836063
6876.8			0.9388560662505019
6877.700000000001			0.9418512628831307
6878.6			0.9485654860754356
6879.5			0.9395468627730454
6880.4			0.9071627771647661
6881.3			0.8767457182691213
6882.200000000001			0.8685958332396877
6883.1			0.8793802886940902
6884.0			0.8929990520459622
6884.9			0.8976937804657908
6885.8			0.9031114264993327
6886.700000000001			0.9244336394279136
6887.6			0.9451012569398665
6888.5			0.9426487336887491
6889.4			0.9269252039636235
6890.3			0.9201712279199004
6891.200000000001			0.9247978174898899
6892.1			0.9296512376227881
6893.0			0.9310216959478108
6893.9			0.9270447087666005
6894.8			0.9169944860464168
6895.700000000001			0.9094258162256892
6896.6			0.911338632597374
6897.5			0.917008598585322
6898.4			0.918642272644619
6899.3			0.9150936635100734
6900.200000000001			0.9062130086831474
6901.1			0.8945437857206877
6902.0			0.8970070199104746
6902.9			0.9210386757795063
6903.8			0.9470915117498229
6904.700000000001			0.9540183381746208
6905.6			0.9465231632624993
6906.5			0.9495468704038554
6907.4			0.9647671019231696
6908.3			0.9742440630434609
6909.200000000001			0.9656324653027933
6910.1			0.943950196705008
6911.0			0.9263521279537772
6911.9			1.0
6912.8			1.0052503275625402
6913.700000000001			1.0086251841044904
6914.6			1.0027830866765248
6915.5			0.9871661550904047
6916.4			0.9686560391327353
6917.3			0.9559783624978256
6918.200000000001			0.947355279196926
6919.1			0.9477129930118119
6920.0			0.9717647753872357
6920.9			1.0083367537036356
6921.8			1.0272964794548258
6922.700000000001			1.0208114797891323
6923.6			0.9976401602576171
6924.5			0.9357987227194019
6925.4			0.9343868822511074
6926.3			0.9555591853803002
6927.200000000001			0.983784401049536
6928.1			1.0028439413925465
6929.0			1.0092397179276693
6929.9			1.0063325087622828
6930.8			1.0003267831686693
6931.700000000001			0.9943388489352519
6932.6			0.9875763118964962
6933.5			0.9864128166335069
6934.4			0.9903716457563567
6935.3			0.9894894410612004
6936.200000000001			0.985346513995661
6937.1			0.982075856587974
6938.0			0.97873621335936
6938.9			0.9793393121657329
6939.8			0.9923398098010089
6940.700000000001			1.0119686066318065
6941.6			1.0239772093008679
6942.5			1.0205467802307908
6943.4			1.0008513210318868
6944.3			0.9773913133809586
6945.200000000001			0.9770439159756522
6946.1			1.0010451622681904
6947.0			1.0228052129073955
6947.9			1.0264775482718165
6948.8			1.019371478190591
6949.700000000001			1.013662790727194
6950.6			1.0080732322231887
6951.5			0.9997893369708811
6952.4			1.0
6953.3			1.0
6954.200000000001			1.0
6955.1			1.0
6956.0			1.0
6956.9			1.0
6957.8			1.0
6958.700000000001			1.0
6959.6			1.0
6960.5			1.0
6961.4			1.0
6962.3			1.0
6963.200000000001			1.0
6964.1			1.0
6965.0			1.0
6965.9			1.0
6966.8			1.0
6967.700000000001			1.0
6968.6			1.0
6969.5			1.0
6970.4			1.0
6971.3			1.0
6972.200000000001			1.0
6973.1			1.0
6974.0			1.0
6974.9			1.005105801086484
6975.8			0.9972720601268138
6976.700000000001			0.9656454629814517
6977.6			0.9218695925747793
6978.5			0.8994605975201164
6979.4			0.9161168658120488
6980.3			0.9530260268097058
6981.200000000001			0.9843505893719119
6982.1			0.9994742809774629
6983.0			1.0
6983.9			1.0
6984.8			1.0
6985.700000000001			1.0
6986.6			1.0
6987.5			1.0
6988.4			1.0
6989.3			1.0
6990.200000000001			1.0
6991.1			1.0
6992.0			1.0
6992.9			1.0
6993.8			1.0
6994.700000000001			1.0
6995.6			1.0
6996.5			1.0
6997.4			1.0
6998.3			1.0
6999.200000000001			1.0
7000.1			1.0
7001.0			1.0
7001.9			1.0
7002.8			1.0
7003.700000000001			1.0
7004.6			1.0
7005.5			1.0
7006.4			1.0
7007.3			1.0
7008.200000000001			1.0
7009.1			1.0
7010.0			1.0
7010.9			1.0
7011.8			1.0
7012.700000000001			1.0
7013.6			1.0
7014.5			1.0
7015.4			1.0
7016.3			1.0
7017.200000000001			1.0
7018.1			1.0
7019.0			1.0
7019.9			1.0
7020.8			1.0
7021.700000000001			1.0
7022.6			1.0
7023.5			1.0
7024.4			1.0
7025.3			1.0
7026.200000000001			1.0
7027.1			1.0
7028.0			1.0
7028.9			1.0
7029.8			1.0
7030.700000000001			1.0
7031.6			1.0
7032.5			1.0
7033.4			1.0
7034.3			1.0
7035.200000000001			1.0
7036.1			1.0
7037.0			1.0
7037.9			1.0
7038.8			1.0
7039.700000000001			1.0
7040.6			1.0
7041.5			1.0
7042.4			1.0
7043.3			1.0
7044.200000000001			1.0
7045.1			1.0
7046.0			1.0
7046.9			1.0
7047.8			1.0
7048.700000000001			1.0
7049.6			1.0
7050.5			1.0
7051.4			1.0
7052.3			1.0
7053.200000000001			1.0
7054.1			1.0
7055.0			1.0
7055.9			1.0
7056.8			1.0
7057.700000000001			1.0
7058.6			1.0
7059.5			1.0
7060.4			1.0
7061.3			1.0
7062.200000000001			1.0
7063.1			1.0
7064.0			1.0
7064.9			1.0
7065.8			1.0
7066.700000000001			1.0
7067.6			1.0
7068.5			1.0
7069.4			1.0
7070.3			1.0
7071.200000000001			1.0
7072.1			1.0
7073.0			1.0
7073.9			1.0
7074.8			1.0
7075.700000000001			1.0
7076.6			1.0
7077.5			1.0
7078.4			1.0
7079.3			1.0
7080.200000000001			1.0
7081.1			1.0
7082.0			1.0
7082.9			1.0
7083.8			1.0
7084.700000000001			1.0
7085.6			1.0
7086.5			1.0
7087.4			1.0
7088.3			1.0
7089.200000000001			1.0
7090.1			1.0
7091.0			1.0
7091.9			1.0
7092.8			1.0
7093.700000000001			1.0
7094.6			1.0
7095.5			1.0
7096.4			1.0
7097.3			1.0
7098.200000000001			1.0
7099.1			1.0
7100.0			1.0
7100.9			1.0
7101.8			1.0
7102.700000000001			1.0
7103.6			1.0
7104.5			1.0
7105.4			1.0
7106.3			1.0
7107.200000000001			1.0
7108.1			1.0
7109.0			1.0
7109.9			1.0
7110.8			1.0
7111.700000000001			1.0
7112.6			1.0
7113.5			1.0
7114.4			1.0
7115.3			1.0
7116.200000000001			1.0
7117.1			1.0
7118.0			1.0
7118.9			1.0
7119.8			1.0
7120.700000000001			1.0
7121.6			1.0
7122.5			1.0
7123.4			1.0
7124.3			1.0
7125.200000000001			1.0
7126.1			1.0
7127.0			1.0
7127.9			1.0
7128.8			1.0
7129.700000000001			1.0
7130.6			1.0
7131.5			1.0
7132.4			1.0
7133.3			1.0
7134.200000000001			1.0
7135.1			1.0
7136.0			1.0
7136.9			1.0
7137.8			1.0
7138.700000000001			1.0
7139.6			1.0
7140.5			1.0
7141.4			1.0
7142.3			1.0
7143.200000000001			1.0
7144.1			1.0
7145.0			1.0
7145.9			1.0
7146.8			1.0
7147.700000000001			1.0
7148.6			1.0
7149.5			1.0
7150.4			1.0
7151.3			1.0
7152.200000000001			1.0
7153.1			1.0
7154.0			1.0
7154.9			1.0
7155.8			1.0
7156.700000000001			1.0
7157.6			1.0
7158.5			1.0
7159.4			1.0
7160.3			1.0
7161.200000000001			1.0
7162.1			1.0
7163.0			1.0
7163.9			1.0
7164.8			1.0
7165.700000000001			1.0
7166.6			1.0
7167.5			1.0
7168.4			1.0
7169.3			1.0
7170.200000000001			1.0
7171.1			1.0
7172.0			1.0
7172.9			1.0
7173.8			1.0
7174.700000000001			1.0
7175.6			1.0
7176.5			1.0
7177.4			1.0
7178.3			1.0
7179.200000000001			1.0
7180.1			1.0
7181.0			1.0
7181.9			1.0
7182.8			1.0
7183.700000000001			1.0
7184.6			1.0
7185.5			1.0
7186.4			1.0
7187.3			1.0
7188.200000000001			1.0
7189.1			1.0
7190.0			1.0
7190.9			1.0
7191.8			1.0
7192.700000000001			1.0
7193.6			1.0
7194.5			1.0
7195.4			1.0
7196.3			1.0
7197.200000000001			1.0
7198.1			1.0
7199.0			1.0
7199.9			1.0
7200.8			1.0
7201.700000000001			1.0
7202.6			1.0
7203.5			1.0
7204.4			1.0
7205.3			1.0
7206.200000000001			1.0
7207.1			1.0
7208.0			1.0
7208.9			1.0
7209.8			1.0
7210.700000000001			1.0
7211.6			1.0
7212.5			1.0
7213.4			1.0
7214.3			1.0
7215.200000000001			1.0
7216.1			1.0
7217.0			1.0
7217.9			1.0
7218.8			1.0
7219.700000000001			1.0
7220.6			1.0
7221.5			1.0
7222.4			1.0
7223.3			1.0
7224.200000000001			1.0
7225.1			1.0
7226.0			1.0
7226.9			1.0
7227.8			1.0
7228.700000000001			1.0
7229.6			1.0
7230.5			1.0
7231.4			1.0
7232.3			1.0
7233.200000000001			1.0
7234.1			1.0
7235.0			1.0
7235.9			1.0
7236.8			1.0
7237.700000000001			1.0
7238.6			1.0
7239.5			1.0
7240.4			1.0
7241.3			1.0
7242.200000000001			1.0
7243.1			1.0
7244.0			1.0
7244.9			1.0
7245.8			1.0
7246.700000000001			1.0
7247.6			1.0
7248.5			1.0
7249.4			1.0
7250.3			1.0
7251.200000000001			1.0
7252.1			1.0
7253.0			1.0
7253.9			1.0
7254.8			1.0
7255.700000000001			1.0
7256.6			1.0
7257.5			1.0
7258.4			1.0
7259.3			1.0
7260.200000000001			1.0
7261.1			1.0
7262.0			1.0
7262.9			1.0
7263.8			1.0
7264.700000000001			1.0
7265.6			1.0
7266.5			1.0
7267.4			1.0
7268.3			1.0
7269.200000000001			1.0
7270.1			1.0
7271.0			1.0
7271.9			1.0
7272.8			1.0
7273.700000000001			1.0
7274.6			1.0
7275.5			1.0
7276.4			1.0
7277.3			1.0
7278.200000000001			1.0
7279.1			1.0
7280.0			1.0
7280.9			1.0
7281.8			1.0
7282.700000000001			1.0
7283.6			1.0
7284.5			1.0
7285.4			1.0
7286.3			1.0
7287.200000000001			1.0
7288.1			1.0
7289.0			1.0
7289.9			1.0
7290.8			1.0
7291.700000000001			1.0
7292.6			1.0
7293.5			1.0
7294.4			1.0
7295.3			1.0
7296.200000000001			1.0
7297.1			1.0
7298.0			1.0
7298.9			1.0
7299.8			1.0
7300.700000000001			1.0
7301.6			1.0
7302.5			1.0
7303.4			1.0
7304.3			1.0
7305.200000000001			1.0
7306.1			1.0
7307.0			1.0
7307.9			1.0
7308.8			1.0
7309.700000000001			1.0
7310.6			1.0
7311.5			1.0
7312.4			1.0
7313.3			1.0
7314.200000000001			1.0
7315.1			1.0
7316.0			1.0
7316.9			1.0
7317.8			1.0
7318.700000000001			1.0
7319.6			1.0
7320.5			1.0
7321.4			1.0
7322.3			1.0
7323.200000000001			1.0
7324.1			1.0
7325.0			1.0
7325.9			1.0
7326.8			1.0
7327.700000000001			1.0
7328.6			1.0
7329.5			1.0
7330.4			1.0
7331.3			1.0
7332.200000000001			1.0
7333.1			1.0
7334.0			1.0
7334.9			1.0
7335.8			1.0
7336.700000000001			1.0
7337.6			1.0
7338.5			1.0
7339.4			1.0
7340.3			1.0
7341.200000000001			1.0
7342.1			1.0
7343.0			1.0
7343.9			1.0
7344.8			1.0
7345.700000000001			1.0
7346.6			1.0
7347.5			1.0
7348.4			1.0
7349.3			1.0
7350.200000000001			1.0
7351.1			1.0
7352.0			1.0
7352.9			1.0
7353.8			1.0
7354.700000000001			1.0
7355.6			1.0
7356.5			1.0
7357.4			1.0
7358.3			1.0
7359.200000000001			1.0
7360.1			1.0
7361.0			1.0
7361.9			1.0
7362.8			1.0
7363.700000000001			1.0
7364.6			1.0
7365.5			1.0
7366.4			1.0
7367.3			1.0
7368.200000000001			1.0
7369.1			1.0
7370.0			1.0
7370.9			1.0
7371.8			1.0
7372.700000000001			1.0
7373.6			1.0
7374.5			1.0
7375.4			1.0
7376.3			1.0
7377.200000000001			1.0
7378.1			1.0
7379.0			1.0
7379.9			1.0
7380.8			1.0
7381.700000000001			1.0
7382.6			1.0
7383.5			1.0
7384.4			1.0
7385.3			1.0
7386.200000000001			1.0
7387.1			1.0
7388.0			1.0
7388.9			1.0
7389.8			1.0
7390.700000000001			1.0
7391.6			1.0
7392.5			1.0
7393.4			1.0
7394.3			1.0
7395.200000000001			1.0
7396.1			1.0
7397.0			1.0
7397.9			1.0
7398.8			1.0
7399.700000000001			1.0
7400.6			1.0
7401.5			1.0
7402.4			1.0
7403.3			1.0
7404.200000000001			1.0
7405.1			1.0
7406.0			1.0
7406.9			1.0
7407.8			1.0
7408.700000000001			1.0
7409.6			1.0
7410.5			1.0
7411.4			1.0
7412.3			1.0
7413.200000000001			1.0
7414.1			1.0
7415.0			1.0
7415.9			1.0
7416.8			1.0
7417.700000000001			1.0
7418.6			1.0
7419.5			1.0
7420.4			1.0
7421.3			1.0
7422.200000000001			1.0
7423.1			1.0
7424.0			1.0
7424.9			1.0
7425.8			1.0
7426.700000000001			1.0
7427.6			1.0
7428.5			1.0
7429.4			1.0
