3500.0			1.0
3500.9			1.0
3501.8			1.0
3502.7			1.0
3503.6			1.0
3504.5			1.0
3505.4			1.0
3506.3			1.0
3507.2			1.0
3508.1			1.0
3509.0			1.0
3509.9			1.0
3510.8			1.0
3511.7			1.0
3512.6			1.0
3513.5			1.0
3514.4			1.0
3515.3			1.0
3516.2			1.0
3517.1			1.0
3518.0			1.0
3518.9			1.0
3519.8			1.0
3520.7			1.0
3521.6			1.0
3522.5			1.0
3523.4			1.0
3524.3			1.0
3525.2			1.0
3526.1			1.0
3527.0			1.0
3527.9			1.0
3528.8			1.0
3529.7			1.0
3530.6			1.0
3531.5			1.0
3532.4			1.0
3533.3			1.0
3534.2			1.0
3535.1			1.0
3536.0			1.0
3536.9			1.0
3537.8			1.0
3538.7			1.0
3539.6			1.0
3540.5			1.0
3541.4			1.0
3542.3			1.0
3543.2			1.0
3544.1			1.0
3545.0			1.0
3545.9			1.0
3546.8			1.0
3547.7			1.0
3548.6			1.0
3549.5			1.0
3550.4			1.0
3551.3			1.0
3552.2			1.0
3553.1			1.0
3554.0			1.0
3554.9			1.0
3555.8			1.0
3556.7			1.0
3557.6			1.0
3558.5			1.0
3559.4			1.0
3560.3			1.0
3561.2			1.0
3562.1			1.0
3563.0			1.0
3563.9			1.0
3564.8			1.0
3565.7			1.0
3566.6			1.0
3567.5			1.0
3568.4			1.0
3569.3			1.0
3570.2			1.0
3571.1			1.0
3572.0			1.0
3572.9			1.0
3573.8			1.0
3574.7			1.0
3575.6			1.0
3576.5			1.0
3577.4			1.0
3578.3			1.0
3579.2			1.0
3580.1			1.0
3581.0			1.0
3581.9			1.0
3582.8			1.0
3583.7			1.0
3584.6			1.0
3585.5			1.0
3586.4			1.0
3587.3			1.0
3588.2			1.0
3589.1			1.0
3590.0			1.0
3590.9			1.0
3591.8			1.0
3592.7			1.0
3593.6			1.0
3594.5			1.0
3595.4			1.0
3596.3			1.0
3597.2			1.0
3598.1			1.0
3599.0			1.0
3599.9			1.0
3600.8			1.0
3601.7			1.0
3602.6			1.0
3603.5			1.0
3604.4			1.0
3605.3			1.0
3606.2			1.0
3607.1			1.0
3608.0			1.0
3608.9			1.0
3609.8			1.0
3610.7			1.0
3611.6			1.0
3612.5			1.0
3613.4			1.0
3614.3			1.0
3615.2			1.0
3616.1			1.0
3617.0			1.0
3617.9			1.0
3618.8			1.0
3619.7			1.0
3620.6			1.0
3621.5			1.0
3622.4			1.0
3623.3			1.0
3624.2			1.0
3625.1			1.0
3626.0			1.0
3626.9			1.0
3627.8			1.0
3628.7			1.0
3629.6			1.0
3630.5			1.0
3631.4			1.0
3632.3			1.0
3633.2			1.0
3634.1			1.0
3635.0			1.0
3635.9			1.0
3636.8			1.0
3637.7			1.0
3638.6			1.0
3639.5			1.0
3640.4			1.0
3641.3			1.0
3642.2			1.0
3643.1			1.0
3644.0			1.0
3644.9			1.0
3645.8			1.0
3646.7			1.0
3647.6			1.0
3648.5			1.0
3649.4			1.0
3650.3			1.0
3651.2			1.0
3652.1			1.0
3653.0			1.0
3653.9			1.0
3654.8			1.0
3655.7			1.0
3656.6			1.0
3657.5			1.0
3658.4			1.0
3659.3			1.0
3660.2			1.0
3661.1			1.0
3662.0			1.0
3662.9			1.0
3663.8			1.0
3664.7			1.0
3665.6			1.0
3666.5			1.0
3667.4			1.0
3668.3			1.0
3669.2			1.0
3670.1			1.0
3671.0			1.0
3671.9			1.0
3672.8			1.0
3673.7			1.0
3674.6			1.0
3675.5			1.0
3676.4			1.0
3677.3			1.0
3678.2			1.0
3679.1			1.0
3680.0			1.0
3680.9			1.0
3681.8			1.0
3682.7			1.0
3683.6			1.0
3684.5			1.0
3685.4			1.0
3686.3			1.0
3687.2			1.0
3688.1			1.0
3689.0			1.0
3689.9			1.0
3690.8			1.0
3691.7			1.0
3692.6			1.0
3693.5			1.0
3694.4			1.0
3695.3			1.0
3696.2			1.0
3697.1			1.0
3698.0			1.0
3698.9			1.0
3699.8			1.0
3700.7			1.0
3701.6			1.0
3702.5			1.0
3703.4			1.0
3704.3			1.0
3705.2			1.0
3706.1			1.0
3707.0			1.0
3707.9			1.0
3708.8			1.0
3709.7			1.0
3710.6			1.0
3711.5			1.0
3712.4			1.0
3713.3			1.0
3714.2			1.0
3715.1			1.0
3716.0			1.0
3716.9			1.0
3717.8			1.0
3718.7			1.0
3719.6			1.0
3720.5			1.0
3721.4			1.0
3722.3			1.0
3723.2			1.0
3724.1			1.0
3725.0			1.0
3725.9			1.0
3726.8			1.0
3727.7			1.0
3728.6			1.0
3729.5			1.0
3730.4			1.0
3731.3			1.0
3732.2			1.0
3733.1			1.0
3734.0			1.0
3734.9			1.0
3735.8			1.0
3736.7			1.0
3737.6			1.0
3738.5			1.0
3739.4			1.0
3740.3			1.0
3741.2			1.0
3742.1			1.0
3743.0			1.0
3743.9			1.0
3744.8			1.0
3745.7			1.0
3746.6			1.0
3747.5			1.0
3748.4			1.0
3749.3			1.0
3750.2			1.0
3751.1			1.0
3752.0			1.0
3752.9			1.0
3753.8			1.0
3754.7			1.0
3755.6			1.0
3756.5			1.0
3757.4			1.0
3758.3			1.0
3759.2			1.0
3760.1			1.0
3761.0			1.0
3761.9			1.0
3762.8			1.0
3763.7			1.0
3764.6			1.0
3765.5			1.0
3766.4			1.0
3767.3			1.0
3768.2			1.0
3769.1			1.0
3770.0			1.0
3770.9			1.0
3771.8			1.0
3772.7			1.0
3773.6			1.0
3774.5			1.0
3775.4			1.0
3776.3			1.0
3777.2			1.0
3778.1			1.0
3779.0			1.0
3779.9			1.0
3780.8			1.0
3781.7			1.0
3782.6			1.0
3783.5			1.0
3784.4			1.0
3785.3			1.0
3786.2			1.0
3787.1			1.0
3788.0			1.0
3788.9			1.0
3789.8			1.0
3790.7			1.0
3791.6			1.0
3792.5			1.0
3793.4			1.0
3794.3			1.0
3795.2			1.0
3796.1			1.0
3797.0			1.0
3797.9			1.0
3798.8			1.0
3799.7			1.0
3800.6			1.0
3801.5			1.0
3802.4			1.0
3803.3			1.0
3804.2			1.0
3805.1			1.0
3806.0			1.0
3806.9			1.0
3807.8			1.0
3808.7			1.0
3809.6			1.0
3810.5			1.0
3811.4			1.0
3812.3			1.0
3813.2			1.0
3814.1			1.0
3815.0			1.0
3815.9			1.0
3816.8			1.0
3817.7			1.0
3818.6			1.0
3819.5			1.0
3820.4			1.0
3821.3			1.0
3822.2			1.0
3823.1			1.0
3824.0			1.0
3824.9			1.0
3825.8			1.0
3826.7			1.0
3827.6			1.0
3828.5			1.0
3829.4			1.0
3830.3			1.0
3831.2			1.0
3832.1			1.0
3833.0			1.0
3833.9			1.0
3834.8			1.0
3835.7			1.0
3836.6			1.0
3837.5			1.0
3838.4			1.0
3839.3			1.0
3840.2			1.0
3841.1			1.0
3842.0			1.0
3842.9			1.0
3843.8			1.0
3844.7			1.0
3845.6			1.0
3846.5			1.0
3847.4			1.0
3848.3			1.0
3849.2			1.0
3850.1			1.0
3851.0			1.0
3851.9			1.0
3852.8			1.0
3853.7			1.0
3854.6			1.0
3855.5			1.0
3856.4			1.0
3857.3			1.0
3858.2			1.0
3859.1			1.0
3860.0			1.0
3860.9			1.0
3861.8			1.0
3862.7			1.0
3863.6			1.0
3864.5			1.0
3865.4			1.0
3866.3			1.0
3867.2			1.0
3868.1			1.0
3869.0			1.0
3869.9			1.0
3870.8			1.0
3871.7			1.0
3872.6			1.0
3873.5			1.0
3874.4			1.0
3875.3			1.0
3876.2			1.0
3877.1			1.0
3878.0			1.0
3878.9			1.0
3879.8			1.0
3880.7			1.0
3881.6			1.0
3882.5			1.0
3883.4			1.0
3884.3			1.0
3885.2			1.0
3886.1			1.0
3887.0			1.0
3887.9			1.0
3888.8			1.0
3889.7			1.0
3890.6			1.0
3891.5			1.0
3892.4			1.0
3893.3			1.0
3894.2			1.0
3895.1			1.0
3896.0			1.0
3896.9			1.0
3897.8			1.0
3898.7			1.0
3899.6			1.0
3900.5			1.0
3901.4			1.0
3902.3			1.0
3903.2			1.0
3904.1			1.0
3905.0			1.0
3905.9			1.0
3906.8			1.0
3907.7			1.0
3908.6			1.0
3909.5			1.0
3910.4			1.0
3911.3			1.0
3912.2			1.0
3913.1			1.0
3914.0			1.0
3914.9			1.0
3915.8			1.0
3916.7			1.0
3917.6			1.0
3918.5			1.0
3919.4			1.0
3920.3			1.0
3921.2			1.0
3922.1			1.0
3923.0			1.0
3923.9			1.0
3924.8			1.0
3925.7			1.0
3926.6			1.0
3927.5			1.0
3928.4			1.0
3929.3			1.0
3930.2			1.0
3931.1			1.0
3932.0			1.0
3932.9			1.0
3933.8			1.0
3934.7			1.0
3935.6			1.0
3936.5			1.0
3937.4			1.0
3938.3			1.0
3939.2			1.0
3940.1			1.0
3941.0			1.0
3941.9			1.0
3942.8			1.0
3943.7			1.0
3944.6			1.0
3945.5			1.0
3946.4			1.0
3947.3			1.0
3948.2			1.0
3949.1			1.0
3950.0			1.0
3950.9			1.0
3951.8			1.0
3952.7			1.0
3953.6			1.0
3954.5			1.0
3955.4			1.0
3956.3			1.0
3957.2			1.0
3958.1			1.0
3959.0			1.0
3959.9			1.0
3960.8			1.0
3961.7			1.0
3962.6			1.0
3963.5			1.0
3964.4			1.0
3965.3			1.0
3966.2			1.0
3967.1			1.0
3968.0			1.0
3968.9			1.0
3969.8			1.0
3970.7			1.0
3971.6			1.0
3972.5			1.0
3973.4			1.0
3974.3			1.0
3975.2			1.0
3976.1			1.0
3977.0			1.0
3977.9			1.0
3978.8			1.0
3979.7			1.0
3980.6			1.0
3981.5			1.0
3982.4			1.0
3983.3			1.0
3984.2			1.0
3985.1			1.0
3986.0			1.0
3986.9			1.0
3987.8			1.0
3988.7			1.0
3989.6			1.0
3990.5			1.0
3991.4			1.0
3992.3			1.0
3993.2			1.0
3994.1			1.0
3995.0			1.0
3995.9			1.0
3996.8			1.0
3997.7			1.0
3998.6			1.0
3999.5			1.0
4000.4			1.0
4001.3			1.0
4002.2			1.0
4003.1			1.0
4004.0			1.0
4004.9			1.0
4005.8			1.0
4006.7			1.0
4007.6			1.0
4008.5			1.0
4009.4			1.0
4010.3			1.0
4011.2			1.0
4012.1			1.0
4013.0			1.0
4013.9			1.0
4014.8			1.0
4015.7			1.0
4016.6			1.0
4017.5			1.0
4018.4			1.0
4019.3			1.0
4020.2			1.0
4021.1			1.0
4022.0			1.0
4022.9			1.0
4023.8			1.0
4024.7			1.0
4025.6			1.0
4026.5			1.0
4027.4			1.0
4028.3			1.056191057662501
4029.2			0.9938872047418756
4030.1			0.7930681668448257
4031.0			0.6233349972174277
4031.9			0.5646440091933824
4032.8			0.5303244991829862
4033.7			0.5159590941238661
4034.6			0.5870184508846501
4035.5			0.7316002230665174
4036.4			0.8953603201458391
4037.3			1.0154596670360192
4038.2			1.0419702403930098
4039.1			0.9990678254768345
4040.0			1.0
4040.9			1.0
4041.8			1.0119586678434316
4042.7			0.9880055761076301
4043.6			0.8644990258946851
4044.5			0.663039820996581
4045.4			0.502149869777898
4046.3			0.5060231730756133
4047.2			0.6755727897077224
4048.1			0.8752060819298543
4049.0			0.9998891626561155
4049.9			1.0
4050.8			1.0
4051.7			1.0
4052.6			1.0
4053.5			1.0
4054.4			1.0
4055.3			1.0
4056.2			1.0
4057.1			1.0
4058.0			1.0
4058.9			1.0
4059.8			1.0
4060.7			1.073838122824216
4061.6			1.0121008995107252
4062.5			0.8270005837744364
4063.4			0.6422267634418042
4064.3			0.64820756802745
4065.2			0.8440256787435698
4066.1			0.9948186251783981
4067.0			1.0
4067.9			1.0
4068.8			1.0
4069.7			1.0
4070.6			1.0
4071.5			1.0
4072.4			1.0
4073.3			1.0
4074.2			1.0
4075.1			0.9397759021836105
4076.0			0.7732021585323013
4076.9			0.6277762353792642
4077.8			0.6052211490090683
4078.7			0.6974006838625341
4079.6			0.8499598315202262
4080.5			1.0056044869365224
4081.4			1.0
4082.3			1.0
4083.2			1.0
4084.1			1.0
4085.0			1.0
4085.9			1.0
4086.8			1.0
4087.7			1.0
4088.6			1.0
4089.5			1.0
4090.4			1.0
4091.3			1.0
4092.2			1.0
4093.1			1.0181672522877572
4094.0			1.0517383891750915
4094.9			0.97299518682718
4095.8			0.827538540074514
4096.7			0.7551652920509664
4097.6			0.7752386087707483
4098.5			0.8086442717407148
4099.4			0.7886918078297448
4100.3			0.7061283978321238
4101.2			0.6531741707008281
4102.1			0.7044424785705359
4103.0			0.7887876158242921
4103.9			0.8403253139146515
4104.8			0.905606871268139
4105.7			1.0112473690969577
4106.6			1.083768093411053
4107.5			1.098350922194112
4108.4			1.0748862136159318
4109.3			0.9971332567467514
4110.2			1.0
4111.1			1.0
4112.0			1.0
4112.9			1.0
4113.8			1.0
4114.7			1.0
4115.6			1.0
4116.5			1.0
4117.4			1.0
4118.3			1.0
4119.2			1.0
4120.1			1.0
4121.0			1.0
4121.9			1.0
4122.8			1.0
4123.7			1.0
4124.6			1.0
4125.5			1.0
4126.4			1.0
4127.3			1.0
4128.2			1.0
4129.1			1.0
4130.0			1.0
4130.9			1.0
4131.8			1.0
4132.7			1.0
4133.6			1.0
4134.5			1.0
4135.4			1.0
4136.3			1.0
4137.2			1.0
4138.1			1.0
4139.0			1.0100066977256905
4139.9			0.9819153338960971
4140.8			0.9686853867837733
4141.7			0.8605266486485637
4142.6			0.6439188132256402
4143.5			0.5154236694827782
4144.4			0.59404150989261
4145.3			0.7906226969435145
4146.2			0.9382468377493351
4147.1			1.0004017941933239
4148.0			1.0013712682040552
4148.9			1.0
4149.8			1.0
4150.7			1.0
4151.6			1.0
4152.5			1.0
4153.4			1.0
4154.3			1.0
4155.2			1.0
4156.1			1.0
4157.0			1.0
4157.9			1.0
4158.8			1.0
4159.7			1.0
4160.6			1.0
4161.5			1.0
4162.4			1.0
4163.3			1.0
4164.2			1.0
4165.1			1.0
4166.0			1.0
4166.9			0.9812454621763883
4167.8			0.9446736757904391
4168.7			0.9532417136410494
4169.6			1.012244347509265
4170.5			1.0320593882603908
4171.4			0.9194857703120258
4172.3			0.7541220331600538
4173.2			0.6975740350710582
4174.1			0.7503964047494935
4175.0			0.8313095988312788
4175.9			0.8895322858925072
4176.8			0.8886967518590372
4177.7			0.8816466477526351
4178.6			0.9411723080598469
4179.5			1.003799889040292
4180.4			1.0
4181.3			1.0
4182.2			1.0
4183.1			1.0
4184.0			1.0
4184.9			1.0
4185.8			1.0
4186.7			1.0
4187.6			1.0
4188.5			1.0
4189.4			1.0
4190.3			1.0
4191.2			1.0
4192.1			1.0695270813895559
4193.0			1.1738731567426177
4193.9			1.1690239423056021
4194.8			1.07881471791061
4195.7			0.9806577109128494
4196.6			0.900694496008386
4197.5			0.8258212371402434
4198.4			0.7681635308419359
4199.3			0.7706664963424229
4200.2			0.787291794553398
4201.1			0.7500383131252273
4202.0			0.7277435828851025
4202.9			0.7840312204680903
4203.8			0.8389082892372827
4204.7			0.8544311060195393
4205.6			0.8876516967814002
4206.5			0.9488877943405666
4207.4			1.009852827053205
4208.3			1.0478214546074456
4209.2			1.0293688077770604
4210.1			0.9718230312563718
4211.0			0.9630710282394416
4211.9			0.9930071947458246
4212.8			1.0
4213.7			1.0
4214.6			1.0
4215.5			1.0
4216.4			1.0
4217.3			1.0
4218.2			1.0
4219.1			1.0
4220.0			1.0
4220.9			1.0
4221.8			0.9244957871872903
4222.7			0.7944474491823099
4223.6			0.6502230741854977
4224.5			0.5016685726176076
4225.4			0.34520544665195046
4226.3			0.22842846850376072
4227.2			0.22454114862588703
4228.1			0.3555886310725402
4229.0			0.5580926474033201
4229.9			0.7590364919734138
4230.8			0.9442967706646062
4231.7			1.034051559374835
4232.6			0.9870678639474788
4233.5			1.0
4234.4			1.0
4235.3			1.0
4236.2			1.0
4237.1			1.0
4238.0			1.0
4238.9			1.0
4239.8			1.0
4240.7			1.0
4241.6			1.0
4242.5			1.0
4243.4			1.0
4244.3			1.0
4245.2			1.0
4246.1			1.0
4247.0			0.9224108204123805
4247.9			0.8865681317297164
4248.8			0.8659672606317766
4249.7			0.7911901682050129
4250.6			0.7003983567881245
4251.5			0.7119093356469753
4252.4			0.7703221194342796
4253.3			0.7323738455301362
4254.2			0.6444882627491334
4255.1			0.69188007934216
4256.0			0.8990791089062136
4256.9			1.1015156573545897
4257.8			1.1507844503734836
4258.7			1.063162554160823
4259.6			0.9534480164077025
4260.5			0.9061506366115748
4261.4			0.9925550100001693
4262.3			1.0
4263.2			1.0
4264.1			1.0
4265.0			1.0
4265.9			1.0033212535568048
4266.8			0.9630627775453889
4267.7			0.8877097757873061
4268.6			0.817766509731579
4269.5			0.7496511828569449
4270.4			0.6213423930241261
4271.3			0.47287781873621865
4272.2			0.43704719859381536
4273.1			0.4946655396610944
4274.0			0.5089892909630673
4274.9			0.508660371715419
4275.8			0.6115294038588164
4276.7			0.7835593044942285
4277.6			0.9325545044526363
4278.5			1.0033236553924465
4279.4			1.0
4280.3			1.0
4281.2			1.0
4282.1			1.0
4283.0			1.0
4283.9			1.0
4284.8			1.0
4285.7			1.0
4286.6			1.0
4287.5			0.9728249770253395
4288.4			0.848394680305338
4289.3			0.6711068678506805
4290.2			0.5919949750200605
4291.1			0.6737553399613263
4292.0			0.8580292778334517
4292.9			0.9991446023561413
4293.8			1.0
4294.7			1.0
4295.6			1.052539807057613
4296.5			1.0775907657586745
4297.4			1.0175905276988955
4298.3			0.8683673928318478
4299.2			0.693617882634448
4300.1			0.6383798815473927
4301.0			0.6923778180052991
4301.9			0.7257498291797971
4302.8			0.7396573045866938
4303.7			0.7752454801627361
4304.6			0.765148384132678
4305.5			0.6752497909943611
4306.4			0.5673405013488343
4307.3			0.48105319062235824
4308.2			0.45288740908871367
4309.1			0.5113046189234403
4310.0			0.6364807957652385
4310.9			0.7723652574083439
4311.8			0.861817680281027
4312.7			0.9017206089264929
4313.6			0.8813470407676516
4314.5			0.8777848979635955
4315.4			1.0235057295258863
4316.3			1.2180830711067943
4317.2			1.283515181325148
4318.1			1.2250267634569247
4319.0			1.1482086368919662
4319.9			1.07749615527856
4320.8			1.0
4321.7			0.9715987725664824
4322.6			0.9424580137119246
4323.5			0.817686177935181
4324.4			0.6347828020990217
4325.3			0.47848335809741066
4326.2			0.4832989383236779
4327.1			0.6843999881214218
4328.0			0.9173078394676111
4328.9			1.0043262867820957
4329.8			1.0
4330.7			1.0
4331.6			1.0
4332.5			1.0
4333.4			1.0
4334.3			1.0
4335.2			1.0500121323080807
4336.1			0.9964709214525699
4337.0			0.8205419293280182
4337.9			0.6945174873270376
4338.8			0.6693517455776498
4339.7			0.6451949465920609
4340.6			0.6459583640972657
4341.5			0.7563967147973676
4342.4			0.8974963555324206
4343.3			0.9389384474247817
4344.2			0.9427103929422795
4345.1			0.9936625680969878
4346.0			1.00695771722926
4346.9			1.0
4347.8			1.0
4348.7			1.1227510802672942
4349.6			1.1297408446449555
4350.5			0.9378751288441958
4351.4			0.7294728307354913
4352.3			0.696402863697853
4353.2			0.7878629139054584
4354.1			0.8635234285957812
4355.0			0.9159444627543039
4355.9			0.9996617480050665
4356.8			1.0
4357.7			1.0
4358.6			1.0
4359.5			1.0
4360.4			1.0
4361.3			1.0
4362.2			1.0
4363.1			1.0
4364.0			1.0
4364.9			1.0
4365.8			1.0
4366.7			1.0
4367.6			1.0
4368.5			1.0
4369.4			1.0
4370.3			1.0
4371.2			1.0
4372.1			0.9773037014041056
4373.0			0.9061678379331735
4373.9			0.7979681721947631
4374.8			0.7202812211590296
4375.7			0.746123407213932
4376.6			0.8754101702613195
4377.5			1.0017409409200289
4378.4			1.0
4379.3			0.9602123084375072
4380.2			0.8996915515245223
4381.1			0.8368886029220031
4382.0			0.7068114330138254
4382.9			0.5099912236868197
4383.8			0.39575991954371326
4384.7			0.4954759902048272
4385.6			0.7412666772050674
4386.5			0.9370170740701766
4387.4			1.005366520506041
4388.3			1.016130361795146
4389.2			1.0
4390.1			1.0
4391.0			1.0
4391.9			1.0
4392.8			1.0
4393.7			1.0
4394.6			1.0
4395.5			1.0
4396.4			1.0
4397.3			1.0
4398.2			1.0
4399.1			1.0
4400.0			0.896485871968968
4400.9			0.8826032014512039
4401.8			0.9623644574460241
4402.7			0.9472338995892028
4403.6			0.740124324056341
4404.5			0.5279198667350207
4405.4			0.5023277977756712
4406.3			0.6038522668631066
4407.2			0.655623696605117
4408.1			0.6550953629432381
4409.0			0.7409111644427296
4409.9			0.9005019434482672
4410.8			1.0008653802610177
4411.7			1.0
4412.6			1.0066577750762762
4413.5			0.9234866552274492
4414.4			0.7552294898190837
4415.3			0.6725295835903498
4416.2			0.7439686426744699
4417.1			0.8757711232529684
4418.0			1.0013577693694433
4418.9			1.0
4419.8			1.0
4420.7			1.0
4421.6			1.0
4422.5			1.0
4423.4			1.0
4424.3			1.0
4425.2			1.0
4426.1			1.0
4427.0			1.0
4427.9			1.0
4428.8			1.0
4429.7			1.0
4430.6			1.0
4431.5			1.0
4432.4			1.0364509284011656
4433.3			0.937374796967971
4434.2			0.7884911819038521
4435.1			0.7011173694829975
4436.0			0.7477438984367615
4436.9			0.8787413180451659
4437.8			0.999363891190004
4438.7			1.0
4439.6			1.0
4440.5			1.0
4441.4			1.0
4442.3			1.0
4443.2			1.0
4444.1			1.0
4445.0			1.0
4445.9			1.0
4446.8			1.0
4447.7			1.0
4448.6			1.0
4449.5			1.0
4450.4			1.0
4451.3			1.0
4452.2			1.0030863856204908
4453.1			0.9451120215898069
4454.0			0.8627909886759847
4454.9			0.7901217609426002
4455.8			0.7965766743116639
4456.7			0.8465346053327945
4457.6			0.8594306309773305
4458.5			0.8301831964727348
4459.4			0.7946593811960407
4460.3			0.7715825739837148
4461.2			0.7304366416038064
4462.1			0.7557542068173512
4463.0			0.9086202125273737
4463.9			1.0281575037650936
4464.8			1.0162577224581006
4465.7			0.9791012750419249
4466.6			0.9933327011767474
4467.5			1.0084099770179462
4468.4			0.9749662356952716
4469.3			0.9555250860968376
4470.2			0.9974219402822415
4471.1			1.0
4472.0			1.0
4472.9			1.0
4473.8			1.0
4474.7			1.0
4475.6			1.0
4476.5			1.0
4477.4			1.0
4478.3			0.9775417404634225
4479.2			0.8858393065767017
4480.1			0.7850670522906468
4481.0			0.7308866413920712
4481.9			0.7272924351035632
4482.8			0.7927631814426749
4483.7			0.8915970258323354
4484.6			0.9579892661962502
4485.5			0.9989222834492117
4486.4			1.0
4487.3			1.0
4488.2			1.0
4489.1			1.0
4490.0			1.0
4490.9			1.0
4491.8			1.0669152820316798
4492.7			1.0588681386853522
4493.6			0.9504586564902764
4494.5			0.8176248211725415
4495.4			0.7543051660843967
4496.3			0.7682541687289872
4497.2			0.8468922634919784
4498.1			0.9485985535045278
4499.0			1.013472892912816
4499.9			1.0
4500.8			1.0
4501.7			1.0
4502.6			1.0
4503.5			1.0
4504.4			1.0
4505.3			1.0
4506.2			1.0
4507.1			1.0
4508.0			1.0
4508.9			1.0
4509.8			1.0
4510.7			1.0020225267159255
4511.6			0.9683807125845176
4512.5			0.9218924589146413
4513.4			1.0
4514.3			1.0061476547002048
4515.2			1.0353390922379784
4516.1			1.058621610423486
4517.0			1.0369389092797843
4517.9			0.9966026739696826
4518.8			1.0185041187911072
4519.7			1.1077002986628035
4520.6			1.1962628030081712
4521.5			1.1919493414852087
4522.4			1.0842304391242579
4523.3			1.0127668849153482
4524.2			1.0228602857560634
4525.1			1.003885198007191
4526.0			0.9198310979609186
4526.9			0.8273204329679178
4527.8			0.7727112527204866
4528.7			0.7747853618228037
4529.6			0.8218782938706513
4530.5			0.8732079551513444
4531.4			0.9341378750786375
4532.3			0.9869815507681067
4533.2			0.9569151816154078
4534.1			0.8622835054316816
4535.0			0.8063946224990243
4535.9			0.8944197143074082
4536.8			1.0964618266900081
4537.7			1.2261976468234994
4538.6			1.0
4539.5			0.9171416193323685
4540.4			0.8442178253698451
4541.3			0.8488542106287673
4542.2			0.9276549367196095
4543.1			0.9934500341292873
4544.0			1.0
4544.9			1.0
4545.8			1.0
4546.7			1.0
4547.6			1.0
4548.5			1.0
4549.4			1.0
4550.3			1.0327008452950535
4551.2			1.0344416038413815
4552.1			0.9507219274844916
4553.0			0.8613147241227054
4553.9			0.8074486605961015
4554.8			0.7925840539063834
4555.7			0.8444445434376989
4556.6			0.9382267744042254
4557.5			0.9967061752630245
4558.4			1.0
4559.3			1.0
4560.2			1.0
4561.1			1.0
4562.0			0.9849569007695554
4562.9			0.9157898130588106
4563.8			0.8364293361455212
4564.7			0.7992918418483699
4565.6			0.8258130705616332
4566.5			0.9203175825435943
4567.4			1.007840819068945
4568.3			1.0
4569.2			1.0
4570.1			1.0
4571.0			1.0
4571.9			1.0
4572.8			1.0
4573.7			1.0
4574.6			1.0
4575.5			1.0
4576.4			1.0170969456501329
4577.3			1.010581750590954
4578.2			1.0
4579.1			0.9131290197944572
4580.0			0.8623010903884682
4580.9			0.8869231151780991
4581.8			0.9642457775355808
4582.7			1.0096664572904377
4583.6			0.9873606097124445
4584.5			0.9447344803727291
4585.4			0.9026318903939708
4586.3			0.8983652344305724
4587.2			0.9640172370826444
4588.1			1.0408054299120462
4589.0			1.0691482007283912
4589.9			1.0335323312708558
4590.8			0.9548542235630225
4591.7			0.8934320973683861
4592.6			0.8748680183117676
4593.5			0.8531143114176668
4594.4			0.8201948997353861
4595.3			0.8238429493397006
4596.2			0.848991572146799
4597.1			0.8475056700989593
4598.0			0.8541128721376724
4598.9			0.8782823705036195
4599.8			0.8567492741680559
4600.7			0.8270954654158998
4601.6			0.8395346595795717
4602.5			0.8457250301824423
4603.4			0.839484110018999
4604.3			0.8220069414465461
4605.2			0.7866270371414079
4606.1			0.7846292397742668
4607.0			0.8558842855907371
4607.9			0.9691910896912813
4608.8			1.0286787828863821
4609.7			1.0039707374062607
4610.6			1.0
4611.5			1.0
4612.4			1.0
4613.3			1.0
4614.2			1.0
4615.1			1.0
4616.0			1.0
4616.9			1.0
4617.8			1.0
4618.7			1.0
4619.6			1.0
4620.5			1.0
4621.4			1.0
4622.3			1.0
4623.2			1.0
4624.1			1.0
4625.0			1.0
4625.9			1.0
4626.8			1.0
4627.7			1.0
4628.6			1.0
4629.5			1.0
4630.4			1.0
4631.3			1.0
4632.2			1.0
4633.1			1.0
4634.0			1.0
4634.9			1.0
4635.8			1.0
4636.7			1.0
4637.6			1.0
4638.5			1.0
4639.4			1.0
4640.3			1.0
4641.2			1.0947858878694434
4642.1			1.1766586533818377
4643.0			1.149875037321051
4643.9			1.0859818489044908
4644.8			1.0042336378886922
4645.7			0.881439729992471
4646.6			0.8047631867056253
4647.5			0.8317150221673582
4648.4			0.8945910894372328
4649.3			0.9431631416657534
4650.2			0.9839765148021533
4651.1			0.9996678035355339
4652.0			1.0
4652.9			0.9934099760265066
4653.8			0.9336963889827656
4654.7			0.8514598871079934
4655.6			0.812962342660226
4656.5			0.8324600569943773
4657.4			0.9030023490254985
4658.3			0.9870186687631274
4659.2			1.0
4660.1			1.0
4661.0			1.0
4661.9			0.9325894041032133
4662.8			0.8750191969681899
4663.7			0.8640607105986157
4664.6			0.8880281417440645
4665.5			0.8727775422191154
4666.4			0.7822890462643086
4667.3			0.6964848255479176
4668.2			0.7082862160738363
4669.1			0.7964134634343288
4670.0			0.8906299160992873
4670.9			0.9681345165176779
4671.8			1.0080105530479158
4672.7			1.0029184765685157
4673.6			1.0
4674.5			1.0
4675.4			1.0
4676.3			1.0
4677.2			1.0
4678.1			0.975936899555047
4679.0			0.9424496600292808
4679.9			0.898697842775009
4680.8			0.8621574618474712
4681.7			0.8668301193254437
4682.6			0.9239252304116553
4683.5			0.9862172339256774
4684.4			1.0028496543506813
4685.3			1.0019311747179058
4686.2			1.0
4687.1			1.0
4688.0			1.0
4688.9			1.0
4689.8			1.0
4690.7			1.0
4691.6			1.0
4692.5			1.0129676937844225
4693.4			1.0336172524872453
4694.3			1.0765997691022213
4695.2			1.129679340180901
4696.1			1.1469678435761692
4697.0			1.0899828130382323
4697.9			0.9783576935675627
4698.8			0.9049339277093421
4699.7			0.9221259828080718
4700.6			0.9640210812242533
4701.5			0.9728705714905963
4702.4			0.9574831157587422
4703.3			0.9585300317886303
4704.2			0.9915675930742379
4705.1			1.0018351663989367
4706.0			1.0
4706.9			1.0
4707.8			1.0
4708.7			1.0
4709.6			1.0
4710.5			1.0
4711.4			1.0
4712.3			1.0
4713.2			1.0
4714.1			1.0
4715.0			1.0
4715.9			1.0
4716.8			1.0
4717.7			1.0
4718.6			1.0
4719.5			1.0
4720.4			1.0
4721.3			1.0
4722.2			0.9555548346261074
4723.1			0.9487258453920246
4724.0			0.9998164891222976
4724.9			1.051696615983015
4725.8			1.0339033979794565
4726.7			0.9294528684817425
4727.6			0.8047727872063509
4728.5			0.7530492865978007
4729.4			0.7813873609336378
4730.3			0.8275608967237718
4731.2			0.8636825797821861
4732.1			0.8999379819124537
4733.0			0.9254591149285237
4733.9			0.9534489573687752
4734.8			1.0035364299915412
4735.7			1.0
4736.6			1.0
4737.5			1.0
4738.4			1.0
4739.3			1.0
4740.2			1.0
4741.1			1.0
4742.0			1.0
4742.9			1.0
4743.8			1.0
4744.7			1.0
4745.6			1.0
4746.5			1.0
4747.4			1.0
4748.3			1.0
4749.2			1.0
4750.1			1.0
4751.0			1.0
4751.9			1.0
4752.8			1.0
4753.7			1.0
4754.6			1.0
4755.5			1.0
4756.4			1.0
4757.3			1.0
4758.2			1.0
4759.1			1.0
4760.0			1.0318032490111912
4760.9			1.0244496801403866
4761.8			0.9792777154711735
4762.7			0.9534994979074384
4763.6			0.9478530649564985
4764.5			0.9255266268030091
4765.4			0.8861794071846524
4766.3			0.8801602025041522
4767.2			0.9248879441810637
4768.1			0.9836658548849886
4769.0			1.038836305719181
4769.9			1.0626370089352866
4770.8			1.0334616735527362
4771.7			0.9938361815814656
4772.6			1.0
4773.5			1.0464485735018205
4774.4			1.0881987974019698
4775.3			1.0787538330882993
4776.2			1.0499410640315874
4777.1			1.0465616989411457
4778.0			1.0439058802188643
4778.9			1.01994092897737
4779.8			0.9932242179485509
4780.7			0.9699425826507879
4781.6			0.9327811112176897
4782.5			0.8803952562905207
4783.4			0.8539896118978966
4784.3			0.880011082102686
4785.2			0.9028671912118079
4786.1			0.8906416423938543
4787.0			0.8919162589259659
4787.9			0.9055468051256017
4788.8			0.8899158003990475
4789.7			0.8660563320434511
4790.6			0.8695599142248723
4791.5			0.8917438245913453
4792.4			0.9368577723754198
4793.3			1.0021812264471426
4794.2			1.0
4795.1			1.0
4796.0			0.9610237054775566
4796.9			0.9173659052994414
4797.8			0.8812737983556015
4798.7			0.8459473927458264
4799.6			0.8303514686416745
4800.5			0.8594994892456145
4801.4			0.9238017021569478
4802.3			0.9839387268957296
4803.2			1.000671094138545
4804.1			1.0
4805.0			1.0
4805.9			1.0
4806.8			1.0
4807.7			1.0
4808.6			1.0
4809.5			1.0
4810.4			1.0
4811.3			1.0
4812.2			1.0
4813.1			1.0
4814.0			1.0
4814.9			1.0
4815.8			1.0
4816.7			1.0
4817.6			1.0
4818.5			1.0
4819.4			1.0
4820.3			1.0
4821.2			1.0
4822.1			1.0
4823.0			1.0
4823.9			1.0
4824.8			1.0
4825.7			1.0
4826.6			1.0
4827.5			1.0
4828.4			1.0
4829.3			1.0092989882463637
4830.2			1.016381017538124
4831.1			0.9470013270316265
4832.0			0.8698716856746993
4832.9			0.8914535829794297
4833.8			0.9635632721181084
4834.7			0.991905955174721
4835.6			1.0
4836.5			1.0
4837.4			1.0
4838.3			0.9794858723117331
4839.2			0.9457957378616914
4840.1			0.9400493941938339
4841.0			0.9714670851242506
4841.9			0.9845099298859539
4842.8			0.9444691492832588
4843.7			0.9359821427235162
4844.6			1.0067445920115512
4845.5			1.0830450778741403
4846.4			1.096116718761898
4847.3			1.045753167518183
4848.2			0.9825949133822578
4849.1			0.9976568179136316
4850.0			1.0
4850.9			1.0
4851.8			1.0
4852.7			1.0
4853.6			1.0
4854.5			1.0
4855.4			1.0
4856.3			1.0586035420768052
4857.2			1.130521722739587
4858.1			1.1227832832129905
4859.0			1.0460178811336054
4859.9			0.9381257273458796
4860.8			0.8232313268927482
4861.7			0.8113573783513903
4862.6			0.9088875397949722
4863.5			0.9573407691123447
4864.4			0.9541237406294939
4865.3			0.9770232920783456
4866.2			1.005841443562924
4867.1			0.9982709057706077
4868.0			1.0
4868.9			1.0
4869.8			0.995529816295175
4870.7			0.9088520280329235
4871.6			0.8493557873857064
4872.5			0.9099009405092621
4873.4			0.9991145375698309
4874.3			1.0
4875.2			1.0
4876.1			1.0
4877.0			1.0
4877.9			1.0
4878.8			1.0
4879.7			1.0
4880.6			1.0
4881.5			1.0
4882.4			1.0
4883.3			1.0
4884.2			0.976050204026485
4885.1			0.8924418214454274
4886.0			0.8364239889539432
4886.9			0.8534692940404898
4887.8			0.8947671485432598
4888.7			0.9033661736771544
4889.6			0.8662569883234775
4890.5			0.7870512466049377
4891.4			0.770840858012952
4892.3			0.8610468862150308
4893.2			0.9524986182392142
4894.1			1.0
4895.0			1.054084964449146
4895.9			1.074830599122709
4896.8			1.0700942136114056
4897.7			1.0587429803592385
4898.6			1.0068041139842354
4899.5			0.921346978140934
4900.4			0.8946795790618407
4901.3			0.9240487825486041
4902.2			0.9199808297147478
4903.1			0.8858305179780446
4904.0			1.0
4904.9			1.0532596982433966
4905.8			1.113151715291802
4906.7			1.1051720029529983
4907.6			1.0355538280305838
4908.5			0.9584837895555798
4909.4			0.9069319807415898
4910.3			0.8959194387179251
4911.2			0.9131146696884809
4912.1			0.9316475035435382
4913.0			0.9365102897587243
4913.9			0.9444340359467777
4914.8			0.9729540044520172
4915.7			1.0
4916.6			0.9971197178006125
4917.5			0.941568298356488
4918.4			0.8397812564897658
4919.3			0.7403493939970491
4920.2			0.7047603255401985
4921.1			0.7729184592063921
4922.0			0.90770711341346
4922.9			1.0020184901484388
4923.8			0.9971777632330767
4924.7			1.0
4925.6			1.0
4926.5			1.0
4927.4			1.0
4928.3			1.0
4929.2			1.0
4930.1			1.0
4931.0			1.0
4931.9			1.0
4932.8			1.0
4933.7			1.0
4934.6			1.0395880748888033
4935.5			1.0926582394994506
4936.4			1.0554384159837489
4937.3			0.9460398038192287
4938.2			0.8484373806421418
4939.1			0.8442728974600128
4940.0			0.9195894337159779
4940.9			0.9852378754204694
4941.8			0.9985357396130382
4942.7			1.0
4943.6			1.0
4944.5			1.0
4945.4			1.0
4946.3			1.0
4947.2			1.0
4948.1			1.0
4949.0			1.0
4949.9			1.0
4950.8			1.0
4951.7			1.0
4952.6			1.0
4953.5			1.0
4954.4			1.0
4955.3			0.9779562871734228
4956.2			0.8890553597042924
4957.1			0.7520296836337971
4958.0			0.7287468819871739
4958.9			0.8505559224092901
4959.8			0.9692442970017189
4960.7			0.9995930883385259
4961.6			1.0
4962.5			0.9954739265580449
4963.4			0.9947145377605181
4964.3			0.9432566179058295
4965.2			0.877391341001803
4966.1			0.8467313696568177
4967.0			0.8440731182667165
4967.9			0.8623461057672043
4968.8			0.9036992549966988
4969.7			0.9415496556727081
4970.6			0.9655192673450703
4971.5			0.9997369376635575
4972.4			1.0
4973.3			1.0
4974.2			1.0
4975.1			1.0
4976.0			1.0
4976.9			1.0
4977.8			1.0
4978.7			0.9629172873502613
4979.6			0.9726138309828155
4980.5			0.9653562754875067
4981.4			0.8916590201287489
4982.3			0.8257827253695926
4983.2			0.8571651827161623
4984.1			0.940408858725486
4985.0			0.985015288728029
4985.9			1.0038526954348912
4986.8			1.0
4987.7			1.0
4988.6			1.0
4989.5			1.0
4990.4			1.0
4991.3			1.0
4992.2			1.0
4993.1			1.0
4994.0			1.0
4994.9			1.0
4995.8			1.0
4996.7			1.0
4997.6			1.0
4998.5			1.0
4999.4			1.0
5000.3			1.0
5001.2			1.040868776318068
5002.1			1.0717726018203833
5003.0			1.0667954796840218
5003.9			1.042988378652509
5004.8			0.997394681485391
5005.7			0.940610776588972
5006.6			0.9305150504007543
5007.5			0.9967998064959499
5008.4			1.0655539106152105
5009.3			1.0780520795925883
5010.2			1.068074363565905
5011.1			1.031927431804133
5012.0			0.9502396105181681
5012.9			0.868944255217773
5013.8			0.8200077143703031
5014.7			0.83776218039014
5015.6			0.9207938945597374
5016.5			0.9829579818437644
5017.4			0.9896393394686549
5018.3			0.9849482923058885
5019.2			0.9893272372366194
5020.1			0.9780287317901599
5021.0			0.938657486866312
5021.9			0.8882343037872996
5022.8			0.8946994414130138
5023.7			0.9703217482275608
5024.6			1.0268755340519102
5025.5			1.0351780797781522
5026.4			0.9972034550887231
5027.3			1.0
5028.2			1.0
5029.1			1.0
5030.0			1.0
5030.9			1.0
5031.8			1.0
5032.7			1.0
5033.6			1.0
5034.5			1.0
5035.4			1.0
5036.3			1.0
5037.2			1.0342101268382216
5038.1			1.0194801977722001
5039.0			0.9118623946067635
5039.9			0.7821448341798631
5040.8			0.7084203774801161
5041.7			0.7551829993543018
5042.6			0.8723948603693866
5043.5			1.0
5044.4			1.067695677328763
5045.3			1.1274760549639695
5046.2			1.1452747739250366
5047.1			1.09006016428879
5048.0			0.9800473145336718
5048.9			0.8890143660627202
5049.8			0.8630372054521143
5050.7			0.8763183858461168
5051.6			0.8911315131258462
5052.5			0.9102322890109694
5053.4			0.9447515259470683
5054.3			0.982285001207255
5055.2			1.0017235346866256
5056.1			1.0
5057.0			1.0
5057.9			1.0
5058.8			1.0
5059.7			1.0
5060.6			1.0
5061.5			1.0
5062.4			0.9968314989212813
5063.3			0.9346584312001147
5064.2			0.8460658123725191
5065.1			0.8471318785278454
5066.0			0.9467644692732605
5066.9			1.017333252491099
5067.8			1.0267384985482708
5068.7			1.0
5069.6			1.0
5070.5			1.0
5071.4			1.0
5072.3			1.0
5073.2			1.0
5074.1			1.053507151928362
5075.0			1.0217928396968627
5075.9			0.9642471541684338
5076.8			0.9719607799946851
5077.7			0.9964882959817932
5078.6			0.9300002292965066
5079.5			0.8274641945053054
5080.4			0.8101077857581793
5081.3			0.8495790449137512
5082.2			0.8683926524393522
5083.1			0.879889122798141
5084.0			0.9149655751636548
5084.9			0.9549863097777561
5085.8			0.9838416834576558
5086.7			0.9987468417417658
5087.6			1.0
5088.5			1.0
5089.4			1.0
5090.3			1.0
5091.2			1.0
5092.1			1.0
5093.0			1.0
5093.9			0.9889948974894877
5094.8			0.9278270875229592
5095.7			0.8892883362755635
5096.6			0.9076349571997502
5097.5			0.91813379519929
5098.4			0.8692789804682804
5099.3			0.840017542390456
5100.2			0.8872903355069539
5101.1			0.955813870805644
5102.0			0.9958658716187996
5102.9			0.9989402682860208
5103.8			0.985277109076405
5104.7			0.9876418444702463
5105.6			1.0
5106.5			1.0
5107.4			1.0
5108.3			1.0
5109.2			1.0
5110.1			1.0
5111.0			1.0
5111.9			1.0
5112.8			1.0
5113.7			1.0
5114.6			1.0673404706346834
5115.5			1.0899473109190372
5116.4			1.097325657429016
5117.3			1.1204236597361057
5118.2			1.1107987012000846
5119.1			1.0656212371960043
5120.0			1.020669011962598
5120.9			0.9863248835935478
5121.8			0.9482056131462733
5122.7			0.8743377888327524
5123.6			0.8115402212038932
5124.5			0.8282774991252709
5125.4			0.8819676595322163
5126.3			0.8973802080757691
5127.2			0.8802552793471363
5128.1			0.8641598067855847
5129.0			0.8416535076119321
5129.9			0.8461726661576224
5130.8			0.9195574863224308
5131.7			0.9929815442990773
5132.6			1.0008648667187034
5133.5			1.0
5134.4			1.0
5135.3			1.0
5136.2			1.0
5137.1			1.0
5138.0			1.0
5138.9			1.0
5139.8			1.0
5140.7			1.0
5141.6			1.0
5142.5			1.0
5143.4			1.0139669010728816
5144.3			1.0395215235677515
5145.2			0.9974359952753438
5146.1			0.9470666296849531
5147.0			0.9409184694293777
5147.9			0.9716635806992009
5148.8			0.9901863405212317
5149.7			0.9672760375348457
5150.6			0.9266064534739318
5151.5			0.8877514810964335
5152.4			0.8554698470913596
5153.3			0.8380175523121968
5154.2			0.8682930790117603
5155.1			0.9537210665772166
5156.0			1.0408743839927963
5156.9			1.0988733797446109
5157.8			1.1119177452774331
5158.7			1.0756211383606686
5159.6			1.05525869129179
5160.5			1.0
5161.4			1.0249804133386038
5162.3			1.0035492972129942
5163.2			0.999341172500277
5164.1			0.9838113811151935
5165.0			0.8838874001567465
5165.9			0.7321424665309676
5166.8			0.6194482990419504
5167.7			0.6166335988194046
5168.6			0.7315215407901452
5169.5			0.8818661391510673
5170.4			0.9168996370975858
5171.3			0.7912140411241106
5172.2			0.656685920158229
5173.1			0.6984245427023609
5174.0			0.9164079219435244
5174.9			1.1351869729451425
5175.8			1.2504095916275713
5176.7			1.3120540276439234
5177.6			1.3570984429034434
5178.5			1.3861248672374398
5179.4			1.0
5180.3			0.9337718552172203
5181.2			0.8369609343570414
5182.1			0.7037104804069765
5183.0			0.5855965215649629
5183.9			0.6155074755369594
5184.8			0.8054233527385849
5185.7			1.0025837958319463
5186.6			1.0
5187.5			1.0
5188.4			1.0
5189.3			1.0357714370324975
5190.2			1.0253895192391596
5191.1			0.9103748151546829
5192.0			0.7911709397693001
5192.9			0.7830044256862638
5193.8			0.8435573613286345
5194.7			0.8866899977711091
5195.6			0.9295686022509524
5196.5			0.997277776392216
5197.4			1.0
5198.3			1.0
5199.2			1.0
5200.1			1.0
5201.0			1.0
5201.9			0.9714486960924064
5202.8			0.9361268079191358
5203.7			0.8430242365481875
5204.6			0.7132427017300592
5205.5			0.6437532680453985
5206.4			0.6463364504064568
5207.3			0.629261936752557
5208.2			0.5859763949517668
5209.1			0.59864456482496
5210.0			0.6795788968995944
5210.9			0.8066878719297609
5211.8			0.9334292704537159
5212.7			1.0097898247913881
5213.6			1.0289425276071547
5214.5			1.001670539989471
5215.4			1.0
5216.3			1.0
5217.2			1.0
5218.1			1.0
5219.0			1.0
5219.9			1.0
5220.8			1.0
5221.7			1.0
5222.6			0.9449146601979393
5223.5			0.8557241005973999
5224.4			0.7700726407158138
5225.3			0.7123627426228825
5226.2			0.6824347822723276
5227.1			0.7262710479107621
5228.0			0.8577233311736341
5228.9			0.9669977863277265
5229.8			1.0008017092806891
5230.7			1.0
5231.6			1.0
5232.5			1.0
5233.4			1.0
5234.3			1.0
5235.2			1.0
5236.1			1.0
5237.0			1.0
5237.9			1.0
5238.8			1.0
5239.7			1.0
5240.6			1.015926412633092
5241.5			1.044174980382933
5242.4			1.0587608291877049
5243.3			1.081164137385123
5244.2			1.1102582125004596
5245.1			1.0618690689292347
5246.0			0.9131800173078822
5246.9			0.8093638535791092
5247.8			0.8566717482373183
5248.7			0.930951067710877
5249.6			0.8950746354955053
5250.5			0.8388675935123949
5251.4			0.875343370041637
5252.3			0.9552656028182935
5253.2			0.9975922169161378
5254.1			1.0
5255.0			1.0
5255.9			1.0
5256.8			1.0
5257.7			1.0
5258.6			1.0
5259.5			1.0
5260.4			1.0
5261.3			0.9362284715543893
5262.2			0.8559676232117568
5263.1			0.7779492942779248
5264.0			0.7269518909224894
5264.9			0.6885603423946087
5265.8			0.6890767921771646
5266.7			0.7680202199571851
5267.6			0.797847581764143
5268.5			0.6733300644268345
5269.4			0.5445557089037388
5270.3			0.5944594836132243
5271.2			0.7619180983517633
5272.1			0.8733166515588984
5273.0			0.8990115283003984
5273.9			0.8878696501800232
5274.8			0.8570538937908794
5275.7			0.8619565534935338
5276.6			0.9326999468581146
5277.5			1.0018166392997003
5278.4			1.0
5279.3			0.9666944534580596
5280.2			0.9120764462480444
5281.1			0.8612130393473665
5282.0			0.8243039166773287
5282.9			0.8050857744971466
5283.8			0.8247036711680727
5284.7			0.8999567868535384
5285.6			0.9777914721178427
5286.5			1.0010176463943297
5287.4			1.0
5288.3			1.0
5289.2			1.0
5290.1			1.0
5291.0			1.0
5291.9			0.9876728084332508
5292.8			0.9704589926189924
5293.7			0.9760640287401553
5294.6			0.9713313995728884
5295.5			0.9117635400327337
5296.4			0.8097899971441278
5297.3			0.7374689392929059
5298.2			0.7681487112904002
5299.1			0.8654852964779269
5300.0			0.909785819687012
5300.9			0.9020869806864859
5301.8			0.924851677256089
5302.7			0.9958255671281816
5303.6			1.0
5304.5			1.0
5305.4			1.0
5306.3			1.0
5307.2			1.0
5308.1			1.0
5309.0			1.0
5309.9			1.0
5310.8			1.0
5311.7			1.0
5312.6			1.0
5313.5			1.0
5314.4			1.0
5315.3			1.0
5316.2			1.0
5317.1			1.0
5318.0			1.0
5318.9			1.0
5319.8			1.0
5320.7			1.0
5321.6			1.0
5322.5			1.0
5323.4			1.0
5324.3			0.9916698861883755
5325.2			1.0221751928953402
5326.1			0.9764011773478342
5327.0			0.8044127440722126
5327.9			0.6563749950069213
5328.8			0.6976185037186191
5329.7			0.853011290844138
5330.6			0.9669158775147881
5331.5			0.9990674174260471
5332.4			1.0
5333.3			1.0
5334.2			1.0
5335.1			1.0
5336.0			1.0
5336.9			1.0
5337.8			0.9977815237760318
5338.7			0.9587355448696228
5339.6			0.875449731943376
5340.5			0.8362943722318774
5341.4			0.8987998340962895
5342.3			0.973425065475152
5343.2			1.0006779554484233
5344.1			1.0
5345.0			1.0
5345.9			1.0
5346.8			1.0
5347.7			1.0
5348.6			1.0
5349.5			1.0
5350.4			1.0
5351.3			1.0
5352.2			1.0
5353.1			1.0
5354.0			1.0
5354.9			1.0
5355.8			1.0
5356.7			1.0
5357.6			1.0
5358.5			1.0
5359.4			1.0
5360.3			1.0
5361.2			1.0
5362.1			1.0
5363.0			1.0
5363.9			1.0
5364.8			1.0
5365.7			1.0
5366.6			1.0
5367.5			1.0
5368.4			0.9593841672291997
5369.3			0.8680579494071106
5370.2			0.7692792165475587
5371.1			0.7351334959136004
5372.0			0.815475958652797
5372.9			0.9385497457603343
5373.8			1.0054481227386316
5374.7			1.0
5375.6			1.0
5376.5			1.0
5377.4			1.0
5378.3			1.0
5379.2			1.0
5380.1			1.0
5381.0			1.0
5381.9			1.0
5382.8			1.0
5383.7			1.0
5384.6			1.0
5385.5			1.0
5386.4			1.0
5387.3			1.0
5388.2			1.0
5389.1			1.0
5390.0			1.0
5390.9			1.0
5391.8			1.0
5392.7			1.0
5393.6			1.0
5394.5			1.0
5395.4			1.0
5396.3			1.0
5397.2			1.0
5398.1			1.1205708333728637
5399.0			1.1962626255841873
5399.9			1.165129975928565
5400.8			1.1286103633121505
5401.7			1.1305608564054586
5402.6			1.1095082647895473
5403.5			1.0222634601954517
5404.4			0.8980370886303671
5405.3			0.8162521744359842
5406.2			0.8392630040708425
5407.1			0.9078912281387205
5408.0			0.9150166133789155
5408.9			0.8569377588415046
5409.8			0.8402085641647153
5410.7			0.9081698595725018
5411.6			0.9796471066590169
5412.5			1.0014279899410092
5413.4			1.0
5414.3			1.0
5415.2			1.0
5416.1			1.0
5417.0			1.0
5417.9			1.0
5418.8			1.0
5419.7			1.0
5420.6			0.9940398509954819
5421.5			1.0310992749994337
5422.4			1.0547224576324976
5423.3			1.0176683098972363
5424.2			0.9837627850577518
5425.1			1.0046367065734008
5426.0			1.0479512867671184
5426.9			1.075342997810602
5427.8			1.0198690457638784
5428.7			0.8822428393667994
5429.6			0.8183515630215263
5430.5			0.8854833201917179
5431.4			0.9326074174477836
5432.3			0.9036227739136727
5433.2			0.8593518579076362
5434.1			0.8282651269323325
5435.0			0.8323267967787924
5435.9			0.8575109259357732
5436.8			0.8936177694955134
5437.7			0.9462936927831705
5438.6			0.9980073228030686
5439.5			1.0
5440.4			1.0
5441.3			1.0
5442.2			1.0
5443.1			1.0
5444.0			0.9788055956070194
5444.9			0.9051891031666442
5445.8			0.7964592733395238
5446.7			0.746705251752642
5447.6			0.81823682054511
5448.5			0.9210033994282714
5449.4			0.989862721202003
5450.3			1.0
5451.2			1.0
5452.1			1.0
5453.0			0.9634323416310218
5453.9			0.8971942519281513
5454.8			0.8167433202067393
5455.7			0.7992504498176496
5456.6			0.8750435274443494
5457.5			0.9617037062052126
5458.4			0.999689481086578
5459.3			1.0
5460.2			1.0
5461.1			1.0
5462.0			1.0
5462.9			1.0
5463.8			1.0
5464.7			1.0
5465.6			1.0
5466.5			1.0
5467.4			1.0
5468.3			1.0
5469.2			1.0
5470.1			1.0
5471.0			1.0
5471.9			1.019350789711318
5472.8			0.9884612916113268
5473.7			0.9728527436694597
5474.6			0.9962037587370353
5475.5			0.9710775131017317
5476.4			0.9209922407187923
5477.3			0.9678424617770331
5478.2			1.0831609697539217
5479.1			1.1372519460285953
5480.0			1.082126592714298
5480.9			0.9947140256569883
5481.8			1.0
5482.7			1.0419682850228313
5483.6			1.096290574202112
5484.5			1.1352278060780296
5485.4			1.1267386984936305
5486.3			1.0581286324908632
5487.2			0.9883367322367121
5488.1			0.9807596458587295
5489.0			0.9872918918473081
5489.9			0.9658973917138017
5490.8			0.9712158753114848
5491.7			0.9890692638804137
5492.6			1.0
5493.5			1.0
5494.4			1.0
5495.3			1.0
5496.2			1.0
5497.1			1.0
5498.0			1.0
5498.9			1.0
5499.8			1.0
5500.7			1.0
5501.6			1.0
5502.5			1.0
5503.4			1.0
5504.3			1.0
5505.2			1.0
5506.1			1.0
5507.0			1.0
5507.9			1.0
5508.8			1.021009759756403
5509.7			0.9957471022246756
5510.6			0.9455144344647416
5511.5			0.880357607600338
5512.4			0.8431387563900337
5513.3			0.8334570661786506
5514.2			0.8261266664786959
5515.1			0.8411401129925022
5516.0			0.8720616276439057
5516.9			0.9182740392893742
5517.8			0.9826841486965298
5518.7			1.0163512834094641
5519.6			1.0021822563007776
5520.5			1.0
5521.4			1.0
5522.3			1.0
5523.2			1.0
5524.1			1.0
5525.0			0.9909375474823102
5525.9			0.9658447807490349
5526.8			0.9212561785387591
5527.7			0.8834731840080738
5528.6			0.9036538535920693
5529.5			0.9645474773053889
5530.4			0.9998120613644067
5531.3			1.0
5532.2			1.0
5533.1			1.0
5534.0			1.0
5534.9			1.0
5535.8			1.0
5536.7			1.0
5537.6			1.0
5538.5			1.0
5539.4			1.0
5540.3			1.0
5541.2			1.0
5542.1			1.0
5543.0			1.0
5543.9			1.0
5544.8			1.0
5545.7			1.0
5546.6			1.0
5547.5			1.0
5548.4			1.0
5549.3			1.0
5550.200000000001			1.0
5551.1			1.0
5552.0			1.0
5552.9			1.0
5553.8			1.0
5554.700000000001			1.0
5555.6			1.0
5556.5			1.0
5557.4			1.0
5558.3			1.0
5559.200000000001			1.0
5560.1			1.0
5561.0			0.986430667717785
5561.9			0.9802788126958004
5562.8			0.9813259167759387
5563.700000000001			0.9862873410244732
5564.6			0.9733974932614785
5565.5			0.9413825029892188
5566.4			0.9312538627856721
5567.3			0.9538120866680075
5568.200000000001			0.9729553946777206
5569.1			0.9720083462873418
5570.0			0.9889333177095202
5570.9			1.0166875293794135
5571.8			0.9998591858313481
5572.700000000001			1.0
5573.6			1.0
5574.5			1.0
5575.4			1.0
5576.3			1.0
5577.200000000001			1.0
5578.1			1.0
5579.0			0.9956069883332576
5579.9			1.0191851699499208
5580.8			1.019404280084711
5581.700000000001			0.9941428425529154
5582.6			0.9841892915495842
5583.5			0.974679119556316
5584.4			0.9558470168859491
5585.3			0.9341910093793668
5586.200000000001			0.8949577975600417
5587.1			0.854280346155806
5588.0			0.8382612154957355
5588.9			0.8477884480036965
5589.8			0.877398496281594
5590.700000000001			0.9080538679254192
5591.6			0.9132854752641945
5592.5			0.9099927849761387
5593.4			0.9224147492833056
5594.3			1.0
5595.200000000001			1.049470806850235
5596.1			1.0763836595753153
5597.0			1.0283435993789998
5597.9			0.9527355247688565
5598.8			0.9265195490507643
5599.700000000001			0.9283480396921407
5600.6			0.911029742483004
5601.5			0.8933285908886021
5602.4			0.8887613511011228
5603.3			0.9020563428939598
5604.200000000001			0.9372987941386803
5605.1			0.9789754666700647
5606.0			1.0079731412130337
5606.9			1.012082729059436
5607.8			1.002483705160698
5608.700000000001			1.0
5609.6			1.0
5610.5			1.0
5611.4			1.0
5612.3			1.0
5613.200000000001			1.0016128031513556
5614.1			0.9456555339072845
5615.0			0.8812778619992705
5615.9			0.9073673428604133
5616.8			0.9917408655370921
5617.700000000001			1.0
5618.6			1.0
5619.5			1.0
5620.4			1.0
5621.3			1.0412954232528773
5622.200000000001			1.0507722531701307
5623.1			0.9973554930079912
5624.0			0.9141796949811517
5624.9			0.8837713205608932
5625.8			0.9236572284476379
5626.700000000001			1.0
5627.6			1.017313828368742
5628.5			1.0346125204776653
5629.4			1.0575055070853163
5630.3			1.0733768424691876
5631.200000000001			1.0784903204878473
5632.1			1.073448167913581
5633.0			1.0712709483762304
5633.9			1.062596518238624
5634.8			1.0364240967443223
5635.700000000001			1.003118919386335
5636.6			0.9805441125704208
5637.5			0.9809278174631453
5638.4			0.994405962087177
5639.3			0.9957365411824496
5640.200000000001			0.9746190208151835
5641.1			0.956038380503981
5642.0			0.9630611091949141
5642.9			0.9742401392416054
5643.8			0.976522667375973
5644.700000000001			0.9812119242244364
5645.6			0.982618528518477
5646.5			0.9845060745921901
5647.4			0.9889894952657126
5648.3			0.982821760009162
5649.200000000001			0.9830418555350785
5650.1			1.0002824498223304
5651.0			1.0246391951595757
5651.9			1.0465364183603711
5652.8			1.053366603538592
5653.700000000001			1.0300737830567934
5654.6			1.0
5655.5			1.011434148690327
5656.4			1.0060232705117955
5657.3			0.9297405774145251
5658.200000000001			0.8595731587478594
5659.1			0.8978578057028466
5660.0			0.9836963801500679
5660.9			1.0006224322896284
5661.8			1.0
5662.700000000001			1.0
5663.6			1.0
5664.5			1.0
5665.4			1.0
5666.3			1.0
5667.200000000001			1.0
5668.1			1.0
5669.0			1.0
5669.9			1.0
5670.8			1.0
5671.700000000001			1.0
5672.6			1.0
5673.5			1.0
5674.4			1.0
5675.3			1.0
5676.200000000001			1.0
5677.1			1.0
5678.0			1.0
5678.9			1.0
5679.8			1.0
5680.700000000001			1.0
5681.6			1.0
5682.5			1.0
5683.4			1.0
5684.3			1.022364216965468
5685.200000000001			1.0165962045633763
5686.1			0.9739085833090328
5687.0			0.9303149095698244
5687.9			0.9159874390869667
5688.8			0.9310249149969395
5689.700000000001			0.9623323455435969
5690.6			0.9870314228361748
5691.5			0.9986925158385982
5692.4			1.0
5693.3			1.0
5694.200000000001			1.0
5695.1			1.0
5696.0			1.0
5696.9			1.0
5697.8			1.0
5698.700000000001			1.0
5699.6			1.0
5700.5			1.0
5701.4			0.9681281882028838
5702.3			0.9675710902745285
5703.200000000001			0.996157032580312
5704.1			1.0298544550886104
5705.0			1.0299293068942672
5705.9			0.9879281520681564
5706.8			0.938233898977445
5707.700000000001			0.8948245938771924
5708.6			0.8681266725165869
5709.5			0.8854224705221283
5710.4			0.9113194045299815
5711.3			0.9005567383583459
5712.200000000001			0.9097466203109102
5713.1			0.9645258646304784
5714.0			1.0024090190315778
5714.9			1.0048088578744339
5715.8			0.9974802669212047
5716.700000000001			1.0
5717.6			1.0
5718.5			1.0
5719.4			1.0
5720.3			1.0
5721.200000000001			1.0
5722.1			1.0
5723.0			1.0
5723.9			1.0
5724.8			0.9930075004361267
5725.700000000001			0.9635934701134334
5726.6			0.9205468367663573
5727.5			0.923277684519835
5728.4			0.9823430177867493
5729.3			1.0241028684933202
5730.200000000001			1.0029135667752789
5731.1			1.0
5732.0			1.0
5732.9			1.0
5733.8			1.0
5734.700000000001			1.0
5735.6			1.0
5736.5			1.0
5737.4			1.0
5738.3			1.0
5739.200000000001			1.0
5740.1			1.0
5741.0			1.0
5741.9			1.0
5742.8			1.0
5743.700000000001			1.0
5744.6			1.0
5745.5			1.0
5746.4			1.0
5747.3			1.0
5748.200000000001			1.0
5749.1			1.0
5750.0			1.0
5750.9			1.0
5751.8			1.0
5752.700000000001			1.0
5753.6			1.0
5754.5			1.0
5755.4			1.0
5756.3			1.0
5757.200000000001			1.0
5758.1			0.9965908535917725
5759.0			0.9687212752458514
5759.9			0.9217524982596202
5760.8			0.8764455652015287
5761.700000000001			0.8520947454972322
5762.6			0.8661539843264282
5763.5			0.924376634479346
5764.4			0.9824159280299859
5765.3			1.000700469776246
5766.200000000001			1.0
5767.1			1.0
5768.0			1.0
5768.9			1.0
5769.8			1.0
5770.700000000001			1.0
5771.6			1.0
5772.5			1.0
5773.4			1.0
5774.3			0.9956754272961094
5775.200000000001			0.9949976721581314
5776.1			0.9960716667184567
5777.0			1.0009969009525355
5777.9			1.010944023377915
5778.8			1.0064695792346063
5779.700000000001			0.9605779820211076
5780.6			0.8846500033816587
5781.5			0.8429896135439439
5782.4			0.8574183435181031
5783.3			0.8814557479153612
5784.200000000001			0.8708022378315171
5785.1			0.851960306355623
5786.0			0.8831700670587393
5786.9			0.9409529403015491
5787.8			0.9790360969778401
5788.700000000001			1.0001188719839547
5789.6			1.0
5790.5			1.0
5791.4			1.0
5792.3			1.0
5793.200000000001			1.0
5794.1			1.0
5795.0			1.0
5795.9			1.0
5796.8			1.0
5797.700000000001			1.0
5798.6			1.0
5799.5			1.0
5800.4			1.0
5801.3			1.0
5802.200000000001			1.0
5803.1			1.0
5804.0			1.0
5804.9			1.0
5805.8			1.0
5806.700000000001			1.0
5807.6			1.0
5808.5			1.0
5809.4			1.0
5810.3			1.0
5811.200000000001			1.0
5812.1			0.9949919508964225
5813.0			0.9813259643836267
5813.9			0.9585040996833598
5814.8			0.9326923112394758
5815.700000000001			0.9173169349272068
5816.6			0.9288008706605537
5817.5			0.9600728360102484
5818.4			0.9889422830883139
5819.3			1.001312791023856
5820.200000000001			1.0
5821.1			1.0
5822.0			1.0
5822.9			1.0
5823.8			1.0
5824.700000000001			1.0
5825.6			1.0
5826.5			1.0
5827.4			1.0
5828.3			1.0
5829.200000000001			1.0
5830.1			1.0
5831.0			1.0
5831.9			1.0
5832.8			1.0
5833.700000000001			1.0
5834.6			1.0
5835.5			1.0
5836.4			1.0
5837.3			1.0
5838.200000000001			1.0
5839.1			1.0
5840.0			1.0
5840.9			1.0
5841.8			1.0
5842.700000000001			1.0
5843.6			1.0
5844.5			1.0
5845.4			1.0
5846.3			1.0
5847.200000000001			1.0
5848.1			1.0
5849.0			1.0
5849.9			1.0
5850.8			1.0
5851.700000000001			1.0
5852.6			1.0
5853.5			0.9983131437164473
5854.4			1.0215444460989043
5855.3			1.019284512099071
5856.200000000001			0.9781191475275619
5857.1			0.927877955223265
5858.0			0.9195035794391765
5858.9			0.9534694878107145
5859.8			0.9848514803146323
5860.700000000001			0.9955090213665868
5861.6			1.0
5862.5			1.0
5863.4			1.0
5864.3			1.0
5865.200000000001			1.0
5866.1			1.0
5867.0			1.0
5867.9			1.0
5868.8			1.0
5869.700000000001			1.0
5870.6			1.0
5871.5			1.0
5872.4			1.0
5873.3			1.0
5874.200000000001			1.0
5875.1			1.0
5876.0			1.0
5876.9			1.0
5877.8			1.0
5878.700000000001			1.0
5879.6			1.0
5880.5			1.0
5881.4			1.0
5882.3			1.0
5883.200000000001			1.0
5884.1			1.0
5885.0			1.026087104856012
5885.9			1.051468994776696
5886.8			1.0382751723343124
5887.700000000001			0.9330070165678191
5888.6			0.735314467644372
5889.5			0.5748152180090109
5890.4			0.6124159194646653
5891.3			0.8098075341873728
5892.200000000001			0.9768372662240988
5893.1			1.0485744528737788
5894.0			1.0223131914483672
5894.9			1.0
5895.8			1.0
5896.700000000001			1.0
5897.6			1.0
5898.5			1.0
5899.4			1.0
5900.3			1.0
5901.200000000001			1.0
5902.1			1.0
5903.0			1.0
5903.9			1.0
5904.8			1.0
5905.700000000001			1.0
5906.6			1.0
5907.5			1.0
5908.4			1.0
5909.3			1.0
5910.200000000001			1.0
5911.1			1.0
5912.0			0.9965947609456817
5912.9			0.9654456401277413
5913.8			0.9335588082192766
5914.700000000001			0.9230771856165272
5915.6			0.9228298787341298
5916.5			0.9433787689249481
5917.4			0.9761950648003982
5918.3			0.9869464352967697
5919.200000000001			0.9986315724729722
5920.1			1.0
5921.0			1.0
5921.9			1.0
5922.8			1.0
5923.700000000001			1.0
5924.6			1.0
5925.5			1.0
5926.4			1.0
5927.3			1.0
5928.200000000001			1.0
5929.1			1.0
5930.0			1.0
5930.9			1.0
5931.8			1.0276965891206995
5932.700000000001			1.016420067669288
5933.6			0.9730321357907613
5934.5			0.9344512133308395
5935.4			0.9455498644517957
5936.3			0.982921173791644
5937.200000000001			1.0003552268036502
5938.1			1.0
5939.0			1.0
5939.9			1.0
5940.8			1.0
5941.700000000001			1.0
5942.6			1.0
5943.5			1.0
5944.4			1.0
5945.3			1.0
5946.200000000001			1.0
5947.1			1.0
5948.0			1.0
5948.9			1.0
5949.8			1.0076803951967894
5950.700000000001			1.032582426400753
5951.6			1.0234013352896847
5952.5			0.9869496111010436
5953.4			0.9798495245427291
5954.3			0.9979395893528982
5955.200000000001			0.986676253762951
5956.1			0.9574430438840065
5957.0			0.9474698661281485
5957.9			0.9597951727870316
5958.8			0.9836325181311285
5959.700000000001			1.0141074530123688
5960.6			1.0322338012726524
5961.5			1.0325552534628937
5962.4			1.022881590522061
5963.3			1.0111942339286537
5964.200000000001			0.9973191133040784
5965.1			1.0
5966.0			1.0
5966.9			1.0
5967.8			1.0
5968.700000000001			1.0
5969.6			1.0
5970.5			1.0
5971.4			1.0
5972.3			1.0
5973.200000000001			1.0
5974.1			1.0
5975.0			1.0
5975.9			1.0
5976.8			1.0
5977.700000000001			1.0
5978.6			1.0
5979.5			1.0
5980.4			1.0
5981.3			0.9953722386524239
5982.200000000001			0.972095308022983
5983.1			0.9290104661389912
5984.0			0.9007745228187621
5984.9			0.926657720065131
5985.8			0.9811977601698396
5986.700000000001			1.0001367589705612
5987.6			1.0
5988.5			1.0
5989.4			1.0
5990.3			1.0
5991.200000000001			1.0
5992.1			1.0
5993.0			1.0
5993.9			1.0
5994.8			1.0
5995.700000000001			1.0
5996.6			1.0
5997.5			1.0
5998.4			1.0
5999.3			1.0
6000.200000000001			1.0
6001.1			1.0
6002.0			1.0
6002.9			1.0
6003.8			1.020806784896841
6004.700000000001			1.0243468158948024
6005.6			0.9996346554197089
6006.5			0.9668948781201693
6007.4			0.9387837363099372
6008.3			0.9443930770995682
6009.200000000001			0.9820645836941009
6010.1			1.0126195069649142
6011.0			1.0
6011.9			0.9649642465337496
6012.8			0.935473452039496
6013.700000000001			0.9470938005837479
6014.6			0.9692322813255652
6015.5			0.9572709859380493
6016.4			0.9284554490583433
6017.3			0.9219023152721585
6018.200000000001			0.9391719748307364
6019.1			0.9512571594235468
6020.0			0.9578023010014418
6020.9			0.9697014668426405
6021.8			0.9860993662914563
6022.700000000001			0.9992266273086051
6023.6			1.0
6024.5			1.0
6025.4			1.0
6026.3			1.0
6027.200000000001			1.0
6028.1			1.0
6029.0			1.0
6029.9			1.0
6030.8			1.0
6031.700000000001			1.0
6032.6			1.0
6033.5			1.0
6034.4			1.0
6035.3			1.0
6036.200000000001			1.0
6037.1			1.0
6038.0			1.0
6038.9			1.0
6039.8			1.0
6040.700000000001			1.0
6041.6			1.0
6042.5			1.0
6043.4			1.0
6044.3			1.0
6045.200000000001			1.0
6046.1			1.0
6047.0			1.0
6047.9			1.0
6048.8			1.0
6049.700000000001			1.0
6050.6			1.0
6051.5			1.0
6052.4			1.0
6053.3			1.0
6054.200000000001			1.0
6055.1			1.0
6056.0			1.0
6056.9			1.0
6057.8			1.0
6058.700000000001			1.0
6059.6			1.0
6060.5			1.0
6061.4			0.9828988770335537
6062.3			0.9556224163435412
6063.200000000001			0.9262415306315128
6064.1			0.8966761079690965
6065.0			0.8759047230088794
6065.9			0.9022182860937351
6066.8			0.9584271750715408
6067.700000000001			0.991881178597533
6068.6			0.9978387173670871
6069.5			1.0
6070.4			1.0
6071.3			1.0
6072.200000000001			1.0
6073.1			1.0
6074.0			1.0
6074.9			1.0
6075.8			1.0
6076.700000000001			1.0
6077.6			1.0
6078.5			1.0
6079.4			1.0
6080.3			1.0
6081.200000000001			1.0
6082.1			1.0
6083.0			1.0
6083.9			1.0
6084.8			1.0
6085.700000000001			0.9895867168158773
6086.6			1.0026482119941715
6087.5			1.0139159121446175
6088.4			0.9998752810554883
6089.3			0.9574590213821657
6090.200000000001			0.9236484291669322
6091.1			0.9272739560106666
6092.0			0.9384056806200826
6092.9			0.940754065010753
6093.8			0.9644384387746028
6094.700000000001			1.000598682554719
6095.6			1.0
6096.5			1.0
6097.4			1.0
6098.3			1.0
6099.200000000001			1.0
6100.1			1.0118092834932617
6101.0			0.9738658118038728
6101.9			0.8956949132232126
6102.8			0.8623527865670233
6103.700000000001			0.9168878350117993
6104.6			0.9798644859756153
6105.5			1.0016681570695514
6106.4			1.0
6107.3			1.0
6108.200000000001			1.0
6109.1			1.0
6110.0			1.0
6110.9			1.0
6111.8			1.0
6112.700000000001			1.0
6113.6			1.0
6114.5			1.0
6115.4			1.0
6116.3			1.0
6117.200000000001			1.0
6118.1			1.0054693162299486
6119.0			0.9699640289689967
6119.9			0.9190067035964443
6120.8			0.8836214491600952
6121.700000000001			0.8706667374155107
6122.6			0.9114607883743476
6123.5			0.9922895734403736
6124.4			1.0255212201268749
6125.3			1.000703983417018
6126.200000000001			1.0
6127.1			1.0
6128.0			1.0
6128.9			1.0
6129.8			1.0
6130.700000000001			1.0
6131.6			1.0
6132.5			1.0
6133.4			0.9738401144650919
6134.3			0.9140410468153085
6135.200000000001			0.8416974273728751
6136.1			0.7795874384024559
6137.0			0.7661006760588208
6137.9			0.8460423067967529
6138.8			0.9644354189226876
6139.700000000001			1.0218913836350012
6140.6			1.004459398916794
6141.5			1.0
6142.4			1.0
6143.3			1.0
6144.200000000001			1.0
6145.1			1.0
6146.0			1.0
6146.9			1.0
6147.8			0.9925663999179457
6148.700000000001			0.9632765191902615
6149.6			0.9346407528970434
6150.5			0.9470891782384314
6151.4			0.9941477017647757
6152.3			1.0
6153.200000000001			1.0
6154.1			1.0
6155.0			1.0
6155.9			1.0
6156.8			1.0
6157.700000000001			1.0
6158.6			0.9942476624159898
6159.5			0.9667494337017657
6160.4			0.8973037450367238
6161.3			0.8217908570726888
6162.200000000001			0.8042866871159283
6163.1			0.8487876072360326
6164.0			0.918619436151357
6164.9			0.972629853379328
6165.8			0.9978248023851981
6166.700000000001			1.0
6167.6			1.0
6168.5			1.0
6169.4			1.0
6170.3			1.0
6171.200000000001			1.0
6172.1			1.0
6173.0			1.0
6173.9			1.0
6174.8			1.0
6175.700000000001			1.0
6176.6			1.0
6177.5			1.0
6178.4			1.0
6179.3			1.0
6180.200000000001			1.0
6181.1			1.0
6182.0			1.0
6182.9			1.0
6183.8			1.0
6184.700000000001			1.0
6185.6			0.9620386081091018
6186.5			0.9235277360395607
6187.4			0.906810580306711
6188.3			0.8969815448201199
6189.200000000001			0.8822218834633285
6190.1			0.8508051668965229
6191.0			0.8066511464917827
6191.9			0.8164754892295024
6192.8			0.8854094711431678
6193.700000000001			0.9444191332349179
6194.6			0.9753600947416966
6195.5			0.991849150095313
6196.4			1.0
6197.3			0.9870934225280056
6198.200000000001			0.93853541856578
6199.1			0.8829564087080437
6200.0			0.8795063777636812
6200.9			0.9285333841181064
6201.8			0.9782569009255649
6202.700000000001			0.999997650325721
6203.6			1.0
6204.5			1.0
6205.4			1.0
6206.3			1.0
6207.200000000001			1.0
6208.1			1.0
6209.0			1.0
6209.9			1.0
6210.8			0.9833401108778861
6211.700000000001			0.9792475798359133
6212.6			0.9412439657977263
6213.5			0.8895562970067601
6214.4			0.8726599540931346
6215.3			0.8801714071972713
6216.200000000001			0.9117932581742154
6217.1			0.9695445253954662
6218.0			1.0044546765765392
6218.9			1.0
6219.8			1.0
6220.700000000001			1.0
6221.6			1.0
6222.5			1.0
6223.4			1.0
6224.3			1.0
6225.200000000001			1.0
6226.1			1.0
6227.0			1.002501920789251
6227.9			0.9909624843350813
6228.8			0.9459018357679186
6229.700000000001			0.8698230724447646
6230.6			0.8261071844383383
6231.5			0.8473481708005509
6232.4			0.8913920888828164
6233.3			0.9411819275461653
6234.200000000001			1.0016385266280332
6235.1			1.0
6236.0			0.9990265211245478
6236.9			0.9785812577208305
6237.8			0.9421239716819608
6238.700000000001			0.8826766898741709
6239.6			0.8333887898231219
6240.5			0.8552867321948966
6241.4			0.8958175329967133
6242.3			0.8688812851911419
6243.200000000001			0.8390620887213792
6244.1			0.8761778667341201
6245.0			0.9180473089769184
6245.9			1.0
6246.8			1.040301818807708
6247.700000000001			1.0812267961485542
6248.6			1.0862147751053615
6249.5			1.067815865009983
6250.4			1.0444626782032334
6251.3			0.9995374905209494
6252.200000000001			0.9559634582608456
6253.1			0.9606025092027048
6254.0			0.9839637171176737
6254.9			0.9872107042181534
6255.8			0.9478783425512478
6256.700000000001			0.8747594386000753
6257.6			0.8109102678056099
6258.5			0.8148328681184718
6259.4			0.9036872928324844
6260.3			0.9758586648530849
6261.200000000001			0.9999790425974884
6262.1			1.0466420249794646
6263.0			1.0901035407810995
6263.9			1.0701554118034982
6264.8			1.0096042577380508
6265.700000000001			0.9893811799305422
6266.6			1.016065150656229
6267.5			1.0225460918491245
6268.4			1.0004035938685167
6269.3			1.0
6270.200000000001			1.0
6271.1			1.0
6272.0			1.0
6272.9			1.0
6273.8			1.0
6274.700000000001			1.0
6275.6			1.0
6276.5			1.0
6277.4			1.0
6278.3			1.0
6279.200000000001			1.0
6280.1			1.0
6281.0			1.0
6281.9			1.0
6282.8			1.0
6283.700000000001			1.0
6284.6			1.0
6285.5			1.0
6286.4			1.0
6287.3			1.0
6288.200000000001			1.0
6289.1			1.0
6290.0			1.0
6290.9			1.0
6291.8			1.0
6292.700000000001			0.9877359318259853
6293.6			1.0028959401037525
6294.5			1.0041896208631245
6295.4			0.9498766750957502
6296.3			0.8929408165322561
6297.200000000001			0.9010138631557647
6298.1			0.9577419958470402
6299.0			0.9986967333591786
6299.9			0.9995555967812069
6300.8			1.0
6301.700000000001			1.0
6302.6			1.0
6303.5			1.0
6304.4			1.0
6305.3			1.0
6306.200000000001			1.0
6307.1			1.0
6308.0			1.0347001360389299
6308.9			1.028856328296574
6309.8			0.9961021099935837
6310.700000000001			0.9581703648313437
6311.6			0.9400576791041519
6312.5			0.9511530896952839
6313.4			0.9618619359486994
6314.3			0.9435008633740607
6315.200000000001			0.9312045430641901
6316.1			0.947690958984857
6317.0			0.940712944074932
6317.9			0.909154841995161
6318.8			0.9142650973367714
6319.700000000001			0.9545323867675414
6320.6			0.9769071899906341
6321.5			0.9713968004703718
6322.4			0.9698072675232747
6323.3			0.9857928936740855
6324.200000000001			0.9941433283550075
6325.1			0.9842862569425508
6326.0			0.9811715579331585
6326.9			0.9814836739775094
6327.8			0.9998939665642336
6328.700000000001			1.0
6329.6			1.0
6330.5			1.0
6331.4			1.0
6332.3			1.0
6333.200000000001			1.0075328725771935
6334.1			0.9728283090199227
6335.0			0.9120739067159096
6335.9			0.8935034978733527
6336.8			0.9412489489739131
6337.700000000001			0.991331068187063
6338.6			1.0063835179519673
6339.5			1.0
6340.4			1.0
6341.3			1.0
6342.200000000001			1.0
6343.1			1.0
6344.0			1.0
6344.9			1.0
6345.8			1.0
6346.700000000001			1.0
6347.6			1.0
6348.5			1.0
6349.4			1.0
6350.3			1.0012087775860397
6351.200000000001			1.0096083797132958
6352.1			1.0034489882897037
6353.0			0.9772568275834077
6353.9			0.9403904561989768
6354.8			0.9215711378248876
6355.700000000001			0.937095211314692
6356.6			0.9449250005426167
6357.5			0.9066170979282501
6358.4			0.8569728798000272
6359.3			0.8433944083872177
6360.200000000001			0.8534533726221877
6361.1			0.8535667376944485
6362.0			0.8465229579776787
6362.9			0.8500857071978803
6363.8			0.8689962794786789
6364.700000000001			0.8903356282432154
6365.6			0.9105112481505621
6366.5			0.9355448450119282
6367.4			0.976387559305338
6368.3			0.9990876511549807
6369.200000000001			1.0
6370.1			1.0
6371.0			1.0
6371.9			1.0
6372.8			1.0
6373.700000000001			1.0
6374.6			1.0
6375.5			1.0
6376.4			1.0
6377.3			1.0
6378.200000000001			1.0
6379.1			1.0
6380.0			1.0
6380.9			1.0
6381.8			1.0
6382.700000000001			1.0
6383.6			1.0
6384.5			1.0
6385.4			1.0
6386.3			1.0
6387.200000000001			1.0
6388.1			1.0
6389.0			1.0
6389.9			1.0
6390.8			0.9885739379928541
6391.700000000001			0.9531012714573415
6392.6			0.8970297477751379
6393.5			0.8774696533788618
6394.4			0.9196972148092604
6395.3			0.9682069699980957
6396.200000000001			0.9998259370356759
6397.1			1.0
6398.0			1.0
6398.9			1.0
6399.8			1.0
6400.700000000001			1.0
6401.6			1.0
6402.5			1.0
6403.4			1.0
6404.3			1.0
6405.200000000001			1.0
6406.1			1.0
6407.0			1.0
6407.9			1.0
6408.8			1.0
6409.700000000001			1.0
6410.6			1.0
6411.5			1.0
6412.4			1.0
6413.3			1.0
6414.200000000001			1.0
6415.1			1.0
6416.0			1.0
6416.9			0.9856958371517265
6417.8			0.961427447462878
6418.700000000001			0.940011723851217
6419.6			0.912391496992113
6420.5			0.8958773613014293
6421.4			0.9151637203413325
6422.3			0.9697721309384159
6423.200000000001			1.0056841107654269
6424.1			0.9998997700950141
6425.0			1.0
6425.9			1.0
6426.8			1.0
6427.700000000001			1.0058667945565236
6428.6			0.9804897677367228
6429.5			0.9224145957527949
6430.4			0.8685170879613747
6431.3			0.8840447701778487
6432.200000000001			0.9517684011668048
6433.1			1.0009934219467573
6434.0			1.0
6434.9			1.0
6435.8			1.0
6436.700000000001			1.0
6437.6			1.0
6438.5			1.0
6439.4			1.0
6440.3			1.0
6441.200000000001			1.0
6442.1			1.0
6443.0			1.0
6443.9			1.0
6444.8			1.0
6445.700000000001			1.0
6446.6			1.0
6447.5			0.9733699405018027
6448.4			0.8986067365433001
6449.3			0.8106817776516109
6450.200000000001			0.7954728440979216
6451.1			0.8630807854452832
6452.0			0.9363154040132062
6452.9			0.9949129364009254
6453.8			1.0
6454.700000000001			1.0
6455.6			1.0
6456.5			1.0
6457.4			1.0
6458.3			1.0
6459.200000000001			1.0
6460.1			1.0
6461.0			0.9689900847976746
6461.9			0.90962525075217
6462.8			0.8912528546820867
6463.700000000001			0.9406085147006501
6464.6			0.9935721728910438
6465.5			1.0
6466.4			1.0
6467.3			1.0
6468.200000000001			1.0
6469.1			1.0
6470.0			1.0
6470.9			1.0
6471.8			1.0
6472.700000000001			1.0
6473.6			1.0
6474.5			1.0
6475.4			1.0
6476.3			1.0
6477.200000000001			1.0
6478.1			1.0
6479.0			1.0
6479.9			0.9939649689272266
6480.8			0.9612231501711145
6481.700000000001			0.9147910010210004
6482.6			0.9023659406403896
6483.5			0.9345592709703688
6484.4			0.9753858151473604
6485.3			1.0015518897641664
6486.200000000001			1.0
6487.1			1.0
6488.0			1.0009235910902365
6488.9			0.9868170655360822
6489.8			0.9646503622033911
6490.700000000001			0.9550695931702987
6491.6			0.9611929383976291
6492.5			0.9461323435046088
6493.4			0.8803149410630053
6494.3			0.8120012271120837
6495.200000000001			0.8000497665399738
6496.1			0.8266168945771221
6497.0			0.8547806513923197
6497.9			0.8760248025836486
6498.8			0.888108497303662
6499.700000000001			0.9165275055977343
6500.6			0.9562220563159071
6501.5			0.9824402865890496
6502.4			1.0010706580358086
6503.3			1.0
6504.200000000001			1.0
6505.1			1.0
6506.0			1.0
6506.9			1.0
6507.8			1.0
6508.700000000001			1.0
6509.6			1.0
6510.5			1.0
6511.4			1.0
6512.3			1.0
6513.200000000001			1.0
6514.1			1.0
6515.0			1.0
6515.9			1.0
6516.8			1.0
6517.700000000001			1.0
6518.6			1.0
6519.5			1.0
6520.4			1.0
6521.3			1.0
6522.200000000001			1.0
6523.1			1.0
6524.0			1.0
6524.9			1.0
6525.8			1.0
6526.700000000001			1.0
6527.6			1.0
6528.5			1.0
6529.4			1.0
6530.3			1.0
6531.200000000001			1.0
6532.1			1.0
6533.0			1.0
6533.9			1.0
6534.8			1.0
6535.700000000001			1.0
6536.6			1.0
6537.5			1.0
6538.4			1.0
6539.3			1.0
6540.200000000001			1.0
6541.1			1.0
6542.0			1.0
6542.9			1.0
6543.8			1.0
6544.700000000001			1.0
6545.6			1.0
6546.5			1.0
6547.4			1.0
6548.3			1.0
6549.200000000001			1.0
6550.1			1.0
6551.0			1.0
6551.9			1.0
6552.8			1.0
6553.700000000001			1.0
6554.6			1.0
6555.5			1.0
6556.4			1.0
6557.3			1.0
6558.200000000001			1.0
6559.1			1.0
6560.0			0.9873778436194478
6560.9			0.908198560120978
6561.8			0.7466990088067613
6562.700000000001			0.6459531710979848
6563.6			0.7372048611386117
6564.5			0.9051350095826884
6565.4			1.000120196808175
6566.3			1.0
6567.200000000001			1.0
6568.1			1.0
6569.0			1.0
6569.9			0.9973543928106979
6570.8			1.0008911705722954
6571.700000000001			0.9697926570189312
6572.6			0.9195080544479791
6573.5			0.8914121631524402
6574.4			0.8949868315409772
6575.3			0.9254977677497175
6576.200000000001			0.9683062485372256
6577.1			0.9951812078735623
6578.0			1.0
6578.9			1.0
6579.8			1.0
6580.700000000001			1.0
6581.6			1.0
6582.5			1.0
6583.4			1.0
6584.3			1.0
6585.200000000001			1.0
6586.1			1.0
6587.0			1.0
6587.9			1.0
6588.8			1.0
6589.700000000001			1.0
6590.6			0.9820025200492097
6591.5			0.9379777725230711
6592.4			0.8854962778601684
6593.3			0.8729910552265817
6594.200000000001			0.9176832596073459
6595.1			0.9730044077152555
6596.0			0.9983333036750296
6596.9			1.0
6597.8			1.0
6598.700000000001			1.0
6599.6			1.0
6600.5			1.0
6601.4			1.0
6602.3			1.0
6603.200000000001			1.0
6604.1			0.9773059376943449
6605.0			0.9562573865407866
6605.9			0.9472675548267397
6606.8			0.9404936040696945
6607.700000000001			0.9215222060823692
6608.6			0.9032501189869083
6609.5			0.924713428860146
6610.4			0.9839035316936389
6611.3			1.0248128210940581
6612.200000000001			1.019417330046342
6613.1			0.9989225014302638
6614.0			1.0
6614.9			1.0
6615.8			1.0
6616.700000000001			1.0
6617.6			1.0
6618.5			1.0
6619.4			1.0
6620.3			1.0
6621.200000000001			1.0
6622.1			0.9862859067336531
6623.0			0.9529985443816054
6623.9			0.9132617829573725
6624.8			0.9041874177897302
6625.700000000001			0.9429166277896046
6626.6			0.9870981819207678
6627.5			1.0024911144484845
6628.4			1.0
6629.3			1.0
6630.200000000001			1.0
6631.1			1.0
6632.0			1.0
6632.9			1.0
6633.8			1.0
6634.700000000001			1.0
6635.6			1.0
6636.5			1.0
6637.4			1.0
6638.3			1.0
6639.200000000001			1.0
6640.1			1.0
6641.0			1.0
6641.9			1.0
6642.8			1.0
6643.700000000001			1.0
6644.6			1.0
6645.5			1.0
6646.4			1.0
6647.3			1.0
6648.200000000001			1.0
6649.1			1.0
6650.0			1.0
6650.9			1.0
6651.8			1.0
6652.700000000001			1.0
6653.6			1.0
6654.5			1.0
6655.4			1.0
6656.3			0.9936786461778011
6657.200000000001			0.9927470149835839
6658.1			0.9965486549398256
6659.0			0.9921569518977258
6659.9			0.9808657506567389
6660.8			0.9705530938056298
6661.700000000001			0.9520538459540415
6662.6			0.9237882878159502
6663.5			0.9130347743782893
6664.4			0.9270149681552718
6665.3			0.9311191646392997
6666.200000000001			0.9226266582446039
6667.1			0.9231154171089754
6668.0			0.9395682596340738
6668.9			0.9676405128931151
6669.8			0.9893830420364358
6670.700000000001			0.9992603677719116
6671.6			1.0
6672.5			1.0
6673.4			1.0
6674.3			1.0042288390132061
6675.200000000001			1.0090676335972564
6676.1			0.984327538772958
6677.0			0.9255287938486163
6677.9			0.8906014177691776
6678.8			0.9248968774664971
6679.700000000001			0.9802442883440172
6680.6			1.0005786622714283
6681.5			1.0027407938140138
6682.4			1.0
6683.3			1.0
6684.200000000001			1.0
6685.1			1.0
6686.0			1.0
6686.9			1.0
6687.8			1.0
6688.700000000001			1.0
6689.6			1.0
6690.5			1.0
6691.4			1.0
6692.3			1.0
6693.200000000001			1.0
6694.1			1.0
6695.0			1.0
6695.9			1.0
6696.8			1.0
6697.700000000001			1.0
6698.6			1.0
6699.5			1.0
6700.4			1.0
6701.3			1.0
6702.200000000001			1.0
6703.1			1.0
6704.0			1.0
6704.9			1.0
6705.8			1.0
6706.700000000001			1.0
6707.6			1.0
6708.5			1.0
6709.4			1.0
6710.3			1.0
6711.200000000001			1.0
6712.1			1.0027486335190543
6713.0			0.9880514635736294
6713.9			0.9724081044064778
6714.8			0.9557064552893241
6715.700000000001			0.931168443739141
6716.6			0.9094115689114469
6717.5			0.9124671791306854
6718.4			0.9546909230948039
6719.3			0.994924440828659
6720.200000000001			1.0068737010064512
6721.1			0.999952451139899
6722.0			1.0
6722.9			1.0
6723.8			1.0
6724.700000000001			1.0
6725.6			1.0
6726.5			1.0
6727.4			1.0
6728.3			1.0
6729.200000000001			1.0
6730.1			1.0
6731.0			1.0
6731.9			1.0
6732.8			1.0
6733.700000000001			1.0
6734.6			1.0
6735.5			1.0
6736.4			1.0
6737.3			1.0
6738.200000000001			1.0
6739.1			1.0
6740.0			1.0
6740.9			1.0
6741.8			1.0
6742.700000000001			1.0
6743.6			1.0
6744.5			1.0
6745.4			1.0
6746.3			0.9884706776519382
6747.200000000001			0.9860992181063091
6748.1			0.9915275779707318
6749.0			0.988854643850749
6749.9			0.9853691642078748
6750.8			0.9884504824619867
6751.700000000001			0.9653399844093008
6752.6			0.9306166287680916
6753.5			0.9476431885022609
6754.4			0.9937283559032016
6755.3			1.0198229588328411
6756.200000000001			1.034474307171455
6757.1			1.0494535766215831
6758.0			1.0598513127959865
6758.9			1.0652684973401512
6759.8			1.067693589986395
6760.700000000001			1.056159820236161
6761.6			1.0364367088786919
6762.5			1.0315706491118737
6763.4			1.0427072186907738
6764.3			1.0410627066830687
6765.200000000001			1.0124783647178162
6766.1			0.9740299850727306
6767.0			0.9611600779075151
6767.9			0.9805549888393149
6768.8			1.0044295832621113
6769.700000000001			1.003707687260471
6770.6			0.9900477884446998
6771.5			0.9980638821970894
6772.4			1.0241223126704493
6773.3			1.045675234243058
6774.200000000001			1.0609262175853584
6775.1			1.0724202435810615
6776.0			1.0741747326139528
6776.9			1.0690985157964257
6777.8			1.0695764020036416
6778.700000000001			1.0818208470198707
6779.6			1.0872462653513124
6780.5			1.0754465078248592
6781.4			1.0501528412374053
6782.3			1.0072475473828388
6783.200000000001			0.9605769963042237
6784.1			0.9425974464807225
6785.0			0.9542453782271918
6785.9			0.9757689165395914
6786.8			1.0005818098212829
6787.700000000001			1.0220258604674968
6788.6			1.0219624510587597
6789.5			1.0143649691206542
6790.4			1.0198138122211327
6791.3			1.026188226844809
6792.200000000001			1.0142923602836724
6793.1			0.9944648933649407
6794.0			0.9957427899102521
6794.9			1.0109112363001227
6795.8			1.0187315231682934
6796.700000000001			1.0278978618734513
6797.6			1.033338730043812
6798.5			1.032416618636897
6799.4			1.0397168723403336
6800.3			1.0514753584296663
6801.200000000001			1.0573119442810168
6802.1			1.056217019431717
6803.0			1.0488746984592008
6803.9			1.0435756664720088
6804.8			1.0437400780538593
6805.700000000001			1.0400133761928267
6806.6			1.0362192357477769
6807.5			1.0451116007347439
6808.4			1.0539144950686143
6809.3			1.0480235579569221
6810.200000000001			1.0386830016258037
6811.1			1.036365915377842
6812.0			1.0377759430064104
6812.9			1.0345090611089165
6813.8			1.016884621508581
6814.700000000001			0.9993487063728975
6815.6			1.0144512162515278
6816.5			1.0483592652630713
6817.4			1.0629568898969861
6818.3			1.0537510715414449
6819.200000000001			1.0382336214144103
6820.1			1.0317522135868888
6821.0			1.0419218684752622
6821.9			1.0580630317292516
6822.8			1.0695286793344048
6823.700000000001			1.0757746539173065
6824.6			1.0759319230170423
6825.5			1.0724729460176499
6826.4			1.0605806723679112
6827.3			1.0390093422057887
6828.200000000001			1.0241836859806004
6829.1			1.0307706426384629
6830.0			1.0490225330946672
6830.9			1.0567200925734386
6831.8			1.0430779168449373
6832.700000000001			1.0309001022991358
6833.6			1.043495862997457
6834.5			1.0659580247942801
6835.4			1.07600501850646
6836.3			1.0701252891549993
6837.200000000001			1.0588973074615213
6838.1			1.0455072519871593
6839.0			1.0268789607056412
6839.9			1.0061516330184772
6840.8			0.9869301943804958
6841.700000000001			0.9801754067013315
6842.6			0.9944564737612127
6843.5			1.0207788331263874
6844.4			1.0458365030436112
6845.3			1.0554304721909047
6846.200000000001			1.0509774896287511
6847.1			1.0518634306032228
6848.0			1.0560807665945209
6848.9			1.0478861232919454
6849.8			1.0348410926340017
6850.700000000001			1.0319074199266616
6851.6			1.0395215788959926
6852.5			1.0488763260762222
6853.4			1.0410825489592301
6854.3			1.0142346629394536
6855.200000000001			1.000560296811407
6856.1			1.01298301515366
6857.0			1.0288082713049715
6857.9			1.0377845792354143
6858.8			1.0389941983520348
6859.700000000001			1.017176143820923
6860.6			0.9789159906900188
6861.5			0.9653623791563394
6862.4			0.9995821062363527
6863.3			1.0513262142718656
6864.200000000001			1.0769992588972384
6865.1			1.070663533531812
6866.0			1.0519153356210926
6866.9			1.0233801530527455
6867.8			0.9852824486386266
6868.700000000001			0.9751002344894952
6869.6			1.0149075515097357
6870.5			1.0464196192817359
6871.4			1.0307454309500081
6872.3			1.0204819210785419
6873.200000000001			1.0294207885376536
6874.1			1.0263969350104298
6875.0			1.015005227844643
6875.9			1.021967445905182
6876.8			1.0483585829736801
6877.700000000001			1.0691001456344338
6878.6			1.0751088021499648
6879.5			1.0635944319609685
6880.4			1.0346518312468214
6881.3			1.0088962412379001
6882.200000000001			0.9978593930225831
6883.1			1.0043753170729914
6884.0			1.0272326906093519
6884.9			1.0413450605142316
6885.8			1.0383784454624807
6886.700000000001			1.0461534226545077
6887.6			1.0756727672332436
6888.5			1.0921866599475536
6889.4			1.0784901679061942
6890.3			1.0740415890653214
6891.200000000001			1.0927035633329307
6892.1			1.083366172382046
6893.0			1.0535986013986116
6893.9			1.055843035907609
6894.8			1.075307741903423
6895.700000000001			1.0620937753132427
6896.6			1.0342592967254887
6897.5			1.0457411540097508
6898.4			1.0778429365765696
6899.3			1.0649799202725605
6900.200000000001			1.0258422834166814
6901.1			1.0329556421224526
6902.0			1.0829490896618503
6902.9			1.1041265539609249
6903.8			1.0746696865112786
6904.700000000001			1.037444363868798
6905.6			1.0413025307741237
6906.5			1.0826802306480667
6907.4			1.104622997431583
6908.3			1.094950937553736
6909.200000000001			1.0795574451117338
6910.1			1.0713994450200124
6911.0			1.0699309874952485
6911.9			1.060995789501126
6912.8			1.0318280579176584
6913.700000000001			1.0026777194315573
6914.6			1.0138263158182028
6915.5			1.0553026218229642
6916.4			1.070052461284791
6917.3			1.0662341117836198
6918.200000000001			1.0688942173966411
6919.1			1.0763777528599876
6920.0			1.0942103747715701
6920.9			1.1058999248592152
6921.8			1.1001588124350363
6922.700000000001			1.074024253319841
6923.6			1.0313758817908003
6924.5			0.9998482706710784
6925.4			1.0023984988886139
6926.3			1.0266786454506767
6927.200000000001			1.052509892503595
6928.1			1.0622464572708186
6929.0			1.0609225924221435
6929.9			1.0604298160430254
6930.8			1.0623863519581798
6931.700000000001			1.0515155139086843
6932.6			1.0286377983692327
6933.5			1.026243445035414
6934.4			1.0491925688690833
6935.3			1.0586082325593325
6936.200000000001			1.0542417016867465
6937.1			1.050249153196258
6938.0			1.0481729179032029
6938.9			1.0581734472726854
6939.8			1.0754056583966651
6940.700000000001			1.0829968810687645
6941.6			1.0741057073063711
6942.5			1.055447754883607
6943.4			1.0309375685582536
6944.3			1.0095873190794344
6945.200000000001			1.009458023517363
6946.1			1.0396558195511008
6947.0			1.0618444375701415
6947.9			1.0668650993447486
6948.8			1.0705624955781572
6949.700000000001			1.062823710345088
6950.6			1.0393354650116406
6951.5			1.0263415357371835
6952.4			1.0230968060749726
6953.3			1.0139312359802994
6954.200000000001			1.0149630416594617
6955.1			1.0349653468765045
6956.0			1.058975433235548
6956.9			1.068989091345607
6957.8			1.0712297066935632
6958.700000000001			1.0736153305553306
6959.6			1.0740191215246102
6960.5			1.07832683526603
6961.4			1.0814568731529184
6962.3			1.077449627334196
6963.200000000001			1.0791114746678365
6964.1			1.0760821185368827
6965.0			1.0645542570411073
6965.9			1.0609452681699572
6966.8			1.074030185850406
6967.700000000001			1.0927142126007408
6968.6			1.0961644724868724
6969.5			1.0787960486797168
6970.4			1.0557448143202997
6971.3			1.0521012189969765
6972.200000000001			1.070919463160896
6973.1			1.0811807891108776
6974.0			1.0662251151555617
6974.9			1.0488222489658943
6975.8			1.0345005233546876
6976.700000000001			1.0004994170216772
6977.6			0.9412144891581705
6978.5			0.9085559809761444
6979.4			0.947251443448452
6980.3			1.0103159626962472
6981.200000000001			1.0484215134949373
6982.1			1.0669728366538982
6983.0			1.0781908093403343
6983.9			1.084215303342172
6984.8			1.0845359520044828
6985.700000000001			1.0809965075113797
6986.6			1.0742355278984186
6987.5			1.0605291178598888
6988.4			1.0398186125058921
6989.3			1.0272222449887072
6990.200000000001			1.0338819387763718
6991.1			1.0570276959775349
6992.0			1.0757240165014805
6992.9			1.0723874000373568
6993.8			1.0558704567065182
6994.700000000001			1.0524297426414875
6995.6			1.060683708989236
6996.5			1.0649847864958009
6997.4			1.0633909313272147
6998.3			1.0442160150776258
6999.200000000001			1.0167152933710986
7000.1			1.0
7001.0			1.0
7001.9			1.0
7002.8			1.0
7003.700000000001			1.0
7004.6			1.0
7005.5			1.0
7006.4			1.0
7007.3			1.0
7008.200000000001			1.0
7009.1			1.0
7010.0			1.0
7010.9			1.0
7011.8			1.0
7012.700000000001			1.0
7013.6			1.0
7014.5			1.0
7015.4			1.0
7016.3			1.0
7017.200000000001			1.0
7018.1			1.0
7019.0			1.0
7019.9			1.0
7020.8			1.0
7021.700000000001			1.0
7022.6			1.0
7023.5			1.0
7024.4			1.0
7025.3			1.0
7026.200000000001			1.0
7027.1			1.0
7028.0			1.0
7028.9			1.0
7029.8			1.0
7030.700000000001			1.0
7031.6			1.0
7032.5			1.0
7033.4			1.0
7034.3			1.0
7035.200000000001			1.0
7036.1			1.0
7037.0			1.0
7037.9			1.0
7038.8			1.0
7039.700000000001			1.0
7040.6			1.0
7041.5			1.0
7042.4			1.0
7043.3			1.0
7044.200000000001			1.0
7045.1			1.0
7046.0			1.0
7046.9			1.0
7047.8			1.0
7048.700000000001			1.0
7049.6			1.0
7050.5			1.0
7051.4			1.0
7052.3			1.0
7053.200000000001			1.0
7054.1			1.0
7055.0			1.0
7055.9			1.0
7056.8			1.0
7057.700000000001			1.0
7058.6			1.0
7059.5			1.0
7060.4			1.0
7061.3			1.0
7062.200000000001			1.0
7063.1			1.0
7064.0			1.0
7064.9			1.0
7065.8			1.0
7066.700000000001			1.0
7067.6			1.0
7068.5			1.0
7069.4			1.0
7070.3			1.0
7071.200000000001			1.0
7072.1			1.0
7073.0			1.0
7073.9			1.0
7074.8			1.0
7075.700000000001			1.0
7076.6			1.0
7077.5			1.0
7078.4			1.0
7079.3			1.0
7080.200000000001			1.0
7081.1			1.0
7082.0			1.0
7082.9			1.0
7083.8			1.0
7084.700000000001			1.0
7085.6			1.0
7086.5			1.0
7087.4			1.0
7088.3			1.0
7089.200000000001			1.0
7090.1			1.0
7091.0			1.0
7091.9			1.0
7092.8			1.0
7093.700000000001			1.0
7094.6			1.0
7095.5			1.0
7096.4			1.0
7097.3			1.0
7098.200000000001			1.0
7099.1			1.0
7100.0			1.0
7100.9			1.0
7101.8			1.0
7102.700000000001			1.0
7103.6			1.0
7104.5			1.0
7105.4			1.0
7106.3			1.0
7107.200000000001			1.0
7108.1			1.0
7109.0			1.0
7109.9			1.0
7110.8			1.0
7111.700000000001			1.0
7112.6			1.0
7113.5			1.0
7114.4			1.0
7115.3			1.0
7116.200000000001			1.0
7117.1			1.0
7118.0			1.0
7118.9			1.0
7119.8			1.0
7120.700000000001			1.0
7121.6			1.0
7122.5			1.0
7123.4			1.0
7124.3			1.0
7125.200000000001			1.0
7126.1			1.0
7127.0			1.0
7127.9			1.0
7128.8			1.0
7129.700000000001			1.0
7130.6			1.0
7131.5			1.0
7132.4			1.0
7133.3			1.0
7134.200000000001			1.0
7135.1			1.0
7136.0			1.0
7136.9			1.0
7137.8			1.0
7138.700000000001			1.0
7139.6			1.0
7140.5			1.0
7141.4			1.0
7142.3			1.0
7143.200000000001			1.0
7144.1			1.0
7145.0			1.0
7145.9			1.0
7146.8			1.0
7147.700000000001			1.0
7148.6			1.0
7149.5			1.0
7150.4			1.0
7151.3			1.0
7152.200000000001			1.0
7153.1			1.0
7154.0			1.0
7154.9			1.0
7155.8			1.0
7156.700000000001			1.0
7157.6			1.0
7158.5			1.0
7159.4			1.0
7160.3			1.0
7161.200000000001			1.0
7162.1			1.0
7163.0			1.0
7163.9			1.0
7164.8			1.0
7165.700000000001			1.0
7166.6			1.0
7167.5			1.0
7168.4			1.0
7169.3			1.0
7170.200000000001			1.0
7171.1			1.0
7172.0			1.0
7172.9			1.0
7173.8			1.0
7174.700000000001			1.0
7175.6			1.0
7176.5			1.0
7177.4			1.0
7178.3			1.0
7179.200000000001			1.0
7180.1			1.0
7181.0			1.0
7181.9			1.0
7182.8			1.0
7183.700000000001			1.0
7184.6			1.0
7185.5			1.0
7186.4			1.0
7187.3			1.0
7188.200000000001			1.0
7189.1			1.0
7190.0			1.0
7190.9			1.0
7191.8			1.0
7192.700000000001			1.0
7193.6			1.0
7194.5			1.0
7195.4			1.0
7196.3			1.0
7197.200000000001			1.0
7198.1			1.0
7199.0			1.0
7199.9			1.0
7200.8			1.0
7201.700000000001			1.0
7202.6			1.0
7203.5			1.0
7204.4			1.0
7205.3			1.0
7206.200000000001			1.0
7207.1			1.0
7208.0			1.0
7208.9			1.0
7209.8			1.0
7210.700000000001			1.0
7211.6			1.0
7212.5			1.0
7213.4			1.0
7214.3			1.0
7215.200000000001			1.0
7216.1			1.0
7217.0			1.0
7217.9			1.0
7218.8			1.0
7219.700000000001			1.0
7220.6			1.0
7221.5			1.0
7222.4			1.0
7223.3			1.0
7224.200000000001			1.0
7225.1			1.0
7226.0			1.0
7226.9			1.0
7227.8			1.0
7228.700000000001			1.0
7229.6			1.0
7230.5			1.0
7231.4			1.0
7232.3			1.0
7233.200000000001			1.0
7234.1			1.0
7235.0			1.0
7235.9			1.0
7236.8			1.0
7237.700000000001			1.0
7238.6			1.0
7239.5			1.0
7240.4			1.0
7241.3			1.0
7242.200000000001			1.0
7243.1			1.0
7244.0			1.0
7244.9			1.0
7245.8			1.0
7246.700000000001			1.0
7247.6			1.0
7248.5			1.0
7249.4			1.0
7250.3			1.0
7251.200000000001			1.0
7252.1			1.0
7253.0			1.0
7253.9			1.0
7254.8			1.0
7255.700000000001			1.0
7256.6			1.0
7257.5			1.0
7258.4			1.0
7259.3			1.0
7260.200000000001			1.0
7261.1			1.0
7262.0			1.0
7262.9			1.0
7263.8			1.0
7264.700000000001			1.0
7265.6			1.0
7266.5			1.0
7267.4			1.0
7268.3			1.0
7269.200000000001			1.0
7270.1			1.0
7271.0			1.0
7271.9			1.0
7272.8			1.0
7273.700000000001			1.0
7274.6			1.0
7275.5			1.0
7276.4			1.0
7277.3			1.0
7278.200000000001			1.0
7279.1			1.0
7280.0			1.0
7280.9			1.0
7281.8			1.0
7282.700000000001			1.0
7283.6			1.0
7284.5			1.0
7285.4			1.0
7286.3			1.0
7287.200000000001			1.0
7288.1			1.0
7289.0			1.0
7289.9			1.0
7290.8			1.0
7291.700000000001			1.0
7292.6			1.0
7293.5			1.0
7294.4			1.0
7295.3			1.0
7296.200000000001			1.0
7297.1			1.0
7298.0			1.0
7298.9			1.0
7299.8			1.0
7300.700000000001			1.0
7301.6			1.0
7302.5			1.0
7303.4			1.0
7304.3			1.0
7305.200000000001			1.0
7306.1			1.0
7307.0			1.0
7307.9			1.0
7308.8			1.0
7309.700000000001			1.0
7310.6			1.0
7311.5			1.0
7312.4			1.0
7313.3			1.0
7314.200000000001			1.0
7315.1			1.0
7316.0			1.0
7316.9			1.0
7317.8			1.0
7318.700000000001			1.0
7319.6			1.0
7320.5			1.0
7321.4			1.0
7322.3			1.0
7323.200000000001			1.0
7324.1			1.0
7325.0			1.0
7325.9			1.0
7326.8			1.0
7327.700000000001			1.0
7328.6			1.0
7329.5			1.0
7330.4			1.0
7331.3			1.0
7332.200000000001			1.0
7333.1			1.0
7334.0			1.0
7334.9			1.0
7335.8			1.0
7336.700000000001			1.0
7337.6			1.0
7338.5			1.0
7339.4			1.0
7340.3			1.0
7341.200000000001			1.0
7342.1			1.0
7343.0			1.0
7343.9			1.0
7344.8			1.0
7345.700000000001			1.0
7346.6			1.0
7347.5			1.0
7348.4			1.0
7349.3			1.0
7350.200000000001			1.0
7351.1			1.0
7352.0			1.0
7352.9			1.0
7353.8			1.0
7354.700000000001			1.0
7355.6			1.0
7356.5			1.0
7357.4			1.0
7358.3			1.0
7359.200000000001			1.0
7360.1			1.0
7361.0			1.0
7361.9			1.0
7362.8			1.0
7363.700000000001			1.0
7364.6			1.0
7365.5			1.0
7366.4			1.0
7367.3			1.0
7368.200000000001			1.0
7369.1			1.0
7370.0			1.0
7370.9			1.0
7371.8			1.0
7372.700000000001			1.0
7373.6			1.0
7374.5			1.0
7375.4			1.0
7376.3			1.0
7377.200000000001			1.0
7378.1			1.0
7379.0			1.0
7379.9			1.0
7380.8			1.0
7381.700000000001			1.0
7382.6			1.0
7383.5			1.0
7384.4			1.0
7385.3			1.0
7386.200000000001			1.0
7387.1			1.0
7388.0			1.0
7388.9			1.0
7389.8			1.0
7390.700000000001			1.0
7391.6			1.0
7392.5			1.0
7393.4			1.0
7394.3			1.0
7395.200000000001			1.0
7396.1			1.0
7397.0			1.0
7397.9			1.0
7398.8			1.0
7399.700000000001			1.0
7400.6			1.0
7401.5			1.0
7402.4			1.0
7403.3			1.0
7404.200000000001			1.0
7405.1			1.0
7406.0			1.0
7406.9			1.0
7407.8			1.0
7408.700000000001			1.0
7409.6			1.0
7410.5			1.0
7411.4			1.0
7412.3			1.0
7413.200000000001			1.0
7414.1			1.0
7415.0			1.0
7415.9			1.0
7416.8			1.0
7417.700000000001			1.0
7418.6			1.0
7419.5			1.0
7420.4			1.0
7421.3			1.0
7422.200000000001			1.0
7423.1			1.0
7424.0			1.0
7424.9			1.0
7425.8			1.0
7426.700000000001			1.0
7427.6			1.0
7428.5			1.0
7429.4			1.0
