3500.0			1.0
3500.9			1.0
3501.8			1.0
3502.7			1.0
3503.6			1.0
3504.5			1.0
3505.4			1.0
3506.3			1.0
3507.2			1.0
3508.1			1.0
3509.0			1.0
3509.9			1.0
3510.8			1.0
3511.7			1.0
3512.6			1.0
3513.5			1.0
3514.4			1.0
3515.3			1.0
3516.2			1.0
3517.1			1.0
3518.0			1.0
3518.9			1.0
3519.8			1.0
3520.7			1.0
3521.6			1.0
3522.5			1.0
3523.4			1.0
3524.3			1.0
3525.2			1.0
3526.1			1.0
3527.0			1.0
3527.9			1.0
3528.8			1.0
3529.7			1.0
3530.6			1.0
3531.5			1.0
3532.4			1.0
3533.3			1.0
3534.2			1.0
3535.1			1.0
3536.0			1.0
3536.9			1.0
3537.8			1.0
3538.7			1.0
3539.6			1.0
3540.5			1.0
3541.4			1.0
3542.3			1.0
3543.2			1.0
3544.1			1.0
3545.0			1.0
3545.9			1.0
3546.8			1.0
3547.7			1.0
3548.6			1.0
3549.5			1.0
3550.4			1.0
3551.3			1.0
3552.2			1.0
3553.1			1.0
3554.0			1.0
3554.9			1.0
3555.8			1.0
3556.7			1.0
3557.6			1.0
3558.5			1.0
3559.4			1.0
3560.3			1.0
3561.2			1.0
3562.1			1.0
3563.0			1.0
3563.9			1.0
3564.8			1.0
3565.7			1.0
3566.6			1.0
3567.5			1.0
3568.4			1.0
3569.3			1.0
3570.2			1.0
3571.1			1.0
3572.0			1.0
3572.9			1.0
3573.8			1.0
3574.7			1.0
3575.6			1.0
3576.5			1.0
3577.4			1.0
3578.3			1.0
3579.2			1.0
3580.1			1.0
3581.0			1.0
3581.9			1.0
3582.8			1.0
3583.7			1.0
3584.6			1.0
3585.5			1.0
3586.4			1.0
3587.3			1.0
3588.2			1.0
3589.1			1.0
3590.0			1.0
3590.9			1.0
3591.8			1.0
3592.7			1.0
3593.6			1.0
3594.5			1.0
3595.4			1.0
3596.3			1.0
3597.2			1.0
3598.1			1.0
3599.0			1.0
3599.9			1.0
3600.8			1.0
3601.7			1.0
3602.6			1.0
3603.5			1.0
3604.4			1.0
3605.3			1.0
3606.2			1.0
3607.1			1.0
3608.0			1.0
3608.9			1.0
3609.8			1.0
3610.7			1.0
3611.6			1.0
3612.5			1.0
3613.4			1.0
3614.3			1.0
3615.2			1.0
3616.1			1.0
3617.0			1.0
3617.9			1.0
3618.8			1.0
3619.7			1.0
3620.6			1.0
3621.5			1.0
3622.4			1.0
3623.3			1.0
3624.2			1.0
3625.1			1.0
3626.0			1.0
3626.9			1.0
3627.8			1.0
3628.7			1.0
3629.6			1.0
3630.5			1.0
3631.4			1.0
3632.3			1.0
3633.2			1.0
3634.1			1.0
3635.0			1.0
3635.9			1.0
3636.8			1.0
3637.7			1.0
3638.6			1.0
3639.5			1.0
3640.4			1.0
3641.3			1.0
3642.2			1.0
3643.1			1.0
3644.0			1.0
3644.9			1.0
3645.8			1.0
3646.7			1.0
3647.6			1.0
3648.5			1.0
3649.4			1.0
3650.3			1.0
3651.2			1.0
3652.1			1.0
3653.0			1.0
3653.9			1.0
3654.8			1.0
3655.7			1.0
3656.6			1.0
3657.5			1.0
3658.4			1.0
3659.3			1.0
3660.2			1.0
3661.1			1.0
3662.0			1.0
3662.9			1.0
3663.8			1.0
3664.7			1.0
3665.6			1.0
3666.5			1.0
3667.4			1.0
3668.3			1.0
3669.2			1.0
3670.1			1.0
3671.0			1.0
3671.9			1.0
3672.8			1.0
3673.7			1.0
3674.6			1.0
3675.5			1.0
3676.4			1.0
3677.3			1.0
3678.2			1.0
3679.1			1.0
3680.0			1.0
3680.9			1.0
3681.8			1.0
3682.7			1.0
3683.6			1.0
3684.5			1.0
3685.4			1.0
3686.3			1.0
3687.2			1.0
3688.1			1.0
3689.0			1.0
3689.9			1.0
3690.8			1.0
3691.7			1.0
3692.6			1.0
3693.5			1.0
3694.4			1.0
3695.3			1.0
3696.2			1.0
3697.1			1.0
3698.0			1.0
3698.9			1.0
3699.8			1.0
3700.7			1.0
3701.6			1.0
3702.5			1.0
3703.4			1.0
3704.3			1.0
3705.2			1.0
3706.1			1.0
3707.0			1.0
3707.9			1.0
3708.8			1.0
3709.7			1.0
3710.6			1.0
3711.5			1.0
3712.4			1.0
3713.3			1.0
3714.2			1.0
3715.1			1.0
3716.0			1.0
3716.9			1.0
3717.8			1.0
3718.7			1.0
3719.6			1.0
3720.5			1.0
3721.4			1.0
3722.3			1.0
3723.2			1.0
3724.1			1.0
3725.0			1.0
3725.9			1.0
3726.8			1.0
3727.7			1.0
3728.6			1.0
3729.5			1.0
3730.4			1.0
3731.3			1.0
3732.2			1.0
3733.1			1.0
3734.0			1.0
3734.9			1.0
3735.8			1.0
3736.7			1.0
3737.6			1.0
3738.5			1.0
3739.4			1.0
3740.3			1.0
3741.2			1.0
3742.1			1.0
3743.0			1.0
3743.9			1.0
3744.8			1.0
3745.7			1.0
3746.6			1.0
3747.5			1.0
3748.4			1.0
3749.3			1.0
3750.2			1.0
3751.1			1.0
3752.0			1.0
3752.9			1.0
3753.8			1.0
3754.7			1.0
3755.6			1.0
3756.5			1.0
3757.4			1.0
3758.3			1.0
3759.2			1.0
3760.1			1.0
3761.0			1.0
3761.9			1.0
3762.8			1.0
3763.7			1.0
3764.6			1.0
3765.5			1.0
3766.4			1.0
3767.3			1.0
3768.2			1.0
3769.1			1.0
3770.0			1.0
3770.9			1.0
3771.8			1.0
3772.7			1.0
3773.6			1.0
3774.5			1.0
3775.4			1.0
3776.3			1.0
3777.2			1.0
3778.1			1.0
3779.0			1.0
3779.9			1.0
3780.8			1.0
3781.7			1.0
3782.6			1.0
3783.5			1.0
3784.4			1.0
3785.3			1.0
3786.2			1.0
3787.1			1.0
3788.0			1.0
3788.9			1.0
3789.8			1.0
3790.7			1.0
3791.6			1.0
3792.5			1.0
3793.4			1.0
3794.3			1.0
3795.2			1.0
3796.1			1.0
3797.0			1.0
3797.9			1.0
3798.8			1.0
3799.7			1.0
3800.6			1.0
3801.5			1.0
3802.4			1.0
3803.3			1.0
3804.2			1.0
3805.1			1.0
3806.0			1.0
3806.9			1.0
3807.8			1.0
3808.7			1.0
3809.6			1.0
3810.5			1.0
3811.4			1.0
3812.3			1.0
3813.2			1.0
3814.1			1.0
3815.0			1.0
3815.9			1.0
3816.8			1.0
3817.7			1.0
3818.6			1.0
3819.5			1.0
3820.4			1.0
3821.3			1.0
3822.2			1.0
3823.1			1.0
3824.0			1.0
3824.9			1.0
3825.8			1.0
3826.7			1.0
3827.6			1.0
3828.5			1.0
3829.4			1.0
3830.3			1.0
3831.2			1.0
3832.1			1.0
3833.0			1.0
3833.9			1.0
3834.8			1.0
3835.7			1.0
3836.6			1.0
3837.5			1.0
3838.4			1.0
3839.3			1.0
3840.2			1.0
3841.1			1.0
3842.0			1.0
3842.9			1.0
3843.8			1.0
3844.7			1.0
3845.6			1.0
3846.5			1.0
3847.4			1.0
3848.3			1.0
3849.2			1.0
3850.1			1.0
3851.0			1.0
3851.9			1.0
3852.8			1.0
3853.7			1.0
3854.6			1.0
3855.5			1.0
3856.4			1.0
3857.3			1.0
3858.2			1.0
3859.1			1.0
3860.0			1.0
3860.9			1.0
3861.8			1.0
3862.7			1.0
3863.6			1.0
3864.5			1.0
3865.4			1.0
3866.3			1.0
3867.2			1.0
3868.1			1.0
3869.0			1.0
3869.9			1.0
3870.8			1.0
3871.7			1.0
3872.6			1.0
3873.5			1.0
3874.4			1.0
3875.3			1.0
3876.2			1.0
3877.1			1.0
3878.0			1.0
3878.9			1.0
3879.8			1.0
3880.7			1.0
3881.6			1.0
3882.5			1.0
3883.4			1.0
3884.3			1.0
3885.2			1.0
3886.1			1.0
3887.0			1.0
3887.9			1.0
3888.8			1.0
3889.7			1.0
3890.6			1.0
3891.5			1.0
3892.4			1.0
3893.3			1.0
3894.2			1.0
3895.1			1.0
3896.0			1.0
3896.9			1.0
3897.8			1.0
3898.7			1.0
3899.6			1.0
3900.5			1.0
3901.4			1.0
3902.3			1.0
3903.2			1.0
3904.1			1.0
3905.0			1.0
3905.9			1.0
3906.8			1.0
3907.7			1.0
3908.6			1.0
3909.5			1.0
3910.4			1.0
3911.3			1.0
3912.2			1.0
3913.1			1.0
3914.0			1.0
3914.9			1.0
3915.8			1.0
3916.7			1.0
3917.6			1.0
3918.5			1.0
3919.4			1.0
3920.3			1.0
3921.2			1.0
3922.1			1.0
3923.0			1.0
3923.9			1.0
3924.8			1.0
3925.7			1.0
3926.6			1.0
3927.5			1.0
3928.4			1.0
3929.3			1.0
3930.2			1.0
3931.1			1.0
3932.0			1.0
3932.9			1.0
3933.8			1.0
3934.7			1.0
3935.6			1.0
3936.5			1.0
3937.4			1.0
3938.3			1.0
3939.2			1.0
3940.1			1.0
3941.0			1.0
3941.9			1.0
3942.8			1.0
3943.7			1.0
3944.6			1.0
3945.5			1.0
3946.4			1.0
3947.3			1.0
3948.2			1.0
3949.1			1.0
3950.0			1.0
3950.9			1.0
3951.8			1.0
3952.7			1.0
3953.6			1.0
3954.5			1.0
3955.4			1.0
3956.3			1.0
3957.2			1.0
3958.1			1.0
3959.0			1.0
3959.9			1.0
3960.8			1.0
3961.7			1.0
3962.6			1.0
3963.5			1.0
3964.4			1.0
3965.3			1.0
3966.2			1.0
3967.1			1.0
3968.0			1.0
3968.9			1.0
3969.8			1.0
3970.7			1.0
3971.6			1.0
3972.5			1.0
3973.4			1.0
3974.3			1.0
3975.2			1.0
3976.1			1.0
3977.0			1.0
3977.9			1.0
3978.8			1.0
3979.7			1.0
3980.6			1.0
3981.5			1.0
3982.4			1.0
3983.3			1.0
3984.2			1.0
3985.1			1.0
3986.0			1.0
3986.9			1.0
3987.8			1.0
3988.7			1.0
3989.6			1.0
3990.5			1.0
3991.4			1.0
3992.3			1.0
3993.2			1.0
3994.1			1.0
3995.0			1.0
3995.9			1.0
3996.8			1.0
3997.7			1.0
3998.6			1.0
3999.5			1.0
4000.4			1.0
4001.3			1.0
4002.2			1.0
4003.1			1.0100727221493089
4004.0			0.9339640208762089
4004.9			0.7933301156588526
4005.8			0.7275625552258627
4006.7			0.8052335013481533
4007.6			0.9326915058447326
4008.5			1.0012399625624695
4009.4			1.0
4010.3			1.0
4011.2			1.0
4012.1			1.0
4013.0			1.0
4013.9			1.0
4014.8			1.0
4015.7			1.0
4016.6			1.0
4017.5			1.0
4018.4			1.0
4019.3			1.0
4020.2			1.0
4021.1			1.0
4022.0			1.0
4022.9			1.0
4023.8			1.0
4024.7			1.0
4025.6			1.0
4026.5			1.0
4027.4			1.0
4028.3			0.9989121513456534
4029.2			0.8992339229169537
4030.1			0.7190182851055689
4031.0			0.566869278671427
4031.9			0.5037362715604055
4032.8			0.4840497343273963
4033.7			0.4793624363340089
4034.6			0.5265153907615546
4035.5			0.648511350485407
4036.4			0.8135694151396655
4037.3			0.9556641199704369
4038.2			1.0214815435139974
4039.1			1.0001401202758702
4040.0			1.0
4040.9			1.0
4041.8			0.9592904163229656
4042.7			0.932878524170638
4043.6			0.8330002153834208
4044.5			0.6596221278826417
4045.4			0.5122591191408368
4046.3			0.47847206692194644
4047.2			0.5602806709729432
4048.1			0.6971428047658214
4049.0			0.8341825630607578
4049.9			0.9438152316952202
4050.8			1.0013347020513876
4051.7			1.0
4052.6			1.0
4053.5			1.0
4054.4			1.0
4055.3			1.0
4056.2			1.0
4057.1			1.0
4058.0			1.0
4058.9			1.0
4059.8			1.0610657666703887
4060.7			1.0954483415692133
4061.6			1.0073986064984621
4062.5			0.8148615218952998
4063.4			0.6462257818128949
4064.3			0.6232003708077621
4065.2			0.729264314593462
4066.1			0.8355384759050629
4067.0			0.880769629055237
4067.9			0.9263241445015851
4068.8			0.9917965342138817
4069.7			1.0
4070.6			1.0
4071.5			1.0
4072.4			1.0
4073.3			1.0
4074.2			1.0
4075.1			1.0
4076.0			1.0
4076.9			1.0
4077.8			1.0
4078.7			1.0
4079.6			1.0
4080.5			1.0
4081.4			1.0
4082.3			1.0
4083.2			1.0
4084.1			1.0
4085.0			1.0
4085.9			1.0
4086.8			1.0
4087.7			1.0
4088.6			1.0
4089.5			1.0
4090.4			1.0
4091.3			1.0
4092.2			1.0
4093.1			0.999381712227051
4094.0			1.00646780073854
4094.9			0.9249090657882496
4095.8			0.781518698691797
4096.7			0.6869100632195332
4097.6			0.6682746676232564
4098.5			0.673320582698831
4099.4			1.0
4100.3			1.1345783297705596
4101.2			1.3831687605993148
4102.1			1.548219248570315
4103.0			1.451696748109087
4103.9			1.2158818799672577
4104.8			1.0710115385467938
4105.7			1.0603797605050274
4106.6			1.0770136730418707
4107.5			1.0524891846270816
4108.4			1.0110253242773737
4109.3			0.9796267073050966
4110.2			0.9427261436144491
4111.1			0.8982244737240311
4112.0			0.8862252854917849
4112.9			0.932724038394935
4113.8			0.9933160548230295
4114.7			1.0126705240106855
4115.6			1.0085926244592942
4116.5			1.0197297380466346
4117.4			1.013938075512417
4118.3			0.9600349314458448
4119.2			0.9194482790802037
4120.1			0.9447390229609117
4121.0			0.9804076039117696
4121.9			0.9713538777081773
4122.8			0.9556762409850502
4123.7			0.9947727379142888
4124.6			1.0
4125.5			1.0
4126.4			1.0
4127.3			1.0
4128.2			0.9439996623169875
4129.1			0.9290010578121264
4130.0			0.9117624060983147
4130.9			0.8386279595122008
4131.8			0.7301086301361187
4132.7			0.6662922642388494
4133.6			0.6847475385580812
4134.5			0.7695613218402547
4135.4			0.8873199806218272
4136.3			0.973135432715203
4137.2			0.99910318387015
4138.1			1.0
4139.0			1.032209475687262
4139.9			1.0564570507582316
4140.8			1.0335522732997608
4141.7			0.905746670790476
4142.6			0.6939555947478556
4143.5			0.5502158851366289
4144.4			0.5830775803903345
4145.3			0.7324824099646875
4146.2			0.8769751826745513
4147.1			0.9632263732142131
4148.0			1.0040282239794815
4148.9			1.0
4149.8			1.0
4150.7			1.0
4151.6			1.0
4152.5			1.0
4153.4			1.0
4154.3			1.0
4155.2			1.0
4156.1			1.0
4157.0			1.0
4157.9			1.0
4158.8			1.0
4159.7			1.0
4160.6			1.0
4161.5			1.0
4162.4			1.0
4163.3			1.0
4164.2			1.0
4165.1			1.0
4166.0			1.0
4166.9			0.9662796606188256
4167.8			0.9382987601180306
4168.7			0.9414453593309564
4169.6			0.9784130693875795
4170.5			0.9754144406816901
4171.4			0.8799251300272839
4172.3			0.7619400263100522
4173.2			0.7266077330623134
4174.1			0.7608669505442052
4175.0			0.7885698537354622
4175.9			0.8004231788535326
4176.8			0.8194056785274132
4177.7			0.8563241988124963
4178.6			0.9271173538605161
4179.5			1.0002696758808889
4180.4			1.0
4181.3			1.0
4182.2			1.0
4183.1			1.0
4184.0			1.0581761675893868
4184.9			1.0957613622992632
4185.8			1.0580894265524725
4186.7			0.933305754779823
4187.6			0.8302017050381797
4188.5			0.8719651699483875
4189.4			0.9906947484513937
4190.3			1.0305136600477693
4191.2			0.9963785767832362
4192.1			1.0
4193.0			1.0
4193.9			1.0
4194.8			0.9531731758697828
4195.7			0.8676055727252973
4196.6			0.7947347984624853
4197.5			0.723430369854686
4198.4			0.6589195770008416
4199.3			0.6402072710715174
4200.2			0.6527683939838448
4201.1			0.6468688851392859
4202.0			0.6426622719127365
4202.9			0.6944560810094679
4203.8			0.7948936429355326
4204.7			0.8987340236914866
4205.6			0.9753434090548084
4206.5			1.0161180117314625
4207.4			1.0352992133710137
4208.3			1.0369040102396045
4209.2			0.9980334181033534
4210.1			1.0
4211.0			1.0
4211.9			1.076532745710248
4212.8			1.1105878075001379
4213.7			1.0617131847881935
4214.6			0.962479206491004
4215.5			0.8600188717342884
4216.4			0.8201776201316996
4217.3			0.8623437512545667
4218.2			0.9169067284227146
4219.1			0.9297697288954235
4220.0			0.9106052895134524
4220.9			0.863930939259181
4221.8			0.7780856535928709
4222.7			0.6705424337470322
4223.6			0.5653757041961095
4224.5			0.46431712523696517
4225.4			0.37202203657133104
4226.3			0.3069286790141185
4227.2			0.2876526036541379
4228.1			0.3247344024883656
4229.0			0.4112131102159708
4229.9			0.5243764919448497
4230.8			0.6355521030100261
4231.7			0.7138668717355643
4232.6			0.7421368959390373
4233.5			0.7403150512662183
4234.4			0.7327108802875627
4235.3			0.7194334209904466
4236.2			0.7248794141340799
4237.1			0.7784249129409202
4238.0			0.8416960379018871
4238.9			0.8607305724012277
4239.8			0.8545175170356493
4240.7			0.8817022822650217
4241.6			0.9432369213787184
4242.5			0.9998000545717416
4243.4			1.0
4244.3			1.0
4245.2			1.0
4246.1			1.0
4247.0			0.9329967141227552
4247.9			0.8881240352532851
4248.8			0.8552019306263055
4249.7			0.7763914983678477
4250.6			0.6927987738903276
4251.5			0.7049899507651238
4252.4			0.7595154055776261
4253.3			0.7205464936052148
4254.2			0.6254709549822492
4255.1			0.6471492330619242
4256.0			0.8377014736899278
4256.9			1.0604362812763377
4257.8			1.1616085528022062
4258.7			1.110252887523719
4259.6			0.9845732163442186
4260.5			0.9125031493622251
4261.4			0.996465838267069
4262.3			1.0
4263.2			1.0
4264.1			1.0
4265.0			1.0
4265.9			1.0
4266.8			1.0
4267.7			1.0
4268.6			0.9473119163962862
4269.5			0.8762573352203804
4270.4			0.7487928259167429
4271.3			0.6052266973702383
4272.2			0.5389465281590082
4273.1			0.5508765017929584
4274.0			0.5545500186551217
4274.9			0.5506755533778677
4275.8			0.6296235530000187
4276.7			0.8087971731759139
4277.6			1.0088984280218218
4278.5			1.1347855070922388
4279.4			1.1380348720886477
4280.3			1.067246938928734
4281.2			1.0000930248840922
4282.1			1.0
4283.0			1.0
4283.9			1.0
4284.8			1.0
4285.7			0.9998120586458039
4286.6			0.961296833563841
4287.5			0.9020929612161519
4288.4			0.7870305903140341
4289.3			0.6347292795355212
4290.2			0.5605326393928506
4291.1			0.6489175727931656
4292.0			0.8394519173411213
4292.9			0.980917400635904
4293.8			1.0040966326391536
4294.7			1.0037904187738096
4295.6			1.0
4296.5			1.0
4297.4			1.0
4298.3			1.0
4299.2			1.0
4300.1			1.0
4301.0			1.0
4301.9			1.0
4302.8			1.0
4303.7			1.0446070841809862
4304.6			1.036260002595792
4305.5			0.9323458857215335
4306.4			0.7821330428686186
4307.3			0.6549642352523778
4308.2			0.6002243365052743
4309.1			0.6418030837308606
4310.0			0.7487840685745296
4310.9			0.8622690613386397
4311.8			0.9472993146419815
4312.7			0.9866983381178465
4313.6			1.0
4314.5			1.0
4315.4			1.0
4316.3			1.0
4317.2			1.0
4318.1			1.0
4319.0			1.0
4319.9			1.0
4320.8			1.0
4321.7			1.0
4322.6			0.9502794902864393
4323.5			0.8377090265223588
4324.4			0.6739905644254577
4325.3			0.5285032440416775
4326.2			0.4975508239290721
4327.1			0.6197353997444451
4328.0			0.8151456363562091
4328.9			0.9561588936920974
4329.8			0.9987103192378901
4330.7			1.0
4331.6			1.0
4332.5			1.0
4333.4			1.0
4334.3			1.0
4335.2			1.0
4336.1			0.9295586290861401
4337.0			0.7981302529891318
4337.9			0.718141923828798
4338.8			0.7969185730502072
4339.7			1.0013059657029213
4340.6			1.0
4341.5			1.0
4342.4			1.0
4343.3			1.0
4344.2			1.0
4345.1			1.0
4346.0			1.0
4346.9			1.0
4347.8			1.0
4348.7			1.0629921875956094
4349.6			1.083831322894302
4350.5			0.9791286771715232
4351.4			0.801775714152949
4352.3			0.7073290905453244
4353.2			0.7629299493769848
4354.1			0.8716506594820407
4355.0			0.9400199496455137
4355.9			0.9966706404929665
4356.8			1.0
4357.7			1.0
4358.6			1.0
4359.5			1.0
4360.4			1.0
4361.3			1.0
4362.2			1.0
4363.1			1.0
4364.0			1.0
4364.9			1.0
4365.8			1.0
4366.7			1.0
4367.6			1.0
4368.5			1.0
4369.4			1.0
4370.3			1.0
4371.2			1.0
4372.1			1.0
4373.0			1.0
4373.9			1.0
4374.8			1.0
4375.7			1.0
4376.6			1.0
4377.5			1.1068221278458006
4378.4			1.1419837901587175
4379.3			1.0900811435517368
4380.2			1.0205169384781476
4381.1			0.9365521627743324
4382.0			0.7915420336767306
4382.9			0.608749541106978
4383.8			0.4966831157069725
4384.7			0.5496240703314793
4385.6			0.7391453745782506
4386.5			0.9269632803362343
4387.4			1.011303643952857
4388.3			1.0107745599234121
4389.2			0.9929461705282633
4390.1			1.0019647794275222
4391.0			1.0
4391.9			1.0
4392.8			1.0
4393.7			1.0
4394.6			1.0
4395.5			1.0
4396.4			1.0
4397.3			1.0
4398.2			1.0
4399.1			1.0
4400.0			0.9032536545560812
4400.9			0.8315421308858746
4401.8			0.8152504480386457
4402.7			0.7807258735838363
4403.6			0.6544029683575405
4404.5			0.5131946589113805
4405.4			0.48730146919938994
4406.3			0.5646216327916441
4407.2			0.6367176502073225
4408.1			0.6875536848053766
4409.0			0.7848920129859291
4409.9			0.9168690929016784
4410.8			1.0005340878367341
4411.7			1.0
4412.6			0.9827384319527822
4413.5			0.9029392340945954
4414.4			0.7602566937772476
4415.3			0.6616769716615066
4416.2			0.7058827086621718
4417.1			0.8509576265189693
4418.0			0.9986904992354677
4418.9			1.0
4419.8			1.0
4420.7			1.0
4421.6			0.9295743381047511
4422.5			0.8596931568788003
4423.4			0.8412324925725323
4424.3			0.8417955270072397
4425.2			0.8100665687135582
4426.1			0.77394770365407
4427.0			0.7998753563600338
4427.9			0.896401043497565
4428.8			0.9858617851077192
4429.7			1.0031848793250715
4430.6			1.0
4431.5			1.0250132428440804
4432.4			1.0312566792825548
4433.3			0.9231805808615688
4434.2			0.7369985551160775
4435.1			0.604480045800452
4436.0			0.6221520587068994
4436.9			0.7586237235831986
4437.8			0.9042027045160702
4438.7			0.9880244287985331
4439.6			1.0
4440.5			1.0
4441.4			1.0
4442.3			1.0
4443.2			1.0
4444.1			1.0
4445.0			1.0
4445.9			1.0
4446.8			0.9679405202384525
4447.7			0.9328812765725152
4448.6			0.9472691947820265
4449.5			0.9659693863664686
4450.4			0.9524583353104118
4451.3			0.9329454096716856
4452.2			0.9085092700547306
4453.1			0.8271329845231513
4454.0			0.6795245552281265
4454.9			0.5546669734770875
4455.8			0.5430792124337309
4456.7			0.6235414396035116
4457.6			0.7002568661637796
4458.5			0.7268486909754621
4459.4			0.7274215196380699
4460.3			0.7200926378443867
4461.2			0.7099458543249556
4462.1			0.7479361967850857
4463.0			0.8644178867333008
4463.9			0.976488775106353
4464.8			1.0010620672595443
4465.7			1.0
4466.6			1.0
4467.5			1.0
4468.4			1.0
4469.3			1.0
4470.2			1.0
4471.1			1.0
4472.0			1.0
4472.9			1.0
4473.8			1.0
4474.7			1.0
4475.6			1.0
4476.5			1.0
4477.4			1.0
4478.3			1.025978382338199
4479.2			0.9680357045483656
4480.1			0.865825155367464
4481.0			0.7729066544665198
4481.9			0.729804433747842
4482.8			0.768957433286809
4483.7			0.8668279424154733
4484.6			0.9531941009267113
4485.5			0.99875360577699
4486.4			1.0
4487.3			1.0
4488.2			1.0
4489.1			1.0
4490.0			1.0
4490.9			1.0
4491.8			1.0650411997841376
4492.7			1.0710128270606074
4493.6			0.9911584760757197
4494.5			0.880596687151516
4495.4			0.8184019049619081
4496.3			0.8244750908534723
4497.2			0.8770762117573788
4498.1			0.9454247113919888
4499.0			0.9957809648922193
4499.9			1.0
4500.8			1.0
4501.7			1.0
4502.6			1.0
4503.5			1.0
4504.4			1.0
4505.3			1.0
4506.2			1.0
4507.1			1.0
4508.0			1.0
4508.9			1.0
4509.8			1.0
4510.7			1.0
4511.6			1.0
4512.5			1.0
4513.4			1.0
4514.3			1.0
4515.2			1.0228433304810534
4516.1			1.0249581188850199
4517.0			0.9744545834992425
4517.9			0.9130983088001786
4518.8			0.9133920027660983
4519.7			0.9644885455539517
4520.6			0.999548773509288
4521.5			1.0
4522.4			1.0
4523.3			1.0
4524.2			0.981757366600619
4525.1			0.9444383659391328
4526.0			0.8585548838655971
4526.9			0.7622918652495445
4527.8			0.7104104647883778
4528.7			0.7223370510193903
4529.6			0.7729219569860117
4530.5			0.8221654705700155
4531.4			0.8557738469569531
4532.3			0.8642423186093525
4533.2			0.8216216268387214
4534.1			0.7363215259403347
4535.0			0.6803272050136487
4535.9			0.7450942107360724
4536.8			0.9323140952856752
4537.7			1.1112019893300804
4538.6			1.166551829304673
4539.5			1.1142165557706603
4540.4			1.0
4541.3			0.9852348165762091
4542.2			1.0337878150436994
4543.1			1.0714924512018156
4544.0			1.0370871719603667
4544.9			0.9621286292223346
4545.8			0.9251119165086661
4546.7			0.9421109883508282
4547.6			0.9592773082836576
4548.5			0.9503410092631137
4549.4			0.9574051813182434
4550.3			1.0
4551.2			1.0147984629791789
4552.1			0.9738904919183032
4553.0			0.9064519116598485
4553.9			0.847301049338065
4554.8			0.8128896553507763
4555.7			0.8293238602973791
4556.6			0.8968939482565852
4557.5			0.9693600802389941
4558.4			1.000016673660768
4559.3			1.0
4560.2			1.0
4561.1			1.0
4562.0			1.0
4562.9			1.0
4563.8			1.0
4564.7			1.0
4565.6			1.0
4566.5			1.0
4567.4			1.0
4568.3			1.0
4569.2			1.0
4570.1			0.9373703418234685
4571.0			0.8726091889165992
4571.9			0.8698807375933837
4572.8			0.9402941947055982
4573.7			0.9990778051103884
4574.6			1.0
4575.5			1.0
4576.4			1.0
4577.3			0.9945495388821637
4578.2			0.9501083913816836
4579.1			0.8852226288594904
4580.0			0.8315090421761772
4580.9			0.8317297143253529
4581.8			0.9094529905235494
4582.7			1.0112292577753421
4583.6			1.0523276224317388
4584.5			1.0
4585.4			0.9061811699676058
4586.3			0.8811205300537817
4587.2			0.9585463689998592
4588.1			1.0651517406456503
4589.0			1.1156508051592908
4589.9			1.092831698173309
4590.8			1.0274422084581472
4591.7			0.9677219025255179
4592.6			0.9453177463753337
4593.5			0.9540737511493854
4594.4			0.9675060308230269
4595.3			0.9775810133914231
4596.2			0.9862244542949334
4597.1			0.9880563371612325
4598.0			0.9859380972594414
4598.9			0.9761337214203848
4599.8			0.9389182151774043
4600.7			0.8973089379697828
4601.6			0.8885275492174725
4602.5			0.9046702706241171
4603.4			0.9267157672485158
4604.3			0.9479013183370875
4605.2			0.9532717168252796
4606.1			0.9428544834111088
4607.0			0.9465543510026312
4607.9			0.9995927122434122
4608.8			1.077598888365509
4609.7			1.106970973945034
4610.6			1.073824699025404
4611.5			1.0277161296265276
4612.4			0.9883920568007258
4613.3			0.9711197228861342
4614.2			0.9931209633819148
4615.1			1.0126407086610159
4616.0			1.0001622038733171
4616.9			0.9928375426803042
4617.8			0.9993585283583349
4618.7			1.0
4619.6			1.0
4620.5			1.0
4621.4			1.0123997338781505
4622.3			0.9811429195040773
4623.2			0.9609350982891391
4624.1			0.954913354841003
4625.0			0.9254199749215336
4625.9			0.9045305355142905
4626.8			0.9392614489962774
4627.7			0.9923792749169619
4628.6			1.0037584140069498
4629.5			0.9883593852820626
4630.4			0.9982686949761361
4631.3			1.0
4632.2			1.0
4633.1			1.0
4634.0			1.0
4634.9			1.0031757556273233
4635.8			1.0003069581806765
4636.7			0.9641024761997431
4637.6			0.9097791209708613
4638.5			0.870605520080058
4639.4			0.8565698442335459
4640.3			0.8889233657738201
4641.2			0.9678953202685724
4642.1			1.0239487495429693
4643.0			1.014192302830558
4643.9			0.972077419660486
4644.8			0.9088465250017183
4645.7			0.8191964780569787
4646.6			0.7614539346519753
4647.5			0.7829839939534781
4648.4			0.8416379831938995
4649.3			0.8842034129951533
4650.2			0.894577277349872
4651.1			0.8780520738838394
4652.0			0.8703543784750661
4652.9			0.8842915860262218
4653.8			0.880609562665077
4654.7			0.8528746046611789
4655.6			0.840950629412216
4656.5			0.8680085456595037
4657.4			0.9290205584960406
4658.3			0.9981410040900878
4659.2			1.0
4660.1			1.0
4661.0			1.0
4661.9			1.0
4662.8			1.0
4663.7			0.9667449344758496
4664.6			0.9563264217635483
4665.5			0.9252400765443807
4666.4			0.8391722285557999
4667.3			0.7473570589335153
4668.2			0.7404373282458314
4669.1			0.8354503660257744
4670.0			0.954557996209705
4670.9			1.0223209048367734
4671.8			1.0286320390504928
4672.7			0.9997820724142691
4673.6			1.0
4674.5			1.0
4675.4			1.0
4676.3			1.0
4677.2			1.0180036933240768
4678.1			0.9813241766851197
4679.0			0.9346364796304174
4679.9			0.9049952818277908
4680.8			0.8818849641926033
4681.7			0.8763743549241768
4682.6			0.9126936048541608
4683.5			0.9692899001223994
4684.4			1.0006285952166247
4685.3			1.0056541712724723
4686.2			1.00486642546304
4687.1			1.0
4688.0			1.0
4688.9			1.0
4689.8			1.0
4690.7			0.9866253696284483
4691.6			0.9855321983072556
4692.5			1.002970673646516
4693.4			1.0258867603399502
4694.3			1.0539534276683815
4695.2			1.0869510096139645
4696.1			1.0970684867208744
4697.0			1.0571399162173514
4697.9			0.9832179825216347
4698.8			0.9325390160079637
4699.7			0.9368746669768405
4700.6			0.9570607388527329
4701.5			0.9322751791880504
4702.4			0.8756172446749868
4703.3			0.8660297440745632
4704.2			0.9236704678243169
4705.1			0.9755908452174803
4706.0			0.9614223437872638
4706.9			0.9118041803716538
4707.8			0.8860424611013408
4708.7			0.8878223841424536
4709.6			0.9095359374961417
4710.5			0.9651608819416593
4711.4			1.035323563271972
4712.3			1.0680774108795608
4713.2			1.040406992326219
4714.1			0.9853149758060816
4715.0			0.9648133756442129
4715.9			0.999654683328885
4716.8			1.0
4717.7			1.0
4718.6			1.0
4719.5			1.0
4720.4			1.0
4721.3			1.0
4722.2			1.0
4723.1			1.0
4724.0			1.0336372476902884
4724.9			1.0759320705183073
4725.8			1.0648311954729544
4726.7			0.9911861148527109
4727.6			0.921094893575068
4728.5			0.9029679304891877
4729.4			0.9160192505106972
4730.3			0.9348764082029134
4731.2			0.9627002738770545
4732.1			0.9905943217603794
4733.0			1.0004674731492444
4733.9			1.0
4734.8			1.0
4735.7			1.0
4736.6			1.0
4737.5			1.0
4738.4			1.0
4739.3			1.0
4740.2			1.0
4741.1			1.0
4742.0			1.0
4742.9			1.0
4743.8			1.0
4744.7			1.0
4745.6			1.0
4746.5			1.0
4747.4			1.0
4748.3			1.0
4749.2			1.0
4750.1			1.0
4751.0			1.0
4751.9			1.0
4752.8			0.9514206297579754
4753.7			0.9145315844168369
4754.6			0.9194234885145807
4755.5			0.9409502469918823
4756.4			0.9455392372496446
4757.3			0.9400868507141704
4758.2			0.9391119595296573
4759.1			0.9519375265634937
4760.0			0.9694104622379708
4760.9			0.9570086324448077
4761.8			0.9172378894630531
4762.7			0.8970516420701816
4763.6			0.9033295301626185
4764.5			0.8954746725845567
4765.4			0.8619573768645586
4766.3			0.8386201803161487
4767.2			0.850259933446693
4768.1			0.8820656954703691
4769.0			0.9094514913013627
4769.9			0.9155371389489103
4770.8			0.8941580306788183
4771.7			0.8644817685550799
4772.6			0.85963248964214
4773.5			0.8893025124366126
4774.4			0.9204660842253691
4775.3			0.9161103113460446
4776.2			0.8913235388573367
4777.1			0.8777501963759624
4778.0			0.8724559254009976
4778.9			0.8629060987351042
4779.8			0.8545073006021333
4780.7			0.8501539493831664
4781.6			0.834195125246611
4782.5			0.8011755293424029
4783.4			0.7874240936814766
4784.3			0.8224773339366621
4785.2			0.8610037471978915
4786.1			0.8643035251771152
4787.0			0.8606047660607054
4787.9			0.862467267329685
4788.8			0.8592161369381313
4789.7			0.8661170136994863
4790.6			0.8945864949067401
4791.5			0.9244588885778942
4792.4			0.9453280622641058
4793.3			0.9709852271179853
4794.2			1.0001388315382536
4795.1			1.0150846997032796
4796.0			1.0116676816646066
4796.9			0.9994838331100768
4797.8			0.97704081766856
4798.7			0.9425768410078919
4799.6			0.9177137279655787
4800.5			0.9254964340684708
4801.4			0.9634432015369485
4802.3			1.0100945923548696
4803.2			1.038956844474516
4804.1			1.03316552922053
4805.0			1.0047541165043061
4805.9			0.9803497874391818
4806.8			0.9636680141222556
4807.7			0.9536587544597542
4808.6			0.965301320860359
4809.5			0.9903505425898551
4810.4			1.001817616945647
4811.3			0.9959940967306407
4812.2			0.9924835008637117
4813.1			0.9966697625969666
4814.0			1.0001298298647732
4814.9			1.0
4815.8			1.0
4816.7			1.0
4817.6			1.0
4818.5			1.0
4819.4			1.0
4820.3			1.0
4821.2			0.9911600618563456
4822.1			0.9473597834659381
4823.0			0.8765541344585037
4823.9			0.8542460960875681
4824.8			0.910374966056329
4825.7			0.9785006958993925
4826.6			0.9978059980220526
4827.5			1.0
4828.4			1.0
4829.3			1.0
4830.2			1.0
4831.1			1.0
4832.0			1.0
4832.9			1.0
4833.8			1.0
4834.7			1.0
4835.6			1.0
4836.5			1.0
4837.4			1.0
4838.3			1.0
4839.2			1.0
4840.1			1.0
4841.0			1.0
4841.9			1.0
4842.8			1.0
4843.7			1.0
4844.6			1.0
4845.5			1.0
4846.4			1.0
4847.3			1.0
4848.2			1.0
4849.1			1.0
4850.0			1.0
4850.9			1.0
4851.8			1.0
4852.7			1.0
4853.6			1.0000458522248683
4854.5			0.9548075039867463
4855.4			0.9179846417505473
4856.3			0.947118436109041
4857.2			0.9976754740489678
4858.1			1.0
4859.0			1.0
4859.9			1.0
4860.8			1.0
4861.7			1.0
4862.6			1.0
4863.5			1.0
4864.4			1.0
4865.3			1.0
4866.2			1.0
4867.1			1.0
4868.0			1.0
4868.9			0.9995903475328144
4869.8			0.9392074849443299
4870.7			0.810729799962385
4871.6			0.7362660055229205
4872.5			0.8059184085815541
4873.4			0.9362167664606817
4874.3			1.0018936494363875
4875.2			1.0
4876.1			1.0
4877.0			1.0
4877.9			1.0
4878.8			1.0
4879.7			1.0
4880.6			1.0
4881.5			1.0
4882.4			1.0
4883.3			1.0282648706944169
4884.2			1.0053745308518505
4885.1			0.9362595756020857
4886.0			0.8929041502917618
4886.9			0.8996677050068639
4887.8			0.9190755865269296
4888.7			0.907436811990856
4889.6			0.8381896705767624
4890.5			0.7375826854044618
4891.4			0.7107875469099668
4892.3			0.8120492928597788
4893.2			0.9584748951812941
4894.1			1.0541540628399153
4895.0			1.0894213282936411
4895.9			1.0966452577133063
4896.8			1.0910404679922243
4897.7			1.0711743231619153
4898.6			1.033412673933986
4899.5			1.0
4900.4			0.9888393390051531
4901.3			0.9870239593058486
4902.2			0.9498166731788787
4903.1			0.8983670761966753
4904.0			0.8961693245039564
4904.9			0.9509795654461703
4905.8			1.0031508563160707
4906.7			1.0
4907.6			1.0
4908.5			1.0
4909.4			1.0
4910.3			1.0
4911.2			1.0
4912.1			1.0
4913.0			1.0
4913.9			1.0
4914.8			1.0
4915.7			1.0
4916.6			0.9855066400021758
4917.5			0.9046586078019053
4918.4			0.7711235000692344
4919.3			0.6516339501129768
4920.2			0.6225189710015243
4921.1			0.7119673956983509
4922.0			0.8664916711254563
4922.9			0.9805240187440553
4923.8			0.997433309682537
4924.7			1.0
4925.6			1.0
4926.5			1.0
4927.4			1.0
4928.3			1.0
4929.2			1.0
4930.1			1.0
4931.0			1.0
4931.9			1.0
4932.8			1.0
4933.7			1.0
4934.6			1.0
4935.5			1.0450412415295103
4936.4			1.0283833166501029
4937.3			0.9380703655702111
4938.2			0.8372819001570496
4939.1			0.8145289668764648
4940.0			0.8808228382724163
4940.9			0.9507598260301511
4941.8			0.9764785173321097
4942.7			0.9963014385501349
4943.6			1.0
4944.5			1.0
4945.4			1.0
4946.3			1.0
4947.2			1.0
4948.1			1.0
4949.0			1.0
4949.9			1.0
4950.8			1.0
4951.7			1.0
4952.6			1.0
4953.5			1.0
4954.4			0.9665749936063663
4955.3			0.9084552616373995
4956.2			0.7931400759737551
4957.1			0.6764540804844719
4958.0			0.6891674929005077
4958.9			0.8407963230780571
4959.8			0.995228110261867
4960.7			1.0
4961.6			0.9866587426376752
4962.5			0.9672879306896077
4963.4			0.9531237790567202
4964.3			0.9271571393234165
4965.2			0.9014829016523367
4966.1			0.8933064807565824
4967.0			0.8893169090182587
4967.9			0.8814331563935025
4968.8			0.88665301314661
4969.7			0.9133969847066673
4970.6			0.9530812459644581
4971.5			0.99138539604374
4972.4			1.0089349743513973
4973.3			1.0070290494592868
4974.2			0.9986246879676518
4975.1			1.0
4976.0			1.0
4976.9			1.0
4977.8			1.0
4978.7			0.9778972273644276
4979.6			0.983153529348817
4980.5			0.9476583123818454
4981.4			0.8364866145613902
4982.3			0.7513337934740904
4983.2			0.7797665342840069
4984.1			0.8677511741640325
4985.0			0.933534416401301
4985.9			0.9929864220737682
4986.8			1.0
4987.7			1.0
4988.6			1.0
4989.5			1.0
4990.4			1.0
4991.3			1.0
4992.2			1.0
4993.1			1.0
4994.0			1.0
4994.9			1.0
4995.8			1.0
4996.7			1.0
4997.6			0.9992124762704951
4998.5			0.9492132254867679
4999.4			0.8711710768055456
5000.3			0.837822113205997
5001.2			0.8691973073355695
5002.1			0.9303327265087898
5003.0			1.0024896135404409
5003.9			1.0
5004.8			1.0
5005.7			1.0
5006.6			1.0
5007.5			1.0
5008.4			1.0
5009.3			1.0608933332265102
5010.2			1.080343356110875
5011.1			1.0364200260168315
5012.0			0.9491626188631287
5012.9			0.8668311154555526
5013.8			0.8115767973641347
5014.7			0.8086866619629601
5015.6			0.8633795944590436
5016.5			0.9232592290907294
5017.4			0.9634369271036282
5018.3			0.9993641978130409
5019.2			1.0
5020.1			0.9799579756928881
5021.0			0.9155361832908139
5021.9			0.8456501042997484
5022.8			0.8492096651828926
5023.7			0.9273468343399194
5024.6			0.9921782000609062
5025.5			1.0016206268304333
5026.4			1.0
5027.3			1.0
5028.2			1.0
5029.1			1.0
5030.0			1.0
5030.9			1.0
5031.8			1.0
5032.7			1.0
5033.6			1.0
5034.5			1.0
5035.4			1.0
5036.3			0.9634276420076813
5037.2			1.0121429885044837
5038.1			1.0161357383730119
5039.0			0.919643912905699
5039.9			0.7922372436924504
5040.8			0.7247984451355862
5041.7			0.7589181599641934
5042.6			0.8363375757316682
5043.5			0.8888487509651356
5044.4			0.9350115647792505
5045.3			1.0
5046.2			1.051414831000069
5047.1			1.050469536189116
5048.0			0.9832830802409002
5048.9			0.8859122549726702
5049.8			0.8384394670590782
5050.7			0.872974607569832
5051.6			0.9418945949497668
5052.5			0.9916199869944916
5053.4			1.0074308416384514
5054.3			1.0
5055.2			1.0
5056.1			1.0
5057.0			1.0
5057.9			1.0
5058.8			1.0
5059.7			1.008223231616866
5060.6			1.034812565549747
5061.5			1.0400573009977894
5062.4			1.0157807180234595
5063.3			0.9605971346820624
5064.2			0.8825256713810041
5065.1			0.8572450414813941
5066.0			0.9073370784282914
5066.9			0.9389300351639338
5067.8			0.9155891042628199
5068.7			0.9167682127093222
5069.6			0.972081187942172
5070.5			1.0
5071.4			0.956186763824199
5072.3			0.9276206170182137
5073.2			0.9787246317278123
5074.1			1.043259050107793
5075.0			1.031710525336379
5075.9			0.9740117067487384
5076.8			0.9682264931070127
5077.7			1.0014672961662021
5078.6			0.9725462957368198
5079.5			0.898663288326336
5080.4			0.8700182934280823
5081.3			0.874673412187596
5082.2			0.8738834261036253
5083.1			0.8884438838227049
5084.0			0.9334080289327107
5084.9			0.9931535214249545
5085.8			1.0467252047318698
5086.7			1.060610187483661
5087.6			1.0309673967949342
5088.5			1.0046047279034118
5089.4			1.000186256949503
5090.3			1.0
5091.2			1.0
5092.1			1.0
5093.0			1.0595668427556773
5093.9			1.037151670167795
5094.8			0.9433406954374696
5095.7			0.8893524823109845
5096.6			0.9261582436297486
5097.5			0.9640196564109881
5098.4			0.9181100777142762
5099.3			0.8534765358313067
5100.2			0.8476260187848956
5101.1			0.8780712267985267
5102.0			0.9102363462376489
5102.9			0.9253673408546405
5103.8			0.9126322874354689
5104.7			0.8971902860739033
5105.6			0.8885016455886284
5106.5			0.8729030755281885
5107.4			0.8690131655622403
5108.3			0.8941123207242732
5109.2			0.9134600113229279
5110.1			0.9091606530960775
5111.0			0.9138488211492262
5111.9			0.9331222394579697
5112.8			0.9526368766942847
5113.7			1.000565006858036
5114.6			1.0626711173936816
5115.5			1.0
5116.4			0.9913805089697567
5117.3			1.0074670343834318
5118.2			1.0105748988487684
5119.1			0.9780537268820694
5120.0			0.9336121633002538
5120.9			0.9140004724555607
5121.8			0.9231557456078816
5122.7			0.901811828352948
5123.6			0.8379123260399517
5124.5			0.8029611253860626
5125.4			0.8225352454709051
5126.3			0.8544926519275902
5127.2			0.8723983823961621
5128.1			0.8702349739461089
5129.0			0.8413227379195461
5129.9			0.8307347755883341
5130.8			0.8964925343008683
5131.7			0.9874731859771011
5132.6			1.0025915552581988
5133.5			1.0
5134.4			1.0
5135.3			1.0
5136.2			1.0
5137.1			1.0
5138.0			1.0
5138.9			1.0
5139.8			1.0
5140.7			1.0
5141.6			1.0
5142.5			1.0
5143.4			1.0
5144.3			1.0
5145.2			1.0
5146.1			1.0
5147.0			0.9882160172550082
5147.9			1.0
5148.8			1.0197016424008207
5149.7			0.9900006652207781
5150.6			0.9482757145698222
5151.5			0.9158723236287748
5152.4			0.8702593932052465
5153.3			0.8265341498017338
5154.2			0.8434937423640113
5155.1			0.9292193679610022
5156.0			1.0259771842711414
5156.9			1.1010861868852844
5157.8			1.1431243944177716
5158.7			1.1348081534994543
5159.6			1.1231902895213866
5160.5			1.141298180688042
5161.4			1.1209663530457903
5162.3			1.0510040488050738
5163.2			1.025565045128009
5164.1			1.0226883469961452
5165.0			0.9240229394026181
5165.9			0.7488572674183506
5166.8			0.6238336704799619
5167.7			0.61683130613196
5168.6			0.6990941603018148
5169.5			0.7717397580376939
5170.4			0.7452184713001803
5171.3			0.6369334679993539
5172.2			0.5462217560686822
5173.1			0.5434207002581928
5174.0			0.6247272693328945
5174.9			0.7362517509645028
5175.8			0.8187357071354402
5176.7			0.8451497232684533
5177.6			0.8302777186822008
5178.5			0.8033772098055836
5179.4			0.7689467179978806
5180.3			0.7121450142749282
5181.2			0.6375700590354684
5182.1			0.5649265975974818
5183.0			0.5175651529858291
5183.9			0.5329713944575316
5184.8			0.6327556577858539
5185.7			0.7788498009836251
5186.6			0.8935566194991315
5187.5			0.9387865796928214
5188.4			1.0
5189.3			1.0362742025809122
5190.2			1.0345833708311418
5191.1			0.9425239754997934
5192.0			0.8467130220833506
5192.9			0.8588881102004344
5193.8			0.9454775043387061
5194.7			1.0024070215630538
5195.6			0.9406177160319482
5196.5			0.9980616224840932
5197.4			1.0501313153342087
5198.3			1.0615485181598976
5199.2			1.0553673753454471
5200.1			1.0
5201.0			0.9595482606298918
5201.9			0.9021459532721247
5202.8			0.8310021326569222
5203.7			0.7256656110779909
5204.6			0.6092282141129906
5205.5			0.5467247537314865
5206.4			0.5467476938765646
5207.3			0.5497000042989165
5208.2			0.5341986631527608
5209.1			0.5515851595472384
5210.0			0.6489541014117453
5210.9			0.8257493452407576
5211.8			1.01809969042722
5212.7			1.1305279894759037
5213.6			1.1346028894838796
5214.5			1.0706614412075044
5215.4			1.000395321981362
5216.3			0.9572189433687445
5217.2			0.9996390607072876
5218.1			1.0
5219.0			1.0
5219.9			1.0
5220.8			1.0
5221.7			0.9965560703635495
5222.6			0.9566440385235047
5223.5			0.8835527890090159
5224.4			0.8048622165873295
5225.3			0.7424311232230524
5226.2			0.7011126353499825
5227.1			0.7136942983613085
5228.0			0.8075784699965466
5228.9			0.9195608720380872
5229.8			0.9844603332171261
5230.7			1.0007993709991183
5231.6			1.0
5232.5			1.0
5233.4			1.0
5234.3			1.0
5235.2			1.0
5236.1			1.0
5237.0			1.0250628124759753
5237.9			1.0185414886623196
5238.8			1.0015995998491511
5239.7			0.997346417620229
5240.6			0.9984827852036792
5241.5			0.9904060904923425
5242.4			0.9804375871568883
5243.3			0.9909574768299733
5244.2			1.0182777735325508
5245.1			1.0136469142529256
5246.0			0.9388447958660773
5246.9			0.8619614854877006
5247.8			0.8697901395917434
5248.7			0.9145806313423185
5249.6			0.9048800048857957
5250.5			0.8666907669090809
5251.4			0.8728183858264069
5252.3			0.9120509110445383
5253.2			0.9292427628664143
5254.1			0.9114793009878032
5255.0			0.9003391131415722
5255.9			0.9378460316654189
5256.8			0.9997347530186317
5257.7			1.0
5258.6			1.0
5259.5			0.9669246588011222
5260.4			0.899588131227585
5261.3			0.8132826564727196
5262.2			0.7338968700064938
5263.1			0.6786282182503955
5264.0			0.641301129516154
5264.9			0.6089595461800565
5265.8			0.6015288876901247
5266.7			0.643377025870319
5267.6			0.6686816347815845
5268.5			0.6006251279298274
5269.4			0.5105501673512566
5270.3			0.5333751068298684
5271.2			0.6590472774024303
5272.1			0.7701910328125477
5273.0			0.8246022299618672
5273.9			0.8442410451991329
5274.8			0.8384749078346752
5275.7			0.8460831932883448
5276.6			0.9110157780874728
5277.5			0.9918470432333474
5278.4			1.0
5279.3			0.9746748533030615
5280.2			0.9144045895893734
5281.1			0.8370117187512758
5282.0			0.7733591537550988
5282.9			0.7507748576933562
5283.8			0.787427356082519
5284.7			0.874040237780512
5285.6			0.9598531763547026
5286.5			0.9993407148408895
5287.4			1.0
5288.3			1.0
5289.2			1.0
5290.1			1.0
5291.0			1.0
5291.9			1.0
5292.8			1.0
5293.7			1.012882412757927
5294.6			1.0099010984128718
5295.5			0.9457296046118319
5296.4			0.8253371179479687
5297.3			0.736709522960307
5298.2			0.7673935084497744
5299.1			0.8851909163265456
5300.0			0.9754940586373233
5300.9			1.0001803245816518
5301.8			1.0
5302.7			1.0
5303.6			1.0
5304.5			1.0
5305.4			1.0
5306.3			1.0
5307.2			1.0
5308.1			1.0
5309.0			1.0
5309.9			1.0
5310.8			1.0
5311.7			1.0
5312.6			1.0
5313.5			1.0
5314.4			1.0
5315.3			1.0
5316.2			1.0
5317.1			1.0
5318.0			1.0
5318.9			1.0
5319.8			1.0
5320.7			1.0
5321.6			1.0
5322.5			1.0
5323.4			1.0
5324.3			0.9498582388905691
5325.2			0.9748455142551627
5326.1			0.9449213953558423
5327.0			0.792301514101061
5327.9			0.6466067360351668
5328.8			0.6584479370436725
5329.7			0.8038717712534369
5330.6			0.9457981800209833
5331.5			1.0001782048692902
5332.4			1.0
5333.3			1.0
5334.2			1.0
5335.1			1.0
5336.0			1.0
5336.9			1.0
5337.8			0.9859914699907758
5338.7			0.9336744828642292
5339.6			0.8462040588744987
5340.5			0.8063585244479377
5341.4			0.8615494321736133
5342.3			0.951432634707955
5343.2			0.9993551553080449
5344.1			1.0
5345.0			1.0
5345.9			1.0
5346.8			1.0
5347.7			1.0
5348.6			1.0
5349.5			1.0
5350.4			1.0
5351.3			1.0
5352.2			1.0
5353.1			1.0
5354.0			1.0
5354.9			1.0
5355.8			1.0
5356.7			1.0
5357.6			1.0
5358.5			1.0
5359.4			1.0
5360.3			1.0
5361.2			1.0
5362.1			1.0
5363.0			1.0
5363.9			1.0
5364.8			1.0
5365.7			1.0
5366.6			1.0
5367.5			0.9907138454491476
5368.4			0.957483302434739
5369.3			0.8592502739112184
5370.2			0.7265261093483807
5371.1			0.6607869018530839
5372.0			0.7239956590001775
5372.9			0.8534647901832582
5373.8			0.9533128183502354
5374.7			0.9991140374902402
5375.6			1.0
5376.5			1.0
5377.4			1.0
5378.3			1.0
5379.2			1.0
5380.1			1.0
5381.0			0.9857262290149641
5381.9			0.9456338418337625
5382.8			0.8898738103955438
5383.7			0.8765242820919552
5384.6			0.9250739602354797
5385.5			0.9807696559044161
5386.4			1.0015787253056283
5387.3			1.0
5388.2			1.0
5389.1			1.0
5390.0			1.0
5390.9			1.0
5391.8			1.0
5392.7			1.0
5393.6			1.0
5394.5			1.0
5395.4			1.0
5396.3			1.0
5397.2			1.0
5398.1			1.0
5399.0			1.0
5399.9			1.0
5400.8			1.0
5401.7			1.033892462973827
5402.6			1.0350902242659075
5403.5			0.9570049058277889
5404.4			0.8404849823918373
5405.3			0.7766759356456249
5406.2			0.832113460463238
5407.1			0.9662846210587428
5408.0			1.03893464453967
5408.9			0.987561262368232
5409.8			1.0
5410.7			1.0
5411.6			1.0
5412.5			1.0
5413.4			1.0
5414.3			1.0
5415.2			1.0
5416.1			1.0
5417.0			1.0
5417.9			1.0
5418.8			1.0
5419.7			1.0
5420.6			1.0
5421.5			1.0
5422.4			1.0051780637222263
5423.3			0.9567770512202353
5424.2			0.9237253993636757
5425.1			0.957238498348805
5426.0			1.0191361146453628
5426.9			1.0520453561818166
5427.8			0.9968769057732175
5428.7			0.8534210725089608
5429.6			0.764928689340374
5430.5			0.8220018394325409
5431.4			0.9093671416415893
5432.3			0.9146426299456474
5433.2			0.8617960977314367
5434.1			0.8164400747214106
5435.0			0.8349979070023457
5435.9			0.9169007948456405
5436.8			0.9979562742145802
5437.7			1.0
5438.6			1.0
5439.5			1.0
5440.4			1.0
5441.3			1.0
5442.2			1.0
5443.1			1.0
5444.0			0.9569033481265072
5444.9			0.8629618395164242
5445.8			0.7512919084877624
5446.7			0.7050120641637035
5447.6			0.7811884744665054
5448.5			0.9094648782479827
5449.4			0.9944886864166923
5450.3			1.0
5451.2			1.0
5452.1			1.0
5453.0			0.9669948938228137
5453.9			0.8844423176345192
5454.8			0.781137399622305
5455.7			0.7557274377240332
5456.6			0.844943421645827
5457.5			0.950798358401627
5458.4			0.996361378868271
5459.3			1.0
5460.2			1.0
5461.1			1.0
5462.0			1.0
5462.9			1.0
5463.8			1.0
5464.7			1.0
5465.6			1.0
5466.5			1.0
5467.4			1.0
5468.3			1.0
5469.2			1.0
5470.1			1.0
5471.0			1.0
5471.9			1.0246244670390159
5472.8			1.0135055039746037
5473.7			0.9858559968109459
5474.6			0.9753247588395064
5475.5			0.9441794315140183
5476.4			0.8983036352649504
5477.3			0.9225393410530294
5478.2			1.0144737858144468
5479.1			1.080085777305705
5480.0			1.063062267776969
5480.9			1.0054757048150786
5481.8			1.0
5482.7			1.0
5483.6			1.0
5484.5			1.0
5485.4			1.0031809106933969
5486.3			0.9643505238287179
5487.2			0.9188084565482639
5488.1			0.9166474328433271
5489.0			0.9506072714118833
5489.9			0.9771244868191983
5490.8			1.0002849534989893
5491.7			1.0
5492.6			1.0
5493.5			1.0
5494.4			1.0
5495.3			1.0
5496.2			1.0
5497.1			1.0
5498.0			1.0
5498.9			1.0
5499.8			1.0
5500.7			1.0
5501.6			1.0
5502.5			1.0
5503.4			1.0
5504.3			1.0
5505.2			1.0
5506.1			1.0
5507.0			1.0
5507.9			1.081991335944765
5508.8			1.1242070391416983
5509.7			1.09455680832854
5510.6			1.0184308674842169
5511.5			0.930900935658468
5512.4			0.8753274849002232
5513.3			0.8736836101212178
5514.2			0.9009485698615762
5515.1			0.9354935541303608
5516.0			0.9674214947251043
5516.9			1.0005147465671342
5517.8			1.0
5518.7			1.0
5519.6			1.0
5520.5			1.0
5521.4			1.0
5522.3			1.0
5523.2			1.0
5524.1			1.0
5525.0			0.9904252148776654
5525.9			0.967531416498964
5526.8			0.9061078337429613
5527.7			0.8379632814394945
5528.6			0.8492182809638945
5529.5			0.9368560535590048
5530.4			1.0006110584540928
5531.3			1.0
5532.2			1.0
5533.1			1.0
5534.0			1.0
5534.9			1.0
5535.8			1.0
5536.7			1.0
5537.6			1.0
5538.5			1.0
5539.4			1.0
5540.3			1.0
5541.2			1.0
5542.1			1.0
5543.0			1.0
5543.9			1.0
5544.8			1.0
5545.7			1.0
5546.6			1.0
5547.5			1.0
5548.4			1.0
5549.3			1.0
5550.200000000001			1.0
5551.1			1.0
5552.0			1.0
5552.9			1.0
5553.8			1.0
5554.700000000001			1.0
5555.6			1.0
5556.5			1.0
5557.4			1.0
5558.3			1.0
5559.200000000001			1.0
5560.1			1.0
5561.0			1.0
5561.9			1.0
5562.8			1.0
5563.700000000001			0.998541491739203
5564.6			0.9944395047667279
5565.5			0.9693226588430561
5566.4			0.9550001373461731
5567.3			0.9657669996491102
5568.200000000001			0.9708052015298944
5569.1			0.9495240931162312
5570.0			0.9509110071743927
5570.9			0.9794766270318267
5571.8			0.9590726257154697
5572.700000000001			0.9177447783803175
5573.6			0.9491592487826251
5574.5			1.0063183116438512
5575.4			1.0097228590159155
5576.3			1.0130662814363278
5577.200000000001			1.0540658146728785
5578.1			1.0752229173715855
5579.0			1.069322379653786
5579.9			1.0692073361427246
5580.8			1.0464777706774504
5581.700000000001			0.999857483964033
5582.6			1.0
5583.5			1.0320263175137692
5584.4			1.0342277979447019
5585.3			0.974732666536924
5586.200000000001			0.8758219822317147
5587.1			0.7974155949460253
5588.0			0.768827006920582
5588.9			0.77896002604431
5589.8			0.8432091373147348
5590.700000000001			0.9422516158166795
5591.6			1.002738481087402
5592.5			0.9995898023343788
5593.4			1.0
5594.3			1.0
5595.200000000001			1.0
5596.1			1.0
5597.0			0.9856151721076546
5597.9			0.9048569585370603
5598.8			0.870694498449829
5599.700000000001			0.8933895808963184
5600.6			0.8904492221991378
5601.5			0.8527706134401808
5602.4			0.830373194641767
5603.3			0.8604178050344437
5604.200000000001			0.9342464083245913
5605.1			0.9953304174448648
5606.0			1.0143157499061415
5606.9			1.0082998788929458
5607.8			1.0009780640189252
5608.700000000001			1.0
5609.6			1.0
5610.5			1.0
5611.4			1.0
5612.3			1.0
5613.200000000001			0.9828047678291421
5614.1			0.9041529026871535
5615.0			0.7980867045347108
5615.9			0.7771798105230221
5616.8			0.874022507562609
5617.700000000001			0.9713482867945946
5618.6			1.0007112264399585
5619.5			1.0
5620.4			1.0
5621.3			1.0
5622.200000000001			1.027975320623198
5623.1			0.9933684267910643
5624.0			0.9149875931611305
5624.9			0.8870975392148495
5625.8			0.9358144557234938
5626.700000000001			0.986933486042062
5627.6			1.0006359088403414
5628.5			1.0
5629.4			1.0
5630.3			1.0
5631.200000000001			1.0
5632.1			1.0
5633.0			1.0
5633.9			1.0
5634.8			1.0
5635.700000000001			1.0
5636.6			1.0
5637.5			1.0
5638.4			1.0
5639.3			1.0
5640.200000000001			1.0
5641.1			1.0
5642.0			1.0
5642.9			1.0
5643.8			1.0
5644.700000000001			1.0
5645.6			1.0
5646.5			1.0
5647.4			1.0
5648.3			1.0
5649.200000000001			1.0
5650.1			1.0
5651.0			1.0
5651.9			1.0
5652.8			1.0
5653.700000000001			1.0
5654.6			1.0
5655.5			1.0
5656.4			1.0108804586653506
5657.3			0.9733345451558696
5658.200000000001			0.906072024039792
5659.1			0.9128252653339248
5660.0			0.9931552788978106
5660.9			1.0328522387853976
5661.8			0.9995976423938395
5662.700000000001			1.0
5663.6			1.0
5664.5			1.0
5665.4			1.0
5666.3			1.0
5667.200000000001			1.0
5668.1			1.0
5669.0			1.0
5669.9			1.0
5670.8			1.0
5671.700000000001			1.0
5672.6			1.0
5673.5			1.0
5674.4			1.0
5675.3			1.0
5676.200000000001			1.0
5677.1			1.0
5678.0			1.0
5678.9			1.0
5679.8			1.0
5680.700000000001			1.0
5681.6			1.0
5682.5			1.0
5683.4			1.0
5684.3			1.0
5685.200000000001			1.0161226042811937
5686.1			0.98055222762495
5687.0			0.9273352208967497
5687.9			0.897504499656217
5688.8			0.9148254359252844
5689.700000000001			0.9636407384959356
5690.6			1.000559928102868
5691.5			1.0
5692.4			1.0
5693.3			1.0
5694.200000000001			1.0
5695.1			1.0
5696.0			1.0
5696.9			1.0
5697.8			1.0
5698.700000000001			1.0
5699.6			1.0
5700.5			1.0
5701.4			1.0
5702.3			1.0
5703.200000000001			1.0
5704.1			1.0242736471666154
5705.0			1.0230461714660353
5705.9			0.9969352335217195
5706.8			0.9707159903021643
5707.700000000001			0.9483068577475597
5708.6			0.9168365365478485
5709.5			0.8982076844025949
5710.4			0.8973184653315488
5711.3			0.8880921520885536
5712.200000000001			0.9029939069287365
5713.1			0.9544832104735702
5714.0			0.9902429688779039
5714.9			0.9934662753112614
5715.8			0.9912627920635402
5716.700000000001			0.9927314843995203
5717.6			0.99252332036137
5718.5			0.9984999939477665
5719.4			1.0
5720.3			1.0
5721.200000000001			1.0
5722.1			1.0
5723.0			1.0
5723.9			1.0
5724.8			0.9974643854188604
5725.700000000001			0.9766919091554648
5726.6			0.9337135342272627
5727.5			0.9222858117775992
5728.4			0.9672602098468377
5729.3			1.012656696712833
5730.200000000001			1.0042810244957223
5731.1			1.0
5732.0			1.0
5732.9			1.0
5733.8			1.0
5734.700000000001			1.0
5735.6			1.0
5736.5			1.0
5737.4			1.0
5738.3			1.0
5739.200000000001			1.0
5740.1			1.0
5741.0			1.0
5741.9			1.0
5742.8			1.0
5743.700000000001			1.0
5744.6			1.0
5745.5			1.0
5746.4			1.0
5747.3			1.0
5748.200000000001			1.0
5749.1			1.0
5750.0			1.0
5750.9			0.9983696981879209
5751.8			0.9697562347012773
5752.700000000001			0.9342602851412782
5753.6			0.9177874631665336
5754.5			0.936327324866378
5755.4			0.973880678511556
5756.3			0.9997984108139962
5757.200000000001			1.0
5758.1			1.0
5759.0			1.0
5759.9			0.9859519040419629
5760.8			0.9648418535572939
5761.700000000001			0.9301346120021409
5762.6			0.9010980798013096
5763.5			0.92174592544088
5764.4			0.97225829478457
5765.3			1.000156249753542
5766.200000000001			1.0
5767.1			1.0
5768.0			1.0
5768.9			1.0
5769.8			1.0
5770.700000000001			1.0
5771.6			1.0
5772.5			1.0
5773.4			1.0
5774.3			1.0
5775.200000000001			1.0
5776.1			1.0
5777.0			1.0
5777.9			1.0022871381849436
5778.8			0.9943338035663611
5779.700000000001			0.9714554017873389
5780.6			0.9260512443795902
5781.5			0.8951435612174429
5782.4			0.8973366823366428
5783.3			0.9063169492177693
5784.200000000001			0.8954042260713594
5785.1			0.8822563568068932
5786.0			0.9019427788089722
5786.9			0.9464459968630882
5787.8			0.9747501431315425
5788.700000000001			0.9902090550504777
5789.6			0.9893518865375972
5790.5			0.9594882450313522
5791.4			0.9563925239819758
5792.3			1.0008974114253673
5793.200000000001			1.0
5794.1			1.0
5795.0			1.0
5795.9			1.0
5796.8			1.0
5797.700000000001			1.0
5798.6			1.0
5799.5			1.0
5800.4			1.0
5801.3			1.0
5802.200000000001			1.0
5803.1			1.0
5804.0			1.0
5804.9			1.0
5805.8			1.0
5806.700000000001			1.0
5807.6			1.0
5808.5			1.0
5809.4			1.0
5810.3			1.0
5811.200000000001			1.0
5812.1			1.0
5813.0			1.0
5813.9			1.0
5814.8			1.0
5815.700000000001			1.0
5816.6			1.0
5817.5			1.0
5818.4			1.0
5819.3			1.0
5820.200000000001			1.0
5821.1			1.0
5822.0			1.0
5822.9			1.0
5823.8			1.0
5824.700000000001			1.0
5825.6			1.0
5826.5			1.0
5827.4			1.0
5828.3			1.0
5829.200000000001			1.0
5830.1			1.0
5831.0			1.0
5831.9			1.0
5832.8			1.0
5833.700000000001			1.0
5834.6			1.0
5835.5			1.0
5836.4			1.0
5837.3			1.0
5838.200000000001			1.0
5839.1			1.0
5840.0			1.0
5840.9			1.0
5841.8			1.0
5842.700000000001			1.0
5843.6			1.0
5844.5			1.0
5845.4			1.0
5846.3			1.0
5847.200000000001			1.0
5848.1			1.0
5849.0			1.0
5849.9			1.0
5850.8			1.0
5851.700000000001			1.0
5852.6			1.0
5853.5			1.0
5854.4			1.0
5855.3			0.9969328901407665
5856.200000000001			0.9375990724505502
5857.1			0.8601622655010857
5858.0			0.8518281004543327
5858.9			0.9178777389860671
5859.8			0.978080443601973
5860.700000000001			1.00080240336912
5861.6			1.0
5862.5			1.0
5863.4			1.0
5864.3			1.0
5865.200000000001			1.0
5866.1			1.0
5867.0			1.0
5867.9			1.0
5868.8			1.0
5869.700000000001			1.0
5870.6			1.0
5871.5			1.0
5872.4			1.0
5873.3			1.0
5874.200000000001			1.0
5875.1			1.0
5876.0			1.0
5876.9			1.0
5877.8			1.0
5878.700000000001			1.0
5879.6			0.9746577943683231
5880.5			0.9635233517471085
5881.4			0.9766487068050818
5882.3			0.981731480293631
5883.200000000001			0.9540105699290505
5884.1			0.9175699270990036
5885.0			0.892935385066855
5885.9			0.8559240991637816
5886.8			0.7817219551719912
5887.700000000001			0.6624969526293287
5888.6			0.5147689885510217
5889.5			0.39527919797507
5890.4			0.37702634930819595
5891.3			0.46390157615028543
5892.200000000001			0.5800042092397831
5893.1			0.647882535172857
5894.0			0.6251100436633275
5894.9			0.5212542297345774
5895.8			0.4351011931261987
5896.700000000001			0.4778134237029849
5897.6			0.6257122226725309
5898.5			0.7658208012304807
5899.4			0.8589822475772829
5900.3			0.9356078562394863
5901.200000000001			0.9982036694893219
5902.1			1.0
5903.0			1.0
5903.9			1.0
5904.8			1.0
5905.700000000001			1.0
5906.6			1.0
5907.5			1.0
5908.4			1.0
5909.3			1.0
5910.200000000001			1.0
5911.1			1.0
5912.0			1.0
5912.9			1.0
5913.8			1.0
5914.700000000001			1.0
5915.6			1.0
5916.5			1.0
5917.4			1.0
5918.3			1.0
5919.200000000001			1.0
5920.1			1.0
5921.0			1.0
5921.9			1.0
5922.8			1.0
5923.700000000001			1.0
5924.6			1.0
5925.5			1.0
5926.4			1.0
5927.3			1.0
5928.200000000001			1.0
5929.1			1.0
5930.0			1.0
5930.9			1.0
5931.8			1.0
5932.700000000001			1.0
5933.6			1.0
5934.5			1.0
5935.4			1.0
5936.3			1.0
5937.200000000001			1.0
5938.1			1.0
5939.0			1.0
5939.9			1.0
5940.8			1.0
5941.700000000001			1.0
5942.6			1.0
5943.5			1.0
5944.4			1.0
5945.3			1.0
5946.200000000001			1.0
5947.1			1.0
5948.0			1.0
5948.9			1.0
5949.8			1.0
5950.700000000001			1.0
5951.6			1.0
5952.5			1.0
5953.4			1.0
5954.3			1.0
5955.200000000001			1.0
5956.1			1.0
5957.0			1.0
5957.9			1.0
5958.8			1.0
5959.700000000001			1.0
5960.6			1.0
5961.5			1.0
5962.4			1.0
5963.3			1.0
5964.200000000001			1.0
5965.1			1.0
5966.0			1.0
5966.9			1.0
5967.8			1.0
5968.700000000001			1.0
5969.6			1.0
5970.5			1.0
5971.4			1.0
5972.3			1.0
5973.200000000001			1.0
5974.1			1.0
5975.0			1.0
5975.9			1.0
5976.8			1.0
5977.700000000001			1.0
5978.6			1.0
5979.5			1.0
5980.4			1.0197676898532022
5981.3			1.0262163809613127
5982.200000000001			1.015566401955214
5983.1			0.9842890229585122
5984.0			0.9474850423112264
5984.9			0.9420158445491259
5985.8			0.9656898309653399
5986.700000000001			0.9800222430030986
5987.6			0.9788042144819666
5988.5			0.9846149153484225
5989.4			0.9988421132254836
5990.3			1.0
5991.200000000001			1.0
5992.1			1.0
5993.0			1.0
5993.9			1.0
5994.8			1.0
5995.700000000001			1.0
5996.6			1.0
5997.5			1.0
5998.4			1.0
5999.3			1.0
6000.200000000001			1.0
6001.1			1.0
6002.0			1.0
6002.9			1.0
6003.8			1.0
6004.700000000001			1.0
6005.6			1.0035312518255086
6006.5			0.9783724546001428
6007.4			0.9350465301008636
6008.3			0.9091705406990399
6009.200000000001			0.9335663881050631
6010.1			0.9794392538840578
6011.0			1.0
6011.9			0.9783050108798694
6012.8			0.9421665838811042
6013.700000000001			0.9306602391579276
6014.6			0.9519285900115562
6015.5			0.9575534548971065
6016.4			0.9316016372115676
6017.3			0.9283637628142642
6018.200000000001			0.9526400981244663
6019.1			0.9542089252040192
6020.0			0.923963093642127
6020.9			0.8972551282768262
6021.8			0.8980053428880758
6022.700000000001			0.9182057173716589
6023.6			0.9303345034132952
6024.5			0.9383170534785781
6025.4			0.9615814973760124
6026.3			0.9755401945648686
6027.200000000001			0.9767612083166854
6028.1			0.9871832993873721
6029.0			1.0008548782707412
6029.9			1.0000875847570907
6030.8			1.0
6031.700000000001			1.0
6032.6			1.0
6033.5			1.0
6034.4			1.0
6035.3			1.0
6036.200000000001			1.0
6037.1			1.0
6038.0			1.0
6038.9			1.0
6039.8			1.0
6040.700000000001			1.0
6041.6			1.0
6042.5			1.0
6043.4			1.0
6044.3			1.0
6045.200000000001			1.0
6046.1			1.0
6047.0			1.0
6047.9			1.0
6048.8			1.0
6049.700000000001			1.0
6050.6			1.0
6051.5			1.0
6052.4			1.0
6053.3			1.0
6054.200000000001			1.0
6055.1			1.0
6056.0			1.0
6056.9			1.0
6057.8			1.0
6058.700000000001			1.0
6059.6			1.0
6060.5			1.0
6061.4			1.0
6062.3			0.982171636925724
6063.200000000001			0.9613941972793927
6064.1			0.9308785524859128
6065.0			0.8943565340447701
6065.9			0.902956219874851
6066.8			0.9584058773588208
6067.700000000001			0.9998507196344286
6068.6			1.0
6069.5			1.0
6070.4			1.0
6071.3			1.0
6072.200000000001			1.0
6073.1			1.0
6074.0			1.0
6074.9			1.0
6075.8			1.0
6076.700000000001			1.0
6077.6			1.0
6078.5			1.0
6079.4			1.0
6080.3			1.0
6081.200000000001			1.0
6082.1			1.0
6083.0			1.0
6083.9			1.0
6084.8			1.0
6085.700000000001			1.0
6086.6			1.0
6087.5			1.0
6088.4			1.0
6089.3			1.0
6090.200000000001			1.0
6091.1			1.0
6092.0			1.0
6092.9			1.0
6093.8			1.0
6094.700000000001			1.0
6095.6			1.0
6096.5			1.0
6097.4			1.0
6098.3			1.0
6099.200000000001			1.0
6100.1			0.9957872495517054
6101.0			0.9413182703293462
6101.9			0.8209680915476786
6102.8			0.7408185676058616
6103.700000000001			0.805926468038615
6104.6			0.9316205059081325
6105.5			0.9997976964002933
6106.4			1.0
6107.3			1.0
6108.200000000001			1.0
6109.1			1.0
6110.0			1.0
6110.9			1.0
6111.8			1.0
6112.700000000001			1.0
6113.6			1.0
6114.5			1.0
6115.4			1.0
6116.3			1.0
6117.200000000001			1.0
6118.1			1.0
6119.0			1.0
6119.9			0.9445169392072561
6120.8			0.8497859112354014
6121.700000000001			0.7271543890045613
6122.6			0.7015699551754353
6123.5			0.823359211459749
6124.4			0.9548751797421733
6125.3			0.999856231309075
6126.200000000001			1.0
6127.1			1.0
6128.0			1.0
6128.9			1.0
6129.8			1.0
6130.700000000001			1.0
6131.6			1.0
6132.5			1.0
6133.4			1.0
6134.3			0.9746824646423436
6135.200000000001			0.9150589851334668
6136.1			0.8270596159729173
6137.0			0.7684399513029616
6137.9			0.8106142147453711
6138.8			0.9232048967067789
6139.700000000001			1.0007490706963422
6140.6			1.0
6141.5			1.0
6142.4			1.0
6143.3			1.0
6144.200000000001			1.0
6145.1			1.0
6146.0			1.0
6146.9			1.0
6147.8			1.0
6148.700000000001			1.0
6149.6			1.0
6150.5			1.0
6151.4			1.0
6152.3			1.0
6153.200000000001			1.0
6154.1			1.0
6155.0			1.0
6155.9			1.0
6156.8			1.0
6157.700000000001			1.0
6158.6			0.9977220250906592
6159.5			0.9639357703362383
6160.4			0.8466650899661304
6161.3			0.676970531324518
6162.200000000001			0.5900166446402983
6163.1			0.6630741601625051
6164.0			0.8228519731190291
6164.9			0.9507834473647909
6165.8			1.0014629067921104
6166.700000000001			1.0
6167.6			1.0
6168.5			1.0
6169.4			1.0
6170.3			1.0
6171.200000000001			1.0
6172.1			1.0
6173.0			1.0
6173.9			1.0
6174.8			1.0
6175.700000000001			1.0
6176.6			1.0
6177.5			1.0
6178.4			1.0
6179.3			1.0
6180.200000000001			1.0
6181.1			1.0
6182.0			1.0
6182.9			1.0
6183.8			1.0
6184.700000000001			1.0
6185.6			1.0
6186.5			1.0
6187.4			1.0
6188.3			1.0
6189.200000000001			0.9916563752971385
6190.1			0.9540487013710991
6191.0			0.8830443426647419
6191.9			0.8616353831648357
6192.8			0.9212521092407402
6193.700000000001			0.9788605889233973
6194.6			0.9972323447790298
6195.5			1.0
6196.4			1.0
6197.3			1.0
6198.200000000001			1.0
6199.1			1.0
6200.0			1.0
6200.9			1.0
6201.8			1.0
6202.700000000001			1.0
6203.6			1.0
6204.5			1.0
6205.4			1.0
6206.3			1.0
6207.200000000001			1.0
6208.1			1.0
6209.0			1.0
6209.9			1.0
6210.8			0.9872567096763357
6211.700000000001			0.9880128355320246
6212.6			0.9649624184342108
6213.5			0.9152784375346528
6214.4			0.8979880329966717
6215.3			0.9098985779740018
6216.200000000001			0.93522603272202
6217.1			0.9781993525770426
6218.0			1.004153257774585
6218.9			1.0
6219.8			1.0
6220.700000000001			1.0
6221.6			1.0
6222.5			1.0
6223.4			1.0
6224.3			1.0
6225.200000000001			1.0
6226.1			1.0
6227.0			1.0066603351453056
6227.9			1.0039725799107468
6228.8			0.9788335700448225
6229.700000000001			0.9175892960175889
6230.6			0.8619874034417586
6231.5			0.8650253094519387
6232.4			0.9024392848403664
6233.3			0.9433473011173761
6234.200000000001			0.9994122585481738
6235.1			1.0
6236.0			1.0082306762263027
6236.9			1.0016756152368
6237.8			0.9904619537627025
6238.700000000001			0.9645016432006961
6239.6			0.9211700914078038
6240.5			0.9053366977565219
6241.4			0.921968028192221
6242.3			0.9067312680521241
6243.200000000001			0.8806212377553839
6244.1			0.9100641443688453
6245.0			0.9381554027703934
6245.9			0.9238143818766855
6246.8			0.9330498515401149
6247.700000000001			1.0
6248.6			1.0252346750745722
6249.5			1.0257554318843414
6250.4			1.0143228299516713
6251.3			0.9627384454285478
6252.200000000001			0.8962599850684643
6253.1			0.8849541098048991
6254.0			0.9170787185700106
6254.9			0.9433979923503951
6255.8			0.9375179935204176
6256.700000000001			0.9019412684572715
6257.6			0.85674424696544
6258.5			0.8315228505609246
6259.4			0.869848796523675
6260.3			0.9230567876848975
6261.200000000001			0.9497461057467805
6262.1			0.9873125632569183
6263.0			1.027477108817128
6263.9			1.021187895746758
6264.8			0.9777923322024215
6265.700000000001			0.9609950190002937
6266.6			0.9907763129861538
6267.5			1.0132119051660686
6268.4			1.0000553588048442
6269.3			1.0
6270.200000000001			1.0
6271.1			1.0
6272.0			1.0
6272.9			1.0
6273.8			1.0
6274.700000000001			1.0
6275.6			1.0
6276.5			1.0
6277.4			1.0
6278.3			1.0
6279.200000000001			1.0
6280.1			1.0
6281.0			1.0
6281.9			1.0
6282.8			1.0
6283.700000000001			1.0
6284.6			1.0
6285.5			1.0
6286.4			1.0
6287.3			1.0
6288.200000000001			1.0
6289.1			1.0
6290.0			1.0
6290.9			1.0
6291.8			1.0
6292.700000000001			1.0
6293.6			1.0
6294.5			1.0
6295.4			1.0
6296.3			1.0
6297.200000000001			1.0
6298.1			1.0
6299.0			1.0404705449667389
6299.9			1.041963642697646
6300.8			0.985015981175794
6301.700000000001			0.92580861314465
6302.6			0.9304934096391614
6303.5			0.9805716265761953
6304.4			1.0046120544511299
6305.3			1.0
6306.200000000001			1.0
6307.1			1.0
6308.0			1.0
6308.9			1.0
6309.8			1.0
6310.700000000001			1.0
6311.6			1.0
6312.5			1.0012540076414609
6313.4			1.0071720758517833
6314.3			0.9860685696929442
6315.200000000001			0.9667548718131941
6316.1			0.9751348693877674
6317.0			0.9703752480442149
6317.9			0.9365024142606919
6318.8			0.9358699805910716
6319.700000000001			0.9857782034735465
6320.6			1.0261452239755264
6321.5			1.0191967970644153
6322.4			0.9955095815136576
6323.3			1.0002195586281806
6324.200000000001			1.0
6325.1			1.0
6326.0			1.0
6326.9			1.0
6327.8			1.0
6328.700000000001			1.0
6329.6			1.0
6330.5			1.0
6331.4			1.0
6332.3			1.0
6333.200000000001			1.0140860204963165
6334.1			0.9880841591359208
6335.0			0.9202496541771308
6335.9			0.8700965634743822
6336.8			0.8864156677705676
6337.700000000001			0.947747576200712
6338.6			0.9963126504727096
6339.5			1.0
6340.4			1.0
6341.3			1.0
6342.200000000001			1.0
6343.1			1.0
6344.0			1.0
6344.9			1.0
6345.8			1.0
6346.700000000001			1.0
6347.6			1.0
6348.5			1.0
6349.4			1.0
6350.3			1.0
6351.200000000001			1.0
6352.1			1.0
6353.0			1.0
6353.9			1.0
6354.8			1.0
6355.700000000001			1.0
6356.6			1.0130633414716574
6357.5			0.9914053900817382
6358.4			0.9509823321348535
6359.3			0.9331637729972008
6360.200000000001			0.9393099805003333
6361.1			0.9321121194010977
6362.0			0.9097317589610039
6362.9			0.9023236859728919
6363.8			0.9275728098640607
6364.700000000001			0.958384189102576
6365.6			0.9703550097668436
6366.5			0.974343236069276
6367.4			0.9877620690580889
6368.3			1.0007845434237326
6369.200000000001			0.9997869299590204
6370.1			1.0
6371.0			1.0
6371.9			1.0
6372.8			1.0
6373.700000000001			1.0
6374.6			1.0
6375.5			1.0
6376.4			1.0
6377.3			1.0
6378.200000000001			0.9861336782287915
6379.1			0.9693951027904102
6380.0			0.9500079459669675
6380.9			0.9331845126161354
6381.8			0.9422681105840215
6382.700000000001			0.9771683249812664
6383.6			0.9991751940283152
6384.5			1.0
6385.4			1.0
6386.3			1.0
6387.200000000001			1.0
6388.1			1.0
6389.0			1.0
6389.9			1.0
6390.8			1.0
6391.700000000001			1.0
6392.6			1.0
6393.5			1.0
6394.4			1.0
6395.3			1.0
6396.200000000001			1.0
6397.1			1.006411564571502
6398.0			0.9850079361589209
6398.9			0.9178764041125042
6399.8			0.8402426418189536
6400.700000000001			0.8531519717972813
6401.6			0.9410434953812441
6402.5			0.9994425627426232
6403.4			1.0
6404.3			1.0
6405.200000000001			1.0
6406.1			1.0
6407.0			1.0
6407.9			1.0
6408.8			1.0
6409.700000000001			1.025025200436588
6410.6			0.9909356961148778
6411.5			0.9418635173418685
6412.4			0.9542521056963172
6413.3			1.002187005884987
6414.200000000001			1.0
6415.1			1.0
6416.0			1.0
6416.9			1.0
6417.8			0.9888476235224173
6418.700000000001			0.969751539084173
6419.6			0.9356376052507607
6420.5			0.9006940195819564
6421.4			0.9005340891691967
6422.3			0.9509417512974799
6423.200000000001			0.9997079529796442
6424.1			1.0
6425.0			1.0
6425.9			1.0
6426.8			1.0
6427.700000000001			1.0
6428.6			1.0
6429.5			1.0
6430.4			1.0
6431.3			1.0
6432.200000000001			1.0
6433.1			1.0
6434.0			1.0
6434.9			1.0
6435.8			1.0
6436.700000000001			1.0
6437.6			0.9353799531188891
6438.5			0.8309820644891197
6439.4			0.8074859036231763
6440.3			0.902922706781408
6441.200000000001			0.9991439641588734
6442.1			1.0
6443.0			1.0
6443.9			1.0
6444.8			1.0
6445.700000000001			1.0
6446.6			1.0
6447.5			0.9779987424979536
6448.4			0.9154606212961774
6449.3			0.8358125362023316
6450.200000000001			0.8253841325856801
6451.1			0.8965806772978236
6452.0			0.9661703297118817
6452.9			1.0005726780205744
6453.8			1.0
6454.700000000001			1.0
6455.6			1.0
6456.5			1.0
6457.4			1.0
6458.3			1.0
6459.200000000001			1.0
6460.1			0.9889191299290102
6461.0			0.9294844279717
6461.9			0.8250983002609761
6462.8			0.7829550038280139
6463.700000000001			0.8550895917438716
6464.6			0.9488367692410148
6465.5			1.003035777607492
6466.4			1.0
6467.3			1.0
6468.200000000001			1.0
6469.1			1.0
6470.0			0.9814112785418542
6470.9			0.9416011637101108
6471.8			0.9200835550387726
6472.700000000001			0.9593262524883998
6473.6			1.0006157309384205
6474.5			1.0
6475.4			1.0
6476.3			1.0
6477.200000000001			1.0
6478.1			1.0
6479.0			1.0
6479.9			1.0
6480.8			1.0
6481.700000000001			1.0
6482.6			1.0
6483.5			1.0
6484.4			1.0
6485.3			1.0
6486.200000000001			1.0
6487.1			1.0
6488.0			1.0
6488.9			1.0
6489.8			1.0073588521939243
6490.700000000001			1.0143010955073342
6491.6			1.0098253750895256
6492.5			0.9581933305094067
6493.4			0.8535411346604921
6494.3			0.7815034649977938
6495.200000000001			0.8069057802861853
6496.1			0.8866682759639134
6497.0			0.9623519941929263
6497.9			1.0044809092513984
6498.8			0.9967561733452359
6499.700000000001			1.0
6500.6			1.0
6501.5			1.0
6502.4			1.0
6503.3			1.0
6504.200000000001			1.0
6505.1			1.0
6506.0			1.0
6506.9			1.0
6507.8			1.0
6508.700000000001			1.0
6509.6			1.0
6510.5			1.0
6511.4			1.0
6512.3			1.0
6513.200000000001			1.0
6514.1			1.0
6515.0			1.0
6515.9			1.0
6516.8			1.0
6517.700000000001			1.0
6518.6			1.0
6519.5			1.0
6520.4			1.0
6521.3			1.0
6522.200000000001			1.0
6523.1			1.0
6524.0			1.0
6524.9			1.0
6525.8			1.0
6526.700000000001			1.0
6527.6			1.0
6528.5			1.0
6529.4			1.0
6530.3			1.0
6531.200000000001			1.0
6532.1			1.0
6533.0			1.0
6533.9			1.0
6534.8			1.0
6535.700000000001			1.0
6536.6			1.0
6537.5			1.0
6538.4			1.0
6539.3			1.0
6540.200000000001			1.0
6541.1			1.0
6542.0			1.0
6542.9			1.0
6543.8			0.9924058397325792
6544.700000000001			0.9744737423075698
6545.6			0.9368944077434168
6546.5			0.9206356762556911
6547.4			0.9498672173302241
6548.3			0.9856466980274528
6549.200000000001			1.0001658769673814
6550.1			1.0
6551.0			1.0
6551.9			0.9915439690527424
6552.8			0.9821779552777523
6553.700000000001			0.9622238720366482
6554.6			0.9411031175384881
6555.5			0.9321784584989278
6556.4			0.9418756889177683
6557.3			0.9682052744658531
6558.200000000001			0.9915461263626411
6559.1			0.9997870791425426
6560.0			1.0
6560.9			1.0
6561.8			1.0
6562.700000000001			1.0
6563.6			1.0
6564.5			1.0
6565.4			1.0
6566.3			1.0
6567.200000000001			1.0
6568.1			1.0
6569.0			1.0
6569.9			0.9989814451339882
6570.8			1.0044328967141998
6571.700000000001			0.9760794842364202
6572.6			0.930476679320455
6573.5			0.9101465616207606
6574.4			0.9144489657944709
6575.3			0.939503647489833
6576.200000000001			0.9781799970073674
6577.1			0.9995286863367732
6578.0			1.0
6578.9			1.0
6579.8			1.0
6580.700000000001			1.0
6581.6			1.0
6582.5			1.0
6583.4			1.0
6584.3			1.0
6585.200000000001			1.0
6586.1			1.0
6587.0			1.0
6587.9			1.0
6588.8			1.0
6589.700000000001			1.0
6590.6			0.9909824588919115
6591.5			0.9511935876054893
6592.4			0.8862252817580241
6593.3			0.8509202131340183
6594.200000000001			0.8877617548179146
6595.1			0.959484710107445
6596.0			1.0003183830645428
6596.9			1.0
6597.8			1.0
6598.700000000001			1.0
6599.6			1.0
6600.5			1.0
6601.4			1.0
6602.3			1.0
6603.200000000001			1.0
6604.1			1.0
6605.0			1.0
6605.9			1.0
6606.8			1.0
6607.700000000001			1.0
6608.6			1.0
6609.5			1.0
6610.4			1.0
6611.3			1.0
6612.200000000001			1.0
6613.1			1.0
6614.0			1.0
6614.9			1.0
6615.8			1.0
6616.700000000001			1.0
6617.6			1.0
6618.5			1.0
6619.4			1.0
6620.3			1.0
6621.200000000001			1.0
6622.1			1.0
6623.0			1.0
6623.9			1.0
6624.8			1.0
6625.700000000001			1.0
6626.6			1.0
6627.5			1.0
6628.4			1.0
6629.3			1.0
6630.200000000001			1.0
6631.1			1.0
6632.0			1.0
6632.9			1.0
6633.8			1.0
6634.700000000001			1.0
6635.6			1.0
6636.5			1.0
6637.4			1.0
6638.3			1.0
6639.200000000001			1.0
6640.1			1.0
6641.0			1.0
6641.9			1.0
6642.8			1.0
6643.700000000001			1.0
6644.6			1.0
6645.5			1.0
6646.4			1.0
6647.3			1.0
6648.200000000001			1.0
6649.1			1.0
6650.0			1.0
6650.9			1.0
6651.8			1.0
6652.700000000001			1.0
6653.6			1.0
6654.5			1.0
6655.4			1.0
6656.3			1.0
6657.200000000001			1.0
6658.1			1.0
6659.0			1.0
6659.9			0.9933731575872734
6660.8			0.9851708638187215
6661.700000000001			0.9756966164562635
6662.6			0.9563435629866723
6663.5			0.9445663013576177
6664.4			0.962546259560165
6665.3			0.9876963814463234
6666.200000000001			0.9956885414022224
6667.1			0.9989471922193833
6668.0			1.0
6668.9			1.0
6669.8			1.0
6670.700000000001			1.0
6671.6			1.0
6672.5			1.0
6673.4			1.0
6674.3			1.0
6675.200000000001			1.0
6676.1			0.9869062769577276
6677.0			0.9425499507595159
6677.9			0.9057045926432484
6678.8			0.9325141749300809
6679.700000000001			0.9933377126219115
6680.6			1.0
6681.5			1.0
6682.4			1.0
6683.3			1.0
6684.200000000001			1.0
6685.1			1.0
6686.0			1.0
6686.9			1.0
6687.8			1.0
6688.700000000001			1.0
6689.6			1.0
6690.5			1.0
6691.4			1.0
6692.3			1.0
6693.200000000001			1.0
6694.1			1.0
6695.0			1.0
6695.9			1.0
6696.8			1.0
6697.700000000001			1.0
6698.6			1.0
6699.5			1.0
6700.4			1.0
6701.3			1.0
6702.200000000001			1.0
6703.1			1.0
6704.0			1.0
6704.9			1.0
6705.8			1.0
6706.700000000001			1.0
6707.6			1.0
6708.5			1.0
6709.4			1.0
6710.3			1.0
6711.200000000001			1.0
6712.1			1.0
6713.0			1.0
6713.9			1.0
6714.8			0.9908700915167387
6715.700000000001			0.9676425049866479
6716.6			0.9191220250485531
6717.5			0.8803088946216033
6718.4			0.9084655132374131
6719.3			0.9696303843827854
6720.200000000001			0.9994382540733533
6721.1			1.0
6722.0			1.0
6722.9			1.0
6723.8			1.0
6724.700000000001			1.0
6725.6			1.0
6726.5			1.0
6727.4			1.0
6728.3			1.0
6729.200000000001			1.0
6730.1			1.0
6731.0			1.0
6731.9			1.0
6732.8			1.0
6733.700000000001			1.0
6734.6			1.0
6735.5			1.0
6736.4			1.0
6737.3			1.0
6738.200000000001			1.0
6739.1			1.0
6740.0			1.0
6740.9			1.0
6741.8			1.0
6742.700000000001			1.0
6743.6			1.0
6744.5			1.0
6745.4			1.0
6746.3			1.0
6747.200000000001			1.0
6748.1			1.0
6749.0			1.0
6749.9			1.0
6750.8			1.0
6751.700000000001			1.0
6752.6			1.0
6753.5			1.0
6754.4			1.0
6755.3			1.0
6756.200000000001			1.0
6757.1			1.0
6758.0			1.0
6758.9			1.0
6759.8			1.0
6760.700000000001			1.0
6761.6			1.0
6762.5			1.0
6763.4			1.0
6764.3			1.0
6765.200000000001			1.0
6766.1			1.0
6767.0			1.0
6767.9			1.0
6768.8			1.0
6769.700000000001			1.0
6770.6			1.0
6771.5			1.0
6772.4			1.0
6773.3			1.0
6774.200000000001			1.0
6775.1			1.0
6776.0			1.0
6776.9			1.0
6777.8			1.0
6778.700000000001			1.0
6779.6			1.0
6780.5			1.0
6781.4			1.0
6782.3			1.0
6783.200000000001			1.0
6784.1			1.0
6785.0			1.0
6785.9			1.0
6786.8			1.0
6787.700000000001			1.0
6788.6			1.0
6789.5			1.0
6790.4			1.0
6791.3			1.0
6792.200000000001			1.0
6793.1			1.0
6794.0			1.0
6794.9			1.0
6795.8			1.0
6796.700000000001			1.0
6797.6			1.0
6798.5			1.0
6799.4			1.0
6800.3			1.0
6801.200000000001			1.0
6802.1			1.0
6803.0			1.0
6803.9			1.0
6804.8			1.0
6805.700000000001			1.0
6806.6			1.0
6807.5			1.0
6808.4			1.0
6809.3			1.0
6810.200000000001			1.0
6811.1			1.0
6812.0			1.0
6812.9			1.0
6813.8			1.0
6814.700000000001			1.0
6815.6			1.0
6816.5			1.0
6817.4			1.0
6818.3			1.0
6819.200000000001			1.0
6820.1			1.0
6821.0			1.0
6821.9			1.0
6822.8			1.0
6823.700000000001			1.0
6824.6			1.0
6825.5			1.0
6826.4			1.0
6827.3			1.0
6828.200000000001			1.0
6829.1			1.0
6830.0			1.0
6830.9			1.0
6831.8			1.0
6832.700000000001			1.0
6833.6			1.0
6834.5			1.0
6835.4			1.0
6836.3			1.0
6837.200000000001			1.0
6838.1			1.0
6839.0			1.0
6839.9			1.0
6840.8			1.0
6841.700000000001			1.0
6842.6			1.0
6843.5			1.0
6844.4			1.0
6845.3			1.0
6846.200000000001			1.0
6847.1			1.0
6848.0			1.0
6848.9			1.0
6849.8			1.0
6850.700000000001			1.0
6851.6			1.0
6852.5			1.0
6853.4			1.0
6854.3			1.0
6855.200000000001			1.0
6856.1			1.0
6857.0			1.0
6857.9			1.0
6858.8			1.0
6859.700000000001			1.0
6860.6			1.0
6861.5			1.0
6862.4			1.0
6863.3			1.0
6864.200000000001			1.0
6865.1			1.0
6866.0			1.0
6866.9			1.0
6867.8			1.0
6868.700000000001			1.0
6869.6			1.0
6870.5			1.0
6871.4			1.0
6872.3			1.0
6873.200000000001			1.0
6874.1			1.0
6875.0			0.9955094161542125
6875.9			0.9956928976247241
6876.8			0.9977173160142295
6877.700000000001			1.004028818532738
6878.6			1.0114603810828795
6879.5			1.0025632276510485
6880.4			0.9775339307710438
6881.3			0.9471781250122157
6882.200000000001			0.9269559774520741
6883.1			0.9358535622891896
6884.0			0.9749556055078834
6884.9			0.9985822495158031
6885.8			0.9825094400937432
6886.700000000001			0.9923364302923431
6887.6			1.030951585393689
6888.5			1.0272108090088625
6889.4			1.0003021713527684
6890.3			1.0
6891.200000000001			1.0
6892.1			1.0
6893.0			1.0
6893.9			1.0
6894.8			1.0
6895.700000000001			1.0
6896.6			1.0
6897.5			1.0
6898.4			1.0
6899.3			1.0
6900.200000000001			1.0
6901.1			1.0
6902.0			1.0
6902.9			1.0
6903.8			1.0
6904.700000000001			1.0
6905.6			1.0
6906.5			1.0
6907.4			1.0
6908.3			1.0
6909.200000000001			1.0
6910.1			1.0
6911.0			1.0
6911.9			1.0
6912.8			1.0
6913.700000000001			1.0
6914.6			1.0
6915.5			1.0
6916.4			1.0
6917.3			1.0
6918.200000000001			1.0
6919.1			1.0
6920.0			1.0
6920.9			1.0
6921.8			1.0
6922.700000000001			1.0
6923.6			1.0
6924.5			1.0
6925.4			1.0
6926.3			1.0
6927.200000000001			1.0
6928.1			1.0
6929.0			1.0
6929.9			1.0
6930.8			1.0
6931.700000000001			1.0
6932.6			1.0
6933.5			1.0
6934.4			1.0
6935.3			1.0
6936.200000000001			1.0
6937.1			1.0
6938.0			1.0
6938.9			1.0
6939.8			1.0
6940.700000000001			1.0
6941.6			1.0
6942.5			1.0
6943.4			1.0
6944.3			1.0
6945.200000000001			1.0
6946.1			1.0
6947.0			1.0
6947.9			1.0
6948.8			1.0
6949.700000000001			1.0
6950.6			1.0
6951.5			1.0
6952.4			1.0
6953.3			1.0
6954.200000000001			1.0
6955.1			1.0
6956.0			1.0
6956.9			1.0
6957.8			1.0
6958.700000000001			1.0
6959.6			1.0
6960.5			1.0
6961.4			1.0
6962.3			1.0
6963.200000000001			1.0
6964.1			1.0
6965.0			1.0
6965.9			1.0
6966.8			1.0
6967.700000000001			1.0
6968.6			1.0
6969.5			1.0
6970.4			1.0
6971.3			1.0
6972.200000000001			1.0
6973.1			1.0
6974.0			1.0
6974.9			0.9970370136255834
6975.8			0.9954057513106248
6976.700000000001			0.9721535901328604
6977.6			0.9152648557075473
6978.5			0.8728556361624947
6979.4			0.8885319043519455
6980.3			0.9369624184109961
6981.200000000001			0.976669817138413
6982.1			1.0005530341606905
6983.0			1.0
6983.9			1.0
6984.8			1.0
6985.700000000001			1.0
6986.6			1.0
6987.5			1.0
6988.4			1.0
6989.3			1.0
6990.200000000001			1.0
6991.1			1.0
6992.0			1.0
6992.9			1.0
6993.8			1.0
6994.700000000001			1.0
6995.6			1.0
6996.5			1.0
6997.4			1.0
6998.3			1.0
6999.200000000001			1.0
7000.1			1.0
7001.0			1.0
7001.9			1.0
7002.8			1.0
7003.700000000001			1.0
7004.6			1.0
7005.5			1.0
7006.4			1.0
7007.3			1.0
7008.200000000001			1.0
7009.1			1.0
7010.0			1.0
7010.9			1.0
7011.8			1.0
7012.700000000001			1.0
7013.6			1.0
7014.5			1.0
7015.4			1.0
7016.3			1.0
7017.200000000001			1.0
7018.1			1.0
7019.0			1.0
7019.9			1.0
7020.8			1.0
7021.700000000001			1.0
7022.6			1.0
7023.5			1.0
7024.4			1.0
7025.3			1.0
7026.200000000001			1.0
7027.1			1.0
7028.0			1.0
7028.9			1.0
7029.8			1.0
7030.700000000001			1.0
7031.6			1.0
7032.5			1.0
7033.4			1.0
7034.3			1.0
7035.200000000001			1.0
7036.1			1.0
7037.0			1.0
7037.9			1.0
7038.8			1.0
7039.700000000001			1.0
7040.6			1.0
7041.5			1.0
7042.4			1.0
7043.3			1.0
7044.200000000001			1.0
7045.1			1.0
7046.0			1.0
7046.9			1.0
7047.8			1.0
7048.700000000001			1.0
7049.6			1.0
7050.5			1.0
7051.4			1.0
7052.3			1.0
7053.200000000001			1.0
7054.1			1.0
7055.0			1.0
7055.9			1.0
7056.8			1.0
7057.700000000001			1.0
7058.6			1.0
7059.5			1.0
7060.4			1.0
7061.3			1.0
7062.200000000001			1.0
7063.1			1.0
7064.0			1.0
7064.9			1.0
7065.8			1.0
7066.700000000001			1.0
7067.6			1.0
7068.5			1.0
7069.4			1.0
7070.3			1.0
7071.200000000001			1.0
7072.1			1.0
7073.0			1.0
7073.9			1.0
7074.8			1.0
7075.700000000001			1.0
7076.6			1.0
7077.5			1.0
7078.4			1.0
7079.3			1.0
7080.200000000001			1.0
7081.1			1.0
7082.0			1.0
7082.9			1.0
7083.8			1.0
7084.700000000001			1.0
7085.6			1.0
7086.5			1.0
7087.4			1.0
7088.3			1.0
7089.200000000001			1.0
7090.1			1.0
7091.0			1.0
7091.9			1.0
7092.8			1.0
7093.700000000001			1.0
7094.6			1.0
7095.5			1.0
7096.4			1.0
7097.3			1.0
7098.200000000001			1.0
7099.1			1.0
7100.0			1.0
7100.9			1.0
7101.8			1.0
7102.700000000001			1.0
7103.6			1.0
7104.5			1.0
7105.4			1.0
7106.3			1.0
7107.200000000001			1.0
7108.1			1.0
7109.0			1.0
7109.9			1.0
7110.8			1.0
7111.700000000001			1.0
7112.6			1.0
7113.5			1.0
7114.4			1.0
7115.3			1.0
7116.200000000001			1.0
7117.1			1.0
7118.0			1.0
7118.9			1.0
7119.8			1.0
7120.700000000001			1.0
7121.6			1.0
7122.5			1.0
7123.4			1.0
7124.3			1.0
7125.200000000001			1.0
7126.1			1.0
7127.0			1.0
7127.9			1.0
7128.8			1.0
7129.700000000001			1.0
7130.6			1.0
7131.5			1.0
7132.4			1.0
7133.3			1.0
7134.200000000001			1.0
7135.1			1.0
7136.0			1.0
7136.9			1.0
7137.8			1.0
7138.700000000001			1.0
7139.6			1.0
7140.5			1.0
7141.4			1.0
7142.3			1.0
7143.200000000001			1.0
7144.1			1.0
7145.0			1.0
7145.9			1.0
7146.8			1.0
7147.700000000001			1.0
7148.6			1.0
7149.5			1.0
7150.4			1.0
7151.3			1.0
7152.200000000001			1.0
7153.1			1.0
7154.0			1.0
7154.9			1.0
7155.8			1.0
7156.700000000001			1.0
7157.6			1.0
7158.5			1.0
7159.4			1.0
7160.3			1.0
7161.200000000001			1.0
7162.1			1.0
7163.0			1.0
7163.9			1.0
7164.8			1.0
7165.700000000001			1.0
7166.6			1.0
7167.5			1.0
7168.4			1.0
7169.3			1.0
7170.200000000001			1.0
7171.1			1.0
7172.0			1.0
7172.9			1.0
7173.8			1.0
7174.700000000001			1.0
7175.6			1.0
7176.5			1.0
7177.4			1.0
7178.3			1.0
7179.200000000001			1.0
7180.1			1.0
7181.0			1.0
7181.9			1.0
7182.8			1.0
7183.700000000001			1.0
7184.6			1.0
7185.5			1.0
7186.4			1.0
7187.3			1.0
7188.200000000001			1.0
7189.1			1.0
7190.0			1.0
7190.9			1.0
7191.8			1.0
7192.700000000001			1.0
7193.6			1.0
7194.5			1.0
7195.4			1.0
7196.3			1.0
7197.200000000001			1.0
7198.1			1.0
7199.0			1.0
7199.9			1.0
7200.8			1.0
7201.700000000001			1.0
7202.6			1.0
7203.5			1.0
7204.4			1.0
7205.3			1.0
7206.200000000001			1.0
7207.1			1.0
7208.0			1.0
7208.9			1.0
7209.8			1.0
7210.700000000001			1.0
7211.6			1.0
7212.5			1.0
7213.4			1.0
7214.3			1.0
7215.200000000001			1.0
7216.1			1.0
7217.0			1.0
7217.9			1.0
7218.8			1.0
7219.700000000001			1.0
7220.6			1.0
7221.5			1.0
7222.4			1.0
7223.3			1.0
7224.200000000001			1.0
7225.1			1.0
7226.0			1.0
7226.9			1.0
7227.8			1.0
7228.700000000001			1.0
7229.6			1.0
7230.5			1.0
7231.4			1.0
7232.3			1.0
7233.200000000001			1.0
7234.1			1.0
7235.0			1.0
7235.9			1.0
7236.8			1.0
7237.700000000001			1.0
7238.6			1.0
7239.5			1.0
7240.4			1.0
7241.3			1.0
7242.200000000001			1.0
7243.1			1.0
7244.0			1.0
7244.9			1.0
7245.8			1.0
7246.700000000001			1.0
7247.6			1.0
7248.5			1.0
7249.4			1.0
7250.3			1.0
7251.200000000001			1.0
7252.1			1.0
7253.0			1.0
7253.9			1.0
7254.8			1.0
7255.700000000001			1.0
7256.6			1.0
7257.5			1.0
7258.4			1.0
7259.3			1.0
7260.200000000001			1.0
7261.1			1.0
7262.0			1.0
7262.9			1.0
7263.8			1.0
7264.700000000001			1.0
7265.6			1.0
7266.5			1.0
7267.4			1.0
7268.3			1.0
7269.200000000001			1.0
7270.1			1.0
7271.0			1.0
7271.9			1.0
7272.8			1.0
7273.700000000001			1.0
7274.6			1.0
7275.5			1.0
7276.4			1.0
7277.3			1.0
7278.200000000001			1.0
7279.1			1.0
7280.0			1.0
7280.9			1.0
7281.8			1.0
7282.700000000001			1.0
7283.6			1.0
7284.5			1.0
7285.4			1.0
7286.3			1.0
7287.200000000001			1.0
7288.1			1.0
7289.0			1.0
7289.9			1.0
7290.8			1.0
7291.700000000001			1.0
7292.6			1.0
7293.5			1.0
7294.4			1.0
7295.3			1.0
7296.200000000001			1.0
7297.1			1.0
7298.0			1.0
7298.9			1.0
7299.8			1.0
7300.700000000001			1.0
7301.6			1.0
7302.5			1.0
7303.4			1.0
7304.3			1.0
7305.200000000001			1.0
7306.1			1.0
7307.0			1.0
7307.9			1.0
7308.8			1.0
7309.700000000001			1.0
7310.6			1.0
7311.5			1.0
7312.4			1.0
7313.3			1.0
7314.200000000001			1.0
7315.1			1.0
7316.0			1.0
7316.9			1.0
7317.8			1.0
7318.700000000001			1.0
7319.6			1.0
7320.5			1.0
7321.4			1.0
7322.3			1.0
7323.200000000001			1.0
7324.1			1.0
7325.0			1.0
7325.9			1.0
7326.8			1.0
7327.700000000001			1.0
7328.6			1.0
7329.5			1.0
7330.4			1.0
7331.3			1.0
7332.200000000001			1.0
7333.1			1.0
7334.0			1.0
7334.9			1.0
7335.8			1.0
7336.700000000001			1.0
7337.6			1.0
7338.5			1.0
7339.4			1.0
7340.3			1.0
7341.200000000001			1.0
7342.1			1.0
7343.0			1.0
7343.9			1.0
7344.8			1.0
7345.700000000001			1.0
7346.6			1.0
7347.5			1.0
7348.4			1.0
7349.3			1.0
7350.200000000001			1.0
7351.1			1.0
7352.0			1.0
7352.9			1.0
7353.8			1.0
7354.700000000001			1.0
7355.6			1.0
7356.5			1.0
7357.4			1.0
7358.3			1.0
7359.200000000001			1.0
7360.1			1.0
7361.0			1.0
7361.9			1.0
7362.8			1.0
7363.700000000001			1.0
7364.6			1.0
7365.5			1.0
7366.4			1.0
7367.3			1.0
7368.200000000001			1.0
7369.1			1.0
7370.0			1.0
7370.9			1.0
7371.8			1.0
7372.700000000001			1.0
7373.6			1.0
7374.5			1.0
7375.4			1.0
7376.3			1.0
7377.200000000001			1.0
7378.1			1.0
7379.0			1.0
7379.9			1.0
7380.8			1.0
7381.700000000001			1.0
7382.6			1.0
7383.5			1.0
7384.4			1.0
7385.3			1.0
7386.200000000001			1.0
7387.1			1.0
7388.0			1.0
7388.9			1.0
7389.8			1.0
7390.700000000001			1.0
7391.6			1.0
7392.5			1.0
7393.4			1.0
7394.3			1.0
7395.200000000001			1.0
7396.1			1.0
7397.0			1.0
7397.9			1.0
7398.8			1.0
7399.700000000001			1.0
7400.6			1.0
7401.5			1.0
7402.4			1.0
7403.3			1.0
7404.200000000001			1.0
7405.1			1.0
7406.0			1.0
7406.9			1.0
7407.8			1.0
7408.700000000001			1.0
7409.6			1.0
7410.5			1.0
7411.4			1.0
7412.3			1.0
7413.200000000001			1.0
7414.1			1.0
7415.0			1.0
7415.9			1.0
7416.8			1.0
7417.700000000001			1.0
7418.6			1.0
7419.5			1.0
7420.4			1.0
7421.3			1.0
7422.200000000001			1.0
7423.1			1.0
7424.0			1.0
7424.9			1.0
7425.8			1.0
7426.700000000001			1.0
7427.6			1.0
7428.5			1.0
7429.4			1.0
