3500.0			1.0
3500.9			1.0
3501.8			1.0
3502.7			1.0
3503.6			1.0
3504.5			1.0
3505.4			1.0
3506.3			1.0
3507.2			1.0
3508.1			1.0
3509.0			1.0
3509.9			1.0
3510.8			1.0
3511.7			1.0
3512.6			1.0
3513.5			1.0
3514.4			1.0
3515.3			1.0
3516.2			1.0
3517.1			1.0
3518.0			1.0
3518.9			1.0
3519.8			1.0
3520.7			1.0
3521.6			1.0
3522.5			1.0
3523.4			1.0
3524.3			1.0
3525.2			1.0
3526.1			1.0
3527.0			1.0
3527.9			1.0
3528.8			1.0
3529.7			1.0
3530.6			1.0
3531.5			1.0
3532.4			1.0
3533.3			1.0
3534.2			1.0
3535.1			1.0
3536.0			1.0
3536.9			1.0
3537.8			1.0
3538.7			1.0
3539.6			1.0
3540.5			1.0
3541.4			1.0
3542.3			1.0
3543.2			1.0
3544.1			1.0
3545.0			1.0
3545.9			1.0
3546.8			1.0
3547.7			1.0
3548.6			1.0
3549.5			1.0
3550.4			1.0
3551.3			1.0
3552.2			1.0
3553.1			1.0
3554.0			1.0
3554.9			1.0
3555.8			1.0
3556.7			1.0
3557.6			1.0
3558.5			1.0
3559.4			1.0
3560.3			1.0
3561.2			1.0
3562.1			1.0
3563.0			1.0
3563.9			1.0
3564.8			1.0
3565.7			1.0
3566.6			1.0
3567.5			1.0
3568.4			1.0
3569.3			1.0
3570.2			1.0
3571.1			1.0
3572.0			1.0
3572.9			1.0
3573.8			1.0
3574.7			1.0
3575.6			1.0
3576.5			1.0
3577.4			1.0
3578.3			1.0
3579.2			1.0
3580.1			1.0
3581.0			1.0
3581.9			1.0
3582.8			1.0
3583.7			1.0
3584.6			1.0
3585.5			1.0
3586.4			1.0
3587.3			1.0
3588.2			1.0
3589.1			1.0
3590.0			1.0
3590.9			1.0
3591.8			1.0
3592.7			1.0
3593.6			1.0
3594.5			1.0
3595.4			1.0
3596.3			1.0
3597.2			1.0
3598.1			1.0
3599.0			1.0
3599.9			1.0
3600.8			1.0
3601.7			1.0
3602.6			1.0
3603.5			1.0
3604.4			1.0
3605.3			1.0
3606.2			1.0
3607.1			1.0
3608.0			1.0
3608.9			1.0
3609.8			1.0
3610.7			1.0
3611.6			1.0
3612.5			1.0
3613.4			1.0
3614.3			1.0
3615.2			1.0
3616.1			1.0
3617.0			1.0
3617.9			1.0
3618.8			1.0
3619.7			1.0
3620.6			1.0
3621.5			1.0
3622.4			1.0
3623.3			1.0
3624.2			1.0
3625.1			1.0
3626.0			1.0
3626.9			1.0
3627.8			1.0
3628.7			1.0
3629.6			1.0
3630.5			1.0
3631.4			1.0
3632.3			1.0
3633.2			1.0
3634.1			1.0
3635.0			1.0
3635.9			1.0
3636.8			1.0
3637.7			1.0
3638.6			1.0
3639.5			1.0
3640.4			1.0
3641.3			1.0
3642.2			1.0
3643.1			1.0
3644.0			1.0
3644.9			1.0
3645.8			1.0
3646.7			1.0
3647.6			1.0
3648.5			1.0
3649.4			1.0
3650.3			1.0
3651.2			1.0
3652.1			1.0
3653.0			1.0
3653.9			1.0
3654.8			1.0
3655.7			1.0
3656.6			1.0
3657.5			1.0
3658.4			1.0
3659.3			1.0
3660.2			1.0
3661.1			1.0
3662.0			1.0
3662.9			1.0
3663.8			1.0
3664.7			1.0
3665.6			1.0
3666.5			1.0
3667.4			1.0
3668.3			1.0
3669.2			1.0
3670.1			1.0
3671.0			1.0
3671.9			1.0
3672.8			1.0
3673.7			1.0
3674.6			1.0
3675.5			1.0
3676.4			1.0
3677.3			1.0
3678.2			1.0
3679.1			1.0
3680.0			1.0
3680.9			1.0
3681.8			1.0
3682.7			1.0
3683.6			1.0
3684.5			1.0
3685.4			1.0
3686.3			1.0
3687.2			1.0
3688.1			1.0
3689.0			1.0
3689.9			1.0
3690.8			1.0
3691.7			1.0
3692.6			1.0
3693.5			1.0
3694.4			1.0
3695.3			1.0
3696.2			1.0
3697.1			1.0
3698.0			1.0
3698.9			1.0
3699.8			1.0
3700.7			1.0
3701.6			1.0
3702.5			1.0
3703.4			1.0
3704.3			1.0
3705.2			1.0
3706.1			1.0
3707.0			1.0
3707.9			1.0
3708.8			1.0
3709.7			1.0
3710.6			1.0
3711.5			1.0
3712.4			1.0
3713.3			1.0
3714.2			1.0
3715.1			1.0
3716.0			1.0
3716.9			1.0
3717.8			1.0
3718.7			1.0
3719.6			1.0
3720.5			1.0
3721.4			1.0
3722.3			1.0
3723.2			1.0
3724.1			1.0
3725.0			1.0
3725.9			1.0
3726.8			1.0
3727.7			1.0
3728.6			1.0
3729.5			1.0
3730.4			1.0
3731.3			1.0
3732.2			1.0
3733.1			1.0
3734.0			1.0
3734.9			1.0
3735.8			1.0
3736.7			1.0
3737.6			1.0
3738.5			1.0
3739.4			1.0
3740.3			1.0
3741.2			1.0
3742.1			1.0
3743.0			1.0
3743.9			1.0
3744.8			1.0
3745.7			1.0
3746.6			1.0
3747.5			1.0
3748.4			1.0
3749.3			1.0
3750.2			1.0
3751.1			1.0
3752.0			1.0
3752.9			1.0
3753.8			1.0
3754.7			1.0
3755.6			1.0
3756.5			1.0
3757.4			1.0
3758.3			1.0
3759.2			1.0
3760.1			1.0
3761.0			1.0
3761.9			1.0
3762.8			1.0
3763.7			1.0
3764.6			1.0
3765.5			1.0
3766.4			1.0
3767.3			1.0
3768.2			1.0
3769.1			1.0
3770.0			1.0
3770.9			1.0
3771.8			1.0
3772.7			1.0
3773.6			1.0
3774.5			1.0
3775.4			1.0
3776.3			1.0
3777.2			1.0
3778.1			1.0
3779.0			1.0
3779.9			1.0
3780.8			1.0
3781.7			1.0
3782.6			1.0
3783.5			1.0
3784.4			1.0
3785.3			1.0
3786.2			1.0
3787.1			1.0
3788.0			1.0
3788.9			1.0
3789.8			1.0
3790.7			1.0
3791.6			1.0
3792.5			1.0
3793.4			1.0
3794.3			1.0
3795.2			1.0
3796.1			1.0
3797.0			1.0
3797.9			1.0
3798.8			1.0
3799.7			1.0
3800.6			1.0
3801.5			1.0
3802.4			1.0
3803.3			1.0
3804.2			1.0
3805.1			1.0
3806.0			1.0
3806.9			1.0
3807.8			1.0
3808.7			1.0
3809.6			1.0
3810.5			1.0
3811.4			1.0
3812.3			1.0
3813.2			1.0
3814.1			1.0
3815.0			1.0
3815.9			1.0
3816.8			1.0
3817.7			1.0
3818.6			1.0
3819.5			1.0
3820.4			1.0
3821.3			1.0
3822.2			1.0
3823.1			1.0
3824.0			1.0
3824.9			1.0
3825.8			1.0
3826.7			1.0
3827.6			1.0
3828.5			1.0
3829.4			1.0
3830.3			1.0
3831.2			1.0
3832.1			1.0
3833.0			1.0
3833.9			1.0
3834.8			1.0
3835.7			1.0
3836.6			1.0
3837.5			1.0
3838.4			1.0
3839.3			1.0
3840.2			1.0
3841.1			1.0
3842.0			1.0
3842.9			1.0
3843.8			1.0
3844.7			1.0
3845.6			1.0
3846.5			1.0
3847.4			1.0
3848.3			1.0
3849.2			1.0
3850.1			1.0
3851.0			1.0
3851.9			1.0
3852.8			1.0
3853.7			1.0
3854.6			1.0
3855.5			1.0
3856.4			1.0
3857.3			1.0
3858.2			1.0
3859.1			1.0
3860.0			1.0
3860.9			1.0
3861.8			1.0
3862.7			1.0
3863.6			1.0
3864.5			1.0
3865.4			1.0
3866.3			1.0
3867.2			1.0
3868.1			1.0
3869.0			1.0
3869.9			1.0
3870.8			1.0
3871.7			1.0
3872.6			1.0
3873.5			1.0
3874.4			1.0
3875.3			1.0
3876.2			1.0
3877.1			1.0
3878.0			1.0
3878.9			1.0
3879.8			1.0
3880.7			1.0
3881.6			1.0
3882.5			1.0
3883.4			1.0
3884.3			1.0
3885.2			1.0
3886.1			1.0
3887.0			1.0
3887.9			1.0
3888.8			1.0
3889.7			1.0
3890.6			1.0
3891.5			1.0
3892.4			1.0
3893.3			1.0
3894.2			1.0
3895.1			1.0
3896.0			1.0
3896.9			1.0
3897.8			1.0
3898.7			1.0
3899.6			1.0
3900.5			1.0
3901.4			1.0
3902.3			1.0
3903.2			1.0
3904.1			1.0
3905.0			1.0
3905.9			1.0
3906.8			1.0
3907.7			1.0
3908.6			1.0
3909.5			1.0
3910.4			1.0
3911.3			1.0
3912.2			1.0
3913.1			1.0
3914.0			1.0
3914.9			1.0
3915.8			1.0
3916.7			1.0
3917.6			1.0
3918.5			1.0
3919.4			1.0
3920.3			1.0
3921.2			1.0
3922.1			1.0
3923.0			1.0
3923.9			1.0
3924.8			1.0
3925.7			1.0
3926.6			1.0
3927.5			1.0
3928.4			1.0
3929.3			1.0
3930.2			1.0
3931.1			1.0
3932.0			1.0
3932.9			1.0
3933.8			1.0
3934.7			1.0
3935.6			1.0
3936.5			1.0
3937.4			1.0
3938.3			1.0
3939.2			1.0
3940.1			1.0
3941.0			1.0
3941.9			1.0
3942.8			1.0
3943.7			1.0
3944.6			1.0
3945.5			1.0
3946.4			1.0
3947.3			1.0
3948.2			1.0
3949.1			1.0
3950.0			1.0
3950.9			1.0
3951.8			1.0
3952.7			1.0
3953.6			1.0
3954.5			1.0
3955.4			1.0
3956.3			1.0
3957.2			1.0
3958.1			1.0
3959.0			1.0
3959.9			1.0
3960.8			1.0
3961.7			1.0
3962.6			1.0
3963.5			1.0
3964.4			1.0
3965.3			1.0
3966.2			1.0
3967.1			1.0
3968.0			1.0
3968.9			1.0
3969.8			1.0
3970.7			1.0
3971.6			1.0
3972.5			1.0
3973.4			1.0
3974.3			1.0
3975.2			1.0
3976.1			1.0
3977.0			1.0
3977.9			1.0
3978.8			1.0
3979.7			1.0
3980.6			1.0
3981.5			1.0
3982.4			1.0
3983.3			1.0
3984.2			1.0
3985.1			1.0
3986.0			1.0
3986.9			1.0
3987.8			1.0
3988.7			1.0
3989.6			1.0
3990.5			1.0
3991.4			1.0
3992.3			1.0
3993.2			1.0
3994.1			1.0
3995.0			1.0
3995.9			1.0
3996.8			1.0
3997.7			1.0
3998.6			1.0
3999.5			1.0
4000.4			1.0
4001.3			1.0
4002.2			1.0
4003.1			1.0366529276561114
4004.0			0.9532081826031127
4004.9			0.7824008392594249
4005.8			0.7026175261461504
4006.7			0.7806093407171804
4007.6			0.912885505444601
4008.5			1.0006104256396982
4009.4			1.0
4010.3			1.0
4011.2			1.0
4012.1			1.0
4013.0			1.0
4013.9			1.0
4014.8			1.0
4015.7			1.0
4016.6			1.0
4017.5			1.0
4018.4			1.0
4019.3			1.0
4020.2			1.0
4021.1			1.0
4022.0			1.0
4022.9			1.0
4023.8			1.0
4024.7			1.0
4025.6			1.0
4026.5			1.0
4027.4			1.0
4028.3			1.044817110394252
4029.2			0.9833618721104453
4030.1			0.8137563307027691
4031.0			0.6873364252861243
4031.9			0.6537456332177659
4032.8			0.6347989720722363
4033.7			0.6321321381969137
4034.6			0.6785603577807794
4035.5			0.7761618725154095
4036.4			0.9085241797427457
4037.3			1.0120512824148689
4038.2			1.0378339254830218
4039.1			1.0000207980138784
4040.0			1.0
4040.9			1.0
4041.8			1.0417816670146094
4042.7			1.0420885252224055
4043.6			0.8985784009318792
4044.5			0.6584975177112945
4045.4			0.4837507400564787
4046.3			0.5263053293715616
4047.2			0.7427338009855131
4048.1			0.9240834101136698
4049.0			0.9987956990040086
4049.9			1.0
4050.8			1.0
4051.7			1.0
4052.6			1.0
4053.5			1.0
4054.4			1.0
4055.3			1.0
4056.2			1.0
4057.1			1.0
4058.0			1.0
4058.9			1.0
4059.8			1.1397119198893972
4060.7			1.2219006142553739
4061.6			1.1275966719040056
4062.5			0.8846796345285134
4063.4			0.7007836775688043
4064.3			0.7647167742759053
4065.2			0.9577784439364384
4066.1			1.0260319798174022
4067.0			0.9958185996819773
4067.9			1.0
4068.8			1.0
4069.7			1.0
4070.6			1.0
4071.5			1.0
4072.4			1.0
4073.3			1.0
4074.2			1.082852030955482
4075.1			0.9938765935625758
4076.0			0.8192756821949236
4076.9			0.6896841867155094
4077.8			0.7070370169339635
4078.7			0.841594718070282
4079.6			1.0016408337796356
4080.5			1.0
4081.4			1.0
4082.3			1.0
4083.2			1.0
4084.1			1.0
4085.0			1.0
4085.9			1.0
4086.8			1.0
4087.7			1.0
4088.6			1.0
4089.5			1.0
4090.4			1.0
4091.3			1.0
4092.2			1.0
4093.1			1.0
4094.0			1.0
4094.9			1.0
4095.8			1.0
4096.7			0.9496513932492139
4097.6			0.986256823295014
4098.5			1.0295858008509868
4099.4			1.0009126477374726
4100.3			0.8865126176365267
4101.2			0.7981767538569077
4102.1			0.8241893016454256
4103.0			0.8879991753635413
4103.9			0.9060445570903134
4104.8			0.9276865136538425
4105.7			0.9879533662361614
4106.6			1.0
4107.5			1.0
4108.4			1.0
4109.3			1.0
4110.2			1.0
4111.1			1.0
4112.0			1.0
4112.9			1.0
4113.8			1.0
4114.7			1.0
4115.6			1.0
4116.5			1.0
4117.4			1.0
4118.3			1.0
4119.2			1.0
4120.1			1.0
4121.0			1.0
4121.9			1.0
4122.8			1.0
4123.7			1.0
4124.6			1.0
4125.5			1.0
4126.4			1.0
4127.3			0.9591530612775055
4128.2			0.933889215063091
4129.1			0.9153388515672795
4130.0			0.8916933559409772
4130.9			0.8465946839945704
4131.8			0.7748990967432023
4132.7			0.7424108968885965
4133.6			0.7604551959212975
4134.5			0.8202248993444746
4135.4			0.9359324034409626
4136.3			1.0062296958584092
4137.2			0.9869780311974203
4138.1			0.9749744165207868
4139.0			1.0000065549156676
4139.9			1.0260531162665343
4140.8			1.0100317075941034
4141.7			0.8896461875497272
4142.6			0.6933737756277922
4143.5			0.5851604537349308
4144.4			0.6595046820146803
4145.3			0.808488217975431
4146.2			0.8940759822547708
4147.1			0.9103764409272983
4148.0			0.8944768570829231
4148.9			0.844568733948084
4149.8			0.785619677817012
4150.7			0.7587237235123132
4151.6			0.7606933549142815
4152.5			0.7860132463526227
4153.4			0.8143530826126044
4154.3			0.8149577547480927
4155.2			0.7937659678897531
4156.1			0.765281772057252
4157.0			0.7754680386324302
4157.9			0.8635280107689024
4158.8			0.968547959398432
4159.7			0.9988012246958858
4160.6			1.0
4161.5			1.0
4162.4			1.0567258893026517
4163.3			1.0617287141019323
4164.2			0.9946870011773769
4165.1			0.9347718327016509
4166.0			0.8920825688853753
4166.9			0.8451556495004862
4167.8			0.8522704924663247
4168.7			0.9303762867656965
4169.6			1.0028642770284186
4170.5			1.0123500248884465
4171.4			0.9231692282882049
4172.3			0.7801119342559819
4173.2			0.7175967781936867
4174.1			0.7652103940812172
4175.0			0.8285039174394175
4175.9			0.8437439616012019
4176.8			0.8141385370029393
4177.7			0.7875595659922667
4178.6			0.801187715365669
4179.5			0.8211580388689166
4180.4			0.8134023754319479
4181.3			0.8041923354186656
4182.2			0.8291105872244595
4183.1			0.896283980791229
4184.0			0.9993418590822326
4184.9			1.0
4185.8			1.0
4186.7			1.0
4187.6			0.9246231639942828
4188.5			0.9793928556453374
4189.4			1.0447132092610876
4190.3			1.0369744070332487
4191.2			1.0078954161880818
4192.1			1.0357116561244613
4193.0			1.0910197759247167
4193.9			1.0762498457838248
4194.8			0.9673003513187126
4195.7			0.8363932844571242
4196.6			0.7720808822521247
4197.5			0.7840241361343726
4198.4			0.8282535956707633
4199.3			0.8854874818918426
4200.2			0.9104591632499452
4201.1			0.8585052052756155
4202.0			0.8090886651859129
4202.9			0.8475880895453809
4203.8			0.9126024135991229
4204.7			0.9506790912417874
4205.6			0.9968389612829024
4206.5			1.0
4207.4			1.0
4208.3			1.0
4209.2			1.0
4210.1			1.0
4211.0			1.0
4211.9			1.0
4212.8			0.9314071208981745
4213.7			0.7938839152837921
4214.6			0.6345080977237818
4215.5			0.5850498289669662
4216.4			0.7161276593118191
4217.3			0.8906531177413023
4218.2			0.9650691195128264
4219.1			1.0
4220.0			1.0
4220.9			1.0
4221.8			1.0
4222.7			0.9023597257609846
4223.6			0.8041097430405841
4224.5			0.6856088574528731
4225.4			0.5117315149579302
4226.3			0.35890470797441587
4227.2			0.3936319356398813
4228.1			1.0
4229.0			1.314830476446213
4229.9			1.4446273878979607
4230.8			1.480669347591287
4231.7			1.4103193676147767
4232.6			1.2343758470090915
4233.5			1.1151911325551087
4234.4			1.0888896316598162
4235.3			1.026221057645479
4236.2			0.9448965364047834
4237.1			0.9346447861458771
4238.0			0.9524547502183732
4238.9			0.9440479853942014
4239.8			0.944134319561602
4240.7			0.989699507135067
4241.6			1.0133992723308267
4242.5			0.9789875783641073
4243.4			0.988346592295622
4244.3			1.0
4245.2			1.0
4246.1			1.0
4247.0			0.9338345610735577
4247.9			0.8897664138300044
4248.8			0.8621129306356212
4249.7			0.8099448667194256
4250.6			0.802724155509733
4251.5			0.9243195461489329
4252.4			1.0725223125100138
4253.3			1.0941433648370522
4254.2			1.027510163274523
4255.1			1.0
4256.0			1.0
4256.9			1.1062311125129154
4257.8			1.0604179642349836
4258.7			0.897811582820322
4259.6			0.7467757900064336
4260.5			0.6711205714175631
4261.4			0.7199768507744567
4262.3			0.8590003221391255
4263.2			0.9674359249121339
4264.1			0.9921507079695687
4265.0			1.0
4265.9			1.0
4266.8			0.9559863613863532
4267.7			0.8671879248782407
4268.6			0.8043679448229114
4269.5			0.7491554293506559
4270.4			0.6384037486892968
4271.3			0.5180979993870835
4272.2			0.5112794089159044
4273.1			0.5965159273063744
4274.0			0.6405008204199115
4274.9			0.6618882256571533
4275.8			0.7544312644325689
4276.7			0.8877785927529702
4277.6			0.9943473096524661
4278.5			1.0
4279.4			1.0
4280.3			1.0
4281.2			1.0
4282.1			1.0
4283.0			1.0
4283.9			1.0
4284.8			1.0
4285.7			1.0
4286.6			1.0
4287.5			1.0302452275958194
4288.4			0.9486805007913773
4289.3			0.8021811309295263
4290.2			0.7382351473764222
4291.1			0.7982147321474478
4292.0			1.0
4292.9			1.092566624982126
4293.8			1.0697094475933038
4294.7			1.0162305806377312
4295.6			1.0158728997989899
4296.5			1.0023648248276105
4297.4			0.9283520485085447
4298.3			0.8030062785384369
4299.2			0.6653753296503597
4300.1			0.6252325049393018
4301.0			0.6984377180980396
4301.9			0.7511157357327188
4302.8			0.7445506675232522
4303.7			0.747208712605205
4304.6			0.7460602512940142
4305.5			0.7106326192817362
4306.4			0.6537970814330271
4307.3			0.5757882845325383
4308.2			0.5208202045711121
4309.1			0.5441973751885337
4310.0			0.6243607295879847
4310.9			0.7131744869297499
4311.8			0.8021685794301827
4312.7			0.899709489714107
4313.6			0.9805796316094983
4314.5			1.0767196896370683
4315.4			1.2768627743671348
4316.3			1.4991231340012359
4317.2			1.5840532513803274
4318.1			1.5475788871495577
4319.0			1.4857167029817768
4319.9			1.4123118982366223
4320.8			1.0
4321.7			0.9669632798625831
4322.6			0.887901899037943
4323.5			0.7282859890690025
4324.4			0.5574457980193529
4325.3			0.4593213361056654
4326.2			0.5137011539365531
4327.1			0.7128846375145825
4328.0			0.9194426886143339
4328.9			1.0040550665760037
4329.8			1.0
4330.7			1.0
4331.6			1.0
4332.5			1.0
4333.4			1.0
4334.3			1.0
4335.2			1.0529944100965123
4336.1			1.0122598203768551
4337.0			0.8645079802736422
4337.9			0.7437466423152641
4338.8			0.7015075987104181
4339.7			0.6737430517368833
4340.6			0.6889560363832089
4341.5			0.8076808519220671
4342.4			0.9385245718079175
4343.3			0.9737499437879662
4344.2			0.9900846381784084
4345.1			1.0
4346.0			1.0
4346.9			1.0
4347.8			1.0
4348.7			1.0951054835177434
4349.6			1.1133195492037844
4350.5			0.9646936626686113
4351.4			0.7767094638695323
4352.3			0.733973305022624
4353.2			0.8303403106900757
4354.1			0.915623715281286
4355.0			0.9496911754080111
4355.9			0.999413379849453
4356.8			1.0
4357.7			1.0
4358.6			1.0
4359.5			1.0
4360.4			1.0
4361.3			1.0
4362.2			1.0
4363.1			1.0
4364.0			1.0
4364.9			1.0
4365.8			1.0
4366.7			1.0
4367.6			1.0
4368.5			1.0
4369.4			1.0
4370.3			1.0
4371.2			1.0
4372.1			0.9990769669752065
4373.0			0.9373471374429975
4373.9			0.826131137209529
4374.8			0.7512555912379738
4375.7			0.7805559794945327
4376.6			0.8973402088274219
4377.5			1.0023899087687522
4378.4			1.0
4379.3			1.0
4380.2			0.9599036148694869
4381.1			0.9181932363199606
4382.0			0.7948222391167123
4382.9			0.5732931596736429
4383.8			0.4306338572778472
4384.7			0.5181003041915836
4385.6			0.7552534602132882
4386.5			0.9419890769225665
4387.4			0.9924809230115218
4388.3			1.0
4389.2			1.0
4390.1			1.0
4391.0			1.0
4391.9			1.0
4392.8			1.0
4393.7			1.0
4394.6			1.0
4395.5			1.0
4396.4			1.0
4397.3			1.0
4398.2			1.0
4399.1			1.0
4400.0			0.9019811229499549
4400.9			0.8839549806531053
4401.8			0.9655311605758525
4402.7			0.9827215743462691
4403.6			0.812469349972872
4404.5			0.6183630191836341
4405.4			0.6087546760690277
4406.3			0.7234736738691226
4407.2			0.7769008956473843
4408.1			0.7621516383306243
4409.0			0.8047738353329892
4409.9			0.9134545440874546
4410.8			0.9966877520279126
4411.7			1.0
4412.6			1.0216356815302599
4413.5			0.9651251815682019
4414.4			0.8246682594895068
4415.3			0.7397073465320674
4416.2			0.7966671456504384
4417.1			0.9070265409463872
4418.0			0.9978746300434739
4418.9			1.0
4419.8			1.0
4420.7			1.0
4421.6			1.0
4422.5			1.0
4423.4			1.0
4424.3			1.0
4425.2			1.0
4426.1			1.0
4427.0			1.0
4427.9			1.0
4428.8			1.0
4429.7			1.0
4430.6			1.0
4431.5			1.0
4432.4			1.0439152995405723
4433.3			0.9837738151964971
4434.2			0.8671261362844175
4435.1			0.7926900849707393
4436.0			0.8179573646848232
4436.9			0.9140825645789983
4437.8			1.0100753135634069
4438.7			1.0
4439.6			1.0
4440.5			1.0
4441.4			1.0
4442.3			1.0
4443.2			1.0
4444.1			1.0
4445.0			1.0
4445.9			1.0
4446.8			1.0
4447.7			1.0
4448.6			1.0
4449.5			1.0
4450.4			1.0
4451.3			1.0
4452.2			1.008459136480601
4453.1			0.9710004513735959
4454.0			0.8947423138686903
4454.9			0.8267280393442132
4455.8			0.8215180750349121
4456.7			0.8601242172431315
4457.6			0.8726518267072653
4458.5			0.8467209260986581
4459.4			0.8270457301628128
4460.3			0.8124204791173253
4461.2			0.7776692715972219
4462.1			0.7898032244212969
4463.0			0.897770282953646
4463.9			1.000528338558276
4464.8			1.0155685594568407
4465.7			0.9973958586011998
4466.6			1.0028228964637387
4467.5			1.0183814645115885
4468.4			1.008758806680812
4469.3			0.9867967285222353
4470.2			0.9982234349873373
4471.1			1.0
4472.0			1.0
4472.9			1.0
4473.8			1.0
4474.7			1.0
4475.6			1.0
4476.5			1.0
4477.4			1.0453034459545003
4478.3			1.0252845931086165
4479.2			0.9323997279722426
4480.1			0.8294154572572194
4481.0			0.7754936423074538
4481.9			0.7795902018882483
4482.8			0.8396379357672484
4483.7			0.9281935151599924
4484.6			1.0000456084639195
4485.5			1.0
4486.4			1.0
4487.3			1.0
4488.2			1.0
4489.1			1.0
4490.0			1.0
4490.9			1.0
4491.8			1.0577771016927844
4492.7			1.057497685420489
4493.6			0.9651270704833108
4494.5			0.8564836933724813
4495.4			0.8236248843756119
4496.3			0.8628233991351092
4497.2			0.9321408806673768
4498.1			0.9907433211850297
4499.0			1.012982028458575
4499.9			1.0
4500.8			1.0
4501.7			1.0
4502.6			1.0
4503.5			1.0
4504.4			1.0
4505.3			1.0
4506.2			1.0
4507.1			1.0
4508.0			0.987516012371359
4508.9			1.0023097202112965
4509.8			1.0296330277649222
4510.7			1.0412164305799934
4511.6			1.0080835913367292
4512.5			0.9470684304458687
4513.4			0.8976027201977648
4514.3			0.8771425324627101
4515.2			0.8930473826989559
4516.1			1.0
4517.0			0.991265548680727
4517.9			0.9636641977611369
4518.8			0.9881634128163554
4519.7			1.0552735454690982
4520.6			1.1130888425646916
4521.5			1.1149240992510205
4522.4			1.0542568276320463
4523.3			1.0127974558208679
4524.2			1.0088282657027687
4525.1			0.9732696065175567
4526.0			0.9085279428750499
4526.9			0.8509386364289011
4527.8			0.8071559403947082
4528.7			0.7913925943855402
4529.6			0.8178651678442975
4530.5			0.8576393268290787
4531.4			0.9085197728336691
4532.3			0.9724740374904456
4533.2			0.9803393408365366
4534.1			0.9242088482724299
4535.0			0.8759412903228695
4535.9			0.9225052913062987
4536.8			1.0689093472828244
4537.7			1.1640634784272268
4538.6			1.1337780278597194
4539.5			1.0586590222608012
4540.4			1.0012085418610854
4541.3			1.0
4542.2			1.0
4543.1			1.0488972045243854
4544.0			1.0287707538134274
4544.9			0.9763573578588358
4545.8			0.9702575091003296
4546.7			1.0030572728880158
4547.6			1.0185635080936686
4548.5			0.9865906662198113
4549.4			0.9457358704453956
4550.3			0.9652615923685147
4551.2			1.0071834426077915
4552.1			0.9978851453487497
4553.0			0.9642130823999733
4553.9			0.9411074926546766
4554.8			0.934091631743453
4555.7			0.9687208014917629
4556.6			1.0427456163470188
4557.5			1.1043863877939077
4558.4			1.1271848546176915
4559.3			1.120312033805072
4560.2			1.1016056952629352
4561.1			1.0
4562.0			1.0102245001174694
4562.9			0.9706654039710816
4563.8			0.8875400339630102
4564.7			0.8257944169494814
4565.6			0.8333933044962551
4566.5			0.9125631652504722
4567.4			0.9997436617661917
4568.3			1.0
4569.2			1.0
4570.1			1.0
4571.0			1.0
4571.9			1.0
4572.8			1.072020491213033
4573.7			1.1283518682085771
4574.6			1.099026340039954
4575.5			1.062258505398758
4576.4			1.058744567649419
4577.3			1.047916169050362
4578.2			1.0015037999648042
4579.1			0.9246676996355794
4580.0			0.8581634526265415
4580.9			1.0
4581.8			1.0484151214663322
4582.7			1.088373634576913
4583.6			1.084357986344332
4584.5			1.0564851835834481
4585.4			1.0235919965389138
4586.3			1.014858966676117
4587.2			1.0608410134158512
4588.1			1.1327557286472933
4589.0			1.1759245945894583
4589.9			1.1619946709950357
4590.8			1.0972792087565155
4591.7			1.026992877521542
4592.6			0.9938222566848763
4593.5			0.9802888474429131
4594.4			0.9518586142063121
4595.3			0.9208407294133837
4596.2			0.9101413866217021
4597.1			0.9133238060637513
4598.0			0.9323483853892032
4598.9			0.957714413062499
4599.8			0.9453626858309331
4600.7			0.918595866281801
4601.6			0.9319191800135254
4602.5			0.9535802057569812
4603.4			0.9420926626775602
4604.3			0.9070876617837551
4605.2			0.8776197454049611
4606.1			0.8918200781504567
4607.0			0.9559639970681482
4607.9			1.035008946517249
4608.8			1.0816014475498568
4609.7			1.065392301659391
4610.6			1.0054445520535196
4611.5			1.0
4612.4			1.0
4613.3			1.0
4614.2			1.0
4615.1			1.0
4616.0			1.0
4616.9			1.0
4617.8			1.0
4618.7			1.0
4619.6			1.0
4620.5			1.0
4621.4			1.0
4622.3			1.0
4623.2			1.0
4624.1			1.0
4625.0			1.0
4625.9			1.0
4626.8			1.0
4627.7			1.0
4628.6			1.0
4629.5			1.0
4630.4			1.0
4631.3			1.0
4632.2			1.0
4633.1			1.0
4634.0			1.0
4634.9			1.0
4635.8			1.0
4636.7			1.0
4637.6			1.0
4638.5			1.0
4639.4			1.0
4640.3			1.0
4641.2			1.0494226109551574
4642.1			1.0832825337976992
4643.0			1.05501931135158
4643.9			1.0051549544247174
4644.8			0.9575265503903174
4645.7			0.8930367097169531
4646.6			0.8354286044867183
4647.5			0.8280118084582124
4648.4			0.864901259622455
4649.3			0.9178328072052288
4650.2			0.9745606601089906
4651.1			1.0218108157932304
4652.0			1.0527403032885656
4652.9			1.0532214087290908
4653.8			1.0048820205089226
4654.7			1.0
4655.6			1.0
4656.5			1.0
4657.4			1.0
4658.3			1.0
4659.2			1.0
4660.1			1.0
4661.0			1.0
4661.9			1.0
4662.8			0.9396291147826455
4663.7			0.9192501309177157
4664.6			0.9259147581751881
4665.5			0.8875311820121529
4666.4			0.7866946165940445
4667.3			0.7128352257284627
4668.2			0.7389484143297964
4669.1			0.8299768568433359
4670.0			0.9210060165410827
4670.9			0.9855015601862922
4671.8			1.0006733598619775
4672.7			1.0
4673.6			1.0
4674.5			1.0
4675.4			1.0
4676.3			1.0508715025791129
4677.2			1.0446604375221547
4678.1			0.9934039607542241
4679.0			0.9479108305161681
4679.9			0.9178086689196019
4680.8			0.8974628300184704
4681.7			0.9023317821652558
4682.6			0.9435151048714217
4683.5			0.9872284509893385
4684.4			1.0011226691671882
4685.3			1.0
4686.2			0.9875976043997611
4687.1			0.9541568156167045
4688.0			0.9304659375548711
4688.9			0.9426242866940259
4689.8			0.9555913784819732
4690.7			0.9406373246790375
4691.6			0.9247294470692482
4692.5			0.9269489636062986
4693.4			0.9393366345599504
4694.3			0.9683851364756548
4695.2			1.0128924336548264
4696.1			1.038314480783383
4697.0			1.006027981115831
4697.9			0.9247797215902335
4698.8			0.8683476959166591
4699.7			0.879411927677177
4700.6			0.9012064805991788
4701.5			0.8975767471787296
4702.4			0.8847770062295233
4703.3			0.890223996923429
4704.2			0.9263089376134558
4705.1			0.9574161991868274
4706.0			0.9550970383297331
4706.9			0.9296408343681009
4707.8			0.9046305541717828
4708.7			0.8883694823451064
4709.6			0.8973008950032286
4710.5			0.9517501627133909
4711.4			0.999977689062983
4712.3			1.0
4713.2			1.0
4714.1			1.0
4715.0			1.0
4715.9			1.0
4716.8			1.0
4717.7			1.0
4718.6			1.0
4719.5			1.0
4720.4			1.0
4721.3			1.0
4722.2			1.0
4723.1			0.9939676510319144
4724.0			1.0297978893358053
4724.9			1.0662767060868352
4725.8			1.0504206746086218
4726.7			0.9612467823933727
4727.6			0.8557175571449576
4728.5			0.8146402035104837
4729.4			0.8322339821349515
4730.3			0.8636879032253321
4731.2			0.9037388484594874
4732.1			0.9551870757185045
4733.0			0.9880392411374502
4733.9			1.001543440082427
4734.8			1.0
4735.7			1.0
4736.6			1.0
4737.5			1.0
4738.4			1.0
4739.3			1.0
4740.2			1.0
4741.1			1.0
4742.0			1.0
4742.9			1.0
4743.8			1.0
4744.7			1.0
4745.6			1.0
4746.5			1.0
4747.4			1.0
4748.3			1.0
4749.2			1.0
4750.1			1.0
4751.0			1.0
4751.9			1.0
4752.8			1.0
4753.7			1.0
4754.6			1.0
4755.5			1.0
4756.4			1.0
4757.3			1.0
4758.2			1.0
4759.1			1.0
4760.0			1.0
4760.9			0.9843799628862177
4761.8			0.9401229319081043
4762.7			0.9177697099163116
4763.6			0.9154687912695522
4764.5			0.8920778676857106
4765.4			0.8555665160121994
4766.3			0.8502259651141004
4767.2			0.8925598191449691
4768.1			0.9590105559715838
4769.0			1.0265948093434267
4769.9			1.0629964092082962
4770.8			1.0392116060158187
4771.7			0.9978266355554243
4772.6			1.0
4773.5			1.0
4774.4			1.0
4775.3			1.0
4776.2			1.0
4777.1			1.0149194720224948
4778.0			1.0371945900901285
4778.9			1.0268967243251519
4779.8			1.003855457669392
4780.7			0.9923034309214895
4781.6			0.973463747399745
4782.5			0.9341977771482672
4783.4			0.9108372878570771
4784.3			0.9287879037439506
4785.2			0.9346126643460217
4786.1			0.901532459974571
4787.0			0.8944935588309595
4787.9			0.9226282025187796
4788.8			0.9229469511344661
4789.7			0.9014783782004007
4790.6			0.9012624242920335
4791.5			0.9198513954010851
4792.4			0.9527449966552864
4793.3			1.004960589785389
4794.2			1.0533965941496186
4795.1			1.0
4796.0			0.9795962740508248
4796.9			0.9455851734339188
4797.8			0.908188154126563
4798.7			0.870723082721879
4799.6			0.8530862512928871
4800.5			0.8783023226862567
4801.4			0.9392929968162969
4802.3			0.9912146521723133
4803.2			1.000281367103441
4804.1			1.0
4805.0			1.0
4805.9			1.0
4806.8			1.0
4807.7			1.0
4808.6			1.0
4809.5			1.0
4810.4			1.0
4811.3			1.0
4812.2			1.0
4813.1			1.0
4814.0			1.0
4814.9			1.0
4815.8			1.0
4816.7			1.0
4817.6			1.0
4818.5			1.0
4819.4			1.0
4820.3			1.0
4821.2			1.0
4822.1			0.9636530755158487
4823.0			0.9084718250492912
4823.9			0.8877305207620914
4824.8			0.9309644017224245
4825.7			0.991141964198535
4826.6			1.0
4827.5			1.0
4828.4			1.0
4829.3			1.0
4830.2			1.0
4831.1			1.0
4832.0			1.0
4832.9			1.0
4833.8			1.0
4834.7			1.0
4835.6			1.0
4836.5			1.0
4837.4			1.0
4838.3			1.0
4839.2			1.0
4840.1			1.0
4841.0			1.0
4841.9			1.0
4842.8			1.0
4843.7			1.0
4844.6			1.0
4845.5			1.0
4846.4			1.0
4847.3			1.0
4848.2			1.0
4849.1			1.0
4850.0			1.0
4850.9			1.0
4851.8			1.0
4852.7			1.0
4853.6			1.0
4854.5			0.9271113424375961
4855.4			0.8755343222772372
4856.3			0.9091866309715201
4857.2			0.9733647698112821
4858.1			0.9830560782089293
4859.0			0.9253733008787214
4859.9			0.8297181418373625
4860.8			0.7448225796147021
4861.7			0.7504129622857355
4862.6			0.8407256132396602
4863.5			0.9082832744073669
4864.4			0.933090627336658
4865.3			0.9655572061258992
4866.2			0.9991984159539047
4867.1			1.0021789438569382
4868.0			1.0
4868.9			1.008083142295552
4869.8			0.9823278755307214
4870.7			0.8947763423635051
4871.6			0.8371218281924426
4872.5			0.882225538837992
4873.4			0.9657367300395757
4874.3			1.004032943920448
4875.2			1.0
4876.1			1.0
4877.0			1.0
4877.9			1.0
4878.8			1.0
4879.7			1.0
4880.6			1.0
4881.5			1.0
4882.4			1.0
4883.3			1.0
4884.2			0.9681389779096106
4885.1			0.8980060020181092
4886.0			0.857479087816033
4886.9			0.8701146416361232
4887.8			0.9024672488754506
4888.7			0.9169289983762114
4889.6			0.8856767036714224
4890.5			0.8129556905402417
4891.4			0.7934415009574298
4892.3			0.8802846189442581
4893.2			0.9899421415863798
4894.1			1.056491349191496
4895.0			1.083331349565028
4895.9			1.0751237394724238
4896.8			1.0529385294086366
4897.7			1.0363144126874346
4898.6			1.0040018809737234
4899.5			1.0
4900.4			1.0
4901.3			1.0
4902.2			1.0
4903.1			1.0
4904.0			1.0
4904.9			1.0
4905.8			1.0
4906.7			1.0047985332838425
4907.6			0.9658941113489107
4908.5			0.9144009761299632
4909.4			0.8680982413674693
4910.3			0.8461511720888821
4911.2			0.868213099336246
4912.1			0.9187849051269545
4913.0			0.9622057839557256
4913.9			0.9957933309580409
4914.8			1.0
4915.7			1.03223677621385
4916.6			1.0196598716737657
4917.5			0.9487895623172224
4918.4			0.8447087350774911
4919.3			0.7642097049790929
4920.2			0.7511741120554372
4921.1			0.8240972919267763
4922.0			0.9365292996254059
4922.9			1.0012621349006452
4923.8			0.9989968983688009
4924.7			1.0011771332923112
4925.6			1.0
4926.5			1.0
4927.4			1.0
4928.3			1.0
4929.2			1.0
4930.1			1.0
4931.0			1.0
4931.9			1.0
4932.8			1.0
4933.7			1.0
4934.6			1.013494987056601
4935.5			1.0406263166159497
4936.4			0.993816258920685
4937.3			0.8939210687948234
4938.2			0.8146894170077612
4939.1			0.8108143536824418
4940.0			0.8815807215109162
4940.9			0.9603667408653417
4941.8			0.9918805894509226
4942.7			1.0
4943.6			1.0
4944.5			1.0
4945.4			1.0
4946.3			1.0
4947.2			1.0
4948.1			1.0
4949.0			1.0
4949.9			1.0
4950.8			1.0
4951.7			1.0
4952.6			1.0
4953.5			1.0
4954.4			1.0
4955.3			1.0
4956.2			0.9149049388789423
4957.1			0.7836204041194691
4958.0			0.7673836799376168
4958.9			0.8883078594519394
4959.8			1.0016839038942138
4960.7			1.0
4961.6			1.0
4962.5			1.0
4963.4			1.0
4964.3			1.0
4965.2			1.0
4966.1			1.0
4967.0			1.0
4967.9			1.0
4968.8			1.0
4969.7			1.0
4970.6			1.0
4971.5			1.0
4972.4			1.0
4973.3			1.0
4974.2			1.0
4975.1			1.0
4976.0			1.0
4976.9			1.0
4977.8			1.0
4978.7			0.9644129206714476
4979.6			0.9622548035725463
4980.5			0.9611367785313103
4981.4			0.9156031576647434
4982.3			0.8444030672175513
4983.2			0.8132144950942356
4984.1			0.8369000995800442
4985.0			0.8712747172451839
4985.9			0.908261626157958
4986.8			0.9614005411615272
4987.7			0.9977270303723617
4988.6			1.0
4989.5			1.0
4990.4			1.0
4991.3			1.0
4992.2			1.0
4993.1			1.0
4994.0			1.0
4994.9			1.0
4995.8			1.0
4996.7			1.0
4997.6			1.0
4998.5			1.0
4999.4			1.0
5000.3			1.0
5001.2			0.9988651507787228
5002.1			1.0031766767878805
5003.0			1.0020084765901003
5003.9			0.9825594054614601
5004.8			0.9340888443669096
5005.7			0.8817050576198356
5006.6			0.8945897211577615
5007.5			0.9848041689028798
5008.4			1.0651851709197766
5009.3			1.0768272317005791
5010.2			1.0559878842359254
5011.1			1.0153612580616
5012.0			0.9452246964690699
5012.9			0.8861534299849281
5013.8			0.8675075011610193
5014.7			0.8985418779959743
5015.6			0.9531221006775036
5016.5			0.9688695742903799
5017.4			0.9399240389356114
5018.3			0.9264463397841273
5019.2			0.9534819838705705
5020.1			0.975087821633567
5021.0			0.960758172561119
5021.9			0.9351690348087282
5022.8			0.9502122396982556
5023.7			0.9994514648780063
5024.6			1.0278902091419015
5025.5			1.0300969728944416
5026.4			1.0010136609959297
5027.3			1.0
5028.2			1.0
5029.1			1.0
5030.0			1.0
5030.9			1.0
5031.8			1.0
5032.7			1.0
5033.6			1.0
5034.5			1.0
5035.4			1.0
5036.3			1.0
5037.2			1.0143400833684169
5038.1			1.0007323256408531
5039.0			0.9227715038444992
5039.9			0.8160528074487802
5040.8			0.7334341534420517
5041.7			0.7593339054302547
5042.6			0.8774402328521745
5043.5			0.9693046826647834
5044.4			1.0090114210668806
5045.3			1.0
5046.2			1.0
5047.1			1.0
5048.0			1.0
5048.9			1.0
5049.8			1.0
5050.7			1.0
5051.6			1.0
5052.5			1.0
5053.4			1.0
5054.3			1.0
5055.2			1.0
5056.1			1.0
5057.0			1.0
5057.9			1.0
5058.8			1.0
5059.7			1.0
5060.6			1.0
5061.5			1.0
5062.4			1.0
5063.3			0.9660343120909834
5064.2			0.9010437812737323
5065.1			0.877220291704709
5066.0			0.9262574550400052
5066.9			0.977096675141688
5067.8			1.0
5068.7			1.0
5069.6			1.0
5070.5			1.0
5071.4			1.0
5072.3			1.0
5073.2			1.0
5074.1			1.0
5075.0			0.9919879993572869
5075.9			0.9867515183952372
5076.8			1.0105569957121416
5077.7			1.003729905326548
5078.6			0.9117940307399666
5079.5			0.8093062321175184
5080.4			0.8033038107976841
5081.3			0.8740606929534421
5082.2			0.9286200386417803
5083.1			0.9377174802359161
5084.0			0.9478078200732739
5084.9			0.9782296333521925
5085.8			1.000185142259582
5086.7			1.0
5087.6			1.0
5088.5			1.0
5089.4			1.0
5090.3			1.0
5091.2			1.0
5092.1			1.0
5093.0			1.0
5093.9			1.0
5094.8			0.9854731888996895
5095.7			0.9592260894827
5096.6			0.9177197580190781
5097.5			0.857592773209494
5098.4			0.8008950517071667
5099.3			0.8051682540552393
5100.2			0.8874336975941063
5101.1			0.9746218435174288
5102.0			1.00300283678566
5102.9			1.0
5103.8			1.0
5104.7			0.9883189189034336
5105.6			0.9851564419901236
5106.5			0.9611139655348068
5107.4			0.9259517517560832
5108.3			0.9127546517581149
5109.2			0.9056461163426156
5110.1			0.8988877515122362
5111.0			0.9256165222340447
5111.9			0.9657670573289654
5112.8			0.9809179858213
5113.7			0.9877343571512521
5114.6			1.0
5115.5			1.0111698332505048
5116.4			1.0311103993237583
5117.3			1.0595125277640023
5118.2			1.0733951678372382
5119.1			1.0620885530604582
5120.0			1.0293957206052553
5120.9			0.9885229100110062
5121.8			0.9467089354324748
5122.7			0.896103126664892
5123.6			0.8571632673999978
5124.5			0.8647319495663144
5125.4			0.8970017426141373
5126.3			0.9160653920323574
5127.2			1.0
5128.1			0.9874227081990005
5129.0			0.9852746126352218
5129.9			1.002879321122867
5130.8			1.0337470533565911
5131.7			1.0547956140510546
5132.6			1.060244217473623
5133.5			1.0671655748698148
5134.4			1.0940565536240807
5135.3			1.1072850736615192
5136.2			1.0657153968584772
5137.1			1.0042598720662912
5138.0			0.9590596918017658
5138.9			0.9333512792102217
5139.8			0.9583936449839866
5140.7			0.9985388895496005
5141.6			0.9648763957571157
5142.5			0.9100966548277308
5143.4			0.929617659075761
5144.3			0.9727624787881993
5145.2			0.9633280121482747
5146.1			0.9262596983711855
5147.0			0.9040336094856251
5147.9			0.9080079159915148
5148.8			0.9336776543417237
5149.7			0.9479105876474209
5150.6			0.9316125103026299
5151.5			0.9124667463292137
5152.4			0.9061725373877596
5153.3			0.905333893402321
5154.2			0.9152295338104142
5155.1			0.9401168165380814
5156.0			0.9697168320177765
5156.9			0.996896551042246
5157.8			1.0
5158.7			1.0
5159.6			1.0
5160.5			1.0
5161.4			1.0
5162.3			1.0
5163.2			1.0
5164.1			1.0
5165.0			1.0
5165.9			1.0
5166.8			1.0
5167.7			1.0
5168.6			1.0
5169.5			1.1309550301778437
5170.4			1.1240455035298458
5171.3			0.9263009935039435
5172.2			0.7204881309317372
5173.1			0.7148379632832863
5174.0			0.881894342102987
5174.9			1.023853122319792
5175.8			1.0
5176.7			1.0
5177.6			1.0
5178.5			1.0
5179.4			1.0
5180.3			0.9702424026860417
5181.2			0.8985781821494527
5182.1			0.7526567028458587
5183.0			0.5921491024376362
5183.9			0.5673339095251254
5184.8			0.7159848356864514
5185.7			0.8963065085281324
5186.6			0.9895030937983532
5187.5			0.9998706579344215
5188.4			1.0
5189.3			1.0
5190.2			1.0
5191.1			1.0
5192.0			1.0
5192.9			1.0
5193.8			1.0
5194.7			1.0
5195.6			1.0
5196.5			1.0
5197.4			1.0
5198.3			1.0
5199.2			1.0
5200.1			1.0
5201.0			1.0
5201.9			1.0
5202.8			0.9924155727603672
5203.7			0.9530589045198088
5204.6			0.8730314279962774
5205.5			0.8191613389875805
5206.4			0.8203852470124156
5207.3			0.8198522601616685
5208.2			0.7977371642396572
5209.1			0.814360417421063
5210.0			0.8752105175172488
5210.9			0.9352544041575481
5211.8			0.9815682676379608
5212.7			1.0078739578922846
5213.6			1.0006645346497376
5214.5			1.0
5215.4			1.0
5216.3			1.0
5217.2			1.0
5218.1			1.0
5219.0			1.0
5219.9			1.0
5220.8			1.0
5221.7			1.0
5222.6			0.965727713567513
5223.5			0.909324338018487
5224.4			0.8444371103571965
5225.3			0.7786617969688749
5226.2			0.7274427599957306
5227.1			0.7442623160424391
5228.0			0.8485842393743378
5228.9			0.9541000200452768
5229.8			0.9992683149766358
5230.7			1.0
5231.6			1.0
5232.5			1.0
5233.4			1.0
5234.3			1.0
5235.2			1.0
5236.1			1.0
5237.0			1.0
5237.9			1.0
5238.8			1.0
5239.7			1.0
5240.6			1.0094129049636076
5241.5			1.0109310515543115
5242.4			0.999371076266322
5243.3			1.0067555506801413
5244.2			1.037592651294835
5245.1			1.036038390281965
5246.0			0.9683196003749
5246.9			0.8947070220142243
5247.8			0.8844146877746001
5248.7			0.9019807192025256
5249.6			0.8841958267262088
5250.5			0.8653558612182293
5251.4			0.8940190728490405
5252.3			0.9400666280195022
5253.2			0.9503882007392483
5254.1			0.9138349954799655
5255.0			0.8861736467300068
5255.9			0.9308702514894562
5256.8			1.0152281272616406
5257.7			1.0664880445306544
5258.6			1.071920719829818
5259.5			1.0
5260.4			0.9542457481393362
5261.3			0.889328125752996
5262.2			0.8165783166631665
5263.1			0.7566057620330116
5264.0			0.7148934204481064
5264.9			0.6819924381067706
5265.8			0.6786153832147902
5266.7			0.7348918793151318
5267.6			0.7787330438596055
5268.5			0.714093587260962
5269.4			0.6159870615832783
5270.3			0.6379564234997037
5271.2			0.7663036339764221
5272.1			0.8617707317284203
5273.0			0.8759165310158865
5273.9			0.8543633193291178
5274.8			0.8305057437373359
5275.7			0.8407133721682943
5276.6			0.907869785229691
5277.5			0.9805751892984607
5278.4			1.0
5279.3			0.9686972777477821
5280.2			0.9201796061169225
5281.1			0.8831291948400213
5282.0			0.8608977792712352
5282.9			0.8396834968110076
5283.8			0.8371944615221477
5284.7			0.8935242148132726
5285.6			0.9817334308431861
5286.5			1.0281798062546792
5287.4			1.0177972824357768
5288.3			1.0001026213327169
5289.2			1.0
5290.1			1.0
5291.0			1.0
5291.9			0.9767404300446361
5292.8			0.9440135190902368
5293.7			0.9309461623970244
5294.6			0.9283484543388807
5295.5			0.8993330174584728
5296.4			0.8314477268280076
5297.3			0.7656392688469228
5298.2			0.7646191139511324
5299.1			0.8279167722891096
5300.0			0.8778101440000273
5300.9			0.8787522121601373
5301.8			0.8779229055671621
5302.7			0.9109927499848839
5303.6			0.9623462507999224
5304.5			1.0007292386273654
5305.4			1.0
5306.3			1.0
5307.2			1.0
5308.1			1.0
5309.0			1.0
5309.9			1.0
5310.8			1.0
5311.7			1.0
5312.6			1.0
5313.5			1.0
5314.4			1.0
5315.3			1.0
5316.2			1.0
5317.1			1.0
5318.0			1.0
5318.9			1.0
5319.8			1.0
5320.7			1.0
5321.6			1.0
5322.5			1.0
5323.4			1.0
5324.3			0.9668670465148276
5325.2			0.9787318798691952
5326.1			0.9615492444779357
5327.0			0.852379932725926
5327.9			0.7298484460163619
5328.8			0.7338172975046888
5329.7			0.8585555430458276
5330.6			0.9709378782383448
5331.5			0.9988286364299831
5332.4			1.0
5333.3			1.0
5334.2			1.0
5335.1			1.0
5336.0			1.0
5336.9			1.0
5337.8			0.9946421594351511
5338.7			0.9610962499988882
5339.6			0.8908259640626083
5340.5			0.8476880421013403
5341.4			0.8855654579271818
5342.3			0.9594767959679477
5343.2			1.0009853248171316
5344.1			1.0
5345.0			1.0
5345.9			1.0
5346.8			1.0
5347.7			1.0
5348.6			1.0
5349.5			1.0
5350.4			1.0
5351.3			1.0
5352.2			1.0
5353.1			1.0
5354.0			1.0
5354.9			1.0
5355.8			1.0
5356.7			1.0
5357.6			1.0
5358.5			1.0
5359.4			1.0
5360.3			1.0
5361.2			1.0
5362.1			1.0
5363.0			1.0
5363.9			1.0
5364.8			1.0
5365.7			1.0
5366.6			1.0
5367.5			0.9901083559230007
5368.4			0.9603025739565957
5369.3			0.8971381248029608
5370.2			0.8228388877201743
5371.1			0.7936927024107288
5372.0			0.8417825924119313
5372.9			0.9262808006136142
5373.8			0.9814075804899973
5374.7			0.9964953987068124
5375.6			1.0
5376.5			1.0
5377.4			1.0
5378.3			1.0
5379.2			1.0
5380.1			1.0
5381.0			1.0
5381.9			1.0
5382.8			1.0
5383.7			1.0
5384.6			1.0
5385.5			1.0
5386.4			1.0
5387.3			1.0
5388.2			1.0
5389.1			1.0
5390.0			1.0
5390.9			1.0
5391.8			1.0
5392.7			1.0
5393.6			1.0
5394.5			1.0
5395.4			1.0
5396.3			1.0
5397.2			1.0
5398.1			1.044871070353575
5399.0			1.0998490211664802
5399.9			1.099736148710151
5400.8			1.0887250170657148
5401.7			1.100576261101765
5402.6			1.085307203872949
5403.5			1.0055101841262135
5404.4			0.9021169753971041
5405.3			0.8415502899991797
5406.2			0.8546281299291371
5407.1			0.9156311028411976
5408.0			0.9549101806305369
5408.9			0.9373258093245164
5409.8			0.9077229791198274
5410.7			0.9279869731760544
5411.6			0.9811271103152803
5412.5			1.0090874327924306
5413.4			1.0
5414.3			1.0
5415.2			1.0
5416.1			1.0
5417.0			1.0
5417.9			1.0
5418.8			1.0
5419.7			1.0
5420.6			1.0
5421.5			1.019476539318984
5422.4			1.0302963291440725
5423.3			0.9941373946379538
5424.2			0.9614821715081104
5425.1			0.9923265419207599
5426.0			1.0576493842165244
5426.9			1.0887535280554004
5427.8			1.0448361480417925
5428.7			0.9418296429791262
5429.6			0.8813578129993952
5430.5			0.9227180035866674
5431.4			0.9767015503370644
5432.3			0.9628072056675991
5433.2			0.9190783447236007
5434.1			0.8884673263453213
5435.0			0.8792758802643926
5435.9			0.8950058576516763
5436.8			0.9374999732130429
5437.7			1.0013901332352575
5438.6			1.0
5439.5			1.0
5440.4			1.0
5441.3			1.0
5442.2			1.0
5443.1			1.0
5444.0			0.9748220273383752
5444.9			0.9193713802528491
5445.8			0.8487178693433197
5446.7			0.8156123198512406
5447.6			0.8624586705146164
5448.5			0.947323989924145
5449.4			0.9998464177091348
5450.3			1.0
5451.2			1.0
5452.1			1.0
5453.0			0.9673442123185568
5453.9			0.9161248417191986
5454.8			0.856956776061697
5455.7			0.8406959111328428
5456.6			0.8945126480793298
5457.5			0.9672901479712931
5458.4			1.002406220358851
5459.3			1.0
5460.2			1.0
5461.1			1.0
5462.0			1.0
5462.9			1.0
5463.8			1.0
5464.7			1.0
5465.6			1.0
5466.5			1.0
5467.4			1.0
5468.3			1.0
5469.2			1.0
5470.1			1.0
5471.0			1.004892250423973
5471.9			1.0199184459220212
5472.8			1.0097400517058044
5473.7			0.9998345435260194
5474.6			1.0038166473435413
5475.5			0.9694833651572021
5476.4			0.9109057454700425
5477.3			0.9256257904555958
5478.2			1.020823788351293
5479.1			1.0882109374542026
5480.0			1.0640345449389568
5480.9			1.0048005345315238
5481.8			0.9963717926326625
5482.7			1.0
5483.6			1.0
5484.5			1.0530971947204806
5485.4			1.0681726841790538
5486.3			1.0240100162314587
5487.2			0.9624035554332555
5488.1			0.9447127257704856
5489.0			0.9631878297765949
5489.9			0.979619439162878
5490.8			0.9938398193628362
5491.7			1.001373493999913
5492.6			1.0
5493.5			1.0
5494.4			1.0
5495.3			1.0
5496.2			1.0
5497.1			1.0
5498.0			1.0
5498.9			1.0
5499.8			1.0
5500.7			1.0
5501.6			1.0
5502.5			1.0
5503.4			1.0
5504.3			1.0
5505.2			1.0
5506.1			0.9672083122036395
5507.0			0.9744243168749748
5507.9			1.0088772640012487
5508.8			1.019754835566088
5509.7			1.0029706725758114
5510.6			0.9743969075145785
5511.5			0.9332832757871297
5512.4			0.8989411771533904
5513.3			0.897248923016291
5514.2			0.9142207438394042
5515.1			0.9267149129000118
5516.0			0.93049506412951
5516.9			0.9432467038994199
5517.8			0.9761209759159459
5518.7			0.9996899943743058
5519.6			1.0
5520.5			1.0
5521.4			1.0
5522.3			1.0
5523.2			1.0
5524.1			1.0
5525.0			0.9918448525345788
5525.9			0.974539223190912
5526.8			0.9442227432326694
5527.7			0.9090897266506972
5528.6			0.9086217859485006
5529.5			0.9540534204789244
5530.4			0.9975045128051839
5531.3			1.0080815776887073
5532.2			1.0005529449439305
5533.1			1.0
5534.0			1.0
5534.9			1.0
5535.8			1.0
5536.7			1.0
5537.6			1.0
5538.5			1.0
5539.4			1.0
5540.3			1.0
5541.2			1.0
5542.1			1.0
5543.0			1.0
5543.9			1.0
5544.8			1.0
5545.7			1.0
5546.6			1.0
5547.5			1.0
5548.4			1.0
5549.3			1.0
5550.200000000001			1.0
5551.1			1.0
5552.0			1.0
5552.9			1.0
5553.8			1.0
5554.700000000001			1.0
5555.6			1.0
5556.5			1.0
5557.4			1.0
5558.3			1.0
5559.200000000001			1.0
5560.1			1.0
5561.0			1.0
5561.9			1.0
5562.8			1.0
5563.700000000001			1.0
5564.6			1.0
5565.5			1.0
5566.4			1.0
5567.3			1.0
5568.200000000001			1.0
5569.1			1.0
5570.0			1.0
5570.9			1.0
5571.8			1.0
5572.700000000001			1.0
5573.6			1.0
5574.5			1.0
5575.4			1.0
5576.3			1.0
5577.200000000001			1.0
5578.1			1.0
5579.0			0.9948399668162311
5579.9			1.0045719609267043
5580.8			1.0067669232507104
5581.700000000001			0.9936392587757367
5582.6			0.9883940886543865
5583.5			0.9878410192954299
5584.4			0.971552197065038
5585.3			0.9370627206945593
5586.200000000001			0.8890037049752942
5587.1			0.8474770673011103
5588.0			0.8399714740865052
5588.9			0.8557832036472598
5589.8			0.8791431340662791
5590.700000000001			0.9051997577722317
5591.6			0.9205735208533874
5592.5			0.9214193347770424
5593.4			0.9134132214315493
5594.3			0.9155325117832969
5595.200000000001			0.9557459496938872
5596.1			1.0041589537001057
5597.0			1.0
5597.9			0.9537817828231133
5598.8			0.9227627827178506
5599.700000000001			0.9124922459699746
5600.6			0.8876584996353252
5601.5			0.8587078003129387
5602.4			0.8540088177469157
5603.3			0.8869588731326944
5604.200000000001			0.9465679533720471
5605.1			0.9921488783670368
5606.0			1.0072695570485144
5606.9			1.0015681776075709
5607.8			1.0
5608.700000000001			1.0
5609.6			1.0
5610.5			1.0
5611.4			1.0
5612.3			1.0
5613.200000000001			0.9906281317854961
5614.1			0.926881173448132
5615.0			0.8527242840968281
5615.9			0.8539800487661339
5616.8			0.9294597280625382
5617.700000000001			0.9890557168450411
5618.6			0.9994932449765869
5619.5			1.0
5620.4			1.0
5621.3			1.0
5622.200000000001			1.0177223253812746
5623.1			0.9855248601496197
5624.0			0.9250464289800384
5624.9			0.8994355287491861
5625.8			0.9314106049678039
5626.700000000001			0.9743952084436608
5627.6			1.0000871701566973
5628.5			1.0
5629.4			1.0
5630.3			1.0
5631.200000000001			1.0
5632.1			1.0
5633.0			1.0
5633.9			1.0
5634.8			1.0
5635.700000000001			1.0
5636.6			1.0
5637.5			1.0
5638.4			1.0
5639.3			1.0
5640.200000000001			1.0
5641.1			1.0
5642.0			1.0
5642.9			1.0
5643.8			1.0
5644.700000000001			1.0
5645.6			1.0
5646.5			1.0
5647.4			1.0
5648.3			1.0
5649.200000000001			1.0
5650.1			1.0
5651.0			1.0184111336537518
5651.9			1.0383053132680176
5652.8			1.033685529331747
5653.700000000001			1.0004068844725573
5654.6			0.9682479140526203
5655.5			0.9739637555823774
5656.4			0.9869488410522131
5657.3			0.9418773035022927
5658.200000000001			0.8734639233502645
5659.1			0.8735494754753063
5660.0			0.9279084330316316
5660.9			0.9484890503193621
5661.8			0.9274757721540594
5662.700000000001			0.9200490670971178
5663.6			0.9495160322029824
5664.5			0.9877580483017401
5665.4			0.9974564626040121
5666.3			1.0
5667.200000000001			1.0
5668.1			1.0
5669.0			1.0
5669.9			1.0
5670.8			1.0
5671.700000000001			1.0
5672.6			1.0
5673.5			1.0
5674.4			1.0
5675.3			1.0
5676.200000000001			1.0
5677.1			1.0
5678.0			1.0
5678.9			1.0
5679.8			1.0
5680.700000000001			1.0
5681.6			1.0
5682.5			1.0
5683.4			1.0
5684.3			1.0
5685.200000000001			1.0
5686.1			1.0
5687.0			1.0
5687.9			1.0
5688.8			1.0
5689.700000000001			1.0
5690.6			1.0
5691.5			1.0
5692.4			1.0
5693.3			1.0
5694.200000000001			1.0
5695.1			1.0
5696.0			1.0
5696.9			1.0
5697.8			1.0
5698.700000000001			1.0
5699.6			1.0
5700.5			0.9819350847303131
5701.4			0.9580566409293241
5702.3			0.9593360488120706
5703.200000000001			0.9870453537791392
5704.1			1.0081310969490158
5705.0			0.9942868310248021
5705.9			0.9566038532700664
5706.8			0.9251647562719819
5707.700000000001			0.9010185399866479
5708.6			0.8795651968008366
5709.5			0.8790745300478466
5710.4			0.8931218755628086
5711.3			0.8967104009340242
5712.200000000001			0.9084889521260454
5713.1			0.9479153546260185
5714.0			0.9822448389119737
5714.9			0.9924053881454146
5715.8			0.9963321637017687
5716.700000000001			0.9994366108325817
5717.6			1.0
5718.5			1.0
5719.4			1.0
5720.3			1.0
5721.200000000001			1.0
5722.1			1.0
5723.0			1.0
5723.9			1.0
5724.8			1.0
5725.700000000001			1.0
5726.6			1.0
5727.5			1.0
5728.4			1.0
5729.3			1.0
5730.200000000001			1.0
5731.1			1.0
5732.0			1.0
5732.9			1.0
5733.8			1.0
5734.700000000001			1.0
5735.6			1.0
5736.5			1.0
5737.4			1.0
5738.3			1.0
5739.200000000001			1.0
5740.1			1.0
5741.0			1.0
5741.9			1.0
5742.8			1.0
5743.700000000001			1.0
5744.6			1.0
5745.5			1.0
5746.4			1.0
5747.3			1.0
5748.200000000001			1.0
5749.1			1.0
5750.0			1.0
5750.9			1.0113051138827946
5751.8			0.9813316930831656
5752.700000000001			0.9295857270151597
5753.6			0.8906236297327884
5754.5			0.8974068537645183
5755.4			0.9483783689683909
5756.3			0.9995817843580254
5757.200000000001			1.0
5758.1			1.0
5759.0			0.9786631332832738
5759.9			0.9457662979782476
5760.8			0.9115131980682671
5761.700000000001			0.8840491815986947
5762.6			0.8791372950295718
5763.5			0.914708698880153
5764.4			0.9683318103087676
5765.3			0.9968955590874994
5766.200000000001			0.9974059317954383
5767.1			1.0
5768.0			1.0
5768.9			1.0
5769.8			1.0
5770.700000000001			1.0
5771.6			1.0
5772.5			1.0
5773.4			1.0
5774.3			0.9977463263610741
5775.200000000001			1.0027455870396282
5776.1			1.017672401736014
5777.0			1.0284670397810491
5777.9			1.0255473808479545
5778.8			1.0033914553039178
5779.700000000001			0.9518817542485613
5780.6			0.8849358804419724
5781.5			0.8508497958263186
5782.4			0.8681085381797233
5783.3			0.8927494768062368
5784.200000000001			0.8837855850903423
5785.1			0.8658040945715758
5786.0			0.8854028786607954
5786.9			0.9346982501875549
5787.8			0.9770855021088819
5788.700000000001			1.0000042997637628
5789.6			1.0
5790.5			1.0
5791.4			1.0
5792.3			1.0
5793.200000000001			1.0
5794.1			1.0
5795.0			1.0
5795.9			1.0
5796.8			1.0
5797.700000000001			1.0
5798.6			1.0
5799.5			1.0
5800.4			1.0
5801.3			1.0
5802.200000000001			1.0
5803.1			1.0
5804.0			1.0
5804.9			1.0
5805.8			1.0
5806.700000000001			1.0
5807.6			1.0
5808.5			1.0
5809.4			1.0
5810.3			1.0
5811.200000000001			1.0
5812.1			1.0
5813.0			1.0
5813.9			1.0
5814.8			1.0
5815.700000000001			1.0
5816.6			1.0
5817.5			1.0
5818.4			1.0
5819.3			1.0
5820.200000000001			1.0
5821.1			1.0
5822.0			1.0
5822.9			1.0
5823.8			1.0
5824.700000000001			1.0
5825.6			1.0
5826.5			1.0
5827.4			1.0
5828.3			1.0
5829.200000000001			1.0
5830.1			1.0
5831.0			1.0
5831.9			1.0
5832.8			1.0
5833.700000000001			1.0
5834.6			1.0
5835.5			1.0
5836.4			1.0
5837.3			1.0
5838.200000000001			1.0
5839.1			1.0
5840.0			1.0
5840.9			1.0
5841.8			1.0
5842.700000000001			1.0
5843.6			1.0
5844.5			1.0
5845.4			1.0
5846.3			1.0
5847.200000000001			1.0
5848.1			1.0
5849.0			1.0
5849.9			1.0
5850.8			1.0
5851.700000000001			1.0
5852.6			1.0
5853.5			1.0
5854.4			1.009833542536207
5855.3			1.014843460997018
5856.200000000001			0.9883430530744469
5857.1			0.9448981603752017
5858.0			0.924737737828821
5858.9			0.9409031369474602
5859.8			0.9741224662134856
5860.700000000001			0.999717249532476
5861.6			1.0002783241789892
5862.5			1.0
5863.4			1.0
5864.3			1.0
5865.200000000001			1.0
5866.1			1.0
5867.0			1.0
5867.9			1.0
5868.8			1.0
5869.700000000001			1.0
5870.6			1.0
5871.5			1.0
5872.4			1.0
5873.3			1.0
5874.200000000001			1.0
5875.1			1.0
5876.0			1.0
5876.9			1.0
5877.8			1.0
5878.700000000001			1.0
5879.6			1.0
5880.5			1.0
5881.4			1.0
5882.3			1.0
5883.200000000001			1.0
5884.1			1.0
5885.0			1.0
5885.9			1.0
5886.8			1.0023000566740443
5887.700000000001			0.9507757082197005
5888.6			0.8296551287664372
5889.5			0.698231465642414
5890.4			0.6808693604932223
5891.3			0.7918238936484762
5892.200000000001			0.9128230853668324
5893.1			0.9822146851079336
5894.0			0.9958386566103185
5894.9			1.0
5895.8			1.0
5896.700000000001			1.0
5897.6			1.0
5898.5			1.0
5899.4			1.0
5900.3			1.0
5901.200000000001			1.0
5902.1			1.0
5903.0			1.0
5903.9			1.0
5904.8			1.0
5905.700000000001			1.0
5906.6			1.0
5907.5			1.0
5908.4			1.0
5909.3			1.0
5910.200000000001			1.0
5911.1			1.0
5912.0			1.0
5912.9			1.0
5913.8			1.0
5914.700000000001			1.0
5915.6			1.0
5916.5			1.0
5917.4			1.0
5918.3			1.0
5919.200000000001			1.0
5920.1			1.0
5921.0			1.0
5921.9			1.0
5922.8			1.0
5923.700000000001			1.0
5924.6			1.0
5925.5			1.0
5926.4			1.0
5927.3			1.0
5928.200000000001			1.0
5929.1			1.0
5930.0			1.0
5930.9			1.0
5931.8			1.0
5932.700000000001			1.0
5933.6			1.0
5934.5			1.0
5935.4			1.0
5936.3			1.0
5937.200000000001			1.0
5938.1			1.0
5939.0			1.0
5939.9			1.0
5940.8			1.0
5941.700000000001			1.0
5942.6			1.0
5943.5			1.0
5944.4			1.0
5945.3			1.0
5946.200000000001			1.0
5947.1			1.0
5948.0			1.0
5948.9			1.0
5949.8			1.0
5950.700000000001			1.0
5951.6			1.0
5952.5			1.0
5953.4			1.0
5954.3			1.0
5955.200000000001			1.0
5956.1			1.0
5957.0			1.0
5957.9			1.0
5958.8			1.0
5959.700000000001			1.0
5960.6			1.0
5961.5			1.0
5962.4			1.0
5963.3			1.0
5964.200000000001			1.0
5965.1			1.0
5966.0			1.0
5966.9			1.0
5967.8			1.0
5968.700000000001			1.0
5969.6			1.0
5970.5			1.0
5971.4			1.0
5972.3			1.0
5973.200000000001			1.0
5974.1			1.0
5975.0			1.0
5975.9			1.0
5976.8			1.0
5977.700000000001			1.0
5978.6			1.0
5979.5			1.0
5980.4			1.0229150281150092
5981.3			1.027484159718769
5982.200000000001			1.0097927598456733
5983.1			0.9742171634101725
5984.0			0.9433339620771525
5984.9			0.9445100685602532
5985.8			0.9705567292453264
5986.700000000001			0.9900361296686231
5987.6			0.9999824464271536
5988.5			1.0
5989.4			1.0
5990.3			1.0
5991.200000000001			1.0
5992.1			1.0
5993.0			1.0
5993.9			1.0
5994.8			1.0
5995.700000000001			1.0
5996.6			1.0
5997.5			1.0
5998.4			1.0
5999.3			1.0
6000.200000000001			1.0
6001.1			1.0
6002.0			1.0
6002.9			1.0
6003.8			1.0
6004.700000000001			1.014336552269582
6005.6			1.0066940441434915
6006.5			0.979102445549237
6007.4			0.9447735310734573
6008.3			0.9367735950137936
6009.200000000001			0.9745164851767707
6010.1			1.0210822819379728
6011.0			1.030039693141702
6011.9			0.9998028030241201
6012.8			1.0
6013.700000000001			1.0
6014.6			1.0
6015.5			1.0
6016.4			1.0
6017.3			1.0
6018.200000000001			1.0
6019.1			1.0
6020.0			1.0
6020.9			1.0
6021.8			1.0
6022.700000000001			1.0
6023.6			1.0
6024.5			1.0
6025.4			1.0
6026.3			1.0
6027.200000000001			1.0
6028.1			1.0
6029.0			1.0
6029.9			1.0
6030.8			1.0
6031.700000000001			1.0
6032.6			1.0
6033.5			1.0
6034.4			1.0
6035.3			1.0
6036.200000000001			1.0
6037.1			1.0
6038.0			1.0
6038.9			1.0
6039.8			1.0
6040.700000000001			1.0
6041.6			1.0
6042.5			1.0
6043.4			1.0
6044.3			1.0
6045.200000000001			1.0
6046.1			1.0
6047.0			1.0
6047.9			1.0
6048.8			1.0
6049.700000000001			1.0
6050.6			1.0
6051.5			1.0
6052.4			1.0
6053.3			1.0
6054.200000000001			1.0
6055.1			1.0
6056.0			1.0
6056.9			1.0
6057.8			1.0
6058.700000000001			1.0
6059.6			1.0
6060.5			1.0
6061.4			0.9895438290959198
6062.3			0.9739424444547435
6063.200000000001			0.9577662392938927
6064.1			0.9378957745317327
6065.0			0.9185424694161972
6065.9			0.9261916834713134
6066.8			0.9614369645382402
6067.700000000001			0.9900319097487218
6068.6			1.0003197746669148
6069.5			1.0
6070.4			1.0
6071.3			1.0
6072.200000000001			1.0
6073.1			1.0
6074.0			1.0
6074.9			1.0
6075.8			1.0
6076.700000000001			1.0
6077.6			1.0
6078.5			1.0
6079.4			1.0
6080.3			1.0
6081.200000000001			1.0
6082.1			1.0
6083.0			1.0
6083.9			1.0
6084.8			1.0
6085.700000000001			1.0
6086.6			1.0
6087.5			1.0
6088.4			1.0
6089.3			1.0
6090.200000000001			1.0
6091.1			1.0
6092.0			1.0
6092.9			1.0
6093.8			1.0
6094.700000000001			1.0
6095.6			1.0
6096.5			1.0
6097.4			1.0
6098.3			1.0
6099.200000000001			1.0
6100.1			1.0054204810985505
6101.0			0.9733067665386329
6101.9			0.9111475794535978
6102.8			0.877517203130531
6103.700000000001			0.9138528799193985
6104.6			0.9730590805133638
6105.5			1.0011253936865157
6106.4			1.0
6107.3			1.0
6108.200000000001			1.0
6109.1			1.0
6110.0			1.0
6110.9			1.0
6111.8			1.0
6112.700000000001			1.0
6113.6			1.0
6114.5			1.0
6115.4			1.0
6116.3			1.0
6117.200000000001			1.0
6118.1			1.0
6119.0			1.0
6119.9			1.0
6120.8			1.0
6121.700000000001			1.0
6122.6			1.0
6123.5			1.0
6124.4			1.0
6125.3			1.0
6126.200000000001			1.0
6127.1			1.0
6128.0			1.0
6128.9			1.0
6129.8			1.0
6130.700000000001			1.0
6131.6			1.0
6132.5			1.0
6133.4			1.0
6134.3			0.9739604975111078
6135.200000000001			0.9178687107705682
6136.1			0.8406420349960448
6137.0			0.7963732230482203
6137.9			0.8395405972025571
6138.8			0.9370123984069352
6139.700000000001			0.9996312775979618
6140.6			1.0
6141.5			1.0
6142.4			1.0
6143.3			1.0
6144.200000000001			1.0
6145.1			1.0
6146.0			1.0
6146.9			1.0
6147.8			1.0
6148.700000000001			1.0
6149.6			1.0
6150.5			1.0
6151.4			1.0
6152.3			1.0
6153.200000000001			1.0
6154.1			1.0
6155.0			1.0
6155.9			1.0
6156.8			1.0
6157.700000000001			1.0
6158.6			1.0112911145479448
6159.5			0.9991480324973838
6160.4			0.9420887574141741
6161.3			0.8721526161180044
6162.200000000001			0.8426931039461366
6163.1			0.8704778957561597
6164.0			0.9278451916387025
6164.9			0.9755386279594198
6165.8			1.001060571408573
6166.700000000001			1.0
6167.6			1.0
6168.5			1.0
6169.4			1.0
6170.3			1.0
6171.200000000001			1.0
6172.1			1.0
6173.0			1.0
6173.9			1.0
6174.8			1.0
6175.700000000001			1.0
6176.6			1.0
6177.5			1.0
6178.4			1.0
6179.3			1.0
6180.200000000001			1.0
6181.1			1.0
6182.0			1.0
6182.9			1.0
6183.8			1.0
6184.700000000001			1.0
6185.6			1.0
6186.5			1.0
6187.4			1.0
6188.3			0.998231866625711
6189.200000000001			0.9930996434336441
6190.1			0.9593368321860485
6191.0			0.91212569235022
6191.9			0.911589602878994
6192.8			0.9624974632192276
6193.700000000001			1.0036057411698065
6194.6			1.0
6195.5			1.0
6196.4			1.0
6197.3			1.0
6198.200000000001			1.0
6199.1			1.0
6200.0			1.0
6200.9			1.0
6201.8			1.0
6202.700000000001			1.0
6203.6			1.0
6204.5			1.0
6205.4			1.0
6206.3			1.0
6207.200000000001			1.0
6208.1			1.0
6209.0			1.0
6209.9			1.0
6210.8			0.9990673277273932
6211.700000000001			0.9902867980192824
6212.6			0.9606761524634977
6213.5			0.9249853988626938
6214.4			0.9091136815548551
6215.3			0.9192452054836462
6216.200000000001			0.9514436763150523
6217.1			0.9910870750949746
6218.0			1.0038227348407884
6218.9			1.0
6219.8			1.0
6220.700000000001			1.0
6221.6			1.0
6222.5			1.0
6223.4			1.0
6224.3			1.0
6225.200000000001			1.0
6226.1			1.0
6227.0			1.0025491874832408
6227.9			0.9950654409554204
6228.8			0.9626152252829694
6229.700000000001			0.9064227265372085
6230.6			0.870195186539126
6231.5			0.8846439586948014
6232.4			0.922455415688142
6233.3			0.9611144393871277
6234.200000000001			0.9998413033720417
6235.1			1.0
6236.0			1.0
6236.9			0.985460487636476
6237.8			0.9666144327575914
6238.700000000001			0.9473663338772541
6239.6			0.9308404488334509
6240.5			0.9294822612419127
6241.4			0.9320664964442785
6242.3			0.9131362112768088
6243.200000000001			0.8919256135878921
6244.1			0.8978211359359272
6245.0			0.9140889779163398
6245.9			0.9254248855934558
6246.8			0.9484852049831326
6247.700000000001			1.0
6248.6			1.0167782255599793
6249.5			1.01548611726566
6250.4			1.000365643693535
6251.3			0.9648090633906764
6252.200000000001			0.9249966826708329
6253.1			0.9101844190566495
6254.0			0.9182084432695186
6254.9			0.9283797235346488
6255.8			0.9232599081391599
6256.700000000001			0.9037480763611968
6257.6			0.8864080258676604
6258.5			0.8906839458654812
6259.4			0.9245772950802238
6260.3			0.9600833813379581
6261.200000000001			0.9822499628650019
6262.1			1.008803315747593
6263.0			1.029622592720207
6263.9			1.0155341825767057
6264.8			0.9827047423870705
6265.700000000001			0.976852042126318
6266.6			1.0001597268403042
6267.5			1.0
6268.4			1.0
6269.3			1.0
6270.200000000001			1.0
6271.1			1.0
6272.0			1.0
6272.9			1.0
6273.8			1.0
6274.700000000001			1.0
6275.6			1.0
6276.5			1.0
6277.4			1.0
6278.3			1.0
6279.200000000001			1.0
6280.1			1.0
6281.0			1.0
6281.9			1.0
6282.8			1.0
6283.700000000001			1.0
6284.6			1.0
6285.5			1.0
6286.4			1.0
6287.3			1.0
6288.200000000001			1.0
6289.1			1.0
6290.0			1.0
6290.9			1.0
6291.8			1.0
6292.700000000001			0.9993895005197494
6293.6			1.0107905598754532
6294.5			1.0216235994930571
6295.4			1.006625108307671
6296.3			0.9749602589971413
6297.200000000001			0.9612806545056095
6298.1			0.972643634169019
6299.0			0.9883873842384141
6299.9			0.9885308870139404
6300.8			0.9707090202419542
6301.700000000001			0.9561752532167243
6302.6			0.9669752698132368
6303.5			0.9929494786527595
6304.4			1.0062889746999155
6305.3			1.0070696060818667
6306.200000000001			1.0200233919328487
6307.1			1.0449548755415974
6308.0			1.0595571000515929
6308.9			1.0515310784237288
6309.8			1.024989241823049
6310.700000000001			0.9993863811369741
6311.6			1.0
6312.5			1.0091814105125814
6313.4			1.0041968115418105
6314.3			0.973692319501433
6315.200000000001			0.9523873772306369
6316.1			0.9556988290937259
6317.0			0.9470767855933239
6317.9			0.9234203635195504
6318.8			0.9276967529545439
6319.700000000001			0.964022761304745
6320.6			0.9913283904120804
6321.5			0.9923887021610486
6322.4			0.9884778685734666
6323.3			1.0006815099375703
6324.200000000001			1.0
6325.1			1.0
6326.0			1.0
6326.9			1.0
6327.8			1.0
6328.700000000001			1.0
6329.6			1.0
6330.5			1.0
6331.4			1.0
6332.3			1.0195127429680808
6333.200000000001			1.0247448827034231
6334.1			0.9962156264132005
6335.0			0.9511398676938281
6335.9			0.9304315171898961
6336.8			0.9476005195250652
6337.700000000001			0.9723409692764521
6338.6			0.984284825915977
6339.5			0.9994466896557082
6340.4			1.0
6341.3			1.0
6342.200000000001			1.0
6343.1			1.0
6344.0			1.0
6344.9			1.0
6345.8			1.0
6346.700000000001			1.0
6347.6			1.0
6348.5			1.0
6349.4			1.0
6350.3			1.0
6351.200000000001			1.0
6352.1			1.0
6353.0			1.0
6353.9			0.9728077064550948
6354.8			0.9594935144886717
6355.700000000001			0.9727734044412815
6356.6			0.9824984552494324
6357.5			0.9614427915685506
6358.4			0.9317435597556729
6359.3			0.9218903558541743
6360.200000000001			0.9192316013102252
6361.1			0.9046400296474896
6362.0			0.8908612487123804
6362.9			0.8988734603497137
6363.8			0.9243434124414787
6364.700000000001			0.9513601402705634
6365.6			0.9724496451410659
6366.5			0.9908129673597271
6367.4			1.0089749687019889
6368.3			1.016960449246919
6369.200000000001			1.0092639969467458
6370.1			0.999999662666139
6371.0			1.0
6371.9			1.0
6372.8			1.0
6373.700000000001			1.0
6374.6			1.0
6375.5			1.0
6376.4			1.0
6377.3			1.0
6378.200000000001			1.0
6379.1			1.0
6380.0			1.0
6380.9			1.0
6381.8			1.0
6382.700000000001			1.0
6383.6			1.0
6384.5			1.0
6385.4			1.0
6386.3			1.0
6387.200000000001			1.0
6388.1			1.0
6389.0			1.0
6389.9			1.0
6390.8			1.0
6391.700000000001			1.0
6392.6			1.0
6393.5			1.0
6394.4			1.0
6395.3			1.0
6396.200000000001			1.0
6397.1			1.0008969187969905
6398.0			0.9773470922642004
6398.9			0.9274275694796825
6399.8			0.8903923173433647
6400.700000000001			0.9128675404355079
6401.6			0.9674667397111827
6402.5			0.9998670480258958
6403.4			1.0
6404.3			1.0
6405.200000000001			1.0
6406.1			1.0
6407.0			1.0
6407.9			1.0
6408.8			1.0
6409.700000000001			1.0
6410.6			1.0
6411.5			1.0
6412.4			1.0
6413.3			1.0
6414.200000000001			1.0
6415.1			1.0
6416.0			1.0
6416.9			0.9983364013428824
6417.8			0.9834621056536015
6418.700000000001			0.9587506533681698
6419.6			0.9309411164472499
6420.5			0.9181080797144437
6421.4			0.9360929710800179
6422.3			0.9756363528011934
6423.200000000001			1.002501657032411
6424.1			0.9984201766911276
6425.0			1.0
6425.9			1.0
6426.8			1.0
6427.700000000001			1.0
6428.6			0.9824967773131
6429.5			0.9424378954346727
6430.4			0.9058202424139478
6431.3			0.9069114583467307
6432.200000000001			0.9410688713420868
6433.1			0.977007440773882
6434.0			0.9990408800946206
6434.9			1.0
6435.8			1.0
6436.700000000001			1.0
6437.6			1.0
6438.5			1.0
6439.4			1.0
6440.3			1.0
6441.200000000001			1.0
6442.1			1.0
6443.0			1.0
6443.9			1.0
6444.8			1.0
6445.700000000001			1.0
6446.6			1.0
6447.5			0.9738537265631213
6448.4			0.906278157965644
6449.3			0.8405061680871295
6450.200000000001			0.8405175310483023
6451.1			0.9041003822383539
6452.0			0.9691924879772956
6452.9			0.9995737553793654
6453.8			1.0
6454.700000000001			1.0
6455.6			1.0
6456.5			1.0
6457.4			1.0
6458.3			1.0
6459.200000000001			1.0
6460.1			0.9969869441308306
6461.0			0.9656236612749252
6461.9			0.916303502577005
6462.8			0.8989083813278604
6463.700000000001			0.9310118103015962
6464.6			0.9742079514170986
6465.5			1.002450847924582
6466.4			1.0
6467.3			1.0
6468.200000000001			1.0
6469.1			1.0
6470.0			1.0
6470.9			1.0
6471.8			1.0
6472.700000000001			1.0
6473.6			1.0
6474.5			1.0
6475.4			1.0
6476.3			1.0
6477.200000000001			1.0
6478.1			1.0
6479.0			1.0
6479.9			1.0
6480.8			1.0
6481.700000000001			1.0
6482.6			1.0
6483.5			1.0
6484.4			1.0
6485.3			1.0
6486.200000000001			1.0
6487.1			1.0
6488.0			1.0
6488.9			1.0
6489.8			0.9877504486831615
6490.700000000001			0.976440365988281
6491.6			0.9668998681341512
6492.5			0.9371514951518839
6493.4			0.8745004286114489
6494.3			0.8206889856353566
6495.200000000001			0.8185340203395364
6496.1			0.8553620424965337
6497.0			0.9001209827597619
6497.9			0.9323446149753664
6498.8			0.9506952848119845
6499.700000000001			0.9726935010704684
6500.6			1.0012094485808367
6501.5			1.0
6502.4			1.0
6503.3			1.0
6504.200000000001			1.0
6505.1			1.0
6506.0			1.0
6506.9			1.0
6507.8			1.0
6508.700000000001			1.0
6509.6			1.0
6510.5			1.0
6511.4			1.0
6512.3			1.0
6513.200000000001			1.0
6514.1			1.0
6515.0			1.0
6515.9			1.0
6516.8			1.0
6517.700000000001			1.0
6518.6			1.0
6519.5			1.0
6520.4			1.0
6521.3			1.0
6522.200000000001			1.0
6523.1			1.0
6524.0			1.0
6524.9			1.0
6525.8			1.0
6526.700000000001			1.0
6527.6			1.0
6528.5			1.0
6529.4			1.0
6530.3			1.0
6531.200000000001			1.0
6532.1			1.0
6533.0			1.0
6533.9			1.0
6534.8			1.0
6535.700000000001			1.0
6536.6			1.0
6537.5			1.0
6538.4			1.0
6539.3			1.0
6540.200000000001			1.0
6541.1			1.0
6542.0			1.0
6542.9			1.0
6543.8			1.0
6544.700000000001			1.0
6545.6			1.0
6546.5			1.0
6547.4			1.0
6548.3			1.0
6549.200000000001			1.0
6550.1			1.0
6551.0			1.0
6551.9			1.0
6552.8			1.0
6553.700000000001			1.0
6554.6			1.0
6555.5			1.0
6556.4			1.0
6557.3			1.0
6558.200000000001			1.0
6559.1			1.0
6560.0			0.9626978605958196
6560.9			0.8650517710162534
6561.8			0.7256028914993694
6562.700000000001			0.6657547530390705
6563.6			0.7607373266589693
6564.5			0.9090004443047508
6565.4			1.000714989865831
6566.3			1.0
6567.200000000001			1.0
6568.1			1.0
6569.0			1.0
6569.9			1.0
6570.8			1.0
6571.700000000001			1.0
6572.6			1.0
6573.5			1.0
6574.4			1.0
6575.3			1.0
6576.200000000001			1.0
6577.1			1.0
6578.0			1.0
6578.9			1.0
6579.8			1.0
6580.700000000001			1.0
6581.6			1.0
6582.5			1.0
6583.4			1.0
6584.3			1.0
6585.200000000001			1.0
6586.1			1.0
6587.0			1.0
6587.9			1.0
6588.8			1.0
6589.700000000001			1.0
6590.6			0.9853681382019529
6591.5			0.9417836761922754
6592.4			0.8959117115730076
6593.3			0.894095754206162
6594.200000000001			0.9379964900779327
6595.1			0.9817367516735572
6596.0			0.9974983243157085
6596.9			1.0
6597.8			1.0
6598.700000000001			1.0
6599.6			1.0
6600.5			1.0
6601.4			1.0
6602.3			1.0
6603.200000000001			1.0
6604.1			0.9849779859936896
6605.0			0.9783013077408027
6605.9			0.9761805665180239
6606.8			0.967698397179043
6607.700000000001			0.9469559913652065
6608.6			0.9293361357709281
6609.5			0.9443604957460048
6610.4			0.9861670697353705
6611.3			1.015364874776872
6612.200000000001			1.0119956280350182
6613.1			0.9999591614990962
6614.0			1.0
6614.9			1.0
6615.8			1.0
6616.700000000001			1.0
6617.6			0.9996671626875445
6618.5			1.0114069198194882
6619.4			1.026216142023426
6620.3			1.0394773169488687
6621.200000000001			1.046370549877966
6622.1			1.0408786393289637
6623.0			1.019087348151472
6623.9			0.9963407245463125
6624.8			1.0002653368756251
6625.700000000001			1.0
6626.6			1.0
6627.5			1.0
6628.4			1.0
6629.3			1.0
6630.200000000001			0.9896735508198232
6631.1			0.9733301574001744
6632.0			0.9465922234117237
6632.9			0.9185009598108852
6633.8			0.9119275328599004
6634.700000000001			0.9384571507617913
6635.6			0.976057182724244
6636.5			0.9995053437012398
6637.4			0.9988880410033089
6638.3			1.0
6639.200000000001			1.0
6640.1			1.0
6641.0			1.0130503245530178
6641.9			0.9998021408389673
6642.8			0.9699676920672708
6643.700000000001			0.9613847375905625
6644.6			0.9803037028086445
6645.5			0.9964620459876112
6646.4			0.9941800230823963
6647.3			0.9903320550372634
6648.200000000001			0.9989213122337794
6649.1			1.0142215825658376
6650.0			1.0233001188447792
6650.9			1.0247552516299039
6651.8			1.0236904018741404
6652.700000000001			1.0208692925713911
6653.6			1.0205445828300415
6654.5			1.0228424057396197
6655.4			1.0216511580226026
6656.3			1.0160491043036433
6657.200000000001			1.0148718416575924
6658.1			1.017748549997288
6659.0			1.0169247608157361
6659.9			1.0111782624613936
6660.8			0.9997868619695558
6661.700000000001			0.9771538005065058
6662.6			0.9514220987570754
6663.5			0.9493863796112214
6664.4			0.9690877693135211
6665.3			0.9832351961004596
6666.200000000001			0.980423177988086
6667.1			0.973712888234552
6668.0			0.9791416509993023
6668.9			0.9980726036434132
6669.8			1.0192624843006746
6670.700000000001			1.0287512213667445
6671.6			1.0278852012986035
6672.5			1.0250303849408484
6673.4			1.0257063176997698
6674.3			1.02702456772129
6675.200000000001			1.0191256861886748
6676.1			0.989172761574881
6677.0			0.9443704272099211
6677.9			0.9263328217377339
6678.8			0.9550621467891808
6679.700000000001			0.9976019120588245
6680.6			1.018841521113418
6681.5			1.023880334246649
6682.4			1.028197567042936
6683.3			1.0346168966677545
6684.200000000001			1.0388262330019984
6685.1			1.037520211399174
6686.0			1.031700509349132
6686.9			1.0233533849935428
6687.8			1.0186942178467344
6688.700000000001			1.0189966301075402
6689.6			1.0222150504262908
6690.5			1.0234723911228136
6691.4			1.0213718222161667
6692.3			1.0202448466535532
6693.200000000001			1.0199983437875533
6694.1			1.0103883345546567
6695.0			0.9846392053240957
6695.9			0.9615758597737661
6696.8			1.0
6697.700000000001			1.0119315424264272
6698.6			1.0315612584070255
6699.5			1.053086319343189
6700.4			1.0644904081307187
6701.3			1.0575435595348799
6702.200000000001			1.037794099633278
6703.1			1.015097861416742
6704.0			1.0068209771439858
6704.9			1.0189091566743118
6705.8			1.0386151870195768
6706.700000000001			1.049177402809456
6707.6			1.048393750940367
6708.5			1.0395303672171394
6709.4			1.027335244944311
6710.3			1.0220035675372279
6711.200000000001			1.021603466316724
6712.1			1.0160162576286094
6713.0			1.0056924271533942
6713.9			0.9972430833756636
6714.8			0.9864363447149657
6715.700000000001			0.9715329612230654
6716.6			0.9628388772182769
6717.5			0.9766861348843813
6718.4			1.0130861022860898
6719.3			1.0445865312995817
6720.200000000001			1.0515721233606454
6721.1			1.0435674278169633
6722.0			1.044088697100693
6722.9			1.0545173691087406
6723.8			1.057322356813751
6724.700000000001			1.0438321933954269
6725.6			1.0283665361266652
6726.5			1.0271826411875866
6727.4			1.036804147485732
6728.3			1.0469211173509667
6729.200000000001			1.0551036990180835
6730.1			1.0606713448237504
6731.0			1.0554189373771943
6731.9			1.0420664292204758
6732.8			1.0321917687936237
6733.700000000001			1.0347320443428287
6734.6			1.0457655008748914
6735.5			1.0526644852844629
6736.4			1.042322525020445
6737.3			1.0175113809366265
6738.200000000001			0.9988897985787973
6739.1			1.0007459572771529
6740.0			1.0153374716301893
6740.9			1.0205848995250641
6741.8			1.0116237789363292
6742.700000000001			1.0031980100153006
6743.6			1.0079067921844393
6744.5			1.0158760128380269
6745.4			1.01600443751397
6746.3			1.0123852983115862
6747.200000000001			1.0090391392770135
6748.1			1.003904401686562
6749.0			0.9964999735962613
6749.9			0.9987583529593153
6750.8			1.0106461273146468
6751.700000000001			1.0161266393332329
6752.6			1.0117252290203298
6753.5			1.0118633709710028
6754.4			1.0162460308576298
6755.3			1.0222295698726107
6756.200000000001			1.0335758385814457
6757.1			1.0471430421842178
6758.0			1.0572554570425698
6758.9			1.0620783695459979
6759.8			1.061605597529488
6760.700000000001			1.0533781413616592
6761.6			1.0464433341088972
6762.5			1.04673119264409
6763.4			1.0486095725685518
6764.3			1.0440804199024671
6765.200000000001			1.0311281358902098
6766.1			1.0102851702507238
6767.0			0.9921243633723136
6767.9			0.9916720180731857
6768.8			0.999784940724847
6769.700000000001			0.9950431642014325
6770.6			0.9805347016957642
6771.5			0.9805352165182185
6772.4			0.9992793399095253
6773.3			1.0224765440441208
6774.200000000001			1.0366565184411183
6775.1			1.0411864461450955
6776.0			1.038259219933252
6776.9			1.0347276681621147
6777.8			1.0380677449332434
6778.700000000001			1.0452288421602138
6779.6			1.047804912624361
6780.5			1.041153471378322
6781.4			1.0248271000800768
6782.3			0.9982688295753129
6783.200000000001			0.9739791402982764
6784.1			0.9660288256499768
6785.0			0.9742228170843888
6785.9			0.9890948461901748
6786.8			1.0087018261692924
6787.700000000001			1.0261792855679805
6788.6			1.031704670495042
6789.5			1.0316190772678675
6790.4			1.0338440640745128
6791.3			1.0317289938548155
6792.200000000001			1.0155828211616442
6793.1			0.9975702091798945
6794.0			0.9914106628137547
6794.9			0.9941172421050717
6795.8			0.9983250634897753
6796.700000000001			1.0037817222228818
6797.6			1.0074649680701746
6798.5			1.00942258308445
6799.4			1.0141747469986715
6800.3			1.021052866952303
6801.200000000001			1.0250232265482504
6802.1			1.0200646410660186
6803.0			1.0097041545699423
6803.9			1.0053604650683998
6804.8			1.0092884160308309
6805.700000000001			1.0085319262954933
6806.6			1.0051815699657316
6807.5			1.006543556243328
6808.4			1.0043769368549624
6809.3			0.9963684088906746
6810.200000000001			0.9982206192020074
6811.1			1.0112532231612072
6812.0			1.017191760903244
6812.9			1.008595632041701
6813.8			0.9941535037895635
6814.700000000001			0.9936780689036212
6815.6			1.0
6816.5			1.0213126455982826
6817.4			1.02675709381958
6818.3			1.0145478766788159
6819.200000000001			0.9962291846761657
6820.1			0.9899055995232393
6821.0			1.0007001579949653
6821.9			1.0159149252773703
6822.8			1.0248112348921135
6823.700000000001			1.0261040634122025
6824.6			1.0248697876716593
6825.5			1.0207952629329733
6826.4			1.0103685656042976
6827.3			0.9934716119916109
6828.200000000001			0.9850721043444072
6829.1			0.99476134955458
6830.0			1.0118304037109698
6830.9			1.0214064957056759
6831.8			1.0205689641179796
6832.700000000001			1.0172719065172182
6833.6			1.0190404311978511
6834.5			1.0242157798470142
6835.4			1.0228605761290963
6836.3			1.0142710913641444
6837.200000000001			1.0008650347239052
6838.1			0.9837030574338239
6839.0			0.9626070135918805
6839.9			0.9412797159202675
6840.8			0.9246026662247884
6841.700000000001			0.9217681238966368
6842.6			0.9397423926325162
6843.5			0.9710259536224917
6844.4			1.0006165160725564
6845.3			1.0150856307503164
6846.200000000001			1.0179188814869857
6847.1			1.0176006171707892
6848.0			1.0168207383762444
6848.9			1.0145872639115996
6849.8			1.013680287562192
6850.700000000001			1.0155807556410792
6851.6			1.019601899318383
6852.5			1.0179521451641869
6853.4			0.996195700402733
6854.3			0.9636188543707593
6855.200000000001			0.9493294483505323
6856.1			0.9592131539689224
6857.0			0.9714057017973826
6857.9			0.9816072078970091
6858.8			0.9876136169167111
6859.700000000001			0.9768748745889564
6860.6			0.9547777115223859
6861.5			0.9496722063332386
6862.4			0.9754150519893714
6863.3			1.0114952186199238
6864.200000000001			1.0328071797203804
6865.1			1.0308725253657238
6866.0			1.0084448038625888
6866.9			0.9695122411798659
6867.8			0.9397388955765456
6868.700000000001			0.9540071296960595
6869.6			0.9965691167525226
6870.5			1.0075465732568885
6871.4			0.9788273690242416
6872.3			0.9615248211816143
6873.200000000001			0.9733360017824856
6874.1			0.9870094123668234
6875.0			0.9855652842587006
6875.9			0.9859961009094184
6876.8			0.9980714632076385
6877.700000000001			1.0100887731554815
6878.6			1.009152129443098
6879.5			0.9990326306675864
6880.4			0.9884606319513192
6881.3			0.9765968580863841
6882.200000000001			0.9691431214239826
6883.1			0.9784365149177062
6884.0			0.9960416634203815
6884.9			0.9991539971099911
6885.8			0.9935051634784171
6886.700000000001			1.0055364360312926
6887.6			1.032232801484774
6888.5			1.040267519924325
6889.4			1.0347983785943131
6890.3			1.0495944082580448
6891.200000000001			1.0618997803033
6892.1			1.0411060423741447
6893.0			1.0183118804022055
6893.9			1.0230801380084875
6894.8			1.0273663617262483
6895.700000000001			1.0126265367379865
6896.6			1.0064516847628453
6897.5			1.0245280147239704
6898.4			1.0389682609442157
6899.3			1.0253609472816823
6900.200000000001			1.0106065131537134
6901.1			1.0259695072155823
6902.0			1.0505254422377803
6902.9			1.0449398063658746
6903.8			1.0161568509656764
6904.700000000001			1.0010391162122287
6905.6			1.0177365762443908
6906.5			1.041564250646111
6907.4			1.0426457222667216
6908.3			1.0299581524671106
6909.200000000001			1.0244396134186327
6910.1			1.0290259964980903
6911.0			1.0269198606877485
6911.9			1.00746090658025
6912.8			0.9767947288180131
6913.700000000001			0.9588635836528171
6914.6			0.9733573534011171
6915.5			0.9960844390143365
6916.4			0.9992756686044723
6917.3			0.9948412478746032
6918.200000000001			1.0047881400379357
6919.1			1.0278215399410238
6920.0			1.0470875358687601
6920.9			1.0519765950248514
6921.8			1.0443546314604488
6922.700000000001			1.024119221522249
6923.6			0.9941571737389261
6924.5			0.9726980091093574
6925.4			0.9720397847076776
6926.3			0.9891866330173926
6927.200000000001			1.0076836504740438
6928.1			1.0133284724937672
6929.0			1.0086465532374604
6929.9			1.0053728422787704
6930.8			1.0029132435354295
6931.700000000001			0.9885396137198903
6932.6			0.9717967364922551
6933.5			0.9731377476361365
6934.4			0.9918606584870798
6935.3			1.008890396690848
6936.200000000001			1.01265073962495
6937.1			1.0089461208087531
6938.0			1.005140119099901
6938.9			1.0045576691761364
6939.8			1.0047750431449016
6940.700000000001			1.0035096148112517
6941.6			0.9973550135587566
6942.5			0.9828191632479278
6943.4			0.9625054079939864
6944.3			0.9474840455775938
6945.200000000001			0.9536944595867709
6946.1			0.9748209426654684
6947.0			0.9899894050876905
6947.9			0.9962943261016904
6948.8			1.0002196230319111
6949.700000000001			0.9934436021077687
6950.6			0.976755102475127
6951.5			0.9693604795544006
6952.4			0.9734788113642813
6953.3			0.9779087833397027
6954.200000000001			0.9822684175976858
6955.1			0.9901891176771048
6956.0			0.9965354128149159
6956.9			1.0002993396420803
6957.8			1.008273861720936
6958.700000000001			1.0122174074544488
6959.6			1.0049164092784042
6960.5			0.996129638511499
6961.4			0.9952347677121958
6962.3			1.0044063799334164
6963.200000000001			1.0159414186206297
6964.1			1.0152964630203136
6965.0			1.0027800803084148
6965.9			0.9999735699543802
6966.8			1.0
6967.700000000001			1.0
6968.6			1.0
6969.5			1.0
6970.4			1.0
6971.3			1.0
6972.200000000001			1.0
6973.1			1.0
6974.0			1.0
6974.9			0.9713564337891948
6975.8			0.947081804683307
6976.700000000001			0.9196829449773578
6977.6			0.8871931518396605
6978.5			0.8780531735102328
6979.4			0.9118414989467687
6980.3			0.9584139998538017
6981.200000000001			0.985749276216368
6982.1			1.000195107855619
6983.0			1.0
6983.9			1.0
6984.8			1.0
6985.700000000001			1.0
6986.6			1.0
6987.5			1.0
6988.4			1.0
6989.3			1.0
6990.200000000001			1.0
6991.1			1.0
6992.0			1.0
6992.9			1.0
6993.8			1.0
6994.700000000001			1.0
6995.6			1.0
6996.5			1.0
6997.4			1.0
6998.3			1.0
6999.200000000001			1.0
7000.1			1.0
7001.0			1.0
7001.9			1.0
7002.8			1.0
7003.700000000001			1.0
7004.6			1.0
7005.5			1.0
7006.4			1.0
7007.3			1.0
7008.200000000001			1.0
7009.1			1.0
7010.0			1.0
7010.9			1.0
7011.8			1.0
7012.700000000001			1.0
7013.6			1.0
7014.5			1.0
7015.4			1.0
7016.3			1.0
7017.200000000001			1.0
7018.1			1.0
7019.0			1.0
7019.9			1.0
7020.8			1.0
7021.700000000001			1.0
7022.6			1.0
7023.5			1.0
7024.4			1.0
7025.3			1.0
7026.200000000001			1.0
7027.1			1.0
7028.0			1.0
7028.9			1.0
7029.8			1.0
7030.700000000001			1.0
7031.6			1.0
7032.5			1.0
7033.4			1.0
7034.3			1.0
7035.200000000001			1.0
7036.1			1.0
7037.0			1.0
7037.9			1.0
7038.8			1.0
7039.700000000001			1.0
7040.6			1.0
7041.5			1.0
7042.4			1.0
7043.3			1.0
7044.200000000001			1.0
7045.1			1.0
7046.0			1.0
7046.9			1.0
7047.8			1.0
7048.700000000001			1.0
7049.6			1.0
7050.5			1.0
7051.4			1.0
7052.3			1.0
7053.200000000001			1.0
7054.1			1.0
7055.0			1.0
7055.9			1.0
7056.8			1.0
7057.700000000001			1.0
7058.6			1.0
7059.5			1.0
7060.4			1.0
7061.3			1.0
7062.200000000001			1.0
7063.1			1.0
7064.0			1.0
7064.9			1.0
7065.8			1.0
7066.700000000001			1.0
7067.6			1.0
7068.5			1.0
7069.4			1.0
7070.3			1.0
7071.200000000001			1.0
7072.1			1.0
7073.0			1.0
7073.9			1.0
7074.8			1.0
7075.700000000001			1.0
7076.6			1.0
7077.5			1.0
7078.4			1.0
7079.3			1.0
7080.200000000001			1.0
7081.1			1.0
7082.0			1.0
7082.9			1.0
7083.8			1.0
7084.700000000001			1.0
7085.6			1.0
7086.5			1.0
7087.4			1.0
7088.3			1.0
7089.200000000001			1.0
7090.1			1.0
7091.0			1.0
7091.9			1.0
7092.8			1.0
7093.700000000001			1.0
7094.6			1.0
7095.5			1.0
7096.4			1.0
7097.3			1.0
7098.200000000001			1.0
7099.1			1.0
7100.0			1.0
7100.9			1.0
7101.8			1.0
7102.700000000001			1.0
7103.6			1.0
7104.5			1.0
7105.4			1.0
7106.3			1.0
7107.200000000001			1.0
7108.1			1.0
7109.0			1.0
7109.9			1.0
7110.8			1.0
7111.700000000001			1.0
7112.6			1.0
7113.5			1.0
7114.4			1.0
7115.3			1.0
7116.200000000001			1.0
7117.1			1.0
7118.0			1.0
7118.9			1.0
7119.8			1.0
7120.700000000001			1.0
7121.6			1.0
7122.5			1.0
7123.4			1.0
7124.3			1.0
7125.200000000001			1.0
7126.1			1.0
7127.0			1.0
7127.9			1.0
7128.8			1.0
7129.700000000001			1.0
7130.6			1.0
7131.5			1.0
7132.4			1.0
7133.3			1.0
7134.200000000001			1.0
7135.1			1.0
7136.0			1.0
7136.9			1.0
7137.8			1.0
7138.700000000001			1.0
7139.6			1.0
7140.5			1.0
7141.4			1.0
7142.3			1.0
7143.200000000001			1.0
7144.1			1.0
7145.0			1.0
7145.9			1.0
7146.8			1.0
7147.700000000001			1.0
7148.6			1.0
7149.5			1.0
7150.4			1.0
7151.3			1.0
7152.200000000001			1.0
7153.1			1.0
7154.0			1.0
7154.9			1.0
7155.8			1.0
7156.700000000001			1.0
7157.6			1.0
7158.5			1.0
7159.4			1.0
7160.3			1.0
7161.200000000001			1.0
7162.1			1.0
7163.0			1.0
7163.9			1.0
7164.8			1.0
7165.700000000001			1.0
7166.6			1.0
7167.5			1.0
7168.4			1.0
7169.3			1.0
7170.200000000001			1.0
7171.1			1.0
7172.0			1.0
7172.9			1.0
7173.8			1.0
7174.700000000001			1.0
7175.6			1.0
7176.5			1.0
7177.4			1.0
7178.3			1.0
7179.200000000001			1.0
7180.1			1.0
7181.0			1.0
7181.9			1.0
7182.8			1.0
7183.700000000001			1.0
7184.6			1.0
7185.5			1.0
7186.4			1.0
7187.3			1.0
7188.200000000001			1.0
7189.1			1.0
7190.0			1.0
7190.9			1.0
7191.8			1.0
7192.700000000001			1.0
7193.6			1.0
7194.5			1.0
7195.4			1.0
7196.3			1.0
7197.200000000001			1.0
7198.1			1.0
7199.0			1.0
7199.9			1.0
7200.8			1.0
7201.700000000001			1.0
7202.6			1.0
7203.5			1.0
7204.4			1.0
7205.3			1.0
7206.200000000001			1.0
7207.1			1.0
7208.0			1.0
7208.9			1.0
7209.8			1.0
7210.700000000001			1.0
7211.6			1.0
7212.5			1.0
7213.4			1.0
7214.3			1.0
7215.200000000001			1.0
7216.1			1.0
7217.0			1.0
7217.9			1.0
7218.8			1.0
7219.700000000001			1.0
7220.6			1.0
7221.5			1.0
7222.4			1.0
7223.3			1.0
7224.200000000001			1.0
7225.1			1.0
7226.0			1.0
7226.9			1.0
7227.8			1.0
7228.700000000001			1.0
7229.6			1.0
7230.5			1.0
7231.4			1.0
7232.3			1.0
7233.200000000001			1.0
7234.1			1.0
7235.0			1.0
7235.9			1.0
7236.8			1.0
7237.700000000001			1.0
7238.6			1.0
7239.5			1.0
7240.4			1.0
7241.3			1.0
7242.200000000001			1.0
7243.1			1.0
7244.0			1.0
7244.9			1.0
7245.8			1.0
7246.700000000001			1.0
7247.6			1.0
7248.5			1.0
7249.4			1.0
7250.3			1.0
7251.200000000001			1.0
7252.1			1.0
7253.0			1.0
7253.9			1.0
7254.8			1.0
7255.700000000001			1.0
7256.6			1.0
7257.5			1.0
7258.4			1.0
7259.3			1.0
7260.200000000001			1.0
7261.1			1.0
7262.0			1.0
7262.9			1.0
7263.8			1.0
7264.700000000001			1.0
7265.6			1.0
7266.5			1.0
7267.4			1.0
7268.3			1.0
7269.200000000001			1.0
7270.1			1.0
7271.0			1.0
7271.9			1.0
7272.8			1.0
7273.700000000001			1.0
7274.6			1.0
7275.5			1.0
7276.4			1.0
7277.3			1.0
7278.200000000001			1.0
7279.1			1.0
7280.0			1.0
7280.9			1.0
7281.8			1.0
7282.700000000001			1.0
7283.6			1.0
7284.5			1.0
7285.4			1.0
7286.3			1.0
7287.200000000001			1.0
7288.1			1.0
7289.0			1.0
7289.9			1.0
7290.8			1.0
7291.700000000001			1.0
7292.6			1.0
7293.5			1.0
7294.4			1.0
7295.3			1.0
7296.200000000001			1.0
7297.1			1.0
7298.0			1.0
7298.9			1.0
7299.8			1.0
7300.700000000001			1.0
7301.6			1.0
7302.5			1.0
7303.4			1.0
7304.3			1.0
7305.200000000001			1.0
7306.1			1.0
7307.0			1.0
7307.9			1.0
7308.8			1.0
7309.700000000001			1.0
7310.6			1.0
7311.5			1.0
7312.4			1.0
7313.3			1.0
7314.200000000001			1.0
7315.1			1.0
7316.0			1.0
7316.9			1.0
7317.8			1.0
7318.700000000001			1.0
7319.6			1.0
7320.5			1.0
7321.4			1.0
7322.3			1.0
7323.200000000001			1.0
7324.1			1.0
7325.0			1.0
7325.9			1.0
7326.8			1.0
7327.700000000001			1.0
7328.6			1.0
7329.5			1.0
7330.4			1.0
7331.3			1.0
7332.200000000001			1.0
7333.1			1.0
7334.0			1.0
7334.9			1.0
7335.8			1.0
7336.700000000001			1.0
7337.6			1.0
7338.5			1.0
7339.4			1.0
7340.3			1.0
7341.200000000001			1.0
7342.1			1.0
7343.0			1.0
7343.9			1.0
7344.8			1.0
7345.700000000001			1.0
7346.6			1.0
7347.5			1.0
7348.4			1.0
7349.3			1.0
7350.200000000001			1.0
7351.1			1.0
7352.0			1.0
7352.9			1.0
7353.8			1.0
7354.700000000001			1.0
7355.6			1.0
7356.5			1.0
7357.4			1.0
7358.3			1.0
7359.200000000001			1.0
7360.1			1.0
7361.0			1.0
7361.9			1.0
7362.8			1.0
7363.700000000001			1.0
7364.6			1.0
7365.5			1.0
7366.4			1.0
7367.3			1.0
7368.200000000001			1.0
7369.1			1.0
7370.0			1.0
7370.9			1.0
7371.8			1.0
7372.700000000001			1.0
7373.6			1.0
7374.5			1.0
7375.4			1.0
7376.3			1.0
7377.200000000001			1.0
7378.1			1.0
7379.0			1.0
7379.9			1.0
7380.8			1.0
7381.700000000001			1.0
7382.6			1.0
7383.5			1.0
7384.4			1.0
7385.3			1.0
7386.200000000001			1.0
7387.1			1.0
7388.0			1.0
7388.9			1.0
7389.8			1.0
7390.700000000001			1.0
7391.6			1.0
7392.5			1.0
7393.4			1.0
7394.3			1.0
7395.200000000001			1.0
7396.1			1.0
7397.0			1.0
7397.9			1.0
7398.8			1.0
7399.700000000001			1.0
7400.6			1.0
7401.5			1.0
7402.4			1.0
7403.3			1.0
7404.200000000001			1.0
7405.1			1.0
7406.0			1.0
7406.9			1.0
7407.8			1.0
7408.700000000001			1.0
7409.6			1.0
7410.5			1.0
7411.4			1.0
7412.3			1.0
7413.200000000001			1.0
7414.1			1.0
7415.0			1.0
7415.9			1.0
7416.8			1.0
7417.700000000001			1.0
7418.6			1.0
7419.5			1.0
7420.4			1.0
7421.3			1.0
7422.200000000001			1.0
7423.1			1.0
7424.0			1.0
7424.9			1.0
7425.8			1.0
7426.700000000001			1.0
7427.6			1.0
7428.5			1.0
7429.4			1.0
