3500.0			1.0
3500.9			1.0
3501.8			1.0
3502.7			1.0
3503.6			1.0
3504.5			1.0
3505.4			1.0
3506.3			1.0
3507.2			1.0
3508.1			1.0
3509.0			1.0
3509.9			1.0
3510.8			1.0
3511.7			1.0
3512.6			1.0
3513.5			1.0
3514.4			1.0
3515.3			1.0
3516.2			1.0
3517.1			1.0
3518.0			1.0
3518.9			1.0
3519.8			1.0
3520.7			1.0
3521.6			1.0
3522.5			1.0
3523.4			1.0
3524.3			1.0
3525.2			1.0
3526.1			1.0
3527.0			1.0
3527.9			1.0
3528.8			1.0
3529.7			1.0
3530.6			1.0
3531.5			1.0
3532.4			1.0
3533.3			1.0
3534.2			1.0
3535.1			1.0
3536.0			1.0
3536.9			1.0
3537.8			1.0
3538.7			1.0
3539.6			1.0
3540.5			1.0
3541.4			1.0
3542.3			1.0
3543.2			1.0
3544.1			1.0
3545.0			1.0
3545.9			1.0
3546.8			1.0
3547.7			1.0
3548.6			1.0
3549.5			1.0
3550.4			1.0
3551.3			1.0
3552.2			1.0
3553.1			1.0
3554.0			1.0
3554.9			1.0
3555.8			1.0
3556.7			1.0
3557.6			1.0
3558.5			1.0
3559.4			1.0
3560.3			1.0
3561.2			1.0
3562.1			1.0
3563.0			1.0
3563.9			1.0
3564.8			1.0
3565.7			1.0
3566.6			1.0
3567.5			1.0
3568.4			1.0
3569.3			1.0
3570.2			1.0
3571.1			1.0
3572.0			1.0
3572.9			1.0
3573.8			1.0
3574.7			1.0
3575.6			1.0
3576.5			1.0
3577.4			1.0
3578.3			1.0
3579.2			1.0
3580.1			1.0
3581.0			1.0
3581.9			1.0
3582.8			1.0
3583.7			1.0
3584.6			1.0
3585.5			1.0
3586.4			1.0
3587.3			1.0
3588.2			1.0
3589.1			1.0
3590.0			1.0
3590.9			1.0
3591.8			1.0
3592.7			1.0
3593.6			1.0
3594.5			1.0
3595.4			1.0
3596.3			1.0
3597.2			1.0
3598.1			1.0
3599.0			1.0
3599.9			1.0
3600.8			1.0
3601.7			1.0
3602.6			1.0
3603.5			1.0
3604.4			1.0
3605.3			1.0
3606.2			1.0
3607.1			1.0
3608.0			1.0
3608.9			1.0
3609.8			1.0
3610.7			1.0
3611.6			1.0
3612.5			1.0
3613.4			1.0
3614.3			1.0
3615.2			1.0
3616.1			1.0
3617.0			1.0
3617.9			1.0
3618.8			1.0
3619.7			1.0
3620.6			1.0
3621.5			1.0
3622.4			1.0
3623.3			1.0
3624.2			1.0
3625.1			1.0
3626.0			1.0
3626.9			1.0
3627.8			1.0
3628.7			1.0
3629.6			1.0
3630.5			1.0
3631.4			1.0
3632.3			1.0
3633.2			1.0
3634.1			1.0
3635.0			1.0
3635.9			1.0
3636.8			1.0
3637.7			1.0
3638.6			1.0
3639.5			1.0
3640.4			1.0
3641.3			1.0
3642.2			1.0
3643.1			1.0
3644.0			1.0
3644.9			1.0
3645.8			1.0
3646.7			1.0
3647.6			1.0
3648.5			1.0
3649.4			1.0
3650.3			1.0
3651.2			1.0
3652.1			1.0
3653.0			1.0
3653.9			1.0
3654.8			1.0
3655.7			1.0
3656.6			1.0
3657.5			1.0
3658.4			1.0
3659.3			1.0
3660.2			1.0
3661.1			1.0
3662.0			1.0
3662.9			1.0
3663.8			1.0
3664.7			1.0
3665.6			1.0
3666.5			1.0
3667.4			1.0
3668.3			1.0
3669.2			1.0
3670.1			1.0
3671.0			1.0
3671.9			1.0
3672.8			1.0
3673.7			1.0
3674.6			1.0
3675.5			1.0
3676.4			1.0
3677.3			1.0
3678.2			1.0
3679.1			1.0
3680.0			1.0
3680.9			1.0
3681.8			1.0
3682.7			1.0
3683.6			1.0
3684.5			1.0
3685.4			1.0
3686.3			1.0
3687.2			1.0
3688.1			1.0
3689.0			1.0
3689.9			1.0
3690.8			1.0
3691.7			1.0
3692.6			1.0
3693.5			1.0
3694.4			1.0
3695.3			1.0
3696.2			1.0
3697.1			1.0
3698.0			1.0
3698.9			1.0
3699.8			1.0
3700.7			1.0
3701.6			1.0
3702.5			1.0
3703.4			1.0
3704.3			1.0
3705.2			1.0
3706.1			1.0
3707.0			1.0
3707.9			1.0
3708.8			1.0
3709.7			1.0
3710.6			1.0
3711.5			1.0
3712.4			1.0
3713.3			1.0
3714.2			1.0
3715.1			1.0
3716.0			1.0
3716.9			1.0
3717.8			1.0
3718.7			1.0
3719.6			1.0
3720.5			1.0
3721.4			1.0
3722.3			1.0
3723.2			1.0
3724.1			1.0
3725.0			1.0
3725.9			1.0
3726.8			1.0
3727.7			1.0
3728.6			1.0
3729.5			1.0
3730.4			1.0
3731.3			1.0
3732.2			1.0
3733.1			1.0
3734.0			1.0
3734.9			1.0
3735.8			1.0
3736.7			1.0
3737.6			1.0
3738.5			1.0
3739.4			1.0
3740.3			1.0
3741.2			1.0
3742.1			1.0
3743.0			1.0
3743.9			1.0
3744.8			1.0
3745.7			1.0
3746.6			1.0
3747.5			1.0
3748.4			1.0
3749.3			1.0
3750.2			1.0
3751.1			1.0
3752.0			1.0
3752.9			1.0
3753.8			1.0
3754.7			1.0
3755.6			1.0
3756.5			1.0
3757.4			1.0
3758.3			1.0
3759.2			1.0
3760.1			1.0
3761.0			1.0
3761.9			1.0
3762.8			1.0
3763.7			1.0
3764.6			1.0
3765.5			1.0
3766.4			1.0
3767.3			1.0
3768.2			1.0
3769.1			1.0
3770.0			1.0
3770.9			1.0
3771.8			1.0
3772.7			1.0
3773.6			1.0
3774.5			1.0
3775.4			1.0
3776.3			1.0
3777.2			1.0
3778.1			1.0
3779.0			1.0
3779.9			1.0
3780.8			1.0
3781.7			1.0
3782.6			1.0
3783.5			1.0
3784.4			1.0
3785.3			1.0
3786.2			1.0
3787.1			1.0
3788.0			1.0
3788.9			1.0
3789.8			1.0
3790.7			1.0
3791.6			1.0
3792.5			1.0
3793.4			1.0
3794.3			1.0
3795.2			1.0
3796.1			1.0
3797.0			1.0
3797.9			1.0
3798.8			1.0
3799.7			1.0
3800.6			1.0
3801.5			1.0
3802.4			1.0
3803.3			1.0
3804.2			1.0
3805.1			1.0
3806.0			1.0
3806.9			1.0
3807.8			1.0
3808.7			1.0
3809.6			1.0
3810.5			1.0
3811.4			1.0
3812.3			1.0
3813.2			1.0
3814.1			1.0
3815.0			1.0
3815.9			1.0
3816.8			1.0
3817.7			1.0
3818.6			1.0
3819.5			1.0
3820.4			1.0
3821.3			1.0
3822.2			1.0
3823.1			1.0
3824.0			1.0
3824.9			1.0
3825.8			1.0
3826.7			1.0
3827.6			1.0
3828.5			1.0
3829.4			1.0
3830.3			1.0
3831.2			1.0
3832.1			1.0
3833.0			1.0
3833.9			1.0
3834.8			1.0
3835.7			1.0
3836.6			1.0
3837.5			1.0
3838.4			1.0
3839.3			1.0
3840.2			1.0
3841.1			1.0
3842.0			1.0
3842.9			1.0
3843.8			1.0
3844.7			1.0
3845.6			1.0
3846.5			1.0
3847.4			1.0
3848.3			1.0
3849.2			1.0
3850.1			1.0
3851.0			1.0
3851.9			1.0
3852.8			1.0
3853.7			1.0
3854.6			1.0
3855.5			1.0
3856.4			1.0
3857.3			1.0
3858.2			1.0
3859.1			1.0
3860.0			1.0
3860.9			1.0
3861.8			1.0
3862.7			1.0
3863.6			1.0
3864.5			1.0
3865.4			1.0
3866.3			1.0
3867.2			1.0
3868.1			1.0
3869.0			1.0
3869.9			1.0
3870.8			1.0
3871.7			1.0
3872.6			1.0
3873.5			1.0
3874.4			1.0
3875.3			1.0
3876.2			1.0
3877.1			1.0
3878.0			1.0
3878.9			1.0
3879.8			1.0
3880.7			1.0
3881.6			1.0
3882.5			1.0
3883.4			1.0
3884.3			1.0
3885.2			1.0
3886.1			1.0
3887.0			1.0
3887.9			1.0
3888.8			1.0
3889.7			1.0
3890.6			1.0
3891.5			1.0
3892.4			1.0
3893.3			1.0
3894.2			1.0
3895.1			1.0
3896.0			1.0
3896.9			1.0
3897.8			1.0
3898.7			1.0
3899.6			1.0
3900.5			1.0
3901.4			1.0
3902.3			1.0
3903.2			1.0
3904.1			1.0
3905.0			1.0
3905.9			1.0
3906.8			1.0
3907.7			1.0
3908.6			1.0
3909.5			1.0
3910.4			1.0
3911.3			1.0
3912.2			1.0
3913.1			1.0
3914.0			1.0
3914.9			1.0
3915.8			1.0
3916.7			1.0
3917.6			1.0
3918.5			1.0
3919.4			1.0
3920.3			1.0
3921.2			1.0
3922.1			1.0
3923.0			1.0
3923.9			1.0
3924.8			1.0
3925.7			1.0
3926.6			1.0
3927.5			1.0
3928.4			1.0
3929.3			1.0
3930.2			1.0
3931.1			1.0
3932.0			1.0
3932.9			1.0
3933.8			1.0
3934.7			1.0
3935.6			1.0
3936.5			1.0
3937.4			1.0
3938.3			1.0
3939.2			1.0
3940.1			1.0
3941.0			1.0
3941.9			1.0
3942.8			1.0
3943.7			1.0
3944.6			1.0
3945.5			1.0
3946.4			1.0
3947.3			1.0
3948.2			1.0
3949.1			1.0
3950.0			1.0
3950.9			1.0
3951.8			1.0
3952.7			1.0
3953.6			1.0
3954.5			1.0
3955.4			1.0
3956.3			1.0
3957.2			1.0
3958.1			1.0
3959.0			1.0
3959.9			1.0
3960.8			1.0
3961.7			1.0
3962.6			1.0
3963.5			1.0
3964.4			1.0
3965.3			1.0
3966.2			1.0
3967.1			1.0
3968.0			1.0
3968.9			1.0
3969.8			1.0
3970.7			1.0
3971.6			1.0
3972.5			1.0
3973.4			1.0
3974.3			1.0
3975.2			1.0
3976.1			1.0
3977.0			1.0
3977.9			1.0
3978.8			1.0
3979.7			1.0
3980.6			1.0
3981.5			1.0
3982.4			1.0
3983.3			1.0
3984.2			1.0
3985.1			1.0
3986.0			1.0
3986.9			1.0
3987.8			1.0
3988.7			1.0
3989.6			1.0
3990.5			1.0
3991.4			1.0
3992.3			1.0
3993.2			1.0
3994.1			1.0
3995.0			1.0
3995.9			1.0
3996.8			1.0
3997.7			1.0
3998.6			1.0
3999.5			1.0
4000.4			1.0
4001.3			1.0
4002.2			1.0
4003.1			1.0
4004.0			1.0
4004.9			1.0
4005.8			1.0
4006.7			1.0
4007.6			1.0
4008.5			1.0
4009.4			1.0
4010.3			1.0
4011.2			1.0
4012.1			1.0
4013.0			1.0
4013.9			1.0
4014.8			1.0
4015.7			1.0
4016.6			1.0
4017.5			1.0
4018.4			1.0
4019.3			1.0
4020.2			1.0
4021.1			1.0
4022.0			1.0
4022.9			1.0
4023.8			1.0
4024.7			1.0
4025.6			1.0
4026.5			1.0
4027.4			1.0
4028.3			1.0392437626194004
4029.2			0.948328288208084
4030.1			0.7386386650919415
4031.0			0.5914050461086989
4031.9			0.5559741665661017
4032.8			0.5360604320746611
4033.7			0.5303206558722939
4034.6			0.6068848576691295
4035.5			0.765468836036436
4036.4			0.9337995717912564
4037.3			1.0341962218137872
4038.2			1.0434459392162545
4039.1			0.9968477193662837
4040.0			1.0
4040.9			1.0
4041.8			0.9862478198719458
4042.7			0.9809792007392268
4043.6			0.8929806141860076
4044.5			0.7238731631156433
4045.4			0.5873542029664176
4046.3			0.5965041642126482
4047.2			0.7324723256243025
4048.1			0.8876693980277823
4049.0			1.0014958447596845
4049.9			1.0
4050.8			1.0
4051.7			1.0
4052.6			1.0
4053.5			1.0
4054.4			1.0
4055.3			1.0
4056.2			1.0
4057.1			1.0
4058.0			1.0
4058.9			1.0
4059.8			1.0
4060.7			1.0
4061.6			1.0
4062.5			1.0
4063.4			1.0
4064.3			1.0
4065.2			1.0
4066.1			1.0
4067.0			1.0
4067.9			1.0
4068.8			1.0
4069.7			1.0
4070.6			1.0
4071.5			1.0
4072.4			1.0
4073.3			1.0
4074.2			1.0657776106600059
4075.1			0.9651035769562015
4076.0			0.7769972961875626
4076.9			0.6180454617486246
4077.8			0.5710525922412922
4078.7			0.6480238490574141
4079.6			0.7994434378874397
4080.5			0.9460532639663485
4081.4			0.9825346498242971
4082.3			1.0
4083.2			1.0
4084.1			1.0
4085.0			1.0
4085.9			1.0
4086.8			1.0
4087.7			1.0
4088.6			1.0
4089.5			1.0
4090.4			1.0
4091.3			1.0
4092.2			0.9509699359790657
4093.1			0.9962549645890557
4094.0			1.0607969830880757
4094.9			0.9961905718277437
4095.8			0.8532243460649217
4096.7			0.800294296309043
4097.6			0.8357006230681362
4098.5			0.8510028956586936
4099.4			0.7998543971563867
4100.3			0.7011894492106155
4101.2			0.6442022979015551
4102.1			0.7004889480850199
4103.0			0.8161919950984785
4103.9			0.9004106608766457
4104.8			0.985597340775661
4105.7			1.1141396781371744
4106.6			1.2052287851357415
4107.5			1.213694082508042
4108.4			1.1729667067415859
4109.3			1.0963122940686774
4110.2			1.0090768762604727
4111.1			1.0
4112.0			1.0
4112.9			1.0
4113.8			1.0
4114.7			1.0
4115.6			1.0
4116.5			1.0
4117.4			1.0
4118.3			1.0
4119.2			1.0
4120.1			1.0
4121.0			1.0
4121.9			1.0
4122.8			1.0
4123.7			1.0
4124.6			1.0
4125.5			1.0
4126.4			1.0
4127.3			1.0
4128.2			1.0
4129.1			1.0
4130.0			1.0
4130.9			1.0
4131.8			1.0
4132.7			1.0
4133.6			1.0
4134.5			1.0
4135.4			1.0
4136.3			1.0
4137.2			1.0
4138.1			1.0
4139.0			1.0
4139.9			0.9796159503365279
4140.8			0.9570669475141119
4141.7			0.850214151194267
4142.6			0.6637168287500081
4143.5			0.5593014399465174
4144.4			0.6370221182934266
4145.3			0.8147639499774489
4146.2			0.9524575736811752
4147.1			1.000747076713858
4148.0			1.0
4148.9			1.0
4149.8			1.0
4150.7			1.0
4151.6			1.0
4152.5			1.0
4153.4			1.0
4154.3			1.0
4155.2			1.0
4156.1			1.0
4157.0			1.0
4157.9			1.0
4158.8			1.0
4159.7			1.0
4160.6			1.0
4161.5			1.0
4162.4			1.0
4163.3			1.0
4164.2			1.0
4165.1			1.0
4166.0			1.0
4166.9			0.9867746901616179
4167.8			0.9469264797151014
4168.7			0.9378206009400425
4169.6			0.9828306448824005
4170.5			0.9871837042457637
4171.4			0.8688813666499435
4172.3			0.7119429298200768
4173.2			0.6414116024004987
4174.1			0.6647049957491022
4175.0			0.7431228729307007
4175.9			0.8210126844374528
4176.8			0.8383070351630107
4177.7			0.8428306160876644
4178.6			0.9098583914875965
4179.5			1.000850044172377
4180.4			1.0
4181.3			1.0
4182.2			1.0
4183.1			1.0
4184.0			1.0
4184.9			1.0
4185.8			1.0
4186.7			1.0
4187.6			1.0
4188.5			1.0
4189.4			1.0
4190.3			1.0
4191.2			1.0
4192.1			1.107314415311883
4193.0			1.2498614339769671
4193.9			1.2622823028171555
4194.8			1.16891696064066
4195.7			1.0702723674326642
4196.6			0.9970145527339599
4197.5			0.9117253345233279
4198.4			0.8214029664730658
4199.3			0.7777694766578324
4200.2			0.7707050161148725
4201.1			0.7512547336717457
4202.0			0.7538727545857619
4202.9			0.8103186082335387
4203.8			0.8438491540744119
4204.7			0.8354156326145328
4205.6			0.8498740889639514
4206.5			0.9126093482948239
4207.4			1.0070822974836484
4208.3			1.0809425760835214
4209.2			1.0679792211264163
4210.1			1.007755029257829
4211.0			1.0
4211.9			1.0
4212.8			1.0
4213.7			1.0
4214.6			1.0
4215.5			1.0
4216.4			1.0
4217.3			1.0
4218.2			1.0
4219.1			1.0
4220.0			1.0
4220.9			0.9841071417298867
4221.8			0.9077951644331471
4222.7			0.7848412570805271
4223.6			0.6533820672391385
4224.5			0.51771611102896
4225.4			0.37047512943287025
4226.3			0.24932801989523515
4227.2			0.23106498079460092
4228.1			0.3367055331968729
4229.0			0.5069934957865144
4229.9			0.7002652793893812
4230.8			0.8905053004064928
4231.7			0.9939962855565339
4232.6			0.9864551838030537
4233.5			0.9817040650435122
4234.4			1.0
4235.3			1.0
4236.2			1.0
4237.1			1.0
4238.0			1.0
4238.9			1.0
4239.8			1.0
4240.7			1.0
4241.6			1.0
4242.5			1.0
4243.4			1.0
4244.3			1.0
4245.2			1.0
4246.1			1.0
4247.0			1.0
4247.9			1.00314700002253
4248.8			1.0498833169052886
4249.7			0.9947839761488898
4250.6			0.8629047257503566
4251.5			0.8123500419117705
4252.4			0.8317719836938334
4253.3			0.7775227469767947
4254.2			0.6786349372520628
4255.1			0.7170980022462882
4256.0			0.9192332764903138
4256.9			1.1115343104387447
4257.8			1.1584110342459633
4258.7			1.0948314747669252
4259.6			1.0171579353550146
4260.5			0.9973613349895968
4261.4			1.0
4262.3			1.0
4263.2			1.0
4264.1			1.0
4265.0			1.0
4265.9			1.0032293258381055
4266.8			0.9675904009488642
4267.7			0.9099537337105417
4268.6			0.8643917105037854
4269.5			0.8190438862176898
4270.4			0.7099802774436744
4271.3			0.5648049985435063
4272.2			0.5106018618680565
4273.1			0.5464153109647382
4274.0			0.5463422474013162
4274.9			0.5275432399328794
4275.8			0.5977739042805843
4276.7			0.7483318915202808
4277.6			0.9045444079801407
4278.5			1.0005515548750707
4279.4			1.0
4280.3			1.0
4281.2			1.0
4282.1			1.0
4283.0			1.0
4283.9			1.0
4284.8			1.0
4285.7			0.9630206292089275
4286.6			0.9177076319411253
4287.5			0.8601290991845736
4288.4			0.7489341669275538
4289.3			0.5969271449426886
4290.2			0.5087101137607687
4291.1			0.5719175235608959
4292.0			0.7789749329938246
4292.9			0.9702390058241902
4293.8			1.0106175540294675
4294.7			1.000058659905005
4295.6			1.0
4296.5			1.0
4297.4			1.0
4298.3			1.0
4299.2			1.0
4300.1			1.0
4301.0			1.0
4301.9			1.0
4302.8			1.0
4303.7			1.0
4304.6			0.9979511202853037
4305.5			0.870411754602049
4306.4			0.7116178071274063
4307.3			0.5984705594843394
4308.2			0.5624070950485883
4309.1			0.6148804734024779
4310.0			0.745239473707099
4310.9			0.9084106920844023
4311.8			1.012861129032333
4312.7			1.0
4313.6			1.0
4314.5			1.0
4315.4			1.0
4316.3			1.0
4317.2			1.0
4318.1			1.0
4319.0			1.0
4319.9			1.0
4320.8			1.0
4321.7			1.0
4322.6			1.0
4323.5			0.9560413415693861
4324.4			0.8082625735606253
4325.3			0.616133104653714
4326.2			0.550048006677065
4327.1			0.6938048238702487
4328.0			0.9124828617625544
4328.9			1.0095077291122856
4329.8			1.0
4330.7			1.0
4331.6			1.0
4332.5			1.0
4333.4			1.0
4334.3			1.0
4335.2			1.0682834326809862
4336.1			1.036558742541677
4337.0			0.859904957298092
4337.9			0.7129470005760915
4338.8			0.6796650386897917
4339.7			0.648564202711452
4340.6			0.632805424468524
4341.5			0.7411208421133181
4342.4			0.9037952566225762
4343.3			0.9708365040177374
4344.2			0.9666087648007606
4345.1			0.9916561119294478
4346.0			1.0109357993892005
4346.9			1.0
4347.8			1.0
4348.7			1.124572164344264
4349.6			1.156568210022189
4350.5			0.9966331249427537
4351.4			0.7892479864973807
4352.3			0.719540994586821
4353.2			0.787137981371671
4354.1			0.8757535706190557
4355.0			0.9342270871814021
4355.9			0.9988137916823662
4356.8			1.0
4357.7			1.0
4358.6			1.0
4359.5			1.0
4360.4			1.0
4361.3			1.0
4362.2			1.0
4363.1			1.0
4364.0			1.0
4364.9			1.0
4365.8			1.0
4366.7			1.0
4367.6			1.0
4368.5			1.0
4369.4			1.0
4370.3			1.0
4371.2			1.0
4372.1			0.9871765832379625
4373.0			0.9231185842530117
4373.9			0.818500170439199
4374.8			0.7303600348241087
4375.7			0.7384250349027169
4376.6			0.8661541658310516
4377.5			1.002724563164753
4378.4			1.0
4379.3			1.0
4380.2			0.943416313819483
4381.1			0.9188868669472977
4382.0			0.8284312666909893
4382.9			0.6388846485751902
4383.8			0.48218985894489697
4384.7			0.5129210597502636
4385.6			0.7200905533217131
4386.5			0.925097839132456
4387.4			1.0013563597954909
4388.3			1.0
4389.2			1.0
4390.1			1.0
4391.0			1.0
4391.9			1.0
4392.8			1.0
4393.7			1.0
4394.6			1.0
4395.5			1.0
4396.4			1.0
4397.3			1.0
4398.2			1.0
4399.1			1.0
4400.0			0.8856614998443139
4400.9			0.8549762586461985
4401.8			0.9424965892178173
4402.7			0.9815193499597167
4403.6			0.8309731057885735
4404.5			0.6149831314253643
4405.4			0.5386790555137305
4406.3			0.5938202961467549
4407.2			0.6274636837938066
4408.1			0.6202916433627906
4409.0			0.698915243960377
4409.9			0.8718266139392634
4410.8			0.9999979751477222
4411.7			1.0
4412.6			1.0165319661480776
4413.5			0.9746858998911851
4414.4			0.8382537839233325
4415.3			0.727927486918993
4416.2			0.7496743232868612
4417.1			0.8645085574601047
4418.0			0.9993698328447271
4418.9			1.0
4419.8			1.0
4420.7			1.0
4421.6			1.0
4422.5			1.0
4423.4			1.0
4424.3			1.0
4425.2			1.0
4426.1			1.0
4427.0			1.0
4427.9			1.0
4428.8			1.0
4429.7			1.0
4430.6			1.0
4431.5			1.0
4432.4			1.0726463503672037
4433.3			1.0060309405297445
4434.2			0.8410842776591766
4435.1			0.7063485756302669
4436.0			0.7208173420411745
4436.9			0.8529781535974555
4437.8			1.0006754598559824
4438.7			1.0
4439.6			1.0
4440.5			1.0
4441.4			1.0
4442.3			1.0
4443.2			1.0
4444.1			1.0
4445.0			1.0
4445.9			1.0
4446.8			1.0
4447.7			1.0
4448.6			1.0
4449.5			1.0
4450.4			1.0
4451.3			1.0352203103912958
4452.2			1.0550731966696496
4453.1			1.006594389385093
4454.0			0.916351074187805
4454.9			0.8338615255203562
4455.8			0.8242811968015479
4456.7			0.8730891362211728
4457.6			0.9098324607175073
4458.5			0.897753489665501
4459.4			0.8525488273951092
4460.3			0.8040700683426967
4461.2			0.7469645746665295
4462.1			0.7526349686671358
4463.0			0.8940053409479022
4463.9			1.0299605409758932
4464.8			1.0283983471927385
4465.7			0.9631628042730036
4466.6			0.9497292218919102
4467.5			0.9788232471605505
4468.4			0.9780188289738168
4469.3			0.9724529908944923
4470.2			0.9912267051940433
4471.1			1.0042817670929467
4472.0			1.0
4472.9			1.0
4473.8			1.0
4474.7			1.0
4475.6			1.0
4476.5			1.0
4477.4			1.0
4478.3			1.0
4479.2			0.9373533713626816
4480.1			0.8498097191804955
4481.0			0.7772209987850786
4481.9			0.7428580264207246
4482.8			0.8005743710172412
4483.7			0.9148459875874333
4484.6			0.9980052332832753
4485.5			1.0
4486.4			1.0
4487.3			1.0
4488.2			1.0
4489.1			1.0
4490.0			1.0
4490.9			1.0
4491.8			1.0
4492.7			1.0364974706499637
4493.6			0.9735422428138261
4494.5			0.8569751450851268
4495.4			0.7609413030322472
4496.3			0.7176924082587713
4497.2			0.7672494775767864
4498.1			0.8859582728531262
4499.0			0.983442863509983
4499.9			1.000184302256644
4500.8			1.0
4501.7			1.0
4502.6			1.0
4503.5			1.0
4504.4			1.0
4505.3			1.0
4506.2			1.0
4507.1			1.0
4508.0			1.0
4508.9			1.0
4509.8			1.0
4510.7			1.0
4511.6			1.0
4512.5			1.0
4513.4			1.0
4514.3			1.0
4515.2			1.0
4516.1			1.0111627243514074
4517.0			0.9580699692038832
4517.9			0.8707803467320117
4518.8			0.8537564803531474
4519.7			0.922397842473294
4520.6			1.0065196540858306
4521.5			1.0092196312892872
4522.4			1.0
4523.3			1.0
4524.2			1.0135457731756576
4525.1			1.0312898272173368
4526.0			0.9601053322360185
4526.9			0.8477706506267234
4527.8			0.7800024212210218
4528.7			0.7881271493558631
4529.6			0.8404408312592074
4530.5			0.8855883399910198
4531.4			0.9347124697624238
4532.3			0.9737312006222211
4533.2			0.9239108563238901
4534.1			0.7953011400578159
4535.0			0.6956552306701016
4535.9			0.7516499723927926
4536.8			0.9658879973947191
4537.7			1.153474811123274
4538.6			1.1854008251146813
4539.5			1.095430106269137
4540.4			0.984226336885975
4541.3			0.960227440170303
4542.2			1.0362250498987804
4543.1			1.1110421283983647
4544.0			1.0850118267137687
4544.9			1.0095792851571022
4545.8			0.9999911890523127
4546.7			1.0
4547.6			1.0
4548.5			1.0
4549.4			1.0
4550.3			1.0
4551.2			1.0239043769086025
4552.1			0.9533288482384233
4553.0			0.847313711553664
4553.9			0.7657093979618061
4554.8			0.7308684979329066
4555.7			0.7733512571354494
4556.6			0.8758573008165169
4557.5			0.9634186033409279
4558.4			0.9874855692790588
4559.3			1.0
4560.2			1.0
4561.1			0.9765081686525153
4562.0			0.9530080489240584
4562.9			0.8836440915248729
4563.8			0.8183241579631909
4564.7			0.8011844411720678
4565.6			0.8287966164741731
4566.5			0.8993358226278164
4567.4			0.9706377779363443
4568.3			0.9873242165801566
4569.2			1.0
4570.1			1.0
4571.0			1.0
4571.9			1.0
4572.8			1.0
4573.7			1.0
4574.6			1.0
4575.5			1.0
4576.4			1.00642147658974
4577.3			1.0086058906316222
4578.2			0.9667344759980361
4579.1			0.8861152279105111
4580.0			0.8237476495322228
4580.9			0.8468364443583117
4581.8			0.9396805625482962
4582.7			1.0019231519469305
4583.6			0.9709216206571766
4584.5			0.8919470395754775
4585.4			0.8148779157974664
4586.3			0.7795768803714612
4587.2			0.8212769540492568
4588.1			0.8940685864346827
4589.0			0.9297524747574881
4589.9			0.905510356619594
4590.8			0.8434758892853641
4591.7			0.796621795990982
4592.6			0.7849910867482481
4593.5			0.7674542608088267
4594.4			0.7495644590050885
4595.3			0.7785604390321924
4596.2			0.832047914463365
4597.1			0.8542712858044454
4598.0			0.8556743171758192
4598.9			0.8644768845451736
4599.8			0.8517970982945536
4600.7			0.831284622372785
4601.6			0.8411299806797188
4602.5			0.8585026727574407
4603.4			0.8698761453363211
4604.3			0.8713906148314562
4605.2			0.8449243473218805
4606.1			0.8078750637368128
4607.0			0.839320029927616
4607.9			0.9610582107514429
4608.8			1.0640118633851272
4609.7			1.0853534334667065
4610.6			1.0593354047723766
4611.5			1.0270872825269446
4612.4			0.9996639854973869
4613.3			1.0
4614.2			1.0
4615.1			1.0
4616.0			1.0
4616.9			1.0
4617.8			1.0
4618.7			1.0
4619.6			1.0
4620.5			1.0
4621.4			1.0
4622.3			1.0
4623.2			1.0
4624.1			1.0
4625.0			1.0
4625.9			1.0
4626.8			0.9454703598616239
4627.7			0.9269628243998252
4628.6			0.8884271749464063
4629.5			0.8625220893498834
4630.4			0.9167913277265443
4631.3			0.9943873098484631
4632.2			0.9861337714563821
4633.1			0.9131605364982649
4634.0			0.866132179480551
4634.9			0.8575838459850237
4635.8			0.8699661488378442
4636.7			0.8751097483216452
4637.6			0.8571093632642083
4638.5			0.8221125040997863
4639.4			0.7642886773151377
4640.3			0.746350451221323
4641.2			0.8226576646415373
4642.1			0.9120800685734346
4643.0			0.9330274093529048
4643.9			0.9158162699703747
4644.8			0.877850179663327
4645.7			0.7967741548309736
4646.6			0.7434830046615072
4647.5			0.7741235371868308
4648.4			0.8411759534667961
4649.3			0.8997530285907869
4650.2			0.9447524321236205
4651.1			0.9614707985109285
4652.0			0.9697970658985672
4652.9			0.9954382469680244
4653.8			0.9786484902064405
4654.7			0.9255026507589392
4655.6			0.8918651733899902
4656.5			0.9072770165306949
4657.4			1.0
4658.3			1.123015864505344
4659.2			1.2098057283544992
4660.1			1.2466118235507384
4661.0			1.2266472799046986
4661.9			1.1546411175758182
4662.8			1.0767560402176926
4663.7			1.0471881564987697
4664.6			1.0658696011673112
4665.5			1.0616725059370136
4666.4			0.9711180472742884
4667.3			0.8357384081711547
4668.2			0.7633847447118441
4669.1			0.7851366161049361
4670.0			0.8477641600315541
4670.9			0.8993708769491225
4671.8			0.9181425335674063
4672.7			0.9186896979672217
4673.6			0.9043530678071409
4674.5			0.8682374090985572
4675.4			0.8824550995348335
4676.3			0.9608913024848859
4677.2			1.0104509391829826
4678.1			1.0
4679.0			0.9592084766882545
4679.9			0.9039300058543593
4680.8			0.852812870410796
4681.7			0.8318681959030424
4682.6			0.8777491682023361
4683.5			0.9577203302742988
4684.4			0.9980675029567577
4685.3			1.0
4686.2			1.0
4687.1			1.0
4688.0			1.0
4688.9			1.0
4689.8			1.0
4690.7			1.0
4691.6			1.0
4692.5			1.0
4693.4			1.0
4694.3			1.0
4695.2			1.0
4696.1			1.0
4697.0			1.0
4697.9			1.0
4698.8			1.0
4699.7			1.0
4700.6			1.0
4701.5			1.0
4702.4			1.0
4703.3			1.0
4704.2			1.0
4705.1			1.0
4706.0			1.0
4706.9			1.0
4707.8			1.0
4708.7			1.0
4709.6			1.0
4710.5			1.0
4711.4			1.075090990132649
4712.3			1.0852819653619579
4713.2			1.0300627584491007
4714.1			0.94339160604448
4715.0			0.8822163882987673
4715.9			0.8967842451983821
4716.8			0.9482139276929566
4717.7			0.9800082356904588
4718.6			1.0007050137136106
4719.5			1.0
4720.4			1.0
4721.3			1.0
4722.2			0.9489593372083347
4723.1			0.9224093314922126
4724.0			0.9663105447313877
4724.9			1.0350471765506126
4725.8			1.0480292740724417
4726.7			0.9684333505535195
4727.6			0.8510125721727873
4728.5			0.7907854727157058
4729.4			0.8140051554880514
4730.3			0.8595480503743257
4731.2			0.886329813815746
4732.1			0.9054851913783711
4733.0			0.9147807072299675
4733.9			1.0
4734.8			1.0679086992231406
4735.7			1.10743374602656
4736.6			1.0603901277564667
4737.5			1.0205459535165244
4738.4			1.052686253903006
4739.3			1.0878763827920845
4740.2			1.068019186583516
4741.1			1.0095459596709637
4742.0			0.9764543941804734
4742.9			1.0110331085813515
4743.8			1.060344422400984
4744.7			1.0711250348218568
4745.6			1.0853942376841832
4746.5			1.1255141984356436
4747.4			1.1481041081251182
4748.3			1.147022365178804
4749.2			1.1549248040835862
4750.1			1.177610215309118
4751.0			1.1812421867831246
4751.9			1.15531709364256
4752.8			1.1264473793551826
4753.7			1.1235099517026503
4754.6			1.1562333071576316
4755.5			1.183497734749804
4756.4			1.1643173109458445
4757.3			1.0986848319628897
4758.2			1.02041601696499
4759.1			0.9796252952822657
4760.0			0.9677002562563216
4760.9			0.9108528219942167
4761.8			0.814672230268749
4762.7			0.7584216792115849
4763.6			0.7448456847179087
4764.5			0.7247130523571643
4765.4			0.6937890905548106
4766.3			0.6887803681733943
4767.2			0.7222368661048301
4768.1			0.7652784004379006
4769.0			0.7954289887172347
4769.9			0.8044271504642931
4770.8			0.7924372709358793
4771.7			0.7752266681910048
4772.6			0.7801319616105885
4773.5			0.8241934678769349
4774.4			0.8852123765690388
4775.3			0.9205301595445557
4776.2			0.9257865054900046
4777.1			1.0
4778.0			0.9779777700704273
4778.9			0.9472943998311564
4779.8			0.9320023334356331
4780.7			0.9240355719896846
4781.6			0.9098413250473897
4782.5			0.8881731138674526
4783.4			0.8787171380309001
4784.3			0.9133228228505278
4785.2			0.9660517888776505
4786.1			0.9855128838243346
4787.0			0.9926271706278017
4787.9			1.0035825121982527
4788.8			0.9979280554101674
4789.7			0.8658980674610183
4790.6			0.8853863420770355
4791.5			0.9130799072440009
4792.4			0.9578585762253478
4793.3			1.027804841739533
4794.2			1.092840086527707
4795.1			1.0
4796.0			0.9777970229560561
4796.9			0.9435609492259835
4797.8			0.9060221314283781
4798.7			0.8666668415103099
4799.6			0.8569038331512229
4800.5			0.8983050307977053
4801.4			0.9687514991171429
4802.3			1.0220460758587677
4803.2			1.0143999072274492
4804.1			0.9314976645292294
4805.0			0.8305818927319673
4805.9			0.7748946024725017
4806.8			0.7490522524815574
4807.7			0.7325056437141084
4808.6			0.7435443302242237
4809.5			0.779860603775392
4810.4			0.8062282755681787
4811.3			0.8109309492634192
4812.2			0.8186083719732107
4813.1			0.8405136900098413
4814.0			0.8607750931474504
4814.9			0.8645312941339741
4815.8			0.8725691619415578
4816.7			0.9077031193874837
4817.6			0.95330038774484
4818.5			0.9898606570484435
4819.4			0.9991664635231302
4820.3			1.0
4821.2			1.0
4822.1			1.0
4823.0			1.0
4823.9			1.0
4824.8			1.0
4825.7			1.0
4826.6			1.0
4827.5			1.0
4828.4			1.0
4829.3			1.0
4830.2			1.0076228354204235
4831.1			0.9363648380624351
4832.0			0.8585865067132658
4832.9			0.8918273596157131
4833.8			1.0006430009277991
4834.7			1.0
4835.6			1.0
4836.5			1.0
4837.4			1.0
4838.3			1.0
4839.2			1.0
4840.1			1.0
4841.0			1.0
4841.9			1.0
4842.8			1.0
4843.7			1.0
4844.6			1.0
4845.5			1.0
4846.4			1.0
4847.3			1.0
4848.2			1.0
4849.1			1.0
4850.0			1.0
4850.9			1.0
4851.8			1.0
4852.7			1.0
4853.6			1.0
4854.5			1.0
4855.4			1.0
4856.3			1.0
4857.2			1.0
4858.1			1.0151485553334834
4859.0			0.9831561533786355
4859.9			0.9078812742203988
4860.8			0.808842001620642
4861.7			0.7940766813675701
4862.6			0.884115577517634
4863.5			0.953518088890659
4864.4			0.9726875185686749
4865.3			0.9982764890681392
4866.2			1.0
4867.1			1.0
4868.0			1.0
4868.9			1.0
4869.8			1.0
4870.7			1.0
4871.6			1.0
4872.5			1.0
4873.4			1.0
4874.3			1.0
4875.2			1.0
4876.1			1.0
4877.0			1.0
4877.9			1.0
4878.8			1.0
4879.7			0.9916829887893027
4880.6			0.9074380586666002
4881.5			0.8531767126499876
4882.4			0.9081480715603267
4883.3			0.996783808390913
4884.2			1.0
4885.1			1.0
4886.0			1.0
4886.9			1.0
4887.8			1.0
4888.7			1.0
4889.6			1.0
4890.5			1.0
4891.4			1.0
4892.3			1.0
4893.2			1.0
4894.1			1.0
4895.0			1.0422113208854416
4895.9			1.0677294703149076
4896.8			1.0769570913406412
4897.7			1.0761682955577254
4898.6			1.0301925647109726
4899.5			0.9437292619937632
4900.4			0.9047115704031218
4901.3			0.9271229972726954
4902.2			0.9286114849501838
4903.1			0.8975341065605799
4904.0			0.8895799795789964
4904.9			1.0
4905.8			1.070236202991406
4906.7			1.080957643966874
4907.6			1.0347075537228394
4908.5			0.9769248952973224
4909.4			0.9415003942763406
4910.3			0.947538195713835
4911.2			0.9819324417212933
4912.1			1.0047421535832686
4913.0			0.9968433707628667
4913.9			1.0
4914.8			1.0
4915.7			1.0
4916.6			1.0
4917.5			0.966809948015583
4918.4			0.8877334753684106
4919.3			1.0
4920.2			0.9383566843734673
4921.1			0.984242611323083
4922.0			1.1089513066948324
4922.9			1.2038165874483364
4923.8			1.1892675934833186
4924.7			1.1171678684486483
4925.6			1.1241773607737602
4926.5			1.225914065003687
4927.4			1.3082009342934475
4928.3			1.344792260551938
4929.2			1.3741552443898637
4930.1			1.3878239990733263
4931.0			1.3766473902230796
4931.9			1.323530905032919
4932.8			1.2138836174713734
4933.7			1.1337367748157228
4934.6			1.1831275973033906
4935.5			1.283517774683503
4936.4			1.2881266809821628
4937.3			1.1771903788301823
4938.2			1.0591972296301728
4939.1			1.0456691423739253
4940.0			1.1303398552957487
4940.9			1.2115729700396718
4941.8			1.2317992658894694
4942.7			1.249818969157429
4943.6			1.3009074527750368
4944.5			1.334711029632903
4945.4			1.3331304480334651
4946.3			1.3450623083811837
4947.2			1.3730461999601657
4948.1			1.3832152377491993
4949.0			1.39942701356549
4949.9			1.4450077914584114
4950.8			1.489723873703306
4951.7			1.4743436721685634
4952.6			1.3747101489938092
4953.5			1.2069491695874952
4954.4			0.997494132015888
4955.3			0.8107624846774866
4956.2			0.6878784066176106
4957.1			0.6129896631571616
4958.0			0.6045292766352812
4958.9			0.6672091986078299
4959.8			0.7390118763954581
4960.7			0.7715078586790024
4961.6			0.7659052624299336
4962.5			0.7502166610349157
4963.4			0.7382811277329089
4964.3			0.7217061382016792
4965.2			0.7066025047904047
4966.1			0.7014208729403497
4967.0			0.7055030967679938
4967.9			0.7369154685110189
4968.8			0.8020555761292099
4969.7			0.859975390178115
4970.6			0.8806602470901363
4971.5			0.8861901381297724
4972.4			0.8961475856929693
4973.3			0.9150362588370481
4974.2			0.9405953838083296
4975.1			0.9590413352473244
4976.0			0.9647716151783875
4976.9			0.9517071896102954
4977.8			1.0
4978.7			0.9555733298659995
4979.6			0.9371044854335228
4980.5			0.8990546265390532
4981.4			0.8232135750730132
4982.3			0.7843978361968243
4983.2			0.8400628023710836
4984.1			0.935983612540125
4985.0			0.9881242403675797
4985.9			0.9996700361165942
4986.8			0.946960538836162
4987.7			0.9804414395266192
4988.6			0.9799082810833718
4989.5			0.9476640609319851
4990.4			0.9200893642472266
4991.3			0.9393528539251087
4992.2			0.9974827121433555
4993.1			1.00910455958459
4994.0			0.9697829375957678
4994.9			0.9659384643477857
4995.8			1.000008215323125
4996.7			1.0
4997.6			1.0
4998.5			1.0
4999.4			1.0
5000.3			1.0
5001.2			1.0
5002.1			1.0
5003.0			1.0
5003.9			1.0
5004.8			1.0
5005.7			1.0
5006.6			1.0
5007.5			1.0
5008.4			1.0581013222209703
5009.3			1.0950534768276117
5010.2			1.092982271205168
5011.1			1.0393987877176316
5012.0			0.9410268374591098
5012.9			0.8546052899935966
5013.8			0.8055388943053297
5014.7			0.8149344998513424
5015.6			0.8852762536331661
5016.5			0.9588750993771628
5017.4			0.9954790483389695
5018.3			1.0021636151783013
5019.2			0.993478334301067
5020.1			1.0
5021.0			1.0
5021.9			1.0
5022.8			1.0
5023.7			1.0
5024.6			1.0
5025.5			1.0
5026.4			1.0
5027.3			1.0
5028.2			1.0
5029.1			1.0
5030.0			1.0
5030.9			1.0
5031.8			1.0
5032.7			1.0
5033.6			1.0
5034.5			1.0
5035.4			1.0
5036.3			1.0
5037.2			1.0052814209681473
5038.1			0.9881083381927164
5039.0			0.8950517401359133
5039.9			0.7778140609208207
5040.8			0.7188272313709589
5041.7			0.7719747061132476
5042.6			0.881370683195024
5043.5			0.956669375102276
5044.4			1.0
5045.3			1.0496566975902362
5046.2			1.0700758722904555
5047.1			1.0418151376855103
5048.0			0.9692884384784151
5048.9			0.8888514850866819
5049.8			0.8401702253461615
5050.7			0.8304309850108728
5051.6			0.8437211855337304
5052.5			0.8735119283726519
5053.4			0.9167002546627966
5054.3			0.9564872418172102
5055.2			0.9832585785107687
5056.1			1.0000349601657663
5057.0			1.0
5057.9			1.0
5058.8			1.0
5059.7			1.0
5060.6			1.0
5061.5			1.0
5062.4			1.0010738579019627
5063.3			0.9335760207157072
5064.2			0.8360957803314135
5065.1			0.8173583780152749
5066.0			0.9009261508972806
5066.9			0.9801393427063463
5067.8			0.9991781999532379
5068.7			1.0
5069.6			1.0
5070.5			1.0
5071.4			1.0
5072.3			1.0
5073.2			1.0
5074.1			1.0523360002551359
5075.0			1.0345368017439116
5075.9			0.9844082163559801
5076.8			0.9864804852156209
5077.7			1.0074669609291584
5078.6			0.9495328604458106
5079.5			0.8506961711868648
5080.4			0.8192223282048869
5081.3			0.8440139315097143
5082.2			0.8557146706122856
5083.1			0.8583767066331516
5084.0			0.8885124654424196
5084.9			0.9403317283692678
5085.8			0.982246654522097
5086.7			0.9998419890594251
5087.6			1.0
5088.5			1.0
5089.4			1.0
5090.3			1.0
5091.2			1.0
5092.1			1.0
5093.0			1.0
5093.9			0.9926564218693459
5094.8			0.9353106796512752
5095.7			0.8980401680855122
5096.6			0.9200103554726216
5097.5			0.939320400206401
5098.4			0.9001007657556032
5099.3			0.8584561085503138
5100.2			0.8754848727442343
5101.1			0.91954530883235
5102.0			0.9438142619939343
5102.9			0.9442384792514401
5103.8			0.9373566423836066
5104.7			0.9333450546180305
5105.6			0.9257869616072275
5106.5			0.9049488903203132
5107.4			0.8916216314597575
5108.3			0.9044133373081273
5109.2			0.9092167614984432
5110.1			0.8954201568180001
5111.0			0.9021243437602467
5111.9			0.923311821846998
5112.8			0.9381159594728734
5113.7			1.0
5114.6			1.072682875832818
5115.5			1.1143972092066456
5116.4			1.1275547189487727
5117.3			1.1386138834379098
5118.2			1.1246423130707914
5119.1			1.0800882843413533
5120.0			1.0353215514112626
5120.9			1.0057970069838684
5121.8			0.9720179140612527
5122.7			0.9048989088732787
5123.6			0.8447634643767848
5124.5			0.8584382698135352
5125.4			0.9052832470068093
5126.3			0.9033741107998638
5127.2			0.867449247855554
5128.1			0.8521178649370924
5129.0			0.8531387433414745
5129.9			0.8679046070962353
5130.8			0.9225608408182016
5131.7			0.9840699625788795
5132.6			1.0007633336179202
5133.5			1.0
5134.4			1.0
5135.3			1.0
5136.2			1.0
5137.1			1.0
5138.0			0.9530706821860337
5138.9			0.9250534878843512
5139.8			0.9568623062961817
5140.7			1.0033529971142938
5141.6			0.9765020585427295
5142.5			0.9114303097171829
5143.4			0.9009037720307483
5144.3			0.9185538931141105
5145.2			0.8972919033784721
5146.1			0.8613458746478995
5147.0			0.8642362836172331
5147.9			0.9092152473641159
5148.8			0.9514486087694198
5149.7			0.9409916966004974
5150.6			0.8811769470533838
5151.5			0.8189211511413264
5152.4			0.7918151080353183
5153.3			0.8100148658542765
5154.2			0.8722708859358026
5155.1			0.967928020255012
5156.0			1.0665764832658056
5156.9			1.1427459988789526
5157.8			1.1752422465010115
5158.7			1.1565536133254386
5159.6			1.142462663073691
5160.5			1.1720640075769548
5161.4			1.1907209907854703
5162.3			1.1683292292178722
5163.2			1.15167629747745
5164.1			1.1173902825451505
5165.0			0.9767622640576824
5165.9			0.7490949990475045
5166.8			0.5510707627086242
5167.7			0.45414611078903067
5168.6			0.44464342500345894
5169.5			0.47984076816788496
5170.4			0.5107920032483011
5171.3			0.49882706694748474
5172.2			0.4603626921679893
5173.1			0.45325731601243874
5174.0			0.5031267025435459
5174.9			0.5744715928461603
5175.8			0.6258497049405619
5176.7			0.6523353691388806
5177.6			0.6631511049606831
5178.5			0.6643412083312593
5179.4			0.661122138471196
5180.3			1.0
5181.2			0.9686125410872148
5182.1			0.9056303171736402
5183.0			0.8440815870158885
5183.9			0.8694741285674992
5184.8			1.00162274449301
5185.7			0.7756298704500988
5186.6			0.8385516585662175
5187.5			0.8647650025115863
5188.4			0.8809655961564067
5189.3			1.0
5190.2			0.978725692061643
5191.1			0.8920976466285031
5192.0			0.7999188583033031
5192.9			0.7860540723728324
5193.8			0.8416180459890846
5194.7			0.9127777674607446
5195.6			0.9957918867830362
5196.5			0.958610724197273
5197.4			1.003174610621202
5198.3			1.0062620338935786
5199.2			1.0019367192157296
5200.1			1.0
5201.0			1.0
5201.9			0.9682190330661086
5202.8			0.9247227236176454
5203.7			0.8404494458734535
5204.6			0.7299283328096342
5205.5			0.6635652832715034
5206.4			0.6635668670924796
5207.3			0.6722819592568132
5208.2			0.6569040541873518
5209.1			0.6504560111620937
5210.0			0.6925360439773507
5210.9			0.795836350483049
5211.8			0.9243959081786018
5212.7			1.0164727210394153
5213.6			1.0509465804776614
5214.5			1.0397337109546212
5215.4			1.0078140047423256
5216.3			0.9978931725162401
5217.2			1.0
5218.1			1.0
5219.0			1.0
5219.9			1.0
5220.8			1.0
5221.7			1.0
5222.6			0.9532984097728204
5223.5			0.8573217010589956
5224.4			0.761699019672395
5225.3			0.7000635966576952
5226.2			0.6821554896712423
5227.1			0.7308263029813714
5228.0			0.8445109607266552
5228.9			0.9504517030828585
5229.8			0.9994161480006575
5230.7			1.0
5231.6			1.0
5232.5			1.0
5233.4			1.0
5234.3			1.0
5235.2			1.0
5236.1			1.0
5237.0			1.0
5237.9			1.0
5238.8			1.0
5239.7			0.9449523822074907
5240.6			0.9197597540953921
5241.5			0.9421268687278839
5242.4			0.987541871841581
5243.3			1.0320491282941806
5244.2			1.0576336759481253
5245.1			1.009078181212299
5246.0			0.8707770569352061
5246.9			0.7590547728414004
5247.8			0.7858060162629136
5248.7			0.873077737734012
5249.6			0.8789543111297495
5250.5			0.8281293911378955
5251.4			0.839079637908457
5252.3			0.9271634417356514
5253.2			1.0021686192680097
5254.1			1.0022367777193673
5255.0			1.0
5255.9			1.0
5256.8			1.0
5257.7			1.0
5258.6			1.0
5259.5			1.0
5260.4			1.0
5261.3			0.9520757991970363
5262.2			0.8967675401556598
5263.1			0.8315219155186087
5264.0			0.772298834896843
5264.9			0.7311044674938622
5265.8			0.7341596921104152
5266.7			0.7963525574068542
5267.6			0.8310067296439247
5268.5			0.7435532284921053
5269.4			0.6181217193566748
5270.3			0.6213366814601915
5271.2			0.7568410754640312
5272.1			0.8879055851953824
5273.0			0.9415224679391225
5273.9			0.9395105855895531
5274.8			0.9144906761541336
5275.7			0.9063548968655357
5276.6			0.9450114515056546
5277.5			1.0027075313487084
5278.4			1.0
5279.3			0.979038338993144
5280.2			0.9393795736569788
5281.1			0.8957896318787811
5282.0			0.8525218408621253
5282.9			0.8263709253535237
5283.8			0.8429806311376725
5284.7			0.9038448443758007
5285.6			0.9696004564443307
5286.5			0.9931697122539519
5287.4			1.0
5288.3			1.0
5289.2			1.0
5290.1			1.0
5291.0			1.0
5291.9			1.0103762254844049
5292.8			1.0135389335296647
5293.7			1.0237498449968185
5294.6			1.017912875243271
5295.5			0.9567784390558468
5296.4			0.8524947595435508
5297.3			0.7791984895883012
5298.2			0.7967229870928942
5299.1			0.8686150742624849
5300.0			0.9113052252771189
5300.9			0.9155319767075161
5301.8			0.9372202989029358
5302.7			0.9991093532353919
5303.6			1.0
5304.5			1.0
5305.4			1.0
5306.3			1.0
5307.2			1.0
5308.1			1.0
5309.0			1.0
5309.9			1.0
5310.8			1.0
5311.7			1.0
5312.6			1.0
5313.5			1.0
5314.4			1.0
5315.3			1.0
5316.2			1.0
5317.1			1.0
5318.0			1.0
5318.9			1.0
5319.8			1.0
5320.7			1.0
5321.6			1.0
5322.5			1.0
5323.4			1.0
5324.3			1.0
5325.2			1.0316647311540759
5326.1			1.0033053329901145
5327.0			0.8663025978157911
5327.9			0.7204186946600651
5328.8			0.7094653691413209
5329.7			0.8234851184600617
5330.6			0.9386666551144367
5331.5			0.9882210066050626
5332.4			1.0002723664709692
5333.3			1.0
5334.2			1.0
5335.1			1.0
5336.0			1.0
5336.9			1.0
5337.8			0.9983576644744641
5338.7			0.9791091035475825
5339.6			0.9197048233753282
5340.5			0.8717701558028318
5341.4			0.8945537669738679
5342.3			0.9574517542191918
5343.2			0.9983608650118527
5344.1			1.0
5345.0			1.0
5345.9			1.0
5346.8			1.0
5347.7			1.0
5348.6			1.0
5349.5			1.0
5350.4			1.0
5351.3			1.0
5352.2			1.0
5353.1			1.0
5354.0			1.0
5354.9			1.0
5355.8			1.0
5356.7			1.0
5357.6			1.0
5358.5			1.0
5359.4			1.0
5360.3			1.0
5361.2			1.0
5362.1			1.0
5363.0			1.0
5363.9			1.0
5364.8			1.0
5365.7			1.0
5366.6			1.0
5367.5			1.0019658207179387
5368.4			0.9806068910705196
5369.3			0.913174541133167
5370.2			0.8185998038049321
5371.1			0.7622000691395487
5372.0			0.7989310114004278
5372.9			0.9005382345732147
5373.8			0.9832443288839908
5374.7			1.0012157284488954
5375.6			1.0
5376.5			1.0
5377.4			1.0
5378.3			1.0
5379.2			1.0
5380.1			1.0
5381.0			1.0
5381.9			1.0
5382.8			1.0
5383.7			1.0
5384.6			1.0
5385.5			1.0
5386.4			1.0
5387.3			1.0
5388.2			1.0
5389.1			1.0
5390.0			1.0
5390.9			1.0
5391.8			1.0
5392.7			1.025767697253479
5393.6			1.0162604457510291
5394.5			0.9826826943335759
5395.4			0.9216939098140432
5396.3			0.8413421024199541
5397.2			0.8251884108783664
5398.1			0.9125700484903838
5399.0			1.0074178133432303
5399.9			1.0260738714525848
5400.8			1.0023061302576428
5401.7			0.9946608497815026
5402.6			1.0
5403.5			1.0
5404.4			1.0
5405.3			1.0
5406.2			1.0
5407.1			1.0
5408.0			1.0
5408.9			1.0
5409.8			1.0
5410.7			1.0
5411.6			1.0
5412.5			1.0
5413.4			1.0
5414.3			1.0
5415.2			1.0
5416.1			1.0
5417.0			1.0
5417.9			0.9973942293523804
5418.8			0.9736256005576218
5419.7			0.9492984175076571
5420.6			0.951261604463855
5421.5			0.979892181798452
5422.4			0.9969563187331774
5423.3			0.9767034407526557
5424.2			0.9475704815909554
5425.1			0.9483657560703321
5426.0			0.984871694800633
5426.9			1.0256777626878397
5427.8			1.0043574068125354
5428.7			0.9073187190693799
5429.6			0.8359158261698416
5430.5			0.8568952935696964
5431.4			0.9000849798062639
5432.3			0.8949738171894444
5433.2			0.8589835563670758
5434.1			0.8345225594151793
5435.0			0.8398153280662529
5435.9			0.867345273792082
5436.8			0.9022407369590001
5437.7			0.9445173432407739
5438.6			0.9975651022796833
5439.5			1.0524885150916856
5440.4			1.0935077187147926
5441.3			1.1154738916143845
5442.2			1.1314371157447491
5443.1			1.1442436171667585
5444.0			1.127032104600168
5444.9			1.044303289398027
5445.8			0.9037477857660757
5446.7			0.7777558117663453
5447.6			0.7178835160176037
5448.5			0.701911207940317
5449.4			0.6940038652302885
5450.3			0.6881882088375629
5451.2			0.6870527667590858
5452.1			0.6882833811786367
5453.0			0.6834057556235492
5453.9			0.662012900489864
5454.8			0.6311598262401953
5455.7			0.6219404713309329
5456.6			0.655985363308536
5457.5			0.7087652225028023
5458.4			0.7376370079754699
5459.3			0.7299001597917009
5460.2			0.7171483698999627
5461.1			0.7325526850578172
5462.0			0.7617917972365721
5462.9			0.7791470831546843
5463.8			0.7885008628598239
5464.7			0.7989494461338189
5465.6			0.8097869528780591
5466.5			0.828432025729081
5467.4			0.8515202706742387
5468.3			0.8570656726248922
5469.2			0.8357339104058791
5470.1			0.8130379977421418
5471.0			0.8168827560265881
5471.9			0.8297739554528711
5472.8			0.8230623671512559
5473.7			0.8104311214948455
5474.6			0.8106967040888637
5475.5			0.8053916193126277
5476.4			0.7926507460276256
5477.3			0.8107911418289548
5478.2			0.868907886784997
5479.1			0.9157649117662843
5480.0			0.905243455387904
5480.9			0.8572451133372738
5481.8			0.8369981186215684
5482.7			0.8705498552583483
5483.6			0.9293935528314328
5484.5			0.9765142009038034
5485.4			0.9925313376051117
5486.3			0.9741937089846554
5487.2			0.9500255595129207
5488.1			0.946510862020287
5489.0			0.9431049889842843
5489.9			0.9271380754418905
5490.8			0.9358474418887783
5491.7			0.9744267394863642
5492.6			0.998988757812038
5493.5			0.9992979245529863
5494.4			1.0
5495.3			1.0
5496.2			1.0
5497.1			1.0
5498.0			1.0
5498.9			1.0
5499.8			1.0
5500.7			1.0
5501.6			1.0
5502.5			1.0
5503.4			1.0
5504.3			1.0
5505.2			1.0
5506.1			1.0
5507.0			1.0
5507.9			1.0
5508.8			1.03730832954941
5509.7			1.0248409384643669
5510.6			0.9728388042745786
5511.5			0.9115756375455081
5512.4			0.8698862693073568
5513.3			0.8442205700195952
5514.2			0.8257027266900876
5515.1			0.830630166011194
5516.0			0.8652749080024283
5516.9			0.9164135153136517
5517.8			0.9712999199229532
5518.7			1.0046663904322684
5519.6			0.9999700557503093
5520.5			1.0
5521.4			1.0
5522.3			1.0
5523.2			1.0
5524.1			1.0
5525.0			0.9894215863509822
5525.9			0.9658677989408558
5526.8			0.9281621230949321
5527.7			0.9033803417822021
5528.6			0.9218869784009425
5529.5			0.968947485979603
5530.4			1.000028217112146
5531.3			1.0
5532.2			1.0
5533.1			1.0
5534.0			1.0
5534.9			1.0
5535.8			1.0
5536.7			1.0
5537.6			1.0
5538.5			1.0
5539.4			1.0
5540.3			1.0
5541.2			1.0
5542.1			1.0
5543.0			1.0
5543.9			1.0
5544.8			1.0
5545.7			1.0
5546.6			1.0
5547.5			1.0
5548.4			1.0
5549.3			1.0
5550.200000000001			1.0
5551.1			1.0
5552.0			1.0
5552.9			1.0
5553.8			1.0
5554.700000000001			1.0
5555.6			1.0
5556.5			1.0
5557.4			1.0
5558.3			1.0
5559.200000000001			1.0
5560.1			1.0
5561.0			1.0
5561.9			1.0
5562.8			1.0
5563.700000000001			1.0
5564.6			1.0
5565.5			1.0
5566.4			1.0
5567.3			1.0
5568.200000000001			1.0
5569.1			1.0
5570.0			1.0
5570.9			1.0
5571.8			1.0
5572.700000000001			1.0
5573.6			1.0
5574.5			1.0
5575.4			1.0
5576.3			1.0
5577.200000000001			1.0
5578.1			1.0
5579.0			1.0
5579.9			1.0
5580.8			0.9933735785240381
5581.700000000001			0.9763428337046346
5582.6			0.9668079884318456
5583.5			0.9624413348908784
5584.4			1.0
5585.3			0.9887848574297239
5586.200000000001			0.9668202224853051
5587.1			0.936386020201285
5588.0			0.9154399336803501
5588.9			0.9195230786917976
5589.8			0.9433006105610511
5590.700000000001			0.9618479838425591
5591.6			0.9633343989259641
5592.5			0.9623525332645475
5593.4			0.973886515472916
5594.3			1.0040119558888105
5595.200000000001			1.0409855250725168
5596.1			1.033138093231112
5597.0			0.9458092592658923
5597.9			0.8355661821804304
5598.8			0.7901398872883894
5599.700000000001			0.8167458304619869
5600.6			0.8638929124521025
5601.5			0.8969876172215769
5602.4			0.9038457223135142
5603.3			0.8887908451841793
5604.200000000001			0.8754352193483378
5605.1			0.8862938540573722
5606.0			0.9181010704943933
5606.9			0.946093319097375
5607.8			0.9553348951126808
5608.700000000001			0.9497029214698598
5609.6			0.9443107900776553
5610.5			0.9530439320670105
5611.4			0.9768384633972436
5612.3			1.000163025815936
5613.200000000001			1.0
5614.1			1.0
5615.0			1.0
5615.9			1.0
5616.8			1.0
5617.700000000001			1.0
5618.6			1.0
5619.5			1.0
5620.4			1.0099810041710302
5621.3			1.0401993805960634
5622.200000000001			1.0559676345329039
5623.1			1.0280439825830443
5624.0			0.9808881081940343
5624.9			0.9680223460683014
5625.8			0.997527540765692
5626.700000000001			1.0264950209150514
5627.6			1.0222031066760184
5628.5			0.9891594618661212
5629.4			0.9587937001872149
5630.3			0.9635664444765691
5631.200000000001			1.0008406385948323
5632.1			1.047010681591243
5633.0			1.0821810101042468
5633.9			1.08774730780073
5634.8			1.0612732697299019
5635.700000000001			1.0249358680730907
5636.6			1.004956510697179
5637.5			1.0014278978708102
5638.4			0.9999639741736279
5639.3			1.0
5640.200000000001			1.0
5641.1			1.0
5642.0			1.0
5642.9			1.0
5643.8			1.0
5644.700000000001			1.0
5645.6			1.0
5646.5			1.0
5647.4			1.0
5648.3			1.0
5649.200000000001			1.0
5650.1			1.0
5651.0			1.0
5651.9			1.0
5652.8			1.0
5653.700000000001			1.0
5654.6			1.0
5655.5			1.0
5656.4			1.0
5657.3			1.0
5658.200000000001			1.0
5659.1			1.0
5660.0			1.0
5660.9			1.0
5661.8			1.0
5662.700000000001			1.0
5663.6			1.01169864634409
5664.5			1.0296436265662259
5665.4			1.0400144972726466
5666.3			1.024568503010505
5667.200000000001			0.9804443215437266
5668.1			0.9409860655367326
5669.0			0.9239427399516604
5669.9			0.9140285896616748
5670.8			0.9100448229991671
5671.700000000001			0.9306973524991099
5672.6			0.9678178496531672
5673.5			0.9909705724934412
5674.4			0.9915128160480219
5675.3			0.9916744577684379
5676.200000000001			1.0016517378252943
5677.1			1.0
5678.0			1.0
5678.9			1.0
5679.8			1.0
5680.700000000001			1.0
5681.6			1.0
5682.5			1.0
5683.4			1.0
5684.3			1.0
5685.200000000001			1.0000909419027229
5686.1			0.965210402117518
5687.0			0.9255106384955372
5687.9			0.9122732552148817
5688.8			0.9326724486789626
5689.700000000001			0.9692520540087384
5690.6			0.9998728650849822
5691.5			1.0
5692.4			1.0
5693.3			1.0
5694.200000000001			1.0
5695.1			1.0
5696.0			1.0
5696.9			1.0
5697.8			1.0
5698.700000000001			1.0
5699.6			1.0
5700.5			1.0
5701.4			1.0
5702.3			0.991457350168782
5703.200000000001			1.015099944695216
5704.1			1.051659240789855
5705.0			1.061192816314211
5705.9			1.029147378185271
5706.8			0.9834139760456156
5707.700000000001			0.9470869354719537
5708.6			0.9362765137250301
5709.5			0.9569703646728203
5710.4			0.9699436926572879
5711.3			0.9516174608935236
5712.200000000001			0.9411561767133176
5713.1			0.9639702411020598
5714.0			0.9920562934776088
5714.9			1.00201638494984
5715.8			1.0
5716.700000000001			1.0
5717.6			1.0
5718.5			1.0
5719.4			1.0
5720.3			1.0
5721.200000000001			1.0
5722.1			1.0
5723.0			1.0
5723.9			0.9857074713259673
5724.8			0.9691775621368156
5725.700000000001			0.9417122903641668
5726.6			0.9055500323330687
5727.5			0.9056304071679346
5728.4			0.9559232737912373
5729.3			1.0049583826660153
5730.200000000001			1.0118340274587514
5731.1			1.0053346273332961
5732.0			1.0
5732.9			1.0
5733.8			1.0
5734.700000000001			1.0
5735.6			1.0
5736.5			1.0
5737.4			1.0
5738.3			1.0
5739.200000000001			1.0
5740.1			1.0
5741.0			1.0
5741.9			1.0
5742.8			1.0
5743.700000000001			1.0
5744.6			1.0348672757648045
5745.5			1.0644096288110483
5746.4			1.059572425357637
5747.3			1.0230083288918337
5748.200000000001			0.9975402558247285
5749.1			1.0158517419803124
5750.0			1.0544918818820483
5750.9			1.0671366057863743
5751.8			1.0447338593580664
5752.700000000001			1.0115365901917202
5753.6			0.9975723370967278
5754.5			1.018431417977455
5755.4			1.0579771142617551
5756.3			1.0887003269554836
5757.200000000001			1.0931489908210839
5758.1			1.0642964822239145
5759.0			1.0086199394816275
5759.9			0.9492677794885999
5760.8			0.902729417748387
5761.700000000001			0.8748344687745927
5762.6			0.8801859440586101
5763.5			0.9186581370377799
5764.4			0.9570536636008593
5765.3			0.9719238733919974
5766.200000000001			0.9706832211745474
5767.1			0.9696276147837241
5768.0			0.9713004140216946
5768.9			0.9737763998229976
5769.8			0.9776617737327112
5770.700000000001			0.9809913437610994
5771.6			0.9804425525433548
5772.5			0.9789734383750947
5773.4			0.9782773832969038
5774.3			0.9764737312865934
5775.200000000001			0.973748979401262
5776.1			0.9734979624607425
5777.0			0.9821986118753198
5777.9			0.9961710337284921
5778.8			1.0
5779.700000000001			0.9807405105214704
5780.6			0.9451564970854124
5781.5			0.923726485497619
5782.4			0.9296703630673662
5783.3			0.9399365187599232
5784.200000000001			0.9310274456757014
5785.1			0.9223918978193023
5786.0			0.9459243498520119
5786.9			0.9868618723389585
5787.8			1.015007824530296
5788.700000000001			1.0216052399714104
5789.6			1.0094402414786239
5790.5			0.9982160247338081
5791.4			1.0
5792.3			1.048219227270629
5793.200000000001			1.092971711207111
5794.1			1.120965065642466
5795.0			1.128082234200802
5795.9			1.1057347302597187
5796.8			1.0621922678698423
5797.700000000001			1.0410793488691459
5798.6			1.0749014146275908
5799.5			1.133274581807537
5800.4			1.1736251191995923
5801.3			1.19271157647156
5802.200000000001			1.1890004318041292
5803.1			1.1579680779855235
5804.0			1.1281083694643625
5804.9			1.1253216435410962
5805.8			1.1402704970963407
5806.700000000001			1.151297722555853
5807.6			1.151252544072426
5808.5			1.138250510000369
5809.4			1.1113588338881215
5810.3			1.0790466031833041
5811.200000000001			1.0520636409727595
5812.1			1.0359463270438933
5813.0			1.0219009618762533
5813.9			0.9972782375186416
5814.8			0.9716900974692219
5815.700000000001			0.9611364816146478
5816.6			0.9686228145489106
5817.5			0.9824756852242198
5818.4			0.992252668959035
5819.3			1.000450399421131
5820.200000000001			1.0085640259216744
5821.1			1.0100699281608152
5822.0			1.0029542420219593
5822.9			0.997895407036176
5823.8			1.007041148881675
5824.700000000001			1.0244173918100679
5825.6			1.0355540502050558
5826.5			1.0413319965981809
5827.4			1.0486886540579967
5828.3			1.0583043469115598
5829.200000000001			1.0675175442847313
5830.1			1.0760684072229885
5831.0			1.0871314275117663
5831.9			1.095997994691109
5832.8			1.0908665620180404
5833.700000000001			1.0687378731417736
5834.6			1.055541969090567
5835.5			1.0700834079254251
5836.4			1.0872069496325538
5837.3			1.0740656952624026
5838.200000000001			1.0390941106396858
5839.1			1.0224474862245914
5840.0			1.0422379913636124
5840.9			1.075921149046705
5841.8			1.098114292433091
5842.700000000001			1.1057511769266388
5843.6			1.1043777726495672
5844.5			1.0930747011765534
5845.4			1.0660485164335913
5846.3			1.0206206117152195
5847.200000000001			0.9702579513015648
5848.1			0.9338337947471482
5849.0			0.9149820396006517
5849.9			0.8994676601375388
5850.8			0.8781069917292625
5851.700000000001			0.8544697613855736
5852.6			0.842150184582948
5853.5			0.8549429385955291
5854.4			0.8810330503026534
5855.3			0.8905128397533666
5856.200000000001			0.8744781930821456
5857.1			0.8589186675992446
5858.0			0.8700870027478816
5858.9			0.8974169011662735
5859.8			0.9155992990202987
5860.700000000001			0.9075885581055024
5861.6			0.8728671207670693
5862.5			0.8371382078315585
5863.4			0.8302394699089474
5864.3			0.8434977488941586
5865.200000000001			0.8427892045680094
5866.1			0.8284748979420831
5867.0			0.8306040819061656
5867.9			0.8579108197201675
5868.8			0.8884010827144754
5869.700000000001			0.9019464757885901
5870.6			0.8953779434393178
5871.5			0.8704601810897515
5872.4			0.8410238074212898
5873.3			0.8310848674011071
5874.200000000001			0.8383889926030472
5875.1			0.8353293338848596
5876.0			0.8165276157835518
5876.9			0.8015897530754192
5877.8			0.7971716376905766
5878.700000000001			0.7915769287626839
5879.6			0.7865963055917067
5880.5			0.8015726044694079
5881.4			0.8316872489730616
5882.3			0.8505711807669751
5883.200000000001			0.8509967921365363
5884.1			0.8498600454492241
5885.0			0.8570673538196826
5885.9			0.8595642499461006
5886.8			0.834808816091377
5887.700000000001			0.7585279676316464
5888.6			0.6421008001388286
5889.5			0.5639648749152535
5890.4			0.5948303214239884
5891.3			0.6977465777042472
5892.200000000001			0.7756195233241276
5893.1			0.7871050592297112
5894.0			0.737707001606084
5894.9			0.6570666091812503
5895.8			0.6178320410747331
5896.700000000001			0.6559200766445514
5897.6			0.707127573477187
5898.5			0.7133919414835663
5899.4			0.7038004028598006
5900.3			0.7181252938389238
5901.200000000001			0.7464491192376523
5902.1			0.7638146947337314
5903.0			0.7658163739817659
5903.9			0.7562635588520096
5904.8			0.736817301378007
5905.700000000001			0.7206892122496639
5906.6			0.7221437193249809
5907.5			0.7383910225332568
5908.4			0.753616952402342
5909.3			0.7625474839330563
5910.200000000001			0.7671684756872635
5911.1			0.7659136100391054
5912.0			0.7550919777851043
5912.9			0.7395149771293668
5913.8			0.7328673670493783
5914.700000000001			0.7386215810370694
5915.6			0.7513935549979338
5916.5			0.7672673322606012
5917.4			0.778895316656761
5918.3			0.7834550936762597
5919.200000000001			0.7856935028142489
5920.1			0.7827879392379625
5921.0			0.7666196343895579
5921.9			0.7503687787693779
5922.8			0.7515445681398042
5923.700000000001			0.7636563011621557
5924.6			0.7731563477556231
5925.5			0.7806380424199436
5926.4			0.7889365047524055
5927.3			0.7974466233306667
5928.200000000001			0.801452700377443
5929.1			0.8006544607863011
5930.0			0.8047279705654707
5930.9			0.8199686568640356
5931.8			0.835983005264705
5932.700000000001			0.8371590917830566
5933.6			0.8229540633135923
5934.5			0.8143549767490497
5935.4			0.8234636557423498
5936.3			0.8401828323104099
5937.200000000001			0.852368754700898
5938.1			0.8659192073689475
5939.0			0.874823131265447
5939.9			0.8605158234160433
5940.8			0.8380126927641417
5941.700000000001			0.8389359095715438
5942.6			0.8607127364360778
5943.5			0.880661272734836
5944.4			0.8981077614134032
5945.3			0.9161355395892155
5946.200000000001			0.9188254800374968
5947.1			0.8952067954434987
5948.0			0.8551107399453002
5948.9			0.8189570656089981
5949.8			0.8079832958042252
5950.700000000001			1.0
5951.6			1.012647241541816
5952.5			1.0188441682331535
5953.4			1.023536221775375
5954.3			1.0105259407835077
5955.200000000001			0.9684092677167796
5956.1			0.9267022732291667
5957.0			0.9178373707715817
5957.9			0.9361040155097305
5958.8			0.9635761763585087
5959.700000000001			0.9904640568516992
5960.6			1.0080441027948577
5961.5			1.0097991150216108
5962.4			0.9980521907325951
5963.3			0.8789780892246842
5964.200000000001			0.8757599044228891
5965.1			0.8773537477437053
5966.0			0.8906196499528851
5966.9			0.9131772934586644
5967.8			0.930037275946268
5968.700000000001			0.9371780962510637
5969.6			0.9426209031209265
5970.5			0.9448006804677086
5971.4			0.9364548529813835
5972.3			0.9251475893130071
5973.200000000001			0.921003959829431
5974.1			0.9232721867975809
5975.0			0.9219648731837901
5975.9			0.913273011082931
5976.8			0.899990351797662
5977.700000000001			0.8884179868101956
5978.6			0.8929875909413281
5979.5			0.9141427077848615
5980.4			0.9340959280474671
5981.3			0.9410563648507648
5982.200000000001			0.9328036946625587
5983.1			0.9133260861683101
5984.0			0.9089676203129518
5984.9			0.9397229237700789
5985.8			0.9827565278822621
5986.700000000001			1.0001567387905528
5987.6			1.0
5988.5			1.0
5989.4			1.0
5990.3			1.0
5991.200000000001			1.0
5992.1			1.0
5993.0			1.0
5993.9			1.0
5994.8			1.0
5995.700000000001			1.0
5996.6			0.9868869032357195
5997.5			0.9797487212597807
5998.4			0.9667634667103147
5999.3			0.9490505970122296
6000.200000000001			0.9338942665398396
6001.1			0.9225394764260278
6002.0			0.920616256375885
6002.9			0.9397894680677876
6003.8			0.9673559773550549
6004.700000000001			0.9708740417767003
6005.6			0.9450016645451282
6006.5			0.9171701644104296
6007.4			0.9085941445606657
6008.3			0.9290447738096391
6009.200000000001			0.9665872293184561
6010.1			0.9948112160732174
6011.0			0.9973626404218155
6011.9			0.9817329482085764
6012.8			0.973319042236918
6013.700000000001			0.9880359496643254
6014.6			1.0097874999918375
6015.5			1.0106636708193757
6016.4			0.9921924490029977
6017.3			0.9857571736299701
6018.200000000001			1.0009175135376784
6019.1			1.0
6020.0			1.0
6020.9			1.0
6021.8			1.0
6022.700000000001			1.0
6023.6			1.0
6024.5			1.0
6025.4			1.0
6026.3			1.0
6027.200000000001			1.0
6028.1			1.0
6029.0			1.0
6029.9			1.0
6030.8			1.0
6031.700000000001			1.0
6032.6			1.0
6033.5			1.0
6034.4			1.0
6035.3			1.0
6036.200000000001			1.0
6037.1			1.0
6038.0			1.0
6038.9			1.0
6039.8			1.0
6040.700000000001			1.0
6041.6			1.0
6042.5			1.0
6043.4			1.0
6044.3			1.0
6045.200000000001			1.0
6046.1			1.0
6047.0			1.0
6047.9			1.0
6048.8			1.0
6049.700000000001			1.0
6050.6			1.0
6051.5			1.0
6052.4			1.0
6053.3			1.0
6054.200000000001			1.0
6055.1			1.0
6056.0			1.0
6056.9			1.0
6057.8			1.0
6058.700000000001			1.0
6059.6			1.0
6060.5			1.0
6061.4			0.9826308718686811
6062.3			0.9501757898915948
6063.200000000001			0.9095904290204113
6064.1			0.8719857561399423
6065.0			0.8637452510043637
6065.9			0.8996501712435518
6066.8			0.9530145429778915
6067.700000000001			0.9851202899553145
6068.6			0.9949048097371629
6069.5			1.0
6070.4			1.0
6071.3			1.0
6072.200000000001			1.0
6073.1			1.0
6074.0			1.0
6074.9			1.0
6075.8			1.0011722590566132
6076.700000000001			0.9881964878695012
6077.6			0.9612287170010078
6078.5			0.9331802755233947
6079.4			0.914707681543924
6080.3			0.9008475712654699
6081.200000000001			0.8923759988052908
6082.1			0.904318502303618
6083.0			0.9327496249786017
6083.9			0.9488476592384324
6084.8			0.9473677982569284
6085.700000000001			0.9494647978962557
6086.6			0.9639845492578484
6087.5			0.974478174669365
6088.4			0.9596956083129442
6089.3			0.9250499508105252
6090.200000000001			0.9050302946698324
6091.1			0.9177744461964851
6092.0			0.938665211243551
6092.9			0.9535917095038284
6093.8			0.9823062767166784
6094.700000000001			1.0150327765836111
6095.6			1.020861534228461
6096.5			1.0033764469661985
6097.4			0.9966882889261431
6098.3			1.0177754333990647
6099.200000000001			1.0435117197450892
6100.1			1.038073952961433
6101.0			0.9847015949902901
6101.9			0.9142538618810483
6102.8			0.888316712323103
6103.700000000001			0.9207954320527363
6104.6			0.9682274152645177
6105.5			0.9939567218077978
6106.4			0.9943262137414597
6107.3			0.9850875689351897
6108.200000000001			0.9823615188803231
6109.1			0.9784929981824346
6110.0			0.9635329275933863
6110.9			0.9545243275742102
6111.8			0.9776486805999454
6112.700000000001			1.022908067157188
6113.6			1.0546645719108263
6114.5			1.0536959662339869
6115.4			1.028018743407762
6116.3			1.0100496302269957
6117.200000000001			1.0129125140910455
6118.1			1.0060639517378993
6119.0			0.9674095097076829
6119.9			0.9156235234353653
6120.8			0.8828416532321742
6121.700000000001			0.8901245461867916
6122.6			0.9488873436908951
6123.5			1.0203583227562434
6124.4			1.0422859767260115
6125.3			1.0125506278343486
6126.200000000001			0.9746000394307976
6127.1			0.9551922614659817
6128.0			0.9634241016584767
6128.9			1.0025920180726444
6129.8			1.0513033949068498
6130.700000000001			1.0737964786341698
6131.6			1.066034890509924
6132.5			1.0432678555491806
6133.4			1.0020321741048541
6134.3			0.9424619079124735
6135.200000000001			0.8851741757022574
6136.1			0.848251714129999
6137.0			0.8585391011212645
6137.9			0.9328952646052934
6138.8			1.0244108576485789
6139.700000000001			1.0577577214981932
6140.6			1.0296196519269858
6141.5			1.0027778428526068
6142.4			1.0218647360412285
6143.3			1.0715451185026466
6144.200000000001			1.1070440278429867
6145.1			1.1128679200841076
6146.0			1.1018535778164682
6146.9			1.0646076596798155
6147.8			0.9789873687487579
6148.700000000001			0.8806395048785399
6149.6			0.8411106188856347
6150.5			0.8766649055194758
6151.4			0.9376238850556923
6152.3			0.9711478564060181
6153.200000000001			0.9594948340496642
6154.1			0.928074616352294
6155.0			0.9107702267722187
6155.9			0.9035990178055705
6156.8			0.8717798209751721
6157.700000000001			0.8017696059376734
6158.6			0.7206618699489717
6159.5			0.6607294413480034
6160.4			0.6151210665875733
6161.3			0.575339105624388
6162.200000000001			0.560449590639002
6163.1			0.5782823942531877
6164.0			0.6054792155374918
6164.9			0.6232529065054566
6165.8			0.6383170096740508
6166.700000000001			0.6551575317274078
6167.6			0.6586034075040255
6168.5			0.6431113225126883
6169.4			0.6327002727508405
6170.3			0.6495047413904476
6171.200000000001			0.676810581385689
6172.1			0.6818890219149447
6173.0			0.6566994076157072
6173.9			0.6248179650758405
6174.8			0.6145276435405709
6175.700000000001			0.6264228775651952
6176.6			0.6463909483225736
6177.5			0.6684412174821022
6178.4			0.6882211515859433
6179.3			0.6999866223822679
6180.200000000001			0.7061392483033728
6181.1			0.7084169363092714
6182.0			0.7009527768867105
6182.9			0.6815388092185871
6183.8			0.6593491289955773
6184.700000000001			0.6345331417595067
6185.6			0.5997319279193098
6186.5			0.5688525852733365
6187.4			0.5582767836874132
6188.3			0.5565929897414907
6189.200000000001			0.5430728853960101
6190.1			0.5208846924278001
6191.0			0.5114009208187573
6191.9			0.5234106162595185
6192.8			0.5454731903111176
6193.700000000001			0.5649531134169032
6194.6			0.5785903928045601
6195.5			0.5887339825874552
6196.4			0.5984275470717135
6197.3			0.6053032471065692
6198.200000000001			0.6011029880173632
6199.1			0.5917754751667307
6200.0			0.5938499802457554
6200.9			0.6104325817128641
6201.8			0.6301477248741915
6202.700000000001			0.6420834827558048
6203.6			0.6432205483262441
6204.5			0.6393241623175004
6205.4			0.640262286251208
6206.3			0.6478512598614541
6207.200000000001			0.6560647307621797
6208.1			0.6577656518353469
6209.0			0.648105140107199
6209.9			0.6319250592739388
6210.8			0.6190672787806041
6211.700000000001			0.608576005767046
6212.6			0.5879106864107764
6213.5			0.5540531470989698
6214.4			0.5190221521214282
6215.3			0.4998896861837643
6216.200000000001			0.507423069383941
6217.1			0.5315441492568251
6218.0			0.5509103501051774
6218.9			0.5607663585998107
6219.8			0.566722789869669
6220.700000000001			0.5630776708982725
6221.6			0.5406154805321262
6222.5			0.5068484672634377
6223.4			0.48375507545228486
6224.3			0.48269685555197256
6225.200000000001			0.49536210376885975
6226.1			0.5083274890236518
6227.0			0.5142017569126557
6227.9			0.5131519275602464
6228.8			0.5052892139238382
6229.700000000001			0.49522578486252694
6230.6			0.4939332671141637
6231.5			0.5063877641807663
6232.4			0.526297613175931
6233.3			0.5462988640488609
6234.200000000001			0.5620951243804134
6235.1			0.5700283033504709
6236.0			0.5698733402374032
6236.9			0.561539926573681
6237.8			0.5424966061786614
6238.700000000001			0.520119047826141
6239.6			0.5131647432806995
6240.5			0.52455393270626
6241.4			0.5297869754007389
6242.3			0.5209562766796368
6243.200000000001			0.5206521256591242
6244.1			0.5374817668467857
6245.0			0.5564681871561028
6245.9			0.5714215730716671
6246.8			0.5882097053534724
6247.700000000001			0.6027045027788326
6248.6			0.6096570293988952
6249.5			0.6091289732621689
6250.4			0.6010824905620764
6251.3			0.5895379481891837
6252.200000000001			0.5840688197330343
6253.1			0.5924715638294328
6254.0			1.0
6254.9			1.0048513171855198
6255.8			0.9753083819968331
6256.700000000001			0.9148245608392952
6257.6			0.8659328160808647
6258.5			0.8786438450235177
6259.4			0.9427166601547132
6260.3			0.9993348391642416
6261.200000000001			0.6321585564237423
6262.1			0.6583657737895262
6263.0			0.6801879956004466
6263.9			0.6792805306638777
6264.8			0.6644395811970146
6265.700000000001			0.6546029951061775
6266.6			0.6483819738127816
6267.5			0.6360429445178148
6268.4			0.6256040646666147
6269.3			0.6376004984513934
6270.200000000001			0.6655948012493393
6271.1			0.6863035023649134
6272.0			0.6853500256127453
6272.9			0.6676079472624448
6273.8			0.6491772293533017
6274.700000000001			0.6399283293637896
6275.6			0.6437678097152817
6276.5			0.6581978943289144
6277.4			0.6734441148501573
6278.3			0.6754726112915304
6279.200000000001			0.6623439467240129
6280.1			0.6520328107769994
6281.0			0.6609729812021412
6281.9			0.6815606838573651
6282.8			0.6997141901083976
6283.700000000001			0.7075504380318997
6284.6			0.7093613375742372
6285.5			0.7201245061885355
6286.4			0.7434792705965246
6287.3			0.7657386616213138
6288.200000000001			0.7761683073657184
6289.1			0.7758551149534272
6290.0			1.0
6290.9			0.9774059488073391
6291.8			0.9538876458396728
6292.700000000001			0.9442437488948147
6293.6			0.9449045582931332
6294.5			0.9310271285892572
6295.4			0.8979182666586519
6296.3			0.8872410275651927
6297.200000000001			0.9194559705889049
6298.1			0.9676890382784756
6299.0			0.9964090325442727
6299.9			1.002373368559535
6300.8			0.9998376113373103
6301.700000000001			1.0003218410607762
6302.6			0.7627447874438453
6303.5			0.765175243990387
6304.4			0.7575771377821746
6305.3			0.7558768021491675
6306.200000000001			0.7820013756248768
6307.1			0.8226738344819339
6308.0			0.8450468850850904
6308.9			0.8428096541330928
6309.8			0.8277205170546189
6310.700000000001			0.8122065251625261
6311.6			0.8092327087923297
6312.5			0.8220530498701437
6313.4			0.8336823661657117
6314.3			0.8376773501593925
6315.200000000001			0.8449139191531138
6316.1			0.8512865078306048
6317.0			0.8458621363920402
6317.9			0.841807671693223
6318.8			0.8537236965810444
6319.700000000001			0.8626096253061907
6320.6			0.8508867592851364
6321.5			0.8372396263424702
6322.4			0.8422681702075454
6323.3			0.8517783578869358
6324.200000000001			0.8487158511265237
6325.1			0.8450447088100573
6326.0			0.8572268970379342
6326.9			0.879457947768315
6327.8			0.8928937338160255
6328.700000000001			0.8867776123769339
6329.6			0.8735181973642816
6330.5			0.8803938584361329
6331.4			0.9080255347393823
6332.3			1.0
6333.200000000001			0.9910821691661209
6334.1			0.9512082444583055
6335.0			0.9082702513060417
6335.9			0.904532700312106
6336.8			0.9406188165224418
6337.700000000001			0.9787187651517502
6338.6			0.9982673831476566
6339.5			0.9573113624355718
6340.4			0.9683005770038539
6341.3			1.0
6342.200000000001			0.9806611423102285
6343.1			0.9414225933993252
6344.0			0.9041591075465703
6344.9			0.9002593360403542
6345.8			0.9333464421095444
6346.700000000001			1.0
6347.6			1.0200470395935222
6348.5			1.0266196563034562
6349.4			1.0243080489318086
6350.3			1.012572390210249
6351.200000000001			0.9928004362431433
6352.1			0.9708237283376773
6353.0			0.9500456546074123
6353.9			0.9338683337418476
6354.8			0.9312880694932205
6355.700000000001			0.9318361139039953
6356.6			0.9102457283403631
6357.5			0.8651551406254314
6358.4			0.8315093444654886
6359.3			0.8303615596748378
6360.200000000001			0.8497589026856096
6361.1			0.8667536716013428
6362.0			0.873817033275072
6362.9			0.87826528472122
6363.8			0.8876253255278405
6364.700000000001			0.9026851035895418
6365.6			0.9227441178969612
6366.5			0.952620088571712
6367.4			0.9850242696884784
6368.3			1.0037256210804184
6369.200000000001			1.0019072132456368
6370.1			0.9617092571011747
6371.0			0.9715149013265576
6371.9			0.988181040550756
6372.8			0.9998830184613894
6373.700000000001			1.0
6374.6			1.0
6375.5			1.0
6376.4			0.9956586766438592
6377.3			0.9673704469790488
6378.200000000001			0.9335511941755068
6379.1			0.9274784250896594
6380.0			0.9510543149988305
6380.9			0.9802752268335901
6381.8			1.0028188963417686
6382.700000000001			1.0
6383.6			1.0
6384.5			1.0
6385.4			1.0
6386.3			1.0
6387.200000000001			1.0
6388.1			1.0
6389.0			1.0
6389.9			1.0003522857524978
6390.8			0.9863688980638188
6391.700000000001			0.9542929902873576
6392.6			0.9254672457004012
6393.5			0.9287279220764376
6394.4			0.9642566553267479
6395.3			1.0043662341499688
6396.200000000001			1.0
6397.1			1.0
6398.0			1.0
6398.9			1.0
6399.8			1.0
6400.700000000001			1.0
6401.6			1.0
6402.5			1.0
6403.4			1.0
6404.3			1.0
6405.200000000001			1.0
6406.1			1.0
6407.0			1.0
6407.9			1.0
6408.8			1.0
6409.700000000001			1.0
6410.6			1.0
6411.5			1.0
6412.4			1.0
6413.3			1.0
6414.200000000001			1.0
6415.1			1.0
6416.0			1.0127020908450577
6416.9			1.0076112142489968
6417.8			0.9889804864562971
6418.700000000001			0.9592851517799502
6419.6			0.923641146492736
6420.5			0.9038312488862639
6421.4			0.9231724768502348
6422.3			0.9686222981051446
6423.200000000001			0.9973340300364607
6424.1			0.9995358430542649
6425.0			1.0000093430420098
6425.9			1.0
6426.8			1.0
6427.700000000001			0.9935230186973555
6428.6			0.9629286709473747
6429.5			0.9184219565066041
6430.4			0.8975262517198573
6431.3			0.9268359878021789
6432.200000000001			0.9757583064473584
6433.1			1.0005129501870393
6434.0			1.0
6434.9			1.0
6435.8			1.0
6436.700000000001			1.0
6437.6			1.0
6438.5			1.0
6439.4			1.0
6440.3			1.0
6441.200000000001			1.0
6442.1			1.0
6443.0			1.0
6443.9			1.0
6444.8			1.0
6445.700000000001			0.9939634049641215
6446.6			0.9739635542803643
6447.5			0.9305315863829294
6448.4			0.8741072178455318
6449.3			0.8393179059500615
6450.200000000001			0.8524053542327424
6451.1			0.9033135293455178
6452.0			0.9580168845361062
6452.9			0.9960128195176646
6453.8			1.0
6454.700000000001			1.0
6455.6			1.0
6456.5			1.0
6457.4			1.0
6458.3			1.0
6459.200000000001			1.0058797300840172
6460.1			0.992064201664517
6461.0			0.9525595150424362
6461.9			0.911476699195485
6462.8			0.9148439677505062
6463.700000000001			0.9598306684250024
6464.6			1.0004856105780018
6465.5			1.0
6466.4			1.0
6467.3			1.0
6468.200000000001			1.0
6469.1			1.0
6470.0			1.0
6470.9			1.0
6471.8			1.0
6472.700000000001			1.0
6473.6			1.0
6474.5			1.0
6475.4			1.0
6476.3			1.0
6477.200000000001			1.0
6478.1			1.0
6479.0			0.9887340217986669
6479.9			0.9656785708149078
6480.8			0.9295542554633933
6481.700000000001			0.9020097545765299
6482.6			1.0
6483.5			1.0072967284144114
6484.4			1.0206605208409527
6485.3			1.0405699703700402
6486.200000000001			1.061699307150871
6487.1			1.072709515852072
6488.0			1.0665624813251766
6488.9			1.0469435595398762
6489.8			1.0297259428408592
6490.700000000001			1.0261174237801327
6491.6			1.0240040764045313
6492.5			0.994032006318527
6493.4			0.9321656298853349
6494.3			0.8746258071122093
6495.200000000001			0.8488504692738852
6496.1			0.8483109776759898
6497.0			0.860615982732488
6497.9			0.8783892301572178
6498.8			0.9027270841088512
6499.700000000001			0.9371262880437564
6500.6			0.9737614627584528
6501.5			0.9981023181660381
6502.4			1.0068712523348546
6503.3			1.0067087659044964
6504.200000000001			1.0140211439839257
6505.1			1.0300968822258507
6506.0			1.0302885602386087
6506.9			1.0026076494384835
6507.8			1.0
6508.700000000001			1.0
6509.6			1.0
6510.5			1.0
6511.4			1.0
6512.3			1.0
6513.200000000001			1.0
6514.1			1.0
6515.0			1.0
6515.9			1.0
6516.8			1.0
6517.700000000001			1.0
6518.6			1.0
6519.5			1.0
6520.4			1.0
6521.3			1.0
6522.200000000001			1.0
6523.1			1.0
6524.0			1.0
6524.9			1.0
6525.8			1.0
6526.700000000001			1.0
6527.6			1.0
6528.5			1.0
6529.4			1.0
6530.3			1.0
6531.200000000001			1.0
6532.1			1.0
6533.0			1.0
6533.9			1.0
6534.8			1.0
6535.700000000001			1.0
6536.6			1.0
6537.5			1.0
6538.4			1.0
6539.3			1.0
6540.200000000001			1.0
6541.1			1.0
6542.0			1.0
6542.9			1.0
6543.8			1.0
6544.700000000001			1.0
6545.6			1.0
6546.5			1.0
6547.4			1.0
6548.3			1.0
6549.200000000001			1.0
6550.1			1.0
6551.0			1.0
6551.9			1.0
6552.8			1.0
6553.700000000001			1.0
6554.6			1.0
6555.5			1.0
6556.4			1.0
6557.3			1.0
6558.200000000001			1.0
6559.1			1.0
6560.0			0.9842066084683546
6560.9			0.8836270806805243
6561.8			0.7418515187067586
6562.700000000001			0.7002134356799593
6563.6			0.805576810138553
6564.5			0.9367537359773519
6565.4			1.000897279823977
6566.3			1.0
6567.200000000001			1.0
6568.1			1.0
6569.0			1.0
6569.9			1.0063775840924685
6570.8			0.9932312778578372
6571.700000000001			0.9519828805200656
6572.6			0.917310148880019
6573.5			0.9170793840185204
6574.4			0.9428433209858161
6575.3			0.9758747150894399
6576.200000000001			0.9984800207592418
6577.1			1.0010913301443543
6578.0			1.0
6578.9			1.0
6579.8			1.0
6580.700000000001			1.0
6581.6			1.0
6582.5			1.0
6583.4			1.0
6584.3			1.0
6585.200000000001			1.0
6586.1			1.0
6587.0			1.0
6587.9			1.0
6588.8			1.0
6589.700000000001			1.0
6590.6			0.973028037263759
6591.5			0.9301074512750721
6592.4			0.894847797188015
6593.3			0.8969572184244929
6594.200000000001			0.9343737105501173
6595.1			0.9767708673483091
6596.0			0.9955345609147607
6596.9			1.0
6597.8			1.0
6598.700000000001			1.0
6599.6			1.0
6600.5			1.0
6601.4			1.0
6602.3			1.0
6603.200000000001			1.0
6604.1			0.9809428284133138
6605.0			0.9608573335703536
6605.9			0.949460665408553
6606.8			0.9441256229841352
6607.700000000001			0.9335117923730831
6608.6			0.9291537937326785
6609.5			0.9537069630818023
6610.4			0.9985473081040493
6611.3			1.025744098254191
6612.200000000001			1.0179716022460485
6613.1			1.0011450969246558
6614.0			1.0
6614.9			1.0
6615.8			1.0
6616.700000000001			1.0
6617.6			1.0
6618.5			0.9937186718991602
6619.4			0.9971191633312677
6620.3			1.001635771846377
6621.200000000001			0.9964319624287892
6622.1			0.9786199143796859
6623.0			0.949196303346063
6623.9			0.9163882174655603
6624.8			0.9005126416603372
6625.700000000001			0.910678202586803
6626.6			0.9329194001020829
6627.5			0.9475956186885869
6628.4			0.9516652629989424
6629.3			0.9550372600219214
6630.200000000001			0.9650691440929279
6631.1			0.9755846870650432
6632.0			0.9763487563307928
6632.9			0.9649624985589556
6633.8			0.9480084113826636
6634.700000000001			0.9330163878978892
6635.6			0.9279466700679625
6636.5			0.9352231819809161
6637.4			0.9466979665726968
6638.3			0.9540811020429665
6639.200000000001			0.9620745791501775
6640.1			0.9751684106898642
6641.0			0.9823451285171108
6641.9			0.9688075984959936
6642.8			0.9463566855138081
6643.700000000001			0.9418713354445406
6644.6			0.9566891650636513
6645.5			0.9686316479788853
6646.4			0.9673568998164939
6647.3			0.9613628344236825
6648.200000000001			0.9473961141216758
6649.1			0.9122240084389084
6650.0			0.8573899823513612
6650.9			0.8109440868595376
6651.8			0.800611236605207
6652.700000000001			0.8208059992181348
6653.6			0.8444543863392149
6654.5			0.8547620501195735
6655.4			0.853392685371846
6656.3			0.8494869774382001
6657.200000000001			0.8500381067438101
6658.1			0.8562754265518173
6659.0			0.8630166199594081
6659.9			0.8653441052006262
6660.8			0.8630217910715339
6661.700000000001			0.8556014150970809
6662.6			0.8508113275625832
6663.5			0.8611169784909948
6664.4			0.879217503795201
6665.3			0.8867604742726689
6666.200000000001			0.8853177944446188
6667.1			0.892447541656085
6668.0			0.9113027405299661
6668.9			0.9318671418831502
6669.8			0.9480710912211058
6670.700000000001			0.9583959652822174
6671.6			0.9620666126943485
6672.5			0.9592534650850653
6673.4			0.9560134600371294
6674.3			0.9546448030493768
6675.200000000001			0.9456492602477374
6676.1			0.9168747604660492
6677.0			0.8783477837712416
6677.9			0.8554395185250012
6678.8			0.8481114684077407
6679.700000000001			0.823269780620585
6680.6			0.7794945829896317
6681.5			0.7578295914967849
6682.4			0.7752295717418991
6683.3			0.8054528729288583
6684.200000000001			0.8195576202802801
6685.1			0.8161378754969872
6686.0			0.8087445824258939
6686.9			0.8089355424952352
6687.8			0.8170857904480822
6688.700000000001			0.8274044782676282
6689.6			0.8341445353919836
6690.5			0.8355466577140771
6691.4			0.8334000403619257
6692.3			0.8329168500922425
6693.200000000001			0.8349520943468872
6694.1			0.835881399128758
6695.0			0.8334346161854342
6695.9			0.8346326440128955
6696.8			0.8452898113880504
6697.700000000001			0.8612317129450244
6698.6			0.8762644244515361
6699.5			0.8890360112867148
6700.4			0.8970904916859428
6701.3			0.9011647228412215
6702.200000000001			0.9002680888807583
6703.1			0.8942623692182959
6704.0			0.8881189855806276
6704.9			0.8849398701361767
6705.8			0.8853567238324493
6706.700000000001			0.8879523360539779
6707.6			0.8936207707898108
6708.5			0.8984604929858052
6709.4			0.8989215454419284
6710.3			0.8994910069267492
6711.200000000001			0.9018724097078579
6712.1			0.8919244776811984
6713.0			0.8535921628858992
6713.9			0.7977954199082053
6714.8			0.7566780820948472
6715.700000000001			0.7388191411891677
6716.6			0.7280489923939633
6717.5			0.7205986855372818
6718.4			0.7278288706721886
6719.3			0.7451323633916663
6720.200000000001			0.7586331574179561
6721.1			0.765444191336825
6722.0			0.7717666764901269
6722.9			0.7783408066380908
6723.8			0.7815429111682758
6724.700000000001			0.7821770273669758
6725.6			0.7873525515209467
6726.5			0.7996636903215181
6727.4			0.8121748835248644
6728.3			0.8189110477665669
6729.200000000001			0.8206076349401428
6730.1			0.8235457947512684
6731.0			0.8313935678887246
6731.9			0.8396034529248247
6732.8			0.8425160431132401
6733.700000000001			0.8388405937572686
6734.6			0.8363807857686656
6735.5			0.8411297731036705
6736.4			0.8485683867597114
6737.3			0.849363383479685
6738.200000000001			0.8419905935389502
6739.1			0.8397983802693917
6740.0			1.0
6740.9			1.0073967011186196
6741.8			0.997741262757634
6742.700000000001			0.9923100866487682
6743.6			1.009280955144208
6744.5			1.0292749421620329
6745.4			1.0191274110955344
6746.3			0.9783638311727352
6747.200000000001			0.9331373965973992
6748.1			0.910157248008231
6749.0			0.9181010599688497
6749.9			0.9385909504408474
6750.8			0.9459632140364215
6751.700000000001			0.933620727215738
6752.6			0.9261122038580644
6753.5			0.9442013168690374
6754.4			0.9746145161526314
6755.3			0.9999175766169425
6756.200000000001			0.8737665550950491
6757.1			0.8856037195731766
6758.0			0.8900287064950876
6758.9			0.8910579630492828
6759.8			0.8938791965946373
6760.700000000001			0.8949963036715137
6761.6			0.8972823111812634
6762.5			0.9078964467742522
6763.4			0.9225855036541558
6764.3			0.927554223507064
6765.200000000001			0.9197371000797752
6766.1			0.9132586147031253
6767.0			0.924568365319778
6767.9			0.9459993308047044
6768.8			0.9570601101312554
6769.700000000001			1.0
6770.6			0.9974781094983548
6771.5			1.0093861335136711
6772.4			1.0316542268702704
6773.3			1.0525980693394095
6774.200000000001			1.0666455570830218
6775.1			1.0747703704831923
6776.0			1.0789824500387608
6776.9			1.0792626773941827
6777.8			1.0791957765605757
6778.700000000001			1.0775763605920137
6779.6			1.0567554686011074
6780.5			1.0021096682747406
6781.4			0.9308629738282007
6782.3			0.8803765360391667
6783.200000000001			0.8604837130507166
6784.1			0.8572299391917888
6785.0			0.864138717533191
6785.9			0.8837259844358609
6786.8			0.9073964476016715
6787.700000000001			0.9215339415601218
6788.6			0.9233941153692048
6789.5			0.9211110880680273
6790.4			0.9253971780748556
6791.3			0.9362863888033176
6792.200000000001			0.9409648515681056
6793.1			0.9421846653342
6794.0			0.9548311475309541
6794.9			0.9772067439306064
6795.8			0.9941487804092864
6796.700000000001			1.0012044321221625
6797.6			1.0000509001426219
6798.5			0.9623871207956276
6799.4			0.9772171184773305
6800.3			0.9948727829103478
6801.200000000001			1.0025221946739407
6802.1			1.001015369312865
6803.0			0.9960202080971429
6803.9			0.9924272782117786
6804.8			0.9929111812890636
6805.700000000001			0.9920130099878489
6806.6			0.9958256606337678
6807.5			1.0127332092401329
6808.4			1.0303828239668487
6809.3			1.0354920875044227
6810.200000000001			1.038124316442907
6811.1			1.0436027238096286
6812.0			1.0
6812.9			0.9880914555913196
6813.8			0.9619459895552491
6814.700000000001			0.9346300886259904
6815.6			0.9364591642926712
6816.5			0.9659864007852698
6817.4			0.9924243218917226
6818.3			0.9994134371266137
6819.200000000001			1.0
6820.1			1.0
6821.0			1.0
6821.9			1.0
6822.8			1.0
6823.700000000001			1.0
6824.6			1.0
6825.5			1.0
6826.4			1.0
6827.3			1.0
6828.200000000001			1.0
6829.1			1.0
6830.0			1.0
6830.9			1.0
6831.8			1.0
6832.700000000001			1.0
6833.6			1.0
6834.5			1.0
6835.4			1.0
6836.3			1.0
6837.200000000001			1.0
6838.1			1.0
6839.0			1.0
6839.9			1.0
6840.8			0.9930651375665434
6841.700000000001			0.9987068798273874
6842.6			1.0192195800031418
6843.5			1.0430277910692984
6844.4			1.0580505686322532
6845.3			1.0595066238421489
6846.200000000001			1.052267352043794
6847.1			1.0438353934694744
6848.0			1.0271519655684567
6848.9			0.9945979668555626
6849.8			0.9628742471728766
6850.700000000001			0.9482579038834247
6851.6			0.9447507641251615
6852.5			0.945538561552923
6853.4			0.9461772409928998
6854.3			0.945380662280186
6855.200000000001			0.9480266568438229
6856.1			0.9578570912705476
6857.0			0.9711995005411355
6857.9			0.981219808743512
6858.8			0.9809272822190486
6859.700000000001			0.966318324248455
6860.6			0.9493521805210775
6861.5			0.9525040496928873
6862.4			0.9839223706786343
6863.3			1.0226079437689386
6864.200000000001			1.0
6865.1			1.0020149686881195
6866.0			0.9967242945390173
6866.9			0.9833547046953539
6867.8			0.9622022705838339
6868.700000000001			0.9457385611451924
6869.6			0.942739887419832
6870.5			0.9480805894810093
6871.4			0.9600712110762809
6872.3			0.979860233097647
6873.200000000001			0.9952289520065037
6874.1			1.000143324362553
6875.0			1.0
6875.9			1.0
6876.8			1.0
6877.700000000001			1.0
6878.6			1.0
6879.5			1.0
6880.4			1.0
6881.3			1.0
6882.200000000001			1.0
6883.1			1.0
6884.0			1.0
6884.9			1.0
6885.8			1.0
6886.700000000001			1.0
6887.6			1.0
6888.5			1.0
6889.4			1.0
6890.3			1.0
6891.200000000001			1.0
6892.1			1.0
6893.0			1.0
6893.9			1.0
6894.8			1.0
6895.700000000001			1.0
6896.6			1.0
6897.5			1.0
6898.4			1.0
6899.3			1.0
6900.200000000001			1.0
6901.1			1.0
6902.0			1.0
6902.9			1.0
6903.8			1.0
6904.700000000001			1.0
6905.6			1.0
6906.5			1.0
6907.4			1.0
6908.3			1.0
6909.200000000001			1.0
6910.1			1.0
6911.0			1.0
6911.9			1.0
6912.8			1.0
6913.700000000001			1.0
6914.6			1.0
6915.5			1.0
6916.4			1.0
6917.3			1.0
6918.200000000001			1.0
6919.1			1.0
6920.0			1.0023012285934993
6920.9			1.012145571471383
6921.8			1.0101377739685673
6922.700000000001			0.9883873096007908
6923.6			0.9581297592855306
6924.5			0.9407161669217388
6925.4			0.9476446528320418
6926.3			0.971693778951323
6927.200000000001			0.9950848749027117
6928.1			1.0042313168615848
6929.0			0.9996025366940993
6929.9			1.0
6930.8			1.0
6931.700000000001			1.0
6932.6			1.0
6933.5			1.0
6934.4			1.0
6935.3			1.0
6936.200000000001			1.0
6937.1			1.0
6938.0			1.0
6938.9			1.0
6939.8			1.0
6940.700000000001			1.0
6941.6			1.0
6942.5			1.0
6943.4			1.0
6944.3			1.0
6945.200000000001			1.0
6946.1			1.0
6947.0			1.0
6947.9			1.0
6948.8			1.0
6949.700000000001			0.9936822688663512
6950.6			0.9828603833443359
6951.5			0.9682089310731062
6952.4			0.9555405707595789
6953.3			0.9523031139583553
6954.200000000001			0.965701884340691
6955.1			0.9883911132174797
6956.0			1.0012286853184922
6956.9			1.000262168743061
6957.8			1.0
6958.700000000001			1.0
6959.6			1.0
6960.5			1.0
6961.4			1.0
6962.3			1.0
6963.200000000001			1.0
6964.1			1.0
6965.0			1.0
6965.9			1.0
6966.8			1.0
6967.700000000001			1.0
6968.6			1.0
6969.5			1.0
6970.4			1.0
6971.3			1.0
6972.200000000001			1.0
6973.1			1.0
6974.0			1.0
6974.9			1.0
6975.8			0.9872821601295403
6976.700000000001			0.9597968025691314
6977.6			0.9196066951610312
6978.5			0.9000348201541081
6979.4			0.9231749006816208
6980.3			0.9673012471028446
6981.200000000001			1.000320424751787
6982.1			1.0
6983.0			1.0
6983.9			1.0
6984.8			1.0
6985.700000000001			1.0
6986.6			0.9923285100752584
6987.5			0.9718598138977748
6988.4			0.9478420598849957
6989.3			0.9337016191312059
6990.200000000001			0.9397620130581354
6991.1			0.9671619153019517
6992.0			0.9993517404291635
6992.9			1.0
6993.8			1.0
6994.700000000001			1.0
6995.6			1.0
6996.5			1.0
6997.4			1.0
6998.3			1.0
6999.200000000001			1.0
7000.1			1.0
7001.0			1.0
7001.9			1.0
7002.8			1.0
7003.700000000001			1.0
7004.6			1.0
7005.5			1.0
7006.4			1.0
7007.3			1.0
7008.200000000001			1.0
7009.1			1.0
7010.0			1.0
7010.9			1.0
7011.8			1.0
7012.700000000001			1.0
7013.6			1.0
7014.5			1.0
7015.4			1.0
7016.3			1.0
7017.200000000001			1.0
7018.1			1.0
7019.0			1.0
7019.9			1.0
7020.8			1.0
7021.700000000001			1.0
7022.6			1.0
7023.5			1.0
7024.4			1.0
7025.3			1.0
7026.200000000001			1.0
7027.1			1.0
7028.0			1.0
7028.9			1.0
7029.8			1.0
7030.700000000001			1.0
7031.6			1.0
7032.5			1.0
7033.4			1.0
7034.3			1.0
7035.200000000001			1.0
7036.1			1.0
7037.0			1.0
7037.9			1.0
7038.8			1.0
7039.700000000001			1.0
7040.6			1.0
7041.5			1.0
7042.4			1.0
7043.3			1.0
7044.200000000001			1.0
7045.1			1.0
7046.0			1.0
7046.9			1.0
7047.8			1.0
7048.700000000001			1.0
7049.6			1.0
7050.5			1.0
7051.4			1.0
7052.3			1.0
7053.200000000001			1.0
7054.1			1.0
7055.0			1.0
7055.9			1.0
7056.8			1.0
7057.700000000001			1.0
7058.6			1.0
7059.5			1.0
7060.4			1.0
7061.3			1.0
7062.200000000001			1.0
7063.1			1.0
7064.0			1.0
7064.9			1.0
7065.8			1.0
7066.700000000001			1.0
7067.6			1.0
7068.5			1.0
7069.4			1.0
7070.3			1.0
7071.200000000001			1.0
7072.1			1.0
7073.0			1.0
7073.9			1.0
7074.8			1.0
7075.700000000001			1.0
7076.6			1.0
7077.5			1.0
7078.4			1.0
7079.3			1.0
7080.200000000001			1.0
7081.1			1.0
7082.0			1.0
7082.9			1.0
7083.8			1.0
7084.700000000001			1.0
7085.6			1.0
7086.5			1.0
7087.4			1.0
7088.3			1.0
7089.200000000001			1.0
7090.1			1.0
7091.0			1.0
7091.9			1.0
7092.8			1.0
7093.700000000001			1.0
7094.6			1.0
7095.5			1.0
7096.4			1.0
7097.3			1.0
7098.200000000001			1.0
7099.1			1.0
7100.0			1.0
7100.9			1.0
7101.8			1.0
7102.700000000001			1.0
7103.6			1.0
7104.5			1.0
7105.4			1.0
7106.3			1.0
7107.200000000001			1.0
7108.1			1.0
7109.0			1.0
7109.9			1.0
7110.8			1.0
7111.700000000001			1.0
7112.6			1.0
7113.5			1.0
7114.4			1.0
7115.3			1.0
7116.200000000001			1.0
7117.1			1.0
7118.0			1.0
7118.9			1.0
7119.8			1.0
7120.700000000001			1.0
7121.6			1.0
7122.5			1.0
7123.4			1.0
7124.3			1.0
7125.200000000001			1.0
7126.1			1.0
7127.0			1.0
7127.9			1.0
7128.8			1.0
7129.700000000001			1.0
7130.6			1.0
7131.5			1.0
7132.4			1.0
7133.3			1.0
7134.200000000001			1.0
7135.1			1.0
7136.0			1.0
7136.9			1.0
7137.8			1.0
7138.700000000001			1.0
7139.6			1.0
7140.5			1.0
7141.4			1.0
7142.3			1.0
7143.200000000001			1.0
7144.1			1.0
7145.0			1.0
7145.9			1.0
7146.8			1.0
7147.700000000001			1.0
7148.6			1.0
7149.5			1.0
7150.4			1.0
7151.3			1.0
7152.200000000001			1.0
7153.1			1.0
7154.0			1.0
7154.9			1.0
7155.8			1.0
7156.700000000001			1.0
7157.6			1.0
7158.5			1.0
7159.4			1.0
7160.3			1.0
7161.200000000001			1.0
7162.1			1.0
7163.0			1.0
7163.9			1.0
7164.8			1.0
7165.700000000001			1.0
7166.6			1.0
7167.5			1.0
7168.4			1.0
7169.3			1.0
7170.200000000001			1.0
7171.1			1.0
7172.0			1.0
7172.9			1.0
7173.8			1.0
7174.700000000001			1.0
7175.6			1.0
7176.5			1.0
7177.4			1.0
7178.3			1.0
7179.200000000001			1.0
7180.1			1.0
7181.0			1.0
7181.9			1.0
7182.8			1.0
7183.700000000001			1.0
7184.6			1.0
7185.5			1.0
7186.4			1.0
7187.3			1.0
7188.200000000001			1.0
7189.1			1.0
7190.0			1.0
7190.9			1.0
7191.8			1.0
7192.700000000001			1.0
7193.6			1.0
7194.5			1.0
7195.4			1.0
7196.3			1.0
7197.200000000001			1.0
7198.1			1.0
7199.0			1.0
7199.9			1.0
7200.8			1.0
7201.700000000001			1.0
7202.6			1.0
7203.5			1.0
7204.4			1.0
7205.3			1.0
7206.200000000001			1.0
7207.1			1.0
7208.0			1.0
7208.9			1.0
7209.8			1.0
7210.700000000001			1.0
7211.6			1.0
7212.5			1.0
7213.4			1.0
7214.3			1.0
7215.200000000001			1.0
7216.1			1.0
7217.0			1.0
7217.9			1.0
7218.8			1.0
7219.700000000001			1.0
7220.6			1.0
7221.5			1.0
7222.4			1.0
7223.3			1.0
7224.200000000001			1.0
7225.1			1.0
7226.0			1.0
7226.9			1.0
7227.8			1.0
7228.700000000001			1.0
7229.6			1.0
7230.5			1.0
7231.4			1.0
7232.3			1.0
7233.200000000001			1.0
7234.1			1.0
7235.0			1.0
7235.9			1.0
7236.8			1.0
7237.700000000001			1.0
7238.6			1.0
7239.5			1.0
7240.4			1.0
7241.3			1.0
7242.200000000001			1.0
7243.1			1.0
7244.0			1.0
7244.9			1.0
7245.8			1.0
7246.700000000001			1.0
7247.6			1.0
7248.5			1.0
7249.4			1.0
7250.3			1.0
7251.200000000001			1.0
7252.1			1.0
7253.0			1.0
7253.9			1.0
7254.8			1.0
7255.700000000001			1.0
7256.6			1.0
7257.5			1.0
7258.4			1.0
7259.3			1.0
7260.200000000001			1.0
7261.1			1.0
7262.0			1.0
7262.9			1.0
7263.8			1.0
7264.700000000001			1.0
7265.6			1.0
7266.5			1.0
7267.4			1.0
7268.3			1.0
7269.200000000001			1.0
7270.1			1.0
7271.0			1.0
7271.9			1.0
7272.8			1.0
7273.700000000001			1.0
7274.6			1.0
7275.5			1.0
7276.4			1.0
7277.3			1.0
7278.200000000001			1.0
7279.1			1.0
7280.0			1.0
7280.9			1.0
7281.8			1.0
7282.700000000001			1.0
7283.6			1.0
7284.5			1.0
7285.4			1.0
7286.3			1.0
7287.200000000001			1.0
7288.1			1.0
7289.0			1.0
7289.9			1.0
7290.8			1.0
7291.700000000001			1.0
7292.6			1.0
7293.5			1.0
7294.4			1.0
7295.3			1.0
7296.200000000001			1.0
7297.1			1.0
7298.0			1.0
7298.9			1.0
7299.8			1.0
7300.700000000001			1.0
7301.6			1.0
7302.5			1.0
7303.4			1.0
7304.3			1.0
7305.200000000001			1.0
7306.1			1.0
7307.0			1.0
7307.9			1.0
7308.8			1.0
7309.700000000001			1.0
7310.6			1.0
7311.5			1.0
7312.4			1.0
7313.3			1.0
7314.200000000001			1.0
7315.1			1.0
7316.0			1.0
7316.9			1.0
7317.8			1.0
7318.700000000001			1.0
7319.6			1.0
7320.5			1.0
7321.4			1.0
7322.3			1.0
7323.200000000001			1.0
7324.1			1.0
7325.0			1.0
7325.9			1.0
7326.8			1.0
7327.700000000001			1.0
7328.6			1.0
7329.5			1.0
7330.4			1.0
7331.3			1.0
7332.200000000001			1.0
7333.1			1.0
7334.0			1.0
7334.9			1.0
7335.8			1.0
7336.700000000001			1.0
7337.6			1.0
7338.5			1.0
7339.4			1.0
7340.3			1.0
7341.200000000001			1.0
7342.1			1.0
7343.0			1.0
7343.9			1.0
7344.8			1.0
7345.700000000001			1.0
7346.6			1.0
7347.5			1.0
7348.4			1.0
7349.3			1.0
7350.200000000001			1.0
7351.1			1.0
7352.0			1.0
7352.9			1.0
7353.8			1.0
7354.700000000001			1.0
7355.6			1.0
7356.5			1.0
7357.4			1.0
7358.3			1.0
7359.200000000001			1.0
7360.1			1.0
7361.0			1.0
7361.9			1.0
7362.8			1.0
7363.700000000001			1.0
7364.6			1.0
7365.5			1.0
7366.4			1.0
7367.3			1.0
7368.200000000001			1.0
7369.1			1.0
7370.0			1.0
7370.9			1.0
7371.8			1.0
7372.700000000001			1.0
7373.6			1.0
7374.5			1.0
7375.4			1.0
7376.3			1.0
7377.200000000001			1.0
7378.1			1.0
7379.0			1.0
7379.9			1.0
7380.8			1.0
7381.700000000001			1.0
7382.6			1.0
7383.5			1.0
7384.4			1.0
7385.3			1.0
7386.200000000001			1.0
7387.1			1.0
7388.0			1.0
7388.9			1.0
7389.8			1.0
7390.700000000001			1.0
7391.6			1.0
7392.5			1.0
7393.4			1.0
7394.3			1.0
7395.200000000001			1.0
7396.1			1.0
7397.0			1.0
7397.9			1.0
7398.8			1.0
7399.700000000001			1.0
7400.6			1.0
7401.5			1.0
7402.4			1.0
7403.3			1.0
7404.200000000001			1.0
7405.1			1.0
7406.0			1.0
7406.9			1.0
7407.8			1.0
7408.700000000001			1.0
7409.6			1.0
7410.5			1.0
7411.4			1.0
7412.3			1.0
7413.200000000001			1.0
7414.1			1.0
7415.0			1.0
7415.9			1.0
7416.8			1.0
7417.700000000001			1.0
7418.6			1.0
7419.5			1.0
7420.4			1.0
7421.3			1.0
7422.200000000001			1.0
7423.1			1.0
7424.0			1.0
7424.9			1.0
7425.8			1.0
7426.700000000001			1.0
7427.6			1.0
7428.5			1.0
7429.4			1.0
