3500.0			1.0
3500.9			1.0
3501.8			1.0
3502.7			1.0
3503.6			1.0
3504.5			1.0
3505.4			1.0
3506.3			1.0
3507.2			1.0
3508.1			1.0
3509.0			1.0
3509.9			1.0
3510.8			1.0
3511.7			1.0
3512.6			1.0
3513.5			1.0
3514.4			1.0
3515.3			1.0
3516.2			1.0
3517.1			1.0
3518.0			1.0
3518.9			1.0
3519.8			1.0
3520.7			1.0
3521.6			1.0
3522.5			1.0
3523.4			1.0
3524.3			1.0
3525.2			1.0
3526.1			1.0
3527.0			1.0
3527.9			1.0
3528.8			1.0
3529.7			1.0
3530.6			1.0
3531.5			1.0
3532.4			1.0
3533.3			1.0
3534.2			1.0
3535.1			1.0
3536.0			1.0
3536.9			1.0
3537.8			1.0
3538.7			1.0
3539.6			1.0
3540.5			1.0
3541.4			1.0
3542.3			1.0
3543.2			1.0
3544.1			1.0
3545.0			1.0
3545.9			1.0
3546.8			1.0
3547.7			1.0
3548.6			1.0
3549.5			1.0
3550.4			1.0
3551.3			1.0
3552.2			1.0
3553.1			1.0
3554.0			1.0
3554.9			1.0
3555.8			1.0
3556.7			1.0
3557.6			1.0
3558.5			1.0
3559.4			1.0
3560.3			1.0
3561.2			1.0
3562.1			1.0
3563.0			1.0
3563.9			1.0
3564.8			1.0
3565.7			1.0
3566.6			1.0
3567.5			1.0
3568.4			1.0
3569.3			1.0
3570.2			1.0
3571.1			1.0
3572.0			1.0
3572.9			1.0
3573.8			1.0
3574.7			1.0
3575.6			1.0
3576.5			1.0
3577.4			1.0
3578.3			1.0
3579.2			1.0
3580.1			1.0
3581.0			1.0
3581.9			1.0
3582.8			1.0
3583.7			1.0
3584.6			1.0
3585.5			1.0
3586.4			1.0
3587.3			1.0
3588.2			1.0
3589.1			1.0
3590.0			1.0
3590.9			1.0
3591.8			1.0
3592.7			1.0
3593.6			1.0
3594.5			1.0
3595.4			1.0
3596.3			1.0
3597.2			1.0
3598.1			1.0
3599.0			1.0
3599.9			1.0
3600.8			1.0
3601.7			1.0
3602.6			1.0
3603.5			1.0
3604.4			1.0
3605.3			1.0
3606.2			1.0
3607.1			1.0
3608.0			1.0
3608.9			1.0
3609.8			1.0
3610.7			1.0
3611.6			1.0
3612.5			1.0
3613.4			1.0
3614.3			1.0
3615.2			1.0
3616.1			1.0
3617.0			1.0
3617.9			1.0
3618.8			1.0
3619.7			1.0
3620.6			1.0
3621.5			1.0
3622.4			1.0
3623.3			1.0
3624.2			1.0
3625.1			1.0
3626.0			1.0
3626.9			1.0
3627.8			1.0
3628.7			1.0
3629.6			1.0
3630.5			1.0
3631.4			1.0
3632.3			1.0
3633.2			1.0
3634.1			1.0
3635.0			1.0
3635.9			1.0
3636.8			1.0
3637.7			1.0
3638.6			1.0
3639.5			1.0
3640.4			1.0
3641.3			1.0
3642.2			1.0
3643.1			1.0
3644.0			1.0
3644.9			1.0
3645.8			1.0
3646.7			1.0
3647.6			1.0
3648.5			1.0
3649.4			1.0
3650.3			1.0
3651.2			1.0
3652.1			1.0
3653.0			1.0
3653.9			1.0
3654.8			1.0
3655.7			1.0
3656.6			1.0
3657.5			1.0
3658.4			1.0
3659.3			1.0
3660.2			1.0
3661.1			1.0
3662.0			1.0
3662.9			1.0
3663.8			1.0
3664.7			1.0
3665.6			1.0
3666.5			1.0
3667.4			1.0
3668.3			1.0
3669.2			1.0
3670.1			1.0
3671.0			1.0
3671.9			1.0
3672.8			1.0
3673.7			1.0
3674.6			1.0
3675.5			1.0
3676.4			1.0
3677.3			1.0
3678.2			1.0
3679.1			1.0
3680.0			1.0
3680.9			1.0
3681.8			1.0
3682.7			1.0
3683.6			1.0
3684.5			1.0
3685.4			1.0
3686.3			1.0
3687.2			1.0
3688.1			1.0
3689.0			1.0
3689.9			1.0
3690.8			1.0
3691.7			1.0
3692.6			1.0
3693.5			1.0
3694.4			1.0
3695.3			1.0
3696.2			1.0
3697.1			1.0
3698.0			1.0
3698.9			1.0
3699.8			1.0
3700.7			1.0
3701.6			1.0
3702.5			1.0
3703.4			1.0
3704.3			1.0
3705.2			1.0
3706.1			1.0
3707.0			1.0
3707.9			1.0
3708.8			1.0
3709.7			1.0
3710.6			1.0
3711.5			1.0
3712.4			1.0
3713.3			1.0
3714.2			1.0
3715.1			1.0
3716.0			1.0
3716.9			1.0
3717.8			1.0
3718.7			1.0
3719.6			1.0
3720.5			1.0
3721.4			1.0
3722.3			1.0
3723.2			1.0
3724.1			1.0
3725.0			1.0
3725.9			1.0
3726.8			1.0
3727.7			1.0
3728.6			1.0
3729.5			1.0
3730.4			1.0
3731.3			1.0
3732.2			1.0
3733.1			1.0
3734.0			1.0
3734.9			1.0
3735.8			1.0
3736.7			1.0
3737.6			1.0
3738.5			1.0
3739.4			1.0
3740.3			1.0
3741.2			1.0
3742.1			1.0
3743.0			1.0
3743.9			1.0
3744.8			1.0
3745.7			1.0
3746.6			1.0
3747.5			1.0
3748.4			1.0
3749.3			1.0
3750.2			1.0
3751.1			1.0
3752.0			1.0
3752.9			1.0
3753.8			1.0
3754.7			1.0
3755.6			1.0
3756.5			1.0
3757.4			1.0
3758.3			1.0
3759.2			1.0
3760.1			1.0
3761.0			1.0
3761.9			1.0
3762.8			1.0
3763.7			1.0
3764.6			1.0
3765.5			1.0
3766.4			1.0
3767.3			1.0
3768.2			1.0
3769.1			1.0
3770.0			1.0
3770.9			1.0
3771.8			1.0
3772.7			1.0
3773.6			1.0
3774.5			1.0
3775.4			1.0
3776.3			1.0
3777.2			1.0
3778.1			1.0
3779.0			1.0
3779.9			1.0
3780.8			1.0
3781.7			1.0
3782.6			1.0
3783.5			1.0
3784.4			1.0
3785.3			1.0
3786.2			1.0
3787.1			1.0
3788.0			1.0
3788.9			1.0
3789.8			1.0
3790.7			1.0
3791.6			1.0
3792.5			1.0
3793.4			1.0
3794.3			1.0
3795.2			1.0
3796.1			1.0
3797.0			1.0
3797.9			1.0
3798.8			1.0
3799.7			1.0
3800.6			1.0
3801.5			1.0
3802.4			1.0
3803.3			1.0
3804.2			1.0
3805.1			1.0
3806.0			1.0
3806.9			1.0
3807.8			1.0
3808.7			1.0
3809.6			1.0
3810.5			1.0
3811.4			1.0
3812.3			1.0
3813.2			1.0
3814.1			1.0
3815.0			1.0
3815.9			1.0
3816.8			1.0
3817.7			1.0
3818.6			1.0
3819.5			1.0
3820.4			1.0
3821.3			1.0
3822.2			1.0
3823.1			1.0
3824.0			1.0
3824.9			1.0
3825.8			1.0
3826.7			1.0
3827.6			1.0
3828.5			1.0
3829.4			1.0
3830.3			1.0
3831.2			1.0
3832.1			1.0
3833.0			1.0
3833.9			1.0
3834.8			1.0
3835.7			1.0
3836.6			1.0
3837.5			1.0
3838.4			1.0
3839.3			1.0
3840.2			1.0
3841.1			1.0
3842.0			1.0
3842.9			1.0
3843.8			1.0
3844.7			1.0
3845.6			1.0
3846.5			1.0
3847.4			1.0
3848.3			1.0
3849.2			1.0
3850.1			1.0
3851.0			1.0
3851.9			1.0
3852.8			1.0
3853.7			1.0
3854.6			1.0
3855.5			1.0
3856.4			1.0
3857.3			1.0
3858.2			1.0
3859.1			1.0
3860.0			1.0
3860.9			1.0
3861.8			1.0
3862.7			1.0
3863.6			1.0
3864.5			1.0
3865.4			1.0
3866.3			1.0
3867.2			1.0
3868.1			1.0
3869.0			1.0
3869.9			1.0
3870.8			1.0
3871.7			1.0
3872.6			1.0
3873.5			1.0
3874.4			1.0
3875.3			1.0
3876.2			1.0
3877.1			1.0
3878.0			1.0
3878.9			1.0
3879.8			1.0
3880.7			1.0
3881.6			1.0
3882.5			1.0
3883.4			1.0
3884.3			1.0
3885.2			1.0
3886.1			1.0
3887.0			1.0
3887.9			1.0
3888.8			1.0
3889.7			1.0
3890.6			1.0
3891.5			1.0
3892.4			1.0
3893.3			1.0
3894.2			1.0
3895.1			1.0
3896.0			1.0
3896.9			1.0
3897.8			1.0
3898.7			1.0
3899.6			1.0
3900.5			1.0
3901.4			1.0
3902.3			1.0
3903.2			1.0
3904.1			1.0
3905.0			1.0
3905.9			1.0
3906.8			1.0
3907.7			1.0
3908.6			1.0
3909.5			1.0
3910.4			1.0
3911.3			1.0
3912.2			1.0
3913.1			1.0
3914.0			1.0
3914.9			1.0
3915.8			1.0
3916.7			1.0
3917.6			1.0
3918.5			1.0
3919.4			1.0
3920.3			1.0
3921.2			1.0
3922.1			1.0
3923.0			1.0
3923.9			1.0
3924.8			1.0
3925.7			1.0
3926.6			1.0
3927.5			1.0
3928.4			1.0
3929.3			1.0
3930.2			1.0
3931.1			1.0
3932.0			1.0
3932.9			1.0
3933.8			1.0
3934.7			1.0
3935.6			1.0
3936.5			1.0
3937.4			1.0
3938.3			1.0
3939.2			1.0
3940.1			1.0
3941.0			1.0
3941.9			1.0
3942.8			1.0
3943.7			1.0
3944.6			1.0
3945.5			1.0
3946.4			1.0
3947.3			1.0
3948.2			1.0
3949.1			1.0
3950.0			1.0
3950.9			1.0
3951.8			1.0
3952.7			1.0
3953.6			1.0
3954.5			1.0
3955.4			1.0
3956.3			1.0
3957.2			1.0
3958.1			1.0
3959.0			1.0
3959.9			1.0
3960.8			1.0
3961.7			1.0
3962.6			1.0
3963.5			1.0
3964.4			1.0
3965.3			1.0
3966.2			1.0
3967.1			1.0
3968.0			1.0
3968.9			1.0
3969.8			1.0
3970.7			1.0
3971.6			1.0
3972.5			1.0
3973.4			1.0
3974.3			1.0
3975.2			1.0
3976.1			1.0
3977.0			1.0
3977.9			1.0
3978.8			1.0
3979.7			1.0
3980.6			1.0
3981.5			1.0
3982.4			1.0
3983.3			1.0
3984.2			1.0
3985.1			1.0
3986.0			1.0
3986.9			1.0
3987.8			1.0
3988.7			1.0
3989.6			1.0
3990.5			1.0
3991.4			1.0
3992.3			1.0
3993.2			1.0
3994.1			1.0
3995.0			1.0
3995.9			1.0
3996.8			1.0
3997.7			1.0
3998.6			1.0
3999.5			1.0
4000.4			1.0
4001.3			1.0
4002.2			1.0
4003.1			1.0
4004.0			1.0
4004.9			1.0
4005.8			1.0
4006.7			1.0
4007.6			1.0
4008.5			1.0
4009.4			1.0
4010.3			1.0
4011.2			1.0
4012.1			1.0
4013.0			1.0
4013.9			1.0
4014.8			1.0
4015.7			1.0
4016.6			1.0
4017.5			1.0
4018.4			1.0
4019.3			1.0
4020.2			1.0
4021.1			1.0
4022.0			1.0
4022.9			1.0
4023.8			1.0
4024.7			1.0
4025.6			1.0
4026.5			1.0
4027.4			1.0
4028.3			0.9512000278977278
4029.2			0.8597806101662461
4030.1			0.7280209336202461
4031.0			0.6234462188805046
4031.9			0.579598405677387
4032.8			0.5485646511822744
4033.7			0.539496677022755
4034.6			0.6190418554847242
4035.5			0.7672548441594452
4036.4			0.8938864733608557
4037.3			0.9660742055645497
4038.2			1.0017530275496846
4039.1			0.9936622079496831
4040.0			1.0
4040.9			1.0
4041.8			0.9996295758057686
4042.7			0.9887914887442966
4043.6			0.9128193110939639
4044.5			0.7693442773071711
4045.4			0.6442694742253541
4046.3			0.6473501594348257
4047.2			0.7703705917927393
4048.1			0.9103233079637263
4049.0			1.0002716666309686
4049.9			1.0
4050.8			1.0
4051.7			1.0
4052.6			1.0
4053.5			1.0
4054.4			1.0
4055.3			1.0
4056.2			1.0
4057.1			1.0
4058.0			1.0
4058.9			1.0
4059.8			1.0458065243437962
4060.7			1.0905446753924322
4061.6			1.0365195258125839
4062.5			0.8986627768667479
4063.4			0.7898259964347332
4064.3			0.8003555264621722
4065.2			0.9044692042952612
4066.1			0.9889753200514139
4067.0			0.9996862175610007
4067.9			1.0
4068.8			1.0
4069.7			1.0
4070.6			1.0
4071.5			1.0
4072.4			1.0
4073.3			1.0
4074.2			1.0
4075.1			1.0
4076.0			1.0
4076.9			1.0
4077.8			1.0
4078.7			1.0
4079.6			1.0
4080.5			1.0
4081.4			1.0
4082.3			1.0
4083.2			1.0
4084.1			1.0
4085.0			1.0
4085.9			1.0
4086.8			1.0
4087.7			1.0
4088.6			1.0
4089.5			1.0
4090.4			1.0
4091.3			1.0
4092.2			1.0
4093.1			1.0
4094.0			1.0
4094.9			1.0
4095.8			1.0
4096.7			1.0
4097.6			1.0
4098.5			1.0
4099.4			1.0
4100.3			1.0
4101.2			1.0
4102.1			1.0
4103.0			1.0
4103.9			1.0
4104.8			1.0
4105.7			1.0
4106.6			1.0
4107.5			1.0
4108.4			1.0
4109.3			1.0
4110.2			1.0
4111.1			1.0
4112.0			1.0
4112.9			1.0
4113.8			1.0
4114.7			1.0
4115.6			1.0
4116.5			1.0
4117.4			1.0
4118.3			1.0
4119.2			1.0
4120.1			1.0
4121.0			1.0
4121.9			1.0
4122.8			1.0
4123.7			1.0
4124.6			1.0
4125.5			1.0
4126.4			1.0
4127.3			1.0
4128.2			1.0
4129.1			1.0
4130.0			1.0
4130.9			1.0
4131.8			1.0
4132.7			1.0
4133.6			1.0
4134.5			1.0
4135.4			1.0
4136.3			1.0
4137.2			1.0
4138.1			1.0
4139.0			1.0
4139.9			1.0114397442675194
4140.8			0.9922917545847764
4141.7			0.8941676947782362
4142.6			0.7467393339375689
4143.5			0.6665978446125718
4144.4			0.7176354870702522
4145.3			0.8409896108227688
4146.2			0.9465120698064118
4147.1			0.999632009896137
4148.0			1.0
4148.9			1.0
4149.8			1.0
4150.7			1.0
4151.6			1.0
4152.5			1.0
4153.4			1.0
4154.3			1.0
4155.2			1.0
4156.1			1.0
4157.0			1.0
4157.9			1.0
4158.8			1.0
4159.7			1.0
4160.6			1.0
4161.5			1.0
4162.4			1.0
4163.3			1.0
4164.2			1.0
4165.1			1.0
4166.0			1.0
4166.9			1.0
4167.8			1.0
4168.7			1.0
4169.6			1.0
4170.5			1.0
4171.4			1.0
4172.3			1.0
4173.2			1.0
4174.1			1.0
4175.0			1.0
4175.9			1.0
4176.8			1.0
4177.7			1.0
4178.6			1.0
4179.5			1.0
4180.4			1.0
4181.3			1.0
4182.2			1.0
4183.1			1.0
4184.0			1.0
4184.9			1.0
4185.8			1.0
4186.7			1.0
4187.6			1.0
4188.5			1.0
4189.4			1.0
4190.3			1.0
4191.2			1.0
4192.1			1.0
4193.0			1.0
4193.9			1.0
4194.8			1.0
4195.7			1.0
4196.6			1.0
4197.5			1.0
4198.4			1.0
4199.3			1.0
4200.2			1.0
4201.1			1.0
4202.0			1.0
4202.9			1.0
4203.8			1.0
4204.7			1.0
4205.6			1.0
4206.5			1.0
4207.4			1.0
4208.3			1.0
4209.2			1.0
4210.1			1.0
4211.0			1.0
4211.9			1.00906205881804
4212.8			0.992795679621042
4213.7			0.9461610858731371
4214.6			0.8854266055573806
4215.5			0.8426396551906935
4216.4			0.8397334312286031
4217.3			0.8406637056948665
4218.2			0.8087139702406073
4219.1			0.769105367046815
4220.0			0.7299866735673762
4220.9			0.6782289803737226
4221.8			0.6183505405809148
4222.7			0.5432210900251849
4223.6			0.4522698052366785
4224.5			0.3568763887686856
4225.4			0.26577123823110277
4226.3			0.20661414184146057
4227.2			0.2133342984781186
4228.1			0.2790085304369688
4229.0			0.37068108041088266
4229.9			0.4661016259237561
4230.8			0.546739656349253
4231.7			0.6029153974647242
4232.6			0.652123930343258
4233.5			0.7192846510655229
4234.4			0.7974657543082773
4235.3			0.8525394492404308
4236.2			0.8809285755400038
4237.1			0.9202506270183967
4238.0			0.9789314263222554
4238.9			1.0190664257155098
4239.8			1.0213473388100622
4240.7			1.005386288259182
4241.6			1.0
4242.5			1.0
4243.4			1.0
4244.3			1.0
4245.2			1.0
4246.1			1.0
4247.0			1.0
4247.9			1.0
4248.8			1.0
4249.7			0.934342457670018
4250.6			0.8757571099989319
4251.5			0.8548115860568719
4252.4			0.8119736419598383
4253.3			0.7131373311293437
4254.2			0.6544683667725543
4255.1			0.7312410309330734
4256.0			0.8894285394087669
4256.9			1.0044499593120753
4257.8			1.029040514069183
4258.7			1.0020064707766465
4259.6			1.0
4260.5			1.0
4261.4			1.0
4262.3			1.0
4263.2			1.0
4264.1			1.0
4265.0			1.0
4265.9			1.0
4266.8			1.0
4267.7			1.0
4268.6			1.0
4269.5			0.9617823120603227
4270.4			0.8508217406743747
4271.3			0.7223279959553364
4272.2			0.660026253730848
4273.1			0.6408897008777545
4274.0			0.6073864305015783
4274.9			0.6025878529580969
4275.8			0.6756451739487136
4276.7			0.7925243831482205
4277.6			0.90816761083125
4278.5			0.9942330901540349
4279.4			1.0247286066688959
4280.3			1.0006088296377609
4281.2			1.0
4282.1			1.0
4283.0			1.0
4283.9			1.0
4284.8			1.0
4285.7			1.0
4286.6			0.935940856784874
4287.5			0.8334093720946644
4288.4			0.7129671179641212
4289.3			0.6124140272983929
4290.2			0.6038643480266991
4291.1			0.7207294471585303
4292.0			0.8844148036257126
4292.9			0.9823209784360524
4293.8			1.0006369634864238
4294.7			1.0
4295.6			1.0
4296.5			1.0
4297.4			1.0
4298.3			1.0
4299.2			1.0
4300.1			1.0
4301.0			1.0
4301.9			1.0
4302.8			1.0
4303.7			1.0
4304.6			1.0
4305.5			0.9190568281239507
4306.4			0.7923054210536208
4307.3			0.6940815206231024
4308.2			0.6718611244337749
4309.1			0.7437030419875217
4310.0			0.8743426192781447
4310.9			1.0059632363495563
4311.8			1.0
4312.7			1.0
4313.6			1.0
4314.5			1.0
4315.4			1.0
4316.3			1.0
4317.2			1.0
4318.1			1.0
4319.0			1.0
4319.9			1.0
4320.8			1.0
4321.7			1.0
4322.6			1.0
4323.5			0.9625271013020517
4324.4			0.8369972565405287
4325.3			0.7086570949942497
4326.2			0.7017029046229853
4327.1			0.816859191890985
4328.0			0.9399884928797688
4328.9			0.9982723129945253
4329.8			1.0
4330.7			1.0
4331.6			1.0
4332.5			1.0
4333.4			1.0
4334.3			1.0
4335.2			1.0105277659570597
4336.1			0.9560810162716369
4337.0			0.8633292166943857
4337.9			0.8044259142190691
4338.8			0.8011372077289799
4339.7			0.832895334563702
4340.6			0.8900331603795124
4341.5			0.9596101694527447
4342.4			0.9959366634034921
4343.3			1.0
4344.2			1.0
4345.1			1.0
4346.0			1.0
4346.9			1.0
4347.8			1.046100641131636
4348.7			1.0735082818500816
4349.6			1.0465645208984073
4350.5			0.9461773777578116
4351.4			0.8273246245660708
4352.3			0.766050323174744
4353.2			0.7796885614248923
4354.1			0.8327615048245299
4355.0			0.8924943005143486
4355.9			0.9514640549087368
4356.8			1.0024075905408165
4357.7			1.0
4358.6			1.0
4359.5			1.0
4360.4			1.0
4361.3			1.0
4362.2			1.0
4363.1			1.0
4364.0			1.0
4364.9			1.0
4365.8			1.0
4366.7			1.0
4367.6			1.0
4368.5			1.0
4369.4			1.0
4370.3			1.0
4371.2			1.0
4372.1			1.0
4373.0			1.0
4373.9			1.0
4374.8			1.0
4375.7			1.0
4376.6			1.0
4377.5			1.0
4378.4			1.0
4379.3			1.0
4380.2			0.9841756505751522
4381.1			0.9698344883688635
4382.0			0.8651676217673236
4382.9			0.6989215891546441
4383.8			0.601747984208718
4384.7			0.6649695950895205
4385.6			0.834048507578769
4386.5			0.9660427173779862
4387.4			0.98588403570289
4388.3			1.0
4389.2			1.0
4390.1			1.0
4391.0			1.0
4391.9			1.0
4392.8			1.0
4393.7			1.0
4394.6			1.0
4395.5			1.0
4396.4			1.0
4397.3			1.0
4398.2			1.0
4399.1			1.0
4400.0			0.9888081576164515
4400.9			0.9862310146710015
4401.8			0.9832183286548689
4402.7			0.9266888538549307
4403.6			0.807666636970223
4404.5			0.7216605846891814
4405.4			0.7412146731427629
4406.3			0.8131010053009212
4407.2			0.8534336912135199
4408.1			0.8925526593075956
4409.0			0.9955331002743334
4409.9			1.0
4410.8			1.0
4411.7			1.0
4412.6			1.0
4413.5			1.0
4414.4			1.0
4415.3			1.0
4416.2			1.0
4417.1			1.0
4418.0			1.0
4418.9			1.0
4419.8			1.0
4420.7			1.0
4421.6			1.0
4422.5			0.9835349721794429
4423.4			0.9591172118386088
4424.3			0.8932389235845174
4425.2			0.7992898206561687
4426.1			0.7559153550276482
4427.0			0.8025685843046331
4427.9			0.8968328769223766
4428.8			0.9698123294517774
4429.7			1.000470823011586
4430.6			1.0
4431.5			1.0
4432.4			1.0028747105112996
4433.3			0.9039745402686578
4434.2			0.7402758445329015
4435.1			0.6435668981218947
4436.0			0.7047062171062166
4436.9			0.8616399550130005
4437.8			1.0006920288931878
4438.7			1.0
4439.6			1.0
4440.5			1.0
4441.4			1.0
4442.3			1.0
4443.2			1.0
4444.1			1.0
4445.0			1.0
4445.9			1.0
4446.8			1.0
4447.7			1.0
4448.6			1.0
4449.5			1.0
4450.4			0.998873749839293
4451.3			0.973502159846707
4452.2			0.9312243403633853
4453.1			0.8475776190767937
4454.0			0.7236723596506222
4454.9			0.6403763807132342
4455.8			0.6652941412478345
4456.7			0.7777603417426396
4457.6			0.9076294065518187
4458.5			0.9904836822847208
4459.4			1.0070955870656657
4460.3			1.0
4461.2			1.0
4462.1			1.0
4463.0			1.0
4463.9			1.0
4464.8			1.0
4465.7			1.0
4466.6			1.0
4467.5			1.0
4468.4			1.0
4469.3			1.0
4470.2			1.0
4471.1			1.0
4472.0			1.0
4472.9			1.0
4473.8			1.0
4474.7			1.0
4475.6			1.0
4476.5			1.0
4477.4			1.0
4478.3			1.0
4479.2			0.9816752663501652
4480.1			0.9318407016760468
4481.0			0.8694576626566255
4481.9			0.8432104816526041
4482.8			0.8809489785459257
4483.7			0.9487685932773947
4484.6			0.9999019828003747
4485.5			1.0
4486.4			1.0
4487.3			1.0
4488.2			1.0
4489.1			1.0
4490.0			1.0
4490.9			1.0
4491.8			1.0
4492.7			0.9987720325558128
4493.6			0.9497857220002223
4494.5			0.8903821907248962
4495.4			0.8419083177992234
4496.3			0.8169560453989669
4497.2			0.8431032635015673
4498.1			0.9174288855579067
4499.0			0.9831943160706217
4499.9			0.9991212502617823
4500.8			1.0
4501.7			1.0
4502.6			1.0
4503.5			1.0
4504.4			1.0
4505.3			1.0
4506.2			1.0
4507.1			1.0
4508.0			1.0
4508.9			1.0
4509.8			1.0
4510.7			1.0
4511.6			1.0
4512.5			1.0
4513.4			1.0
4514.3			1.0
4515.2			1.0
4516.1			1.0
4517.0			1.0
4517.9			1.0
4518.8			1.0
4519.7			1.0
4520.6			1.0
4521.5			1.0
4522.4			1.0
4523.3			1.0
4524.2			1.0
4525.1			1.0
4526.0			1.0
4526.9			1.0
4527.8			1.0
4528.7			1.0
4529.6			1.0
4530.5			1.0
4531.4			0.9762311392259747
4532.3			0.9103132484012466
4533.2			0.8125919128108142
4534.1			0.7171159268937445
4535.0			0.6712269107533406
4535.9			0.7235355871699441
4536.8			0.8557075677757109
4537.7			0.9745495918274782
4538.6			1.012047051990869
4539.5			1.0
4540.4			1.0
4541.3			1.0
4542.2			1.0
4543.1			1.0
4544.0			1.0
4544.9			1.0
4545.8			1.0
4546.7			1.0
4547.6			1.0
4548.5			1.0
4549.4			1.0
4550.3			1.0
4551.2			1.0
4552.1			1.0
4553.0			1.0
4553.9			1.0
4554.8			1.0
4555.7			1.0
4556.6			1.0
4557.5			1.0
4558.4			1.0
4559.3			1.0
4560.2			1.0
4561.1			1.0
4562.0			1.0
4562.9			1.0
4563.8			1.0
4564.7			1.0
4565.6			1.0
4566.5			1.0
4567.4			1.0
4568.3			1.0
4569.2			1.0
4570.1			1.0
4571.0			1.0
4571.9			1.0
4572.8			1.0
4573.7			1.0
4574.6			1.0
4575.5			1.0
4576.4			1.0
4577.3			1.0
4578.2			1.0
4579.1			1.0
4580.0			1.0
4580.9			1.0
4581.8			1.0
4582.7			1.0
4583.6			0.9977905858426278
4584.5			0.9142701139850535
4585.4			0.8222548168919699
4586.3			0.8087591512263181
4587.2			0.8818707348212085
4588.1			0.9660746742098059
4589.0			0.9997949436639073
4589.9			1.0
4590.8			1.0
4591.7			1.0
4592.6			1.0
4593.5			1.0
4594.4			1.0
4595.3			1.0
4596.2			1.0
4597.1			1.0
4598.0			1.0
4598.9			1.0
4599.8			1.0
4600.7			1.0
4601.6			1.0
4602.5			1.0
4603.4			1.0
4604.3			1.0
4605.2			0.9673277054830721
4606.1			0.8942761970932671
4607.0			0.8587512899683695
4607.9			0.9111077439810611
4608.8			1.0015015536699157
4609.7			1.0
4610.6			1.0
4611.5			1.0
4612.4			1.0
4613.3			1.0
4614.2			1.0
4615.1			1.0
4616.0			1.0
4616.9			1.0
4617.8			1.0
4618.7			1.0
4619.6			1.0
4620.5			1.0
4621.4			1.0
4622.3			1.0
4623.2			1.0
4624.1			1.0
4625.0			1.0
4625.9			1.0
4626.8			1.0
4627.7			1.0
4628.6			1.0
4629.5			1.0
4630.4			1.0
4631.3			1.0
4632.2			1.0
4633.1			1.0
4634.0			0.9821790330418918
4634.9			0.9840509009019567
4635.8			0.9823878736658894
4636.7			0.9590331402715074
4637.6			0.9207137756782364
4638.5			0.8836657505328649
4639.4			0.8666702880832089
4640.3			0.8889165057820494
4641.2			0.936459242982172
4642.1			0.9697589151992437
4643.0			0.9704741909253325
4643.9			0.9426692373833658
4644.8			0.8848780799258958
4645.7			0.8238104680384605
4646.6			0.8132039719147341
4647.5			0.8493577717429108
4648.4			0.8831724630487038
4649.3			0.8894865683332308
4650.2			0.8642003705001772
4651.1			0.8267844834426925
4652.0			0.8231913761832894
4652.9			0.855903747303215
4653.8			0.8736458019070937
4654.7			0.8577576396103689
4655.6			0.8414102606793201
4656.5			0.8555828395997706
4657.4			0.8987549248151951
4658.3			0.9539752394903571
4659.2			1.0000141354113345
4660.1			1.0
4661.0			1.0
4661.9			1.0
4662.8			1.0
4663.7			1.0
4664.6			1.001297679018469
4665.5			0.992205170771172
4666.4			0.924247949888543
4667.3			0.8429128480294332
4668.2			0.8380548893598025
4669.1			0.9077846233620672
4670.0			0.9766563615022736
4670.9			1.003378972520477
4671.8			1.007734836979914
4672.7			1.0
4673.6			1.0
4674.5			1.0
4675.4			1.0
4676.3			1.0
4677.2			1.0
4678.1			1.0049455863788221
4679.0			0.9877646570171695
4679.9			0.9444375044953345
4680.8			0.8863783934581622
4681.7			0.8651228178700451
4682.6			0.9094857187817145
4683.5			0.968580041907956
4684.4			0.9925128339103813
4685.3			0.9978769383038043
4686.2			1.0
4687.1			1.0
4688.0			1.0
4688.9			1.0
4689.8			1.0
4690.7			1.0
4691.6			1.0
4692.5			1.0
4693.4			1.0
4694.3			1.0
4695.2			1.0
4696.1			1.0
4697.0			1.0
4697.9			1.0
4698.8			1.0
4699.7			1.0
4700.6			1.0
4701.5			1.0
4702.4			1.0
4703.3			1.0
4704.2			1.0
4705.1			1.0
4706.0			1.0
4706.9			1.0
4707.8			1.0
4708.7			1.0
4709.6			1.0
4710.5			1.0
4711.4			1.0
4712.3			1.0
4713.2			1.0
4714.1			1.0
4715.0			1.0
4715.9			1.0
4716.8			1.0
4717.7			1.0
4718.6			1.0
4719.5			1.0
4720.4			1.0
4721.3			1.0
4722.2			1.0
4723.1			1.0
4724.0			1.0
4724.9			1.0
4725.8			1.0
4726.7			1.0
4727.6			1.0
4728.5			1.0
4729.4			1.0
4730.3			1.0
4731.2			1.0
4732.1			1.0
4733.0			1.0
4733.9			1.0
4734.8			1.0
4735.7			1.0
4736.6			1.0
4737.5			1.0
4738.4			1.0
4739.3			1.0
4740.2			1.0
4741.1			1.0
4742.0			1.0
4742.9			1.0
4743.8			1.0
4744.7			1.0148614184735125
4745.6			1.0302184774667609
4746.5			1.0383918443038824
4747.4			1.0374448836214263
4748.3			1.0436672761384214
4749.2			1.0564738372605702
4750.1			1.0563622814446245
4751.0			1.0406932762009329
4751.9			1.010865579626446
4752.8			0.9782175740824443
4753.7			0.9833938504943252
4754.6			1.0284632402844374
4755.5			1.05333735796764
4756.4			1.026797340429625
4757.3			0.9784205737073939
4758.2			0.9370357351369767
4759.1			0.9205827048062621
4760.0			0.9158161317379115
4760.9			0.8860296280629735
4761.8			0.8403394177750522
4762.7			0.8158133376756184
4763.6			0.8090456413520906
4764.5			0.8001180267014103
4765.4			0.7906212886801376
4766.3			0.7913300566763143
4767.2			0.8008595004190124
4768.1			0.8054207556804432
4769.0			0.8020226131669074
4769.9			0.796275112226984
4770.8			0.7891182166750923
4771.7			0.7856943765997256
4772.6			0.7939191962363057
4773.5			0.8076141090727345
4774.4			0.8193081324047095
4775.3			0.8227815160167624
4776.2			0.8121362858159115
4777.1			0.7913340398827251
4778.0			0.769906561340972
4778.9			0.7591451243673623
4779.8			0.7607505296342959
4780.7			0.7602058638323327
4781.6			0.7543550354432814
4782.5			0.7548850023356451
4783.4			0.7731750559409721
4784.3			0.8084753842933344
4785.2			0.8389627785475721
4786.1			0.8512960145670834
4787.0			0.8526105594139178
4787.9			0.8521711811974807
4788.8			0.8619382831651786
4789.7			0.8874129605557229
4790.6			0.9102611550704803
4791.5			0.9186107544221404
4792.4			0.9249296779522296
4793.3			0.9414209459946034
4794.2			0.9683690365640562
4795.1			0.9944247865973338
4796.0			1.0033043070412069
4796.9			0.997413397423737
4797.8			0.9919796964845816
4798.7			0.9880255011970123
4799.6			0.9848713234812899
4800.5			0.9903326225238354
4801.4			1.006614307028677
4802.3			1.0256230504739636
4803.2			1.0272253935127764
4804.1			1.0025393249406092
4805.0			0.9697003051028736
4805.9			0.9410035142975681
4806.8			0.9137301820751242
4807.7			0.8980797180262109
4808.6			0.9084046449849307
4809.5			0.9300284067645713
4810.4			0.9398261513735879
4811.3			0.9341105597751129
4812.2			0.9285029122033329
4813.1			0.9435290785996115
4814.0			0.9678866153379893
4814.9			0.9796307244615691
4815.8			0.9818446748079145
4816.7			0.9861205295828209
4817.6			0.992468897847707
4818.5			0.9967278436288144
4819.4			0.9978525655973479
4820.3			0.9999434366364173
4821.2			1.0
4822.1			1.0
4823.0			1.0
4823.9			1.0
4824.8			1.0
4825.7			1.0
4826.6			1.0
4827.5			1.0
4828.4			1.0
4829.3			1.0
4830.2			1.0
4831.1			1.0
4832.0			1.0
4832.9			1.0
4833.8			1.0
4834.7			1.0
4835.6			1.0
4836.5			1.0
4837.4			1.0
4838.3			1.0
4839.2			1.0
4840.1			1.0
4841.0			1.0
4841.9			1.0
4842.8			1.0
4843.7			1.0
4844.6			1.0
4845.5			1.0
4846.4			1.0
4847.3			1.0
4848.2			1.0
4849.1			1.0
4850.0			1.0
4850.9			1.0
4851.8			1.0
4852.7			1.0
4853.6			1.0
4854.5			1.0
4855.4			1.0
4856.3			1.0
4857.2			1.0
4858.1			1.0
4859.0			1.0
4859.9			1.0
4860.8			1.0
4861.7			1.0
4862.6			1.0
4863.5			1.0
4864.4			1.0
4865.3			1.0
4866.2			1.0
4867.1			1.0
4868.0			1.0
4868.9			1.0
4869.8			1.0
4870.7			1.0
4871.6			1.0
4872.5			1.0
4873.4			1.0
4874.3			1.0
4875.2			1.0
4876.1			1.0
4877.0			1.0
4877.9			1.0
4878.8			1.0
4879.7			1.0
4880.6			1.0
4881.5			1.0
4882.4			1.0
4883.3			1.0
4884.2			1.0
4885.1			1.0
4886.0			1.0
4886.9			1.0
4887.8			1.0
4888.7			1.0
4889.6			1.0
4890.5			1.0
4891.4			1.0
4892.3			1.0
4893.2			1.0
4894.1			1.0
4895.0			1.0
4895.9			1.0
4896.8			1.0
4897.7			1.0
4898.6			1.0
4899.5			1.0
4900.4			1.0
4901.3			1.0
4902.2			1.0
4903.1			1.0
4904.0			1.0
4904.9			1.0
4905.8			1.0
4906.7			1.0
4907.6			1.0
4908.5			1.0
4909.4			1.0
4910.3			1.0
4911.2			1.0
4912.1			1.0
4913.0			1.0
4913.9			1.0
4914.8			1.0
4915.7			1.0
4916.6			1.0
4917.5			0.9813862518737514
4918.4			0.9195648693084095
4919.3			0.847281681732309
4920.2			0.8246570652892152
4921.1			0.8763422319463741
4922.0			0.9591417255814483
4922.9			1.0009084757415583
4923.8			1.0
4924.7			1.0
4925.6			1.0
4926.5			1.0
4927.4			1.0
4928.3			1.0
4929.2			1.0
4930.1			1.0
4931.0			1.0
4931.9			1.0
4932.8			1.0
4933.7			0.9759048205195764
4934.6			1.0106638097961078
4935.5			1.0535935923010908
4936.4			1.0491171446437175
4937.3			1.0041011133271984
4938.2			0.9533032835452291
4939.1			0.9358479489693423
4940.0			0.9570221362760198
4940.9			0.9793617916115761
4941.8			1.0
4942.7			1.0182812122103568
4943.6			1.037043150619836
4944.5			1.0390469607526942
4945.4			1.0342695758304
4946.3			1.0620395645350478
4947.2			1.1143582608380478
4948.1			1.1491213012537513
4949.0			1.1571400313426055
4949.9			1.1560959856980908
4950.8			1.1643854406539533
4951.7			1.1730954011670305
4952.6			1.1445099133413805
4953.5			1.052135953679474
4954.4			0.9234105599969608
4955.3			0.8158963594548437
4956.2			0.7377991696034237
4957.1			0.6879276858170597
4958.0			0.7056278468931475
4958.9			0.7812596297292244
4959.8			0.8449484906406435
4960.7			0.8679212562148695
4961.6			0.8665107791958078
4962.5			0.8538737830486912
4963.4			0.8407453585960984
4964.3			0.8450832365863178
4965.2			0.8704407741170448
4966.1			0.8882754396483156
4967.0			0.8807517786906669
4967.9			0.8879212236987649
4968.8			0.9377569244845811
4969.7			0.985053388307169
4970.6			0.9956535142719308
4971.5			1.0023702170155004
4972.4			1.0
4973.3			1.0
4974.2			1.0
4975.1			1.0
4976.0			1.0
4976.9			1.0
4977.8			1.0
4978.7			1.0
4979.6			0.9918681736356639
4980.5			0.9287930740938976
4981.4			0.8239221719203197
4982.3			0.7853063670962825
4983.2			0.8537181754943446
4984.1			0.9509720780505275
4985.0			0.9994241585883102
4985.9			1.0
4986.8			1.0
4987.7			1.0
4988.6			1.0
4989.5			1.0
4990.4			1.0
4991.3			1.0
4992.2			1.0
4993.1			1.0
4994.0			1.0
4994.9			1.0
4995.8			1.0
4996.7			1.0
4997.6			1.0
4998.5			0.9271411223613518
4999.4			0.8500371322421905
5000.3			0.8534894941799116
5001.2			0.9192835023095225
5002.1			0.98246256236113
5003.0			1.0
5003.9			1.0
5004.8			1.0
5005.7			1.0
5006.6			1.0
5007.5			1.0
5008.4			1.0
5009.3			1.0631575579358983
5010.2			1.0999795009512412
5011.1			1.0761444135754086
5012.0			0.9983754237374913
5012.9			0.9069878660490253
5013.8			0.842593654662497
5014.7			0.8382558227340662
5015.6			0.884675049849564
5016.5			0.9362365191815399
5017.4			0.9768856005097312
5018.3			1.0050312018383498
5019.2			1.0
5020.1			1.0
5021.0			1.0
5021.9			1.0
5022.8			1.0
5023.7			1.0
5024.6			1.0
5025.5			1.0
5026.4			1.0
5027.3			1.0
5028.2			1.0
5029.1			1.0
5030.0			1.0
5030.9			1.0
5031.8			1.0
5032.7			1.0
5033.6			1.0
5034.5			1.0
5035.4			1.0
5036.3			1.0
5037.2			1.0227312363417993
5038.1			1.0152424441286922
5039.0			0.9451874747852632
5039.9			0.8607025213487025
5040.8			0.8310074777996409
5041.7			0.8679564162168546
5042.6			0.9233954093233363
5043.5			0.9665628203008975
5044.4			0.9996177328376095
5045.3			1.0
5046.2			1.0
5047.1			1.0
5048.0			0.9859254835514638
5048.9			0.9186141523558244
5049.8			0.8660656149007202
5050.7			0.9013362432950638
5051.6			0.9875655265663114
5052.5			1.0
5053.4			1.0
5054.3			1.0
5055.2			1.0
5056.1			1.0147714243316073
5057.0			1.0593314873212472
5057.9			1.08340256371642
5058.8			1.0629751893180366
5059.7			1.048393936747048
5060.6			1.062610413029494
5061.5			1.0656950646680161
5062.4			1.035963805358521
5063.3			0.9736437318919279
5064.2			0.9058816472411771
5065.1			0.8906255240534866
5066.0			0.9297072075334806
5066.9			0.956866752097892
5067.8			0.9486174860896731
5068.7			0.9410091457841346
5069.6			0.945223071103844
5070.5			0.9317343721046877
5071.4			0.8983710501459159
5072.3			0.8967511719453777
5073.2			0.9514475390225713
5074.1			1.0017966659759105
5075.0			1.0
5075.9			1.0
5076.8			0.9947581536698502
5077.7			1.037872316263157
5078.6			1.0352495207999315
5079.5			0.986119379149121
5080.4			0.9453653665115451
5081.3			0.9164649334673958
5082.2			0.8965791999687845
5083.1			0.9075322689644758
5084.0			0.9467922762369143
5084.9			0.9946174206863585
5085.8			1.036571298568617
5086.7			1.0433612482366892
5087.6			1.0018929857273395
5088.5			1.0
5089.4			1.0
5090.3			1.0
5091.2			1.0
5092.1			1.0676075020690199
5093.0			1.1108604080143325
5093.9			1.0630322190217198
5094.8			0.961755381775504
5095.7			0.9328053882637066
5096.6			1.012169727535301
5097.5			1.080592650791565
5098.4			1.0459393460354454
5099.3			0.968851434772086
5100.2			0.9225496219303432
5101.1			0.909827774396329
5102.0			0.919325910792665
5102.9			0.9358526028017277
5103.8			0.9442691870536847
5104.7			0.9401256154044759
5105.6			0.9246431407496569
5106.5			0.9146924004808381
5107.4			0.9330633707858643
5108.3			0.972367152924748
5109.2			0.9933241541703263
5110.1			0.9879139750068041
5111.0			0.9815106810682339
5111.9			0.9744070397581194
5112.8			0.979409694033771
5113.7			1.0424342854240043
5114.6			1.1272496569125627
5115.5			1.1423140826263645
5116.4			1.1113335012169394
5117.3			1.0
5118.2			0.9958906470299752
5119.1			0.9583390780920659
5120.0			0.9111578388072421
5120.9			0.9073033363462762
5121.8			0.9392230075528946
5122.7			0.9337262634842066
5123.6			0.8829715483811433
5124.5			0.8575931961679748
5125.4			0.8716272393463498
5126.3			0.884854975674294
5127.2			0.8874786785895052
5128.1			0.8804344185105971
5129.0			0.8590260691300919
5129.9			0.8678814369259962
5130.8			0.9427584713102622
5131.7			1.0257077922263584
5132.6			1.0468794039250837
5133.5			1.0191445586783048
5134.4			1.0041300382053302
5135.3			1.030849198071811
5136.2			1.0719436688216215
5137.1			1.0785778119193576
5138.0			1.0308847343960421
5138.9			0.9807190696334721
5139.8			0.9984932091088311
5140.7			1.0
5141.6			1.0
5142.5			1.0
5143.4			1.0
5144.3			1.0
5145.2			1.0
5146.1			1.0
5147.0			1.0
5147.9			1.0
5148.8			0.9894877923935513
5149.7			0.9384166851737024
5150.6			0.8927801384933632
5151.5			0.8438787269376643
5152.4			1.0
5153.3			0.9523325478717366
5154.2			0.9973405213288019
5155.1			1.1054647863206322
5156.0			1.214056305918182
5156.9			1.3074899597697938
5157.8			1.3625788819151634
5158.7			1.3589794630253291
5159.6			1.3629185436791693
5160.5			1.410628652252822
5161.4			1.4078453411207765
5162.3			1.3470161149276052
5163.2			1.3372876235619895
5164.1			1.3440414057325667
5165.0			1.2285199083913418
5165.9			1.0081993969763527
5166.8			0.823339781026203
5167.7			0.7535443590652596
5168.6			0.7788106041482914
5169.5			0.8235107034374908
5170.4			0.8224390062705662
5171.3			0.7683836536612862
5172.2			0.7061534219521117
5173.1			0.7050740154740917
5174.0			0.7847600050303555
5174.9			0.8765837897414005
5175.8			0.9220251677714979
5176.7			0.9260603393627912
5177.6			0.9088320794301197
5178.5			1.0
5179.4			0.944648827336891
5180.3			0.8811389663413305
5181.2			0.8166542968710738
5182.1			0.7589553373623312
5183.0			0.7184539281059382
5183.9			0.7390227697712409
5184.8			0.8357723205376845
5185.7			0.9425341973027169
5186.6			0.9930198361889141
5187.5			1.1450091929351018
5188.4			1.1400897360223436
5189.3			1.1398962591740656
5190.2			1.1296201738001153
5191.1			1.081063943592877
5192.0			1.0176042455043979
5192.9			1.0006011227614033
5193.8			1.0
5194.7			1.0
5195.6			1.0
5196.5			1.0
5197.4			1.0
5198.3			1.0
5199.2			1.0
5200.1			1.0
5201.0			0.9667359231948226
5201.9			0.9356801066951105
5202.8			0.8774988125824126
5203.7			0.7740280410592965
5204.6			0.6643677865117641
5205.5			0.6050288113451222
5206.4			0.5942708683962201
5207.3			0.5871873251532744
5208.2			0.5697284662104312
5209.1			0.5730044667939387
5210.0			0.6338989306009024
5210.9			0.7681553883403744
5211.8			0.9267857972096759
5212.7			1.024740616174365
5213.6			1.0457306479572703
5214.5			1.0294992281573572
5215.4			1.0006774467935429
5216.3			1.0
5217.2			1.0
5218.1			1.0
5219.0			1.0
5219.9			1.0
5220.8			1.0
5221.7			0.9995672165665501
5222.6			0.9612678041169694
5223.5			0.9027358374501214
5224.4			0.8552431578344983
5225.3			0.824106536180012
5226.2			0.7998424116309311
5227.1			0.814876168387196
5228.0			0.8852011624031574
5228.9			0.9598829501232813
5229.8			0.9985994938673907
5230.7			0.9987971803186967
5231.6			1.0
5232.5			1.0
5233.4			1.0
5234.3			1.0
5235.2			1.0
5236.1			1.0
5237.0			1.0
5237.9			1.0
5238.8			1.0
5239.7			1.0
5240.6			0.9647217671857254
5241.5			0.9577143756182481
5242.4			0.9730690829371397
5243.3			0.9892279373495115
5244.2			1.0019116924503049
5245.1			0.9879474158884904
5246.0			0.929242305891929
5246.9			0.8818762457925821
5247.8			0.9016876487489721
5248.7			0.9424030998621963
5249.6			0.9424910718785903
5250.5			0.928962734696868
5251.4			0.9432284564634233
5252.3			0.9748412361228085
5253.2			0.9999413652512951
5254.1			1.0
5255.0			1.0
5255.9			1.0
5256.8			1.0
5257.7			1.0
5258.6			1.0
5259.5			1.0
5260.4			0.9410564380440835
5261.3			0.8719333623318735
5262.2			0.8253460876308925
5263.1			0.7983406547035967
5264.0			0.767363101797914
5264.9			0.738456055809101
5265.8			0.7486687344648397
5266.7			0.8005524390441533
5267.6			0.8143092615460662
5268.5			0.7286444894445545
5269.4			0.6233074617313807
5270.3			0.6368629391736215
5271.2			0.7601980968122891
5272.1			0.8669934435581007
5273.0			0.9153613298212492
5273.9			0.9340536868280357
5274.8			0.9347459808023272
5275.7			0.9355967287676661
5276.6			0.9605736985013199
5277.5			0.9943022246965638
5278.4			1.0017146514462945
5279.3			1.0
5280.2			0.9746899279173856
5281.1			0.9412394060473663
5282.0			0.9016599853301315
5282.9			0.883399691703663
5283.8			0.9045039168851029
5284.7			0.9557467655506554
5285.6			1.0030511236904385
5286.5			1.0
5287.4			1.0
5288.3			1.0
5289.2			1.0
5290.1			1.0
5291.0			1.0
5291.9			1.0
5292.8			1.0196307304266068
5293.7			1.037638950208564
5294.6			1.0354166786587218
5295.5			0.9786687532119561
5296.4			0.8804693420888237
5297.3			0.8112573735124923
5298.2			0.8187313832453144
5299.1			0.8763390901461318
5300.0			0.9305577345134716
5300.9			0.9679338377239202
5301.8			1.0042261262300851
5302.7			1.0
5303.6			1.0
5304.5			1.0
5305.4			1.0
5306.3			1.0
5307.2			1.0
5308.1			1.0
5309.0			1.0
5309.9			1.0
5310.8			1.0
5311.7			1.0
5312.6			1.0
5313.5			1.0
5314.4			1.0
5315.3			1.0
5316.2			1.0
5317.1			1.0
5318.0			1.0
5318.9			1.0
5319.8			1.0
5320.7			1.0
5321.6			1.0
5322.5			1.0
5323.4			1.0
5324.3			0.9860296521367782
5325.2			1.0072782502918443
5326.1			0.9751632452471194
5327.0			0.8467421248015919
5327.9			0.7315075479419695
5328.8			0.751462648196423
5329.7			0.8632859336942494
5330.6			0.9580360783346649
5331.5			0.9980037692318795
5332.4			1.0
5333.3			1.0
5334.2			1.0
5335.1			1.0
5336.0			1.0
5336.9			1.0
5337.8			1.0
5338.7			1.0
5339.6			1.0
5340.5			1.0
5341.4			1.0
5342.3			1.0
5343.2			1.0
5344.1			0.9896825183638696
5345.0			0.9396212319206361
5345.9			0.9009440262936567
5346.8			0.9055415527446562
5347.7			0.8953300940739352
5348.6			0.860490695205045
5349.5			0.8759216490873019
5350.4			0.9516695340246866
5351.3			1.0146283791918114
5352.2			1.023561737029681
5353.1			0.998524514167909
5354.0			1.0
5354.9			1.0
5355.8			1.0
5356.7			1.0
5357.6			1.0
5358.5			1.0
5359.4			1.0
5360.3			1.0
5361.2			1.0
5362.1			1.0
5363.0			1.0
5363.9			1.0
5364.8			1.0
5365.7			1.0
5366.6			1.0
5367.5			1.0
5368.4			0.9919358922434922
5369.3			0.9307935416079471
5370.2			0.8279979092219
5371.1			0.7589654903746733
5372.0			0.796587654166803
5372.9			0.9047415162937119
5373.8			0.9993229771140446
5374.7			1.0
5375.6			1.0
5376.5			1.0
5377.4			1.0
5378.3			1.0
5379.2			1.0
5380.1			1.0
5381.0			0.9859672532319882
5381.9			0.9578079578664574
5382.8			0.9229707866046124
5383.7			0.9098401252554015
5384.6			0.9369537108407002
5385.5			0.9798338399160497
5386.4			0.9996844914711468
5387.3			1.0
5388.2			1.0
5389.1			1.0
5390.0			1.0
5390.9			1.0
5391.8			1.0
5392.7			1.0
5393.6			1.0
5394.5			1.0
5395.4			1.0
5396.3			1.0
5397.2			1.0
5398.1			1.0798587693125665
5399.0			1.1712475380356193
5399.9			1.1957822809773204
5400.8			1.176383272641948
5401.7			1.1648132656213794
5402.6			1.1455593870575491
5403.5			1.0790061052473956
5404.4			0.9758000001957463
5405.3			0.8972028204690773
5406.2			0.9004306896186519
5407.1			0.9572875145356954
5408.0			0.9691250727242906
5408.9			0.9051720406262718
5409.8			0.857197993398024
5410.7			0.8905865175300485
5411.6			0.9538600015653125
5412.5			1.0061896004555535
5413.4			1.0
5414.3			1.0
5415.2			1.0
5416.1			1.0
5417.0			1.0
5417.9			1.0
5418.8			1.0
5419.7			1.0
5420.6			1.0
5421.5			1.0
5422.4			1.024223630700176
5423.3			1.0106927030467694
5424.2			0.9862536980211675
5425.1			0.9931295757416827
5426.0			1.0243297404616347
5426.9			1.0500614546938845
5427.8			1.0117973759815966
5428.7			0.8989050010610523
5429.6			0.81903914218386
5430.5			0.8468728318078741
5431.4			0.9033470132463823
5432.3			0.9062718152301372
5433.2			0.8745840556926666
5434.1			1.0
5435.0			1.0233784105535053
5435.9			1.1133843069206324
5436.8			1.18321379774725
5437.7			1.1818310914396661
5438.6			1.1656406474479126
5439.5			1.196000555790637
5440.4			1.2543336846585385
5441.3			1.2880071946600025
5442.2			1.2886384264883006
5443.1			1.2745496160054235
5444.0			1.237915968626065
5444.9			1.1491241035088526
5445.8			1.0148669605034917
5446.7			0.9103442731916959
5447.6			0.894751041826841
5448.5			0.930851823231462
5449.4			0.9567116540226619
5450.3			0.9575069363285965
5451.2			0.9528598105846315
5452.1			0.957228150283182
5453.0			0.9503416275464971
5453.9			0.9118892279358969
5454.8			0.8604076503982165
5455.7			0.8478223998477429
5456.6			0.9006572580588365
5457.5			0.9688342314377686
5458.4			1.0065580694229854
5459.3			1.011310964414254
5460.2			0.9927153008246247
5461.1			0.9748031985548937
5462.0			0.9697655513880448
5462.9			0.970855985967731
5463.8			0.9799406492425423
5464.7			1.007001250824551
5465.6			1.0446602991650753
5466.5			1.0783645550799446
5467.4			1.0966924356128673
5468.3			1.0818968588336493
5469.2			1.0449402473722589
5470.1			1.024763337701527
5471.0			1.0
5471.9			1.0345538504859983
5472.8			1.031605675035217
5473.7			0.9957086927345139
5474.6			0.9697826385535531
5475.5			0.9589914288342215
5476.4			0.9470105445867998
5477.3			0.9482299740039731
5478.2			0.9761203592859452
5479.1			1.010563959130233
5480.0			1.021224766619789
5480.9			1.0000696914184557
5481.8			1.0
5482.7			1.0
5483.6			1.0
5484.5			1.0
5485.4			1.0
5486.3			1.0
5487.2			1.0
5488.1			1.0
5489.0			1.0
5489.9			1.0
5490.8			1.0
5491.7			1.0
5492.6			1.0
5493.5			1.0
5494.4			1.0
5495.3			1.0
5496.2			1.0
5497.1			1.0
5498.0			1.0
5498.9			1.0
5499.8			1.0
5500.7			1.0
5501.6			1.0
5502.5			1.0
5503.4			1.0
5504.3			1.0
5505.2			1.0
5506.1			1.0
5507.0			1.0
5507.9			1.060818491623085
5508.8			1.0899841764493403
5509.7			1.0562887194714443
5510.6			0.985785760559571
5511.5			0.9193310839513641
5512.4			0.879450909105373
5513.3			0.8689952999759221
5514.2			0.8792164985131435
5515.1			0.9081127075877616
5516.0			0.9487941858844648
5516.9			0.9862270670649462
5517.8			1.0089629205850872
5518.7			1.0072185217784262
5519.6			1.0
5520.5			1.0
5521.4			1.0
5522.3			1.0
5523.2			1.0
5524.1			1.0
5525.0			0.988639876948836
5525.9			0.9770175661282313
5526.8			0.9404204803752051
5527.7			0.9016347811283397
5528.6			0.9143839675993427
5529.5			0.9685302158856219
5530.4			0.9961126009419912
5531.3			1.0
5532.2			1.0
5533.1			1.0
5534.0			1.0
5534.9			1.0
5535.8			1.0
5536.7			1.0
5537.6			1.0
5538.5			1.0
5539.4			1.0
5540.3			1.0
5541.2			1.0
5542.1			1.0
5543.0			1.0
5543.9			1.0
5544.8			1.0
5545.7			1.0
5546.6			1.0
5547.5			1.0
5548.4			1.0
5549.3			1.0
5550.200000000001			1.0
5551.1			1.0
5552.0			1.0
5552.9			1.0
5553.8			1.0
5554.700000000001			1.0
5555.6			1.0
5556.5			1.0
5557.4			1.0
5558.3			1.0077660385155602
5559.200000000001			1.016113917542025
5560.1			1.0104967088404586
5561.0			0.9936456251748411
5561.9			0.9783969807135819
5562.8			0.9755838911503844
5563.700000000001			0.976261787437305
5564.6			0.9630680839127203
5565.5			0.9416416427051334
5566.4			0.937177943716986
5567.3			0.9621500362036457
5568.200000000001			0.9847153641949159
5569.1			0.9822446874773727
5570.0			0.9823880384287796
5570.9			1.000627346638468
5571.8			1.006442265608016
5572.700000000001			0.9929092080257372
5573.6			0.9908449413260038
5574.5			0.9999258964281749
5575.4			1.0
5576.3			1.0
5577.200000000001			1.0
5578.1			1.0
5579.0			1.0
5579.9			1.0
5580.8			1.0
5581.700000000001			1.0
5582.6			1.0
5583.5			1.0
5584.4			1.0
5585.3			1.0
5586.200000000001			0.9589970740947277
5587.1			0.9022372760105836
5588.0			0.8522612967876175
5588.9			0.8294449011814583
5589.8			0.8650245701175026
5590.700000000001			0.9429050615531686
5591.6			1.0
5592.5			1.0024665144219302
5593.4			0.9528833641578347
5594.3			0.9138090016510638
5595.200000000001			0.9420658298279974
5596.1			0.968732108642648
5597.0			0.9038489782932853
5597.9			0.8116572957698551
5598.8			0.8043429097706919
5599.700000000001			0.8594887537399938
5600.6			0.8952055270069449
5601.5			0.9055110827616115
5602.4			0.9199179030831974
5603.3			0.9470807853333072
5604.200000000001			0.9751234031054626
5605.1			0.9966038055016561
5606.0			1.0
5606.9			1.0
5607.8			1.0
5608.700000000001			1.0
5609.6			1.0
5610.5			1.0
5611.4			1.0
5612.3			1.0108979770023843
5613.200000000001			0.991742958607691
5614.1			0.9465576289414852
5615.0			0.9114600849083779
5615.9			0.9162945956223456
5616.8			0.9563897534762407
5617.700000000001			1.0011532921344193
5618.6			1.0171075131891734
5619.5			1.0034512370314719
5620.4			1.0
5621.3			1.0
5622.200000000001			1.0
5623.1			1.0
5624.0			1.0
5624.9			1.0
5625.8			1.0
5626.700000000001			1.0
5627.6			1.0
5628.5			1.0
5629.4			1.0
5630.3			1.0
5631.200000000001			1.0
5632.1			1.0
5633.0			1.0
5633.9			1.0
5634.8			1.0
5635.700000000001			1.0
5636.6			1.0
5637.5			1.0
5638.4			1.0
5639.3			1.0
5640.200000000001			1.0
5641.1			1.0
5642.0			1.0
5642.9			1.0
5643.8			1.0
5644.700000000001			1.0
5645.6			1.0
5646.5			1.0
5647.4			1.0
5648.3			1.0
5649.200000000001			1.0
5650.1			1.0
5651.0			1.0
5651.9			1.0
5652.8			1.0
5653.700000000001			1.0
5654.6			1.0
5655.5			1.0
5656.4			1.0
5657.3			1.0
5658.200000000001			1.0
5659.1			1.0
5660.0			1.0148125113861148
5660.9			0.9809366182792799
5661.8			0.9238957945020491
5662.700000000001			0.9098631553169318
5663.6			0.9450023601207461
5664.5			0.9845599046651506
5665.4			0.9986050110283959
5666.3			1.0
5667.200000000001			1.0
5668.1			1.0
5669.0			1.0
5669.9			1.0
5670.8			1.0
5671.700000000001			1.0
5672.6			1.0
5673.5			1.0
5674.4			1.0
5675.3			1.0
5676.200000000001			1.0
5677.1			1.0
5678.0			1.0
5678.9			1.0
5679.8			1.0
5680.700000000001			1.0
5681.6			1.0
5682.5			1.0
5683.4			1.0
5684.3			1.0
5685.200000000001			1.0133224240484304
5686.1			0.9748099034621552
5687.0			0.917037340208608
5687.9			0.8775304656926834
5688.8			0.8900868306218173
5689.700000000001			0.9484848087443247
5690.6			0.9995147546979097
5691.5			1.0
5692.4			1.0
5693.3			1.0
5694.200000000001			1.0
5695.1			1.0
5696.0			1.0
5696.9			1.0
5697.8			1.0
5698.700000000001			1.0
5699.6			1.0
5700.5			1.0
5701.4			1.0
5702.3			1.0
5703.200000000001			1.0
5704.1			1.0
5705.0			1.0
5705.9			1.0
5706.8			1.0
5707.700000000001			1.0
5708.6			1.0
5709.5			1.0
5710.4			1.0
5711.3			1.0
5712.200000000001			1.0
5713.1			1.0
5714.0			1.0
5714.9			1.0
5715.8			1.0
5716.700000000001			1.0
5717.6			1.0
5718.5			1.0
5719.4			1.0
5720.3			1.0
5721.200000000001			1.0
5722.1			1.0
5723.0			1.0
5723.9			1.0
5724.8			0.9871689446308204
5725.700000000001			0.9679114277129925
5726.6			0.9442644107135932
5727.5			0.9387573175929508
5728.4			0.9706132382861213
5729.3			1.0043408489451373
5730.200000000001			0.9989306932031836
5731.1			1.0
5732.0			1.0
5732.9			1.0
5733.8			1.0
5734.700000000001			1.0
5735.6			1.0
5736.5			1.0
5737.4			1.0
5738.3			1.0
5739.200000000001			1.0
5740.1			1.0
5741.0			1.0
5741.9			1.0
5742.8			1.0
5743.700000000001			1.0
5744.6			1.0
5745.5			1.0
5746.4			1.0
5747.3			1.0
5748.200000000001			1.0
5749.1			1.0
5750.0			1.0074178770207014
5750.9			1.0168373480807396
5751.8			1.019652983078315
5752.700000000001			1.0095179935516452
5753.6			1.008212863378067
5754.5			1.0208479098448269
5755.4			1.0360945234435326
5756.3			1.0463597516883287
5757.200000000001			1.0464242896772238
5758.1			1.0348612681997649
5759.0			1.0071895776452384
5759.9			0.974500578577805
5760.8			0.948299856441826
5761.700000000001			0.9237945328817806
5762.6			0.9095124219398033
5763.5			0.917959889601063
5764.4			0.9377841626281228
5765.3			0.9553279030431525
5766.200000000001			0.966573723379074
5767.1			0.9745796581262051
5768.0			0.9802726778769612
5768.9			0.9874770387526
5769.8			0.999205086240676
5770.700000000001			1.000678045029508
5771.6			0.9926283859760594
5772.5			1.002321704261574
5773.4			1.02237391473305
5774.3			1.0189336869278622
5775.200000000001			1.0007673077363475
5776.1			1.0
5777.0			1.0
5777.9			1.0
5778.8			1.0
5779.700000000001			1.0
5780.6			1.0
5781.5			1.0
5782.4			1.0
5783.3			1.0
5784.200000000001			1.0
5785.1			1.0
5786.0			1.0
5786.9			1.0
5787.8			1.0
5788.700000000001			1.0
5789.6			1.0
5790.5			1.0
5791.4			1.0
5792.3			1.0
5793.200000000001			1.0
5794.1			1.0
5795.0			1.0
5795.9			1.0
5796.8			1.0
5797.700000000001			1.0
5798.6			1.0
5799.5			1.0
5800.4			1.0
5801.3			1.0
5802.200000000001			1.0
5803.1			1.0
5804.0			1.0
5804.9			1.0
5805.8			0.9981252853266597
5806.700000000001			1.0117772291633045
5807.6			1.0242298245317694
5808.5			1.0177726614192588
5809.4			0.994865671482203
5810.3			0.9698762053048936
5811.200000000001			0.9594447261419391
5812.1			0.963372036175586
5813.0			0.9622883688917162
5813.9			0.948915321911997
5814.8			0.9370773944444994
5815.700000000001			0.9301600600633684
5816.6			0.9260423016803148
5817.5			0.9298950877468206
5818.4			0.9406767114288493
5819.3			0.9498603858603092
5820.200000000001			0.9525483680917544
5821.1			0.9531024067789409
5822.0			0.9547803966696407
5822.9			0.9576754701793642
5823.8			0.9654847830529194
5824.700000000001			0.9837849869556811
5825.6			1.0035260867550946
5826.5			1.007690487457738
5827.4			0.9983784667602204
5828.3			1.0
5829.200000000001			1.0
5830.1			1.0
5831.0			1.0
5831.9			1.0
5832.8			1.0
5833.700000000001			1.0
5834.6			1.0
5835.5			1.0
5836.4			1.0
5837.3			1.0
5838.200000000001			1.0
5839.1			1.0
5840.0			1.0
5840.9			1.0
5841.8			1.0
5842.700000000001			1.0
5843.6			1.0
5844.5			1.0
5845.4			1.0
5846.3			1.0
5847.200000000001			1.0
5848.1			1.0
5849.0			1.0
5849.9			1.0
5850.8			1.0
5851.700000000001			1.0
5852.6			1.0
5853.5			1.0
5854.4			1.0
5855.3			0.9782686717022802
5856.200000000001			0.9220154489586829
5857.1			0.87906320351634
5858.0			0.9119239309431142
5858.9			0.9933986918921442
5859.8			1.0
5860.700000000001			1.0
5861.6			1.0
5862.5			1.0
5863.4			1.0
5864.3			1.0
5865.200000000001			1.0
5866.1			1.0
5867.0			1.0
5867.9			1.0
5868.8			1.0
5869.700000000001			1.0
5870.6			0.9976835179629325
5871.5			0.9803313569119266
5872.4			0.96741412138894
5873.3			0.9655721663277227
5874.200000000001			0.9568002970557037
5875.1			0.9372396030872836
5876.0			0.919492219793316
5876.9			0.9095722545792378
5877.8			0.9026982820696925
5878.700000000001			0.8906184464122776
5879.6			0.8737153258648381
5880.5			0.8578382431054017
5881.4			0.8465527123428642
5882.3			0.8369951951844986
5883.200000000001			0.8182539658911814
5884.1			0.775594678196137
5885.0			0.7162728193652931
5885.9			0.6579085815295304
5886.8			0.5951820887775431
5887.700000000001			0.5116954967354571
5888.6			0.4139848760832807
5889.5			0.34521103355495586
5890.4			0.35140787899016646
5891.3			0.4293497167605554
5892.200000000001			0.5202168347213783
5893.1			0.5596801647806859
5894.0			0.5187445652614066
5894.9			0.4314203880515585
5895.8			0.38291816490994535
5896.700000000001			0.4258513930917661
5897.6			0.5249908627436385
5898.5			0.6207358101021808
5899.4			0.6942812379645578
5900.3			0.7513056958534551
5901.200000000001			0.8015715371514622
5902.1			0.848005672810352
5903.0			0.8836846902662265
5903.9			0.9016964293183339
5904.8			0.9086378340482953
5905.700000000001			0.9192638910892371
5906.6			0.9414560945133997
5907.5			0.9714554280397784
5908.4			0.9991501856564524
5909.3			1.0
5910.200000000001			1.0
5911.1			1.0
5912.0			1.0
5912.9			1.0
5913.8			1.0
5914.700000000001			1.0
5915.6			1.0
5916.5			1.0
5917.4			1.0
5918.3			1.0
5919.200000000001			1.0
5920.1			1.0
5921.0			1.0
5921.9			1.0
5922.8			1.0
5923.700000000001			1.0
5924.6			1.0
5925.5			1.0
5926.4			1.0
5927.3			1.0
5928.200000000001			1.0
5929.1			1.0
5930.0			1.0
5930.9			1.0
5931.8			1.0
5932.700000000001			1.0
5933.6			1.0
5934.5			1.0
5935.4			1.0
5936.3			1.0
5937.200000000001			1.0
5938.1			1.0
5939.0			1.0
5939.9			1.0
5940.8			1.0
5941.700000000001			1.0
5942.6			1.0
5943.5			1.0
5944.4			1.0
5945.3			1.0
5946.200000000001			1.0
5947.1			1.0
5948.0			1.0
5948.9			1.0
5949.8			1.0
5950.700000000001			1.0
5951.6			1.0
5952.5			0.9986047847856531
5953.4			1.0143605287730744
5954.3			1.025072898089733
5955.200000000001			0.998689515928361
5956.1			0.9599619303024061
5957.0			0.9458123378957685
5957.9			0.9575481072711297
5958.8			0.9748433857991808
5959.700000000001			0.9932402605163938
5960.6			1.0068309642176483
5961.5			1.0005616298923572
5962.4			1.0
5963.3			1.0
5964.200000000001			1.0
5965.1			1.0
5966.0			1.0
5966.9			1.0
5967.8			1.0125078872382414
5968.700000000001			1.0359722822370978
5969.6			1.0466453147677626
5970.5			1.0234216442954165
5971.4			0.9839985295118997
5972.3			0.9621893153902553
5973.200000000001			0.9636159212182429
5974.1			0.9751548454833762
5975.0			0.9891288014485505
5975.9			1.0001459424476253
5976.8			0.9998169713579588
5977.700000000001			1.0
5978.6			1.0
5979.5			1.0
5980.4			1.0
5981.3			1.0
5982.200000000001			1.0
5983.1			1.0
5984.0			1.0
5984.9			1.0
5985.8			1.0
5986.700000000001			1.0
5987.6			1.0
5988.5			1.0
5989.4			1.0185591795052413
5990.3			1.0401996175704835
5991.200000000001			1.0573646634266178
5992.1			1.0780998749184498
5993.0			1.0943676484984965
5993.9			1.094493671784494
5994.8			1.0850222866908208
5995.700000000001			1.0685198229891588
5996.6			1.046024941012774
5997.5			1.028334227426098
5998.4			1.015173759482358
5999.3			0.9997344824330514
6000.200000000001			0.9892342541653024
6001.1			0.9804725398081064
6002.0			0.9653000009668646
6002.9			0.9657936546848008
6003.8			0.989615010698454
6004.700000000001			1.0015812066744305
6005.6			0.9917183218771287
6006.5			0.9870548165986197
6007.4			0.9911667781833636
6008.3			0.9889007335948864
6009.200000000001			0.9841876385471324
6010.1			0.9878984651690056
6011.0			0.9998308422137631
6011.9			1.006518607317399
6012.8			0.9994612791147197
6013.700000000001			0.9934867778134597
6014.6			0.9982958791213848
6015.5			1.0
6016.4			1.0
6017.3			1.0
6018.200000000001			1.0
6019.1			1.0
6020.0			1.0
6020.9			1.0
6021.8			1.0
6022.700000000001			1.0
6023.6			1.0
6024.5			1.0
6025.4			1.0
6026.3			1.0
6027.200000000001			1.0
6028.1			1.0
6029.0			1.0
6029.9			1.0
6030.8			1.0
6031.700000000001			1.0
6032.6			1.0
6033.5			1.0
6034.4			1.0052879478848442
6035.3			0.9809576588878361
6036.200000000001			0.9378637688460194
6037.1			0.9260332045192781
6038.0			0.9554768384642877
6038.9			0.987081757164998
6039.8			0.9988725631734353
6040.700000000001			1.0
6041.6			1.0
6042.5			1.0
6043.4			1.0
6044.3			1.0
6045.200000000001			1.0
6046.1			1.0
6047.0			1.0
6047.9			1.0
6048.8			1.0
6049.700000000001			1.0
6050.6			1.0
6051.5			1.0
6052.4			1.0
6053.3			1.0
6054.200000000001			1.0
6055.1			1.0
6056.0			1.0
6056.9			1.0
6057.8			1.0
6058.700000000001			1.0
6059.6			1.0
6060.5			1.0
6061.4			1.0
6062.3			0.9976761882918113
6063.200000000001			0.9703870371541741
6064.1			0.9298627880885374
6065.0			0.9023054736676338
6065.9			0.92014670219403
6066.8			0.9654766265502522
6067.700000000001			0.9999502704869314
6068.6			1.0
6069.5			1.0
6070.4			1.0
6071.3			1.0
6072.200000000001			1.0
6073.1			1.0
6074.0			1.0
6074.9			1.005838970410942
6075.8			1.0190683030395384
6076.700000000001			1.0254320826144452
6077.6			1.014660790203047
6078.5			0.9874079043439478
6079.4			0.9616528973486569
6080.3			0.9528612047547512
6081.200000000001			0.9552661099764216
6082.1			0.9638602308050586
6083.0			0.9833516474229521
6083.9			1.0023381875842536
6084.8			1.0040199330476036
6085.700000000001			1.0003257671277943
6086.6			1.0
6087.5			1.0
6088.4			1.0
6089.3			1.0
6090.200000000001			1.0
6091.1			1.0
6092.0			1.0
6092.9			1.0
6093.8			1.0
6094.700000000001			1.0
6095.6			1.0
6096.5			1.0
6097.4			1.0
6098.3			1.0
6099.200000000001			1.0
6100.1			0.9868490078769981
6101.0			0.9035632511744831
6101.9			0.7915638913182864
6102.8			0.7475448811895018
6103.700000000001			0.8167469870852163
6104.6			0.9311360502794074
6105.5			1.0004669910722348
6106.4			1.0
6107.3			1.0
6108.200000000001			1.0
6109.1			1.0
6110.0			1.0
6110.9			1.0
6111.8			1.0
6112.700000000001			1.0
6113.6			1.0
6114.5			1.0
6115.4			1.0
6116.3			1.0
6117.200000000001			1.0
6118.1			1.0
6119.0			0.9757007716386578
6119.9			0.911129542119271
6120.8			0.8100595444474367
6121.700000000001			0.7197322384304932
6122.6			0.7146597421853221
6123.5			0.811116384887761
6124.4			0.9222682940866735
6125.3			0.9792272167467015
6126.200000000001			1.000382443934476
6127.1			1.0
6128.0			1.0
6128.9			1.0
6129.8			1.0
6130.700000000001			1.0
6131.6			1.0
6132.5			1.0
6133.4			0.9943749885015202
6134.3			0.9867654841175006
6135.200000000001			0.9621935331074163
6136.1			0.9294498990465933
6137.0			0.9133262954965273
6137.9			0.9389511296611798
6138.8			0.9883537488817722
6139.700000000001			1.0086683253312292
6140.6			0.9976761218646517
6141.5			1.0
6142.4			1.0
6143.3			1.0
6144.200000000001			1.0
6145.1			1.0
6146.0			1.0
6146.9			1.0
6147.8			0.975628194098128
6148.700000000001			1.0
6149.6			0.9632420306094184
6150.5			0.9966563305943017
6151.4			1.0462852595935843
6152.3			1.0665056982810472
6153.200000000001			1.0616630712269077
6154.1			1.0570549169371553
6155.0			1.0695546331524888
6155.9			1.0885800418739453
6156.8			1.0812152302456564
6157.700000000001			1.0302198678635788
6158.6			0.9501513580579132
6159.5			0.8568645762818549
6160.4			0.757302278349913
6161.3			0.6635040119786895
6162.200000000001			0.6182663092334774
6163.1			0.6613174358614776
6164.0			0.7599553931527268
6164.9			0.8381229168850405
6165.8			0.8749634811471572
6166.700000000001			0.9013603016751427
6167.6			0.9048113983888063
6168.5			0.8616909825581917
6169.4			0.8397276106642673
6170.3			0.8986471362948083
6171.200000000001			0.9860887324464142
6172.1			1.0345409450118352
6173.0			1.0322902453935257
6173.9			1.0047735740064299
6174.8			0.997642963640784
6175.700000000001			1.0
6176.6			1.0
6177.5			1.0
6178.4			1.0
6179.3			1.0
6180.200000000001			1.0
6181.1			1.0
6182.0			1.0
6182.9			1.0
6183.8			0.9948156176789624
6184.700000000001			0.9770928183693073
6185.6			0.9438164381833671
6186.5			0.9125769790580144
6187.4			0.9016971186011666
6188.3			0.9035409334269275
6189.200000000001			0.8976491846558993
6190.1			0.8734775245399172
6191.0			0.8422312990884298
6191.9			0.8343611033943784
6192.8			0.8595940394126494
6193.700000000001			0.8927080524170125
6194.6			0.9099307062786941
6195.5			0.914916447251954
6196.4			0.9270568767218937
6197.3			0.9445364926486366
6198.200000000001			0.943266746381719
6199.1			0.9227297403966418
6200.0			0.9154087013435972
6200.9			0.9432999984402963
6201.8			0.9861866832929719
6202.700000000001			1.010639040485965
6203.6			1.010979292003466
6204.5			1.0013666257628653
6205.4			0.9975290840407058
6206.3			1.0062705280380282
6207.200000000001			1.0224004729489364
6208.1			1.0312974496561724
6209.0			1.016006950125684
6209.9			0.9804130307519039
6210.8			0.959588014194503
6211.700000000001			0.9640452000919936
6212.6			0.9581032234760369
6213.5			0.9167738720286589
6214.4			0.8550562127224121
6215.3			0.8019783637675382
6216.200000000001			0.7901085188412622
6217.1			0.8228713894396558
6218.0			0.8586908621598695
6218.9			0.875695783930815
6219.8			0.8896977853377295
6220.700000000001			0.8984775388501262
6221.6			0.8818248049672971
6222.5			0.8478090380750688
6223.4			0.8236608827180636
6224.3			0.8191275152983433
6225.200000000001			0.8253319261921631
6226.1			1.0
6227.0			1.0107418313069012
6227.9			1.0152747140293015
6228.8			0.998941344337756
6229.700000000001			0.9636216373938487
6230.6			0.9375884079256791
6231.5			0.9442246654295761
6232.4			0.9715416376298239
6233.3			0.991668317694217
6234.200000000001			1.0027792949066994
6235.1			0.9373996552524434
6236.0			0.9473288162334761
6236.9			0.9450026675004739
6237.8			0.9250130074030938
6238.700000000001			0.8969707713578595
6239.6			0.8891499390947604
6240.5			0.9109637093945516
6241.4			0.9216686114728887
6242.3			0.896376373760526
6243.200000000001			0.8789587648641346
6244.1			0.9050055129814637
6245.0			0.9479349144870971
6245.9			0.9805368795157509
6246.8			1.0019828703118883
6247.700000000001			1.0058360424713644
6248.6			0.9992164824990171
6249.5			1.0
6250.4			1.0
6251.3			1.0
6252.200000000001			1.0
6253.1			1.0
6254.0			1.0
6254.9			1.0
6255.8			0.9958722929909757
6256.700000000001			0.9634551832811293
6257.6			0.9087275918056978
6258.5			0.8727641830563332
6259.4			0.8963430033340737
6260.3			0.9531800600490526
6261.200000000001			0.9999028978395668
6262.1			1.0
6263.0			1.0
6263.9			1.0
6264.8			1.0
6265.700000000001			1.0
6266.6			1.0
6267.5			1.0
6268.4			1.0
6269.3			1.0
6270.200000000001			1.0
6271.1			1.0
6272.0			1.0
6272.9			1.0003488960453317
6273.8			0.9724071386336746
6274.700000000001			0.9333138731116655
6275.6			0.9139295475005503
6276.5			0.9293447783842363
6277.4			0.9670422695137345
6278.3			0.9988488800416215
6279.200000000001			1.0
6280.1			1.0
6281.0			1.0
6281.9			1.0
6282.8			1.0
6283.700000000001			1.0
6284.6			1.0
6285.5			1.0
6286.4			1.0
6287.3			1.0
6288.200000000001			1.0
6289.1			1.0
6290.0			0.9881865976510276
6290.9			0.9713254594833898
6291.8			0.953346363983989
6292.700000000001			0.9473775375282635
6293.6			0.9564930945931094
6294.5			0.9617892935251955
6295.4			0.9469427739698529
6296.3			0.9307109310488783
6297.200000000001			0.9478929615568137
6298.1			0.9975737960267304
6299.0			1.0355611753349527
6299.9			1.0241111121367423
6300.8			0.9818436530947803
6301.700000000001			0.9679860145786496
6302.6			0.9999883224833416
6303.5			1.0
6304.4			1.0
6305.3			1.0
6306.200000000001			1.0
6307.1			1.0
6308.0			1.0
6308.9			1.0
6309.8			1.0
6310.700000000001			1.0
6311.6			1.0
6312.5			1.0
6313.4			1.0
6314.3			1.0
6315.200000000001			1.0
6316.1			1.0
6317.0			1.0
6317.9			1.0
6318.8			1.0
6319.700000000001			1.0
6320.6			1.0
6321.5			1.0
6322.4			1.0
6323.3			1.0
6324.200000000001			1.0
6325.1			1.0
6326.0			1.0
6326.9			1.0
6327.8			1.0
6328.700000000001			1.0
6329.6			1.0
6330.5			1.0
6331.4			1.0
6332.3			1.0
6333.200000000001			1.0
6334.1			1.0
6335.0			1.0
6335.9			1.0
6336.8			1.0
6337.700000000001			1.0
6338.6			1.0
6339.5			1.0
6340.4			1.0
6341.3			1.0
6342.200000000001			1.0
6343.1			1.0
6344.0			1.0
6344.9			1.0
6345.8			1.0
6346.700000000001			1.0
6347.6			1.0
6348.5			1.0
6349.4			1.0
6350.3			1.0027049667965793
6351.200000000001			1.014214562095856
6352.1			1.0165335745212063
6353.0			1.002730372525396
6353.9			0.9911072130652752
6354.8			0.9915869729903893
6355.700000000001			0.992931950194702
6356.6			0.9788474363228655
6357.5			0.9515136892489496
6358.4			0.9343627268169842
6359.3			0.9427551595087564
6360.200000000001			0.9616546894264207
6361.1			0.9676213260209241
6362.0			0.957195164917974
6362.9			0.9517158942681831
6363.8			0.964905902169401
6364.700000000001			0.9863229256202986
6365.6			1.0012455118928025
6366.5			0.9994409586135986
6367.4			1.0
6368.3			1.0
6369.200000000001			1.0205962598802
6370.1			1.0449026096008336
6371.0			1.0637533504006875
6371.9			1.0707715336985202
6372.8			1.059959072532796
6373.700000000001			1.0392014004876118
6374.6			1.0228691337921805
6375.5			1.0226697086815977
6376.4			1.034440070944826
6377.3			1.031820160001951
6378.200000000001			1.0012336177382992
6379.1			0.9556662998951344
6380.0			0.9100439427809286
6380.9			0.884833387452374
6381.8			0.9041475842449281
6382.700000000001			0.9580665634475517
6383.6			0.9999351789315415
6384.5			1.0041747858714087
6385.4			0.9901148193310729
6386.3			0.9676046456920964
6387.200000000001			0.934664382206037
6388.1			0.922057853192351
6389.0			0.9582004038241827
6389.9			1.0185032236167004
6390.8			1.049056215005087
6391.700000000001			1.0315864121396594
6392.6			1.0007643489263878
6393.5			1.0
6394.4			1.0
6395.3			1.0
6396.200000000001			1.0
6397.1			1.0
6398.0			1.0
6398.9			1.0
6399.8			1.0
6400.700000000001			1.0
6401.6			1.0
6402.5			1.0
6403.4			1.0
6404.3			1.0
6405.200000000001			1.0
6406.1			1.0
6407.0			1.0
6407.9			1.0
6408.8			1.0
6409.700000000001			1.0
6410.6			1.0
6411.5			1.0
6412.4			1.0
6413.3			1.0
6414.200000000001			1.0
6415.1			1.0
6416.0			1.0
6416.9			1.0
6417.8			1.0
6418.700000000001			1.0
6419.6			1.0
6420.5			1.0
6421.4			1.0
6422.3			1.0
6423.200000000001			1.0
6424.1			1.0
6425.0			1.0
6425.9			1.0
6426.8			1.0
6427.700000000001			1.0
6428.6			1.0
6429.5			1.0
6430.4			1.0
6431.3			1.0
6432.200000000001			1.0
6433.1			1.0
6434.0			1.0
6434.9			1.0
6435.8			1.0
6436.700000000001			0.9675260405020233
6437.6			0.8944238881421815
6438.5			0.8116494063038819
6439.4			0.8000636794831201
6440.3			0.8756255185239306
6441.200000000001			0.959540484548275
6442.1			0.998644222869639
6443.0			1.0
6443.9			1.0
6444.8			1.0
6445.700000000001			1.0
6446.6			0.9846228213221424
6447.5			0.9507875818968006
6448.4			0.8972860453187087
6449.3			0.8574060732852989
6450.200000000001			0.8741549917134467
6451.1			0.9380084118663867
6452.0			0.998705985448674
6452.9			1.0
6453.8			1.0
6454.700000000001			1.0
6455.6			1.0
6456.5			1.0
6457.4			1.0
6458.3			1.0
6459.200000000001			1.0
6460.1			0.9805693988752272
6461.0			0.9031159448067022
6461.9			0.8075986961848729
6462.8			0.7863359010109093
6463.700000000001			0.8573860423311868
6464.6			0.9475770299382578
6465.5			0.9999754444662462
6466.4			1.0
6467.3			1.0
6468.200000000001			1.0
6469.1			0.988351624944829
6470.0			0.9628590367273454
6470.9			0.9293859703056642
6471.8			0.9219692449976632
6472.700000000001			0.9550957438498576
6473.6			0.9879331073712614
6474.5			1.000154403961332
6475.4			1.0
6476.3			1.0
6477.200000000001			1.0
6478.1			1.0
6479.0			1.0
6479.9			1.0040816980920855
6480.8			1.0036845522118762
6481.700000000001			1.0
6482.6			0.9738509961974066
6483.5			0.9608299540997643
6484.4			0.9676719635988752
6485.3			0.9872285905342025
6486.200000000001			1.0073742882284373
6487.1			1.0138430756436918
6488.0			1.0092897474151976
6488.9			1.0134273062051664
6489.8			1.0268010571586204
6490.700000000001			1.023086579930377
6491.6			0.9859967934039494
6492.5			0.9143051981923431
6493.4			0.8339560678459096
6494.3			0.8051992386233098
6495.200000000001			0.84613347000664
6496.1			0.9078305283197681
6497.0			0.9428110849762653
6497.9			0.9360879226638493
6498.8			0.9093797902038441
6499.700000000001			0.9135265690871699
6500.6			0.9603310054759809
6501.5			1.0109281093492641
6502.4			1.035495356592545
6503.3			1.0332166272829924
6504.200000000001			1.0269359428211116
6505.1			1.0395123216325628
6506.0			1.0574507766802919
6506.9			1.05186632049398
6507.8			1.0310664550653739
6508.700000000001			1.0282531091705274
6509.6			1.0527773222709513
6510.5			1.0676015549041562
6511.4			1.0533291639117197
6512.3			1.0323892644983141
6513.200000000001			1.0210684998803927
6514.1			1.0219622087202522
6515.0			1.030119209838601
6515.9			1.0380245543382476
6516.8			1.0438270340196096
6517.700000000001			1.0458926657371554
6518.6			1.046650427113239
6519.5			1.054819130533585
6520.4			1.0649111602723824
6521.3			1.0648990344703704
6522.200000000001			1.0625298403414922
6523.1			1.0625060013524306
6524.0			1.0607183473767525
6524.9			1.0592970424976242
6525.8			1.0635500623448402
6526.700000000001			1.0777825129926535
6527.6			1.0987043442101212
6528.5			1.1083335790824755
6529.4			1.0977184353333778
6530.3			1.0828906022234372
6531.200000000001			1.073607636943876
6532.1			1.0716903392360704
6533.0			1.0808538431345853
6533.9			1.0966664545129359
6534.8			1.1088432835994741
6535.700000000001			1.1120329688106836
6536.6			1.1047324908550076
6537.5			1.0915332461653744
6538.4			1.0907807167776462
6539.3			1.1109718677926481
6540.200000000001			1.1276387723885142
6541.1			1.1149779541946525
6542.0			1.0845945645349078
6542.9			1.0626461982646438
6543.8			1.0514512908834235
6544.700000000001			1.0324062523854118
6545.6			1.008090459138613
6546.5			1.0046403076448467
6547.4			1.028567921531812
6548.3			1.049143071664772
6549.200000000001			1.0517611784743084
6550.1			1.0477039309828398
6551.0			1.0362569887918738
6551.9			1.0175141109013512
6552.8			1.0043034156094335
6553.700000000001			0.9982065130653254
6554.6			0.9916245775676389
6555.5			0.9904829277541556
6556.4			1.0043333870489688
6557.3			1.026592097702098
6558.200000000001			1.044847961241953
6559.1			1.058638339274767
6560.0			1.0584636370072722
6560.9			1.0079974614645981
6561.8			0.9107674323772998
6562.700000000001			0.855976196130237
6563.6			0.9027990833729665
6564.5			0.9898611989542017
6565.4			1.0344100510134082
6566.3			1.034424597011118
6567.200000000001			1.0229032021569548
6568.1			1.010222045914348
6569.0			1.0037060920252905
6569.9			1.0074488451895127
6570.8			0.9948211690128266
6571.700000000001			0.952384495942976
6572.6			0.9206857734780517
6573.5			0.9318259037936091
6574.4			0.9739460134770792
6575.3			1.014883653566494
6576.200000000001			1.0333067068882078
6577.1			1.0238352095305665
6578.0			1.0061616931108899
6578.9			1.0020833372663738
6579.8			1.0053626046285344
6580.700000000001			1.0098107976681205
6581.6			1.0216182229683228
6582.5			1.034132832790085
6583.4			1.0406648055859022
6584.3			1.0437356683551882
6585.200000000001			1.0397576487915174
6586.1			1.0323667053336472
6587.0			1.0386060834617397
6587.9			1.0573598873626784
6588.8			1.06931547567915
6589.700000000001			1.066214229877469
6590.6			1.048413655162569
6591.5			1.015132653988429
6592.4			0.9745853705538482
6593.3			0.9513019659941307
6594.200000000001			0.9643900852927019
6595.1			0.9967138815740871
6596.0			1.0232141003769275
6596.9			1.0394077494217313
6597.8			1.0397818987689569
6598.700000000001			1.0268729568633106
6599.6			1.0214659835576136
6600.5			1.0300489534027824
6601.4			1.039616443483179
6602.3			1.0415620047268002
6603.200000000001			1.0348187399774407
6604.1			1.0215236211793102
6605.0			1.009936035794714
6605.9			1.0065845623970524
6606.8			1.0079894805224732
6607.700000000001			1.0020935336423513
6608.6			0.9903195369158281
6609.5			0.9941240446088687
6610.4			1.0142084721085642
6611.3			1.0305180096721358
6612.200000000001			1.0377620347944523
6613.1			1.039163237289422
6614.0			1.033433848746564
6614.9			1.0213582462512671
6615.8			1.009427426406909
6616.700000000001			1.004035993190309
6617.6			1.002755696974621
6618.5			1.0015373361747923
6619.4			0.9975398923213565
6620.3			0.9880669457262234
6621.200000000001			0.9788654622087548
6622.1			0.9757242167852606
6623.0			0.9739391405926346
6623.9			0.9653244687623931
6624.8			0.9463934862564533
6625.700000000001			0.9320568116906399
6626.6			0.9363529981156613
6627.5			0.9496278521674539
6628.4			0.9580076501333481
6629.3			0.9621170831537704
6630.200000000001			0.9656166044002946
6631.1			0.9729175223812409
6632.0			0.9813807562641046
6632.9			0.9780603418049361
6633.8			0.9628542632199677
6634.700000000001			0.9535923095945886
6635.6			0.9539227096687576
6636.5			0.9543096815331661
6637.4			0.9498769024562658
6638.3			0.9451824057277249
6639.200000000001			0.948306089012772
6640.1			0.961222289307998
6641.0			0.9752623690973574
6641.9			0.9759018176029264
6642.8			0.9632136694631995
6643.700000000001			0.9578217300977344
6644.6			0.9692361461562163
6645.5			0.98200495241256
6646.4			0.9828928834525371
6647.3			0.9771256807946379
6648.200000000001			0.9682009573212019
6649.1			0.9446969458380502
6650.0			0.9026988153413965
6650.9			0.8675142901412357
6651.8			0.8675600788258544
6652.700000000001			0.8904101965236327
6653.6			0.9019204253674669
6654.5			0.8958880853886843
6655.4			0.8885562854254706
6656.3			0.888085261554823
6657.200000000001			0.8946419960117664
6658.1			0.898657357408306
6659.0			0.8946412134497603
6659.9			0.8910992906612729
6660.8			0.8922528844561627
6661.700000000001			0.8908684110705647
6662.6			0.8843763341956941
6663.5			0.8819808507931475
6664.4			0.891378797861429
6665.3			0.9067312606637756
6666.200000000001			0.9236686167063458
6667.1			0.9403978128882963
6668.0			0.9506782562215419
6668.9			0.948389190263911
6669.8			0.9433409619705116
6670.700000000001			0.9470715980175122
6671.6			0.9527548343801949
6672.5			0.951086014251627
6673.4			0.9455301200144524
6674.3			0.9404675476327109
6675.200000000001			0.9351283288248335
6676.1			0.9273360872388486
6677.0			0.908456841102632
6677.9			0.8871588407577332
6678.8			0.8818374832420567
6679.700000000001			0.874224082640728
6680.6			0.8415849448557223
6681.5			0.8075226295043145
6682.4			0.802730648018208
6683.3			0.8240370484357397
6684.200000000001			0.8464578376567445
6685.1			0.8522345206032959
6686.0			0.8507479716441491
6686.9			0.8584949079921833
6687.8			0.8718773155850262
6688.700000000001			0.8767440812413771
6689.6			0.8641272228373038
6690.5			0.8461615247375789
6691.4			0.8416332954151171
6692.3			0.8485078646848563
6693.200000000001			0.8518849825397341
6694.1			0.8530844489909585
6695.0			0.8600799074020468
6695.9			0.8649614315686524
6696.8			0.8621354258372323
6697.700000000001			0.8586288935664869
6698.6			0.861696583054176
6699.5			0.8711103221367967
6700.4			0.8845017889842057
6701.3			0.8947335437667512
6702.200000000001			0.8902861840804301
6703.1			0.8754284905097163
6704.0			0.8682898308264152
6704.9			0.8727742647000677
6705.8			0.8773820655121648
6706.700000000001			0.8768859591513869
6707.6			0.8798943604356055
6708.5			0.8900595720877392
6709.4			0.8975788545136733
6710.3			0.8949687302869124
6711.200000000001			0.8846416342429553
6712.1			0.8651383132336183
6713.0			0.8364426423626514
6713.9			0.8110822250221015
6714.8			0.7963337552719502
6715.700000000001			0.7744935484594815
6716.6			0.7353192952597453
6717.5			0.7092884176953708
6718.4			0.7220673863605063
6719.3			0.7505527935108195
6720.200000000001			0.7684880702615269
6721.1			0.7774247489168535
6722.0			0.7772061429714235
6722.9			0.7725817449960365
6723.8			0.7806869361406426
6724.700000000001			0.7954136212807561
6725.6			0.7971493637682837
6726.5			0.7944792869190904
6727.4			0.8045131353864814
6728.3			0.8174863560286012
6729.200000000001			0.8167659740322932
6730.1			0.8057085897965014
6731.0			0.7977882670093326
6731.9			0.79484184064346
6732.8			0.7985660419781846
6733.700000000001			0.8097656186393534
6734.6			0.8165486069342309
6735.5			0.8164550024470189
6736.4			0.8237620832101149
6737.3			0.8287563103470376
6738.200000000001			0.8153050368068
6739.1			1.0
6740.0			1.0049986731711917
6740.9			1.0175244495315168
6741.8			1.020382285691677
6742.700000000001			1.0241299827802643
6743.6			1.0347648912281955
6744.5			1.036481154858144
6745.4			1.01874963301118
6746.3			0.9878321452658818
6747.200000000001			0.9512753338162948
6748.1			0.9277997401646471
6749.0			0.9344418391540542
6749.9			0.9578062734886119
6750.8			0.9716206660100508
6751.700000000001			0.9710526076857323
6752.6			0.970851833987571
6753.5			0.9763932068553111
6754.4			0.9790933945930258
6755.3			0.9817182173945178
6756.200000000001			1.0000233961487055
6757.1			0.8261062879395841
6758.0			0.823819949723088
6758.9			0.7958592131091187
6759.8			0.7786888246713443
6760.700000000001			0.7909424398044645
6761.6			0.8138991335882505
6762.5			0.8230659805673891
6763.4			0.8159034301465292
6764.3			1.0
6765.200000000001			1.016948629238646
6766.1			1.0320966806628569
6767.0			1.0099345126326063
6767.9			0.975249765270351
6768.8			0.976905151482984
6769.700000000001			1.0109445179234167
6770.6			1.0335428085335798
6771.5			1.0196446258211158
6772.4			0.9967114846470924
6773.3			1.0074148448063913
6774.200000000001			1.0490505971973916
6775.1			1.0755307669109526
6776.0			1.0639615343661133
6776.9			1.038307615438436
6777.8			1.0268487016086136
6778.700000000001			1.0327800063986061
6779.6			1.0289541483711249
6780.5			0.9939487745081599
6781.4			0.9489362991823971
6782.3			0.9218947001212227
6783.200000000001			0.9150530328028651
6784.1			0.9195315850360523
6785.0			0.9247583994993961
6785.9			0.9270451135157467
6786.8			0.9321682061012865
6787.700000000001			0.94292599400462
6788.6			0.95141445996955
6789.5			0.9560416200598751
6790.4			0.9595069137553917
6791.3			0.954496972906386
6792.200000000001			0.945410871585258
6793.1			0.9419364067283363
6794.0			0.9485785414811295
6794.9			0.9585823306664488
6795.8			0.9499269658383991
6796.700000000001			0.9349269942261929
6797.6			0.9369334514323622
6798.5			0.9526540791716208
6799.4			0.9784068223945813
6800.3			0.9987021433621022
6801.200000000001			1.0002583208785512
6802.1			0.7933993712119367
6803.0			0.7927366589601403
6803.9			0.7835376983892348
6804.8			0.7703133087588823
6805.700000000001			0.7635775958600415
6806.6			0.7592018030048596
6807.5			0.76092313686179
6808.4			0.7728282017650784
6809.3			1.0
6810.200000000001			0.9850785605986738
6811.1			0.9844634720315376
6812.0			1.0157178473092259
6812.9			1.0490335635467145
6813.8			1.0343667242290664
6814.700000000001			0.9748653947661903
6815.6			0.9351044597389249
6816.5			0.9429045791038368
6817.4			0.9643693806228575
6818.3			0.9581524272068116
6819.200000000001			0.9440731021622601
6820.1			0.9653280586898587
6821.0			1.0000083202022967
6821.9			0.7908581743440596
6822.8			0.7624981631799964
6823.700000000001			0.7482981687639401
6824.6			0.7684172969975213
6825.5			0.7875152922927479
6826.4			0.7737738943796824
6827.3			0.7578600472553827
6828.200000000001			0.773760293833126
6829.1			0.8001074199165357
6830.0			0.79717173791084
6830.9			1.0
6831.8			0.992061268213743
6832.700000000001			1.0176382909496804
6833.6			1.038078300812086
6834.5			1.0242108738231712
6835.4			0.9844442524001517
6836.3			0.9664597011338962
6837.200000000001			0.9863196503589738
6838.1			1.0094986068758607
6839.0			1.0178645090439145
6839.9			1.0186138032932535
6840.8			1.0181592674057325
6841.700000000001			1.022438143430062
6842.6			1.0338008473835043
6843.5			1.0359765229906088
6844.4			1.015111198612802
6845.3			0.987732003238123
6846.200000000001			0.9775288334250326
6847.1			0.9860538401918714
6848.0			1.0015561645453561
6848.9			0.9962890329220992
6849.8			0.9618322901722337
6850.700000000001			0.9331968060943555
6851.6			0.9264466871489542
6852.5			0.9261621231663909
6853.4			0.9382807670117874
6854.3			0.9569698236182473
6855.200000000001			0.9564521424769786
6856.1			0.9449447283481308
6857.0			0.9373031306631925
6857.9			0.9287866566783662
6858.8			0.9182761398265804
6859.700000000001			0.9163497040951228
6860.6			0.9233643191727399
6861.5			0.9286837480876466
6862.4			0.9409057233315631
6863.3			0.975941514065943
6864.200000000001			0.9992662292203592
6865.1			0.9689620509679977
6866.0			0.9274838820234097
6866.9			0.9489115136856281
6867.8			1.0
6868.700000000001			0.9956134360207072
6869.6			0.9470927338061137
6870.5			0.9196333912720325
6871.4			0.946804478876462
6872.3			0.9997320537598023
6873.200000000001			1.008480294545244
6874.1			0.9978856477339154
6875.0			1.0
6875.9			1.0030255324644872
6876.8			1.010287784566531
6877.700000000001			1.0328804033058663
6878.6			1.0530846535293712
6879.5			1.036355368780439
6880.4			0.9869262572119354
6881.3			0.9409654964370946
6882.200000000001			0.9247079563775785
6883.1			0.9316098460800075
6884.0			0.9351232064276751
6884.9			0.9288257739383606
6885.8			0.9276339957329129
6886.700000000001			0.9589015294692902
6887.6			0.995734242499313
6888.5			0.9997996907728376
6889.4			0.8189386804363308
6890.3			0.807582493048134
6891.200000000001			0.8128954522511658
6892.1			0.832986488925734
6893.0			0.8540408897869486
6893.9			0.8534051034457198
6894.8			0.83123189577952
6895.700000000001			0.8207088311816262
6896.6			0.8365303284838594
6897.5			1.0
6898.4			0.9752533858677543
6899.3			0.9338732546203506
6900.200000000001			0.9022565253137048
6901.1			0.8885064469851648
6902.0			0.9060119116365587
6902.9			0.957831666050874
6903.8			1.002798580225809
6904.700000000001			0.8769427512188026
6905.6			0.8691930720994645
6906.5			0.8749695378660304
6907.4			0.8940685424209814
6908.3			0.9089151931561612
6909.200000000001			0.9045611251115392
6910.1			0.8865187731353441
6911.0			0.886944217778237
6911.9			0.9134640527718614
6912.8			0.9337516934441608
6913.700000000001			0.9327198364458114
6914.6			1.0
6915.5			0.9615949636555374
6916.4			0.9200799174489468
6917.3			0.8892350448593155
6918.200000000001			0.8544080230454933
6919.1			0.8378688571557555
6920.0			0.875646812194588
6920.9			0.9414431192837985
6921.8			0.9876666124519662
6922.700000000001			1.0020916119072045
6923.6			0.9336105985920292
6924.5			0.9229979990267348
6925.4			0.9301542875592416
6926.3			0.9423139833939447
6927.200000000001			0.9450636899831911
6928.1			0.9552253487371976
6929.0			0.9793611494575454
6929.9			0.9984200039575954
6930.8			0.999694161415927
6931.700000000001			0.9876875814845717
6932.6			0.9746888448303956
6933.5			0.975392337948534
6934.4			0.9755788968254794
6935.3			0.9665808394271631
6936.200000000001			0.9734456414923878
6937.1			0.9913751953129188
6938.0			0.9963374383785664
6938.9			0.9956352589385636
6939.8			1.0110530642956432
6940.700000000001			1.0319965243028961
6941.6			1.0439670052805967
6942.5			1.0493696110584727
6943.4			1.037884044697276
6944.3			1.0174309919262743
6945.200000000001			1.0250988888431896
6946.1			1.058259514492569
6947.0			1.071997229289429
6947.9			1.0
6948.8			0.9843194449502377
6949.700000000001			0.9979048651611694
6950.6			1.0085488308868542
6951.5			0.9817733940798391
6952.4			0.9483590257079991
6953.3			0.9457767786445492
6954.200000000001			0.9632098867285599
6955.1			0.972263095917031
6956.0			0.9713104905160515
6956.9			0.9816222985245068
6957.8			1.000125083450749
6958.700000000001			1.0
6959.6			1.0
6960.5			1.0
6961.4			1.0
6962.3			1.0
6963.200000000001			1.0
6964.1			1.0
6965.0			1.0
6965.9			1.0
6966.8			1.0
6967.700000000001			1.0
6968.6			1.0
6969.5			1.0
6970.4			1.0
6971.3			1.0
6972.200000000001			1.0
6973.1			1.0
6974.0			1.0
6974.9			1.0
6975.8			1.0158203776024648
6976.700000000001			0.9922429973692573
6977.6			0.9473868395631999
6978.5			0.9373273746517577
6979.4			0.9602016405844264
6980.3			0.9805214061604803
6981.200000000001			0.9974148122532438
6982.1			1.0
6983.0			1.0
6983.9			1.0
6984.8			1.0
6985.700000000001			1.0
6986.6			1.0
6987.5			1.0
6988.4			1.0
6989.3			1.0
6990.200000000001			1.0
6991.1			1.0
6992.0			1.0
6992.9			1.0
6993.8			1.0
6994.700000000001			1.0
6995.6			1.0
6996.5			1.0
6997.4			1.0
6998.3			1.0
6999.200000000001			1.0
7000.1			1.0
7001.0			1.0
7001.9			1.0
7002.8			1.0
7003.700000000001			1.0
7004.6			1.0
7005.5			1.0
7006.4			1.0
7007.3			1.0
7008.200000000001			1.0
7009.1			1.0
7010.0			1.0
7010.9			1.0
7011.8			1.0
7012.700000000001			1.0
7013.6			1.0
7014.5			1.0
7015.4			1.0
7016.3			1.0
7017.200000000001			1.0
7018.1			1.0
7019.0			1.0
7019.9			1.0
7020.8			1.0
7021.700000000001			1.0
7022.6			1.0
7023.5			1.0
7024.4			1.0
7025.3			1.0
7026.200000000001			1.0
7027.1			1.0
7028.0			1.0
7028.9			1.0
7029.8			1.0
7030.700000000001			1.0
7031.6			1.0
7032.5			1.0
7033.4			1.0
7034.3			1.0
7035.200000000001			1.0
7036.1			1.0
7037.0			1.0
7037.9			1.0
7038.8			1.0
7039.700000000001			1.0
7040.6			1.0
7041.5			1.0
7042.4			1.0
7043.3			1.0
7044.200000000001			1.0
7045.1			1.0
7046.0			1.0
7046.9			1.0
7047.8			1.0
7048.700000000001			1.0
7049.6			1.0
7050.5			1.0
7051.4			1.0
7052.3			1.0
7053.200000000001			1.0
7054.1			1.0
7055.0			1.0
7055.9			1.0
7056.8			1.0
7057.700000000001			1.0
7058.6			1.0
7059.5			1.0
7060.4			1.0
7061.3			1.0
7062.200000000001			1.0
7063.1			1.0
7064.0			1.0
7064.9			1.0
7065.8			1.0
7066.700000000001			1.0
7067.6			1.0
7068.5			1.0
7069.4			1.0
7070.3			1.0
7071.200000000001			1.0
7072.1			1.0
7073.0			1.0
7073.9			1.0
7074.8			1.0
7075.700000000001			1.0
7076.6			1.0
7077.5			1.0
7078.4			1.0
7079.3			1.0
7080.200000000001			1.0
7081.1			1.0
7082.0			1.0
7082.9			1.0
7083.8			1.0
7084.700000000001			1.0
7085.6			1.0
7086.5			1.0
7087.4			1.0
7088.3			1.0
7089.200000000001			1.0
7090.1			1.0
7091.0			1.0
7091.9			1.0
7092.8			1.0
7093.700000000001			1.0
7094.6			1.0
7095.5			1.0
7096.4			1.0
7097.3			1.0
7098.200000000001			1.0
7099.1			1.0
7100.0			1.0
7100.9			1.0
7101.8			1.0
7102.700000000001			1.0
7103.6			1.0
7104.5			1.0
7105.4			1.0
7106.3			1.0
7107.200000000001			1.0
7108.1			1.0
7109.0			1.0
7109.9			1.0
7110.8			1.0
7111.700000000001			1.0
7112.6			1.0
7113.5			1.0
7114.4			1.0
7115.3			1.0
7116.200000000001			1.0
7117.1			1.0
7118.0			1.0
7118.9			1.0
7119.8			1.0
7120.700000000001			1.0
7121.6			1.0
7122.5			1.0
7123.4			1.0
7124.3			1.0
7125.200000000001			1.0
7126.1			1.0
7127.0			1.0
7127.9			1.0
7128.8			1.0
7129.700000000001			1.0
7130.6			1.0
7131.5			1.0
7132.4			1.0
7133.3			1.0
7134.200000000001			1.0
7135.1			1.0
7136.0			1.0
7136.9			1.0
7137.8			1.0
7138.700000000001			1.0
7139.6			1.0
7140.5			1.0
7141.4			1.0
7142.3			1.0
7143.200000000001			1.0
7144.1			1.0
7145.0			1.0
7145.9			1.0
7146.8			1.0
7147.700000000001			1.0
7148.6			1.0
7149.5			1.0
7150.4			1.0
7151.3			1.0
7152.200000000001			1.0
7153.1			1.0
7154.0			1.0
7154.9			1.0
7155.8			1.0
7156.700000000001			1.0
7157.6			1.0
7158.5			1.0
7159.4			1.0
7160.3			1.0
7161.200000000001			1.0
7162.1			1.0
7163.0			1.0
7163.9			1.0
7164.8			1.0
7165.700000000001			1.0
7166.6			1.0
7167.5			1.0
7168.4			1.0
7169.3			1.0
7170.200000000001			1.0
7171.1			1.0
7172.0			1.0
7172.9			1.0
7173.8			1.0
7174.700000000001			1.0
7175.6			1.0
7176.5			1.0
7177.4			1.0
7178.3			1.0
7179.200000000001			1.0
7180.1			1.0
7181.0			1.0
7181.9			1.0
7182.8			1.0
7183.700000000001			1.0
7184.6			1.0
7185.5			1.0
7186.4			1.0
7187.3			1.0
7188.200000000001			1.0
7189.1			1.0
7190.0			1.0
7190.9			1.0
7191.8			1.0
7192.700000000001			1.0
7193.6			1.0
7194.5			1.0
7195.4			1.0
7196.3			1.0
7197.200000000001			1.0
7198.1			1.0
7199.0			1.0
7199.9			1.0
7200.8			1.0
7201.700000000001			1.0
7202.6			1.0
7203.5			1.0
7204.4			1.0
7205.3			1.0
7206.200000000001			1.0
7207.1			1.0
7208.0			1.0
7208.9			1.0
7209.8			1.0
7210.700000000001			1.0
7211.6			1.0
7212.5			1.0
7213.4			1.0
7214.3			1.0
7215.200000000001			1.0
7216.1			1.0
7217.0			1.0
7217.9			1.0
7218.8			1.0
7219.700000000001			1.0
7220.6			1.0
7221.5			1.0
7222.4			1.0
7223.3			1.0
7224.200000000001			1.0
7225.1			1.0
7226.0			1.0
7226.9			1.0
7227.8			1.0
7228.700000000001			1.0
7229.6			1.0
7230.5			1.0
7231.4			1.0
7232.3			1.0
7233.200000000001			1.0
7234.1			1.0
7235.0			1.0
7235.9			1.0
7236.8			1.0
7237.700000000001			1.0
7238.6			1.0
7239.5			1.0
7240.4			1.0
7241.3			1.0
7242.200000000001			1.0
7243.1			1.0
7244.0			1.0
7244.9			1.0
7245.8			1.0
7246.700000000001			1.0
7247.6			1.0
7248.5			1.0
7249.4			1.0
7250.3			1.0
7251.200000000001			1.0
7252.1			1.0
7253.0			1.0
7253.9			1.0
7254.8			1.0
7255.700000000001			1.0
7256.6			1.0
7257.5			1.0
7258.4			1.0
7259.3			1.0
7260.200000000001			1.0
7261.1			1.0
7262.0			1.0
7262.9			1.0
7263.8			1.0
7264.700000000001			1.0
7265.6			1.0
7266.5			1.0
7267.4			1.0
7268.3			1.0
7269.200000000001			1.0
7270.1			1.0
7271.0			1.0
7271.9			1.0
7272.8			1.0
7273.700000000001			1.0
7274.6			1.0
7275.5			1.0
7276.4			1.0
7277.3			1.0
7278.200000000001			1.0
7279.1			1.0
7280.0			1.0
7280.9			1.0
7281.8			1.0
7282.700000000001			1.0
7283.6			1.0
7284.5			1.0
7285.4			1.0
7286.3			1.0
7287.200000000001			1.0
7288.1			1.0
7289.0			1.0
7289.9			1.0
7290.8			1.0
7291.700000000001			1.0
7292.6			1.0
7293.5			1.0
7294.4			1.0
7295.3			1.0
7296.200000000001			1.0
7297.1			1.0
7298.0			1.0
7298.9			1.0
7299.8			1.0
7300.700000000001			1.0
7301.6			1.0
7302.5			1.0
7303.4			1.0
7304.3			1.0
7305.200000000001			1.0
7306.1			1.0
7307.0			1.0
7307.9			1.0
7308.8			1.0
7309.700000000001			1.0
7310.6			1.0
7311.5			1.0
7312.4			1.0
7313.3			1.0
7314.200000000001			1.0
7315.1			1.0
7316.0			1.0
7316.9			1.0
7317.8			1.0
7318.700000000001			1.0
7319.6			1.0
7320.5			1.0
7321.4			1.0
7322.3			1.0
7323.200000000001			1.0
7324.1			1.0
7325.0			1.0
7325.9			1.0
7326.8			1.0
7327.700000000001			1.0
7328.6			1.0
7329.5			1.0
7330.4			1.0
7331.3			1.0
7332.200000000001			1.0
7333.1			1.0
7334.0			1.0
7334.9			1.0
7335.8			1.0
7336.700000000001			1.0
7337.6			1.0
7338.5			1.0
7339.4			1.0
7340.3			1.0
7341.200000000001			1.0
7342.1			1.0
7343.0			1.0
7343.9			1.0
7344.8			1.0
7345.700000000001			1.0
7346.6			1.0
7347.5			1.0
7348.4			1.0
7349.3			1.0
7350.200000000001			1.0
7351.1			1.0
7352.0			1.0
7352.9			1.0
7353.8			1.0
7354.700000000001			1.0
7355.6			1.0
7356.5			1.0
7357.4			1.0
7358.3			1.0
7359.200000000001			1.0
7360.1			1.0
7361.0			1.0
7361.9			1.0
7362.8			1.0
7363.700000000001			1.0
7364.6			1.0
7365.5			1.0
7366.4			1.0
7367.3			1.0
7368.200000000001			1.0
7369.1			1.0
7370.0			1.0
7370.9			1.0
7371.8			1.0
7372.700000000001			1.0
7373.6			1.0
7374.5			1.0
7375.4			1.0
7376.3			1.0
7377.200000000001			1.0
7378.1			1.0
7379.0			1.0
7379.9			1.0
7380.8			1.0
7381.700000000001			1.0
7382.6			1.0
7383.5			1.0
7384.4			1.0
7385.3			1.0
7386.200000000001			1.0
7387.1			1.0
7388.0			1.0
7388.9			1.0
7389.8			1.0
7390.700000000001			1.0
7391.6			1.0
7392.5			1.0
7393.4			1.0
7394.3			1.0
7395.200000000001			1.0
7396.1			1.0
7397.0			1.0
7397.9			1.0
7398.8			1.0
7399.700000000001			1.0
7400.6			1.0
7401.5			1.0
7402.4			1.0
7403.3			1.0
7404.200000000001			1.0
7405.1			1.0
7406.0			1.0
7406.9			1.0
7407.8			1.0
7408.700000000001			1.0
7409.6			1.0
7410.5			1.0
7411.4			1.0
7412.3			1.0
7413.200000000001			1.0
7414.1			1.0
7415.0			1.0
7415.9			1.0
7416.8			1.0
7417.700000000001			1.0
7418.6			1.0
7419.5			1.0
7420.4			1.0
7421.3			1.0
7422.200000000001			1.0
7423.1			1.0
7424.0			1.0
7424.9			1.0
7425.8			1.0
7426.700000000001			1.0
7427.6			1.0
7428.5			1.0
7429.4			1.0
