3500.0			1.0
3500.9			1.0
3501.8			1.0
3502.7			1.0
3503.6			1.0
3504.5			1.0
3505.4			1.0
3506.3			1.0
3507.2			1.0
3508.1			1.0
3509.0			1.0
3509.9			1.0
3510.8			1.0
3511.7			1.0
3512.6			1.0
3513.5			1.0
3514.4			1.0
3515.3			1.0
3516.2			1.0
3517.1			1.0
3518.0			1.0
3518.9			1.0
3519.8			1.0
3520.7			1.0
3521.6			1.0
3522.5			1.0
3523.4			1.0
3524.3			1.0
3525.2			1.0
3526.1			1.0
3527.0			1.0
3527.9			1.0
3528.8			1.0
3529.7			1.0
3530.6			1.0
3531.5			1.0
3532.4			1.0
3533.3			1.0
3534.2			1.0
3535.1			1.0
3536.0			1.0
3536.9			1.0
3537.8			1.0
3538.7			1.0
3539.6			1.0
3540.5			1.0
3541.4			1.0
3542.3			1.0
3543.2			1.0
3544.1			1.0
3545.0			1.0
3545.9			1.0
3546.8			1.0
3547.7			1.0
3548.6			1.0
3549.5			1.0
3550.4			1.0
3551.3			1.0
3552.2			1.0
3553.1			1.0
3554.0			1.0
3554.9			1.0
3555.8			1.0
3556.7			1.0
3557.6			1.0
3558.5			1.0
3559.4			1.0
3560.3			1.0
3561.2			1.0
3562.1			1.0
3563.0			1.0
3563.9			1.0
3564.8			1.0
3565.7			1.0
3566.6			1.0
3567.5			1.0
3568.4			1.0
3569.3			1.0
3570.2			1.0
3571.1			1.0
3572.0			1.0
3572.9			1.0
3573.8			1.0
3574.7			1.0
3575.6			1.0
3576.5			1.0
3577.4			1.0
3578.3			1.0
3579.2			1.0
3580.1			1.0
3581.0			1.0
3581.9			1.0
3582.8			1.0
3583.7			1.0
3584.6			1.0
3585.5			1.0
3586.4			1.0
3587.3			1.0
3588.2			1.0
3589.1			1.0
3590.0			1.0
3590.9			1.0
3591.8			1.0
3592.7			1.0
3593.6			1.0
3594.5			1.0
3595.4			1.0
3596.3			1.0
3597.2			1.0
3598.1			1.0
3599.0			1.0
3599.9			1.0
3600.8			1.0
3601.7			1.0
3602.6			1.0
3603.5			1.0
3604.4			1.0
3605.3			1.0
3606.2			1.0
3607.1			1.0
3608.0			1.0
3608.9			1.0
3609.8			1.0
3610.7			1.0
3611.6			1.0
3612.5			1.0
3613.4			1.0
3614.3			1.0
3615.2			1.0
3616.1			1.0
3617.0			1.0
3617.9			1.0
3618.8			1.0
3619.7			1.0
3620.6			1.0
3621.5			1.0
3622.4			1.0
3623.3			1.0
3624.2			1.0
3625.1			1.0
3626.0			1.0
3626.9			1.0
3627.8			1.0
3628.7			1.0
3629.6			1.0
3630.5			1.0
3631.4			1.0
3632.3			1.0
3633.2			1.0
3634.1			1.0
3635.0			1.0
3635.9			1.0
3636.8			1.0
3637.7			1.0
3638.6			1.0
3639.5			1.0
3640.4			1.0
3641.3			1.0
3642.2			1.0
3643.1			1.0
3644.0			1.0
3644.9			1.0
3645.8			1.0
3646.7			1.0
3647.6			1.0
3648.5			1.0
3649.4			1.0
3650.3			1.0
3651.2			1.0
3652.1			1.0
3653.0			1.0
3653.9			1.0
3654.8			1.0
3655.7			1.0
3656.6			1.0
3657.5			1.0
3658.4			1.0
3659.3			1.0
3660.2			1.0
3661.1			1.0
3662.0			1.0
3662.9			1.0
3663.8			1.0
3664.7			1.0
3665.6			1.0
3666.5			1.0
3667.4			1.0
3668.3			1.0
3669.2			1.0
3670.1			1.0
3671.0			1.0
3671.9			1.0
3672.8			1.0
3673.7			1.0
3674.6			1.0
3675.5			1.0
3676.4			1.0
3677.3			1.0
3678.2			1.0
3679.1			1.0
3680.0			1.0
3680.9			1.0
3681.8			1.0
3682.7			1.0
3683.6			1.0
3684.5			1.0
3685.4			1.0
3686.3			1.0
3687.2			1.0
3688.1			1.0
3689.0			1.0
3689.9			1.0
3690.8			1.0
3691.7			1.0
3692.6			1.0
3693.5			1.0
3694.4			1.0
3695.3			1.0
3696.2			1.0
3697.1			1.0
3698.0			1.0
3698.9			1.0
3699.8			1.0
3700.7			1.0
3701.6			1.0
3702.5			1.0
3703.4			1.0
3704.3			1.0
3705.2			1.0
3706.1			1.0
3707.0			1.0
3707.9			1.0
3708.8			1.0
3709.7			1.0
3710.6			1.0
3711.5			1.0
3712.4			1.0
3713.3			1.0
3714.2			1.0
3715.1			1.0
3716.0			1.0
3716.9			1.0
3717.8			1.0
3718.7			1.0
3719.6			1.0
3720.5			1.0
3721.4			1.0
3722.3			1.0
3723.2			1.0
3724.1			1.0
3725.0			1.0
3725.9			1.0
3726.8			1.0
3727.7			1.0
3728.6			1.0
3729.5			1.0
3730.4			1.0
3731.3			1.0
3732.2			1.0
3733.1			1.0
3734.0			1.0
3734.9			1.0
3735.8			1.0
3736.7			1.0
3737.6			1.0
3738.5			1.0
3739.4			1.0
3740.3			1.0
3741.2			1.0
3742.1			1.0
3743.0			1.0
3743.9			1.0
3744.8			1.0
3745.7			1.0
3746.6			1.0
3747.5			1.0
3748.4			1.0
3749.3			1.0
3750.2			1.0
3751.1			1.0
3752.0			1.0
3752.9			1.0
3753.8			1.0
3754.7			1.0
3755.6			1.0
3756.5			1.0
3757.4			1.0
3758.3			1.0
3759.2			1.0
3760.1			1.0
3761.0			1.0
3761.9			1.0
3762.8			1.0
3763.7			1.0
3764.6			1.0
3765.5			1.0
3766.4			1.0
3767.3			1.0
3768.2			1.0
3769.1			1.0
3770.0			1.0
3770.9			1.0
3771.8			1.0
3772.7			1.0
3773.6			1.0
3774.5			1.0
3775.4			1.0
3776.3			1.0
3777.2			1.0
3778.1			1.0
3779.0			1.0
3779.9			1.0
3780.8			1.0
3781.7			1.0
3782.6			1.0
3783.5			1.0
3784.4			1.0
3785.3			1.0
3786.2			1.0
3787.1			1.0
3788.0			1.0
3788.9			1.0
3789.8			1.0
3790.7			1.0
3791.6			1.0
3792.5			1.0
3793.4			1.0
3794.3			1.0
3795.2			1.0
3796.1			1.0
3797.0			1.0
3797.9			1.0
3798.8			1.0
3799.7			1.0
3800.6			1.0
3801.5			1.0
3802.4			1.0
3803.3			1.0
3804.2			1.0
3805.1			1.0
3806.0			1.0
3806.9			1.0
3807.8			1.0
3808.7			1.0
3809.6			1.0
3810.5			1.0
3811.4			1.0
3812.3			1.0
3813.2			1.0
3814.1			1.0
3815.0			1.0
3815.9			1.0
3816.8			1.0
3817.7			1.0
3818.6			1.0
3819.5			1.0
3820.4			1.0
3821.3			1.0
3822.2			1.0
3823.1			1.0
3824.0			1.0
3824.9			1.0
3825.8			1.0
3826.7			1.0
3827.6			1.0
3828.5			1.0
3829.4			1.0
3830.3			1.0
3831.2			1.0
3832.1			1.0
3833.0			1.0
3833.9			1.0
3834.8			1.0
3835.7			1.0
3836.6			1.0
3837.5			1.0
3838.4			1.0
3839.3			1.0
3840.2			1.0
3841.1			1.0
3842.0			1.0
3842.9			1.0
3843.8			1.0
3844.7			1.0
3845.6			1.0
3846.5			1.0
3847.4			1.0
3848.3			1.0
3849.2			1.0
3850.1			1.0
3851.0			1.0
3851.9			1.0
3852.8			1.0
3853.7			1.0
3854.6			1.0
3855.5			1.0
3856.4			1.0
3857.3			1.0
3858.2			1.0
3859.1			1.0
3860.0			1.0
3860.9			1.0
3861.8			1.0
3862.7			1.0
3863.6			1.0
3864.5			1.0
3865.4			1.0
3866.3			1.0
3867.2			1.0
3868.1			1.0
3869.0			1.0
3869.9			1.0
3870.8			1.0
3871.7			1.0
3872.6			1.0
3873.5			1.0
3874.4			1.0
3875.3			1.0
3876.2			1.0
3877.1			1.0
3878.0			1.0
3878.9			1.0
3879.8			1.0
3880.7			1.0
3881.6			1.0
3882.5			1.0
3883.4			1.0
3884.3			1.0
3885.2			1.0
3886.1			1.0
3887.0			1.0
3887.9			1.0
3888.8			1.0
3889.7			1.0
3890.6			1.0
3891.5			1.0
3892.4			1.0
3893.3			1.0
3894.2			1.0
3895.1			1.0
3896.0			1.0
3896.9			1.0
3897.8			1.0
3898.7			1.0
3899.6			1.0
3900.5			1.0
3901.4			1.0
3902.3			1.0
3903.2			1.0
3904.1			1.0
3905.0			1.0
3905.9			1.0
3906.8			1.0
3907.7			1.0
3908.6			1.0
3909.5			1.0
3910.4			1.0
3911.3			1.0
3912.2			1.0
3913.1			1.0
3914.0			1.0
3914.9			1.0
3915.8			1.0
3916.7			1.0
3917.6			1.0
3918.5			1.0
3919.4			1.0
3920.3			1.0
3921.2			1.0
3922.1			1.0
3923.0			1.0
3923.9			1.0
3924.8			1.0
3925.7			1.0
3926.6			1.0
3927.5			1.0
3928.4			1.0
3929.3			1.0
3930.2			1.0
3931.1			1.0
3932.0			1.0
3932.9			1.0
3933.8			1.0
3934.7			1.0
3935.6			1.0
3936.5			1.0
3937.4			1.0
3938.3			1.0
3939.2			1.0
3940.1			1.0
3941.0			1.0
3941.9			1.0
3942.8			1.0
3943.7			1.0
3944.6			1.0
3945.5			1.0
3946.4			1.0
3947.3			1.0
3948.2			1.0
3949.1			1.0
3950.0			1.0
3950.9			1.0
3951.8			1.0
3952.7			1.0
3953.6			1.0
3954.5			1.0
3955.4			1.0
3956.3			1.0
3957.2			1.0
3958.1			1.0
3959.0			1.0
3959.9			1.0
3960.8			1.0
3961.7			1.0
3962.6			1.0
3963.5			1.0
3964.4			1.0
3965.3			1.0
3966.2			1.0
3967.1			1.0
3968.0			1.0
3968.9			1.0
3969.8			1.0
3970.7			1.0
3971.6			1.0
3972.5			1.0
3973.4			1.0
3974.3			1.0
3975.2			1.0
3976.1			1.0
3977.0			1.0
3977.9			1.0
3978.8			1.0
3979.7			1.0
3980.6			1.0
3981.5			1.0
3982.4			1.0
3983.3			1.0
3984.2			1.0
3985.1			1.0
3986.0			1.0
3986.9			1.0
3987.8			1.0
3988.7			1.0
3989.6			1.0
3990.5			1.0
3991.4			1.0
3992.3			1.0
3993.2			1.0
3994.1			1.0
3995.0			1.0
3995.9			1.0
3996.8			1.0
3997.7			1.0
3998.6			1.0
3999.5			1.0
4000.4			1.0
4001.3			1.0
4002.2			1.0
4003.1			1.0
4004.0			1.0
4004.9			1.0
4005.8			1.0
4006.7			1.0
4007.6			1.0
4008.5			1.0
4009.4			1.0
4010.3			1.0
4011.2			1.0
4012.1			1.0
4013.0			1.0
4013.9			1.0
4014.8			1.0
4015.7			1.0
4016.6			1.0
4017.5			1.0
4018.4			1.0
4019.3			1.0
4020.2			1.0
4021.1			1.0
4022.0			1.0
4022.9			1.0
4023.8			1.0
4024.7			1.0
4025.6			1.0
4026.5			1.0
4027.4			1.0
4028.3			1.0811663002810477
4029.2			1.030988170496516
4030.1			0.8159935406226283
4031.0			0.638137703033873
4031.9			0.5906265958402215
4032.8			0.5618405533130958
4033.7			0.5391261085901962
4034.6			0.6049411742727525
4035.5			0.7528835801299438
4036.4			0.917705637155277
4037.3			1.0260367890770206
4038.2			1.037718337803978
4039.1			0.998206368380671
4040.0			1.0
4040.9			1.0
4041.8			1.0015439876029844
4042.7			1.001524998406112
4043.6			0.8866053560647265
4044.5			0.6601768952376921
4045.4			0.4674192392470067
4046.3			0.4671802829420727
4047.2			0.6651050797169188
4048.1			0.8830487872755652
4049.0			0.99960428836355
4049.9			1.0
4050.8			1.0
4051.7			1.0
4052.6			1.0
4053.5			1.0
4054.4			1.0
4055.3			1.0
4056.2			1.0
4057.1			1.0
4058.0			1.0
4058.9			1.0
4059.8			1.0
4060.7			1.109334241233912
4061.6			1.0647629923507986
4062.5			0.8380165348963529
4063.4			0.627443226281949
4064.3			0.6592636989508895
4065.2			0.8660638765479413
4066.1			0.9963354821685453
4067.0			1.0
4067.9			1.0
4068.8			1.0
4069.7			1.0
4070.6			1.0
4071.5			1.0
4072.4			1.0
4073.3			1.0
4074.2			1.0
4075.1			0.9330609463526066
4076.0			0.7548828855492552
4076.9			0.603792438516349
4077.8			0.579426064474248
4078.7			0.6829588380613384
4079.6			0.8477450531067029
4080.5			1.0027778098541265
4081.4			1.0
4082.3			1.0
4083.2			1.0
4084.1			1.0
4085.0			1.0
4085.9			1.0
4086.8			1.0
4087.7			1.0
4088.6			1.0
4089.5			1.0
4090.4			1.0
4091.3			1.0
4092.2			1.0
4093.1			1.0383112593517976
4094.0			1.0753212186718368
4094.9			0.9822731171589356
4095.8			0.8244799627329653
4096.7			0.755081705634227
4097.6			0.78646019084766
4098.5			0.8299558203669343
4099.4			0.8062163006967401
4100.3			0.7005378544236026
4101.2			0.6265479012313475
4102.1			0.6898792841873171
4103.0			0.8050300837272804
4103.9			0.8536004024442819
4104.8			0.8957275184873873
4105.7			0.9952365979706356
4106.6			1.0737499976779912
4107.5			1.0810765234604143
4108.4			1.049950626757156
4109.3			0.9947619795158332
4110.2			1.0
4111.1			1.0
4112.0			1.0
4112.9			1.0
4113.8			1.0
4114.7			1.0
4115.6			1.0
4116.5			1.0
4117.4			1.0
4118.3			1.0
4119.2			1.0
4120.1			1.0
4121.0			1.0
4121.9			1.0
4122.8			1.0
4123.7			1.0
4124.6			1.0
4125.5			1.0
4126.4			1.0
4127.3			1.0
4128.2			1.0
4129.1			1.0
4130.0			1.0
4130.9			1.0
4131.8			1.0
4132.7			1.0
4133.6			1.0
4134.5			1.0
4135.4			1.0
4136.3			1.0
4137.2			1.0
4138.1			1.0
4139.0			1.008414800062119
4139.9			0.9981916597620931
4140.8			0.9687774574212421
4141.7			0.8347597414961473
4142.6			0.6008675015548848
4143.5			0.4614137207198019
4144.4			0.537016520325448
4145.3			0.7337681219492883
4146.2			0.9046172622075226
4147.1			0.994446009287103
4148.0			1.000719877160522
4148.9			1.0
4149.8			1.0
4150.7			1.0
4151.6			1.0
4152.5			1.0
4153.4			1.0
4154.3			1.0
4155.2			1.0
4156.1			1.0
4157.0			1.0
4157.9			1.0
4158.8			1.0
4159.7			1.0
4160.6			1.0
4161.5			1.0
4162.4			1.0
4163.3			1.0
4164.2			1.0
4165.1			1.0
4166.0			1.0
4166.9			0.9897593538490123
4167.8			0.9569756356596326
4168.7			0.959437096310079
4169.6			1.0201342820417159
4170.5			1.0518778314492567
4171.4			0.9400502834008829
4172.3			0.758437850686116
4173.2			0.6840224593896285
4174.1			0.7356050928369361
4175.0			0.8236927440602594
4175.9			0.8871895319140921
4176.8			0.8894243807768539
4177.7			0.8759618364308245
4178.6			0.9255918672422373
4179.5			1.0014328181110577
4180.4			1.0
4181.3			1.0
4182.2			1.0
4183.1			1.0
4184.0			1.0
4184.9			1.0
4185.8			1.0
4186.7			1.0
4187.6			1.0
4188.5			1.0
4189.4			1.0
4190.3			1.0
4191.2			1.0
4192.1			1.0
4193.0			1.1178074342936015
4193.9			1.1429924578601485
4194.8			1.0614897055173103
4195.7			0.9624858779676047
4196.6			0.8821890668091671
4197.5			0.8130036789214022
4198.4			0.7662554465481577
4199.3			0.7687495638166526
4200.2			0.7801870979021488
4201.1			0.7445020766304956
4202.0			0.7308492561224625
4202.9			0.8026314634434757
4203.8			0.8694496319170852
4204.7			0.8785690392547263
4205.6			0.9051505717764435
4206.5			0.9782924358404292
4207.4			1.0671408603824086
4208.3			1.1242892858327933
4209.2			1.0895744886899659
4210.1			1.0118949135682715
4211.0			1.0000146462784294
4211.9			1.0
4212.8			0.9699323537631493
4213.7			0.8849594014110291
4214.6			0.7445547370457319
4215.5			0.6582552718634168
4216.4			0.746862886444473
4217.3			0.9035743927368926
4218.2			0.9836172591489356
4219.1			1.0
4220.0			1.0
4220.9			1.0
4221.8			1.0
4222.7			0.8682382899228898
4223.6			0.7198954648710204
4224.5			0.5553330648068762
4225.4			0.370779045647193
4226.3			0.22045221756789593
4227.2			0.20786233786378575
4228.1			0.3655317943884527
4229.0			0.5921844764196099
4229.9			0.7914030769750998
4230.8			0.9475821154966443
4231.7			0.9970086409029325
4232.6			1.0
4233.5			1.0
4234.4			1.0
4235.3			1.0
4236.2			1.0
4237.1			1.0
4238.0			1.0
4238.9			1.0
4239.8			1.0
4240.7			1.0
4241.6			1.0
4242.5			1.0
4243.4			1.0
4244.3			1.0
4245.2			1.0
4246.1			1.0
4247.0			0.8940724704593342
4247.9			0.8406066001169015
4248.8			0.8216590426048683
4249.7			0.750742282514505
4250.6			0.6584797213405416
4251.5			0.6668174033012687
4252.4			0.7397333124129678
4253.3			0.7194223396309511
4254.2			0.6168087775353492
4255.1			0.6107329131835147
4256.0			0.7628540908117699
4256.9			0.9269637047864345
4257.8			0.9503260229343012
4258.7			0.8526833038240321
4259.6			0.735886913990058
4260.5			0.6717502685675026
4261.4			0.7133626181742972
4262.3			0.8517387872260489
4263.2			1.0031440175860218
4264.1			1.0
4265.0			1.0
4265.9			1.010014013636377
4266.8			0.9729338891022392
4267.7			0.8980527321626777
4268.6			0.8343714101246935
4269.5			0.7689779503688906
4270.4			0.6387787649984985
4271.3			0.4881220818487343
4272.2			0.4523162790028313
4273.1			0.5143832248455016
4274.0			0.535154539725677
4274.9			0.5360687439924632
4275.8			0.6306690815263131
4276.7			0.7934129284761133
4277.6			0.9381866982999235
4278.5			1.0014272918681415
4279.4			1.0
4280.3			1.0
4281.2			1.0
4282.1			1.0
4283.0			1.0
4283.9			1.0
4284.8			1.0
4285.7			1.0
4286.6			1.0
4287.5			0.9976643553046856
4288.4			0.8956376446511914
4289.3			0.7204673736464184
4290.2			0.6287428007248015
4291.1			0.6915010983727017
4292.0			0.86348310723279
4292.9			0.9998941522415163
4293.8			1.0
4294.7			0.9654541285980855
4295.6			0.9872446821797514
4296.5			0.99253446269978
4297.4			0.9313905367777773
4298.3			0.793424027486924
4299.2			0.6333566370513771
4300.1			0.5730062879676827
4301.0			0.6269881335455174
4301.9			0.671977844641667
4302.8			0.6818822198123722
4303.7			0.7129848214352509
4304.6			0.7166843848401818
4305.5			0.6515682390603873
4306.4			0.559667960401972
4307.3			0.47202324987001504
4308.2			0.4293300175643376
4309.1			0.4668902918232816
4310.0			0.5666242186521688
4310.9			0.6804037280387165
4311.8			0.7711185198118794
4312.7			0.8262507861779466
4313.6			0.82836480825654
4314.5			0.8417975608437748
4315.4			0.9876537662037196
4316.3			1.1932409972762787
4317.2			1.2756748602393901
4318.1			1.2390487496771154
4319.0			1.1924912745053886
4319.9			1.128256590546784
4320.8			1.0
4321.7			0.9568887043706551
4322.6			0.9148125992433355
4323.5			0.7952613951251549
4324.4			0.6261938353944094
4325.3			0.4796786649029528
4326.2			0.4804771833463056
4327.1			0.6723386362955615
4328.0			0.9032029660076873
4328.9			1.00441783860765
4329.8			1.0
4330.7			1.0
4331.6			1.0
4332.5			1.0
4333.4			1.0
4334.3			1.0
4335.2			1.0
4336.1			0.976938534681339
4337.0			0.8213103779114536
4337.9			0.6814795830830636
4338.8			0.6450067966302911
4339.7			0.6226780523980309
4340.6			0.6150549578098794
4341.5			0.7164517021310352
4342.4			0.8643299567440581
4343.3			0.9235892044333696
4344.2			0.9411252415148007
4345.1			0.993752717960336
4346.0			1.0
4346.9			1.0
4347.8			1.0
4348.7			1.1121463185472333
4349.6			1.1399523779200063
4350.5			0.9785831289781508
4351.4			0.7680831546639696
4352.3			0.7122366455135513
4353.2			0.8032514042421451
4354.1			0.8962314980361226
4355.0			0.9391910062928813
4355.9			0.9997974961066797
4356.8			1.0
4357.7			1.0
4358.6			1.0
4359.5			1.0
4360.4			1.0
4361.3			1.0
4362.2			1.0
4363.1			1.0
4364.0			1.0
4364.9			1.0
4365.8			1.0
4366.7			1.0
4367.6			1.0
4368.5			1.0
4369.4			1.0
4370.3			1.0
4371.2			1.0
4372.1			0.9858679979514163
4373.0			0.9162512106717908
4373.9			0.8014371483299445
4374.8			0.7170225325447006
4375.7			0.739856121809699
4376.6			0.8698040538048415
4377.5			1.0039750892221673
4378.4			1.0
4379.3			1.0
4380.2			0.947446741716797
4381.1			0.8998464376905025
4382.0			0.7648758368829043
4382.9			0.5353515592406036
4383.8			0.3866177729272552
4384.7			0.4686583813557606
4385.6			0.7207903754768806
4386.5			0.9339559152066651
4387.4			1.0006101181553626
4388.3			1.0
4389.2			1.0
4390.1			1.0
4391.0			1.0
4391.9			1.0
4392.8			1.0
4393.7			1.0
4394.6			1.0
4395.5			1.0
4396.4			1.0
4397.3			1.0
4398.2			1.0
4399.1			1.0
4400.0			0.87883015044303
4400.9			0.8706888507839301
4401.8			0.9764834186435948
4402.7			0.9891482508547123
4403.6			0.7877932513477506
4404.5			0.559676921633187
4405.4			0.532299175911765
4406.3			0.6488852555778976
4407.2			0.7076684938970571
4408.1			0.6937886728042412
4409.0			0.7493702262207699
4409.9			0.8931131692584147
4410.8			0.9980205023451804
4411.7			1.0
4412.6			1.0107535118622661
4413.5			0.9475566701295819
4414.4			0.7928402704048969
4415.3			0.7028709522405141
4416.2			0.7591896881515005
4417.1			0.879928722708683
4418.0			0.9997581695632419
4418.9			1.0
4419.8			1.0
4420.7			1.0
4421.6			1.0
4422.5			1.0
4423.4			1.0
4424.3			1.0
4425.2			1.0
4426.1			1.0
4427.0			1.0
4427.9			1.0
4428.8			1.0
4429.7			1.0
4430.6			1.0
4431.5			1.0
4432.4			1.0484719069594495
4433.3			0.9610010759034935
4434.2			0.8112179638717452
4435.1			0.7099592695202127
4436.0			0.7469874002539224
4436.9			0.8769517968555598
4437.8			0.9963989574432821
4438.7			1.0
4439.6			1.0
4440.5			1.0
4441.4			1.0
4442.3			1.0
4443.2			1.0
4444.1			1.0
4445.0			1.0
4445.9			1.0
4446.8			1.0
4447.7			1.0
4448.6			1.0
4449.5			1.0
4450.4			1.0
4451.3			1.0
4452.2			1.0201893683184093
4453.1			0.9671843993158116
4454.0			0.8825885705249965
4454.9			0.8159411677650904
4455.8			0.8222300036018458
4456.7			0.876781741928197
4457.6			0.894338422240994
4458.5			0.8614692175574943
4459.4			0.8303863495125129
4460.3			0.8063547957030037
4461.2			0.7557022900386846
4462.1			0.76384453724003
4463.0			0.9034227749880581
4463.9			1.029032731561555
4464.8			1.0320219388861926
4465.7			1.0012294551848044
4466.6			1.004947955841757
4467.5			1.0141487797676336
4468.4			0.9859300998577306
4469.3			0.9632641066830272
4470.2			0.997298353349531
4471.1			1.0
4472.0			1.0
4472.9			1.0
4473.8			1.0
4474.7			1.0
4475.6			1.0
4476.5			1.0
4477.4			1.0
4478.3			0.9811876267800244
4479.2			0.8947270975934485
4480.1			0.8011372006868993
4481.0			0.7459410722233216
4481.9			0.7354831952592258
4482.8			0.78642270755704
4483.7			0.8804451005742013
4484.6			0.9581564425480087
4485.5			1.0000054767811652
4486.4			1.0
4487.3			1.0
4488.2			1.0
4489.1			1.0
4490.0			1.0
4490.9			1.0
4491.8			1.0701020174800864
4492.7			1.0696827320259914
4493.6			0.966910869984103
4494.5			0.8383377798936944
4495.4			0.7703620787325781
4496.3			0.7845634760765801
4497.2			0.8643865034145796
4498.1			0.9539352333709678
4499.0			1.0051465199185232
4499.9			1.0
4500.8			1.0
4501.7			1.0
4502.6			1.0
4503.5			1.0
4504.4			1.0
4505.3			1.0
4506.2			1.0
4507.1			1.0
4508.0			1.0
4508.9			1.0
4509.8			1.0
4510.7			1.0154487109227432
4511.6			0.9950686178172755
4512.5			0.9517154768369963
4513.4			0.9241038125733901
4514.3			0.9256989855605423
4515.2			0.9547430476419035
4516.1			0.9849502828418514
4517.0			0.9674004875196707
4517.9			0.9349698624536859
4518.8			0.9689819711170833
4519.7			1.064483875556774
4520.6			1.0
4521.5			0.98995845752121
4522.4			0.9027572039440541
4523.3			0.8535706508415118
4524.2			0.8626557969857225
4525.1			0.8492368696376048
4526.0			0.7918178885023873
4526.9			0.726056195384011
4527.8			0.6817802362185889
4528.7			0.6831386374438156
4529.6			0.7204516248113508
4530.5			0.761742012181583
4531.4			0.8176079110809169
4532.3			0.8621308769832409
4533.2			0.8402301137682253
4534.1			0.7607658613133575
4535.0			0.7037002815519324
4535.9			0.7741258342845266
4536.8			0.9413104461825089
4537.7			1.0511328524055061
4538.6			1.0414776611022434
4539.5			0.9685785487391328
4540.4			0.8973028754425985
4541.3			0.8915838388891069
4542.2			0.9672168958343763
4543.1			1.0247714130411878
4544.0			0.9923400828079778
4544.9			0.9402364587546361
4545.8			0.9546569793620088
4546.7			1.0114586154990406
4547.6			1.0370580342132378
4548.5			1.0033793444188384
4549.4			1.0
4550.3			1.0
4551.2			1.0183657151816785
4552.1			0.9638448192876721
4553.0			0.8964388953959673
4553.9			0.8436191764361134
4554.8			0.8200233095677262
4555.7			0.8574880190266113
4556.6			0.9325478909193368
4557.5			0.982598134201422
4558.4			0.9897887330139199
4559.3			1.0
4560.2			1.0
4561.1			1.0
4562.0			0.9917251488528622
4562.9			0.924598047677936
4563.8			0.8474037463518365
4564.7			0.8128646173915329
4565.6			0.8379245670349535
4566.5			0.9242468877796227
4567.4			1.00562892061956
4568.3			1.0
4569.2			1.0
4570.1			1.0
4571.0			1.0
4571.9			1.0
4572.8			1.0
4573.7			1.0
4574.6			1.0
4575.5			1.0
4576.4			1.0301326032814717
4577.3			1.0408506145413967
4578.2			1.0
4579.1			0.9059842866514078
4580.0			0.8389749794217498
4580.9			0.853650849280252
4581.8			0.9322136051140049
4582.7			0.9826022870360265
4583.6			0.9692087207219902
4584.5			0.9332429400776249
4585.4			0.8940237831240213
4586.3			0.8910583415004026
4587.2			0.9546479468939401
4588.1			1.0242184610793412
4589.0			1.0488914210762543
4589.9			1.0243691207224834
4590.8			0.9589508143663457
4591.7			0.8997204757622326
4592.6			0.8749463165122607
4593.5			0.8547546017195301
4594.4			0.8266227123130006
4595.3			0.8271988583681728
4596.2			0.8493012622686089
4597.1			0.856195607942393
4598.0			0.8685556872654197
4598.9			0.8898891104495942
4599.8			0.8643428313677975
4600.7			0.833421708409015
4601.6			0.8538116595086297
4602.5			0.8679408254342769
4603.4			0.8569361725494795
4604.3			0.8392282259872923
4605.2			0.8159534743842252
4606.1			0.8180021850329722
4607.0			0.8800054424426675
4607.9			0.9739876273037344
4608.8			1.0222898612801528
4609.7			0.9990543418840342
4610.6			1.0
4611.5			1.0
4612.4			1.0
4613.3			1.0
4614.2			1.0
4615.1			1.0
4616.0			1.0
4616.9			1.0
4617.8			1.0
4618.7			1.0
4619.6			1.0
4620.5			1.0
4621.4			1.0
4622.3			1.0
4623.2			1.0
4624.1			1.0
4625.0			1.0
4625.9			1.0
4626.8			1.0
4627.7			1.0
4628.6			1.0
4629.5			1.0
4630.4			1.0
4631.3			1.0
4632.2			1.0
4633.1			1.0
4634.0			1.0
4634.9			1.0
4635.8			1.0
4636.7			1.0
4637.6			1.0
4638.5			1.0
4639.4			1.0
4640.3			1.0
4641.2			1.0
4642.1			1.0659884819015888
4643.0			1.057591666672524
4643.9			1.0214436803320381
4644.8			0.9557053833577643
4645.7			0.8527235022927055
4646.6			0.7895343414778375
4647.5			0.8130572676064606
4648.4			0.8724330397209527
4649.3			0.9301967261401481
4650.2			0.9786107000937682
4651.1			1.0027345981931142
4652.0			1.0
4652.9			0.985631663686136
4653.8			0.9231833077515499
4654.7			0.8498294914095652
4655.6			0.8124211751405701
4656.5			0.8284187516933958
4657.4			0.9030934478584232
4658.3			0.9925868991332841
4659.2			1.0
4660.1			1.0
4661.0			1.0
4661.9			0.9260806692551197
4662.8			0.8674869991378428
4663.7			0.8646953684122161
4664.6			0.8912978232513907
4665.5			0.8728166620305954
4666.4			0.7835111232583472
4667.3			0.7036065683977885
4668.2			0.7174411636882894
4669.1			0.8029932722999982
4670.0			0.9046422461920983
4670.9			0.985202210823219
4671.8			1.0175629810240028
4672.7			1.007107821130933
4673.6			1.0
4674.5			1.0
4675.4			1.0
4676.3			1.0
4677.2			1.0
4678.1			0.9714140909040434
4679.0			0.9319953432102647
4679.9			0.8889690628610228
4680.8			0.8495596964026303
4681.7			0.851274256444247
4682.6			0.9150124846616723
4683.5			0.9826114712307122
4684.4			1.0045391402200525
4685.3			1.0016587607168315
4686.2			1.0
4687.1			1.0
4688.0			1.0
4688.9			1.0
4689.8			1.0
4690.7			1.0
4691.6			0.9964012830540668
4692.5			1.0129724666152689
4693.4			1.031002310192891
4694.3			1.0774515695802567
4695.2			1.1351786361312284
4696.1			1.1517853803323959
4697.0			1.0890900212380095
4697.9			0.9710378843990085
4698.8			0.9116086542632685
4699.7			0.945197199400045
4700.6			0.9826288805958958
4701.5			0.9857907888685272
4702.4			0.9711268388209504
4703.3			0.9734070347161005
4704.2			1.0057930684743457
4705.1			1.025496326781619
4706.0			0.9993878395891113
4706.9			1.0
4707.8			1.0
4708.7			1.0
4709.6			1.0
4710.5			1.0
4711.4			1.0
4712.3			1.0
4713.2			1.0
4714.1			1.0
4715.0			1.0
4715.9			1.0
4716.8			1.0
4717.7			1.0
4718.6			1.0
4719.5			1.0
4720.4			1.0
4721.3			1.0
4722.2			0.9570833822105915
4723.1			0.9498035984349131
4724.0			1.0022498118702508
4724.9			1.0506224871436547
4725.8			1.0244141602679495
4726.7			0.9120580175272774
4727.6			0.7978937278594946
4728.5			0.7706372440877135
4729.4			0.8111795133967719
4730.3			0.8493634937754632
4731.2			0.8752824344385821
4732.1			0.9052727161609557
4733.0			0.9244413968215918
4733.9			0.9524693983951272
4734.8			1.0010869188678289
4735.7			1.0
4736.6			1.0
4737.5			1.0
4738.4			1.0
4739.3			1.0
4740.2			1.0
4741.1			1.0
4742.0			1.0
4742.9			1.0
4743.8			1.0
4744.7			1.0
4745.6			1.0
4746.5			1.0
4747.4			1.0
4748.3			1.0
4749.2			1.0
4750.1			1.0
4751.0			1.0
4751.9			1.0
4752.8			1.0
4753.7			1.0
4754.6			1.0
4755.5			1.0
4756.4			1.0
4757.3			1.0
4758.2			1.0
4759.1			1.0
4760.0			1.0479483536509313
4760.9			1.0449004532087245
4761.8			0.9943356809827416
4762.7			0.9641265209444706
4763.6			0.9596956682447246
4764.5			0.9441701695922271
4765.4			0.9070232982817125
4766.3			0.9028396927513536
4767.2			0.9531985085006822
4768.1			1.0080345653481275
4769.0			1.05879509639062
4769.9			1.0832460076517598
4770.8			1.0473650125124183
4771.7			1.0
4772.6			0.9930768702501589
4773.5			1.044527132831947
4774.4			1.094486862440302
4775.3			1.076342108581817
4776.2			1.0358972548588408
4777.1			1.0310675189580336
4778.0			1.0250559414996083
4778.9			0.9953324685741541
4779.8			0.973859153634449
4780.7			0.9597997163120853
4781.6			0.9244021500381093
4782.5			0.8767144655438595
4783.4			0.8636620520174144
4784.3			0.9004204953620247
4785.2			0.9179331033694913
4786.1			0.8878111990051756
4787.0			0.8789515242334761
4787.9			0.887092888193415
4788.8			0.8649414223868808
4789.7			0.8496533948032351
4790.6			0.8588717510609627
4791.5			0.8739803285286952
4792.4			0.9117835969074574
4793.3			0.9681591319771571
4794.2			1.005383211004677
4795.1			1.0
4796.0			0.966407963492508
4796.9			0.9296134575741214
4797.8			0.8908564680193879
4798.7			0.8477965160292931
4799.6			0.8303033319495995
4800.5			0.8639844378430925
4801.4			0.9284173457039226
4802.3			0.9820674290778658
4803.2			0.9996803818997727
4804.1			1.0
4805.0			1.0
4805.9			1.0
4806.8			1.0
4807.7			1.0
4808.6			1.0
4809.5			1.0
4810.4			1.0
4811.3			1.0
4812.2			1.0
4813.1			1.0
4814.0			1.0
4814.9			1.0
4815.8			1.0
4816.7			1.0
4817.6			1.0
4818.5			1.0
4819.4			1.0
4820.3			1.0
4821.2			1.0
4822.1			1.0
4823.0			1.0
4823.9			1.0
4824.8			1.0
4825.7			1.0
4826.6			1.0
4827.5			1.0
4828.4			1.0
4829.3			1.018696440545929
4830.2			1.018127456300901
4831.1			0.9464594868264825
4832.0			0.8843368696098873
4832.9			0.9163977708068846
4833.8			0.9826043879254925
4834.7			0.9916661786295615
4835.6			1.0
4836.5			1.0
4837.4			1.0
4838.3			1.0
4839.2			1.0
4840.1			1.0
4841.0			1.0
4841.9			1.0
4842.8			1.0
4843.7			1.0
4844.6			1.0
4845.5			1.0
4846.4			1.0
4847.3			1.0
4848.2			1.0
4849.1			1.0
4850.0			1.0
4850.9			1.0
4851.8			1.0
4852.7			1.0
4853.6			1.0
4854.5			1.0
4855.4			1.0
4856.3			1.0
4857.2			1.069271688181846
4858.1			1.068693890858041
4859.0			1.0069515635615658
4859.9			0.8900014773181122
4860.8			0.7809705874211305
4861.7			0.807721408211624
4862.6			0.9294147906960745
4863.5			0.9893315621626237
4864.4			1.0006046716453003
4865.3			1.0
4866.2			1.0
4867.1			1.0
4868.0			1.0
4868.9			1.0
4869.8			0.9844232143653167
4870.7			0.8958408739891426
4871.6			0.8559279445917193
4872.5			0.920737714766194
4873.4			0.9962685779418056
4874.3			1.0
4875.2			1.0
4876.1			1.0
4877.0			1.0
4877.9			1.0
4878.8			1.0
4879.7			1.0
4880.6			1.0
4881.5			1.0
4882.4			1.0
4883.3			1.043067949799693
4884.2			0.9976065483322
4885.1			0.9084560562494209
4886.0			0.8637006201217882
4886.9			0.8849468558468345
4887.8			0.9151659709286873
4888.7			0.9167692887068776
4889.6			0.8679133875789595
4890.5			0.7893947071331038
4891.4			0.7872429579184052
4892.3			0.8765046064294096
4893.2			0.9600320689762283
4894.1			1.0117740161806932
4895.0			1.04099511349621
4895.9			1.0392832984770242
4896.8			1.028130262096376
4897.7			1.0083797407030304
4898.6			1.0
4899.5			1.0
4900.4			1.0
4901.3			1.0
4902.2			1.0
4903.1			1.0
4904.0			1.0
4904.9			1.0641858841263738
4905.8			1.1176730186812325
4906.7			1.0940041340760693
4907.6			1.0221355319190932
4908.5			0.9514591646924554
4909.4			0.9027301890556285
4910.3			0.894580060707699
4911.2			0.9186341105052958
4912.1			0.939739317956986
4913.0			0.9373288271383446
4913.9			0.9421929202512213
4914.8			0.9762967150782433
4915.7			1.0
4916.6			0.9966281111159323
4917.5			0.9305295612167923
4918.4			0.8280759493213851
4919.3			0.7387951054423474
4920.2			0.7203638579626711
4921.1			0.8068588848141586
4922.0			0.9368030089773959
4922.9			1.0096453122633102
4923.8			0.9934838730491521
4924.7			1.0
4925.6			1.0
4926.5			1.0
4927.4			1.0
4928.3			1.0
4929.2			1.0
4930.1			1.0
4931.0			1.0
4931.9			1.0
4932.8			1.0
4933.7			1.0
4934.6			1.0522426698311247
4935.5			1.0953907887132708
4936.4			1.039713148135533
4937.3			0.9247845523653893
4938.2			0.8415911732031405
4939.1			0.8561852662672195
4940.0			0.9378272086154171
4940.9			0.9900021410437052
4941.8			0.994987163007477
4942.7			1.0
4943.6			1.0
4944.5			1.0
4945.4			1.0
4946.3			1.0
4947.2			1.0
4948.1			1.0
4949.0			1.0
4949.9			1.0
4950.8			1.0
4951.7			1.0
4952.6			1.0
4953.5			1.0
4954.4			1.0
4955.3			1.0035161902400078
4956.2			0.9113194805596245
4957.1			0.7871021051021589
4958.0			0.8165904592187042
4958.9			0.9845694539834873
4959.8			1.0
4960.7			1.0
4961.6			0.9817952549261315
4962.5			0.9887467081478244
4963.4			0.9862820423634752
4964.3			0.9286841436429398
4965.2			0.8660655327264998
4966.1			0.8522446719985189
4967.0			0.8693947598626683
4967.9			0.8949739425025605
4968.8			0.9292679978143146
4969.7			0.9606585924891692
4970.6			0.9970265921871209
4971.5			1.0
4972.4			1.0
4973.3			1.0
4974.2			1.0
4975.1			1.0
4976.0			1.0
4976.9			1.0
4977.8			1.0
4978.7			0.9780804383764368
4979.6			1.0023360990803583
4980.5			0.9870860248008532
4981.4			0.9008290109795776
4982.3			0.8435709775432433
4983.2			0.8838130498626985
4984.1			0.9529481406138789
4985.0			0.980711815507612
4985.9			1.0021990741077107
4986.8			1.0
4987.7			1.0
4988.6			1.0
4989.5			1.0
4990.4			1.0
4991.3			1.0
4992.2			1.0
4993.1			1.0
4994.0			1.0
4994.9			1.0
4995.8			1.0
4996.7			1.0
4997.6			1.0
4998.5			1.0
4999.4			1.0
5000.3			1.0
5001.2			1.0
5002.1			1.0306609541791671
5003.0			1.0328937074900988
5003.9			1.0142338185009956
5004.8			0.9647681336264621
5005.7			0.911298471744734
5006.6			0.9184624873581483
5007.5			0.9941555370845819
5008.4			1.0507774242694154
5009.3			1.0476516154684603
5010.2			1.0378273842470445
5011.1			0.9982790022712694
5012.0			0.916814105196202
5012.9			0.8454413270854738
5013.8			0.8029026604581911
5014.7			0.8317898509121174
5015.6			0.9220354461812995
5016.5			0.9694704029356378
5017.4			0.9610899316871074
5018.3			0.9586600504461269
5019.2			0.9647340617780691
5020.1			0.9535119742494864
5021.0			0.9163431758824347
5021.9			0.868047596211499
5022.8			0.8917043957763902
5023.7			0.9698729289400327
5024.6			1.0041816975557527
5025.5			1.0006077826887478
5026.4			1.0
5027.3			1.0
5028.2			1.0
5029.1			1.0
5030.0			1.0
5030.9			1.0
5031.8			1.0
5032.7			1.0
5033.6			1.0
5034.5			1.0
5035.4			1.0
5036.3			1.0
5037.2			1.0462677034975443
5038.1			1.0162286270450194
5039.0			0.8981257382658576
5039.9			0.7708516612306668
5040.8			0.7010628305299625
5041.7			0.7662251519261452
5042.6			0.8916245319672778
5043.5			1.0
5044.4			1.0547471875803716
5045.3			1.1166725233862704
5046.2			1.1312423761264816
5047.1			1.0656259108465993
5048.0			0.9559670088706597
5048.9			0.8752444833666985
5049.8			0.8659950100121635
5050.7			0.8891260969500043
5051.6			0.8982420597542845
5052.5			0.9177775204361621
5053.4			0.9543548364820729
5054.3			0.9855617907246929
5055.2			0.9964675635078031
5056.1			1.0
5057.0			1.0
5057.9			1.0
5058.8			1.0
5059.7			1.0
5060.6			1.0
5061.5			1.0
5062.4			0.9968447022201777
5063.3			0.9304343500896064
5064.2			0.8477009834781233
5065.1			0.8575857573754326
5066.0			0.9555165474068651
5066.9			1.0151069899401557
5067.8			1.0107399467852876
5068.7			1.0
5069.6			1.0
5070.5			1.0
5071.4			1.0
5072.3			1.0
5073.2			1.0
5074.1			1.0534298106539184
5075.0			1.0183502949993917
5075.9			0.9632941752859917
5076.8			0.9816143582131918
5077.7			1.0054621968315502
5078.6			0.9194273503403506
5079.5			0.8094721971824838
5080.4			0.8051469690000715
5081.3			0.859218907597955
5082.2			0.8823524355327159
5083.1			0.891635891623255
5084.0			0.9243866813771751
5084.9			0.964605780307411
5085.8			0.9935270987130399
5086.7			1.0010111978697187
5087.6			1.0
5088.5			1.0
5089.4			1.0
5090.3			1.0
5091.2			1.0
5092.1			1.0
5093.0			1.0
5093.9			1.0
5094.8			1.0
5095.7			1.0
5096.6			1.009896861825559
5097.5			0.9951769978322591
5098.4			0.9156296266769653
5099.3			0.8800374995049979
5100.2			0.9340648054677351
5101.1			0.9891513447924124
5102.0			1.003337153760488
5102.9			1.0
5103.8			1.0
5104.7			1.0
5105.6			1.0
5106.5			1.0
5107.4			1.0
5108.3			1.0
5109.2			1.0
5110.1			1.0
5111.0			1.0
5111.9			1.0
5112.8			1.0
5113.7			1.0
5114.6			1.0580630160061801
5115.5			1.069189779185
5116.4			1.0722351882535446
5117.3			1.0960644907008672
5118.2			1.0884626153311132
5119.1			1.0475243129811607
5120.0			1.005993642450003
5120.9			0.9753819717249119
5121.8			0.9425316791367545
5122.7			0.8676790345309132
5123.6			0.8023032676874938
5124.5			0.8273527923833243
5125.4			0.8852805774635214
5126.3			0.8969251610781205
5127.2			0.8802264332100713
5128.1			0.8651742259976729
5129.0			0.8433111659021157
5129.9			0.8522740118492055
5130.8			0.9249896015941468
5131.7			0.9928297871848527
5132.6			0.9997259885864634
5133.5			1.0
5134.4			1.0
5135.3			1.0
5136.2			1.0
5137.1			1.0
5138.0			1.0
5138.9			1.0
5139.8			1.0
5140.7			1.0
5141.6			1.0
5142.5			1.0
5143.4			1.0244065674489493
5144.3			1.0602013872055798
5145.2			1.018745228814743
5146.1			0.9680156304496011
5147.0			0.9687729947956487
5147.9			1.0024511468748625
5148.8			1.0172848014108231
5149.7			0.9854540179148834
5150.6			0.9397867603894451
5151.5			0.9104586759582637
5152.4			0.8844442747162993
5153.3			0.8688419910565397
5154.2			0.9004347893792729
5155.1			0.9807183602799762
5156.0			1.0606635829487034
5156.9			1.1115090618183625
5157.8			1.1229808892146202
5158.7			1.0870990224981594
5159.6			1.0704794074811796
5160.5			1.1015787901077343
5161.4			1.0
5162.3			0.9697752935953277
5163.2			0.9673196831368985
5164.1			0.9492892383799549
5165.0			0.8438478164800655
5165.9			0.696878385319719
5166.8			0.5979450223861469
5167.7			0.6122729973782726
5168.6			0.7526849523513599
5169.5			0.9140840953830175
5170.4			0.9269523346233663
5171.3			0.7631872330853097
5172.2			0.6126200839238667
5173.1			0.6718881170138717
5174.0			0.9072799647306382
5174.9			1.1147251452407299
5175.8			1.2086506833082316
5176.7			1.260473846894992
5177.6			1.305591737327843
5178.5			1.3305030465263372
5179.4			1.0
5180.3			0.9350646553970947
5181.2			0.828147472173192
5182.1			0.6745655766207245
5183.0			0.54627499908942
5183.9			0.5835120561703645
5184.8			0.7910533662774965
5185.7			1.0011638052021563
5186.6			1.0
5187.5			1.0
5188.4			1.009719832401609
5189.3			1.0555680112232162
5190.2			1.0541271968989427
5191.1			0.9396731555793373
5192.0			0.8277848464745343
5192.9			0.8387053660800511
5193.8			0.911906751412949
5194.7			0.9564487642595888
5195.6			0.9970309722923784
5196.5			1.0
5197.4			1.0
5198.3			1.0
5199.2			1.0
5200.1			1.0
5201.0			1.0
5201.9			0.9782156553255601
5202.8			0.9494778124168892
5203.7			0.8716417534481211
5204.6			0.7602894827896959
5205.5			0.7018021769171079
5206.4			0.7021950869472152
5207.3			0.6773203610786868
5208.2			0.6259320026590269
5209.1			0.63145047926479
5210.0			0.7081477424752151
5210.9			0.8249693417848825
5211.8			0.9450116470462406
5212.7			1.0182822705758796
5213.6			1.0337481839309404
5214.5			1.0008994006342748
5215.4			1.0
5216.3			1.0
5217.2			1.0
5218.1			1.0
5219.0			1.0
5219.9			1.0
5220.8			1.0
5221.7			1.0
5222.6			0.9445644073938787
5223.5			0.8587278905381536
5224.4			0.7792620680862105
5225.3			0.7258622825867235
5226.2			0.6971873972885813
5227.1			0.7415510637597276
5228.0			0.8716691497734165
5228.9			0.9751101404126166
5229.8			1.0006120878118894
5230.7			1.0
5231.6			1.0
5232.5			1.0
5233.4			1.0
5234.3			1.0
5235.2			1.0
5236.1			1.0
5237.0			1.0
5237.9			1.0
5238.8			1.0
5239.7			0.9940095837975655
5240.6			1.0229211478053017
5241.5			1.0490135006328105
5242.4			1.058619643683142
5243.3			1.0849153173984032
5244.2			1.1210498835170497
5245.1			1.0816934532448752
5246.0			0.9429911241470511
5246.9			0.8435420183530112
5247.8			0.8896885907629115
5248.7			0.9641427728851605
5249.6			0.9354602192624778
5250.5			0.8844033752680805
5251.4			0.9223790622707447
5252.3			1.0040312684930803
5253.2			1.039876803495231
5254.1			1.0039072987707038
5255.0			1.0
5255.9			1.0
5256.8			1.0
5257.7			1.0
5258.6			1.0
5259.5			1.0
5260.4			1.0
5261.3			1.0
5262.2			1.0
5263.1			1.0
5264.0			1.0
5264.9			1.0
5265.8			1.0
5266.7			1.0807900757763125
5267.6			1.0872717276485193
5268.5			0.8898969448017554
5269.4			0.7023704201985839
5270.3			0.75299012084635
5271.2			0.9312436314351491
5272.1			1.0220806201502246
5273.0			1.0
5273.9			1.0
5274.8			1.0
5275.7			1.0
5276.6			1.0
5277.5			1.0
5278.4			1.0
5279.3			0.9640878416683072
5280.2			0.9070324748582907
5281.1			0.8622286437805154
5282.0			0.8313962952759067
5282.9			0.8078832940909392
5283.8			0.8185221714832099
5284.7			0.889771888216403
5285.6			0.9743562420488207
5286.5			1.0021719053968485
5287.4			1.0
5288.3			1.0
5289.2			1.0
5290.1			1.0
5291.0			1.0
5291.9			0.9859669282453529
5292.8			0.9692378079469162
5293.7			0.9739433647595055
5294.6			0.9686751307798799
5295.5			0.9128812462857134
5296.4			0.8175193582617184
5297.3			0.751346819047793
5298.2			0.7831426234663901
5299.1			0.8749674664797674
5300.0			0.9192909572409129
5300.9			0.9099371548322677
5301.8			0.9284323515170837
5302.7			0.9954576251005204
5303.6			1.0
5304.5			1.0
5305.4			1.0
5306.3			1.0
5307.2			1.0
5308.1			1.0
5309.0			1.0
5309.9			1.0
5310.8			1.0
5311.7			1.0
5312.6			1.0
5313.5			1.0
5314.4			1.0
5315.3			1.0
5316.2			1.0
5317.1			1.0
5318.0			1.0
5318.9			1.0
5319.8			1.0
5320.7			1.0
5321.6			1.0
5322.5			1.0
5323.4			1.0
5324.3			1.0
5325.2			1.035459835921092
5326.1			0.9979437880843761
5327.0			0.8293903159021707
5327.9			0.6780269441700665
5328.8			0.7217399019987312
5329.7			0.8895950475172663
5330.6			1.0008433094906712
5331.5			1.0
5332.4			1.0
5333.3			1.0
5334.2			1.0
5335.1			1.0
5336.0			1.0
5336.9			1.0
5337.8			1.0012282867241964
5338.7			0.9683759650524011
5339.6			0.8847472793090642
5340.5			0.8400846564986816
5341.4			0.8934091047803188
5342.3			0.9682243798940993
5343.2			1.0004952732369123
5344.1			1.0
5345.0			1.0
5345.9			1.0
5346.8			1.0
5347.7			1.0
5348.6			1.0
5349.5			1.0
5350.4			1.0
5351.3			1.0
5352.2			1.0
5353.1			1.0
5354.0			1.0
5354.9			1.0
5355.8			1.0
5356.7			1.0
5357.6			1.0
5358.5			1.0
5359.4			1.0
5360.3			1.0
5361.2			1.0
5362.1			1.0
5363.0			1.0
5363.9			1.0
5364.8			1.0
5365.7			1.0
5366.6			1.0
5367.5			1.0
5368.4			0.9728969975447554
5369.3			0.8931238335129442
5370.2			0.7935144927253319
5371.1			0.7579101651857432
5372.0			0.8331369242039622
5372.9			0.9456741632339106
5373.8			1.0041671093744409
5374.7			1.0
5375.6			1.0
5376.5			1.0
5377.4			1.0
5378.3			1.0
5379.2			1.0
5380.1			1.0
5381.0			1.0
5381.9			1.0
5382.8			1.0
5383.7			1.0
5384.6			1.0
5385.5			1.0
5386.4			1.0
5387.3			1.0
5388.2			1.0
5389.1			1.0
5390.0			1.0
5390.9			1.0
5391.8			1.0
5392.7			1.0
5393.6			1.0
5394.5			1.0
5395.4			1.0
5396.3			1.0
5397.2			1.0
5398.1			1.107673598075964
5399.0			1.1851101997231186
5399.9			1.1549781663214793
5400.8			1.1160550277468428
5401.7			1.125480089130803
5402.6			1.1116619445962586
5403.5			1.0219755298062332
5404.4			0.9005313761280046
5405.3			0.8258866174535169
5406.2			0.8443973952301789
5407.1			0.9099738407945108
5408.0			0.9235939092620905
5408.9			0.8714097932847826
5409.8			0.8496605043365888
5410.7			0.9054576550898511
5411.6			0.9731199507038548
5412.5			0.998847195630448
5413.4			1.0
5414.3			1.0
5415.2			1.0
5416.1			1.0
5417.0			1.0
5417.9			1.0
5418.8			1.0
5419.7			1.0
5420.6			1.0
5421.5			1.0
5422.4			1.0
5423.3			1.0
5424.2			1.0
5425.1			1.0
5426.0			1.0
5426.9			1.048810904386609
5427.8			1.0140814989124605
5428.7			0.8970292377218286
5429.6			0.8521414053867389
5430.5			0.9440320675202383
5431.4			1.0218661538787182
5432.3			1.00776511026173
5433.2			1.0
5434.1			1.0
5435.0			1.0
5435.9			1.0
5436.8			1.0
5437.7			1.0
5438.6			1.0
5439.5			1.0
5440.4			1.0
5441.3			1.0
5442.2			1.0
5443.1			1.0
5444.0			0.9790225163752616
5444.9			0.9059328008186011
5445.8			0.8025507223561296
5446.7			0.7643803972234074
5447.6			0.8397545029280922
5448.5			0.9416113015975758
5449.4			0.9994831540621576
5450.3			1.0
5451.2			1.0
5452.1			1.0
5453.0			0.9660353890480279
5453.9			0.9033564253167106
5454.8			0.8270883035346046
5455.7			0.8121067319087838
5456.6			0.8875987194285816
5457.5			0.9698916080913034
5458.4			0.9981216850085824
5459.3			1.0
5460.2			1.0
5461.1			1.0
5462.0			1.0
5462.9			1.0
5463.8			1.0
5464.7			1.0
5465.6			1.0
5466.5			1.0
5467.4			1.0
5468.3			1.0
5469.2			1.0
5470.1			1.0
5471.0			1.020813429301403
5471.9			1.0418541021100398
5472.8			1.0152069702127744
5473.7			1.0005582982518357
5474.6			1.020638328924776
5475.5			0.9935817860878052
5476.4			0.9407512042474049
5477.3			0.9863595658665361
5478.2			1.1066252358962563
5479.1			1.1617532065864835
5480.0			1.1011406377986623
5480.9			1.0128708615692916
5481.8			1.0
5482.7			1.044247440820587
5483.6			1.1003252556719958
5484.5			1.1410993199656436
5485.4			1.1354412915565937
5486.3			1.0666531578515768
5487.2			0.9971658526169898
5488.1			0.9892680364597778
5489.0			0.9968191939539603
5489.9			0.9772589304625124
5490.8			0.9796544773069914
5491.7			0.9968653477026516
5492.6			1.0
5493.5			1.0
5494.4			1.0
5495.3			1.0
5496.2			1.0
5497.1			1.0
5498.0			1.0
5498.9			1.0
5499.8			1.0
5500.7			1.0
5501.6			1.0
5502.5			1.0
5503.4			1.0
5504.3			1.0
5505.2			1.0
5506.1			1.0
5507.0			1.0
5507.9			1.0626213337617951
5508.8			1.0723835195332445
5509.7			1.0383557398508487
5510.6			0.9804005689863506
5511.5			0.9132532535238127
5512.4			0.8737461994276652
5513.3			0.8610183017420889
5514.2			0.8592019239076945
5515.1			0.8774803367122613
5516.0			0.902735811673188
5516.9			0.9357174838843288
5517.8			0.979676777867775
5518.7			1.0008347139059486
5519.6			1.0
5520.5			1.0
5521.4			1.0
5522.3			1.0
5523.2			1.0
5524.1			1.0
5525.0			0.9909744910739331
5525.9			0.9657165030976969
5526.8			0.9186126523965639
5527.7			0.8822845627135538
5528.6			0.9081735032331163
5529.5			0.9688658177357243
5530.4			0.9995606222916464
5531.3			1.0
5532.2			1.0
5533.1			1.0
5534.0			1.0
5534.9			1.0
5535.8			1.0
5536.7			1.0
5537.6			1.0
5538.5			1.0
5539.4			1.0
5540.3			1.0
5541.2			1.0
5542.1			1.0
5543.0			1.0
5543.9			1.0
5544.8			1.0
5545.7			1.0
5546.6			1.0
5547.5			1.0
5548.4			1.0
5549.3			1.0
5550.200000000001			1.0
5551.1			1.0
5552.0			1.0
5552.9			1.0
5553.8			1.0
5554.700000000001			1.0
5555.6			1.0
5556.5			1.0
5557.4			1.0
5558.3			1.0053742508693726
5559.200000000001			1.015402425431257
5560.1			1.0093096311801937
5561.0			0.9981254498019871
5561.9			0.9878663518346925
5562.8			0.9797760557217768
5563.700000000001			0.9832010113986334
5564.6			0.9755301175681077
5565.5			0.9483031075303726
5566.4			0.9399455786012293
5567.3			0.9562997623500155
5568.200000000001			0.9657113430961932
5569.1			0.9586910489786225
5570.0			0.971884793384962
5570.9			0.9960376152861042
5571.8			0.9783627202182649
5572.700000000001			0.9505143069963918
5573.6			0.9712928788182067
5574.5			1.000207591668948
5575.4			1.0
5576.3			1.0
5577.200000000001			1.0
5578.1			1.0
5579.0			0.9875350434142782
5579.9			1.0015807374745438
5580.8			1.0021973312507588
5581.700000000001			0.9850124653910001
5582.6			0.9792275001226427
5583.5			0.9745437445330444
5584.4			0.9569531355947879
5585.3			0.9327886820268483
5586.200000000001			0.8944416731574241
5587.1			0.8552598769814633
5588.0			0.8420939676909575
5588.9			0.8517521880330654
5589.8			0.8727314601182549
5590.700000000001			0.8943986572762697
5591.6			0.9015557216067305
5592.5			0.8985635357167574
5593.4			0.903827581782216
5594.3			0.9238247268397711
5595.200000000001			1.0
5596.1			1.0416385131842067
5597.0			1.0167719514552702
5597.9			0.952842402794814
5598.8			0.9231263768062843
5599.700000000001			0.9199304792765839
5600.6			0.9041585806590335
5601.5			0.8834574907369737
5602.4			0.8738128511534288
5603.3			0.8878618019161919
5604.200000000001			0.9319203937718319
5605.1			0.9781989784041755
5606.0			1.0056778885101982
5606.9			1.0135743801205375
5607.8			1.0087780904244197
5608.700000000001			0.9967587180451409
5609.6			1.0
5610.5			1.0
5611.4			1.0
5612.3			1.0
5613.200000000001			1.0
5614.1			0.937341256881891
5615.0			0.8671203825218228
5615.9			0.875186092996125
5616.8			0.9460505397380911
5617.700000000001			0.9880310645599383
5618.6			1.0
5619.5			1.0
5620.4			1.0
5621.3			1.0
5622.200000000001			1.0219150415000005
5623.1			0.9811479574458789
5624.0			0.9029178582198035
5624.9			0.8765518986874834
5625.8			1.0
5626.700000000001			1.0470845942957205
5627.6			1.0599741398082432
5628.5			1.0798187219872197
5629.4			1.1155638281143134
5630.3			1.136447578686285
5631.200000000001			1.1288855864816065
5632.1			1.1181763429857756
5633.0			1.1124750815970859
5633.9			1.095783709124694
5634.8			1.0713148102544425
5635.700000000001			1.0421599088050881
5636.6			1.019164793220404
5637.5			1.0137514641172247
5638.4			1.0247388602555159
5639.3			1.0330677050000985
5640.200000000001			1.0160100117900508
5641.1			0.9898436644360483
5642.0			0.991021901785969
5642.9			1.0026073763565548
5643.8			1.0028041656826232
5644.700000000001			1.0040415129672402
5645.6			1.0074630005216922
5646.5			1.0063850765294102
5647.4			1.0012769073970211
5648.3			0.9907248842741475
5649.200000000001			0.9871594967155625
5650.1			1.0034994504731611
5651.0			1.0260311927627355
5651.9			1.0424363956097737
5652.8			1.039896918355924
5653.700000000001			1.0
5654.6			0.9945140208325748
5655.5			1.0093118444774762
5656.4			1.0024640403146368
5657.3			0.9287752743459261
5658.200000000001			0.8617703122170323
5659.1			0.9025919966180823
5660.0			0.9985311696649741
5660.9			1.0309203892016976
5661.8			1.0092181856963423
5662.700000000001			1.0
5663.6			1.0
5664.5			1.0
5665.4			1.0
5666.3			1.0
5667.200000000001			1.0
5668.1			1.0
5669.0			1.0
5669.9			1.0
5670.8			1.0
5671.700000000001			1.0
5672.6			1.0
5673.5			1.0
5674.4			1.0
5675.3			1.0
5676.200000000001			1.0
5677.1			1.0
5678.0			1.0
5678.9			1.0
5679.8			0.998833860665724
5680.700000000001			1.0008809818523285
5681.6			0.9791064330072988
5682.5			0.9528837137657964
5683.4			0.9552964486444065
5684.3			0.9788261732716371
5685.200000000001			0.9854133843250803
5686.1			0.9623820808867384
5687.0			0.9342346489592095
5687.9			0.9273864812187355
5688.8			0.9452558401033542
5689.700000000001			0.9774319702523387
5690.6			1.0049693734402592
5691.5			1.0246521640307802
5692.4			1.0356520353177914
5693.3			1.029082768803636
5694.200000000001			1.0087726562208115
5695.1			0.9980418834191543
5696.0			1.0002885912246484
5696.9			1.0
5697.8			1.0
5698.700000000001			1.0
5699.6			1.0
5700.5			1.0
5701.4			0.9643440666430279
5702.3			0.9632093573529279
5703.200000000001			0.9992074054427984
5704.1			1.0376452995897434
5705.0			1.0332228169368105
5705.9			0.9886338600342459
5706.8			0.9433324619499017
5707.700000000001			0.902757688193896
5708.6			0.876089891330701
5709.5			0.8930224563007733
5710.4			0.9143433376918383
5711.3			0.8992184279484033
5712.200000000001			0.9051095510613295
5713.1			0.9592790797147145
5714.0			1.0017311842119088
5714.9			1.0064473290723248
5715.8			0.9981009077380238
5716.700000000001			1.0
5717.6			1.0
5718.5			1.0
5719.4			1.0
5720.3			1.0
5721.200000000001			1.0
5722.1			1.0
5723.0			1.0
5723.9			1.0
5724.8			0.9955053765380912
5725.700000000001			0.9707515731510555
5726.6			0.9301184612782443
5727.5			0.9289447239942937
5728.4			0.9848592979160463
5729.3			1.0279471010254413
5730.200000000001			1.004197125922732
5731.1			1.0
5732.0			1.0
5732.9			1.0
5733.8			1.0
5734.700000000001			1.0
5735.6			1.0
5736.5			1.0
5737.4			1.0
5738.3			1.0
5739.200000000001			1.0
5740.1			1.0
5741.0			1.0
5741.9			1.0
5742.8			1.0
5743.700000000001			1.0
5744.6			1.0
5745.5			1.0
5746.4			1.0
5747.3			1.0
5748.200000000001			1.0
5749.1			1.0
5750.0			1.0
5750.9			1.0065219674199026
5751.8			0.9649614273545577
5752.700000000001			0.907963437784684
5753.6			0.8761178662884693
5754.5			0.8993948565252179
5755.4			0.9587367258635826
5756.3			0.999710335241564
5757.200000000001			1.0
5758.1			1.0
5759.0			1.0
5759.9			1.0
5760.8			1.0
5761.700000000001			1.0
5762.6			1.0
5763.5			1.0
5764.4			1.0
5765.3			1.0
5766.200000000001			1.0
5767.1			1.0
5768.0			1.0
5768.9			1.0
5769.8			1.0
5770.700000000001			1.0
5771.6			1.0
5772.5			1.0
5773.4			1.0
5774.3			1.0
5775.200000000001			1.0
5776.1			1.0
5777.0			1.0
5777.9			1.0112753632115314
5778.8			1.006184449572279
5779.700000000001			0.9569576820415205
5780.6			0.8834132068971107
5781.5			0.8513656287683291
5782.4			0.8729804956277389
5783.3			0.8962625977834566
5784.200000000001			0.8806680204646611
5785.1			0.8558253697257845
5786.0			0.883256644707118
5786.9			0.9435244270578911
5787.8			0.9843550756390147
5788.700000000001			1.0026606135072513
5789.6			0.987004525442134
5790.5			0.9489813559233968
5791.4			0.9538061095337528
5792.3			1.0008705973455485
5793.200000000001			1.0
5794.1			1.0
5795.0			1.0
5795.9			0.9831601715318808
5796.8			0.9368875123026886
5797.700000000001			0.9038501954204725
5798.6			0.9359137632547724
5799.5			0.9995991978051645
5800.4			1.0
5801.3			1.0
5802.200000000001			1.0
5803.1			1.0
5804.0			1.0
5804.9			1.0
5805.8			1.0
5806.700000000001			1.0
5807.6			1.0
5808.5			1.0
5809.4			1.0
5810.3			1.0
5811.200000000001			1.0
5812.1			0.9954204225419823
5813.0			0.9814931408641904
5813.9			0.9577509626839834
5814.8			0.9333484113945866
5815.700000000001			0.9217435614794356
5816.6			0.9302559452628862
5817.5			0.9596508531158637
5818.4			0.9898674185135141
5819.3			1.0014042493045725
5820.200000000001			1.0
5821.1			1.0
5822.0			1.0
5822.9			1.0
5823.8			1.0
5824.700000000001			1.0
5825.6			1.0
5826.5			1.0
5827.4			1.0
5828.3			1.0
5829.200000000001			1.0
5830.1			1.0
5831.0			1.0
5831.9			1.0
5832.8			1.0
5833.700000000001			1.0
5834.6			1.0
5835.5			1.0
5836.4			1.0
5837.3			1.0
5838.200000000001			1.0
5839.1			1.0
5840.0			1.0
5840.9			1.0
5841.8			1.0
5842.700000000001			1.0
5843.6			1.0
5844.5			1.0
5845.4			1.0
5846.3			1.0
5847.200000000001			1.0
5848.1			1.0
5849.0			1.0
5849.9			1.0
5850.8			1.0
5851.700000000001			1.0
5852.6			1.0
5853.5			1.0
5854.4			1.0363991645184631
5855.3			1.0419383372968467
5856.200000000001			0.9923391113174032
5857.1			0.9395795234589528
5858.0			0.9294455735492595
5858.9			0.9574980956737301
5859.8			0.9931015236149479
5860.700000000001			1.0115194850079612
5861.6			0.9968941350508775
5862.5			1.0
5863.4			1.0
5864.3			1.0
5865.200000000001			1.0
5866.1			1.0
5867.0			1.0
5867.9			1.0
5868.8			1.0
5869.700000000001			1.0
5870.6			1.0
5871.5			1.0
5872.4			1.0
5873.3			1.0
5874.200000000001			1.0
5875.1			1.0
5876.0			1.0
5876.9			1.0
5877.8			0.9895641335862717
5878.700000000001			0.9674894910182288
5879.6			0.9368758944513416
5880.5			0.9376928194320475
5881.4			0.9798100879741481
5882.3			1.0103987093718683
5883.200000000001			1.0017513135245488
5884.1			1.0
5885.0			1.0
5885.9			1.030650364101956
5886.8			1.0224510669038709
5887.700000000001			0.9430512801324784
5888.6			0.7728859795158327
5889.5			0.6114952673352317
5890.4			0.6302232884930018
5891.3			0.8041828066281489
5892.200000000001			0.9510991020443808
5893.1			1.0090777240352982
5894.0			1.0
5894.9			1.0
5895.8			1.0
5896.700000000001			1.0
5897.6			1.0
5898.5			1.0
5899.4			1.0
5900.3			1.0
5901.200000000001			1.0
5902.1			1.0
5903.0			1.0
5903.9			1.0
5904.8			1.0
5905.700000000001			1.0
5906.6			1.0
5907.5			1.0
5908.4			1.0
5909.3			1.0
5910.200000000001			1.0
5911.1			1.0182684975655707
5912.0			1.0179689943862262
5912.9			0.9827324261148226
5913.8			0.9413485606164085
5914.700000000001			0.9255034837108244
5915.6			0.9311782462908658
5916.5			0.9542095782040472
5917.4			0.9841874599807338
5918.3			0.9999629847776101
5919.200000000001			1.0
5920.1			1.0
5921.0			1.0
5921.9			1.0
5922.8			1.0
5923.700000000001			1.0
5924.6			1.0
5925.5			1.0
5926.4			1.0
5927.3			1.0
5928.200000000001			1.0
5929.1			1.0
5930.0			1.0
5930.9			1.0
5931.8			1.0
5932.700000000001			1.0
5933.6			1.0
5934.5			1.0
5935.4			1.0
5936.3			1.0
5937.200000000001			1.0
5938.1			1.0
5939.0			1.0104007990891346
5939.9			0.9844086972995933
5940.8			0.9444666153302933
5941.700000000001			0.9429947839399972
5942.6			0.9700047557544286
5943.5			0.9871756542525542
5944.4			0.99985077178561
5945.3			1.0
5946.200000000001			1.0
5947.1			1.0
5948.0			1.0
5948.9			1.0
5949.8			1.0
5950.700000000001			1.0
5951.6			1.0
5952.5			1.0
5953.4			1.0
5954.3			1.0
5955.200000000001			1.0
5956.1			1.0
5957.0			1.0
5957.9			1.0
5958.8			1.0
5959.700000000001			1.0
5960.6			1.0
5961.5			1.0
5962.4			1.0
5963.3			1.0
5964.200000000001			1.0
5965.1			1.0
5966.0			1.0
5966.9			1.0
5967.8			1.0
5968.700000000001			1.0
5969.6			1.0
5970.5			1.0
5971.4			1.0
5972.3			1.0
5973.200000000001			1.0
5974.1			1.0
5975.0			1.0
5975.9			1.0
5976.8			1.0
5977.700000000001			1.0
5978.6			1.0
5979.5			1.0
5980.4			1.0
5981.3			1.001615597411478
5982.200000000001			0.98185866063519
5983.1			0.9398077114658864
5984.0			0.9087940954372101
5984.9			0.9274218854960221
5985.8			0.9751099248737258
5986.700000000001			0.9999097878558161
5987.6			1.0
5988.5			1.0
5989.4			1.0
5990.3			1.0
5991.200000000001			1.0
5992.1			1.0
5993.0			1.0
5993.9			1.0
5994.8			1.0
5995.700000000001			1.0
5996.6			1.0
5997.5			1.0
5998.4			1.0
5999.3			1.0
6000.200000000001			1.0
6001.1			1.0
6002.0			1.0
6002.9			1.0
6003.8			1.0
6004.700000000001			1.0175509958418978
6005.6			0.9992691255846707
6006.5			0.9614169253109228
6007.4			0.9262915396174247
6008.3			0.9251414651815092
6009.200000000001			1.0
6010.1			1.0410935724920303
6011.0			1.0378590726013823
6011.9			0.996897755180029
6012.8			0.9632262240478001
6013.700000000001			0.9703851244523795
6014.6			0.9925916083752645
6015.5			0.9839385631457447
6016.4			0.9533797084657385
6017.3			0.9437717001016798
6018.200000000001			0.955178152822318
6019.1			0.9614674065878251
6020.0			0.9586860349587936
6020.9			0.9592638609519767
6021.8			0.9699534566187203
6022.700000000001			0.9796935674202408
6023.6			0.9862787804033518
6024.5			0.9989776904398793
6025.4			1.0
6026.3			1.0
6027.200000000001			1.0
6028.1			1.0
6029.0			1.0
6029.9			1.0
6030.8			1.0
6031.700000000001			1.0
6032.6			1.0
6033.5			1.0
6034.4			1.0
6035.3			1.0
6036.200000000001			1.0
6037.1			1.0
6038.0			1.0
6038.9			1.0
6039.8			1.0
6040.700000000001			1.0
6041.6			1.0
6042.5			1.0
6043.4			1.0
6044.3			1.0
6045.200000000001			1.0
6046.1			1.0
6047.0			1.0
6047.9			1.0
6048.8			1.0
6049.700000000001			1.0
6050.6			1.0
6051.5			1.0
6052.4			1.0
6053.3			1.0
6054.200000000001			1.0
6055.1			1.0
6056.0			1.0
6056.9			1.0
6057.8			1.0
6058.700000000001			1.0
6059.6			1.0
6060.5			1.0
6061.4			0.9849609222429699
6062.3			0.9577427892533047
6063.200000000001			0.932625663868532
6064.1			0.9019377156597588
6065.0			0.8830528074710382
6065.9			0.9158816824538575
6066.8			0.973761382260452
6067.700000000001			1.001593731055585
6068.6			0.9991223781277888
6069.5			1.0
6070.4			1.0
6071.3			1.0
6072.200000000001			1.0
6073.1			1.0
6074.0			1.0
6074.9			1.0
6075.8			1.0
6076.700000000001			1.0
6077.6			1.0
6078.5			1.0
6079.4			1.0
6080.3			1.0
6081.200000000001			1.0
6082.1			1.0
6083.0			1.0
6083.9			1.0
6084.8			1.0
6085.700000000001			0.9910994068994208
6086.6			1.0096422109356897
6087.5			1.027158209099925
6088.4			1.0118464771465647
6089.3			0.9649770012489368
6090.200000000001			0.9315426960908899
6091.1			0.9372445394895633
6092.0			0.947363516959388
6092.9			0.945804865775022
6093.8			0.9667920120697441
6094.700000000001			1.0014612154725238
6095.6			1.0
6096.5			1.0
6097.4			1.0
6098.3			1.0
6099.200000000001			1.0
6100.1			1.0127164394831443
6101.0			0.9740363492946253
6101.9			0.8979666566744332
6102.8			0.8706961366788211
6103.700000000001			0.9260452499378898
6104.6			0.9849147420479746
6105.5			1.0031117831797274
6106.4			1.0
6107.3			1.0
6108.200000000001			1.0
6109.1			1.0
6110.0			1.0
6110.9			1.0
6111.8			1.0
6112.700000000001			1.0
6113.6			1.0
6114.5			1.0
6115.4			1.0
6116.3			1.0
6117.200000000001			1.0
6118.1			1.008043265290126
6119.0			0.977329493837828
6119.9			0.9377309163524523
6120.8			0.9071071297141735
6121.700000000001			0.890249556341289
6122.6			0.9280822131992573
6123.5			1.001935480979571
6124.4			1.0295191543575424
6125.3			1.0003093186701606
6126.200000000001			1.0
6127.1			1.0
6128.0			1.0
6128.9			1.0
6129.8			1.0
6130.700000000001			1.0
6131.6			1.0
6132.5			1.0
6133.4			1.0
6134.3			0.9461414015926302
6135.200000000001			0.875509337102828
6136.1			0.7996237910090311
6137.0			0.7709165627601784
6137.9			0.842561341680999
6138.8			0.9523150377518859
6139.700000000001			1.0002854831600758
6140.6			1.0
6141.5			1.0
6142.4			1.0
6143.3			1.0
6144.200000000001			1.0
6145.1			1.0
6146.0			1.0
6146.9			1.0
6147.8			1.0
6148.700000000001			1.0
6149.6			1.0
6150.5			1.0
6151.4			1.0
6152.3			1.0
6153.200000000001			1.0
6154.1			1.0
6155.0			1.0
6155.9			1.0
6156.8			1.0
6157.700000000001			1.0
6158.6			1.0071168510600492
6159.5			0.989136706042629
6160.4			0.9198421065645325
6161.3			0.8398905332425746
6162.200000000001			0.820390760570902
6163.1			0.8680722005566694
6164.0			0.9358481437963664
6164.9			0.9803797788315759
6165.8			1.001444850979872
6166.700000000001			1.0
6167.6			1.0
6168.5			1.0
6169.4			1.0
6170.3			1.0
6171.200000000001			1.0
6172.1			1.0
6173.0			1.0
6173.9			1.0
6174.8			1.0
6175.700000000001			1.0
6176.6			1.0
6177.5			1.0
6178.4			1.0
6179.3			1.0
6180.200000000001			1.0
6181.1			1.0
6182.0			1.0
6182.9			1.0
6183.8			1.0
6184.700000000001			1.0
6185.6			0.9669822072873643
6186.5			0.9371239145149997
6187.4			0.9216757009904912
6188.3			0.9078957759230806
6189.200000000001			0.8962373365833929
6190.1			0.8669559456137285
6191.0			0.827797776539759
6191.9			0.846606048377031
6192.8			0.9139787682921096
6193.700000000001			0.95780212184319
6194.6			0.9742301161267546
6195.5			0.9885179093280725
6196.4			0.9986177091740964
6197.3			1.0
6198.200000000001			1.0
6199.1			1.0
6200.0			1.0
6200.9			1.0
6201.8			1.0
6202.700000000001			1.0
6203.6			1.0
6204.5			1.0
6205.4			1.0
6206.3			1.0
6207.200000000001			1.0
6208.1			1.0
6209.0			1.0
6209.9			1.0
6210.8			0.9911605211059947
6211.700000000001			0.9873968224257825
6212.6			0.9450197987016961
6213.5			0.8928516232741657
6214.4			0.8844112357715377
6215.3			0.9037494531139373
6216.200000000001			0.9367506134165066
6217.1			0.9848455734745885
6218.0			1.0020409341049283
6218.9			1.0
6219.8			1.0
6220.700000000001			1.0
6221.6			1.0
6222.5			1.0
6223.4			1.0
6224.3			1.0
6225.200000000001			1.0
6226.1			1.0
6227.0			1.0008734505670616
6227.9			0.9973753026803708
6228.8			0.9588323854040207
6229.700000000001			0.8853537170313145
6230.6			0.8447125302947269
6231.5			0.867690512074791
6232.4			0.9051445810759658
6233.3			0.9467446535976478
6234.200000000001			1.001442099467832
6235.1			1.0
6236.0			1.0012063484202696
6236.9			0.9848407527272937
6237.8			0.9557245819086578
6238.700000000001			0.8965938463416521
6239.6			0.847130741868175
6240.5			0.8732184023735865
6241.4			0.9109989826905773
6242.3			0.8759361241267781
6243.200000000001			0.8509830050454371
6244.1			0.8952012874067473
6245.0			0.9304967953589093
6245.9			0.9420421491742564
6246.8			0.983076977048496
6247.700000000001			1.0
6248.6			1.002906765228918
6249.5			0.9859392014994077
6250.4			0.9672190211134551
6251.3			0.9248586920716708
6252.200000000001			0.8918312786511792
6253.1			0.9066118964777276
6254.0			0.9340592746557054
6254.9			0.9340915877535826
6255.8			0.8956553305270991
6256.700000000001			0.8336547355021676
6257.6			0.7775366154203369
6258.5			0.7870575193721078
6259.4			0.8766616476358849
6260.3			0.9442863932398167
6261.200000000001			0.9632621435244902
6262.1			1.0064078842815447
6263.0			1.0516342933470362
6263.9			1.0323554710084195
6264.8			0.9764852569827561
6265.700000000001			0.9642355721622359
6266.6			0.9990157379405058
6267.5			1.0
6268.4			1.0
6269.3			1.0
6270.200000000001			1.0
6271.1			1.0
6272.0			1.0
6272.9			1.0
6273.8			1.0
6274.700000000001			1.0
6275.6			1.0
6276.5			1.0
6277.4			1.0
6278.3			1.0
6279.200000000001			1.0
6280.1			1.0
6281.0			1.0
6281.9			1.0
6282.8			1.0
6283.700000000001			1.0
6284.6			1.0
6285.5			1.0
6286.4			1.0
6287.3			1.0
6288.200000000001			1.0
6289.1			1.0
6290.0			1.0
6290.9			1.0
6291.8			1.0
6292.700000000001			0.9892235700951285
6293.6			1.0047058974371965
6294.5			1.0053134500255274
6295.4			0.9561232842606833
6296.3			0.9072569173456771
6297.200000000001			0.9149386122066854
6298.1			0.9670025554911997
6299.0			1.0057067778520985
6299.9			0.9999810167292412
6300.8			1.0
6301.700000000001			1.0
6302.6			1.0
6303.5			1.0
6304.4			1.0
6305.3			1.0
6306.200000000001			1.0
6307.1			1.0
6308.0			1.0260309988810645
6308.9			1.0138244035348498
6309.8			0.9863632666848232
6310.700000000001			0.9552593488334234
6311.6			0.9417164098186103
6312.5			0.9587952318922903
6313.4			0.9660840982074692
6314.3			0.9374177642009741
6315.200000000001			0.9257060176400941
6316.1			0.9478812172833078
6317.0			0.9441777943844558
6317.9			0.9159253905332839
6318.8			0.9220702754482908
6319.700000000001			0.9586016523769184
6320.6			0.9832616333447226
6321.5			0.9815185663463689
6322.4			0.977160492248754
6323.3			0.99129393322177
6324.200000000001			1.002453898497833
6325.1			1.0007035212091868
6326.0			0.9938939849554014
6326.9			0.987241216767154
6327.8			1.0003157059390628
6328.700000000001			1.0
6329.6			1.0
6330.5			1.0
6331.4			1.0
6332.3			1.0
6333.200000000001			1.0075903634061718
6334.1			0.9651892470719622
6335.0			0.9040325023703605
6335.9			0.8937211198784331
6336.8			0.9425299455215254
6337.700000000001			0.9863869072751699
6338.6			1.0013532640669038
6339.5			1.0
6340.4			1.0
6341.3			1.0
6342.200000000001			1.0
6343.1			1.0
6344.0			1.0
6344.9			1.0
6345.8			1.0
6346.700000000001			1.0
6347.6			1.0
6348.5			1.0
6349.4			1.0
6350.3			1.00534152909634
6351.200000000001			1.0138667914970199
6352.1			1.0116195395528642
6353.0			0.9875760905057432
6353.9			0.9500453918041708
6354.8			0.9334648823101271
6355.700000000001			0.9523023457181475
6356.6			0.963937225004016
6357.5			0.9299356975351158
6358.4			0.8829511331170949
6359.3			0.8720343481062567
6360.200000000001			0.8864213966771481
6361.1			0.8891078516761725
6362.0			0.8770373475929578
6362.9			0.8766843154865571
6363.8			0.8933228208004895
6364.700000000001			0.9092470046854355
6365.6			0.9219866698602831
6366.5			0.9438212682839018
6367.4			0.9782928448225382
6368.3			0.9996562752841196
6369.200000000001			1.0
6370.1			1.0
6371.0			1.0
6371.9			1.0
6372.8			1.0
6373.700000000001			1.0
6374.6			1.0
6375.5			1.0
6376.4			1.0
6377.3			1.0
6378.200000000001			1.0
6379.1			1.0
6380.0			1.0
6380.9			1.0
6381.8			1.0
6382.700000000001			1.0
6383.6			1.0
6384.5			1.0
6385.4			1.0
6386.3			1.0
6387.200000000001			1.0
6388.1			1.0
6389.0			1.0
6389.9			1.0
6390.8			1.0
6391.700000000001			1.0
6392.6			1.0
6393.5			1.0
6394.4			1.0
6395.3			1.0
6396.200000000001			1.0
6397.1			1.0
6398.0			0.9873807751095028
6398.9			0.9251805309856679
6399.8			0.8721228323138321
6400.700000000001			0.9097381507372833
6401.6			0.9945734174003249
6402.5			1.0
6403.4			1.0
6404.3			1.0
6405.200000000001			1.0
6406.1			1.0
6407.0			1.0
6407.9			1.0
6408.8			1.0
6409.700000000001			1.0
6410.6			1.0
6411.5			1.0
6412.4			1.0
6413.3			1.0
6414.200000000001			1.0
6415.1			1.0
6416.0			1.0
6416.9			0.9881253181652021
6417.8			0.9710827463088175
6418.700000000001			0.9504971321510848
6419.6			0.9220753256476947
6420.5			0.9034122944319869
6421.4			0.9217786111824918
6422.3			0.9699387474942853
6423.200000000001			1.0014791048519407
6424.1			0.9991969262639426
6425.0			1.0
6425.9			1.0
6426.8			1.0
6427.700000000001			0.9968565677930077
6428.6			0.9775003686402011
6429.5			0.929599371898785
6430.4			0.885195064571605
6431.3			0.9031161524885711
6432.200000000001			0.9620909430742997
6433.1			1.001159612870668
6434.0			1.0
6434.9			1.0
6435.8			1.0
6436.700000000001			1.0
6437.6			1.0
6438.5			1.0
6439.4			1.0
6440.3			1.0
6441.200000000001			1.0
6442.1			1.0
6443.0			1.0
6443.9			1.0
6444.8			1.0
6445.700000000001			1.0
6446.6			1.0
6447.5			0.98080718130804
6448.4			0.905797705272537
6449.3			0.8170596628972833
6450.200000000001			0.8117601623071039
6451.1			0.8905547026305214
6452.0			0.9615061491210857
6452.9			1.0001843419755643
6453.8			1.0
6454.700000000001			1.0
6455.6			1.0
6456.5			1.0
6457.4			1.0
6458.3			1.0
6459.200000000001			1.0
6460.1			1.0
6461.0			0.9664469040776728
6461.9			0.8996437296971185
6462.8			0.8837560213833305
6463.700000000001			0.9375403846738743
6464.6			0.9913929278917768
6465.5			1.0
6466.4			1.0
6467.3			1.0
6468.200000000001			1.0
6469.1			1.0
6470.0			1.0
6470.9			1.0
6471.8			1.0
6472.700000000001			1.0
6473.6			1.0
6474.5			1.0
6475.4			1.0
6476.3			1.0
6477.200000000001			1.0
6478.1			1.0
6479.0			1.0
6479.9			0.997809322472763
6480.8			0.9623551076246158
6481.700000000001			0.9160594394937505
6482.6			0.9089977036944846
6483.5			0.9407801568093218
6484.4			0.9773971986749228
6485.3			1.0010425788383148
6486.200000000001			1.0
6487.1			1.0
6488.0			1.0
6488.9			0.9909504243904311
6489.8			0.9729012308673526
6490.700000000001			0.9640546882983013
6491.6			0.9690316190146604
6492.5			0.9459930802472086
6493.4			0.8725380369393417
6494.3			0.8107452800066948
6495.200000000001			0.812477303586913
6496.1			0.8431418425970362
6497.0			0.8698157299028976
6497.9			0.88836069786685
6498.8			0.9008238864341249
6499.700000000001			0.9301073937595378
6500.6			0.9695688527398619
6501.5			0.9977797833019457
6502.4			1.0
6503.3			1.0
6504.200000000001			1.0
6505.1			1.0
6506.0			1.0
6506.9			1.0
6507.8			1.0
6508.700000000001			1.0
6509.6			1.0
6510.5			1.0
6511.4			1.0
6512.3			1.0
6513.200000000001			1.0
6514.1			1.0
6515.0			1.0
6515.9			1.0
6516.8			1.0
6517.700000000001			1.0
6518.6			1.0
6519.5			1.0
6520.4			1.0
6521.3			1.0
6522.200000000001			1.0
6523.1			1.0
6524.0			1.0
6524.9			1.0
6525.8			1.0
6526.700000000001			1.0
6527.6			1.0
6528.5			1.0
6529.4			1.0
6530.3			1.0
6531.200000000001			1.0
6532.1			1.0
6533.0			1.0
6533.9			1.0
6534.8			1.0
6535.700000000001			1.0
6536.6			1.0
6537.5			1.0
6538.4			1.0
6539.3			1.0
6540.200000000001			1.0
6541.1			1.0
6542.0			1.0
6542.9			1.0
6543.8			1.0
6544.700000000001			1.0
6545.6			1.0
6546.5			1.0
6547.4			1.0
6548.3			1.0
6549.200000000001			1.0
6550.1			1.0
6551.0			1.0
6551.9			1.0
6552.8			1.0
6553.700000000001			1.0
6554.6			1.0
6555.5			1.0
6556.4			1.0
6557.3			1.0
6558.200000000001			1.0
6559.1			1.0
6560.0			0.9845300028062135
6560.9			0.8864705056189714
6561.8			0.6911346075580241
6562.700000000001			0.5827972500972313
6563.6			0.7079588767187988
6564.5			0.9064247110171924
6565.4			1.000960573954012
6566.3			1.0
6567.200000000001			1.0
6568.1			1.0
6569.0			1.0
6569.9			1.000165756103474
6570.8			1.0055774684613605
6571.700000000001			0.9687834742253052
6572.6			0.9153357683792192
6573.5			0.8882270973225076
6574.4			0.8908435497702768
6575.3			0.9248241208481836
6576.200000000001			0.9723508203367334
6577.1			0.9952373392563476
6578.0			1.0
6578.9			1.0
6579.8			1.0
6580.700000000001			1.0
6581.6			1.0
6582.5			1.0
6583.4			1.0
6584.3			1.0
6585.200000000001			1.0
6586.1			1.0
6587.0			1.0
6587.9			1.0
6588.8			1.0
6589.700000000001			1.0
6590.6			0.9817655976001259
6591.5			0.9378535632598327
6592.4			0.8838983383948841
6593.3			0.8699817937609956
6594.200000000001			0.9182212642759582
6595.1			0.9774779744387084
6596.0			0.9997464776072799
6596.9			1.0
6597.8			1.0
6598.700000000001			1.0
6599.6			1.0
6600.5			1.0
6601.4			1.0
6602.3			1.0
6603.200000000001			0.9868742610590477
6604.1			0.9645167279026993
6605.0			0.9459906971158668
6605.9			0.9432970588603046
6606.8			0.9427439751829363
6607.700000000001			0.9249070723296933
6608.6			0.9033360053838472
6609.5			0.9254070540812099
6610.4			0.9879484591830332
6611.3			1.0294974541350868
6612.200000000001			1.0249528345141836
6613.1			1.0013609804491241
6614.0			1.0026243510739385
6614.9			1.0
6615.8			1.0
6616.700000000001			1.0
6617.6			1.0
6618.5			1.0
6619.4			1.0
6620.3			1.0
6621.200000000001			1.0
6622.1			0.9893502927648831
6623.0			0.9631146784449129
6623.9			0.9206815435521853
6624.8			0.9080158752311122
6625.700000000001			0.9496031227139756
6626.6			0.9924642247251968
6627.5			1.0029407958240246
6628.4			1.0
6629.3			1.0
6630.200000000001			1.0
6631.1			1.0
6632.0			1.0
6632.9			1.0
6633.8			1.0
6634.700000000001			1.0
6635.6			1.0
6636.5			1.0
6637.4			1.0
6638.3			1.0
6639.200000000001			1.0
6640.1			1.0
6641.0			1.0
6641.9			1.0
6642.8			1.0
6643.700000000001			1.0
6644.6			1.0
6645.5			1.0
6646.4			1.0
6647.3			1.0
6648.200000000001			1.0
6649.1			1.0
6650.0			1.0
6650.9			1.0
6651.8			1.0
6652.700000000001			1.0
6653.6			1.0
6654.5			1.0
6655.4			1.0
6656.3			1.0
6657.200000000001			1.0019077279816493
6658.1			1.0116222499697642
6659.0			1.0092658861524741
6659.9			0.9973876992679871
6660.8			0.988377897167142
6661.700000000001			0.973054193563191
6662.6			0.943294501639467
6663.5			0.9275411159806517
6664.4			0.9446497614107419
6665.3			0.95786248594115
6666.200000000001			0.9444168924742873
6667.1			0.9299749912534302
6668.0			0.9416306500633234
6668.9			0.9740473444424284
6669.8			0.999658468049103
6670.700000000001			1.0
6671.6			1.0
6672.5			1.0
6673.4			1.0
6674.3			1.0
6675.200000000001			0.9984125020451541
6676.1			0.9772570522426495
6677.0			0.9235990508316425
6677.9			0.8863366400679213
6678.8			0.9192690711558381
6679.700000000001			0.9789871402889784
6680.6			1.0014200337800196
6681.5			1.0
6682.4			1.0
6683.3			1.0
6684.200000000001			1.0
6685.1			1.0
6686.0			1.0
6686.9			1.0
6687.8			1.0
6688.700000000001			1.0
6689.6			1.0
6690.5			1.0
6691.4			1.0
6692.3			1.0
6693.200000000001			1.0
6694.1			1.0
6695.0			1.0
6695.9			1.0
6696.8			1.0
6697.700000000001			1.0
6698.6			1.0
6699.5			1.0
6700.4			1.0
6701.3			1.0
6702.200000000001			1.0
6703.1			1.0
6704.0			1.0
6704.9			1.0
6705.8			1.0
6706.700000000001			1.0
6707.6			1.0
6708.5			1.0
6709.4			1.0
6710.3			1.0
6711.200000000001			1.0
6712.1			1.0
6713.0			1.0
6713.9			0.991607374511588
6714.8			0.9774433127899012
6715.700000000001			0.9502891244246854
6716.6			0.921882784743386
6717.5			0.9168876775558846
6718.4			0.9582764135319006
6719.3			1.0072250206060758
6720.200000000001			1.0139035308187332
6721.1			1.0001180410540462
6722.0			1.0
6722.9			1.0
6723.8			1.0
6724.700000000001			1.0
6725.6			1.0
6726.5			1.0
6727.4			1.0
6728.3			1.0
6729.200000000001			1.0
6730.1			1.0
6731.0			1.0
6731.9			1.0
6732.8			1.0
6733.700000000001			1.0
6734.6			1.0
6735.5			1.0
6736.4			1.0
6737.3			1.0
6738.200000000001			1.0
6739.1			1.0
6740.0			1.0
6740.9			1.0
6741.8			1.0
6742.700000000001			1.0
6743.6			1.0
6744.5			1.0
6745.4			1.0
6746.3			1.0
6747.200000000001			1.0048583881496589
6748.1			1.0
6749.0			0.9864194698266943
6749.9			0.9736616621560871
6750.8			0.9822981802988102
6751.700000000001			0.9781966022381066
6752.6			0.9463950505071769
6753.5			0.9510292348752699
6754.4			0.9923785745822324
6755.3			1.0146269236046341
6756.200000000001			1.0235179928353755
6757.1			1.0350609131725976
6758.0			1.0409868291678823
6758.9			1.0423625056354822
6759.8			1.0417700924403541
6760.700000000001			1.0335592724977907
6761.6			1.0225162509932104
6762.5			1.020685853913357
6763.4			1.0266349047223047
6764.3			1.0262654392576336
6765.200000000001			1.0088647443197505
6766.1			0.9733567540434656
6767.0			0.9485553692021974
6767.9			0.9649524044644966
6768.8			1.0012020190709554
6769.700000000001			1.0
6770.6			0.9731944678992859
6771.5			0.974902191401868
6772.4			1.0
6773.3			1.0149018269788963
6774.200000000001			1.0236058600892646
6775.1			1.0368403492847653
6776.0			1.0420764434322092
6776.9			1.0380998695027885
6777.8			1.0410203938635951
6778.700000000001			1.042417108384091
6779.6			1.0357393424266672
6780.5			1.0300054975985284
6781.4			1.0171900953155908
6782.3			0.9870652927446284
6783.200000000001			0.9503511811135227
6784.1			0.9367182838637108
6785.0			0.9491836123593981
6785.9			0.9658813054530668
6786.8			0.986104686130231
6787.700000000001			1.0054012392901768
6788.6			1.0092833549484372
6789.5			1.0040658341343103
6790.4			1.0063335094004695
6791.3			1.0140590518626285
6792.200000000001			1.008312616801636
6793.1			0.9885964765990165
6794.0			0.9819374038709012
6794.9			0.9923826791953254
6795.8			0.9982553642326295
6796.700000000001			1.0011749603061437
6797.6			1.0052373646249524
6798.5			1.0053182877601157
6799.4			1.0146922092092008
6800.3			1.0251843335169026
6801.200000000001			1.0215315549578794
6802.1			1.0179028030386168
6803.0			1.0149678806195286
6803.9			1.0060609587055658
6804.8			1.006056655874196
6805.700000000001			1.0078650610884545
6806.6			1.0005232423958663
6807.5			1.0025131310741964
6808.4			1.0097519271005384
6809.3			1.005348965061009
6810.200000000001			1.0028774218766707
6811.1			1.0045658240386184
6812.0			1.0020956362649969
6812.9			1.0007603786920545
6813.8			0.9866879707149002
6814.700000000001			0.9690789466674203
6815.6			0.9823638716045556
6816.5			1.0143847378540103
6817.4			1.0279516629898413
6818.3			1.0196181598389717
6819.200000000001			1.0049586196046039
6820.1			1.0003093601965116
6821.0			1.0107514124488441
6821.9			1.02362156463525
6822.8			1.0323555007436533
6823.700000000001			1.0379833467977542
6824.6			1.0401706167671367
6825.5			1.038748730878773
6826.4			1.0300565644210546
6827.3			1.0085753273103701
6828.200000000001			0.9904660716320022
6829.1			0.9923916398079533
6830.0			1.010942207157592
6830.9			1.0268373646148492
6831.8			1.0170647373545265
6832.700000000001			0.999894843361438
6833.6			1.0054136623277812
6834.5			1.0213042056084953
6835.4			1.0250835294551301
6836.3			1.0179700222203143
6837.200000000001			1.0120630883533206
6838.1			1.003977533802759
6839.0			0.9821747146882366
6839.9			0.9570850948723739
6840.8			0.9404440217486161
6841.700000000001			0.9365153780637071
6842.6			0.9512422697315344
6843.5			0.9768610543325392
6844.4			1.0019473989993914
6845.3			1.014743533394125
6846.200000000001			1.0115103604030475
6847.1			1.0070472493675728
6848.0			1.0104362515192864
6848.9			1.0127926703450076
6849.8			1.010136308171124
6850.700000000001			1.0055740694613051
6851.6			1.0086997999983265
6852.5			1.0210089592451177
6853.4			1.0196797304487257
6854.3			0.9883731684149434
6855.200000000001			0.9632601758767247
6856.1			0.96940730111185
6857.0			0.9827552816692289
6857.9			0.9947048963043363
6858.8			1.004309456559329
6859.700000000001			0.9884520947741599
6860.6			0.9520316841272545
6861.5			0.9378219446642689
6862.4			0.9662819763984604
6863.3			1.0114858672806004
6864.200000000001			1.0361272686507337
6865.1			1.0387974729096416
6866.0			1.0292971970791946
6866.9			0.9967064212997138
6867.8			0.9476414507464305
6868.700000000001			0.9342952323379834
6869.6			0.9887273821800149
6870.5			1.0281825890396534
6871.4			0.9869797574825818
6872.3			0.9479536017749992
6873.200000000001			0.9703731239560321
6874.1			1.0021610809006485
6875.0			1.002196337742408
6875.9			1.004401298313997
6876.8			1.020281915528058
6877.700000000001			1.0339951965754854
6878.6			1.0398493018125783
6879.5			1.0313169913279718
6880.4			1.0192086908458062
6881.3			1.0006280674804904
6882.200000000001			0.9713417404337074
6883.1			0.9638318273349021
6884.0			0.9859459559478518
6884.9			1.0063272802659768
6885.8			1.0071195661987309
6886.700000000001			1.0114291541335243
6887.6			1.0412263586472341
6888.5			1.0544473398172567
6889.4			1.0302310198089861
6890.3			1.0341759570977227
6891.200000000001			1.0678007316077804
6892.1			1.0536772817979687
6893.0			1.0160600143255116
6893.9			1.0256943720474523
6894.8			1.0522781858218733
6895.700000000001			1.0338495874640874
6896.6			1.001466354923968
6897.5			1.012407375896103
6898.4			1.0463333431138544
6899.3			1.0321280705436784
6900.200000000001			0.9869266096077799
6901.1			0.9903930841207965
6902.0			1.0411030032489597
6902.9			1.059480451917792
6903.8			1.0267973247933369
6904.700000000001			0.991687049407971
6905.6			1.003673180104719
6906.5			1.0458787368790958
6907.4			1.0551726351934512
6908.3			1.03132404316067
6909.200000000001			1.0153836514786858
6910.1			1.0227705901365922
6911.0			1.030665028862189
6911.9			1.0208226018022284
6912.8			0.9896497464209577
6913.700000000001			0.9533930159980678
6914.6			0.9597358633989941
6915.5			0.9981590413190173
6916.4			1.0115631914068435
6917.3			1.010894353868513
6918.200000000001			1.0205923005325348
6919.1			1.0317869144639165
6920.0			1.048896378404703
6920.9			1.0661925509668768
6921.8			1.0647589563200108
6922.700000000001			1.0419804441926726
6923.6			1.003171934044983
6924.5			0.9719937237567876
6925.4			0.9686472530834456
6926.3			0.9858443828841273
6927.200000000001			1.0092780886129211
6928.1			1.0196123681604048
6929.0			1.0198661391863428
6929.9			1.025003664770048
6930.8			1.0309717438183794
6931.700000000001			1.0214507081866715
6932.6			0.9934652477848797
6933.5			0.9819252499419824
6934.4			1.0030315384114445
6935.3			1.0228457783554057
6936.200000000001			1.022773900935469
6937.1			1.018502383207686
6938.0			1.0173463079541294
6938.9			1.025861686542388
6939.8			1.0438886306049249
6940.700000000001			1.0570886233672667
6941.6			1.055672526077656
6942.5			1.0386366703647483
6943.4			1.0115443485724076
6944.3			0.9830765972046565
6945.200000000001			0.9716765476685607
6946.1			0.9899141382365696
6947.0			1.0150104203992454
6947.9			1.0289929307939907
6948.8			1.0374105719226594
6949.700000000001			1.0311431179036872
6950.6			1.0029231838045336
6951.5			0.9830629419549677
6952.4			0.9905571025862073
6953.3			0.9991174859796622
6954.200000000001			0.9986358026745924
6955.1			1.005286669787904
6956.0			1.0230225990671145
6956.9			1.041154238266409
6957.8			1.0501635820912114
6958.700000000001			1.048115680278247
6959.6			1.03852274812522
6960.5			1.0340756562532876
6961.4			1.040011006679713
6962.3			1.0450901118881946
6963.200000000001			1.0470903650468797
6964.1			1.0436027778288133
6965.0			1.0321495223376607
6965.9			1.0245895702212813
6966.8			1.0329257504205676
6967.700000000001			1.0472672190030916
6968.6			1.0531678652488994
6969.5			1.0456361873228053
6970.4			1.0289863462220605
6971.3			1.0225155931572332
6972.200000000001			1.0343461168940995
6973.1			1.0412900578560014
6974.0			1.032444257684627
6974.9			1.020389157273999
6975.8			1.0105279097557796
6976.700000000001			0.9878608211391776
6977.6			0.9377549145095812
6978.5			0.8899372511583185
6979.4			0.9031129325349452
6980.3			0.9638039568330491
6981.200000000001			1.0055365162485208
6982.1			1.0239698131827413
6983.0			1.0386299310654943
6983.9			1.0435342725148589
6984.8			1.044290371121096
6985.700000000001			1.0457219896887497
6986.6			1.04215662464641
6987.5			1.0285641733305801
6988.4			1.0064269418867102
6989.3			0.9964117622008958
6990.200000000001			1.0048751033239787
6991.1			1.0203169330125053
6992.0			1.0373792380261568
6992.9			1.0421996094436057
6993.8			1.0284115420661721
6994.700000000001			1.0220193671300426
6995.6			1.0280275316265226
6996.5			1.022413140093678
6997.4			1.018486225987693
6998.3			1.019068213982389
6999.200000000001			1.0024466339535123
7000.1			1.0
7001.0			1.0
7001.9			1.0
7002.8			1.0
7003.700000000001			1.0
7004.6			1.0
7005.5			1.0
7006.4			1.0
7007.3			1.0
7008.200000000001			1.0
7009.1			1.0
7010.0			1.0
7010.9			1.0
7011.8			1.0
7012.700000000001			1.0
7013.6			1.0
7014.5			1.0
7015.4			1.0
7016.3			1.0
7017.200000000001			1.0
7018.1			1.0
7019.0			1.0
7019.9			1.0
7020.8			1.0
7021.700000000001			1.0
7022.6			1.0
7023.5			1.0
7024.4			1.0
7025.3			1.0
7026.200000000001			1.0
7027.1			1.0
7028.0			1.0
7028.9			1.0
7029.8			1.0
7030.700000000001			1.0
7031.6			1.0
7032.5			1.0
7033.4			1.0
7034.3			1.0
7035.200000000001			1.0
7036.1			1.0
7037.0			1.0
7037.9			1.0
7038.8			1.0
7039.700000000001			1.0
7040.6			1.0
7041.5			1.0
7042.4			1.0
7043.3			1.0
7044.200000000001			1.0
7045.1			1.0
7046.0			1.0
7046.9			1.0
7047.8			1.0
7048.700000000001			1.0
7049.6			1.0
7050.5			1.0
7051.4			1.0
7052.3			1.0
7053.200000000001			1.0
7054.1			1.0
7055.0			1.0
7055.9			1.0
7056.8			1.0
7057.700000000001			1.0
7058.6			1.0
7059.5			1.0
7060.4			1.0
7061.3			1.0
7062.200000000001			1.0
7063.1			1.0
7064.0			1.0
7064.9			1.0
7065.8			1.0
7066.700000000001			1.0
7067.6			1.0
7068.5			1.0
7069.4			1.0
7070.3			1.0
7071.200000000001			1.0
7072.1			1.0
7073.0			1.0
7073.9			1.0
7074.8			1.0
7075.700000000001			1.0
7076.6			1.0
7077.5			1.0
7078.4			1.0
7079.3			1.0
7080.200000000001			1.0
7081.1			1.0
7082.0			1.0
7082.9			1.0
7083.8			1.0
7084.700000000001			1.0
7085.6			1.0
7086.5			1.0
7087.4			1.0
7088.3			1.0
7089.200000000001			1.0
7090.1			1.0
7091.0			1.0
7091.9			1.0
7092.8			1.0
7093.700000000001			1.0
7094.6			1.0
7095.5			1.0
7096.4			1.0
7097.3			1.0
7098.200000000001			1.0
7099.1			1.0
7100.0			1.0
7100.9			1.0
7101.8			1.0
7102.700000000001			1.0
7103.6			1.0
7104.5			1.0
7105.4			1.0
7106.3			1.0
7107.200000000001			1.0
7108.1			1.0
7109.0			1.0
7109.9			1.0
7110.8			1.0
7111.700000000001			1.0
7112.6			1.0
7113.5			1.0
7114.4			1.0
7115.3			1.0
7116.200000000001			1.0
7117.1			1.0
7118.0			1.0
7118.9			1.0
7119.8			1.0
7120.700000000001			1.0
7121.6			1.0
7122.5			1.0
7123.4			1.0
7124.3			1.0
7125.200000000001			1.0
7126.1			1.0
7127.0			1.0
7127.9			1.0
7128.8			1.0
7129.700000000001			1.0
7130.6			1.0
7131.5			1.0
7132.4			1.0
7133.3			1.0
7134.200000000001			1.0
7135.1			1.0
7136.0			1.0
7136.9			1.0
7137.8			1.0
7138.700000000001			1.0
7139.6			1.0
7140.5			1.0
7141.4			1.0
7142.3			1.0
7143.200000000001			1.0
7144.1			1.0
7145.0			1.0
7145.9			1.0
7146.8			1.0
7147.700000000001			1.0
7148.6			1.0
7149.5			1.0
7150.4			1.0
7151.3			1.0
7152.200000000001			1.0
7153.1			1.0
7154.0			1.0
7154.9			1.0
7155.8			1.0
7156.700000000001			1.0
7157.6			1.0
7158.5			1.0
7159.4			1.0
7160.3			1.0
7161.200000000001			1.0
7162.1			1.0
7163.0			1.0
7163.9			1.0
7164.8			1.0
7165.700000000001			1.0
7166.6			1.0
7167.5			1.0
7168.4			1.0
7169.3			1.0
7170.200000000001			1.0
7171.1			1.0
7172.0			1.0
7172.9			1.0
7173.8			1.0
7174.700000000001			1.0
7175.6			1.0
7176.5			1.0
7177.4			1.0
7178.3			1.0
7179.200000000001			1.0
7180.1			1.0
7181.0			1.0
7181.9			1.0
7182.8			1.0
7183.700000000001			1.0
7184.6			1.0
7185.5			1.0
7186.4			1.0
7187.3			1.0
7188.200000000001			1.0
7189.1			1.0
7190.0			1.0
7190.9			1.0
7191.8			1.0
7192.700000000001			1.0
7193.6			1.0
7194.5			1.0
7195.4			1.0
7196.3			1.0
7197.200000000001			1.0
7198.1			1.0
7199.0			1.0
7199.9			1.0
7200.8			1.0
7201.700000000001			1.0
7202.6			1.0
7203.5			1.0
7204.4			1.0
7205.3			1.0
7206.200000000001			1.0
7207.1			1.0
7208.0			1.0
7208.9			1.0
7209.8			1.0
7210.700000000001			1.0
7211.6			1.0
7212.5			1.0
7213.4			1.0
7214.3			1.0
7215.200000000001			1.0
7216.1			1.0
7217.0			1.0
7217.9			1.0
7218.8			1.0
7219.700000000001			1.0
7220.6			1.0
7221.5			1.0
7222.4			1.0
7223.3			1.0
7224.200000000001			1.0
7225.1			1.0
7226.0			1.0
7226.9			1.0
7227.8			1.0
7228.700000000001			1.0
7229.6			1.0
7230.5			1.0
7231.4			1.0
7232.3			1.0
7233.200000000001			1.0
7234.1			1.0
7235.0			1.0
7235.9			1.0
7236.8			1.0
7237.700000000001			1.0
7238.6			1.0
7239.5			1.0
7240.4			1.0
7241.3			1.0
7242.200000000001			1.0
7243.1			1.0
7244.0			1.0
7244.9			1.0
7245.8			1.0
7246.700000000001			1.0
7247.6			1.0
7248.5			1.0
7249.4			1.0
7250.3			1.0
7251.200000000001			1.0
7252.1			1.0
7253.0			1.0
7253.9			1.0
7254.8			1.0
7255.700000000001			1.0
7256.6			1.0
7257.5			1.0
7258.4			1.0
7259.3			1.0
7260.200000000001			1.0
7261.1			1.0
7262.0			1.0
7262.9			1.0
7263.8			1.0
7264.700000000001			1.0
7265.6			1.0
7266.5			1.0
7267.4			1.0
7268.3			1.0
7269.200000000001			1.0
7270.1			1.0
7271.0			1.0
7271.9			1.0
7272.8			1.0
7273.700000000001			1.0
7274.6			1.0
7275.5			1.0
7276.4			1.0
7277.3			1.0
7278.200000000001			1.0
7279.1			1.0
7280.0			1.0
7280.9			1.0
7281.8			1.0
7282.700000000001			1.0
7283.6			1.0
7284.5			1.0
7285.4			1.0
7286.3			1.0
7287.200000000001			1.0
7288.1			1.0
7289.0			1.0
7289.9			1.0
7290.8			1.0
7291.700000000001			1.0
7292.6			1.0
7293.5			1.0
7294.4			1.0
7295.3			1.0
7296.200000000001			1.0
7297.1			1.0
7298.0			1.0
7298.9			1.0
7299.8			1.0
7300.700000000001			1.0
7301.6			1.0
7302.5			1.0
7303.4			1.0
7304.3			1.0
7305.200000000001			1.0
7306.1			1.0
7307.0			1.0
7307.9			1.0
7308.8			1.0
7309.700000000001			1.0
7310.6			1.0
7311.5			1.0
7312.4			1.0
7313.3			1.0
7314.200000000001			1.0
7315.1			1.0
7316.0			1.0
7316.9			1.0
7317.8			1.0
7318.700000000001			1.0
7319.6			1.0
7320.5			1.0
7321.4			1.0
7322.3			1.0
7323.200000000001			1.0
7324.1			1.0
7325.0			1.0
7325.9			1.0
7326.8			1.0
7327.700000000001			1.0
7328.6			1.0
7329.5			1.0
7330.4			1.0
7331.3			1.0
7332.200000000001			1.0
7333.1			1.0
7334.0			1.0
7334.9			1.0
7335.8			1.0
7336.700000000001			1.0
7337.6			1.0
7338.5			1.0
7339.4			1.0
7340.3			1.0
7341.200000000001			1.0
7342.1			1.0
7343.0			1.0
7343.9			1.0
7344.8			1.0
7345.700000000001			1.0
7346.6			1.0
7347.5			1.0
7348.4			1.0
7349.3			1.0
7350.200000000001			1.0
7351.1			1.0
7352.0			1.0
7352.9			1.0
7353.8			1.0
7354.700000000001			1.0
7355.6			1.0
7356.5			1.0
7357.4			1.0
7358.3			1.0
7359.200000000001			1.0
7360.1			1.0
7361.0			1.0
7361.9			1.0
7362.8			1.0
7363.700000000001			1.0
7364.6			1.0
7365.5			1.0
7366.4			1.0
7367.3			1.0
7368.200000000001			1.0
7369.1			1.0
7370.0			1.0
7370.9			1.0
7371.8			1.0
7372.700000000001			1.0
7373.6			1.0
7374.5			1.0
7375.4			1.0
7376.3			1.0
7377.200000000001			1.0
7378.1			1.0
7379.0			1.0
7379.9			1.0
7380.8			1.0
7381.700000000001			1.0
7382.6			1.0
7383.5			1.0
7384.4			1.0
7385.3			1.0
7386.200000000001			1.0
7387.1			1.0
7388.0			1.0
7388.9			1.0
7389.8			1.0
7390.700000000001			1.0
7391.6			1.0
7392.5			1.0
7393.4			1.0
7394.3			1.0
7395.200000000001			1.0
7396.1			1.0
7397.0			1.0
7397.9			1.0
7398.8			1.0
7399.700000000001			1.0
7400.6			1.0
7401.5			1.0
7402.4			1.0
7403.3			1.0
7404.200000000001			1.0
7405.1			1.0
7406.0			1.0
7406.9			1.0
7407.8			1.0
7408.700000000001			1.0
7409.6			1.0
7410.5			1.0
7411.4			1.0
7412.3			1.0
7413.200000000001			1.0
7414.1			1.0
7415.0			1.0
7415.9			1.0
7416.8			1.0
7417.700000000001			1.0
7418.6			1.0
7419.5			1.0
7420.4			1.0
7421.3			1.0
7422.200000000001			1.0
7423.1			1.0
7424.0			1.0
7424.9			1.0
7425.8			1.0
7426.700000000001			1.0
7427.6			1.0
7428.5			1.0
7429.4			1.0
