3500.0			1.0
3500.9			1.0
3501.8			1.0
3502.7			1.0
3503.6			1.0
3504.5			1.0
3505.4			1.0
3506.3			1.0
3507.2			1.0
3508.1			1.0
3509.0			1.0
3509.9			1.0
3510.8			1.0
3511.7			1.0
3512.6			1.0
3513.5			1.0
3514.4			1.0
3515.3			1.0
3516.2			1.0
3517.1			1.0
3518.0			1.0
3518.9			1.0
3519.8			1.0
3520.7			1.0
3521.6			1.0
3522.5			1.0
3523.4			1.0
3524.3			1.0
3525.2			1.0
3526.1			1.0
3527.0			1.0
3527.9			1.0
3528.8			1.0
3529.7			1.0
3530.6			1.0
3531.5			1.0
3532.4			1.0
3533.3			1.0
3534.2			1.0
3535.1			1.0
3536.0			1.0
3536.9			1.0
3537.8			1.0
3538.7			1.0
3539.6			1.0
3540.5			1.0
3541.4			1.0
3542.3			1.0
3543.2			1.0
3544.1			1.0
3545.0			1.0
3545.9			1.0
3546.8			1.0
3547.7			1.0
3548.6			1.0
3549.5			1.0
3550.4			1.0
3551.3			1.0
3552.2			1.0
3553.1			1.0
3554.0			1.0
3554.9			1.0
3555.8			1.0
3556.7			1.0
3557.6			1.0
3558.5			1.0
3559.4			1.0
3560.3			1.0
3561.2			1.0
3562.1			1.0
3563.0			1.0
3563.9			1.0
3564.8			1.0
3565.7			1.0
3566.6			1.0
3567.5			1.0
3568.4			1.0
3569.3			1.0
3570.2			1.0
3571.1			1.0
3572.0			1.0
3572.9			1.0
3573.8			1.0
3574.7			1.0
3575.6			1.0
3576.5			1.0
3577.4			1.0
3578.3			1.0
3579.2			1.0
3580.1			1.0
3581.0			1.0
3581.9			1.0
3582.8			1.0
3583.7			1.0
3584.6			1.0
3585.5			1.0
3586.4			1.0
3587.3			1.0
3588.2			1.0
3589.1			1.0
3590.0			1.0
3590.9			1.0
3591.8			1.0
3592.7			1.0
3593.6			1.0
3594.5			1.0
3595.4			1.0
3596.3			1.0
3597.2			1.0
3598.1			1.0
3599.0			1.0
3599.9			1.0
3600.8			1.0
3601.7			1.0
3602.6			1.0
3603.5			1.0
3604.4			1.0
3605.3			1.0
3606.2			1.0
3607.1			1.0
3608.0			1.0
3608.9			1.0
3609.8			1.0
3610.7			1.0
3611.6			1.0
3612.5			1.0
3613.4			1.0
3614.3			1.0
3615.2			1.0
3616.1			1.0
3617.0			1.0
3617.9			1.0
3618.8			1.0
3619.7			1.0
3620.6			1.0
3621.5			1.0
3622.4			1.0
3623.3			1.0
3624.2			1.0
3625.1			1.0
3626.0			1.0
3626.9			1.0
3627.8			1.0
3628.7			1.0
3629.6			1.0
3630.5			1.0
3631.4			1.0
3632.3			1.0
3633.2			1.0
3634.1			1.0
3635.0			1.0
3635.9			1.0
3636.8			1.0
3637.7			1.0
3638.6			1.0
3639.5			1.0
3640.4			1.0
3641.3			1.0
3642.2			1.0
3643.1			1.0
3644.0			1.0
3644.9			1.0
3645.8			1.0
3646.7			1.0
3647.6			1.0
3648.5			1.0
3649.4			1.0
3650.3			1.0
3651.2			1.0
3652.1			1.0
3653.0			1.0
3653.9			1.0
3654.8			1.0
3655.7			1.0
3656.6			1.0
3657.5			1.0
3658.4			1.0
3659.3			1.0
3660.2			1.0
3661.1			1.0
3662.0			1.0
3662.9			1.0
3663.8			1.0
3664.7			1.0
3665.6			1.0
3666.5			1.0
3667.4			1.0
3668.3			1.0
3669.2			1.0
3670.1			1.0
3671.0			1.0
3671.9			1.0
3672.8			1.0
3673.7			1.0
3674.6			1.0
3675.5			1.0
3676.4			1.0
3677.3			1.0
3678.2			1.0
3679.1			1.0
3680.0			1.0
3680.9			1.0
3681.8			1.0
3682.7			1.0
3683.6			1.0
3684.5			1.0
3685.4			1.0
3686.3			1.0
3687.2			1.0
3688.1			1.0
3689.0			1.0
3689.9			1.0
3690.8			1.0
3691.7			1.0
3692.6			1.0
3693.5			1.0
3694.4			1.0
3695.3			1.0
3696.2			1.0
3697.1			1.0
3698.0			1.0
3698.9			1.0
3699.8			1.0
3700.7			1.0
3701.6			1.0
3702.5			1.0
3703.4			1.0
3704.3			1.0
3705.2			1.0
3706.1			1.0
3707.0			1.0
3707.9			1.0
3708.8			1.0
3709.7			1.0
3710.6			1.0
3711.5			1.0
3712.4			1.0
3713.3			1.0
3714.2			1.0
3715.1			1.0
3716.0			1.0
3716.9			1.0
3717.8			1.0
3718.7			1.0
3719.6			1.0
3720.5			1.0
3721.4			1.0
3722.3			1.0
3723.2			1.0
3724.1			1.0
3725.0			1.0
3725.9			1.0
3726.8			1.0
3727.7			1.0
3728.6			1.0
3729.5			1.0
3730.4			1.0
3731.3			1.0
3732.2			1.0
3733.1			1.0
3734.0			1.0
3734.9			1.0
3735.8			1.0
3736.7			1.0
3737.6			1.0
3738.5			1.0
3739.4			1.0
3740.3			1.0
3741.2			1.0
3742.1			1.0
3743.0			1.0
3743.9			1.0
3744.8			1.0
3745.7			1.0
3746.6			1.0
3747.5			1.0
3748.4			1.0
3749.3			1.0
3750.2			1.0
3751.1			1.0
3752.0			1.0
3752.9			1.0
3753.8			1.0
3754.7			1.0
3755.6			1.0
3756.5			1.0
3757.4			1.0
3758.3			1.0
3759.2			1.0
3760.1			1.0
3761.0			1.0
3761.9			1.0
3762.8			1.0
3763.7			1.0
3764.6			1.0
3765.5			1.0
3766.4			1.0
3767.3			1.0
3768.2			1.0
3769.1			1.0
3770.0			1.0
3770.9			1.0
3771.8			1.0
3772.7			1.0
3773.6			1.0
3774.5			1.0
3775.4			1.0
3776.3			1.0
3777.2			1.0
3778.1			1.0
3779.0			1.0
3779.9			1.0
3780.8			1.0
3781.7			1.0
3782.6			1.0
3783.5			1.0
3784.4			1.0
3785.3			1.0
3786.2			1.0
3787.1			1.0
3788.0			1.0
3788.9			1.0
3789.8			1.0
3790.7			1.0
3791.6			1.0
3792.5			1.0
3793.4			1.0
3794.3			1.0
3795.2			1.0
3796.1			1.0
3797.0			1.0
3797.9			1.0
3798.8			1.0
3799.7			1.0
3800.6			1.0
3801.5			1.0
3802.4			1.0
3803.3			1.0
3804.2			1.0
3805.1			1.0
3806.0			1.0
3806.9			1.0
3807.8			1.0
3808.7			1.0
3809.6			1.0
3810.5			1.0
3811.4			1.0
3812.3			1.0
3813.2			1.0
3814.1			1.0
3815.0			1.0
3815.9			1.0
3816.8			1.0
3817.7			1.0
3818.6			1.0
3819.5			1.0
3820.4			1.0
3821.3			1.0
3822.2			1.0
3823.1			1.0
3824.0			1.0
3824.9			1.0
3825.8			1.0
3826.7			1.0
3827.6			1.0
3828.5			1.0
3829.4			1.0
3830.3			1.0
3831.2			1.0
3832.1			1.0
3833.0			1.0
3833.9			1.0
3834.8			1.0
3835.7			1.0
3836.6			1.0
3837.5			1.0
3838.4			1.0
3839.3			1.0
3840.2			1.0
3841.1			1.0
3842.0			1.0
3842.9			1.0
3843.8			1.0
3844.7			1.0
3845.6			1.0
3846.5			1.0
3847.4			1.0
3848.3			1.0
3849.2			1.0
3850.1			1.0
3851.0			1.0
3851.9			1.0
3852.8			1.0
3853.7			1.0
3854.6			1.0
3855.5			1.0
3856.4			1.0
3857.3			1.0
3858.2			1.0
3859.1			1.0
3860.0			1.0
3860.9			1.0
3861.8			1.0
3862.7			1.0
3863.6			1.0
3864.5			1.0
3865.4			1.0
3866.3			1.0
3867.2			1.0
3868.1			1.0
3869.0			1.0
3869.9			1.0
3870.8			1.0
3871.7			1.0
3872.6			1.0
3873.5			1.0
3874.4			1.0
3875.3			1.0
3876.2			1.0
3877.1			1.0
3878.0			1.0
3878.9			1.0
3879.8			1.0
3880.7			1.0
3881.6			1.0
3882.5			1.0
3883.4			1.0
3884.3			1.0
3885.2			1.0
3886.1			1.0
3887.0			1.0
3887.9			1.0
3888.8			1.0
3889.7			1.0
3890.6			1.0
3891.5			1.0
3892.4			1.0
3893.3			1.0
3894.2			1.0
3895.1			1.0
3896.0			1.0
3896.9			1.0
3897.8			1.0
3898.7			1.0
3899.6			1.0
3900.5			1.0
3901.4			1.0
3902.3			1.0
3903.2			1.0
3904.1			1.0
3905.0			1.0
3905.9			1.0
3906.8			1.0
3907.7			1.0
3908.6			1.0
3909.5			1.0
3910.4			1.0
3911.3			1.0
3912.2			1.0
3913.1			1.0
3914.0			1.0
3914.9			1.0
3915.8			1.0
3916.7			1.0
3917.6			1.0
3918.5			1.0
3919.4			1.0
3920.3			1.0
3921.2			1.0
3922.1			1.0
3923.0			1.0
3923.9			1.0
3924.8			1.0
3925.7			1.0
3926.6			1.0
3927.5			1.0
3928.4			1.0
3929.3			1.0
3930.2			1.0
3931.1			1.0
3932.0			1.0
3932.9			1.0
3933.8			1.0
3934.7			1.0
3935.6			1.0
3936.5			1.0
3937.4			1.0
3938.3			1.0
3939.2			1.0
3940.1			1.0
3941.0			1.0
3941.9			1.0
3942.8			1.0
3943.7			1.0
3944.6			1.0
3945.5			1.0
3946.4			1.0
3947.3			1.0
3948.2			1.0
3949.1			1.0
3950.0			1.0
3950.9			1.0
3951.8			1.0
3952.7			1.0
3953.6			1.0
3954.5			1.0
3955.4			1.0
3956.3			1.0
3957.2			1.0
3958.1			1.0
3959.0			1.0
3959.9			1.0
3960.8			1.0
3961.7			1.0
3962.6			1.0
3963.5			1.0
3964.4			1.0
3965.3			1.0
3966.2			1.0
3967.1			1.0
3968.0			1.0
3968.9			1.0
3969.8			1.0
3970.7			1.0
3971.6			1.0
3972.5			1.0
3973.4			1.0
3974.3			1.0
3975.2			1.0
3976.1			1.0
3977.0			1.0
3977.9			1.0
3978.8			1.0
3979.7			1.0
3980.6			1.0
3981.5			1.0
3982.4			1.0
3983.3			1.0
3984.2			1.0
3985.1			1.0
3986.0			1.0
3986.9			1.0
3987.8			1.0
3988.7			1.0
3989.6			1.0
3990.5			1.0
3991.4			1.0
3992.3			1.0
3993.2			1.0
3994.1			1.0
3995.0			1.0
3995.9			1.0
3996.8			1.0
3997.7			1.0
3998.6			1.0
3999.5			1.0
4000.4			1.0
4001.3			1.0
4002.2			1.0
4003.1			1.0417799032126598
4004.0			0.9830757315381624
4004.9			0.7889965397435074
4005.8			0.6636192754268869
4006.7			0.7359235184883424
4007.6			0.892486532038093
4008.5			1.003780968145355
4009.4			1.0
4010.3			1.0
4011.2			1.0
4012.1			1.0
4013.0			1.0
4013.9			1.0
4014.8			1.0
4015.7			1.0
4016.6			1.0
4017.5			1.0
4018.4			1.0
4019.3			1.0
4020.2			1.0
4021.1			1.0
4022.0			1.0
4022.9			1.0
4023.8			1.0
4024.7			1.0
4025.6			1.0
4026.5			1.0
4027.4			1.0
4028.3			1.0219441479326814
4029.2			0.9450990934661844
4030.1			0.7464437607691177
4031.0			0.5771150114542035
4031.9			0.516575170331802
4032.8			0.48303281422859257
4033.7			0.45465282913331123
4034.6			0.49433787220086517
4035.5			0.6220573632371317
4036.4			0.8026179094677015
4037.3			0.9583134367287724
4038.2			1.0291562926161235
4039.1			0.999619729514448
4040.0			1.0
4040.9			1.0
4041.8			1.0
4042.7			1.0055072802324176
4043.6			0.8837179126604162
4044.5			0.6354024535659201
4045.4			0.43060493531210514
4046.3			0.40390256533474234
4047.2			0.5454870314275703
4048.1			0.7436700014138284
4049.0			0.8944171387768828
4049.9			1.0028015972164668
4050.8			1.0
4051.7			1.0
4052.6			1.0
4053.5			1.0
4054.4			1.0
4055.3			1.0
4056.2			1.0
4057.1			1.0
4058.0			1.0
4058.9			1.0
4059.8			1.119215166724505
4060.7			1.1671047626898998
4061.6			1.0512230198064898
4062.5			0.7973448599211346
4063.4			0.5710113088823423
4064.3			0.5550584554226968
4065.2			0.7142183274926518
4066.1			0.8428271810834863
4067.0			0.852703939957244
4067.9			0.8796283178264668
4068.8			0.9845328887824043
4069.7			1.0
4070.6			1.0
4071.5			1.0
4072.4			1.0
4073.3			1.0
4074.2			1.0
4075.1			1.0060595327378414
4076.0			0.8889161022378261
4076.9			0.7549908790962448
4077.8			0.7241864580325487
4078.7			0.7786733201498757
4079.6			0.872855279786204
4080.5			0.9854336508929357
4081.4			1.0
4082.3			1.0
4083.2			1.0
4084.1			1.0
4085.0			1.0
4085.9			1.0
4086.8			1.0
4087.7			1.0
4088.6			1.0
4089.5			1.0
4090.4			1.0
4091.3			1.0
4092.2			1.0
4093.1			1.025841371672862
4094.0			1.0561357710905186
4094.9			0.9803362949993344
4095.8			0.8665551291090472
4096.7			0.8073990570758209
4097.6			0.8133291926730487
4098.5			0.8527830389566844
4099.4			0.8771730668162722
4100.3			0.827550453893768
4101.2			0.7536190110164146
4102.1			0.7746568755773734
4103.0			0.8578064637387637
4103.9			0.9002458532244058
4104.8			0.9272330334233594
4105.7			1.002897774221434
4106.6			1.062383276337505
4107.5			1.0
4108.4			0.9625199917261632
4109.3			0.9405155700573078
4110.2			0.9120464811032664
4111.1			0.8732808543923747
4112.0			0.8580307069894142
4112.9			0.907027349368558
4113.8			0.9726072369372493
4114.7			0.9952533167729946
4115.6			1.000280103529739
4116.5			1.0
4117.4			1.0
4118.3			1.0
4119.2			1.0
4120.1			1.0
4121.0			1.0
4121.9			1.0
4122.8			1.0
4123.7			1.0
4124.6			1.0
4125.5			1.0
4126.4			1.0
4127.3			1.0
4128.2			1.0
4129.1			0.9892166312160905
4130.0			0.9716924549360048
4130.9			0.8806279158185556
4131.8			0.7338878898051536
4132.7			0.6586717448287196
4133.6			0.6869664999901614
4134.5			0.759545021935256
4135.4			0.8955394239828942
4136.3			1.000366309925841
4137.2			1.0
4138.1			1.0
4139.0			1.0
4139.9			1.02953037200406
4140.8			1.0259516446143178
4141.7			0.9371431834070442
4142.6			0.7302042575618964
4143.5			0.560426987733638
4144.4			0.6016120416389177
4145.3			0.7887162743926837
4146.2			0.9377820632660266
4147.1			0.9938562425764583
4148.0			1.0
4148.9			1.0
4149.8			1.0
4150.7			1.0
4151.6			1.0
4152.5			1.0
4153.4			1.0
4154.3			1.0
4155.2			1.0
4156.1			1.0
4157.0			1.0
4157.9			1.0
4158.8			1.0
4159.7			1.0
4160.6			1.0
4161.5			1.0
4162.4			1.0
4163.3			1.0
4164.2			1.0
4165.1			1.0
4166.0			1.0
4166.9			0.9217112956748417
4167.8			0.8899748892296274
4168.7			0.9601309907092836
4169.6			1.05422611185538
4170.5			1.0744705041238367
4171.4			0.9942850686922456
4172.3			0.8657592692218625
4173.2			0.8194316952328641
4174.1			0.8711273004380865
4175.0			0.9062183505305969
4175.9			0.9137463794326136
4176.8			0.9208624788060237
4177.7			0.9274497482237993
4178.6			0.955409773264829
4179.5			1.0000093375799777
4180.4			1.0
4181.3			1.0
4182.2			1.0
4183.1			1.0
4184.0			1.0
4184.9			1.060370666893789
4185.8			1.027952094626408
4186.7			0.8688325647446553
4187.6			0.7466719271425266
4188.5			0.8150761757248183
4189.4			1.0
4190.3			1.030120770304817
4191.2			0.9538956187525625
4192.1			0.9486240564622905
4193.0			1.0441804832016668
4193.9			1.0673759870408777
4194.8			0.9574092098158437
4195.7			0.82152870813794
4196.6			0.7451036856793914
4197.5			0.7097226874814478
4198.4			0.6758434622849481
4199.3			0.6853434831557311
4200.2			0.7219323169174602
4201.1			0.6985167603180615
4202.0			0.6658900106464176
4202.9			0.7175761131770056
4203.8			0.8245854168941549
4204.7			0.9204629753615905
4205.6			0.9806746590690691
4206.5			1.0011334706571742
4207.4			1.0
4208.3			1.0
4209.2			1.0
4210.1			1.0
4211.0			1.0
4211.9			1.0
4212.8			1.0217106314066393
4213.7			0.936460883506139
4214.6			0.8014422863455974
4215.5			0.7018375978171149
4216.4			0.7391175855899103
4217.3			0.8850319473546994
4218.2			1.0004601289552442
4219.1			1.0
4220.0			1.0
4220.9			1.0
4221.8			0.9451916421173453
4222.7			0.8487335036848083
4223.6			0.7406231147275867
4224.5			0.6054211573833694
4225.4			0.4421439010824672
4226.3			0.3011749753388453
4227.2			0.2740547170952857
4228.1			0.40609465003004985
4229.0			0.6183393131408511
4229.9			0.8130591937858203
4230.8			1.0
4231.7			1.0600586870944568
4232.6			0.989404839982246
4233.5			0.9044428280599396
4234.4			0.8904732462724404
4235.3			0.8464801883554168
4236.2			0.7876641565798717
4237.1			0.8416430664927416
4238.0			0.9147897481374453
4238.9			0.9153150104399967
4239.8			0.9190261550597965
4240.7			0.9983106169765692
4241.6			1.0
4242.5			1.0
4243.4			1.0
4244.3			1.0
4245.2			1.0
4246.1			1.0
4247.0			1.0
4247.9			0.9074581643136307
4248.8			0.8331491647442604
4249.7			0.7290492871077284
4250.6			0.643152619577407
4251.5			0.7260921718570582
4252.4			0.8644199968512073
4253.3			0.831175774307637
4254.2			0.6733075855633969
4255.1			0.6597619092463536
4256.0			0.8715700739757846
4256.9			1.107298626540812
4257.8			1.1613117884785082
4258.7			1.0185934082909636
4259.6			0.8338260158161195
4260.5			0.7187985530176191
4261.4			0.7739884358183514
4262.3			0.9926720947793635
4263.2			1.0
4264.1			1.0
4265.0			1.0
4265.9			1.01221653872271
4266.8			0.9837570376815881
4267.7			0.9120419633033638
4268.6			0.8550792981068384
4269.5			0.7740331233557033
4270.4			0.6272538335458764
4271.3			0.47493970355058523
4272.2			0.4254247882235434
4273.1			0.48028827756913023
4274.0			0.5001587646350288
4274.9			0.4957361689049583
4275.8			0.5997900859665941
4276.7			0.7794844539137731
4277.6			0.9300225350421989
4278.5			1.0006271827247117
4279.4			1.0
4280.3			1.0
4281.2			1.0
4282.1			1.0
4283.0			1.0
4283.9			1.0
4284.8			1.0
4285.7			1.0
4286.6			1.0
4287.5			1.005428499707737
4288.4			0.9197097794769538
4289.3			0.738835959524191
4290.2			0.6455176993891408
4291.1			0.7266417581956852
4292.0			1.0
4292.9			1.1144113292289997
4293.8			1.0529168710155348
4294.7			0.9898955006633564
4295.6			1.050511385322377
4296.5			1.0797222995497124
4297.4			0.99423794032921
4298.3			0.8435598174903579
4299.2			0.6851308733319282
4300.1			0.6267161841410599
4301.0			0.6941252562610577
4301.9			0.7534248524930508
4302.8			0.7608013730950969
4303.7			0.7876932147239237
4304.6			0.8083265017456069
4305.5			0.7656692550707207
4306.4			0.6782408061864016
4307.3			0.5702796094299868
4308.2			0.49945177884439595
4309.1			0.5302748690969049
4310.0			0.623344315765745
4310.9			0.7132614040105029
4311.8			0.7987717279444289
4312.7			0.904869852632877
4313.6			0.9958515339008962
4314.5			1.0584875760992563
4315.4			1.2105426029511874
4316.3			1.4355162625955977
4317.2			1.5403825347249926
4318.1			1.4799933931206632
4319.0			1.4176998428405903
4319.9			1.3994848662839878
4320.8			1.0
4321.7			0.9764430442493582
4322.6			0.9009138955171796
4323.5			0.7333524536104471
4324.4			0.5501410965410719
4325.3			0.4297962322862567
4326.2			0.44118625743186085
4327.1			0.6195369977668029
4328.0			0.8513666690405783
4328.9			1.000337034755908
4329.8			1.0
4330.7			1.0
4331.6			1.0
4332.5			1.0
4333.4			1.0
4334.3			1.0
4335.2			1.0400497500235637
4336.1			1.0010267035973472
4337.0			0.868464991901943
4337.9			0.7522726051903132
4338.8			0.720784157568314
4339.7			0.69947199859401
4340.6			0.7224732940685021
4341.5			0.8416675351968497
4342.4			0.9680505813709853
4343.3			0.9914349555170913
4344.2			0.9875767479802995
4345.1			1.0
4346.0			1.0
4346.9			1.0
4347.8			1.0090391853624734
4348.7			1.0861171902631057
4349.6			1.1387893790862103
4350.5			1.0172668475722784
4351.4			0.7899735337335998
4352.3			0.6672417614219428
4353.2			0.7340558827264649
4354.1			0.8458715046115994
4355.0			0.8814600043066826
4355.9			0.9218148613197877
4356.8			1.001081086249585
4357.7			1.0
4358.6			1.0
4359.5			1.0
4360.4			1.0
4361.3			1.0
4362.2			1.0
4363.1			1.0
4364.0			1.0
4364.9			1.0
4365.8			1.0
4366.7			1.0
4367.6			1.0
4368.5			1.0
4369.4			1.0
4370.3			1.0
4371.2			1.0
4372.1			1.0
4373.0			1.0
4373.9			1.0
4374.8			1.0
4375.7			1.0
4376.6			1.0
4377.5			1.0
4378.4			1.0
4379.3			0.9812874682459902
4380.2			0.9283301754257013
4381.1			0.852870771042203
4382.0			0.7172073218706835
4382.9			0.526955747041801
4383.8			0.40358916111274173
4384.7			0.47649987559535695
4385.6			0.7160136005666011
4386.5			0.9332697144556219
4387.4			1.005616902235505
4388.3			1.0008767857536005
4389.2			1.0
4390.1			1.0
4391.0			1.0
4391.9			1.0
4392.8			1.0
4393.7			1.0
4394.6			1.0
4395.5			1.0
4396.4			1.0
4397.3			1.0
4398.2			1.0
4399.1			1.0
4400.0			1.0
4400.9			0.9260317719420808
4401.8			0.9499604125270826
4402.7			0.93657025425658
4403.6			0.7612704077999906
4404.5			0.5509678250589957
4405.4			0.5230783107712091
4406.3			0.6591667998424509
4407.2			0.7644013630475284
4408.1			0.7952997520474667
4409.0			0.8730142348674996
4409.9			1.003078207313523
4410.8			1.0
4411.7			1.0
4412.6			1.0084209649480145
4413.5			0.935948272047578
4414.4			0.7642875118240406
4415.3			0.645554722035062
4416.2			0.7110175835872488
4417.1			0.8649103107621946
4418.0			1.0023567062790248
4418.9			1.0
4419.8			1.0
4420.7			0.9897474012279648
4421.6			0.8942098699299575
4422.5			0.8048586733048335
4423.4			0.8120305460089211
4424.3			0.8567622376283088
4425.2			0.8486822557263478
4426.1			0.8329191265632442
4427.0			0.8561548019782981
4427.9			0.9404746349708873
4428.8			1.0200065261525764
4429.7			0.9906422921592613
4430.6			1.0
4431.5			1.018896924964669
4432.4			1.0409659618954734
4433.3			0.9564765935257399
4434.2			0.8014945414812062
4435.1			0.6833890106614885
4436.0			0.7003651909727684
4436.9			0.8223081825428258
4437.8			0.9298856401176052
4438.7			0.9782770978711095
4439.6			1.0
4440.5			1.0
4441.4			1.0
4442.3			1.0
4443.2			1.0
4444.1			1.0
4445.0			1.0
4445.9			1.0
4446.8			0.9531222563662323
4447.7			0.9032610280199963
4448.6			0.9353701689003204
4449.5			0.9703899308894958
4450.4			0.9619008656739148
4451.3			0.9473542174059453
4452.2			0.9388020720607646
4453.1			0.8847821160401007
4454.0			0.7616740732092261
4454.9			0.6439487196992333
4455.8			0.6438866130809237
4456.7			0.7245195147850697
4457.6			0.7677183258205131
4458.5			0.7547845467977513
4459.4			0.7480274127700478
4460.3			0.7576603329173545
4461.2			0.7179417561616284
4462.1			0.7190162349731608
4463.0			0.8549577534308467
4463.9			0.9873624485848748
4464.8			0.9968104159546675
4465.7			1.0
4466.6			1.0
4467.5			1.0
4468.4			1.0
4469.3			1.0
4470.2			1.0
4471.1			1.0
4472.0			1.0
4472.9			1.0
4473.8			1.0
4474.7			1.0
4475.6			1.0
4476.5			1.0
4477.4			1.0
4478.3			1.026433015221586
4479.2			0.9561827565060778
4480.1			0.847293391101041
4481.0			0.7683253190382725
4481.9			0.7393338951481476
4482.8			0.7850189237628462
4483.7			0.8823903834878316
4484.6			0.959387533844613
4485.5			0.9998942702074739
4486.4			1.0
4487.3			1.0
4488.2			1.0
4489.1			1.0
4490.0			1.0
4490.9			1.0
4491.8			1.0607133064492629
4492.7			1.0674627240305175
4493.6			0.9767742994137903
4494.5			0.8530340433243562
4495.4			0.8155009991707834
4496.3			0.8566319421429969
4497.2			0.9153330394203123
4498.1			0.9650734126923816
4499.0			0.9950146826313151
4499.9			1.0
4500.8			1.0
4501.7			1.0
4502.6			1.0
4503.5			1.0
4504.4			1.0
4505.3			1.0
4506.2			1.0
4507.1			1.0
4508.0			0.9900960936449431
4508.9			0.9920411161937905
4509.8			1.0076977548929946
4510.7			1.0181777767105646
4511.6			0.9872038629853271
4512.5			0.9312102235171126
4513.4			0.8885402423721027
4514.3			0.8738326080117785
4515.2			0.8984161215464826
4516.1			0.9343977521347102
4517.0			1.0
4517.9			0.9617893569553431
4518.8			0.9788872670683171
4519.7			1.041390126757034
4520.6			1.0906190270596958
4521.5			1.088964978076229
4522.4			1.0361665657970218
4523.3			0.9978242265165871
4524.2			0.9789173577353694
4525.1			0.9202940871133808
4526.0			0.8333229937291364
4526.9			0.7593066755663973
4527.8			0.7147149791862282
4528.7			0.7078698786603422
4529.6			0.7424621168485137
4530.5			0.7815037333080583
4531.4			0.8191253123300852
4532.3			0.8634422867370903
4533.2			0.8575689726561696
4534.1			0.7989661755008177
4535.0			0.7455373848530563
4535.9			0.781424305549279
4536.8			1.0
4537.7			1.1218851380497583
4538.6			1.1234287836007142
4539.5			1.0589242324214962
4540.4			0.9933915910051092
4541.3			0.9807144736646313
4542.2			1.0263774392808256
4543.1			1.064628043649846
4544.0			1.0303200149391556
4544.9			0.9567198991113463
4545.8			0.9285726447713222
4546.7			0.9479184802752664
4547.6			0.9588878801457442
4548.5			0.9262279911411754
4549.4			0.8892802081810703
4550.3			0.9096652390230611
4551.2			0.9546963520024182
4552.1			0.952135731211297
4553.0			0.9278313250137481
4553.9			0.9051061554498814
4554.8			0.8814413643361834
4555.7			0.8870177952251664
4556.6			0.9375502011989008
4557.5			0.9982655018123707
4558.4			1.0337065610037948
4559.3			1.030422072101115
4560.2			1.0039297632155062
4561.1			0.9990954383884542
4562.0			1.0
4562.9			0.971434919984569
4563.8			0.904063196870261
4564.7			0.8449943092220796
4565.6			0.8437497473855281
4566.5			0.9064972280087271
4567.4			0.9794393471648432
4568.3			1.0000267833921737
4569.2			1.0
4570.1			1.0
4571.0			1.0
4571.9			1.0
4572.8			1.0
4573.7			1.0
4574.6			1.0
4575.5			1.0
4576.4			1.0
4577.3			1.0026580111358803
4578.2			0.9758533896520707
4579.1			0.9275334668503867
4580.0			0.8717411541350846
4580.9			0.854500242830171
4581.8			0.9185253856689126
4582.7			1.0054534644725672
4583.6			1.0355254418507105
4584.5			1.0
4585.4			0.9316006377645464
4586.3			0.9111174673720637
4587.2			0.9900155383749633
4588.1			1.0848873752220045
4589.0			1.1258873097728868
4589.9			1.1096439724118448
4590.8			1.0539802369222113
4591.7			0.9846595666228674
4592.6			0.954353986315823
4593.5			0.9661248511160262
4594.4			0.9690376329993287
4595.3			0.9499821205350085
4596.2			0.9403701541038296
4597.1			0.9349908015048618
4598.0			0.9346293675860189
4598.9			0.9567067674195582
4599.8			0.9464274567376172
4600.7			0.9148942702337894
4601.6			0.9325552951221496
4602.5			0.9474463076692324
4603.4			0.9388093996537057
4604.3			0.9356584190043176
4605.2			0.9181389374010639
4606.1			0.9284849570921575
4607.0			0.9707422537491535
4607.9			1.0314838133979762
4608.8			1.0
4609.7			1.0058173266742922
4610.6			0.9595172360655523
4611.5			0.9278983746866044
4612.4			0.9198986753235738
4613.3			0.9131483836676885
4614.2			0.9425451900151439
4615.1			0.9947106449610613
4616.0			1.005082998129033
4616.9			1.0088705127659328
4617.8			1.0
4618.7			1.0
4619.6			1.0
4620.5			1.0
4621.4			1.0
4622.3			1.0
4623.2			1.0
4624.1			1.0
4625.0			1.0
4625.9			1.0
4626.8			1.0
4627.7			1.0
4628.6			1.0
4629.5			1.0
4630.4			1.0
4631.3			1.0
4632.2			1.0
4633.1			1.0
4634.0			1.0
4634.9			1.0
4635.8			1.0
4636.7			1.0
4637.6			1.0
4638.5			1.0
4639.4			1.0
4640.3			1.0083534882247083
4641.2			1.06069269705821
4642.1			1.096916854797983
4643.0			1.0766345045459214
4643.9			1.032553694021721
4644.8			0.9833471939744972
4645.7			0.9019592838800674
4646.6			0.8265431556388538
4647.5			0.8225233873668965
4648.4			0.8611802018010111
4649.3			0.9086535005766941
4650.2			0.9511970148775152
4651.1			0.9711137800241236
4652.0			0.9848353714567892
4652.9			0.9975860517084623
4653.8			1.0
4654.7			1.0
4655.6			1.0
4656.5			1.0
4657.4			1.0
4658.3			1.0
4659.2			1.0
4660.1			1.0
4661.0			1.0
4661.9			1.0
4662.8			0.9486074140740839
4663.7			0.921099761103313
4664.6			0.9144984836089772
4665.5			0.8831374096877719
4666.4			0.796068967041702
4667.3			0.7093209630636765
4668.2			0.712519064135153
4669.1			0.821228292771333
4670.0			0.950392335440895
4670.9			1.0125251526578511
4671.8			1.0004317282060275
4672.7			1.0
4673.6			1.0
4674.5			1.0
4675.4			1.0
4676.3			1.0397430614569856
4677.2			1.03156878507742
4678.1			0.9755560496678952
4679.0			0.9334388193620616
4679.9			0.9228860729033358
4680.8			0.9212988075903316
4681.7			0.929884337397919
4682.6			0.9600226446642448
4683.5			0.9961799439096501
4684.4			1.0030607162724967
4685.3			1.0001722809037563
4686.2			1.0
4687.1			1.0
4688.0			1.0
4688.9			1.0
4689.8			1.0
4690.7			1.0
4691.6			1.0
4692.5			1.0
4693.4			1.0
4694.3			1.0
4695.2			1.0
4696.1			1.0
4697.0			0.9732304406419072
4697.9			0.9182123578146475
4698.8			0.8868927600263437
4699.7			0.9020427215870535
4700.6			0.9126667505631311
4701.5			0.8811610357235478
4702.4			0.8249599890559652
4703.3			0.8223359470046632
4704.2			0.9079929600832697
4705.1			0.994694948956461
4706.0			1.005760928093338
4706.9			0.9636857385197878
4707.8			0.947860221479643
4708.7			0.9679845301990118
4709.6			1.0020630866900915
4710.5			1.0
4711.4			1.0
4712.3			1.0056335600392403
4713.2			0.9588313510020395
4714.1			0.904483588577129
4715.0			0.9142903707535978
4715.9			0.9993218095486152
4716.8			1.0
4717.7			1.0
4718.6			1.0
4719.5			1.0
4720.4			1.0
4721.3			1.0
4722.2			1.0
4723.1			1.0
4724.0			1.043101876786252
4724.9			1.0847136343031079
4725.8			1.0661532378550953
4726.7			0.9832853170478795
4727.6			0.8957816517841162
4728.5			0.8568999170703637
4729.4			0.8632110070287743
4730.3			0.8850230154779936
4731.2			0.9206942446471111
4732.1			0.9724977350508173
4733.0			0.9984447083503327
4733.9			1.0
4734.8			1.0
4735.7			1.0
4736.6			1.0
4737.5			1.0
4738.4			1.0
4739.3			1.0
4740.2			1.0
4741.1			1.0
4742.0			1.0
4742.9			1.0
4743.8			1.0
4744.7			1.0
4745.6			1.0
4746.5			1.0
4747.4			1.0
4748.3			1.0
4749.2			0.997478682703416
4750.1			1.0022705252121424
4751.0			0.987009546929672
4751.9			0.9525810221406028
4752.8			0.9168338084560066
4753.7			0.884816312697679
4754.6			0.8766370491719426
4755.5			0.8915287134312988
4756.4			0.9059260259579827
4757.3			0.923418362994841
4758.2			1.0
4759.1			1.0284701514769437
4760.0			1.0529206414974661
4760.9			1.0219358465934545
4761.8			0.9621836133451799
4762.7			0.945529251820436
4763.6			0.9548606267180297
4764.5			0.9323677688941547
4765.4			0.8797968548652696
4766.3			0.8594462489054636
4767.2			0.9007051288160506
4768.1			0.9552756474371339
4769.0			1.0003014043325138
4769.9			1.0204392267350864
4770.8			0.9900422275517221
4771.7			0.9489266911257841
4772.6			0.9530216248924491
4773.5			0.9991078991628318
4774.4			1.0
4775.3			1.0
4776.2			1.0
4777.1			1.0
4778.0			1.0
4778.9			1.0
4779.8			1.0
4780.7			1.0075058743833778
4781.6			0.9974590620587785
4782.5			0.9491162202727471
4783.4			0.9127238418630429
4784.3			0.9555130150930362
4785.2			1.011052230669683
4786.1			0.9997887768902821
4787.0			1.0
4787.9			1.0
4788.8			1.0
4789.7			1.0
4790.6			1.0
4791.5			1.0
4792.4			1.0
4793.3			1.0
4794.2			1.0
4795.1			1.0
4796.0			0.9819085945386462
4796.9			0.9533147677292733
4797.8			0.9289344266753135
4798.7			0.9050552555470748
4799.6			0.8833073933932822
4800.5			0.8893912350948687
4801.4			0.9352200558805733
4802.3			0.9817806641521615
4803.2			0.9997372831217579
4804.1			1.0
4805.0			1.0
4805.9			1.0
4806.8			1.0
4807.7			1.0
4808.6			1.0
4809.5			1.0
4810.4			1.0
4811.3			1.0
4812.2			1.0
4813.1			1.0
4814.0			1.0
4814.9			1.0
4815.8			1.0
4816.7			1.0
4817.6			1.0
4818.5			1.0
4819.4			1.0
4820.3			1.0
4821.2			1.0
4822.1			0.9540359551843095
4823.0			0.8725722155795775
4823.9			0.8474005263449272
4824.8			0.9182149809568283
4825.7			0.9957073746629137
4826.6			1.0
4827.5			1.0
4828.4			1.0
4829.3			1.0
4830.2			1.0
4831.1			1.0
4832.0			1.0
4832.9			1.0
4833.8			1.0
4834.7			1.0
4835.6			1.0
4836.5			1.0
4837.4			1.0
4838.3			1.0
4839.2			1.0
4840.1			1.0
4841.0			1.0
4841.9			1.0
4842.8			1.0
4843.7			1.0
4844.6			1.0
4845.5			1.0
4846.4			1.0
4847.3			1.0
4848.2			1.0
4849.1			1.0
4850.0			1.0
4850.9			1.0
4851.8			1.0
4852.7			1.0
4853.6			1.0
4854.5			1.0
4855.4			1.0
4856.3			1.0
4857.2			1.0560787385690686
4858.1			1.048964181563217
4859.0			0.9701678781436055
4859.9			0.8609463358843558
4860.8			0.780595445290995
4861.7			0.7908388326367438
4862.6			0.8854666748002203
4863.5			0.9656503105018662
4864.4			1.0003386748986314
4865.3			1.0
4866.2			1.0
4867.1			1.0
4868.0			1.0
4868.9			0.9992441230719442
4869.8			0.9412324352787563
4870.7			0.8022666464311317
4871.6			0.7079011600855779
4872.5			0.7738054069412761
4873.4			0.9186225994025755
4874.3			1.0001571580139141
4875.2			1.0
4876.1			1.0
4877.0			1.0
4877.9			1.0
4878.8			1.0
4879.7			1.0
4880.6			1.0
4881.5			1.0
4882.4			1.0
4883.3			1.0
4884.2			1.0
4885.1			1.0
4886.0			1.0
4886.9			1.0
4887.8			1.0010658973254374
4888.7			0.9718274401734981
4889.6			0.8797428664777327
4890.5			0.7336805683650496
4891.4			0.6665646216652186
4892.3			0.7663165536847472
4893.2			0.9142417395839633
4894.1			0.99085296417096
4895.0			1.0026867249827724
4895.9			1.0
4896.8			1.0
4897.7			1.0
4898.6			1.0
4899.5			1.0
4900.4			1.0
4901.3			1.0
4902.2			1.0
4903.1			1.0
4904.0			1.0
4904.9			1.0
4905.8			1.0
4906.7			1.0
4907.6			0.9740423701184262
4908.5			0.92732232437607
4909.4			0.8759906471339297
4910.3			0.8575412936935891
4911.2			0.8957365393456811
4912.1			0.9523872206174339
4913.0			0.9902970670794664
4913.9			1.0
4914.8			1.0
4915.7			1.0
4916.6			0.9740428522423112
4917.5			0.8835944730287637
4918.4			0.7383532948735114
4919.3			0.6126859924652599
4920.2			0.5879353836462395
4921.1			0.6910604468435042
4922.0			0.8572467786895184
4922.9			0.9722411012181688
4923.8			0.9965554182533107
4924.7			1.0
4925.6			1.0
4926.5			1.0
4927.4			1.0
4928.3			1.0
4929.2			1.0
4930.1			1.0
4931.0			1.0
4931.9			1.0
4932.8			1.0
4933.7			1.0
4934.6			1.0
4935.5			1.0309158804320677
4936.4			0.987516017930179
4937.3			0.8866255575585168
4938.2			0.7891065763595855
4939.1			0.7719920242788404
4940.0			0.8550100773006963
4940.9			0.9464325010443917
4941.8			0.9768776057540351
4942.7			0.9928484449379262
4943.6			1.0
4944.5			1.0
4945.4			1.0
4946.3			1.0
4947.2			1.0
4948.1			1.0
4949.0			1.0
4949.9			1.0
4950.8			1.0
4951.7			1.0
4952.6			1.0
4953.5			1.0
4954.4			1.0
4955.3			0.9539969492064738
4956.2			0.8165239862803684
4957.1			0.6412534582795683
4958.0			0.6256045431388719
4958.9			0.7895250541113877
4959.8			0.9478364438861389
4960.7			0.9975971197161323
4961.6			1.0
4962.5			1.0
4963.4			1.0
4964.3			1.0
4965.2			1.0
4966.1			1.0
4967.0			1.0
4967.9			1.0
4968.8			1.0
4969.7			1.0
4970.6			1.0
4971.5			1.0
4972.4			1.0
4973.3			1.0
4974.2			1.0
4975.1			1.0
4976.0			1.0
4976.9			1.0
4977.8			1.0
4978.7			1.0
4979.6			1.0061793463086541
4980.5			1.0004454077809326
4981.4			0.9081857532964887
4982.3			0.7818795176263356
4983.2			0.7501426284872641
4984.1			0.803553626436682
4985.0			0.8578051918585757
4985.9			0.9190547426734589
4986.8			1.0042514404069502
4987.7			1.0
4988.6			1.0
4989.5			1.0
4990.4			1.0
4991.3			1.0
4992.2			1.0
4993.1			1.0
4994.0			1.0
4994.9			1.0
4995.8			1.0
4996.7			1.0
4997.6			1.0
4998.5			1.0
4999.4			1.0
5000.3			1.0
5001.2			1.0
5002.1			1.0
5003.0			1.0244756219242963
5003.9			1.027264689880533
5004.8			0.9565121667895788
5005.7			0.8383033121785809
5006.6			0.8038022695278113
5007.5			0.8857620619498795
5008.4			0.9795927710450721
5009.3			1.0051137289016976
5010.2			0.9882716604106342
5011.1			1.0
5012.0			1.0
5012.9			1.0
5013.8			1.0
5014.7			1.0
5015.6			1.0
5016.5			1.0
5017.4			1.0
5018.3			1.0
5019.2			1.0
5020.1			1.0
5021.0			1.0
5021.9			1.0
5022.8			1.0
5023.7			1.0
5024.6			1.0
5025.5			1.0
5026.4			1.0
5027.3			1.0
5028.2			1.0
5029.1			1.0
5030.0			1.0
5030.9			1.0
5031.8			1.0
5032.7			1.0
5033.6			1.0
5034.5			1.0
5035.4			1.0
5036.3			1.0
5037.2			1.0423585970474991
5038.1			1.048679669414085
5039.0			0.9669921482948336
5039.9			0.8512132951429116
5040.8			0.7500661283176826
5041.7			0.7614082206255897
5042.6			0.8734630354232501
5043.5			0.9581932782998995
5044.4			1.0
5045.3			1.0580172319272076
5046.2			1.0893327592899116
5047.1			1.0527117259698773
5048.0			0.9544392253100447
5048.9			0.8634510573624583
5049.8			0.8336988214814769
5050.7			0.8633130546711865
5051.6			0.9043389990617025
5052.5			0.9374834232713679
5053.4			0.9714030949853047
5054.3			1.000043951232412
5055.2			1.0
5056.1			1.0
5057.0			1.0
5057.9			1.0
5058.8			1.0
5059.7			1.0
5060.6			1.0
5061.5			1.0
5062.4			1.0
5063.3			1.0
5064.2			1.0
5065.1			1.0
5066.0			1.0
5066.9			1.0
5067.8			1.0
5068.7			1.0
5069.6			1.0
5070.5			1.0
5071.4			1.0
5072.3			1.0
5073.2			1.0
5074.1			1.0386271500494741
5075.0			1.0182591419524536
5075.9			0.9819896952910883
5076.8			0.9956845041376212
5077.7			1.0111602634904817
5078.6			0.9381037467324455
5079.5			0.8344206785746527
5080.4			0.8135487545557104
5081.3			0.8556321206265838
5082.2			0.8773132647396833
5083.1			0.8737491419768836
5084.0			0.8945554083630214
5084.9			0.9429742340429865
5085.8			0.9858211371737646
5086.7			0.99982393407553
5087.6			1.0
5088.5			1.0
5089.4			1.0
5090.3			1.0
5091.2			1.0
5092.1			1.0
5093.0			1.0
5093.9			1.0
5094.8			0.9419207274970026
5095.7			0.8952500259890008
5096.6			0.8880448268304478
5097.5			0.8840154845865063
5098.4			0.8446474434072031
5099.3			0.8296703675285741
5100.2			0.8874400917245538
5101.1			0.9605083151347737
5102.0			1.0023882235294346
5102.9			1.0099301420672593
5103.8			0.9948200905652806
5104.7			1.0
5105.6			1.0
5106.5			1.0
5107.4			1.0
5108.3			1.0
5109.2			1.0
5110.1			1.0
5111.0			1.0
5111.9			1.0
5112.8			1.0
5113.7			1.0
5114.6			1.0
5115.5			1.0
5116.4			1.0
5117.3			1.0339406686981303
5118.2			1.0494528721467862
5119.1			1.0264199827871152
5120.0			0.9894672095011113
5120.9			0.9584751715542826
5121.8			0.9502704606952213
5122.7			0.919464589740451
5123.6			0.8542053280757652
5124.5			0.824188369863157
5125.4			0.8454021485685433
5126.3			0.8787241099296044
5127.2			0.896210816477364
5128.1			0.8940777234338845
5129.0			0.8775735562023343
5129.9			0.8843974997297855
5130.8			0.9423460506911625
5131.7			1.000318492648766
5132.6			1.0
5133.5			1.0
5134.4			1.0
5135.3			1.0
5136.2			1.0018456703725227
5137.1			0.9532232238514914
5138.0			0.8933047152497575
5138.9			0.8465845108436751
5139.8			0.8908806448381279
5140.7			0.9849517520830358
5141.6			0.9924878971211417
5142.5			1.0
5143.4			1.0
5144.3			1.0
5145.2			1.0
5146.1			1.0
5147.0			1.0
5147.9			1.0
5148.8			1.0062579939318315
5149.7			0.9869845078873487
5150.6			0.9563020738374268
5151.5			0.9448865334807847
5152.4			0.9208858553078609
5153.3			0.8770644726140369
5154.2			0.8678699680542115
5155.1			0.9128038339302444
5156.0			0.9675210862914765
5156.9			1.0014716865123752
5157.8			1.0071344820906325
5158.7			1.0
5159.6			1.0
5160.5			1.0
5161.4			1.0
5162.3			1.0
5163.2			1.0
5164.1			1.0
5165.0			1.0
5165.9			1.0
5166.8			1.0
5167.7			1.0
5168.6			1.1095392749625832
5169.5			1.2156874130990258
5170.4			1.114195497831614
5171.3			0.8430858647546227
5172.2			0.6186286271838066
5173.1			0.5988830100594964
5174.0			0.7525449704864691
5174.9			0.915129767073086
5175.8			1.0
5176.7			1.024809819542195
5177.6			1.0197500116825469
5178.5			0.9972583251421655
5179.4			0.9467377766468474
5180.3			0.8567236714567288
5181.2			0.7247243334412827
5182.1			0.5683962503406775
5183.0			0.4455348714361502
5183.9			0.44212601928068745
5184.8			0.5746833333879738
5185.7			0.7571829236939064
5186.6			0.894782276938015
5187.5			0.9504330610784293
5188.4			0.9695749797876251
5189.3			1.0
5190.2			1.0101635278147516
5191.1			0.9074735955046915
5192.0			0.8149062970672244
5192.9			0.869019900811693
5193.8			0.9838436002773779
5194.7			1.0
5195.6			1.0
5196.5			1.0
5197.4			1.0
5198.3			1.0
5199.2			1.0
5200.1			1.0
5201.0			1.0
5201.9			0.9548469950001353
5202.8			0.9139270273178565
5203.7			0.8309054636574841
5204.6			0.708970566377092
5205.5			0.640910357380893
5206.4			0.6526827624728362
5207.3			0.6558060433749571
5208.2			0.6242565775042928
5209.1			0.6467548036341779
5210.0			0.7520604207645624
5210.9			0.899659476192205
5211.8			1.0316537176046015
5212.7			1.0956167150323046
5213.6			1.079561092872145
5214.5			0.9999278210000052
5215.4			1.0
5216.3			1.0
5217.2			1.0
5218.1			1.0
5219.0			1.0
5219.9			1.0
5220.8			1.0
5221.7			1.0
5222.6			1.0
5223.5			0.9393403125177266
5224.4			0.8720341298163371
5225.3			0.7985708666719968
5226.2			0.71341856456859
5227.1			0.6980411995637111
5228.0			0.8046713105228767
5228.9			0.9245753273580952
5229.8			0.9815694641613188
5230.7			0.9974789526612385
5231.6			1.0
5232.5			1.0
5233.4			1.0
5234.3			1.0
5235.2			1.0
5236.1			1.0
5237.0			1.0
5237.9			1.0
5238.8			1.0
5239.7			1.0
5240.6			1.0019522589058825
5241.5			0.9902584405208539
5242.4			0.9741074493179874
5243.3			0.9886157521163199
5244.2			1.027717665908176
5245.1			1.0351098718913634
5246.0			0.9759430932273387
5246.9			0.9108732702440457
5247.8			0.9143325394878763
5248.7			0.9433513265632426
5249.6			0.925069666651704
5250.5			0.9010114500857256
5251.4			0.9239191669001622
5252.3			0.9582455942462429
5253.2			0.9587397108889292
5254.1			0.9245123862574843
5255.0			0.9095011811931601
5255.9			0.9618523962932647
5256.8			1.034245895050397
5257.7			1.0691124261584626
5258.6			1.0729883877918434
5259.5			1.0
5260.4			0.9488426391702625
5261.3			0.8637628698874352
5262.2			0.7693853281542494
5263.1			0.7004786088758151
5264.0			0.6697043953468444
5264.9			0.6381522101979529
5265.8			0.6132426226014277
5266.7			0.6559813641810548
5267.6			0.6897710011425819
5268.5			0.5971103515489088
5269.4			0.47898909511987425
5270.3			0.5165577260682483
5271.2			0.6766091274920261
5272.1			0.7913048413518837
5273.0			0.8241551864000884
5273.9			0.8296543939089821
5274.8			0.8161790496348168
5275.7			0.8301900993709584
5276.6			0.9109679427060479
5277.5			0.9857905818018446
5278.4			1.0
5279.3			0.965568058927963
5280.2			0.9030017898967898
5281.1			0.8346860720996221
5282.0			0.7842398259317224
5282.9			0.7556289644800753
5283.8			0.7719831571861102
5284.7			0.8583906407099854
5285.6			0.9584556911940262
5286.5			1.0009789295485576
5287.4			1.0
5288.3			1.0
5289.2			1.0
5290.1			1.0
5291.0			1.0
5291.9			1.0
5292.8			1.0
5293.7			1.0052761467381643
5294.6			1.0118503849841212
5295.5			0.9740370970035305
5296.4			0.8823764599356904
5297.3			0.797755803371855
5298.2			0.8138273504300374
5299.1			0.9206904964972835
5300.0			0.9977568331697838
5300.9			1.0001815851974436
5301.8			1.0
5302.7			1.0
5303.6			1.0
5304.5			1.0
5305.4			1.0
5306.3			1.0
5307.2			1.0
5308.1			1.0
5309.0			1.0
5309.9			1.0
5310.8			1.0
5311.7			1.0
5312.6			1.0
5313.5			1.0
5314.4			1.0
5315.3			1.0
5316.2			1.0
5317.1			1.0
5318.0			1.0
5318.9			1.0
5319.8			1.0
5320.7			1.0
5321.6			1.0
5322.5			1.0
5323.4			1.0
5324.3			0.9387001252487921
5325.2			0.9785066340830467
5326.1			0.9584419587885242
5327.0			0.7892373539983173
5327.9			0.6251404451418254
5328.8			0.6593290952956716
5329.7			0.8314962372304957
5330.6			0.9631301386469985
5331.5			0.9868211553334117
5332.4			1.0
5333.3			1.0
5334.2			1.0
5335.1			1.0
5336.0			1.0
5336.9			1.0
5337.8			0.9878123254185981
5338.7			0.9237695722551956
5339.6			0.819254844065683
5340.5			0.7820947505961238
5341.4			0.8576961843611939
5342.3			0.9536434863999018
5343.2			1.000731360577828
5344.1			1.0
5345.0			1.0
5345.9			1.0
5346.8			1.0
5347.7			1.0
5348.6			1.0
5349.5			1.0
5350.4			1.0
5351.3			1.0
5352.2			1.0
5353.1			1.0
5354.0			1.0
5354.9			1.0
5355.8			1.0
5356.7			1.0
5357.6			1.0
5358.5			1.0
5359.4			1.0
5360.3			1.0
5361.2			1.0
5362.1			1.0
5363.0			1.0
5363.9			1.0
5364.8			1.0
5365.7			1.0
5366.6			1.0
5367.5			0.9803481919153086
5368.4			0.9448888060909709
5369.3			0.849165927764031
5370.2			0.7266611261173134
5371.1			0.6762997913269442
5372.0			0.760290914841239
5372.9			0.8968971903477163
5373.8			0.9776898715928021
5374.7			0.9994158363199765
5375.6			1.0
5376.5			1.0
5377.4			1.0
5378.3			1.0
5379.2			1.0
5380.1			1.0
5381.0			0.9954212015350254
5381.9			0.9618827618075241
5382.8			0.9118936883097455
5383.7			0.9218732463144225
5384.6			0.99587440195124
5385.5			1.0
5386.4			1.0
5387.3			1.0
5388.2			1.0
5389.1			1.0
5390.0			1.0
5390.9			1.0
5391.8			1.0
5392.7			1.0
5393.6			1.0
5394.5			1.0
5395.4			1.0
5396.3			1.0
5397.2			1.0
5398.1			1.0
5399.0			1.0
5399.9			1.0
5400.8			1.0
5401.7			1.0411368992857792
5402.6			1.0327306296729128
5403.5			0.93322760591748
5404.4			0.8127294929213805
5405.3			0.7617658265235655
5406.2			0.8242640111094799
5407.1			0.9587804219562605
5408.0			1.0359255335659425
5408.9			1.0011068387181512
5409.8			1.0
5410.7			1.0
5411.6			1.0
5412.5			1.0
5413.4			1.0
5414.3			1.0
5415.2			1.0
5416.1			1.0
5417.0			1.0
5417.9			1.0
5418.8			1.0
5419.7			1.0
5420.6			1.0
5421.5			1.0
5422.4			1.0
5423.3			1.0
5424.2			1.0
5425.1			1.0
5426.0			1.0
5426.9			1.0449997081084295
5427.8			0.9953332870690209
5428.7			0.8690526892921293
5429.6			0.8129520295173933
5430.5			0.9098304652704235
5431.4			1.0146123257687178
5432.3			1.0099837329112398
5433.2			1.0
5434.1			1.0
5435.0			1.0
5435.9			1.0
5436.8			1.0
5437.7			1.0
5438.6			1.0
5439.5			1.0
5440.4			1.0
5441.3			1.0
5442.2			1.0
5443.1			1.0
5444.0			0.9462985112076583
5444.9			0.856820981563559
5445.8			0.7591614760825174
5446.7			0.7271614005753461
5447.6			0.8144526578843362
5448.5			0.9363072448162647
5449.4			1.0006991700046195
5450.3			1.0
5451.2			1.0
5452.1			1.0
5453.0			0.9657211130603794
5453.9			0.8925135708530266
5454.8			0.792578579274032
5455.7			0.7715406866148442
5456.6			0.8630200296692477
5457.5			0.9619621918238558
5458.4			0.9983779738255604
5459.3			1.0
5460.2			1.0
5461.1			1.0
5462.0			1.0
5462.9			1.0
5463.8			1.0
5464.7			1.0
5465.6			1.0
5466.5			1.0
5467.4			1.0
5468.3			1.0
5469.2			1.0
5470.1			1.0
5471.0			1.0
5471.9			1.0
5472.8			1.0
5473.7			0.9737129119929557
5474.6			0.9650260839736017
5475.5			0.9051897867590176
5476.4			0.8266934256914578
5477.3			0.852377945994137
5478.2			0.9526685962747876
5479.1			1.0018039871256084
5480.0			1.0
5480.9			1.0
5481.8			1.0
5482.7			1.0
5483.6			1.0
5484.5			1.0
5485.4			1.0
5486.3			0.957032148293352
5487.2			0.9035682607147633
5488.1			0.9092539118523623
5489.0			0.9576150592760889
5489.9			0.9929120837381679
5490.8			1.0
5491.7			1.0
5492.6			1.0
5493.5			1.0
5494.4			1.0
5495.3			1.0
5496.2			1.0
5497.1			1.0
5498.0			1.0
5498.9			1.0
5499.8			1.0
5500.7			1.0
5501.6			1.0
5502.5			1.0
5503.4			1.0
5504.3			1.0
5505.2			1.0
5506.1			1.0
5507.0			1.0
5507.9			1.0587521193221998
5508.8			1.0772743987000672
5509.7			1.0547909477301753
5510.6			1.0146093813729182
5511.5			0.95739065614458
5512.4			0.917306375032121
5513.3			0.9248011586805266
5514.2			0.9507056371953574
5515.1			0.9678804212495337
5516.0			0.9809955773656759
5516.9			1.0039531200927496
5517.8			1.0
5518.7			1.0
5519.6			1.0
5520.5			1.0
5521.4			1.0
5522.3			1.0
5523.2			1.0
5524.1			1.0
5525.0			0.986139494415253
5525.9			0.9563225246106359
5526.8			0.8936172932978562
5527.7			0.8244001654099029
5528.6			0.8380560701416147
5529.5			0.9322866024123343
5530.4			0.9992875467586311
5531.3			1.0
5532.2			1.0
5533.1			1.0
5534.0			1.0
5534.9			1.0
5535.8			1.0
5536.7			1.0
5537.6			1.0
5538.5			1.0
5539.4			1.0
5540.3			1.0
5541.2			1.0
5542.1			1.0
5543.0			1.0
5543.9			1.0
5544.8			1.0
5545.7			1.0
5546.6			1.0
5547.5			1.0
5548.4			1.0
5549.3			1.0
5550.200000000001			1.0
5551.1			1.0
5552.0			1.0
5552.9			1.0
5553.8			1.0
5554.700000000001			1.0
5555.6			1.0
5556.5			1.0
5557.4			1.0
5558.3			1.0
5559.200000000001			1.0
5560.1			1.0
5561.0			1.0
5561.9			1.0
5562.8			1.0
5563.700000000001			1.0
5564.6			1.0
5565.5			1.0
5566.4			1.0
5567.3			1.0
5568.200000000001			1.0
5569.1			1.0
5570.0			0.9879725883572181
5570.9			1.0239982304672843
5571.8			0.995241773869822
5572.700000000001			0.9237455508315832
5573.6			0.9403200927368885
5574.5			1.0028560110111118
5575.4			1.0031822627562557
5576.3			1.0
5577.200000000001			1.0
5578.1			1.0
5579.0			1.0
5579.9			1.0
5580.8			1.0
5581.700000000001			0.9704180019877781
5582.6			0.9746321131909279
5583.5			0.9943173541888988
5584.4			0.9778282492530436
5585.3			0.9198694871090679
5586.200000000001			0.8336181295080358
5587.1			0.7790238878056945
5588.0			0.7880861621667251
5588.9			0.8254381077326942
5589.8			0.8861948748864875
5590.700000000001			0.9583889649959586
5591.6			1.0015113450622521
5592.5			1.0036743776902206
5593.4			1.0
5594.3			1.0
5595.200000000001			1.0
5596.1			1.0
5597.0			1.0017803225077895
5597.9			0.9305827668235156
5598.8			0.8915937957716357
5599.700000000001			0.9038397276710028
5600.6			0.8973168883318183
5601.5			0.8590309086309724
5602.4			0.8328124550982164
5603.3			0.8629338807189082
5604.200000000001			0.9364476376542427
5605.1			0.9939563614900009
5606.0			1.0085423050682043
5606.9			1.0010507568783689
5607.8			0.9984190937360293
5608.700000000001			1.0
5609.6			1.0
5610.5			1.0
5611.4			1.0
5612.3			1.0
5613.200000000001			0.987762588034673
5614.1			0.9042002838327208
5615.0			0.7829381871134782
5615.9			0.7599384686136045
5616.8			0.8575852693185109
5617.700000000001			0.9601957887641903
5618.6			1.0001956144799444
5619.5			1.0
5620.4			1.0
5621.3			1.0
5622.200000000001			1.0193838648600986
5623.1			0.9836963392974393
5624.0			0.9044740240803754
5624.9			0.8694537879561945
5625.8			0.9178206127460906
5626.700000000001			0.9769596840894174
5627.6			1.0027300122336773
5628.5			1.0
5629.4			1.0
5630.3			1.0
5631.200000000001			1.0
5632.1			1.0
5633.0			1.0
5633.9			1.0
5634.8			1.0
5635.700000000001			1.0
5636.6			1.0
5637.5			1.0
5638.4			1.0
5639.3			1.0
5640.200000000001			1.0
5641.1			1.0
5642.0			1.0
5642.9			1.0
5643.8			1.0
5644.700000000001			1.0
5645.6			1.0
5646.5			1.0
5647.4			1.0
5648.3			1.0
5649.200000000001			1.0
5650.1			1.0
5651.0			1.0
5651.9			1.0
5652.8			1.0121923602936889
5653.700000000001			0.9805680920094714
5654.6			0.9294698778768452
5655.5			0.9312636989450224
5656.4			0.962110516868768
5657.3			0.9400193552996452
5658.200000000001			0.8660058048088881
5659.1			0.8458913043814771
5660.0			0.9018402486087157
5660.9			0.9330358687865047
5661.8			0.9096902511101455
5662.700000000001			0.8889805068636271
5663.6			0.9158876557738446
5664.5			0.9685245125182383
5665.4			1.0000149549496726
5666.3			1.0
5667.200000000001			1.0
5668.1			1.0
5669.0			1.0
5669.9			1.0
5670.8			1.0
5671.700000000001			1.0
5672.6			1.0
5673.5			1.0
5674.4			1.0
5675.3			1.0
5676.200000000001			1.0
5677.1			1.0
5678.0			1.0
5678.9			1.0
5679.8			1.0
5680.700000000001			1.0
5681.6			1.0
5682.5			1.0
5683.4			1.0
5684.3			1.0
5685.200000000001			1.02670756720074
5686.1			0.9911761048296737
5687.0			0.9322590288962112
5687.9			0.9027453356659558
5688.8			0.9219958774952759
5689.700000000001			0.9698732904084442
5690.6			1.0024113200141005
5691.5			1.0
5692.4			1.0
5693.3			1.0
5694.200000000001			1.0
5695.1			1.0
5696.0			1.0
5696.9			1.0
5697.8			1.0
5698.700000000001			1.0
5699.6			1.0
5700.5			1.0
5701.4			0.9665067508022592
5702.3			0.9640467981721129
5703.200000000001			0.9861249680457984
5704.1			1.0066784375025577
5705.0			1.0005190793975514
5705.9			0.962311217824289
5706.8			0.9338657977503944
5707.700000000001			0.9181778628356546
5708.6			0.8897312568422816
5709.5			0.8734459108970167
5710.4			0.8779839074897439
5711.3			0.8743627534587706
5712.200000000001			0.8844217407013176
5713.1			0.9350470095587231
5714.0			0.9780091886337938
5714.9			0.9855271915064018
5715.8			0.9855462383901418
5716.700000000001			0.9923040236564936
5717.6			0.9977431990780877
5718.5			1.0
5719.4			1.0
5720.3			1.0
5721.200000000001			1.0
5722.1			1.0
5723.0			1.0
5723.9			1.0
5724.8			1.0
5725.700000000001			1.0
5726.6			1.0
5727.5			1.0
5728.4			1.0
5729.3			1.0
5730.200000000001			1.0
5731.1			1.0
5732.0			1.0
5732.9			1.0
5733.8			1.0
5734.700000000001			1.0
5735.6			1.0
5736.5			1.0
5737.4			1.0
5738.3			1.0
5739.200000000001			1.0
5740.1			1.0
5741.0			1.0
5741.9			1.0
5742.8			1.0
5743.700000000001			1.0
5744.6			1.0
5745.5			1.0
5746.4			1.0
5747.3			1.0
5748.200000000001			1.0
5749.1			1.0
5750.0			1.0
5750.9			1.0054170523768917
5751.8			0.9718596571576581
5752.700000000001			0.9232687760362258
5753.6			0.8982079466064175
5754.5			0.9157063413489532
5755.4			0.9619367733998605
5756.3			1.0011249586416255
5757.200000000001			1.0
5758.1			1.0
5759.0			1.0
5759.9			0.9749555785449918
5760.8			0.9525673263993757
5761.700000000001			0.9240202550874687
5762.6			0.8973744872701948
5763.5			0.914838259236927
5764.4			0.9665937037609356
5765.3			1.001219042164985
5766.200000000001			1.0
5767.1			1.0
5768.0			1.0
5768.9			1.0
5769.8			1.0
5770.700000000001			1.0
5771.6			1.0
5772.5			1.0
5773.4			1.0
5774.3			1.0
5775.200000000001			1.0
5776.1			1.0
5777.0			1.0
5777.9			1.0055006225517666
5778.8			0.994740472420403
5779.700000000001			0.9608008612625911
5780.6			0.902247743301425
5781.5			0.8660204872309809
5782.4			0.8791788463002125
5783.3			0.9087527508642403
5784.200000000001			0.900327713374922
5785.1			0.8702389172959469
5786.0			0.886102000298033
5786.9			0.9435397420853235
5787.8			0.9831033277675219
5788.700000000001			1.003217981133251
5789.6			1.0076531849260741
5790.5			0.9807886391809765
5791.4			0.9708813834818624
5792.3			0.9991753275008385
5793.200000000001			1.0
5794.1			1.0
5795.0			1.0
5795.9			1.0
5796.8			1.0
5797.700000000001			1.0
5798.6			1.0
5799.5			1.0288844711381846
5800.4			1.0527642189490962
5801.3			1.0639291609263148
5802.200000000001			1.067120529192101
5803.1			1.0457338751481338
5804.0			0.9967159399564369
5804.9			0.9587062410540418
5805.8			0.956282073125057
5806.700000000001			0.9775710443559963
5807.6			0.9950010129725819
5808.5			0.9944712568623656
5809.4			0.9902375245892401
5810.3			1.0007967345604194
5811.200000000001			1.0
5812.1			1.0
5813.0			1.0
5813.9			1.0
5814.8			1.0
5815.700000000001			1.0
5816.6			1.0
5817.5			1.0
5818.4			1.0
5819.3			1.0
5820.200000000001			1.0
5821.1			1.0
5822.0			1.0
5822.9			1.0
5823.8			1.0
5824.700000000001			1.0
5825.6			1.0
5826.5			1.0
5827.4			1.0
5828.3			1.0
5829.200000000001			1.0
5830.1			1.0
5831.0			1.0
5831.9			1.0
5832.8			1.0
5833.700000000001			1.0
5834.6			1.0
5835.5			1.0
5836.4			1.0
5837.3			1.0
5838.200000000001			1.0
5839.1			1.0
5840.0			1.0
5840.9			1.0
5841.8			1.0
5842.700000000001			1.0
5843.6			1.0
5844.5			1.0
5845.4			1.0
5846.3			1.0
5847.200000000001			1.0
5848.1			1.0
5849.0			1.0
5849.9			1.0
5850.8			1.0
5851.700000000001			1.0
5852.6			1.0
5853.5			1.0
5854.4			1.0
5855.3			1.006701171151172
5856.200000000001			0.9711993616933287
5857.1			0.9064402908720475
5858.0			0.8870289865484203
5858.9			0.9295151515860022
5859.8			0.97765859914202
5860.700000000001			0.9990909130577292
5861.6			1.0
5862.5			1.0
5863.4			1.0
5864.3			1.0
5865.200000000001			1.0
5866.1			1.0
5867.0			1.0
5867.9			1.0
5868.8			1.0
5869.700000000001			1.0
5870.6			1.0
5871.5			1.0
5872.4			1.0
5873.3			1.0
5874.200000000001			1.0
5875.1			1.0
5876.0			1.0
5876.9			1.0
5877.8			1.0
5878.700000000001			1.0
5879.6			1.0
5880.5			0.9921918498391094
5881.4			1.0027127093946795
5882.3			1.0109309263029742
5883.200000000001			0.9918033229596256
5884.1			0.9618523498729102
5885.0			0.9527162325346398
5885.9			0.941970724925112
5886.8			0.8950970638428062
5887.700000000001			0.7922679431690933
5888.6			0.6203671203346961
5889.5			0.43984509456200194
5890.4			0.38954086259073273
5891.3			0.5008178267253548
5892.200000000001			0.652119105875711
5893.1			0.7460983602858575
5894.0			0.7422072673516095
5894.9			0.623314690554823
5895.8			0.4929644544659037
5896.700000000001			0.5182785181461879
5897.6			0.6880485356735692
5898.5			0.8463310945729998
5899.4			0.9372688160120388
5900.3			1.001743443080248
5901.200000000001			1.0
5902.1			1.0
5903.0			1.0
5903.9			1.0
5904.8			1.0
5905.700000000001			1.0
5906.6			1.0
5907.5			1.0
5908.4			1.0
5909.3			1.0
5910.200000000001			1.0
5911.1			1.0
5912.0			1.0
5912.9			1.0
5913.8			1.0
5914.700000000001			1.0
5915.6			1.0
5916.5			1.0
5917.4			1.0
5918.3			1.0
5919.200000000001			1.0
5920.1			1.0
5921.0			1.0
5921.9			1.0
5922.8			1.0
5923.700000000001			1.0
5924.6			1.0
5925.5			1.0
5926.4			1.0
5927.3			0.9889731038828276
5928.200000000001			0.967506899725565
5929.1			0.9451294169780978
5930.0			0.924837233175009
5930.9			0.9434186825613894
5931.8			0.9839251139954022
5932.700000000001			0.9998137058816587
5933.6			1.0
5934.5			1.0
5935.4			1.0
5936.3			1.0
5937.200000000001			1.0
5938.1			1.0
5939.0			1.0
5939.9			1.0
5940.8			1.0
5941.700000000001			1.0
5942.6			1.0
5943.5			1.0
5944.4			1.0
5945.3			1.0
5946.200000000001			1.0
5947.1			1.0
5948.0			1.0
5948.9			1.0
5949.8			1.0
5950.700000000001			1.0
5951.6			1.0
5952.5			1.0
5953.4			1.0
5954.3			1.0
5955.200000000001			1.0
5956.1			1.0
5957.0			1.0
5957.9			1.0
5958.8			1.0
5959.700000000001			1.0
5960.6			1.0
5961.5			1.0
5962.4			1.0
5963.3			1.0
5964.200000000001			1.0
5965.1			1.0
5966.0			1.0
5966.9			1.0
5967.8			1.0
5968.700000000001			1.0
5969.6			1.0
5970.5			1.0
5971.4			1.0
5972.3			1.0
5973.200000000001			1.0
5974.1			1.0
5975.0			1.0
5975.9			1.0
5976.8			1.0
5977.700000000001			1.0
5978.6			1.0
5979.5			1.0
5980.4			1.0
5981.3			0.9986664250028148
5982.200000000001			0.9883023354960466
5983.1			0.9594400709079048
5984.0			0.9181302829382079
5984.9			0.907488268687816
5985.8			0.9387732005544414
5986.700000000001			0.9656796241587413
5987.6			0.9790170757635892
5988.5			1.001180661750989
5989.4			1.0
5990.3			1.0
5991.200000000001			1.0
5992.1			1.0
5993.0			1.0
5993.9			1.0
5994.8			1.0
5995.700000000001			1.0
5996.6			1.0
5997.5			1.0
5998.4			1.0
5999.3			1.0
6000.200000000001			1.0
6001.1			1.0
6002.0			1.0
6002.9			1.0
6003.8			1.0
6004.700000000001			1.0
6005.6			0.9977664719265751
6006.5			0.9719835525610314
6007.4			0.9310206428950071
6008.3			0.9001318950142326
6009.200000000001			0.9248391991778866
6010.1			0.9813880955203894
6011.0			1.001035183308091
6011.9			1.0
6012.8			1.0
6013.700000000001			1.0
6014.6			1.0
6015.5			1.0107583387317827
6016.4			0.986966921056274
6017.3			0.982984141405899
6018.200000000001			1.009836206034085
6019.1			1.0014699663381976
6020.0			0.9622486652199298
6020.9			0.9413965147891081
6021.8			0.9486997385129333
6022.700000000001			0.9608242627044015
6023.6			0.9635980792278152
6024.5			0.9749670337172193
6025.4			0.9980105334479643
6026.3			1.0005069456245446
6027.200000000001			1.0
6028.1			1.0
6029.0			1.0
6029.9			1.0
6030.8			1.0
6031.700000000001			1.0
6032.6			1.0
6033.5			1.0
6034.4			1.0
6035.3			1.0
6036.200000000001			1.0
6037.1			1.0
6038.0			1.0
6038.9			1.0
6039.8			1.0
6040.700000000001			1.0
6041.6			1.0
6042.5			1.0
6043.4			1.0
6044.3			1.0
6045.200000000001			1.0
6046.1			1.0
6047.0			1.0
6047.9			1.0
6048.8			1.0
6049.700000000001			1.0
6050.6			1.0
6051.5			1.0
6052.4			1.0
6053.3			1.0
6054.200000000001			1.0
6055.1			1.0
6056.0			1.0
6056.9			1.0
6057.8			1.0
6058.700000000001			1.0
6059.6			1.0
6060.5			1.0
6061.4			1.0
6062.3			1.0
6063.200000000001			0.9874022650448483
6064.1			0.9675189284678773
6065.0			0.9297753655719678
6065.9			0.9235159835120212
6066.8			0.9630175166338589
6067.700000000001			0.9969789010790826
6068.6			1.003873506003005
6069.5			1.0
6070.4			1.0
6071.3			1.0
6072.200000000001			1.0
6073.1			1.0
6074.0			1.0
6074.9			1.0
6075.8			1.0
6076.700000000001			1.0
6077.6			1.0
6078.5			1.0
6079.4			1.0
6080.3			1.0
6081.200000000001			1.0
6082.1			1.0
6083.0			1.0
6083.9			1.0
6084.8			1.0
6085.700000000001			1.0
6086.6			1.0
6087.5			1.0
6088.4			1.0
6089.3			1.0
6090.200000000001			1.0
6091.1			1.0
6092.0			1.0
6092.9			1.0
6093.8			1.0
6094.700000000001			1.0
6095.6			1.0
6096.5			1.0
6097.4			1.0
6098.3			1.0
6099.200000000001			1.0
6100.1			1.0030942133887963
6101.0			0.9592354428084903
6101.9			0.8596473524879213
6102.8			0.8002720196473587
6103.700000000001			0.8576445329107163
6104.6			0.952784134371217
6105.5			0.9998347397272805
6106.4			1.0
6107.3			1.0
6108.200000000001			1.0
6109.1			1.0
6110.0			1.0
6110.9			1.0
6111.8			1.0
6112.700000000001			1.0
6113.6			1.0
6114.5			1.0
6115.4			1.0
6116.3			1.0
6117.200000000001			1.0
6118.1			1.0
6119.0			1.0
6119.9			0.967665919875448
6120.8			0.9067165962314194
6121.700000000001			0.8237346631843743
6122.6			0.8049673435011893
6123.5			0.8894222634094168
6124.4			0.9779425311229492
6125.3			0.9999543340249611
6126.200000000001			1.0
6127.1			1.0
6128.0			1.0
6128.9			1.0
6129.8			1.0
6130.700000000001			1.0
6131.6			1.0
6132.5			1.0
6133.4			1.0
6134.3			0.9851528698114111
6135.200000000001			0.9216755610118615
6136.1			0.827288411608934
6137.0			0.7675093474698921
6137.9			0.8111141223507607
6138.8			0.9225247868514592
6139.700000000001			1.0017135419865404
6140.6			1.0
6141.5			1.0
6142.4			1.0
6143.3			1.0
6144.200000000001			1.0
6145.1			1.0
6146.0			1.0
6146.9			1.0
6147.8			1.0
6148.700000000001			1.0
6149.6			1.0
6150.5			1.0
6151.4			1.0
6152.3			1.0
6153.200000000001			1.0
6154.1			1.0
6155.0			1.0
6155.9			1.0
6156.8			1.0
6157.700000000001			1.0
6158.6			1.009862246085447
6159.5			0.987475113395634
6160.4			0.8890593189810188
6161.3			0.7539138400737113
6162.200000000001			0.6913119211823764
6163.1			0.7585813353494055
6164.0			0.885945529965219
6164.9			0.972446196719586
6165.8			1.0047532599009517
6166.700000000001			1.0
6167.6			1.0
6168.5			1.0
6169.4			1.0
6170.3			1.0
6171.200000000001			1.0
6172.1			1.0
6173.0			1.0
6173.9			1.0
6174.8			1.0
6175.700000000001			1.0
6176.6			1.0
6177.5			1.0
6178.4			1.0
6179.3			1.0
6180.200000000001			1.0
6181.1			1.0
6182.0			1.0
6182.9			1.0
6183.8			1.0
6184.700000000001			1.0
6185.6			1.0
6186.5			1.0
6187.4			1.0
6188.3			1.0
6189.200000000001			0.9979980171431607
6190.1			0.9539950615164137
6191.0			0.884183907098533
6191.9			0.8730326494521887
6192.8			0.9354325257710839
6193.700000000001			0.9886161744200072
6194.6			0.9942637766094774
6195.5			1.0
6196.4			1.0
6197.3			1.0
6198.200000000001			1.0
6199.1			1.0
6200.0			1.0
6200.9			1.0
6201.8			1.0
6202.700000000001			1.0
6203.6			1.0
6204.5			1.0
6205.4			1.0
6206.3			1.0
6207.200000000001			1.0
6208.1			1.0
6209.0			1.0
6209.9			1.0
6210.8			0.9844316049168085
6211.700000000001			0.9886918120053426
6212.6			0.9728222095861855
6213.5			0.9316460175652538
6214.4			0.9098604378091265
6215.3			0.9191754163587907
6216.200000000001			0.9472076894839364
6217.1			0.986231987753141
6218.0			1.00174649986806
6218.9			1.0
6219.8			1.0
6220.700000000001			1.0
6221.6			1.0
6222.5			1.0
6223.4			1.0
6224.3			1.0
6225.200000000001			1.0
6226.1			1.0
6227.0			1.0044670512479952
6227.9			1.0010148359318711
6228.8			0.9742615650163107
6229.700000000001			0.9131101006726688
6230.6			0.8616373201483664
6231.5			0.8731865821680318
6232.4			0.9176676903623404
6233.3			0.9575548392947943
6234.200000000001			1.0019055413308482
6235.1			1.0
6236.0			1.0
6236.9			1.0
6237.8			1.0
6238.700000000001			1.0
6239.6			1.0
6240.5			0.987767983191244
6241.4			0.9933089296535806
6242.3			0.9773860273852922
6243.200000000001			0.948251175654712
6244.1			0.9525334350167441
6245.0			0.9615278032777342
6245.9			0.9483396394595133
6246.8			0.9665079046348145
6247.700000000001			1.0240667909124592
6248.6			1.0
6249.5			0.9926875080605745
6250.4			0.9813649290349116
6251.3			0.9451591680655647
6252.200000000001			0.8848518935709393
6253.1			0.8597267372398832
6254.0			0.8829127146010493
6254.9			0.9150609625715429
6255.8			0.9186049207972918
6256.700000000001			0.8909279178542912
6257.6			0.8611396139143942
6258.5			0.8564423935966828
6259.4			0.8917577812621412
6260.3			0.9342222289007307
6261.200000000001			0.9557939429580482
6262.1			0.9840847242109977
6263.0			1.0126782274904529
6263.9			0.995530913801797
6264.8			0.9497106745621369
6265.700000000001			0.9385041001411273
6266.6			0.9734258655091746
6267.5			1.0003642818163272
6268.4			1.0
6269.3			1.0
6270.200000000001			1.0
6271.1			1.0
6272.0			1.0
6272.9			1.0
6273.8			1.0
6274.700000000001			1.0
6275.6			1.0
6276.5			1.0
6277.4			1.0
6278.3			1.0
6279.200000000001			1.0
6280.1			1.0
6281.0			1.0
6281.9			1.0
6282.8			1.0
6283.700000000001			1.0
6284.6			1.0
6285.5			1.0
6286.4			1.0
6287.3			1.0
6288.200000000001			1.0
6289.1			1.0
6290.0			1.0
6290.9			1.0
6291.8			1.0
6292.700000000001			1.0
6293.6			1.0
6294.5			1.0
6295.4			1.0
6296.3			1.0
6297.200000000001			1.0
6298.1			1.0034371025341708
6299.0			1.0162341022588082
6299.9			1.0097551875543664
6300.8			0.9605329902384188
6301.700000000001			0.9063335073351031
6302.6			0.9127031283399012
6303.5			0.9620106436460057
6304.4			0.9937048255427143
6305.3			0.9964294334582865
6306.200000000001			1.0
6307.1			1.0
6308.0			1.0
6308.9			1.0
6309.8			1.0
6310.700000000001			1.0
6311.6			1.0
6312.5			1.0
6313.4			0.9970837621578778
6314.3			0.9631433364193468
6315.200000000001			0.9344376658258123
6316.1			0.9400261679981865
6317.0			0.9335020322771601
6317.9			0.8966235933945669
6318.8			0.8885256397623463
6319.700000000001			0.9310421048584404
6320.6			0.9747975674673418
6321.5			0.9819584350261903
6322.4			0.9710070962751138
6323.3			0.9816636244135091
6324.200000000001			0.9994759753076062
6325.1			1.0
6326.0			1.0
6326.9			1.0
6327.8			1.0
6328.700000000001			1.0
6329.6			1.0
6330.5			1.0
6331.4			1.0
6332.3			1.0187271904294875
6333.200000000001			1.027000235812838
6334.1			1.003168918863232
6335.0			0.9468673115124104
6335.9			0.9064786815506166
6336.8			0.919479719602298
6337.700000000001			0.957754052172838
6338.6			0.9841865106965442
6339.5			1.0029482317859515
6340.4			1.0
6341.3			1.0
6342.200000000001			1.0
6343.1			1.0
6344.0			1.0
6344.9			1.0
6345.8			1.0
6346.700000000001			1.0
6347.6			1.0
6348.5			1.0
6349.4			1.0
6350.3			1.0
6351.200000000001			1.0
6352.1			1.0
6353.0			1.0
6353.9			1.0
6354.8			1.0
6355.700000000001			0.9982727743501494
6356.6			1.010133640205383
6357.5			0.9959495841907265
6358.4			0.964005218508776
6359.3			0.9473360212700049
6360.200000000001			0.9377963955438094
6361.1			0.9153415482608632
6362.0			0.8945319233826956
6362.9			0.8983469199504196
6363.8			0.9275135160528639
6364.700000000001			0.961578243423402
6365.6			0.9784838919599649
6366.5			0.9774979291501101
6367.4			0.9825367704994189
6368.3			0.9999608438455859
6369.200000000001			1.0
6370.1			1.0
6371.0			1.0
6371.9			1.0
6372.8			1.0
6373.700000000001			1.0
6374.6			1.0
6375.5			1.0
6376.4			1.0
6377.3			1.0
6378.200000000001			1.0
6379.1			1.0
6380.0			1.0
6380.9			1.0
6381.8			1.0
6382.700000000001			1.0
6383.6			1.0
6384.5			1.0
6385.4			1.0
6386.3			1.0
6387.200000000001			1.0
6388.1			1.0
6389.0			1.0
6389.9			1.0
6390.8			1.0
6391.700000000001			1.0
6392.6			1.0
6393.5			1.0
6394.4			1.0
6395.3			1.0
6396.200000000001			1.0
6397.1			1.0089851397168625
6398.0			0.9897559237552466
6398.9			0.9191854690444612
6399.8			0.845350589945171
6400.700000000001			0.863836477498685
6401.6			0.9528868381229033
6402.5			1.0080195006419526
6403.4			1.0170601389206855
6404.3			1.0107957499046885
6405.200000000001			0.9984371149301464
6406.1			0.9830349520657807
6407.0			0.9546284495204823
6407.9			0.9277400206874414
6408.8			0.9437051044516668
6409.700000000001			0.9740687594181405
6410.6			0.9507493971727778
6411.5			0.9085241088301
6412.4			0.9254342214427447
6413.3			0.971441025413526
6414.200000000001			0.9869242750567759
6415.1			0.9906245991116192
6416.0			1.0045080592798177
6416.9			1.0149833094480434
6417.8			1.01493358735093
6418.700000000001			0.9971691162464453
6419.6			0.9539619779214501
6420.5			0.9140156358845059
6421.4			0.9213978366215572
6422.3			0.9748698793430338
6423.200000000001			1.0239169709837852
6424.1			1.0333813621884542
6425.0			1.0245014736851343
6425.9			1.0266219104729069
6426.8			1.03694499627216
6427.700000000001			1.0414314741447155
6428.6			1.0305934577451865
6429.5			0.9938833826034633
6430.4			0.9415574464856927
6431.3			0.9292577796509802
6432.200000000001			0.9706301075294197
6433.1			1.009465535260293
6434.0			1.022624671605448
6434.9			1.0334460994683765
6435.8			1.0464122623214254
6436.700000000001			1.034226093518257
6437.6			0.9749796483453101
6438.5			0.8963913476415597
6439.4			0.88171513280237
6440.3			0.9557435114611271
6441.200000000001			1.0281632696519125
6442.1			1.0453157127442714
6443.0			1.0405691166324176
6443.9			1.0402809849226708
6444.8			1.0
6445.700000000001			1.0130041409652175
6446.6			1.0185492854825664
6447.5			1.000414629613969
6448.4			0.9404348726309084
6449.3			0.859258999290821
6450.200000000001			0.8346070830964532
6451.1			0.8944197570345438
6452.0			0.9630850905569039
6452.9			0.9903615180902364
6453.8			0.9894514531805789
6454.700000000001			0.9680431102125293
6455.6			0.9467872857260529
6456.5			0.9571444723928352
6457.4			0.9898282055362383
6458.3			1.0104675041554998
6459.200000000001			1.0087466675491328
6460.1			0.9941790320156133
6461.0			0.9528175139529633
6461.9			0.8764605751620191
6462.8			0.8357960051211937
6463.700000000001			0.8818750132317049
6464.6			0.9495177650571569
6465.5			0.9852557200023639
6466.4			0.9966857422810064
6467.3			0.9962639574542678
6468.200000000001			0.9868855910146581
6469.1			0.971387814837593
6470.0			0.9581207595237832
6470.9			0.9455379871010253
6471.8			0.9472699915134859
6472.700000000001			0.9791595892325071
6473.6			0.9975460771062075
6474.5			0.9721975367800424
6475.4			0.9462240485156149
6476.3			0.9582244542765823
6477.200000000001			0.9886896513029932
6478.1			1.002501817528103
6479.0			0.9930045151412518
6479.9			0.9798533675773383
6480.8			0.9673938045946995
6481.700000000001			0.9453888000883666
6482.6			1.0
6483.5			1.0156320372767427
6484.4			1.0460435468897968
6485.3			1.0597478919041559
6486.200000000001			1.058968748608442
6487.1			1.0645205603571128
6488.0			1.0745574822704167
6488.9			1.07171435637693
6489.8			1.054628875730383
6490.700000000001			1.0406016545634964
6491.6			1.0309830388355687
6492.5			0.9884110909357678
6493.4			0.8906236499015598
6494.3			0.801953111272123
6495.200000000001			0.7958905028927729
6496.1			0.8566854112255735
6497.0			0.9265495335294069
6497.9			0.962568729091979
6498.8			0.9638569714509974
6499.700000000001			0.9697062958603689
6500.6			0.9960450208950453
6501.5			1.020174972707518
6502.4			1.036915537554465
6503.3			1.0460160554595206
6504.200000000001			1.0431488963222189
6505.1			1.0488456468450447
6506.0			1.0643843657785765
6506.9			1.0580784504736112
6507.8			1.0304574422808348
6508.700000000001			1.0139649512948834
6509.6			1.022906888417327
6510.5			1.0417204129416364
6511.4			1.0
6512.3			0.9997683033033329
6513.200000000001			0.9991398436064742
6514.1			0.9885180771097292
6515.0			0.9727314428950153
6515.9			0.9663236244746859
6516.8			0.965822893503854
6517.700000000001			0.9585201106130173
6518.6			0.9508238754501849
6519.5			0.9673382243899129
6520.4			1.0019228483167713
6521.3			1.0172510048583174
6522.200000000001			1.0036998383309383
6523.1			0.986886530850328
6524.0			0.9887514056662742
6524.9			0.996766045805995
6525.8			0.9911888999471018
6526.700000000001			0.978739026955364
6527.6			0.9782539586135344
6528.5			0.9889257550147208
6529.4			0.9973080256321194
6530.3			0.9954539799444686
6531.200000000001			0.9817338143092337
6532.1			0.9701521108616337
6533.0			0.9707441251186417
6533.9			0.9813511534876014
6534.8			0.9968479956972622
6535.700000000001			1.0094293472702724
6536.6			1.0095174769747557
6537.5			1.0034020101348018
6538.4			1.004708231492091
6539.3			1.0134827662816552
6540.200000000001			1.020297517729314
6541.1			1.019359942449829
6542.0			1.0078147744973789
6542.9			1.0
6543.8			0.9959026002793259
6544.700000000001			0.9834408616334988
6545.6			0.9541021202282409
6546.5			0.9367519335836291
6547.4			0.9511304587965398
6548.3			1.0
6549.200000000001			1.0236350295073222
6550.1			1.0358329054386115
6551.0			1.0298931554498938
6551.9			1.0105985689323316
6552.8			0.9898275950422063
6553.700000000001			0.9690786403012921
6554.6			0.946721719184328
6555.5			0.9349623072016582
6556.4			0.9390331124931621
6557.3			0.9551622612751016
6558.200000000001			0.9706490743776583
6559.1			0.9723190413615341
6560.0			0.9522207332925807
6560.9			0.8849316450410322
6561.8			0.7522458499096705
6562.700000000001			0.6456129296145106
6563.6			0.6965691364523066
6564.5			0.8476336042888201
6565.4			0.9510114625053061
6566.3			0.990498382172547
6567.200000000001			1.0011889025395135
6568.1			0.9822548201634291
6569.0			0.9493792708219492
6569.9			0.9435718486262693
6570.8			0.9632949979175289
6571.700000000001			0.9669849711007057
6572.6			0.9497094074611127
6573.5			0.9328540269780535
6574.4			0.9255190801992118
6575.3			0.9429271171907299
6576.200000000001			0.9876384547801633
6577.1			1.0254975311729415
6578.0			1.0345501610229848
6578.9			1.0213365853213345
6579.8			0.9955825885817022
6580.700000000001			0.9710947515712159
6581.6			0.9705285727666196
6582.5			0.9927905985520474
6583.4			1.0037439030793964
6584.3			0.9984128875522943
6585.200000000001			0.9895108417467394
6586.1			0.9775454419505433
6587.0			0.9771564793864769
6587.9			0.9910830384432496
6588.8			1.0012846617768099
6589.700000000001			1.0072816568054583
6590.6			1.0071754285211048
6591.5			0.9702809668747508
6592.4			0.897294469887163
6593.3			0.8629423170212396
6594.200000000001			0.9113949705610956
6595.1			0.9759869585831141
6596.0			0.9926234344156314
6596.9			0.9813496829018002
6597.8			0.9730273586363971
6598.700000000001			0.974211628703973
6599.6			0.9913582274899837
6600.5			1.0166504853864637
6601.4			1.0299233857724923
6602.3			1.0283945934853793
6603.200000000001			1.0
6604.1			0.9852188012180784
6605.0			0.9702478655812146
6605.9			0.9660669557587978
6606.8			0.9667125029595547
6607.700000000001			0.954813228639767
6608.6			0.9300682172003816
6609.5			0.9282976036466414
6610.4			0.9652653780095838
6611.3			1.0003665765894743
6612.200000000001			1.0020426576002794
6613.1			0.9878216735550805
6614.0			0.9877579158001014
6614.9			0.9980470064042571
6615.8			1.0015795196986446
6616.700000000001			0.9984501409242014
6617.6			0.9994565484478131
6618.5			1.0084218623285746
6619.4			1.0204778427629957
6620.3			1.0265260609743014
6621.200000000001			1.0230283615776903
6622.1			1.013555610564014
6623.0			0.9980439989091044
6623.9			0.9743769143789281
6624.8			0.9625702488752486
6625.700000000001			0.9749213739297223
6626.6			0.989148434821772
6627.5			0.9900989281052702
6628.4			0.9895668456049078
6629.3			0.9905379244313107
6630.200000000001			0.9888241800244035
6631.1			0.9828070092722737
6632.0			0.9606811732613266
6632.9			0.9201142651724806
6633.8			0.8990592430528052
6634.700000000001			0.9300714149800813
6635.6			0.9811393349005888
6636.5			1.0094547158927096
6637.4			1.016427869845069
6638.3			1.00924691504913
6639.200000000001			0.9909482930927197
6640.1			0.9826540430358054
6641.0			0.9927309213971394
6641.9			0.9918655403827922
6642.8			0.9653497820260653
6643.700000000001			0.9500399781991918
6644.6			0.9689049265045974
6645.5			0.9923317411178842
6646.4			0.9966938258390691
6647.3			0.9859971810317085
6648.200000000001			0.9830532808289287
6649.1			0.999088999419534
6650.0			1.010115332278267
6650.9			1.0065446676507963
6651.8			1.0019193421189008
6652.700000000001			1.001545487296938
6653.6			1.0026148787114397
6654.5			1.006676694779683
6655.4			1.0083008761481753
6656.3			1.0027379120000095
6657.200000000001			1.0016300467383779
6658.1			1.0063463896261058
6659.0			1.0062823807742158
6659.9			0.9954749779778598
6660.8			0.9807790718564451
6661.700000000001			0.9668439487444712
6662.6			0.9434263323432088
6663.5			0.9334412331247465
6664.4			0.9587605271429901
6665.3			0.9823998861383485
6666.200000000001			0.9806692322644587
6667.1			0.9713844392344769
6668.0			0.9695292188219248
6668.9			0.9844508135433324
6669.8			1.0089902615854067
6670.700000000001			1.0185321421050122
6671.6			1.0139197822008976
6672.5			1.0148776171231195
6673.4			1.0243321111105055
6674.3			1.0285285622211413
6675.200000000001			1.021200921035757
6676.1			0.9973907559757149
6677.0			0.9409791946146181
6677.9			0.8917876896261817
6678.8			0.913727809658434
6679.700000000001			0.9756208439146741
6680.6			1.0089200449216806
6681.5			1.0079597339098774
6682.4			1.0019257316666887
6683.3			1.0051228091849858
6684.200000000001			1.011555442199292
6685.1			1.0139057693446065
6686.0			1.0124085185716056
6686.9			1.0023280350538106
6687.8			0.9930843509581646
6688.700000000001			0.9986364341083623
6689.6			1.011002882119325
6690.5			1.0185430757467415
6691.4			1.0170521318763592
6692.3			1.0105807906845838
6693.200000000001			1.0077136042103592
6694.1			1.0010000429264003
6695.0			0.9768148712277225
6695.9			0.9500571708117388
6696.8			0.944820044768351
6697.700000000001			0.9518604993986325
6698.6			0.9627451408902132
6699.5			0.9844088191923835
6700.4			1.006297369274373
6701.3			1.0159349743178983
6702.200000000001			1.0118502433988352
6703.1			0.9951983288377586
6704.0			0.9773971138585187
6704.9			0.9760118043294322
6705.8			0.9918506255972412
6706.700000000001			1.0077586682599804
6707.6			1.0180621640113747
6708.5			1.0172362249098255
6709.4			1.001045051355516
6710.3			0.9899002898921464
6711.200000000001			0.9923229622565529
6712.1			0.9888531009811604
6713.0			0.9814369585977013
6713.9			0.9787775082961689
6714.8			0.9742433885150943
6715.700000000001			0.9624354706709722
6716.6			1.0
6717.5			0.9718611872916018
6718.4			1.004337291846683
6719.3			1.0629977081238835
6720.200000000001			1.078757614609128
6721.1			1.062992960770827
6722.0			1.0603466368924317
6722.9			1.0779590257326428
6723.8			1.0922478124889121
6724.700000000001			1.0827195072800062
6725.6			1.0574427934270452
6726.5			1.0495936535272983
6727.4			1.0664728041582374
6728.3			1.0814575499507773
6729.200000000001			1.0902011753828067
6730.1			1.098645963449963
6731.0			1.098606801562422
6731.9			1.0894833051003439
6732.8			1.078937211386813
6733.700000000001			1.077673625876486
6734.6			1.0882458080731336
6735.5			1.0967375933499106
6736.4			1.090014455159833
6737.3			1.070607562404334
6738.200000000001			1.0541855277919214
6739.1			1.055356312555801
6740.0			1.0720779295932905
6740.9			1.0803871875015896
6741.8			1.0620848030386085
6742.700000000001			1.0408313014433044
6743.6			1.047176550127227
6744.5			1.0649671926398152
6745.4			1.0694107242236448
6746.3			1.0700119176452372
6747.200000000001			1.0722664259619072
6748.1			1.0668585322380975
6749.0			1.0496506344073866
6749.9			1.034579190076471
6750.8			1.0367830748151226
6751.700000000001			1.0416529424408985
6752.6			1.0429956182259086
6753.5			1.051381313599594
6754.4			1.0560202443363478
6755.3			1.0545219626136153
6756.200000000001			1.0624258701963674
6757.1			1.0807693063409294
6758.0			1.0925079772950108
6758.9			1.0940495491093043
6759.8			1.091338973071366
6760.700000000001			1.0841986783693214
6761.6			1.0811916976756955
6762.5			1.0833787030302144
6763.4			1.0818826352653068
6764.3			1.0813743210687454
6765.200000000001			1.084056240436401
6766.1			1.0778030209875624
6767.0			1.0556165859366657
6767.9			1.040526271476432
6768.8			1.050051521752265
6769.700000000001			1.0610030179613121
6770.6			1.0572970985229262
6771.5			1.0533258537642296
6772.4			1.0643700942427188
6773.3			1.084309946166502
6774.200000000001			1.097994029201886
6775.1			1.1027446424734944
6776.0			1.0976970688092167
6776.9			1.084201440772458
6777.8			1.077486995275715
6778.700000000001			1.0856946281251119
6779.6			1.0925311716282682
6780.5			1.0890775789134413
6781.4			1.077357569676898
6782.3			1.0552511737387427
6783.200000000001			1.025732877602101
6784.1			1.0121527176514515
6785.0			1.0194076169709945
6785.9			1.0269495740367909
6786.8			1.0349519501261557
6787.700000000001			1.0508468216977314
6788.6			1.05918427750433
6789.5			1.0578693752770725
6790.4			1.0610013220063272
6791.3			1.0651733824040708
6792.200000000001			1.063988078615347
6793.1			1.063012548182186
6794.0			1.0629054950318002
6794.9			1.0600406675631227
6795.8			1.057505052944313
6796.700000000001			1.0616981622615562
6797.6			1.0700131015735659
6798.5			1.0764939476336248
6799.4			1.0775580319568236
6800.3			1.0753636295767508
6801.200000000001			1.0774326157110603
6802.1			1.0783598913040287
6803.0			1.0665035727887147
6803.9			1.0572760650956128
6804.8			1.0652304115408444
6805.700000000001			1.0685386193246968
6806.6			1.0629935980181076
6807.5			1.0670470061040052
6808.4			1.0722702498420376
6809.3			1.0621165580777554
6810.200000000001			1.0531326361437692
6811.1			1.0615797394145372
6812.0			1.0687824929251064
6812.9			1.0576756310421065
6813.8			1.0392512681590753
6814.700000000001			1.0381224167170637
6815.6			1.0497379422800848
6816.5			1.0591666904378472
6817.4			1.0677280510146478
6818.3			1.0691770804757788
6819.200000000001			1.0522189130206938
6820.1			1.0359305791728517
6821.0			1.0445573123798662
6821.9			1.0691571605838968
6822.8			1.0868261860398498
6823.700000000001			1.0926289960860667
6824.6			1.0896464639485963
6825.5			1.0784591159331605
6826.4			1.0648325442647026
6827.3			1.057423243205804
6828.200000000001			1.06065792879627
6829.1			1.0713068728513984
6830.0			1.081714103715436
6830.9			1.0817802195448603
6831.8			1.075375091992363
6832.700000000001			1.0697547307251978
6833.6			1.0710670067426422
6834.5			1.0779007038937847
6835.4			1.0795492760300565
6836.3			1.0694591391137498
6837.200000000001			1.0549203094249346
6838.1			1.0358371838920646
6839.0			1.0127978954654469
6839.9			0.9962441566130666
6840.8			0.9796983890787817
6841.700000000001			0.9616148488433112
6842.6			0.9648169328798216
6843.5			0.9953830247579214
6844.4			1.0288762746860938
6845.3			1.044664477060553
6846.200000000001			1.047551574879392
6847.1			1.0477485250022849
6848.0			1.0505169206519902
6848.9			1.059597484505541
6849.8			1.0672620450080268
6850.700000000001			1.0639812670461224
6851.6			1.0597055725939701
6852.5			1.0666717907481158
6853.4			1.0645274717130684
6854.3			1.0347390944573622
6855.200000000001			1.0099973792278132
6856.1			1.017144481333418
6857.0			1.0323426470349042
6857.9			1.038420385762329
6858.8			1.0477709837064206
6859.700000000001			1.0519887572811224
6860.6			1.0341959583990843
6861.5			1.009985291541963
6862.4			1.0142315819333334
6863.3			1.0421604890196183
6864.200000000001			1.0629458397641225
6865.1			1.068327155071714
6866.0			1.0607937353317831
6866.9			1.0373213405692152
6867.8			1.0134036233188586
6868.700000000001			1.0204078489514405
6869.6			1.0440885468214665
6870.5			1.0537355435557918
6871.4			1.0515101882383813
6872.3			1.04898322347896
6873.200000000001			1.0501433601799413
6874.1			1.0530491292278483
6875.0			1.0557691845915174
6875.9			1.0567490876869507
6876.8			1.0571969626225115
6877.700000000001			1.0577172728766302
6878.6			1.0576464447162364
6879.5			1.0556999778545304
6880.4			1.0440881899516825
6881.3			1.0152487914514732
6882.200000000001			0.987734824317863
6883.1			0.9982634915830073
6884.0			1.042917848431518
6884.9			1.070179239198536
6885.8			1.0660239515882253
6886.700000000001			1.0653748832678533
6887.6			1.0712542161667349
6888.5			1.067802287968973
6889.4			1.073349741569639
6890.3			1.0942250985234023
6891.200000000001			1.095611994699133
6892.1			1.0738073201932186
6893.0			1.0688213349687954
6893.9			1.0789088641635645
6894.8			1.0736847446462614
6895.700000000001			1.0560962461863805
6896.6			1.0527656001345251
6897.5			1.068848967763633
6898.4			1.0801303162598757
6899.3			1.072782861661355
6900.200000000001			1.0642392120348287
6901.1			1.0746986306018749
6902.0			1.0935005545982155
6902.9			1.100282979920972
6903.8			1.0914357217819173
6904.700000000001			1.0738956214110174
6905.6			1.0640528986361606
6906.5			1.0696744139779575
6907.4			1.076630533518583
6908.3			1.075729901630121
6909.200000000001			1.0763933633909346
6910.1			1.0754456564723864
6911.0			1.0661804660134024
6911.9			1.0558668282611519
6912.8			1.0379706965959228
6913.700000000001			1.0128312256850351
6914.6			1.0063535264720338
6915.5			1.0132641969050094
6916.4			1.013526417667594
6917.3			1.017427514921596
6918.200000000001			1.0328282304315295
6919.1			1.0508595725545462
6920.0			1.0674435429181823
6920.9			1.0749467337807281
6921.8			1.0703010945987044
6922.700000000001			1.052707656385242
6923.6			1.022731802895675
6924.5			1.0011075585818097
6925.4			1.0083888020985674
6926.3			1.039591219815664
6927.200000000001			1.0674228713800675
6928.1			1.0697171074302347
6929.0			1.0546769258382276
6929.9			1.0475538099291448
6930.8			1.0560142954357137
6931.700000000001			1.060167098819395
6932.6			1.0486206865834535
6933.5			1.0385976603047256
6934.4			1.0437862469361125
6935.3			1.046453479562832
6936.200000000001			1.040540045719498
6937.1			1.035994784942668
6938.0			1.0301874424568307
6938.9			1.0207301788270882
6939.8			1.0142477777140713
6940.700000000001			1.0192074986502753
6941.6			1.0229503498715438
6942.5			1.0147846357600683
6943.4			1.0047472574755503
6944.3			0.9977726166247081
6945.200000000001			1.0041776974463998
6946.1			1.0208785853946474
6947.0			1.0206429359029043
6947.9			1.0151227764656197
6948.8			1.0293511343352773
6949.700000000001			1.0439885200499717
6950.6			1.0364351190104795
6951.5			1.0321438547455744
6952.4			1.0446885373731682
6953.3			1.0459708117415443
6954.200000000001			1.0360144816510632
6955.1			1.0332304638591612
6956.0			1.0360542941545443
6956.9			1.045717116347573
6957.8			1.0559800860251822
6958.700000000001			1.050407446684091
6959.6			1.0342957915431297
6960.5			1.0279349695796711
6961.4			1.0372033563135454
6962.3			1.050364929615994
6963.200000000001			1.0510892890637378
6964.1			1.0357584276084204
6965.0			1.018501931412488
6965.9			1.0186185556486347
6966.8			1.0423798569683669
6967.700000000001			1.0648828732848015
6968.6			1.0678747458281765
6969.5			1.0569191228172679
6970.4			1.0356546995445337
6971.3			1.017767906223082
6972.200000000001			1.0247202248831349
6973.1			1.0458067656433552
6974.0			1.0480797860422435
6974.9			1.025496400483483
6975.8			0.9955775065091169
6976.700000000001			0.9636348978326549
6977.6			0.9201126313341205
6978.5			0.8897191389537008
6979.4			0.9151253612309471
6980.3			0.9701004041284498
6981.200000000001			1.0051707273942305
6982.1			1.0257305119975484
6983.0			1.0410968408353007
6983.9			1.043693352519774
6984.8			1.0384500848458627
6985.700000000001			1.0352649551668516
6986.6			1.0352130666920134
6987.5			1.0272265833740617
6988.4			1.0059029796159416
6989.3			0.9957755719180726
6990.200000000001			1.012526603536518
6991.1			1.038719828113047
6992.0			1.0496715679728097
6992.9			1.03531127082654
6993.8			1.0187963726012685
6994.700000000001			1.0332655758211629
6995.6			1.067000615419075
6996.5			1.0840287735873415
6997.4			1.0693801282671438
6998.3			1.0313931171406256
6999.200000000001			0.9968300404059758
7000.1			1.0
7001.0			1.0
7001.9			1.0
7002.8			1.0
7003.700000000001			1.0
7004.6			1.0
7005.5			1.0
7006.4			1.0
7007.3			1.0
7008.200000000001			1.0
7009.1			1.0
7010.0			1.0
7010.9			1.0
7011.8			1.0
7012.700000000001			1.0
7013.6			1.0
7014.5			1.0
7015.4			1.0
7016.3			1.0
7017.200000000001			1.0
7018.1			1.0
7019.0			1.0
7019.9			1.0
7020.8			1.0
7021.700000000001			1.0
7022.6			1.0
7023.5			1.0
7024.4			1.0
7025.3			1.0
7026.200000000001			1.0
7027.1			1.0
7028.0			1.0
7028.9			1.0
7029.8			1.0
7030.700000000001			1.0
7031.6			1.0
7032.5			1.0
7033.4			1.0
7034.3			1.0
7035.200000000001			1.0
7036.1			1.0
7037.0			1.0
7037.9			1.0
7038.8			1.0
7039.700000000001			1.0
7040.6			1.0
7041.5			1.0
7042.4			1.0
7043.3			1.0
7044.200000000001			1.0
7045.1			1.0
7046.0			1.0
7046.9			1.0
7047.8			1.0
7048.700000000001			1.0
7049.6			1.0
7050.5			1.0
7051.4			1.0
7052.3			1.0
7053.200000000001			1.0
7054.1			1.0
7055.0			1.0
7055.9			1.0
7056.8			1.0
7057.700000000001			1.0
7058.6			1.0
7059.5			1.0
7060.4			1.0
7061.3			1.0
7062.200000000001			1.0
7063.1			1.0
7064.0			1.0
7064.9			1.0
7065.8			1.0
7066.700000000001			1.0
7067.6			1.0
7068.5			1.0
7069.4			1.0
7070.3			1.0
7071.200000000001			1.0
7072.1			1.0
7073.0			1.0
7073.9			1.0
7074.8			1.0
7075.700000000001			1.0
7076.6			1.0
7077.5			1.0
7078.4			1.0
7079.3			1.0
7080.200000000001			1.0
7081.1			1.0
7082.0			1.0
7082.9			1.0
7083.8			1.0
7084.700000000001			1.0
7085.6			1.0
7086.5			1.0
7087.4			1.0
7088.3			1.0
7089.200000000001			1.0
7090.1			1.0
7091.0			1.0
7091.9			1.0
7092.8			1.0
7093.700000000001			1.0
7094.6			1.0
7095.5			1.0
7096.4			1.0
7097.3			1.0
7098.200000000001			1.0
7099.1			1.0
7100.0			1.0
7100.9			1.0
7101.8			1.0
7102.700000000001			1.0
7103.6			1.0
7104.5			1.0
7105.4			1.0
7106.3			1.0
7107.200000000001			1.0
7108.1			1.0
7109.0			1.0
7109.9			1.0
7110.8			1.0
7111.700000000001			1.0
7112.6			1.0
7113.5			1.0
7114.4			1.0
7115.3			1.0
7116.200000000001			1.0
7117.1			1.0
7118.0			1.0
7118.9			1.0
7119.8			1.0
7120.700000000001			1.0
7121.6			1.0
7122.5			1.0
7123.4			1.0
7124.3			1.0
7125.200000000001			1.0
7126.1			1.0
7127.0			1.0
7127.9			1.0
7128.8			1.0
7129.700000000001			1.0
7130.6			1.0
7131.5			1.0
7132.4			1.0
7133.3			1.0
7134.200000000001			1.0
7135.1			1.0
7136.0			1.0
7136.9			1.0
7137.8			1.0
7138.700000000001			1.0
7139.6			1.0
7140.5			1.0
7141.4			1.0
7142.3			1.0
7143.200000000001			1.0
7144.1			1.0
7145.0			1.0
7145.9			1.0
7146.8			1.0
7147.700000000001			1.0
7148.6			1.0
7149.5			1.0
7150.4			1.0
7151.3			1.0
7152.200000000001			1.0
7153.1			1.0
7154.0			1.0
7154.9			1.0
7155.8			1.0
7156.700000000001			1.0
7157.6			1.0
7158.5			1.0
7159.4			1.0
7160.3			1.0
7161.200000000001			1.0
7162.1			1.0
7163.0			1.0
7163.9			1.0
7164.8			1.0
7165.700000000001			1.0
7166.6			1.0
7167.5			1.0
7168.4			1.0
7169.3			1.0
7170.200000000001			1.0
7171.1			1.0
7172.0			1.0
7172.9			1.0
7173.8			1.0
7174.700000000001			1.0
7175.6			1.0
7176.5			1.0
7177.4			1.0
7178.3			1.0
7179.200000000001			1.0
7180.1			1.0
7181.0			1.0
7181.9			1.0
7182.8			1.0
7183.700000000001			1.0
7184.6			1.0
7185.5			1.0
7186.4			1.0
7187.3			1.0
7188.200000000001			1.0
7189.1			1.0
7190.0			1.0
7190.9			1.0
7191.8			1.0
7192.700000000001			1.0
7193.6			1.0
7194.5			1.0
7195.4			1.0
7196.3			1.0
7197.200000000001			1.0
7198.1			1.0
7199.0			1.0
7199.9			1.0
7200.8			1.0
7201.700000000001			1.0
7202.6			1.0
7203.5			1.0
7204.4			1.0
7205.3			1.0
7206.200000000001			1.0
7207.1			1.0
7208.0			1.0
7208.9			1.0
7209.8			1.0
7210.700000000001			1.0
7211.6			1.0
7212.5			1.0
7213.4			1.0
7214.3			1.0
7215.200000000001			1.0
7216.1			1.0
7217.0			1.0
7217.9			1.0
7218.8			1.0
7219.700000000001			1.0
7220.6			1.0
7221.5			1.0
7222.4			1.0
7223.3			1.0
7224.200000000001			1.0
7225.1			1.0
7226.0			1.0
7226.9			1.0
7227.8			1.0
7228.700000000001			1.0
7229.6			1.0
7230.5			1.0
7231.4			1.0
7232.3			1.0
7233.200000000001			1.0
7234.1			1.0
7235.0			1.0
7235.9			1.0
7236.8			1.0
7237.700000000001			1.0
7238.6			1.0
7239.5			1.0
7240.4			1.0
7241.3			1.0
7242.200000000001			1.0
7243.1			1.0
7244.0			1.0
7244.9			1.0
7245.8			1.0
7246.700000000001			1.0
7247.6			1.0
7248.5			1.0
7249.4			1.0
7250.3			1.0
7251.200000000001			1.0
7252.1			1.0
7253.0			1.0
7253.9			1.0
7254.8			1.0
7255.700000000001			1.0
7256.6			1.0
7257.5			1.0
7258.4			1.0
7259.3			1.0
7260.200000000001			1.0
7261.1			1.0
7262.0			1.0
7262.9			1.0
7263.8			1.0
7264.700000000001			1.0
7265.6			1.0
7266.5			1.0
7267.4			1.0
7268.3			1.0
7269.200000000001			1.0
7270.1			1.0
7271.0			1.0
7271.9			1.0
7272.8			1.0
7273.700000000001			1.0
7274.6			1.0
7275.5			1.0
7276.4			1.0
7277.3			1.0
7278.200000000001			1.0
7279.1			1.0
7280.0			1.0
7280.9			1.0
7281.8			1.0
7282.700000000001			1.0
7283.6			1.0
7284.5			1.0
7285.4			1.0
7286.3			1.0
7287.200000000001			1.0
7288.1			1.0
7289.0			1.0
7289.9			1.0
7290.8			1.0
7291.700000000001			1.0
7292.6			1.0
7293.5			1.0
7294.4			1.0
7295.3			1.0
7296.200000000001			1.0
7297.1			1.0
7298.0			1.0
7298.9			1.0
7299.8			1.0
7300.700000000001			1.0
7301.6			1.0
7302.5			1.0
7303.4			1.0
7304.3			1.0
7305.200000000001			1.0
7306.1			1.0
7307.0			1.0
7307.9			1.0
7308.8			1.0
7309.700000000001			1.0
7310.6			1.0
7311.5			1.0
7312.4			1.0
7313.3			1.0
7314.200000000001			1.0
7315.1			1.0
7316.0			1.0
7316.9			1.0
7317.8			1.0
7318.700000000001			1.0
7319.6			1.0
7320.5			1.0
7321.4			1.0
7322.3			1.0
7323.200000000001			1.0
7324.1			1.0
7325.0			1.0
7325.9			1.0
7326.8			1.0
7327.700000000001			1.0
7328.6			1.0
7329.5			1.0
7330.4			1.0
7331.3			1.0
7332.200000000001			1.0
7333.1			1.0
7334.0			1.0
7334.9			1.0
7335.8			1.0
7336.700000000001			1.0
7337.6			1.0
7338.5			1.0
7339.4			1.0
7340.3			1.0
7341.200000000001			1.0
7342.1			1.0
7343.0			1.0
7343.9			1.0
7344.8			1.0
7345.700000000001			1.0
7346.6			1.0
7347.5			1.0
7348.4			1.0
7349.3			1.0
7350.200000000001			1.0
7351.1			1.0
7352.0			1.0
7352.9			1.0
7353.8			1.0
7354.700000000001			1.0
7355.6			1.0
7356.5			1.0
7357.4			1.0
7358.3			1.0
7359.200000000001			1.0
7360.1			1.0
7361.0			1.0
7361.9			1.0
7362.8			1.0
7363.700000000001			1.0
7364.6			1.0
7365.5			1.0
7366.4			1.0
7367.3			1.0
7368.200000000001			1.0
7369.1			1.0
7370.0			1.0
7370.9			1.0
7371.8			1.0
7372.700000000001			1.0
7373.6			1.0
7374.5			1.0
7375.4			1.0
7376.3			1.0
7377.200000000001			1.0
7378.1			1.0
7379.0			1.0
7379.9			1.0
7380.8			1.0
7381.700000000001			1.0
7382.6			1.0
7383.5			1.0
7384.4			1.0
7385.3			1.0
7386.200000000001			1.0
7387.1			1.0
7388.0			1.0
7388.9			1.0
7389.8			1.0
7390.700000000001			1.0
7391.6			1.0
7392.5			1.0
7393.4			1.0
7394.3			1.0
7395.200000000001			1.0
7396.1			1.0
7397.0			1.0
7397.9			1.0
7398.8			1.0
7399.700000000001			1.0
7400.6			1.0
7401.5			1.0
7402.4			1.0
7403.3			1.0
7404.200000000001			1.0
7405.1			1.0
7406.0			1.0
7406.9			1.0
7407.8			1.0
7408.700000000001			1.0
7409.6			1.0
7410.5			1.0
7411.4			1.0
7412.3			1.0
7413.200000000001			1.0
7414.1			1.0
7415.0			1.0
7415.9			1.0
7416.8			1.0
7417.700000000001			1.0
7418.6			1.0
7419.5			1.0
7420.4			1.0
7421.3			1.0
7422.200000000001			1.0
7423.1			1.0
7424.0			1.0
7424.9			1.0
7425.8			1.0
7426.700000000001			1.0
7427.6			1.0
7428.5			1.0
7429.4			1.0
