3500.0			1.0
3500.9			1.0
3501.8			1.0
3502.7			1.0
3503.6			1.0
3504.5			1.0
3505.4			1.0
3506.3			1.0
3507.2			1.0
3508.1			1.0
3509.0			1.0
3509.9			1.0
3510.8			1.0
3511.7			1.0
3512.6			1.0
3513.5			1.0
3514.4			1.0
3515.3			1.0
3516.2			1.0
3517.1			1.0
3518.0			1.0
3518.9			1.0
3519.8			1.0
3520.7			1.0
3521.6			1.0
3522.5			1.0
3523.4			1.0
3524.3			1.0
3525.2			1.0
3526.1			1.0
3527.0			1.0
3527.9			1.0
3528.8			1.0
3529.7			1.0
3530.6			1.0
3531.5			1.0
3532.4			1.0
3533.3			1.0
3534.2			1.0
3535.1			1.0
3536.0			1.0
3536.9			1.0
3537.8			1.0
3538.7			1.0
3539.6			1.0
3540.5			1.0
3541.4			1.0
3542.3			1.0
3543.2			1.0
3544.1			1.0
3545.0			1.0
3545.9			1.0
3546.8			1.0
3547.7			1.0
3548.6			1.0
3549.5			1.0
3550.4			1.0
3551.3			1.0
3552.2			1.0
3553.1			1.0
3554.0			1.0
3554.9			1.0
3555.8			1.0
3556.7			1.0
3557.6			1.0
3558.5			1.0
3559.4			1.0
3560.3			1.0
3561.2			1.0
3562.1			1.0
3563.0			1.0
3563.9			1.0
3564.8			1.0
3565.7			1.0
3566.6			1.0
3567.5			1.0
3568.4			1.0
3569.3			1.0
3570.2			1.0
3571.1			1.0
3572.0			1.0
3572.9			1.0
3573.8			1.0
3574.7			1.0
3575.6			1.0
3576.5			1.0
3577.4			1.0
3578.3			1.0
3579.2			1.0
3580.1			1.0
3581.0			1.0
3581.9			1.0
3582.8			1.0
3583.7			1.0
3584.6			1.0
3585.5			1.0
3586.4			1.0
3587.3			1.0
3588.2			1.0
3589.1			1.0
3590.0			1.0
3590.9			1.0
3591.8			1.0
3592.7			1.0
3593.6			1.0
3594.5			1.0
3595.4			1.0
3596.3			1.0
3597.2			1.0
3598.1			1.0
3599.0			1.0
3599.9			1.0
3600.8			1.0
3601.7			1.0
3602.6			1.0
3603.5			1.0
3604.4			1.0
3605.3			1.0
3606.2			1.0
3607.1			1.0
3608.0			1.0
3608.9			1.0
3609.8			1.0
3610.7			1.0
3611.6			1.0
3612.5			1.0
3613.4			1.0
3614.3			1.0
3615.2			1.0
3616.1			1.0
3617.0			1.0
3617.9			1.0
3618.8			1.0
3619.7			1.0
3620.6			1.0
3621.5			1.0
3622.4			1.0
3623.3			1.0
3624.2			1.0
3625.1			1.0
3626.0			1.0
3626.9			1.0
3627.8			1.0
3628.7			1.0
3629.6			1.0
3630.5			1.0
3631.4			1.0
3632.3			1.0
3633.2			1.0
3634.1			1.0
3635.0			1.0
3635.9			1.0
3636.8			1.0
3637.7			1.0
3638.6			1.0
3639.5			1.0
3640.4			1.0
3641.3			1.0
3642.2			1.0
3643.1			1.0
3644.0			1.0
3644.9			1.0
3645.8			1.0
3646.7			1.0
3647.6			1.0
3648.5			1.0
3649.4			1.0
3650.3			1.0
3651.2			1.0
3652.1			1.0
3653.0			1.0
3653.9			1.0
3654.8			1.0
3655.7			1.0
3656.6			1.0
3657.5			1.0
3658.4			1.0
3659.3			1.0
3660.2			1.0
3661.1			1.0
3662.0			1.0
3662.9			1.0
3663.8			1.0
3664.7			1.0
3665.6			1.0
3666.5			1.0
3667.4			1.0
3668.3			1.0
3669.2			1.0
3670.1			1.0
3671.0			1.0
3671.9			1.0
3672.8			1.0
3673.7			1.0
3674.6			1.0
3675.5			1.0
3676.4			1.0
3677.3			1.0
3678.2			1.0
3679.1			1.0
3680.0			1.0
3680.9			1.0
3681.8			1.0
3682.7			1.0
3683.6			1.0
3684.5			1.0
3685.4			1.0
3686.3			1.0
3687.2			1.0
3688.1			1.0
3689.0			1.0
3689.9			1.0
3690.8			1.0
3691.7			1.0
3692.6			1.0
3693.5			1.0
3694.4			1.0
3695.3			1.0
3696.2			1.0
3697.1			1.0
3698.0			1.0
3698.9			1.0
3699.8			1.0
3700.7			1.0
3701.6			1.0
3702.5			1.0
3703.4			1.0
3704.3			1.0
3705.2			1.0
3706.1			1.0
3707.0			1.0
3707.9			1.0
3708.8			1.0
3709.7			1.0
3710.6			1.0
3711.5			1.0
3712.4			1.0
3713.3			1.0
3714.2			1.0
3715.1			1.0
3716.0			1.0
3716.9			1.0
3717.8			1.0
3718.7			1.0
3719.6			1.0
3720.5			1.0
3721.4			1.0
3722.3			1.0
3723.2			1.0
3724.1			1.0
3725.0			1.0
3725.9			1.0
3726.8			1.0
3727.7			1.0
3728.6			1.0
3729.5			1.0
3730.4			1.0
3731.3			1.0
3732.2			1.0
3733.1			1.0
3734.0			1.0
3734.9			1.0
3735.8			1.0
3736.7			1.0
3737.6			1.0
3738.5			1.0
3739.4			1.0
3740.3			1.0
3741.2			1.0
3742.1			1.0
3743.0			1.0
3743.9			1.0
3744.8			1.0
3745.7			1.0
3746.6			1.0
3747.5			1.0
3748.4			1.0
3749.3			1.0
3750.2			1.0
3751.1			1.0
3752.0			1.0
3752.9			1.0
3753.8			1.0
3754.7			1.0
3755.6			1.0
3756.5			1.0
3757.4			1.0
3758.3			1.0
3759.2			1.0
3760.1			1.0
3761.0			1.0
3761.9			1.0
3762.8			1.0
3763.7			1.0
3764.6			1.0
3765.5			1.0
3766.4			1.0
3767.3			1.0
3768.2			1.0
3769.1			1.0
3770.0			1.0
3770.9			1.0
3771.8			1.0
3772.7			1.0
3773.6			1.0
3774.5			1.0
3775.4			1.0
3776.3			1.0
3777.2			1.0
3778.1			1.0
3779.0			1.0
3779.9			1.0
3780.8			1.0
3781.7			1.0
3782.6			1.0
3783.5			1.0
3784.4			1.0
3785.3			1.0
3786.2			1.0
3787.1			1.0
3788.0			1.0
3788.9			1.0
3789.8			1.0
3790.7			1.0
3791.6			1.0
3792.5			1.0
3793.4			1.0
3794.3			1.0
3795.2			1.0
3796.1			1.0
3797.0			1.0
3797.9			1.0
3798.8			1.0
3799.7			1.0
3800.6			1.0
3801.5			1.0
3802.4			1.0
3803.3			1.0
3804.2			1.0
3805.1			1.0
3806.0			1.0
3806.9			1.0
3807.8			1.0
3808.7			1.0
3809.6			1.0
3810.5			1.0
3811.4			1.0
3812.3			1.0
3813.2			1.0
3814.1			1.0
3815.0			1.0
3815.9			1.0
3816.8			1.0
3817.7			1.0
3818.6			1.0
3819.5			1.0
3820.4			1.0
3821.3			1.0
3822.2			1.0
3823.1			1.0
3824.0			1.0
3824.9			1.0
3825.8			1.0
3826.7			1.0
3827.6			1.0
3828.5			1.0
3829.4			1.0
3830.3			1.0
3831.2			1.0
3832.1			1.0
3833.0			1.0
3833.9			1.0
3834.8			1.0
3835.7			1.0
3836.6			1.0
3837.5			1.0
3838.4			1.0
3839.3			1.0
3840.2			1.0
3841.1			1.0
3842.0			1.0
3842.9			1.0
3843.8			1.0
3844.7			1.0
3845.6			1.0
3846.5			1.0
3847.4			1.0
3848.3			1.0
3849.2			1.0
3850.1			1.0
3851.0			1.0
3851.9			1.0
3852.8			1.0
3853.7			1.0
3854.6			1.0
3855.5			1.0
3856.4			1.0
3857.3			1.0
3858.2			1.0
3859.1			1.0
3860.0			1.0
3860.9			1.0
3861.8			1.0
3862.7			1.0
3863.6			1.0
3864.5			1.0
3865.4			1.0
3866.3			1.0
3867.2			1.0
3868.1			1.0
3869.0			1.0
3869.9			1.0
3870.8			1.0
3871.7			1.0
3872.6			1.0
3873.5			1.0
3874.4			1.0
3875.3			1.0
3876.2			1.0
3877.1			1.0
3878.0			1.0
3878.9			1.0
3879.8			1.0
3880.7			1.0
3881.6			1.0
3882.5			1.0
3883.4			1.0
3884.3			1.0
3885.2			1.0
3886.1			1.0
3887.0			1.0
3887.9			1.0
3888.8			1.0
3889.7			1.0
3890.6			1.0
3891.5			1.0
3892.4			1.0
3893.3			1.0
3894.2			1.0
3895.1			1.0
3896.0			1.0
3896.9			1.0
3897.8			1.0
3898.7			1.0
3899.6			1.0
3900.5			1.0
3901.4			1.0
3902.3			1.0
3903.2			1.0
3904.1			1.0
3905.0			1.0
3905.9			1.0
3906.8			1.0
3907.7			1.0
3908.6			1.0
3909.5			1.0
3910.4			1.0
3911.3			1.0
3912.2			1.0
3913.1			1.0
3914.0			1.0
3914.9			1.0
3915.8			1.0
3916.7			1.0
3917.6			1.0
3918.5			1.0
3919.4			1.0
3920.3			1.0
3921.2			1.0
3922.1			1.0
3923.0			1.0
3923.9			1.0
3924.8			1.0
3925.7			1.0
3926.6			1.0
3927.5			1.0
3928.4			1.0
3929.3			1.0
3930.2			1.0
3931.1			1.0
3932.0			1.0
3932.9			1.0
3933.8			1.0
3934.7			1.0
3935.6			1.0
3936.5			1.0
3937.4			1.0
3938.3			1.0
3939.2			1.0
3940.1			1.0
3941.0			1.0
3941.9			1.0
3942.8			1.0
3943.7			1.0
3944.6			1.0
3945.5			1.0
3946.4			1.0
3947.3			1.0
3948.2			1.0
3949.1			1.0
3950.0			1.0
3950.9			1.0
3951.8			1.0
3952.7			1.0
3953.6			1.0
3954.5			1.0
3955.4			1.0
3956.3			1.0
3957.2			1.0
3958.1			1.0
3959.0			1.0
3959.9			1.0
3960.8			1.0
3961.7			1.0
3962.6			1.0
3963.5			1.0
3964.4			1.0
3965.3			1.0
3966.2			1.0
3967.1			1.0
3968.0			1.0
3968.9			1.0
3969.8			1.0
3970.7			1.0
3971.6			1.0
3972.5			1.0
3973.4			1.0
3974.3			1.0
3975.2			1.0
3976.1			1.0
3977.0			1.0
3977.9			1.0
3978.8			1.0
3979.7			1.0
3980.6			1.0
3981.5			1.0
3982.4			1.0
3983.3			1.0
3984.2			1.0
3985.1			1.0
3986.0			1.0
3986.9			1.0
3987.8			1.0
3988.7			1.0
3989.6			1.0
3990.5			1.0
3991.4			1.0
3992.3			1.0
3993.2			1.0
3994.1			1.0
3995.0			1.0
3995.9			1.0
3996.8			1.0
3997.7			1.0
3998.6			1.0
3999.5			1.0
4000.4			1.0
4001.3			1.0
4002.2			1.0
4003.1			1.0
4004.0			1.0
4004.9			1.0
4005.8			1.0
4006.7			1.0
4007.6			1.0
4008.5			1.0
4009.4			1.0
4010.3			1.0
4011.2			1.0
4012.1			1.0
4013.0			1.0
4013.9			1.0
4014.8			1.0
4015.7			1.0
4016.6			1.0
4017.5			1.0
4018.4			1.0
4019.3			1.0
4020.2			1.0
4021.1			1.0
4022.0			1.0
4022.9			1.0
4023.8			1.0
4024.7			1.0
4025.6			1.0
4026.5			1.0
4027.4			1.0335956145085194
4028.3			1.0136597766257998
4029.2			0.899559582846882
4030.1			0.7230127776193621
4031.0			0.585918709334276
4031.9			0.5293482784292741
4032.8			0.505216868108141
4033.7			0.4993271003388605
4034.6			0.5603021491891287
4035.5			0.6987927530387824
4036.4			0.8564455557827241
4037.3			0.9644210411835031
4038.2			0.9950208478787776
4039.1			1.0
4040.0			1.0
4040.9			1.0
4041.8			1.0
4042.7			0.9773184302525721
4043.6			0.8861542892645783
4044.5			0.7220000633280274
4045.4			0.5807182494004371
4046.3			0.563611889886892
4047.2			0.6658056962004109
4048.1			0.8043785435508659
4049.0			0.9237242646086111
4049.9			1.0060521017900506
4050.8			1.0
4051.7			1.0
4052.6			1.0
4053.5			1.0
4054.4			1.0
4055.3			1.0
4056.2			1.0
4057.1			1.0
4058.0			1.0
4058.9			1.0
4059.8			1.0431863372993462
4060.7			1.0481893927608108
4061.6			0.9679105696352567
4062.5			0.8122777262643387
4063.4			0.684587154499384
4064.3			0.7046010695299383
4065.2			0.8450348914771674
4066.1			0.9607418272079373
4067.0			1.0005154488940438
4067.9			1.0
4068.8			1.0
4069.7			1.0
4070.6			1.0
4071.5			1.0
4072.4			1.0
4073.3			1.0
4074.2			1.0
4075.1			1.0
4076.0			1.0
4076.9			1.0
4077.8			1.0
4078.7			1.0
4079.6			1.0
4080.5			1.0
4081.4			1.0
4082.3			1.0
4083.2			1.0
4084.1			1.0
4085.0			1.0
4085.9			1.0
4086.8			1.0
4087.7			1.0
4088.6			1.0
4089.5			1.0
4090.4			1.0
4091.3			0.9435638878112595
4092.2			0.924991068261818
4093.1			0.9685570375933701
4094.0			1.0118512751380586
4094.9			0.9716977262606283
4095.8			0.879329719059872
4096.7			0.8268210016347949
4097.6			0.8310354770642303
4098.5			0.8472482405388689
4099.4			0.8409711587642437
4100.3			0.80911500179943
4101.2			0.7953511759057678
4102.1			0.837996796735111
4103.0			0.907755031782987
4103.9			0.9651571415093652
4104.8			1.0195560120287326
4105.7			1.0774983058291787
4106.6			1.105109866290773
4107.5			1.0951754046457525
4108.4			1.0745082486921813
4109.3			1.056851679214989
4110.2			1.0328215480816887
4111.1			1.0002129140124676
4112.0			1.0
4112.9			1.0
4113.8			1.0
4114.7			1.0
4115.6			1.0
4116.5			1.0
4117.4			1.0
4118.3			1.0
4119.2			1.0
4120.1			1.0
4121.0			1.0
4121.9			1.0
4122.8			1.0
4123.7			1.0
4124.6			1.0
4125.5			1.0
4126.4			1.0
4127.3			1.0
4128.2			0.9283140291546914
4129.1			0.906562041233702
4130.0			0.888900921656004
4130.9			0.8270350133667288
4131.8			0.7510144148326968
4132.7			0.7229765186295108
4133.6			0.7581995695422148
4134.5			0.8305330951513232
4135.4			0.9149848496651678
4136.3			0.9759443988849498
4137.2			0.9999636947440631
4138.1			1.0
4139.0			1.0
4139.9			1.0158003162649432
4140.8			0.9832015093667008
4141.7			0.8587274591086936
4142.6			0.6759870191061748
4143.5			0.5726068091191533
4144.4			0.6365356347059553
4145.3			0.7980524970943529
4146.2			0.9345738299886663
4147.1			1.0004651982828348
4148.0			1.0
4148.9			1.0
4149.8			1.0
4150.7			1.0
4151.6			1.0
4152.5			1.0
4153.4			1.0
4154.3			1.0
4155.2			1.0
4156.1			1.0
4157.0			1.0
4157.9			1.0
4158.8			1.0
4159.7			1.0
4160.6			1.0
4161.5			1.0
4162.4			1.0
4163.3			1.0
4164.2			1.0
4165.1			1.0
4166.0			1.0
4166.9			0.9809702138508654
4167.8			0.9638977873201923
4168.7			0.9581443413819257
4169.6			0.9692919170895286
4170.5			0.9483935872065028
4171.4			0.8593718029080804
4172.3			0.7661103070199394
4173.2			0.7432863038353779
4174.1			0.7691059256151853
4175.0			0.800817987998687
4175.9			0.8334549862422725
4176.8			0.85840466767531
4177.7			0.8830906008492264
4178.6			0.9384950426121498
4179.5			0.9946735784233004
4180.4			1.0
4181.3			0.9343629363101833
4182.2			0.875670691026576
4183.1			0.8707368969064851
4184.0			0.8944906985315417
4184.9			0.9020545271548638
4185.8			0.8654299549272289
4186.7			0.7935038781875614
4187.6			0.7552295066047232
4188.5			0.8006540913586359
4189.4			0.8626763047629724
4190.3			0.8578424930094675
4191.2			0.8370887493507826
4192.1			0.8899899414597849
4193.0			0.9765171772405353
4193.9			1.0003862412820737
4194.8			1.0
4195.7			0.9463627736851685
4196.6			0.8892945058920232
4197.5			0.8163570515248839
4198.4			0.7556709287978288
4199.3			0.7375302207448875
4200.2			0.7331297543186538
4201.1			0.7124833550823584
4202.0			0.7114704719501528
4202.9			0.7666836267405329
4203.8			0.847054516066352
4204.7			0.9123455973671396
4205.6			0.9530712280372359
4206.5			0.9710309959419297
4207.4			0.987888947226962
4208.3			1.0002693104451899
4209.2			1.0
4210.1			1.0
4211.0			1.0
4211.9			1.037689335137803
4212.8			1.0293390934311655
4213.7			0.9771597651384988
4214.6			0.8956270792483667
4215.5			0.8073645758544996
4216.4			0.7684986483833818
4217.3			0.7844694740766982
4218.2			0.7936876058156681
4219.1			0.7706878612144507
4220.0			0.7306179353894348
4220.9			0.668654295616492
4221.8			0.5931665812853937
4222.7			0.52425996194414
4223.6			0.45594989206001696
4224.5			0.37589431681751573
4225.4			0.28900439769685576
4226.3			0.22262602599625175
4227.2			0.2139802069556543
4228.1			0.26994849304308033
4229.0			0.3563247278641677
4229.9			0.4393972237990046
4230.8			0.5130756549486525
4231.7			0.5744723151526631
4232.6			0.6142534879511437
4233.5			0.6463697733433695
4234.4			0.6859299855840713
4235.3			0.7245847527300437
4236.2			0.773881159041737
4237.1			0.8474365823900063
4238.0			0.9085927320090196
4238.9			0.9155102426611474
4239.8			0.8929938085971904
4240.7			0.8970828869944202
4241.6			0.9398489028312379
4242.5			1.0003392094517867
4243.4			1.0
4244.3			1.0
4245.2			1.0
4246.1			1.0
4247.0			1.0
4247.9			0.9959165324680885
4248.8			0.9760786194450843
4249.7			0.8878583801712989
4250.6			0.788981452813026
4251.5			0.7672025510658378
4252.4			0.766822760753738
4253.3			0.6903985960253237
4254.2			0.6097262519981378
4255.1			0.6667490834381135
4256.0			0.8466955350698503
4256.9			1.0086605051029012
4257.8			1.077346660949758
4258.7			1.070280114100917
4259.6			1.0239420483581674
4260.5			1.007639650385512
4261.4			1.0
4262.3			1.0
4263.2			1.0
4264.1			1.0
4265.0			1.0
4265.9			1.0
4266.8			1.0
4267.7			1.0
4268.6			0.9583558829524832
4269.5			0.8884953398677216
4270.4			0.7757674215898126
4271.3			0.6534745944490051
4272.2			0.5927568372292094
4273.1			0.5849566516543584
4274.0			0.557303716365128
4274.9			0.5333240537912699
4275.8			0.598601674152665
4276.7			0.7523793306747343
4277.6			0.9267211038360041
4278.5			1.0573796224116165
4279.4			1.0995173652569554
4280.3			1.0656568217327456
4281.2			1.0009970900755114
4282.1			1.0
4283.0			1.0
4283.9			1.0
4284.8			1.0
4285.7			1.0
4286.6			0.9288957280892823
4287.5			0.8189290156945414
4288.4			0.6829807977284893
4289.3			0.5551015677435374
4290.2			0.5252030320399013
4291.1			0.635971656372725
4292.0			0.8205751172073655
4292.9			0.9596406021056757
4293.8			0.9971005438134437
4294.7			1.0
4295.6			1.0
4296.5			1.0
4297.4			1.0
4298.3			1.0
4299.2			1.0
4300.1			1.0
4301.0			1.0
4301.9			1.0
4302.8			1.0
4303.7			1.0
4304.6			1.0
4305.5			0.9116025571015042
4306.4			0.7636948079552471
4307.3			0.6502759892106719
4308.2			0.6195087214367841
4309.1			0.6998975680748252
4310.0			0.8563454551039381
4310.9			1.007523023481579
4311.8			1.0
4312.7			1.0
4313.6			1.0
4314.5			1.0
4315.4			1.0
4316.3			1.0
4317.2			1.0
4318.1			1.0
4319.0			1.0
4319.9			1.0
4320.8			1.0
4321.7			1.0
4322.6			1.0
4323.5			0.9135357988483108
4324.4			0.7588292778121093
4325.3			0.6080808304140373
4326.2			0.5890551105497148
4327.1			0.7245066994750453
4328.0			0.9013282926983982
4328.9			1.0012505346209144
4329.8			1.0
4330.7			1.0
4331.6			1.0
4332.5			1.0
4333.4			1.0
4334.3			1.0450791404426394
4335.2			1.0481265617296667
4336.1			0.9722874218526402
4337.0			0.8424530809477997
4337.9			0.7588026402206001
4338.8			0.7594092943466975
4339.7			0.7949273419960002
4340.6			0.8634119673392542
4341.5			0.9686815221912636
4342.4			1.0335737345345384
4343.3			1.003164482969031
4344.2			1.0
4345.1			1.0
4346.0			1.0
4346.9			1.0
4347.8			1.0
4348.7			1.0415010645752036
4349.6			1.0262579805969443
4350.5			0.9165330038826135
4351.4			0.7651243386954395
4352.3			0.6946498708660231
4353.2			0.7485573511089527
4354.1			0.8505402644412731
4355.0			0.9298291528344561
4355.9			1.0005044297935501
4356.8			1.0
4357.7			1.0
4358.6			1.0
4359.5			1.0
4360.4			1.0
4361.3			1.0
4362.2			1.0
4363.1			1.0
4364.0			1.0
4364.9			1.0
4365.8			1.0
4366.7			1.0
4367.6			1.0
4368.5			1.0
4369.4			1.0
4370.3			1.0
4371.2			1.0
4372.1			1.0
4373.0			1.0
4373.9			1.0
4374.8			1.0
4375.7			1.0
4376.6			1.0
4377.5			1.0
4378.4			1.0
4379.3			1.0
4380.2			0.9535557218741155
4381.1			0.9208240336658396
4382.0			0.8052732662939134
4382.9			0.6265373884720615
4383.8			0.5223987178023985
4384.7			0.5961746923134784
4385.6			0.7933270621762575
4386.5			0.9598633963769724
4387.4			1.0073641793163004
4388.3			1.0
4389.2			1.0
4390.1			1.0
4391.0			1.0
4391.9			1.0
4392.8			1.0
4393.7			1.0
4394.6			1.0
4395.5			1.0
4396.4			1.0
4397.3			1.0
4398.2			1.0
4399.1			0.956857024111991
4400.0			0.8899114858461034
4400.9			0.8461917414947165
4401.8			0.8383270772096555
4402.7			0.7942512978908853
4403.6			0.6643281953743311
4404.5			0.5416754541557924
4405.4			0.5459870055442629
4406.3			0.633866411256073
4407.2			0.689961819967278
4408.1			0.7352009611912897
4409.0			0.8531991631621625
4409.9			1.0008275337275194
4410.8			1.0
4411.7			1.0
4412.6			0.9576348945064376
4413.5			0.8802857232103832
4414.4			0.7540641258175255
4415.3			0.6801509439165913
4416.2			0.7431943166717104
4417.1			0.8838629175626567
4418.0			0.9999900411374967
4418.9			1.0
4419.8			1.0
4420.7			1.0
4421.6			1.0
4422.5			0.9328343863880673
4423.4			0.9111671122578686
4424.3			0.874562031758941
4425.2			0.7834290586705558
4426.1			0.716168536984622
4427.0			0.7474417857485429
4427.9			0.8673666987811605
4428.8			0.9755957664788922
4429.7			1.000110879186501
4430.6			1.0
4431.5			1.0
4432.4			1.0104260922863877
4433.3			0.8841017572486147
4434.2			0.6874487569660378
4435.1			0.572064703044774
4436.0			0.6365591640723904
4436.9			0.8198215496063314
4437.8			0.9989678259843843
4438.7			1.0
4439.6			1.0
4440.5			1.0
4441.4			1.0
4442.3			1.0
4443.2			1.0
4444.1			1.0
4445.0			1.0
4445.9			1.0390049021489125
4446.8			1.0102259968005922
4447.7			0.9733017656922912
4448.6			0.9699163938558619
4449.5			0.9703430738212704
4450.4			0.9544270950379603
4451.3			0.931269121503232
4452.2			0.8800591461536265
4453.1			0.7588479739159134
4454.0			0.5960780554119184
4454.9			0.49077617975461973
4455.8			0.5086556568226914
4456.7			0.6062986486037661
4457.6			0.6938094006592108
4458.5			0.7326769592224014
4459.4			0.7384671000623234
4460.3			0.7259186736227369
4461.2			0.714184353967249
4462.1			0.7648417982493138
4463.0			0.8947920100089846
4463.9			1.0008492456490787
4464.8			1.0
4465.7			1.0
4466.6			1.0
4467.5			1.0
4468.4			1.0
4469.3			1.0
4470.2			1.0
4471.1			1.0
4472.0			1.0
4472.9			1.0
4473.8			1.0
4474.7			1.0
4475.6			1.0
4476.5			1.0
4477.4			1.0
4478.3			1.0
4479.2			0.9502626352150116
4480.1			0.8635356895111073
4481.0			0.7786563545220136
4481.9			0.7439532155867217
4482.8			0.8025748311920372
4483.7			0.9163118460336739
4484.6			0.9977817799297493
4485.5			1.0
4486.4			1.0
4487.3			1.0
4488.2			1.0
4489.1			1.0
4490.0			1.0
4490.9			1.0
4491.8			1.0604436205516863
4492.7			1.0545389441663944
4493.6			0.9756712521589567
4494.5			0.8762570844226424
4495.4			0.8149658100409525
4496.3			0.8082777630468734
4497.2			0.8543684220292698
4498.1			0.9355584356960727
4499.0			1.0035635983615483
4499.9			1.0
4500.8			1.0
4501.7			1.0
4502.6			1.0
4503.5			1.0
4504.4			1.0
4505.3			1.0
4506.2			1.0
4507.1			1.0
4508.0			1.0
4508.9			1.0
4509.8			1.0
4510.7			1.0
4511.6			1.0
4512.5			1.0
4513.4			1.0
4514.3			1.0
4515.2			1.0312465175752907
4516.1			1.016920559884856
4517.0			0.9488580235655293
4517.9			0.8807637729216319
4518.8			0.887125648969955
4519.7			0.953803793361804
4520.6			0.9928932548142665
4521.5			1.0
4522.4			1.0
4523.3			1.0
4524.2			1.0
4525.1			0.9715721532816809
4526.0			0.8729254121458283
4526.9			0.7720928903985829
4527.8			0.7397199328767108
4528.7			0.773831888035507
4529.6			0.8274852889659734
4530.5			0.8618494097667546
4531.4			0.86983616139001
4532.3			0.8426452691482971
4533.2			0.7638117447056954
4534.1			0.6620451346706262
4535.0			0.6131866779759095
4535.9			0.7060072618194221
4536.8			0.9227801740531086
4537.7			1.1113189301932316
4538.6			1.1742143748368339
4539.5			1.0
4540.4			0.9476010495648352
4541.3			0.9401111231720312
4542.2			0.9832271092830206
4543.1			0.9996391604082356
4544.0			0.9419154444203552
4544.9			0.860961836601619
4545.8			0.8396884582905395
4546.7			0.8709509320879751
4547.6			0.8810111692274117
4548.5			0.8722410403778106
4549.4			0.9067041840974396
4550.3			0.9771098967680147
4551.2			1.0
4552.1			0.9442615903073588
4553.0			0.8827676979165321
4553.9			0.841031353500218
4554.8			0.813091260711543
4555.7			0.8368392392973127
4556.6			0.9244825969143963
4557.5			1.0065634543432052
4558.4			1.0
4559.3			1.0
4560.2			1.0
4561.1			1.0
4562.0			1.0
4562.9			1.0
4563.8			1.0
4564.7			1.0
4565.6			1.0
4566.5			1.0
4567.4			1.0
4568.3			1.0
4569.2			0.9713415259609917
4570.1			0.9028920326522558
4571.0			0.8467084490356775
4571.9			0.8805040805467728
4572.8			0.9888245053339613
4573.7			1.0
4574.6			1.0
4575.5			0.9971971808173
4576.4			1.0001776651310756
4577.3			0.9712620947246343
4578.2			0.9124736328184241
4579.1			0.8577864670440343
4580.0			0.8266477775018045
4580.9			0.8474605688821112
4581.8			0.9465743482943018
4582.7			1.0652803721884565
4583.6			1.0956066483801918
4584.5			1.0103813103433195
4585.4			1.0
4586.3			1.0
4587.2			1.0
4588.1			1.0
4589.0			1.0
4589.9			1.0
4590.8			1.0
4591.7			1.0
4592.6			1.0
4593.5			0.9980286571114857
4594.4			1.0105016926644137
4595.3			1.0375095518125057
4596.2			1.0584420585411525
4597.1			1.0546024553431537
4598.0			1.031324019439815
4598.9			0.9936902506041884
4599.8			0.9338825245548551
4600.7			0.8785385813093847
4601.6			0.8660390653496903
4602.5			0.8814501264972489
4603.4			0.9050059421825128
4604.3			0.9235541917958379
4605.2			0.9112786155133262
4606.1			0.8655458433919454
4607.0			0.8430705382953824
4607.9			0.8964309254614047
4608.8			0.9809506345731485
4609.7			1.0075534728746884
4610.6			1.0
4611.5			1.0
4612.4			1.0
4613.3			1.0
4614.2			1.0
4615.1			1.0
4616.0			1.0
4616.9			1.0
4617.8			1.0
4618.7			1.0
4619.6			1.0
4620.5			1.0
4621.4			1.0
4622.3			0.9738933588357815
4623.2			0.9564342989529895
4624.1			0.9458224933999929
4625.0			0.9170361647843924
4625.9			0.8989545234158655
4626.8			0.9341148312962779
4627.7			0.9900904159177898
4628.6			1.0069088703373874
4629.5			1.0051062846683148
4630.4			1.0
4631.3			1.0
4632.2			1.0
4633.1			1.0
4634.0			1.0
4634.9			1.0
4635.8			1.0
4636.7			1.0
4637.6			1.0
4638.5			1.0
4639.4			1.0
4640.3			1.0
4641.2			1.0
4642.1			1.074575806772951
4643.0			1.0835050649636668
4643.9			1.0482626081369284
4644.8			0.9672197768593721
4645.7			0.8663281173780537
4646.6			0.8441976116634812
4647.5			0.9193851917023113
4648.4			1.0067414136113435
4649.3			1.0505620499836412
4650.2			1.0434923556984883
4651.1			1.0051881888484897
4652.0			1.0
4652.9			1.0
4653.8			1.0
4654.7			1.0
4655.6			1.0
4656.5			1.0
4657.4			1.0
4658.3			1.0
4659.2			1.0
4660.1			1.0
4661.0			1.0
4661.9			1.0
4662.8			1.0
4663.7			1.0
4664.6			0.9827997354963355
4665.5			0.950450355469279
4666.4			0.8606929752116106
4667.3			0.7625871956013948
4668.2			0.7554329784414283
4669.1			0.8481806751087666
4670.0			0.9535183483136254
4670.9			1.0019085571944504
4671.8			0.9983677439293476
4672.7			1.0
4673.6			1.0
4674.5			1.0
4675.4			1.0
4676.3			1.0
4677.2			1.0
4678.1			0.9784746577581993
4679.0			0.953141871599601
4679.9			0.9238688695531354
4680.8			0.8721307634763629
4681.7			0.8432521354173287
4682.6			0.8927234251781642
4683.5			0.9707899636219703
4684.4			1.0023285690453085
4685.3			1.0041233044685738
4686.2			1.0
4687.1			1.0
4688.0			1.0
4688.9			1.0
4689.8			1.0
4690.7			1.0
4691.6			1.0
4692.5			1.0
4693.4			1.0
4694.3			1.0
4695.2			1.0243584997059663
4696.1			1.0366751054167462
4697.0			1.0085614485685819
4697.9			0.9479824857682408
4698.8			0.9106631335953849
4699.7			0.9240705826628763
4700.6			0.9435420530605969
4701.5			0.9233573182149558
4702.4			0.8819722896520688
4703.3			0.8791215535130373
4704.2			0.9192265537188128
4705.1			0.9391506755548908
4706.0			0.9091147831440173
4706.9			0.8679448609372029
4707.8			0.8589665261843327
4708.7			0.8669566583520246
4709.6			0.8790895959684616
4710.5			0.9242431471099211
4711.4			0.9935426581521684
4712.3			1.0201357037650622
4713.2			0.9833651075415798
4714.1			0.9298762255327743
4715.0			0.9097264418259721
4715.9			0.9286887269903455
4716.8			0.9468232931121306
4717.7			0.948214646817113
4718.6			0.9618210852007503
4719.5			0.9901072000757958
4720.4			0.9991660084667087
4721.3			1.0
4722.2			1.0
4723.1			1.0
4724.0			1.0
4724.9			1.0
4725.8			1.0034431430527164
4726.7			0.9410696999997534
4727.6			0.8788290536968589
4728.5			0.8724191150120908
4729.4			0.9050934818915923
4730.3			0.9444120355056038
4731.2			0.9872639544263015
4732.1			1.0
4733.0			1.0
4733.9			1.0
4734.8			1.0
4735.7			1.0
4736.6			1.0
4737.5			1.0
4738.4			1.0
4739.3			1.0
4740.2			1.0
4741.1			1.0
4742.0			1.0
4742.9			1.0
4743.8			1.0
4744.7			1.0
4745.6			1.0095661523632977
4746.5			1.017478839099589
4747.4			1.014131278936438
4748.3			1.0171068226243691
4749.2			1.0272345392650954
4750.1			1.023306378033539
4751.0			1.0033938675899252
4751.9			0.9716343737021813
4752.8			0.9268970660099017
4753.7			0.903537603005529
4754.6			0.9342156718991531
4755.5			0.9667498255781218
4756.4			0.951482814073303
4757.3			0.9208067964439941
4758.2			0.9021677291303465
4759.1			0.90199989466008
4760.0			0.9149197982139629
4760.9			0.9032131441857502
4761.8			0.8628419398263486
4762.7			0.8388198406738774
4763.6			0.8437781082948347
4764.5			0.8421950166621959
4765.4			0.81454251605092
4766.3			0.7914296325120774
4767.2			0.7984799047947106
4768.1			0.8166178403797337
4769.0			0.8237497053903038
4769.9			0.8172874068131849
4770.8			0.8049736421020143
4771.7			0.7939547352669818
4772.6			0.7925722478794495
4773.5			0.8033943268994134
4774.4			0.8141255966362392
4775.3			0.8064877833106918
4776.2			0.7888957855594864
4777.1			0.7764760000408485
4778.0			0.7652467216263031
4778.9			0.7553202450324061
4779.8			0.7493963826028766
4780.7			0.7476253186693832
4781.6			0.7440315025779037
4782.5			0.7336113019087469
4783.4			0.7327619710359495
4784.3			0.7669151573268935
4785.2			0.8145899482970671
4786.1			0.836263802610369
4787.0			0.8377815365240157
4787.9			0.8357823872636078
4788.8			0.840808259292591
4789.7			0.8625130844601947
4790.6			0.8911666703213534
4791.5			0.9076786643248084
4792.4			0.9195139743225068
4793.3			0.940781923547013
4794.2			0.9667488070617192
4795.1			0.9853973186739562
4796.0			0.9954028498905801
4796.9			1.0013353132591822
4797.8			0.9921877941521263
4798.7			0.9650301404950951
4799.6			0.9442905846952853
4800.5			0.9552808149629101
4801.4			0.9960993352548032
4802.3			1.0416690428277933
4803.2			1.063946758389004
4804.1			1.0493877405813588
4805.0			1.0164094916708928
4805.9			0.992188076514476
4806.8			0.9759258483998898
4807.7			0.9670236507663117
4808.6			0.9787171620922976
4809.5			0.9978983400048393
4810.4			0.9997721659212291
4811.3			0.9904541685085047
4812.2			0.9895081936981145
4813.1			0.9992534699468059
4814.0			1.006458373439421
4814.9			1.0095628354119037
4815.8			1.0219251549822592
4816.7			1.039890613751928
4817.6			1.0483365813704875
4818.5			1.0
4819.4			0.9946697884261749
4820.3			0.989328411093438
4821.2			0.9798046783170197
4822.1			0.9429698640510474
4823.0			0.8917875114060209
4823.9			0.8851916583078989
4824.8			0.9376053493554026
4825.7			0.9970046753906973
4826.6			1.0151923509911993
4827.5			1.0036396309715516
4828.4			1.0000504634654757
4829.3			1.0
4830.2			1.0
4831.1			1.0
4832.0			1.0
4832.9			1.0
4833.8			1.0
4834.7			1.0
4835.6			1.0
4836.5			1.0
4837.4			1.0
4838.3			1.0
4839.2			1.0
4840.1			1.0
4841.0			1.0
4841.9			1.0
4842.8			1.0
4843.7			1.0
4844.6			1.0
4845.5			1.0
4846.4			1.0
4847.3			1.0
4848.2			1.0
4849.1			1.0
4850.0			1.0
4850.9			1.0
4851.8			1.0
4852.7			1.0
4853.6			1.0
4854.5			1.0
4855.4			1.0
4856.3			1.0
4857.2			1.0
4858.1			1.0058032397656098
4859.0			0.9631249822483288
4859.9			0.9118446438062433
4860.8			0.8861055990960027
4861.7			0.9012848626400823
4862.6			0.9491333971576479
4863.5			0.9949589359435066
4864.4			1.0
4865.3			1.0
4866.2			1.0
4867.1			1.0
4868.0			1.0
4868.9			1.0054490435207823
4869.8			0.9559614385608689
4870.7			0.853049977743972
4871.6			0.8062682279035679
4872.5			0.8751855426956007
4873.4			0.9719466794525543
4874.3			1.000000516269176
4875.2			1.0
4876.1			1.0
4877.0			1.0
4877.9			1.0
4878.8			1.0
4879.7			1.0
4880.6			1.0
4881.5			1.0
4882.4			1.0
4883.3			1.0
4884.2			1.0
4885.1			1.0
4886.0			1.0
4886.9			1.0
4887.8			1.0
4888.7			0.9788022729427888
4889.6			0.9056600325687758
4890.5			0.8115154983443633
4891.4			0.7935379010635508
4892.3			0.8698471224978849
4893.2			0.9558809021035172
4894.1			0.9983491446231474
4895.0			1.0
4895.9			1.0
4896.8			1.0
4897.7			0.9772207045004445
4898.6			0.9427614630916222
4899.5			0.9174849429316815
4900.4			0.9239186053337538
4901.3			0.9348196255112983
4902.2			0.913238192723193
4903.1			0.8893643470068872
4904.0			0.9079210717425131
4904.9			0.9653323350258328
4905.8			1.01920645378405
4906.7			1.0381177265875714
4907.6			1.0257216471310129
4908.5			0.9983235455051973
4909.4			1.0
4910.3			1.0
4911.2			1.0
4912.1			1.0
4913.0			1.0
4913.9			1.0
4914.8			1.0
4915.7			1.0
4916.6			1.002014355566344
4917.5			0.9510108588646794
4918.4			0.8441225469470552
4919.3			0.7395381457327493
4920.2			0.7138796512434443
4921.1			0.7958754289732309
4922.0			0.9280782978093387
4922.9			1.0111354843934477
4923.8			1.001967346331456
4924.7			1.0
4925.6			1.0
4926.5			1.0
4927.4			1.0
4928.3			1.0
4929.2			1.0
4930.1			1.0
4931.0			1.0
4931.9			1.0
4932.8			1.0
4933.7			1.0
4934.6			1.0345302113468378
4935.5			1.069298193567296
4936.4			1.0474542609820594
4937.3			0.9702384732769371
4938.2			0.8886593713154665
4939.1			0.8703509533630566
4940.0			0.9203464891158718
4940.9			0.9638049529379481
4941.8			0.9709798814116007
4942.7			0.9858885656421678
4943.6			1.006859016875621
4944.5			1.0
4945.4			1.0
4946.3			1.0
4947.2			1.0
4948.1			1.0
4949.0			1.0
4949.9			1.0
4950.8			1.0
4951.7			1.0
4952.6			1.0
4953.5			0.9579859939749711
4954.4			0.8970407178476885
4955.3			0.8374078635819545
4956.2			0.756412454506961
4957.1			0.6788313676815452
4958.0			0.7076527996071115
4958.9			0.8441739962653629
4959.8			0.9691489538020456
4960.7			1.0157109985319848
4961.6			1.0
4962.5			1.0
4963.4			1.0
4964.3			1.0
4965.2			1.0
4966.1			1.0
4967.0			1.0
4967.9			1.0
4968.8			1.0
4969.7			1.0
4970.6			1.0
4971.5			1.0
4972.4			1.0
4973.3			1.0
4974.2			1.0
4975.1			1.0
4976.0			1.0
4976.9			1.0
4977.8			1.0
4978.7			1.0
4979.6			1.0017434615568954
4980.5			0.9413151186582663
4981.4			0.8109118257540082
4982.3			0.7486220181042089
4983.2			0.8245068504714121
4984.1			0.9407204733998727
4985.0			0.9997087282314268
4985.9			1.0
4986.8			1.0
4987.7			1.0
4988.6			1.0
4989.5			1.0
4990.4			1.0
4991.3			1.0
4992.2			1.0
4993.1			1.0
4994.0			1.0
4994.9			1.0
4995.8			1.0
4996.7			1.0
4997.6			0.9915555992175151
4998.5			0.9261897482860342
4999.4			0.8322354541023648
5000.3			0.8086291818382408
5001.2			0.8696421822360518
5002.1			0.9438816168625005
5003.0			1.0062210829177927
5003.9			1.0
5004.8			1.0
5005.7			1.0
5006.6			1.0
5007.5			1.0
5008.4			1.0
5009.3			1.0
5010.2			1.0505612154971293
5011.1			1.0292238882256706
5012.0			0.9433832174060156
5012.9			0.8507829646799097
5013.8			0.7886691718965371
5014.7			0.7893954880787197
5015.6			0.8579777207617086
5016.5			0.9424192736798925
5017.4			1.0013067641153561
5018.3			1.0
5019.2			1.0
5020.1			0.9834636394728694
5021.0			0.9249905256672674
5021.9			0.8547674528105711
5022.8			0.8578117080596415
5023.7			0.9400813026323791
5024.6			0.9987037046956257
5025.5			1.0035548231797422
5026.4			1.0
5027.3			1.0
5028.2			1.0
5029.1			1.0
5030.0			1.0
5030.9			1.0
5031.8			1.0
5032.7			1.0
5033.6			1.0
5034.5			1.0
5035.4			1.0
5036.3			0.9664798048083317
5037.2			1.015778278718735
5038.1			1.0126612387895404
5039.0			0.905384380571687
5039.9			0.7856472505742009
5040.8			0.7483500386931168
5041.7			0.8022519895577903
5042.6			0.8710856877428772
5043.5			0.9087770444422073
5044.4			0.9456774412359011
5045.3			0.9867498135639705
5046.2			1.0
5047.1			1.010519851748552
5048.0			0.9724106646657227
5048.9			0.8857284494093594
5049.8			0.8241524603452319
5050.7			0.8612296212843054
5051.6			0.952787577208993
5052.5			1.0096065796691178
5053.4			1.0
5054.3			1.0
5055.2			1.0
5056.1			1.0
5057.0			1.0
5057.9			1.0
5058.8			1.0
5059.7			1.0
5060.6			1.0
5061.5			1.0
5062.4			0.9724366565937327
5063.3			0.9158042736100936
5064.2			0.8546408895675772
5065.1			0.8597464318476421
5066.0			0.9395428446160659
5066.9			0.9908775194849752
5067.8			0.9842218103608228
5068.7			1.0
5069.6			1.0
5070.5			1.0
5071.4			1.0
5072.3			1.0
5073.2			1.067731123157308
5074.1			1.137939597315837
5075.0			1.1080344454924205
5075.9			1.017388260797748
5076.8			0.9968163229100389
5077.7			1.0475854529303212
5078.6			1.0455915813820411
5079.5			0.9847992259584473
5080.4			0.9476217199906956
5081.3			0.9211258097812863
5082.2			0.8894344160663256
5083.1			0.9042757505284336
5084.0			0.9631505103846719
5084.9			1.0151550242300866
5085.8			1.0
5086.7			1.0068668354190897
5087.6			0.9780102728598692
5088.5			0.9467741408139413
5089.4			0.935286387537267
5090.3			0.9364886338041121
5091.2			0.9663328409236744
5092.1			1.0411861501650732
5093.0			1.0979760627609911
5093.9			1.0446450269187135
5094.8			0.9214011426265762
5095.7			0.8777816687963585
5096.6			0.9588509481186384
5097.5			1.0242268770603136
5098.4			0.9650132812852453
5099.3			0.8695668652195302
5100.2			0.8283500761650909
5101.1			0.8256775871382874
5102.0			0.8390814291314219
5102.9			0.8543315857986865
5103.8			0.8511140733550678
5104.7			0.8381429923017872
5105.6			0.8300175825588368
5106.5			0.8249371396036014
5107.4			0.8382061237304894
5108.3			0.8700304879797449
5109.2			0.8816224291988397
5110.1			0.8639272677865079
5111.0			0.8515209211991938
5111.9			0.8516248617874921
5112.8			0.8641506139822777
5113.7			0.9190445802433062
5114.6			0.9904160847576221
5115.5			0.9996043275151659
5116.4			1.0
5117.3			1.0
5118.2			1.0
5119.1			1.0
5120.0			1.0
5120.9			1.0
5121.8			1.017119678438683
5122.7			0.9921632067496318
5123.6			0.9224862198929492
5124.5			0.8875008962160686
5125.4			0.9044793684414394
5126.3			0.9199897301505539
5127.2			0.9202990596866681
5128.1			0.9123392446613459
5129.0			0.8847407708893416
5129.9			0.8732639424768394
5130.8			0.9487173929298518
5131.7			1.0556184048695094
5132.6			1.0767440598424558
5133.5			1.0298711178510724
5134.4			1.017217493489365
5135.3			1.0501102319200852
5136.2			1.0697528184131484
5137.1			1.0543338504205921
5138.0			0.9991476346886515
5138.9			1.0
5139.8			1.0
5140.7			1.0
5141.6			1.0
5142.5			1.0
5143.4			1.0
5144.3			1.0
5145.2			1.0
5146.1			1.0
5147.0			1.010045989120013
5147.9			1.054537213905468
5148.8			1.0533494061771935
5149.7			0.996336942047197
5150.6			1.0
5151.5			0.9513420282494306
5152.4			0.8865694689491552
5153.3			0.8385748175498506
5154.2			0.8726433762714942
5155.1			0.9829652196549205
5156.0			1.0945324022110838
5156.9			1.1808467974502783
5157.8			1.2381582770437407
5158.7			1.2363146787980215
5159.6			1.2233931991295977
5160.5			1.2481075178397256
5161.4			1.238019000310792
5162.3			1.1755953452768062
5163.2			1.1554546982627814
5164.1			1.156992761322003
5165.0			1.0500340396113719
5165.9			0.8520294742101011
5166.8			0.6964410915570423
5167.7			0.6593155265913981
5168.6			0.7220027450862972
5169.5			0.7922045408684785
5170.4			0.783314917260601
5171.3			0.6949855290392155
5172.2			0.6072582299597016
5173.1			0.6035262760302995
5174.0			0.6928655963020895
5174.9			0.8043544626465602
5175.8			0.8740409994875007
5176.7			0.8892871060255294
5177.6			0.8701930549179933
5178.5			1.0
5179.4			0.9481523231097871
5180.3			0.8766122989876074
5181.2			0.7825283450719324
5182.1			0.6900824767475396
5183.0			0.6305850530011855
5183.9			0.6518254227461046
5184.8			0.7700437939261098
5185.7			0.9122209899823404
5186.6			0.9909239176864924
5187.5			1.0264680814862264
5188.4			1.0241825240371953
5189.3			1.0
5190.2			1.0043356693793155
5191.1			0.9351875492837649
5192.0			0.8426778129395838
5192.9			0.8246491896367166
5193.8			0.8819814592282316
5194.7			0.943800628482898
5195.6			0.9970730177197688
5196.5			1.0
5197.4			1.0
5198.3			1.0
5199.2			1.0
5200.1			1.0
5201.0			0.9554417593875523
5201.9			0.8986153272763726
5202.8			0.820542554444346
5203.7			0.7104176197457659
5204.6			0.5956312603521665
5205.5			0.5362645800200996
5206.4			0.5353654310118127
5207.3			0.5337666144199171
5208.2			0.5131556384004876
5209.1			0.5204494322374758
5210.0			0.603432680610542
5210.9			0.7694571271435613
5211.8			0.9559487672080557
5212.7			1.0717723205622514
5213.6			1.093525584098812
5214.5			1.0549895615249292
5215.4			1.0008977270815367
5216.3			1.0
5217.2			1.0
5218.1			1.0
5219.0			1.0
5219.9			1.0
5220.8			1.0
5221.7			0.995756884325662
5222.6			0.9419230389737823
5223.5			0.860957898674849
5224.4			0.7930061798627402
5225.3			0.7549522175459881
5226.2			0.728424239330887
5227.1			0.7368931429021557
5228.0			0.8202926076038989
5228.9			0.9272189136435041
5229.8			0.987892434761265
5230.7			0.9962857594351726
5231.6			1.0
5232.5			1.0
5233.4			1.0
5234.3			1.0
5235.2			1.0
5236.1			1.0
5237.0			1.0
5237.9			1.0
5238.8			1.0
5239.7			0.9822099986779733
5240.6			0.9677026594142087
5241.5			0.9699184772764601
5242.4			0.987214673541032
5243.3			1.015956992062854
5244.2			1.043838029243795
5245.1			1.0276025211971884
5246.0			0.9450814476722554
5246.9			0.8686491914612142
5247.8			0.8845157223827823
5248.7			0.9469019288819914
5249.6			0.9554498700345775
5250.5			0.92501091194267
5251.4			0.9329658462179525
5252.3			0.9775349377005861
5253.2			1.008841416702339
5254.1			1.0054703894070791
5255.0			1.0
5255.9			1.0
5256.8			1.0
5257.7			1.0
5258.6			1.0
5259.5			0.973835731088415
5260.4			0.9056373196620651
5261.3			0.8178108315123975
5262.2			0.7463236387512237
5263.1			0.7011395209479142
5264.0			0.6646232103073083
5264.9			0.6322307104321728
5265.8			0.6356735564335277
5266.7			0.6891337903732624
5267.6			0.7127338756617516
5268.5			0.6324619582524048
5269.4			0.5293977000409312
5270.3			0.546700804548406
5271.2			0.6755492724106713
5272.1			0.7951240020426152
5273.0			0.857633997854219
5273.9			0.8851942272919872
5274.8			0.8858224944533876
5275.7			0.8866302558239492
5276.6			0.9319459447685081
5277.5			0.9958300521677151
5278.4			1.0
5279.3			0.9730572103629175
5280.2			0.9217730943231641
5281.1			0.8619745669079858
5282.0			0.8043175726419746
5282.9			0.7786215209881662
5283.8			0.8127800307624334
5284.7			0.8922575315529608
5285.6			0.96506057069159
5286.5			0.9962922509092113
5287.4			1.0
5288.3			1.0
5289.2			1.0
5290.1			1.0
5291.0			1.0
5291.9			1.0
5292.8			1.0208400810869092
5293.7			1.0425166195312079
5294.6			1.034191074038123
5295.5			0.9590688019595265
5296.4			0.8343378938084705
5297.3			0.7431026961276361
5298.2			0.7607204103421721
5299.1			0.8586064535525951
5300.0			0.9435571437710685
5300.9			0.979832460961583
5301.8			1.009803602650427
5302.7			1.0
5303.6			1.0
5304.5			1.0
5305.4			1.0
5306.3			1.0
5307.2			1.0
5308.1			1.0
5309.0			1.0
5309.9			1.0
5310.8			1.0
5311.7			1.0
5312.6			1.0
5313.5			1.0
5314.4			1.0
5315.3			1.0
5316.2			1.0
5317.1			1.0
5318.0			1.0
5318.9			1.0
5319.8			1.0
5320.7			1.0
5321.6			1.0
5322.5			1.0
5323.4			1.0
5324.3			0.9628355717758791
5325.2			0.9880578449999998
5326.1			0.9562934839492881
5327.0			0.8081842792289169
5327.9			0.6657347741099318
5328.8			0.6709919762310076
5329.7			0.8045499380685859
5330.6			0.937518550057488
5331.5			0.9996853479283233
5332.4			1.0
5333.3			1.0
5334.2			1.0
5335.1			1.0
5336.0			1.0
5336.9			0.9831303149898161
5337.8			0.9732748604291771
5338.7			0.9455832770210886
5339.6			0.8897134708359273
5340.5			0.8536620863902814
5341.4			0.8847440911674002
5342.3			0.9533340033087827
5343.2			1.0057316060193728
5344.1			1.0058199617716574
5345.0			1.0
5345.9			1.0
5346.8			1.0
5347.7			1.0
5348.6			1.0
5349.5			1.0
5350.4			1.0
5351.3			1.0
5352.2			1.0
5353.1			1.0
5354.0			1.0
5354.9			1.0
5355.8			1.0
5356.7			1.0
5357.6			1.0
5358.5			1.0
5359.4			1.0
5360.3			1.0
5361.2			1.0
5362.1			1.0
5363.0			1.0
5363.9			1.0
5364.8			1.0
5365.7			1.0
5366.6			1.0
5367.5			1.0057199909494026
5368.4			0.9826872232391106
5369.3			0.8898643566260164
5370.2			0.7511049153628799
5371.1			0.6646865790894171
5372.0			0.7086028151187467
5372.9			0.8370782819151226
5373.8			0.9468199863371592
5374.7			0.9951224942068764
5375.6			1.0
5376.5			1.0
5377.4			1.0
5378.3			1.0
5379.2			1.0
5380.1			1.0
5381.0			0.9820010138411324
5381.9			0.941297594035965
5382.8			0.8875832826535681
5383.7			0.8720893929916828
5384.6			0.9162017378830423
5385.5			0.9739936699618991
5386.4			1.0005747836232637
5387.3			1.0
5388.2			1.0
5389.1			1.0
5390.0			1.0
5390.9			1.0
5391.8			1.0
5392.7			1.0
5393.6			1.0
5394.5			1.0
5395.4			1.0
5396.3			1.0
5397.2			1.0
5398.1			1.0944195306958302
5399.0			1.2096961790944298
5399.9			1.226547982309098
5400.8			1.1974988657939634
5401.7			1.188015649019422
5402.6			1.1596855502146655
5403.5			1.060055167764727
5404.4			0.9164875896634229
5405.3			0.8178465184918415
5406.2			0.8380919769497703
5407.1			0.9310479838034904
5408.0			0.9554739632872051
5408.9			0.8750729618505394
5409.8			0.8102777688770867
5410.7			0.8486241522319922
5411.6			0.9356767984046491
5412.5			1.0127389242231957
5413.4			1.0
5414.3			1.0
5415.2			1.0
5416.1			1.0
5417.0			1.0
5417.9			1.0
5418.8			1.0
5419.7			1.0
5420.6			1.0
5421.5			1.0
5422.4			1.0194368330511991
5423.3			0.9895738952965379
5424.2			0.9623370334366672
5425.1			0.9863336576406256
5426.0			1.0409145282980379
5426.9			1.073420397217616
5427.8			1.0127173294763891
5428.7			0.8629150213891622
5429.6			0.7676103187501776
5430.5			0.8147307235458611
5431.4			0.8981168629482311
5432.3			0.9091091097821323
5433.2			0.8611315971683701
5434.1			0.815810860151494
5435.0			0.8396411052734868
5435.9			0.9282782442512701
5436.8			0.9986294671957314
5437.7			1.0
5438.6			1.0
5439.5			1.0
5440.4			1.0
5441.3			1.0
5442.2			1.0
5443.1			1.0034640015413163
5444.0			0.973204929302152
5444.9			0.8849474279094168
5445.8			0.7683941663299577
5446.7			0.7137111167674592
5447.6			0.7745770577753792
5448.5			0.8847089673287946
5449.4			0.9599521105580004
5450.3			0.9896758555678123
5451.2			1.0
5452.1			1.0
5453.0			1.0
5453.9			0.9303088017083914
5454.8			0.8354107218277149
5455.7			0.8134665348465803
5456.6			0.8969481547228023
5457.5			1.001934794179385
5458.4			1.0
5459.3			1.0
5460.2			1.0
5461.1			1.0
5462.0			1.0
5462.9			1.0
5463.8			1.0
5464.7			1.0
5465.6			1.0
5466.5			1.0
5467.4			1.0
5468.3			1.0
5469.2			1.0
5470.1			1.0
5471.0			1.0
5471.9			1.0377634284531367
5472.8			1.0263530944004307
5473.7			0.9873162000002622
5474.6			0.968335504872861
5475.5			0.9459076731083098
5476.4			0.912551122982624
5477.3			0.9248463748425954
5478.2			0.990056487404646
5479.1			1.0497481705348493
5480.0			1.0495705036446665
5480.9			1.0007762751553437
5481.8			1.0
5482.7			1.0
5483.6			1.0
5484.5			1.0230278356887201
5485.4			1.0137535318457074
5486.3			0.9741512452522669
5487.2			0.9308018704810321
5488.1			0.9328516135032247
5489.0			0.9692742446231197
5489.9			0.9984044392219016
5490.8			1.0
5491.7			1.0
5492.6			1.0
5493.5			1.0
5494.4			1.0
5495.3			1.0
5496.2			1.0
5497.1			1.0
5498.0			1.0
5498.9			1.0
5499.8			1.0
5500.7			1.0
5501.6			1.0
5502.5			1.0
5503.4			1.0
5504.3			1.0
5505.2			1.0
5506.1			1.0
5507.0			1.025705956755328
5507.9			1.1080493892420158
5508.8			1.142115040618378
5509.7			1.0914273800228822
5510.6			0.990059856185383
5511.5			0.8898635725913401
5512.4			0.8345895927137429
5513.3			0.8314772112996237
5514.2			0.8504871116243213
5515.1			0.8783414856697873
5516.0			0.9165874953430763
5516.9			0.9616537903048696
5517.8			0.991353303005562
5518.7			1.0
5519.6			1.0
5520.5			1.0
5521.4			1.0
5522.3			1.0
5523.2			1.0
5524.1			1.0
5525.0			0.991437323861344
5525.9			0.9751955296956425
5526.8			0.9180815234158616
5527.7			0.854051494942351
5528.6			0.8696067423990123
5529.5			0.9513753033073334
5530.4			0.997485608103274
5531.3			1.0
5532.2			1.0
5533.1			1.0
5534.0			1.0
5534.9			1.0
5535.8			1.0
5536.7			1.0
5537.6			1.0
5538.5			1.0
5539.4			1.0
5540.3			1.0
5541.2			1.0
5542.1			1.0
5543.0			1.0
5543.9			1.0
5544.8			1.0
5545.7			1.0
5546.6			1.0
5547.5			1.0
5548.4			1.0
5549.3			1.0
5550.200000000001			1.0
5551.1			1.0
5552.0			1.0
5552.9			1.0
5553.8			0.9773264068373222
5554.700000000001			0.9511631117758428
5555.6			0.9297167888011565
5556.5			0.9253878182781713
5557.4			0.9447589861773107
5558.3			0.9742343340455409
5559.200000000001			0.9886219577303681
5560.1			0.9765040187640727
5561.0			0.9471933564208463
5561.9			0.9225920142674233
5562.8			0.9185889295474094
5563.700000000001			0.9263135295899342
5564.6			0.9151895593319892
5565.5			0.8810197098224785
5566.4			0.8598026315550978
5567.3			0.8725914358559542
5568.200000000001			0.8931487965943842
5569.1			0.8972544421674118
5570.0			0.9058695936748073
5570.9			0.9151716710650212
5571.8			0.8965131646176104
5572.700000000001			0.8842177488586457
5573.6			0.91500276379653
5574.5			0.940484736856951
5575.4			0.9388610477769616
5576.3			0.9630535340289184
5577.200000000001			1.0044310385398938
5578.1			1.0127701288063258
5579.0			1.0006892849786204
5579.9			1.0
5580.8			1.0
5581.700000000001			1.0
5582.6			1.0
5583.5			1.0
5584.4			1.0222064085382176
5585.3			0.9808837568893529
5586.200000000001			0.9076324030504921
5587.1			0.837935570950209
5588.0			0.7850906156368976
5588.9			0.7885962872570188
5589.8			0.8829745565760608
5590.700000000001			1.0073380773204108
5591.6			1.0754285996546737
5592.5			1.0
5593.4			0.9304114814538321
5594.3			0.902453383951105
5595.200000000001			0.9629503649276847
5596.1			1.0105685047854005
5597.0			0.9500552207315862
5597.9			0.8586767992884106
5598.8			0.8526658073164446
5599.700000000001			0.8962743299041974
5600.6			0.9045187222818531
5601.5			0.8837948256708308
5602.4			0.8856263921947497
5603.3			0.931129204829032
5604.200000000001			1.0005569462438504
5605.1			1.0
5606.0			1.0
5606.9			1.0
5607.8			1.0
5608.700000000001			1.0
5609.6			1.0
5610.5			1.0
5611.4			1.0
5612.3			1.0
5613.200000000001			0.9781445798466387
5614.1			0.8972097100667727
5615.0			0.8145536423463806
5615.9			0.8248891752251263
5616.8			0.9101468110758156
5617.700000000001			0.9743221395987072
5618.6			0.9869739146763586
5619.5			1.0
5620.4			1.0
5621.3			1.0
5622.200000000001			1.0344884236606968
5623.1			0.9975651818133702
5624.0			0.9311162064766081
5624.9			0.9225794968689758
5625.8			0.9659938304239307
5626.700000000001			0.9971435222556994
5627.6			1.000489412643135
5628.5			1.0
5629.4			1.0
5630.3			1.0
5631.200000000001			1.0
5632.1			1.0
5633.0			1.0
5633.9			1.0
5634.8			1.0
5635.700000000001			1.0
5636.6			1.0
5637.5			1.0
5638.4			1.0
5639.3			1.0
5640.200000000001			1.0
5641.1			1.0
5642.0			1.0
5642.9			1.0
5643.8			1.0
5644.700000000001			1.0
5645.6			1.0
5646.5			1.0
5647.4			1.0
5648.3			1.0
5649.200000000001			1.0
5650.1			1.0
5651.0			1.0
5651.9			1.0
5652.8			1.0
5653.700000000001			1.0
5654.6			1.0
5655.5			1.008856358209455
5656.4			1.0082217828059115
5657.3			0.9598205270088823
5658.200000000001			0.9122052026838434
5659.1			0.9422002430819795
5660.0			1.0069737093069244
5660.9			1.0031377924166955
5661.8			1.0
5662.700000000001			1.0
5663.6			1.0
5664.5			1.0
5665.4			1.0239583719232723
5666.3			1.0123041132254882
5667.200000000001			0.9772078076361848
5668.1			0.9587699286272747
5669.0			0.9610719094636798
5669.9			0.9463855757779212
5670.8			0.9258387739014277
5671.700000000001			0.9379269708870063
5672.6			0.9679657716401612
5673.5			0.9777900713745492
5674.4			0.9715864215284117
5675.3			0.9759888727762097
5676.200000000001			0.9990813440915131
5677.1			1.0
5678.0			1.0
5678.9			1.0
5679.8			1.0
5680.700000000001			1.0
5681.6			1.0
5682.5			1.0
5683.4			1.0
5684.3			1.0
5685.200000000001			1.0135955031478041
5686.1			0.9577637657665937
5687.0			0.8831281674905157
5687.9			0.8512122551321206
5688.8			0.8885822524236452
5689.700000000001			0.9567142133618137
5690.6			1.0003695590588515
5691.5			1.0
5692.4			1.0
5693.3			1.0
5694.200000000001			1.0
5695.1			1.0
5696.0			1.0
5696.9			1.0
5697.8			1.0
5698.700000000001			1.0
5699.6			1.0
5700.5			1.0
5701.4			1.0
5702.3			1.0
5703.200000000001			1.0
5704.1			1.0
5705.0			1.0090470855581306
5705.9			0.985450224334342
5706.8			0.9571146053053579
5707.700000000001			0.9344682517669682
5708.6			0.9193403846863781
5709.5			0.9204998638592354
5710.4			0.9183056774380112
5711.3			0.9128992332142857
5712.200000000001			0.9408561010362565
5713.1			0.9913928745048537
5714.0			1.0148192294089178
5714.9			1.011668601804374
5715.8			1.0030004104013062
5716.700000000001			0.9952557203025594
5717.6			1.0000085587658998
5718.5			1.0
5719.4			1.0
5720.3			1.0
5721.200000000001			1.0
5722.1			1.0
5723.0			1.0
5723.9			0.9885888996073954
5724.8			0.9769314182092262
5725.700000000001			0.9484679134514765
5726.6			0.9111030169206001
5727.5			0.915199443808756
5728.4			0.965476585852005
5729.3			0.9993581985085491
5730.200000000001			1.0
5731.1			1.0
5732.0			1.0
5732.9			1.0
5733.8			1.0
5734.700000000001			1.0
5735.6			1.0
5736.5			1.0
5737.4			1.0
5738.3			1.0
5739.200000000001			1.0
5740.1			1.0
5741.0			1.0
5741.9			1.0
5742.8			1.0
5743.700000000001			1.0
5744.6			1.0
5745.5			1.0
5746.4			1.0
5747.3			1.0
5748.200000000001			1.0
5749.1			1.0
5750.0			1.0
5750.9			1.0
5751.8			1.0
5752.700000000001			1.0
5753.6			1.0
5754.5			1.0
5755.4			1.0
5756.3			1.0
5757.200000000001			1.0
5758.1			1.0
5759.0			1.0
5759.9			0.9859953870016259
5760.8			0.9590391895859699
5761.700000000001			0.920248185192114
5762.6			0.9072248219621123
5763.5			0.9410540220908055
5764.4			0.9847780204154264
5765.3			1.0013127191754059
5766.200000000001			1.0
5767.1			1.0
5768.0			1.0
5768.9			1.0
5769.8			1.0
5770.700000000001			1.0
5771.6			1.0
5772.5			1.0
5773.4			1.0
5774.3			1.0
5775.200000000001			1.0
5776.1			1.0
5777.0			1.0064228747069617
5777.9			1.0088100505438584
5778.8			1.0012679326254539
5779.700000000001			0.971300971868271
5780.6			0.9312659045932762
5781.5			0.9116092190000306
5782.4			0.9170713850643016
5783.3			0.9200368425654981
5784.200000000001			0.9031313351785456
5785.1			0.8877778555723456
5786.0			0.9065930820159053
5786.9			0.9406646475237459
5787.8			0.9586663194035844
5788.700000000001			0.9600852362154112
5789.6			0.9369328819322736
5790.5			0.9109027576204201
5791.4			0.9251918007525404
5792.3			0.9699299977114278
5793.200000000001			1.002773982440449
5794.1			1.0
5795.0			1.0
5795.9			1.0
5796.8			1.0
5797.700000000001			1.0
5798.6			1.0
5799.5			1.0
5800.4			1.0
5801.3			1.0
5802.200000000001			1.0
5803.1			1.0
5804.0			1.0
5804.9			1.0
5805.8			1.0
5806.700000000001			1.0
5807.6			1.0
5808.5			1.0
5809.4			1.0
5810.3			1.0
5811.200000000001			1.0
5812.1			1.0
5813.0			1.0
5813.9			1.0
5814.8			1.0
5815.700000000001			1.0
5816.6			1.0
5817.5			1.0
5818.4			1.0
5819.3			1.0
5820.200000000001			1.0
5821.1			1.0
5822.0			1.0
5822.9			1.0
5823.8			1.0
5824.700000000001			1.0
5825.6			1.0
5826.5			1.0
5827.4			1.0
5828.3			1.0
5829.200000000001			1.0
5830.1			1.0
5831.0			1.0
5831.9			1.0
5832.8			1.0
5833.700000000001			1.0
5834.6			1.0
5835.5			1.0
5836.4			1.0
5837.3			1.0
5838.200000000001			1.0
5839.1			1.0
5840.0			1.0
5840.9			1.0
5841.8			1.0
5842.700000000001			1.0
5843.6			1.0
5844.5			1.0
5845.4			1.0
5846.3			1.0
5847.200000000001			1.0
5848.1			1.0
5849.0			1.0
5849.9			1.0
5850.8			1.0
5851.700000000001			1.0
5852.6			1.0
5853.5			1.0
5854.4			1.0
5855.3			0.9825988154814121
5856.200000000001			0.8999115120681896
5857.1			0.8286750809139498
5858.0			0.8726424711946219
5858.9			0.9887391321343324
5859.8			1.0
5860.700000000001			1.0
5861.6			1.0
5862.5			1.0
5863.4			1.0
5864.3			1.0087908006550848
5865.200000000001			0.9842844459144973
5866.1			0.9350195031742
5867.0			0.9171210622426016
5867.9			0.9506629763001221
5868.8			0.988073143437931
5869.700000000001			0.9943550247636567
5870.6			1.0
5871.5			1.0
5872.4			1.0
5873.3			1.0
5874.200000000001			1.0041996492526455
5875.1			1.0033988296168597
5876.0			0.9873404715630116
5876.9			0.9694894958231438
5877.8			0.9536765844235637
5878.700000000001			0.9318767418347
5879.6			0.9057665627991355
5880.5			0.8925446305858806
5881.4			0.887738975727434
5882.3			0.8639016819403741
5883.200000000001			0.8195947105321107
5884.1			0.7686559434698935
5885.0			0.7119135776774534
5885.9			0.6470929590999679
5886.8			0.5744720224775113
5887.700000000001			0.4848139145769048
5888.6			0.3800958148413484
5889.5			0.3029201168833367
5890.4			0.31096990781104034
5891.3			0.3909612639009403
5892.200000000001			0.47062282546175577
5893.1			0.501370508145696
5894.0			0.46696913263484435
5894.9			0.38681489687677445
5895.8			0.3401837753505322
5896.700000000001			0.39310820016409376
5897.6			0.5065145862609953
5898.5			0.6073704184934177
5899.4			0.6910879184405261
5900.3			0.779459747408355
5901.200000000001			0.8588586272859479
5902.1			0.9132753547293515
5903.0			0.9487450349132943
5903.9			0.9771100290933713
5904.8			0.998273612903345
5905.700000000001			1.0
5906.6			1.0
5907.5			1.0
5908.4			1.0
5909.3			1.0
5910.200000000001			1.0
5911.1			1.0
5912.0			1.0
5912.9			1.0
5913.8			1.0
5914.700000000001			1.0
5915.6			1.0
5916.5			1.0
5917.4			1.0
5918.3			1.0
5919.200000000001			1.0
5920.1			1.0
5921.0			1.0
5921.9			1.0
5922.8			1.0
5923.700000000001			1.0
5924.6			1.0
5925.5			1.0
5926.4			1.0
5927.3			1.0
5928.200000000001			1.0
5929.1			1.0
5930.0			1.0
5930.9			1.0
5931.8			1.0
5932.700000000001			1.0
5933.6			1.0
5934.5			1.0
5935.4			1.0
5936.3			1.0
5937.200000000001			1.0
5938.1			1.0
5939.0			1.0
5939.9			1.0
5940.8			1.0
5941.700000000001			1.0
5942.6			1.0
5943.5			1.0
5944.4			1.0
5945.3			1.0
5946.200000000001			1.00734509900376
5947.1			0.9946710916584723
5948.0			0.9692116507799455
5948.9			0.9488229931154114
5949.8			0.9488963415672657
5950.700000000001			0.958720264371018
5951.6			0.9541429550700975
5952.5			0.9332604964062498
5953.4			0.9320193695205339
5954.3			0.950596552306688
5955.200000000001			0.9490458673797787
5956.1			0.9286659902650363
5957.0			0.9210726259201009
5957.9			0.9351880996332664
5958.8			0.9554155085155016
5959.700000000001			0.9777814433961276
5960.6			0.992784548882693
5961.5			0.993834799839318
5962.4			0.9870374461695611
5963.3			0.981035112395828
5964.200000000001			0.968756115681677
5965.1			0.9512309731790243
5966.0			0.9522136555573641
5966.9			0.9761696349580495
5967.8			1.0000868160591077
5968.700000000001			1.0
5969.6			1.0
5970.5			1.0
5971.4			1.0
5972.3			1.0
5973.200000000001			0.9975925749348522
5974.1			0.9981833049140513
5975.0			0.987217318530228
5975.9			0.9698098026530058
5976.8			0.9518661221167536
5977.700000000001			0.9384213757472959
5978.6			0.9436465554886533
5979.5			0.9704420348240962
5980.4			0.9967945722241067
5981.3			1.008875428129792
5982.200000000001			0.9989492602834669
5983.1			1.0
5984.0			1.0
5984.9			1.0
5985.8			1.0
5986.700000000001			1.0
5987.6			1.0
5988.5			1.0
5989.4			1.0
5990.3			1.0
5991.200000000001			1.0
5992.1			1.0
5993.0			1.0
5993.9			1.0
5994.8			1.0
5995.700000000001			1.0
5996.6			1.0
5997.5			0.9951264870020822
5998.4			0.9865004259566029
5999.3			0.9751414891132073
6000.200000000001			0.9770920664401969
6001.1			0.9789903830336868
6002.0			0.9568866939644937
6002.9			0.9445178292964728
6003.8			0.9682951076289564
6004.700000000001			0.9929423024629785
6005.6			0.9877993808791192
6006.5			0.9691055846298757
6007.4			0.9492878888459385
6008.3			0.9425113359276904
6009.200000000001			0.969802009504446
6010.1			1.0125849210539106
6011.0			1.0229759134270209
6011.9			0.9937382341255447
6012.8			0.9653247614728921
6013.700000000001			0.9729428158296977
6014.6			1.0010264876409096
6015.5			0.9957999683599015
6016.4			1.0
6017.3			0.994309287837863
6018.200000000001			1.0181816926251381
6019.1			1.0204261383272815
6020.0			0.9933048559117583
6020.9			0.9666689174024135
6021.8			0.9634701121501735
6022.700000000001			0.9781747921922542
6023.6			0.9882404262290543
6024.5			1.0025692788641605
6025.4			1.0
6026.3			1.0
6027.200000000001			1.0
6028.1			1.0
6029.0			1.0
6029.9			1.0
6030.8			1.0
6031.700000000001			1.0
6032.6			1.0
6033.5			1.0
6034.4			1.0
6035.3			1.0
6036.200000000001			1.0
6037.1			1.0
6038.0			1.0
6038.9			1.0
6039.8			1.0
6040.700000000001			1.0
6041.6			1.0
6042.5			1.0
6043.4			1.0
6044.3			1.0
6045.200000000001			1.0
6046.1			1.0
6047.0			1.0
6047.9			1.0
6048.8			1.0
6049.700000000001			1.0
6050.6			1.0
6051.5			1.0
6052.4			1.0
6053.3			1.0
6054.200000000001			1.0
6055.1			1.0
6056.0			1.0
6056.9			1.0
6057.8			1.0
6058.700000000001			1.0
6059.6			1.0
6060.5			1.0
6061.4			1.0
6062.3			0.9825427370371889
6063.200000000001			0.9578730009430559
6064.1			0.9170328037260511
6065.0			0.8860217447963087
6065.9			0.9114950129300161
6066.8			0.9679693325810208
6067.700000000001			1.0000716331645836
6068.6			1.0
6069.5			1.0
6070.4			1.0
6071.3			1.0
6072.200000000001			1.0
6073.1			1.0
6074.0			1.0
6074.9			1.0
6075.8			1.0
6076.700000000001			1.0
6077.6			1.0
6078.5			1.0
6079.4			1.0
6080.3			1.0
6081.200000000001			1.0
6082.1			1.0
6083.0			1.0
6083.9			1.0
6084.8			1.0
6085.700000000001			1.0
6086.6			1.0
6087.5			1.0110582203598284
6088.4			1.001651151227296
6089.3			0.9678664864364804
6090.200000000001			0.9362665534588479
6091.1			0.944935888429904
6092.0			0.9802792583336638
6092.9			1.000282302254192
6093.8			1.0
6094.700000000001			1.0
6095.6			1.0
6096.5			1.0
6097.4			1.0
6098.3			1.0
6099.200000000001			1.0
6100.1			0.9825005163642511
6101.0			0.8947411722680364
6101.9			0.7551246984512995
6102.8			0.6934310474864528
6103.700000000001			0.7856958612998113
6104.6			0.9271349537987648
6105.5			0.9987629458456608
6106.4			1.0
6107.3			1.0
6108.200000000001			1.0
6109.1			1.0
6110.0			1.0
6110.9			1.0
6111.8			1.0
6112.700000000001			1.0
6113.6			1.0
6114.5			1.0
6115.4			1.0
6116.3			1.0
6117.200000000001			1.0
6118.1			0.99544647077984
6119.0			0.9664466970968574
6119.9			0.8929763604521426
6120.8			0.7623872614197856
6121.700000000001			0.6363205455128912
6122.6			0.6463780959043661
6123.5			0.7978003821493128
6124.4			0.9439805026068891
6125.3			1.003739125254389
6126.200000000001			1.0
6127.1			1.0
6128.0			1.0
6128.9			1.0
6129.8			1.0
6130.700000000001			1.0
6131.6			1.0
6132.5			1.0
6133.4			1.0
6134.3			0.9696236150267492
6135.200000000001			0.9082268853400284
6136.1			0.8316759145916282
6137.0			0.7952721457577979
6137.9			0.8449149578933429
6138.8			0.9440191348263959
6139.700000000001			1.0001211998008577
6140.6			1.0
6141.5			1.0
6142.4			1.0
6143.3			1.0
6144.200000000001			1.0
6145.1			1.0
6146.0			1.0
6146.9			1.0
6147.8			1.0
6148.700000000001			1.0
6149.6			1.0
6150.5			1.0
6151.4			1.0
6152.3			1.0
6153.200000000001			1.0
6154.1			1.0
6155.0			1.0
6155.9			1.0
6156.8			1.0
6157.700000000001			0.983356046641032
6158.6			0.9446120881482875
6159.5			0.8704114653660894
6160.4			0.7394877540110367
6161.3			0.589286103254869
6162.200000000001			0.531663037314841
6163.1			0.6235230555888881
6164.0			0.7863370013978552
6164.9			0.9029974540848423
6165.8			0.9522191498010951
6166.700000000001			0.988257567438875
6167.6			1.0
6168.5			1.0
6169.4			1.0
6170.3			1.0
6171.200000000001			1.0
6172.1			1.0
6173.0			1.0
6173.9			1.0
6174.8			1.0
6175.700000000001			1.0
6176.6			1.0
6177.5			1.0
6178.4			1.0
6179.3			1.0
6180.200000000001			1.0
6181.1			1.0
6182.0			1.0
6182.9			1.0
6183.8			1.0
6184.700000000001			1.0
6185.6			1.0
6186.5			1.0
6187.4			0.9843785484020496
6188.3			0.9909197566584954
6189.200000000001			0.9801602691497514
6190.1			0.931981472760377
6191.0			0.8753937689866443
6191.9			0.878715720412094
6192.8			0.9376568661325491
6193.700000000001			0.9840862535020305
6194.6			1.0021595251790378
6195.5			1.0
6196.4			1.0
6197.3			1.0
6198.200000000001			1.0
6199.1			1.0
6200.0			1.0
6200.9			1.0
6201.8			1.0
6202.700000000001			1.0
6203.6			1.0
6204.5			1.0
6205.4			1.0
6206.3			1.0
6207.200000000001			1.0
6208.1			1.0
6209.0			1.0
6209.9			1.0
6210.8			1.0
6211.700000000001			1.0
6212.6			0.9885947864131419
6213.5			0.9495836695542894
6214.4			0.9126573566801656
6215.3			0.8947362167704824
6216.200000000001			0.9121334451148749
6217.1			0.9674942182433101
6218.0			1.008032952773321
6218.9			1.0
6219.8			1.0
6220.700000000001			1.0
6221.6			1.0
6222.5			1.0
6223.4			1.0
6224.3			1.0
6225.200000000001			1.0
6226.1			1.0
6227.0			1.0001271080240666
6227.9			0.9982894517389008
6228.8			0.9765892247474698
6229.700000000001			0.9176985321170515
6230.6			0.8662004691480123
6231.5			0.8706520514845952
6232.4			0.9091897969193361
6233.3			0.956090763883959
6234.200000000001			1.0007186932525547
6235.1			1.0
6236.0			1.0
6236.9			0.9893227375609286
6237.8			0.9628165382088109
6238.700000000001			0.9086668595183636
6239.6			0.8667519854913324
6240.5			0.8833447210690256
6241.4			0.9117838170621392
6242.3			0.8892339556650639
6243.200000000001			0.8680448334919428
6244.1			0.8985315965147439
6245.0			0.9295197455779872
6245.9			0.9349638728107341
6246.8			0.9550808753302713
6247.700000000001			0.9848239085396682
6248.6			0.9945054956995173
6249.5			0.9992783160927308
6250.4			1.0
6251.3			1.0
6252.200000000001			1.0
6253.1			0.9772687124234959
6254.0			0.9965982109467332
6254.9			1.0175757029635224
6255.8			1.002990252947947
6256.700000000001			0.9431173011150814
6257.6			0.8599451970999809
6258.5			0.8186076886852437
6259.4			0.8509062627637735
6260.3			0.8976830003430151
6261.200000000001			0.9293207713012867
6262.1			0.9769785577375145
6263.0			1.018063190781152
6263.9			1.0024652881572342
6264.8			1.0
6265.700000000001			1.0
6266.6			1.0
6267.5			1.0
6268.4			1.0
6269.3			1.0
6270.200000000001			1.0
6271.1			1.0
6272.0			1.0
6272.9			1.0
6273.8			1.0
6274.700000000001			1.0
6275.6			1.0
6276.5			1.0
6277.4			1.0
6278.3			1.0
6279.200000000001			1.0
6280.1			1.0
6281.0			1.0
6281.9			1.0
6282.8			1.0
6283.700000000001			1.0
6284.6			1.0
6285.5			1.0
6286.4			1.0
6287.3			1.0
6288.200000000001			1.0
6289.1			1.0
6290.0			0.9869779352790355
6290.9			0.9755360444577408
6291.8			0.9570831457848481
6292.700000000001			0.9449195104841581
6293.6			0.9598803666485984
6294.5			0.9769194239616087
6295.4			0.9566317638692949
6296.3			0.9276297797543359
6297.200000000001			0.9394976396990411
6298.1			0.9912940741835579
6299.0			1.0366988924807359
6299.9			1.039134449912032
6300.8			1.0018246853127648
6301.700000000001			0.9743787254978024
6302.6			0.9996139907641544
6303.5			1.0
6304.4			1.0
6305.3			1.0
6306.200000000001			1.0
6307.1			1.0
6308.0			1.0
6308.9			1.0
6309.8			1.0
6310.700000000001			1.0
6311.6			1.0
6312.5			1.0
6313.4			1.0
6314.3			1.0
6315.200000000001			0.9855904133135486
6316.1			0.981916017191764
6317.0			0.9526414441746102
6317.9			0.9166596723717401
6318.8			0.9315523508681216
6319.700000000001			0.9784185150196295
6320.6			0.9937520030133876
6321.5			1.0
6322.4			1.0
6323.3			1.0
6324.200000000001			1.0
6325.1			1.0
6326.0			1.0
6326.9			1.0
6327.8			1.0
6328.700000000001			1.0
6329.6			1.0
6330.5			1.0
6331.4			1.0
6332.3			1.036686695064969
6333.200000000001			1.0361406806405788
6334.1			0.9901542791539989
6335.0			0.9295802679899078
6335.9			0.9008143623841928
6336.8			0.9179702973980324
6337.700000000001			0.9531713975348056
6338.6			0.9792860830585481
6339.5			0.9986029200640186
6340.4			1.0
6341.3			1.0
6342.200000000001			1.0
6343.1			1.0
6344.0			1.0
6344.9			1.0
6345.8			1.0
6346.700000000001			1.0
6347.6			1.0
6348.5			1.0
6349.4			1.0
6350.3			1.0
6351.200000000001			1.0
6352.1			1.0
6353.0			1.0
6353.9			1.0
6354.8			1.0
6355.700000000001			1.005146428125146
6356.6			1.0050893071864682
6357.5			0.972928047615077
6358.4			0.9368091256004412
6359.3			0.9276930422180577
6360.200000000001			0.9257247469999386
6361.1			0.9093317513873356
6362.0			0.8906709500035873
6362.9			0.8988705856572892
6363.8			0.9335145145813868
6364.700000000001			0.9654666756645832
6365.6			0.9801843365969028
6366.5			0.986056559137949
6367.4			0.9936090619450108
6368.3			1.0000509406785278
6369.200000000001			1.0
6370.1			1.0
6371.0			1.0
6371.9			1.0
6372.8			1.0
6373.700000000001			1.0
6374.6			1.0
6375.5			0.9974961760847663
6376.4			0.9983034282664327
6377.3			0.9935449102744993
6378.200000000001			0.9698023195638369
6379.1			0.9377221800715727
6380.0			0.9052748445209595
6380.9			0.8780467517704038
6381.8			0.8925147290522255
6382.700000000001			0.959663778403067
6383.6			1.0163023800347728
6384.5			1.0250515451010234
6385.4			1.0150565669494425
6386.3			1.0035406670166538
6387.200000000001			1.0
6388.1			1.0
6389.0			1.0
6389.9			1.0
6390.8			1.0
6391.700000000001			0.9689587870379689
6392.6			0.9105732713688355
6393.5			0.8894691439425153
6394.4			0.9337838961685283
6395.3			1.0003336785106067
6396.200000000001			1.0
6397.1			1.0
6398.0			1.0
6398.9			1.0
6399.8			1.0
6400.700000000001			1.0
6401.6			1.0
6402.5			1.0
6403.4			1.0
6404.3			1.0
6405.200000000001			1.0
6406.1			1.0
6407.0			1.0
6407.9			1.0
6408.8			1.0147709616419587
6409.700000000001			1.0246731343288695
6410.6			0.9897101144793321
6411.5			0.9461723061834044
6412.4			0.9445855737028781
6413.3			0.9705628312326716
6414.200000000001			0.998465340527774
6415.1			1.0
6416.0			1.0
6416.9			1.0
6417.8			0.9801780855112401
6418.700000000001			0.9658925415570042
6419.6			0.9395606832118334
6420.5			0.909745266542426
6421.4			0.9164845035978458
6422.3			0.9637030360170455
6423.200000000001			0.9997102904673866
6424.1			1.0
6425.0			1.0
6425.9			1.0
6426.8			1.0
6427.700000000001			1.0
6428.6			1.0
6429.5			1.0
6430.4			1.0
6431.3			1.0
6432.200000000001			1.0
6433.1			1.0
6434.0			1.0
6434.9			1.0
6435.8			1.0
6436.700000000001			0.9722271605017693
6437.6			0.877903473382899
6438.5			0.765561434437978
6439.4			0.7547382535817517
6440.3			0.8561856129730988
6441.200000000001			0.9570632559522017
6442.1			0.998266015619196
6443.0			1.0
6443.9			1.0
6444.8			1.0
6445.700000000001			1.0
6446.6			0.9991919670615872
6447.5			0.968044206437643
6448.4			0.8876108538075562
6449.3			0.8092422919535969
6450.200000000001			0.8217429046593151
6451.1			0.9140243066523781
6452.0			1.0000636698211005
6452.9			1.0
6453.8			1.0
6454.700000000001			1.0
6455.6			1.0
6456.5			1.0
6457.4			1.0
6458.3			1.0
6459.200000000001			1.0
6460.1			0.9740202362562878
6461.0			0.8836419326966413
6461.9			0.7679382169816977
6462.8			0.7387917862744874
6463.700000000001			0.8233949133799813
6464.6			0.9315776221005897
6465.5			0.999519896792502
6466.4			1.0
6467.3			1.0
6468.200000000001			1.0
6469.1			1.0
6470.0			0.9695828297604728
6470.9			0.9243869347767808
6471.8			0.916431453974333
6472.700000000001			0.9611016610100235
6473.6			0.9996929069717443
6474.5			1.0
6475.4			1.0
6476.3			1.0
6477.200000000001			1.0
6478.1			1.0
6479.0			1.0
6479.9			0.9924524890536813
6480.8			0.976036025425677
6481.700000000001			0.9513000007337753
6482.6			0.9415755639310692
6483.5			0.9577260997158926
6484.4			0.9824743375412756
6485.3			1.000830750693312
6486.200000000001			1.0
6487.1			1.0
6488.0			1.0
6488.9			1.0
6489.8			1.0
6490.700000000001			1.0083450538446839
6491.6			0.9918015404641471
6492.5			0.9132221719034435
6493.4			0.8009069656166531
6494.3			0.7564221709620023
6495.200000000001			0.8157372312143268
6496.1			0.9093759714591064
6497.0			0.9772585502496729
6497.9			0.9957165627918612
6498.8			1.0
6499.700000000001			1.0
6500.6			1.0
6501.5			1.0
6502.4			1.0
6503.3			1.0
6504.200000000001			1.0
6505.1			1.0
6506.0			1.0
6506.9			1.0
6507.8			1.0
6508.700000000001			1.0
6509.6			1.0
6510.5			1.0
6511.4			1.0
6512.3			1.0
6513.200000000001			1.0
6514.1			1.0
6515.0			1.0
6515.9			1.0
6516.8			1.0
6517.700000000001			1.0
6518.6			1.0
6519.5			1.0
6520.4			1.0
6521.3			1.0
6522.200000000001			1.0
6523.1			1.0
6524.0			1.0
6524.9			1.0
6525.8			1.0
6526.700000000001			1.0
6527.6			1.0
6528.5			1.0
6529.4			1.0
6530.3			1.0
6531.200000000001			1.0
6532.1			1.0
6533.0			1.0
6533.9			1.0
6534.8			1.0
6535.700000000001			1.0
6536.6			1.0
6537.5			1.0
6538.4			1.0
6539.3			1.0
6540.200000000001			1.0
6541.1			1.0
6542.0			1.0
6542.9			1.0
6543.8			1.0
6544.700000000001			0.9822562548870215
6545.6			0.948035956188185
6546.5			0.9349647898876063
6547.4			0.9631048723936078
6548.3			0.9986135997302356
6549.200000000001			1.0
6550.1			1.0
6551.0			1.0
6551.9			1.0
6552.8			1.0
6553.700000000001			1.0
6554.6			1.0
6555.5			1.0
6556.4			1.0
6557.3			1.0
6558.200000000001			1.0
6559.1			1.0
6560.0			1.0
6560.9			0.9661223768452865
6561.8			0.8626676589142707
6562.700000000001			0.79310337279525
6563.6			0.858825344896487
6564.5			0.9846761300280903
6565.4			1.0
6566.3			1.0
6567.200000000001			1.0
6568.1			1.0
6569.0			1.0
6569.9			0.9988470143577167
6570.8			0.9960610908013839
6571.700000000001			0.9594668897154774
6572.6			0.9143863727016494
6573.5			0.9054046688083414
6574.4			0.9287069415065563
6575.3			0.9603540630162071
6576.200000000001			0.9864162795203602
6577.1			0.9977897643924682
6578.0			1.0
6578.9			1.0
6579.8			1.0
6580.700000000001			1.0
6581.6			1.0
6582.5			1.0
6583.4			1.0
6584.3			1.0
6585.200000000001			1.0
6586.1			1.0
6587.0			1.0
6587.9			1.0
6588.8			1.0
6589.700000000001			1.0
6590.6			0.9921742083316879
6591.5			0.9532886718942557
6592.4			0.8925219373277085
6593.3			0.8658534054024081
6594.200000000001			0.9020005268003237
6595.1			0.9629057030495102
6596.0			1.000095689474411
6596.9			1.0
6597.8			1.0
6598.700000000001			1.0
6599.6			1.0
6600.5			1.0
6601.4			1.0
6602.3			1.0
6603.200000000001			1.0
6604.1			1.0
6605.0			1.0
6605.9			1.0
6606.8			1.0
6607.700000000001			1.0
6608.6			1.0
6609.5			1.0
6610.4			1.0
6611.3			1.0
6612.200000000001			1.0
6613.1			1.0
6614.0			1.0
6614.9			1.0
6615.8			1.0
6616.700000000001			1.0
6617.6			1.0
6618.5			1.0
6619.4			1.0
6620.3			1.0
6621.200000000001			1.0
6622.1			1.0
6623.0			1.0
6623.9			1.0
6624.8			1.0
6625.700000000001			1.0
6626.6			1.0
6627.5			1.0
6628.4			1.0
6629.3			1.0
6630.200000000001			1.0
6631.1			1.0
6632.0			1.0
6632.9			1.0
6633.8			1.0
6634.700000000001			1.0
6635.6			1.0
6636.5			1.0
6637.4			1.0
6638.3			1.0
6639.200000000001			1.0
6640.1			1.0
6641.0			1.0
6641.9			1.0
6642.8			1.0
6643.700000000001			1.0
6644.6			1.0
6645.5			1.0
6646.4			1.0
6647.3			1.0
6648.200000000001			1.0
6649.1			1.0
6650.0			1.0
6650.9			1.0
6651.8			1.0
6652.700000000001			1.0
6653.6			1.0
6654.5			1.0
6655.4			0.9960719021932478
6656.3			0.9921913422339372
6657.200000000001			0.9933277635763349
6658.1			0.9943823741956546
6659.0			0.9855660756878589
6659.9			0.9708578332209044
6660.8			0.9605331099579354
6661.700000000001			0.9512897148241334
6662.6			0.9366162696576125
6663.5			0.9318599889925515
6664.4			0.9431718672317722
6665.3			0.9535391265384031
6666.200000000001			0.9551059054187662
6667.1			0.9572757385316577
6668.0			0.9657124960386756
6668.9			0.9773186626829391
6669.8			0.9879197582326987
6670.700000000001			0.9963189558597066
6671.6			0.9993980128352093
6672.5			1.0
6673.4			1.0
6674.3			1.0
6675.200000000001			1.0
6676.1			0.992679707688382
6677.0			0.9500066634258274
6677.9			0.9175985000478372
6678.8			0.9425934048550892
6679.700000000001			0.9896369663211015
6680.6			1.0
6681.5			1.0
6682.4			1.0
6683.3			1.0
6684.200000000001			1.0
6685.1			1.0
6686.0			1.0
6686.9			1.0
6687.8			1.0
6688.700000000001			1.0
6689.6			1.0
6690.5			1.0
6691.4			1.0
6692.3			1.0
6693.200000000001			1.0
6694.1			1.0
6695.0			1.0
6695.9			1.0
6696.8			1.0
6697.700000000001			1.0
6698.6			1.0
6699.5			1.0
6700.4			1.0
6701.3			1.0
6702.200000000001			1.0
6703.1			1.0
6704.0			1.0
6704.9			1.0
6705.8			1.0019241770318292
6706.700000000001			1.0007714225769202
6707.6			1.0080632602968378
6708.5			1.015705542740897
6709.4			1.0110020403692892
6710.3			0.9981372617314835
6711.200000000001			0.992484027115263
6712.1			0.9947908028507844
6713.0			0.9918870663672561
6713.9			0.9761732603233587
6714.8			0.9558478477323025
6715.700000000001			0.9227332933551651
6716.6			0.8646925593388823
6717.5			0.8295153823166467
6718.4			0.8654762083396792
6719.3			0.9286136747528245
6720.200000000001			0.962745734594257
6721.1			0.9710496133806964
6722.0			0.9731112356571562
6722.9			0.9720895685892766
6723.8			0.9702125327734946
6724.700000000001			0.9712721287452277
6725.6			0.9714662521164146
6726.5			0.9742309005131958
6727.4			0.9847787572337104
6728.3			0.9966593633865481
6729.200000000001			0.9992250003601908
6730.1			1.0
6731.0			1.0
6731.9			1.0
6732.8			1.0
6733.700000000001			1.0
6734.6			1.0
6735.5			1.0
6736.4			1.0
6737.3			1.0
6738.200000000001			1.0
6739.1			1.0
6740.0			1.0093867417754174
6740.9			1.0120392394577786
6741.8			0.9909642222754586
6742.700000000001			0.9697392344927432
6743.6			0.9706805283020498
6744.5			0.9793489396548577
6745.4			0.9792221280195137
6746.3			0.9743112948500081
6747.200000000001			0.9683107184280179
6748.1			0.9563412036698434
6749.0			0.9420327221226076
6749.9			0.939541237820549
6750.8			0.9466678341705732
6751.700000000001			0.9504163980658652
6752.6			0.9583365825149748
6753.5			0.9740764353118577
6754.4			0.9836063397247365
6755.3			0.9845454300118945
6756.200000000001			0.9948376408250275
6757.1			1.0184099578388401
6758.0			1.0289300184289605
6758.9			1.0140606566802661
6759.8			0.9990711496499048
6760.700000000001			1.0
6761.6			1.0
6762.5			1.0
6763.4			1.0
6764.3			1.0
6765.200000000001			1.0
6766.1			1.0
6767.0			0.9829103156242803
6767.9			0.9441105860046826
6768.8			0.9323419623766637
6769.700000000001			0.9653001101067711
6770.6			1.0001036463447663
6771.5			1.0
6772.4			1.0
6773.3			1.0
6774.200000000001			1.0
6775.1			1.0258668599009486
6776.0			1.0161342636862871
6776.9			0.9913514628291161
6777.8			0.9805296098068699
6778.700000000001			0.9907888358339418
6779.6			1.0065481195889292
6780.5			1.0021130022072224
6781.4			0.9755931015418342
6782.3			0.9453313218750076
6783.200000000001			0.9274336533121681
6784.1			0.9272384597039122
6785.0			0.9387121782736739
6785.9			0.9559303903274613
6786.8			0.972278590236578
6787.700000000001			0.9824382519689321
6788.6			0.9846463692143644
6789.5			0.9860391508560824
6790.4			0.9965293397715713
6791.3			1.0098392613836567
6792.200000000001			1.008726982553167
6793.1			0.9995126719944435
6794.0			1.0
6794.9			1.0
6795.8			1.0
6796.700000000001			1.0
6797.6			1.0
6798.5			1.0
6799.4			1.0
6800.3			1.0
6801.200000000001			1.0
6802.1			1.0
6803.0			0.9995283281990016
6803.9			0.9978795017261243
6804.8			0.989751181066305
6805.700000000001			0.9721231984444381
6806.6			0.9609588582954484
6807.5			0.9775451662221095
6808.4			1.0054303422069797
6809.3			1.0
6810.200000000001			0.9827682499625423
6811.1			0.9817944814622779
6812.0			1.009363930802428
6812.9			1.0372567461268474
6813.8			1.0241709907641439
6814.700000000001			0.9750962044321853
6815.6			0.9452605793049623
6816.5			0.9591503739990284
6817.4			0.9801060467042406
6818.3			0.9681651659078118
6819.200000000001			0.9464174960690779
6820.1			0.9620418395998289
6821.0			0.9999149268853994
6821.9			1.0
6822.8			1.0
6823.700000000001			1.0
6824.6			1.0
6825.5			1.0
6826.4			1.0
6827.3			1.0
6828.200000000001			1.0
6829.1			1.0
6830.0			1.0
6830.9			1.0
6831.8			1.0
6832.700000000001			1.020392676402538
6833.6			1.0450555188669282
6834.5			1.0372350607842558
6835.4			1.0071318295900056
6836.3			0.9893926935864049
6837.200000000001			0.995372636259638
6838.1			1.0040263319845808
6839.0			1.002997431878079
6839.9			0.9944462019191421
6840.8			0.9843477729938145
6841.700000000001			0.9805952500676737
6842.6			0.983448001166201
6843.5			0.9851125242936885
6844.4			0.9845365052888416
6845.3			0.9798462123399209
6846.200000000001			0.9696253534044678
6847.1			0.9694632760679687
6848.0			0.9830946829393947
6848.9			0.987647250796862
6849.8			0.9708521299930218
6850.700000000001			0.9541529388046203
6851.6			0.9544864290706154
6852.5			0.9612985925753826
6853.4			0.9627949127094605
6854.3			0.9607076918599343
6855.200000000001			0.9564987048454421
6856.1			0.9529737498757572
6857.0			0.9537894609265114
6857.9			0.9518151512788069
6858.8			0.9440526425538742
6859.700000000001			0.9341400767132554
6860.6			0.9209682012723067
6861.5			0.9121895813402758
6862.4			0.9322004880874275
6863.3			0.9792883719429689
6864.200000000001			1.0050399676811785
6865.1			0.9821069884779415
6866.0			0.95498380398415
6866.9			0.9669895338797398
6867.8			0.9862679597735958
6868.700000000001			0.9727539610388021
6869.6			0.9461869681131041
6870.5			0.9318761065416733
6871.4			0.9377910174983874
6872.3			0.962709902257376
6873.200000000001			0.9751799179400371
6874.1			0.9647317270486881
6875.0			0.9729005054983131
6875.9			1.004794661191629
6876.8			1.0189212246776669
6877.700000000001			1.0179704641388145
6878.6			1.0
6879.5			0.9835135681311483
6880.4			0.9415646026192565
6881.3			0.9144241734918982
6882.200000000001			0.9157697961878591
6883.1			0.9325470916792822
6884.0			0.9518015413504459
6884.9			0.941594382755532
6885.8			0.9099926365624605
6886.700000000001			0.9305129553632404
6887.6			1.0041530456440686
6888.5			1.0415995166374232
6889.4			1.0243861393595493
6890.3			1.0095837480944208
6891.200000000001			1.006984694160165
6892.1			0.9993923780463008
6893.0			1.0
6893.9			1.0
6894.8			1.0
6895.700000000001			1.0
6896.6			1.0
6897.5			1.0
6898.4			1.0086001645500886
6899.3			0.9802951772464028
6900.200000000001			0.9239383341930916
6901.1			0.883875643097093
6902.0			0.8994245256444969
6902.9			0.9560129315603505
6903.8			0.9957868464930687
6904.700000000001			1.0
6905.6			1.0
6906.5			1.0
6907.4			1.0
6908.3			1.0
6909.200000000001			1.0
6910.1			1.0
6911.0			1.0
6911.9			1.0
6912.8			1.0
6913.700000000001			1.0
6914.6			0.9946590200123501
6915.5			0.9751378178549476
6916.4			0.9518622610612005
6917.3			0.930060136793259
6918.200000000001			0.8934051818529151
6919.1			0.870768139633619
6920.0			0.9130673013344476
6920.9			0.9896732942132725
6921.8			1.0320735163223707
6922.700000000001			1.0253655782539612
6923.6			1.0005133616182498
6924.5			1.0
6925.4			1.0
6926.3			1.0
6927.200000000001			1.0
6928.1			1.0
6929.0			1.0
6929.9			1.0
6930.8			1.0
6931.700000000001			1.0
6932.6			1.0
6933.5			1.0
6934.4			1.0
6935.3			1.0
6936.200000000001			1.0
6937.1			1.0
6938.0			1.0
6938.9			1.0
6939.8			1.0
6940.700000000001			1.0
6941.6			1.0
6942.5			1.0
6943.4			1.0
6944.3			1.0
6945.200000000001			1.0
6946.1			1.0
6947.0			1.0
6947.9			1.0
6948.8			1.0
6949.700000000001			1.0
6950.6			1.0
6951.5			1.0
6952.4			1.0
6953.3			1.0
6954.200000000001			1.0
6955.1			1.0
6956.0			1.0
6956.9			1.0
6957.8			1.0
6958.700000000001			1.0
6959.6			1.0
6960.5			1.0
6961.4			1.0
6962.3			1.0
6963.200000000001			1.0
6964.1			1.0
6965.0			1.0
6965.9			1.0
6966.8			1.0
6967.700000000001			1.0
6968.6			1.0
6969.5			1.0
6970.4			1.0
6971.3			1.0
6972.200000000001			1.0
6973.1			1.0
6974.0			1.0
6974.9			0.9981853491884319
6975.8			1.000921765841702
6976.700000000001			0.9739910383982754
6977.6			0.9193740865441529
6978.5			0.8912695651031594
6979.4			0.9096732060553239
6980.3			0.944512467943636
6981.200000000001			0.9747842801769793
6982.1			0.9976695533118253
6983.0			1.0
6983.9			1.0
6984.8			1.0
6985.700000000001			1.0
6986.6			1.0
6987.5			1.0
6988.4			1.0
6989.3			1.0
6990.200000000001			1.0
6991.1			1.0
6992.0			1.0
6992.9			1.0
6993.8			1.0
6994.700000000001			1.0
6995.6			1.0
6996.5			1.0
6997.4			1.0
6998.3			1.0
6999.200000000001			1.0
7000.1			1.0
7001.0			1.0
7001.9			1.0
7002.8			1.0
7003.700000000001			1.0
7004.6			1.0
7005.5			1.0
7006.4			1.0
7007.3			1.0
7008.200000000001			1.0
7009.1			1.0
7010.0			1.0
7010.9			1.0
7011.8			1.0
7012.700000000001			1.0
7013.6			1.0
7014.5			1.0
7015.4			1.0
7016.3			1.0
7017.200000000001			1.0
7018.1			1.0
7019.0			1.0
7019.9			1.0
7020.8			1.0
7021.700000000001			1.0
7022.6			1.0
7023.5			1.0
7024.4			1.0
7025.3			1.0
7026.200000000001			1.0
7027.1			1.0
7028.0			1.0
7028.9			1.0
7029.8			1.0
7030.700000000001			1.0
7031.6			1.0
7032.5			1.0
7033.4			1.0
7034.3			1.0
7035.200000000001			1.0
7036.1			1.0
7037.0			1.0
7037.9			1.0
7038.8			1.0
7039.700000000001			1.0
7040.6			1.0
7041.5			1.0
7042.4			1.0
7043.3			1.0
7044.200000000001			1.0
7045.1			1.0
7046.0			1.0
7046.9			1.0
7047.8			1.0
7048.700000000001			1.0
7049.6			1.0
7050.5			1.0
7051.4			1.0
7052.3			1.0
7053.200000000001			1.0
7054.1			1.0
7055.0			1.0
7055.9			1.0
7056.8			1.0
7057.700000000001			1.0
7058.6			1.0
7059.5			1.0
7060.4			1.0
7061.3			1.0
7062.200000000001			1.0
7063.1			1.0
7064.0			1.0
7064.9			1.0
7065.8			1.0
7066.700000000001			1.0
7067.6			1.0
7068.5			1.0
7069.4			1.0
7070.3			1.0
7071.200000000001			1.0
7072.1			1.0
7073.0			1.0
7073.9			1.0
7074.8			1.0
7075.700000000001			1.0
7076.6			1.0
7077.5			1.0
7078.4			1.0
7079.3			1.0
7080.200000000001			1.0
7081.1			1.0
7082.0			1.0
7082.9			1.0
7083.8			1.0
7084.700000000001			1.0
7085.6			1.0
7086.5			1.0
7087.4			1.0
7088.3			1.0
7089.200000000001			1.0
7090.1			1.0
7091.0			1.0
7091.9			1.0
7092.8			1.0
7093.700000000001			1.0
7094.6			1.0
7095.5			1.0
7096.4			1.0
7097.3			1.0
7098.200000000001			1.0
7099.1			1.0
7100.0			1.0
7100.9			1.0
7101.8			1.0
7102.700000000001			1.0
7103.6			1.0
7104.5			1.0
7105.4			1.0
7106.3			1.0
7107.200000000001			1.0
7108.1			1.0
7109.0			1.0
7109.9			1.0
7110.8			1.0
7111.700000000001			1.0
7112.6			1.0
7113.5			1.0
7114.4			1.0
7115.3			1.0
7116.200000000001			1.0
7117.1			1.0
7118.0			1.0
7118.9			1.0
7119.8			1.0
7120.700000000001			1.0
7121.6			1.0
7122.5			1.0
7123.4			1.0
7124.3			1.0
7125.200000000001			1.0
7126.1			1.0
7127.0			1.0
7127.9			1.0
7128.8			1.0
7129.700000000001			1.0
7130.6			1.0
7131.5			1.0
7132.4			1.0
7133.3			1.0
7134.200000000001			1.0
7135.1			1.0
7136.0			1.0
7136.9			1.0
7137.8			1.0
7138.700000000001			1.0
7139.6			1.0
7140.5			1.0
7141.4			1.0
7142.3			1.0
7143.200000000001			1.0
7144.1			1.0
7145.0			1.0
7145.9			1.0
7146.8			1.0
7147.700000000001			1.0
7148.6			1.0
7149.5			1.0
7150.4			1.0
7151.3			1.0
7152.200000000001			1.0
7153.1			1.0
7154.0			1.0
7154.9			1.0
7155.8			1.0
7156.700000000001			1.0
7157.6			1.0
7158.5			1.0
7159.4			1.0
7160.3			1.0
7161.200000000001			1.0
7162.1			1.0
7163.0			1.0
7163.9			1.0
7164.8			1.0
7165.700000000001			1.0
7166.6			1.0
7167.5			1.0
7168.4			1.0
7169.3			1.0
7170.200000000001			1.0
7171.1			1.0
7172.0			1.0
7172.9			1.0
7173.8			1.0
7174.700000000001			1.0
7175.6			1.0
7176.5			1.0
7177.4			1.0
7178.3			1.0
7179.200000000001			1.0
7180.1			1.0
7181.0			1.0
7181.9			1.0
7182.8			1.0
7183.700000000001			1.0
7184.6			1.0
7185.5			1.0
7186.4			1.0
7187.3			1.0
7188.200000000001			1.0
7189.1			1.0
7190.0			1.0
7190.9			1.0
7191.8			1.0
7192.700000000001			1.0
7193.6			1.0
7194.5			1.0
7195.4			1.0
7196.3			1.0
7197.200000000001			1.0
7198.1			1.0
7199.0			1.0
7199.9			1.0
7200.8			1.0
7201.700000000001			1.0
7202.6			1.0
7203.5			1.0
7204.4			1.0
7205.3			1.0
7206.200000000001			1.0
7207.1			1.0
7208.0			1.0
7208.9			1.0
7209.8			1.0
7210.700000000001			1.0
7211.6			1.0
7212.5			1.0
7213.4			1.0
7214.3			1.0
7215.200000000001			1.0
7216.1			1.0
7217.0			1.0
7217.9			1.0
7218.8			1.0
7219.700000000001			1.0
7220.6			1.0
7221.5			1.0
7222.4			1.0
7223.3			1.0
7224.200000000001			1.0
7225.1			1.0
7226.0			1.0
7226.9			1.0
7227.8			1.0
7228.700000000001			1.0
7229.6			1.0
7230.5			1.0
7231.4			1.0
7232.3			1.0
7233.200000000001			1.0
7234.1			1.0
7235.0			1.0
7235.9			1.0
7236.8			1.0
7237.700000000001			1.0
7238.6			1.0
7239.5			1.0
7240.4			1.0
7241.3			1.0
7242.200000000001			1.0
7243.1			1.0
7244.0			1.0
7244.9			1.0
7245.8			1.0
7246.700000000001			1.0
7247.6			1.0
7248.5			1.0
7249.4			1.0
7250.3			1.0
7251.200000000001			1.0
7252.1			1.0
7253.0			1.0
7253.9			1.0
7254.8			1.0
7255.700000000001			1.0
7256.6			1.0
7257.5			1.0
7258.4			1.0
7259.3			1.0
7260.200000000001			1.0
7261.1			1.0
7262.0			1.0
7262.9			1.0
7263.8			1.0
7264.700000000001			1.0
7265.6			1.0
7266.5			1.0
7267.4			1.0
7268.3			1.0
7269.200000000001			1.0
7270.1			1.0
7271.0			1.0
7271.9			1.0
7272.8			1.0
7273.700000000001			1.0
7274.6			1.0
7275.5			1.0
7276.4			1.0
7277.3			1.0
7278.200000000001			1.0
7279.1			1.0
7280.0			1.0
7280.9			1.0
7281.8			1.0
7282.700000000001			1.0
7283.6			1.0
7284.5			1.0
7285.4			1.0
7286.3			1.0
7287.200000000001			1.0
7288.1			1.0
7289.0			1.0
7289.9			1.0
7290.8			1.0
7291.700000000001			1.0
7292.6			1.0
7293.5			1.0
7294.4			1.0
7295.3			1.0
7296.200000000001			1.0
7297.1			1.0
7298.0			1.0
7298.9			1.0
7299.8			1.0
7300.700000000001			1.0
7301.6			1.0
7302.5			1.0
7303.4			1.0
7304.3			1.0
7305.200000000001			1.0
7306.1			1.0
7307.0			1.0
7307.9			1.0
7308.8			1.0
7309.700000000001			1.0
7310.6			1.0
7311.5			1.0
7312.4			1.0
7313.3			1.0
7314.200000000001			1.0
7315.1			1.0
7316.0			1.0
7316.9			1.0
7317.8			1.0
7318.700000000001			1.0
7319.6			1.0
7320.5			1.0
7321.4			1.0
7322.3			1.0
7323.200000000001			1.0
7324.1			1.0
7325.0			1.0
7325.9			1.0
7326.8			1.0
7327.700000000001			1.0
7328.6			1.0
7329.5			1.0
7330.4			1.0
7331.3			1.0
7332.200000000001			1.0
7333.1			1.0
7334.0			1.0
7334.9			1.0
7335.8			1.0
7336.700000000001			1.0
7337.6			1.0
7338.5			1.0
7339.4			1.0
7340.3			1.0
7341.200000000001			1.0
7342.1			1.0
7343.0			1.0
7343.9			1.0
7344.8			1.0
7345.700000000001			1.0
7346.6			1.0
7347.5			1.0
7348.4			1.0
7349.3			1.0
7350.200000000001			1.0
7351.1			1.0
7352.0			1.0
7352.9			1.0
7353.8			1.0
7354.700000000001			1.0
7355.6			1.0
7356.5			1.0
7357.4			1.0
7358.3			1.0
7359.200000000001			1.0
7360.1			1.0
7361.0			1.0
7361.9			1.0
7362.8			1.0
7363.700000000001			1.0
7364.6			1.0
7365.5			1.0
7366.4			1.0
7367.3			1.0
7368.200000000001			1.0
7369.1			1.0
7370.0			1.0
7370.9			1.0
7371.8			1.0
7372.700000000001			1.0
7373.6			1.0
7374.5			1.0
7375.4			1.0
7376.3			1.0
7377.200000000001			1.0
7378.1			1.0
7379.0			1.0
7379.9			1.0
7380.8			1.0
7381.700000000001			1.0
7382.6			1.0
7383.5			1.0
7384.4			1.0
7385.3			1.0
7386.200000000001			1.0
7387.1			1.0
7388.0			1.0
7388.9			1.0
7389.8			1.0
7390.700000000001			1.0
7391.6			1.0
7392.5			1.0
7393.4			1.0
7394.3			1.0
7395.200000000001			1.0
7396.1			1.0
7397.0			1.0
7397.9			1.0
7398.8			1.0
7399.700000000001			1.0
7400.6			1.0
7401.5			1.0
7402.4			1.0
7403.3			1.0
7404.200000000001			1.0
7405.1			1.0
7406.0			1.0
7406.9			1.0
7407.8			1.0
7408.700000000001			1.0
7409.6			1.0
7410.5			1.0
7411.4			1.0
7412.3			1.0
7413.200000000001			1.0
7414.1			1.0
7415.0			1.0
7415.9			1.0
7416.8			1.0
7417.700000000001			1.0
7418.6			1.0
7419.5			1.0
7420.4			1.0
7421.3			1.0
7422.200000000001			1.0
7423.1			1.0
7424.0			1.0
7424.9			1.0
7425.8			1.0
7426.700000000001			1.0
7427.6			1.0
7428.5			1.0
7429.4			1.0
