3500.0			1.0
3500.9			1.0
3501.8			1.0
3502.7			1.0
3503.6			1.0
3504.5			1.0
3505.4			1.0
3506.3			1.0
3507.2			1.0
3508.1			1.0
3509.0			1.0
3509.9			1.0
3510.8			1.0
3511.7			1.0
3512.6			1.0
3513.5			1.0
3514.4			1.0
3515.3			1.0
3516.2			1.0
3517.1			1.0
3518.0			1.0
3518.9			1.0
3519.8			1.0
3520.7			1.0
3521.6			1.0
3522.5			1.0
3523.4			1.0
3524.3			1.0
3525.2			1.0
3526.1			1.0
3527.0			1.0
3527.9			1.0
3528.8			1.0
3529.7			1.0
3530.6			1.0
3531.5			1.0
3532.4			1.0
3533.3			1.0
3534.2			1.0
3535.1			1.0
3536.0			1.0
3536.9			1.0
3537.8			1.0
3538.7			1.0
3539.6			1.0
3540.5			1.0
3541.4			1.0
3542.3			1.0
3543.2			1.0
3544.1			1.0
3545.0			1.0
3545.9			1.0
3546.8			1.0
3547.7			1.0
3548.6			1.0
3549.5			1.0
3550.4			1.0
3551.3			1.0
3552.2			1.0
3553.1			1.0
3554.0			1.0
3554.9			1.0
3555.8			1.0
3556.7			1.0
3557.6			1.0
3558.5			1.0
3559.4			1.0
3560.3			1.0
3561.2			1.0
3562.1			1.0
3563.0			1.0
3563.9			1.0
3564.8			1.0
3565.7			1.0
3566.6			1.0
3567.5			1.0
3568.4			1.0
3569.3			1.0
3570.2			1.0
3571.1			1.0
3572.0			1.0
3572.9			1.0
3573.8			1.0
3574.7			1.0
3575.6			1.0
3576.5			1.0
3577.4			1.0
3578.3			1.0
3579.2			1.0
3580.1			1.0
3581.0			1.0
3581.9			1.0
3582.8			1.0
3583.7			1.0
3584.6			1.0
3585.5			1.0
3586.4			1.0
3587.3			1.0
3588.2			1.0
3589.1			1.0
3590.0			1.0
3590.9			1.0
3591.8			1.0
3592.7			1.0
3593.6			1.0
3594.5			1.0
3595.4			1.0
3596.3			1.0
3597.2			1.0
3598.1			1.0
3599.0			1.0
3599.9			1.0
3600.8			1.0
3601.7			1.0
3602.6			1.0
3603.5			1.0
3604.4			1.0
3605.3			1.0
3606.2			1.0
3607.1			1.0
3608.0			1.0
3608.9			1.0
3609.8			1.0
3610.7			1.0
3611.6			1.0
3612.5			1.0
3613.4			1.0
3614.3			1.0
3615.2			1.0
3616.1			1.0
3617.0			1.0
3617.9			1.0
3618.8			1.0
3619.7			1.0
3620.6			1.0
3621.5			1.0
3622.4			1.0
3623.3			1.0
3624.2			1.0
3625.1			1.0
3626.0			1.0
3626.9			1.0
3627.8			1.0
3628.7			1.0
3629.6			1.0
3630.5			1.0
3631.4			1.0
3632.3			1.0
3633.2			1.0
3634.1			1.0
3635.0			1.0
3635.9			1.0
3636.8			1.0
3637.7			1.0
3638.6			1.0
3639.5			1.0
3640.4			1.0
3641.3			1.0
3642.2			1.0
3643.1			1.0
3644.0			1.0
3644.9			1.0
3645.8			1.0
3646.7			1.0
3647.6			1.0
3648.5			1.0
3649.4			1.0
3650.3			1.0
3651.2			1.0
3652.1			1.0
3653.0			1.0
3653.9			1.0
3654.8			1.0
3655.7			1.0
3656.6			1.0
3657.5			1.0
3658.4			1.0
3659.3			1.0
3660.2			1.0
3661.1			1.0
3662.0			1.0
3662.9			1.0
3663.8			1.0
3664.7			1.0
3665.6			1.0
3666.5			1.0
3667.4			1.0
3668.3			1.0
3669.2			1.0
3670.1			1.0
3671.0			1.0
3671.9			1.0
3672.8			1.0
3673.7			1.0
3674.6			1.0
3675.5			1.0
3676.4			1.0
3677.3			1.0
3678.2			1.0
3679.1			1.0
3680.0			1.0
3680.9			1.0
3681.8			1.0
3682.7			1.0
3683.6			1.0
3684.5			1.0
3685.4			1.0
3686.3			1.0
3687.2			1.0
3688.1			1.0
3689.0			1.0
3689.9			1.0
3690.8			1.0
3691.7			1.0
3692.6			1.0
3693.5			1.0
3694.4			1.0
3695.3			1.0
3696.2			1.0
3697.1			1.0
3698.0			1.0
3698.9			1.0
3699.8			1.0
3700.7			1.0
3701.6			1.0
3702.5			1.0
3703.4			1.0
3704.3			1.0
3705.2			1.0
3706.1			1.0
3707.0			1.0
3707.9			1.0
3708.8			1.0
3709.7			1.0
3710.6			1.0
3711.5			1.0
3712.4			1.0
3713.3			1.0
3714.2			1.0
3715.1			1.0
3716.0			1.0
3716.9			1.0
3717.8			1.0
3718.7			1.0
3719.6			1.0
3720.5			1.0
3721.4			1.0
3722.3			1.0
3723.2			1.0
3724.1			1.0
3725.0			1.0
3725.9			1.0
3726.8			1.0
3727.7			1.0
3728.6			1.0
3729.5			1.0
3730.4			1.0
3731.3			1.0
3732.2			1.0
3733.1			1.0
3734.0			1.0
3734.9			1.0
3735.8			1.0
3736.7			1.0
3737.6			1.0
3738.5			1.0
3739.4			1.0
3740.3			1.0
3741.2			1.0
3742.1			1.0
3743.0			1.0
3743.9			1.0
3744.8			1.0
3745.7			1.0
3746.6			1.0
3747.5			1.0
3748.4			1.0
3749.3			1.0
3750.2			1.0
3751.1			1.0
3752.0			1.0
3752.9			1.0
3753.8			1.0
3754.7			1.0
3755.6			1.0
3756.5			1.0
3757.4			1.0
3758.3			1.0
3759.2			1.0
3760.1			1.0
3761.0			1.0
3761.9			1.0
3762.8			1.0
3763.7			1.0
3764.6			1.0
3765.5			1.0
3766.4			1.0
3767.3			1.0
3768.2			1.0
3769.1			1.0
3770.0			1.0
3770.9			1.0
3771.8			1.0
3772.7			1.0
3773.6			1.0
3774.5			1.0
3775.4			1.0
3776.3			1.0
3777.2			1.0
3778.1			1.0
3779.0			1.0
3779.9			1.0
3780.8			1.0
3781.7			1.0
3782.6			1.0
3783.5			1.0
3784.4			1.0
3785.3			1.0
3786.2			1.0
3787.1			1.0
3788.0			1.0
3788.9			1.0
3789.8			1.0
3790.7			1.0
3791.6			1.0
3792.5			1.0
3793.4			1.0
3794.3			1.0
3795.2			1.0
3796.1			1.0
3797.0			1.0
3797.9			1.0
3798.8			1.0
3799.7			1.0
3800.6			1.0
3801.5			1.0
3802.4			1.0
3803.3			1.0
3804.2			1.0
3805.1			1.0
3806.0			1.0
3806.9			1.0
3807.8			1.0
3808.7			1.0
3809.6			1.0
3810.5			1.0
3811.4			1.0
3812.3			1.0
3813.2			1.0
3814.1			1.0
3815.0			1.0
3815.9			1.0
3816.8			1.0
3817.7			1.0
3818.6			1.0
3819.5			1.0
3820.4			1.0
3821.3			1.0
3822.2			1.0
3823.1			1.0
3824.0			1.0
3824.9			1.0
3825.8			1.0
3826.7			1.0
3827.6			1.0
3828.5			1.0
3829.4			1.0
3830.3			1.0
3831.2			1.0
3832.1			1.0
3833.0			1.0
3833.9			1.0
3834.8			1.0
3835.7			1.0
3836.6			1.0
3837.5			1.0
3838.4			1.0
3839.3			1.0
3840.2			1.0
3841.1			1.0
3842.0			1.0
3842.9			1.0
3843.8			1.0
3844.7			1.0
3845.6			1.0
3846.5			1.0
3847.4			1.0
3848.3			1.0
3849.2			1.0
3850.1			1.0
3851.0			1.0
3851.9			1.0
3852.8			1.0
3853.7			1.0
3854.6			1.0
3855.5			1.0
3856.4			1.0
3857.3			1.0
3858.2			1.0
3859.1			1.0
3860.0			1.0
3860.9			1.0
3861.8			1.0
3862.7			1.0
3863.6			1.0
3864.5			1.0
3865.4			1.0
3866.3			1.0
3867.2			1.0
3868.1			1.0
3869.0			1.0
3869.9			1.0
3870.8			1.0
3871.7			1.0
3872.6			1.0
3873.5			1.0
3874.4			1.0
3875.3			1.0
3876.2			1.0
3877.1			1.0
3878.0			1.0
3878.9			1.0
3879.8			1.0
3880.7			1.0
3881.6			1.0
3882.5			1.0
3883.4			1.0
3884.3			1.0
3885.2			1.0
3886.1			1.0
3887.0			1.0
3887.9			1.0
3888.8			1.0
3889.7			1.0
3890.6			1.0
3891.5			1.0
3892.4			1.0
3893.3			1.0
3894.2			1.0
3895.1			1.0
3896.0			1.0
3896.9			1.0
3897.8			1.0
3898.7			1.0
3899.6			1.0
3900.5			1.0
3901.4			1.0
3902.3			1.0
3903.2			1.0
3904.1			1.0
3905.0			1.0
3905.9			1.0
3906.8			1.0
3907.7			1.0
3908.6			1.0
3909.5			1.0
3910.4			1.0
3911.3			1.0
3912.2			1.0
3913.1			1.0
3914.0			1.0
3914.9			1.0
3915.8			1.0
3916.7			1.0
3917.6			1.0
3918.5			1.0
3919.4			1.0
3920.3			1.0
3921.2			1.0
3922.1			1.0
3923.0			1.0
3923.9			1.0
3924.8			1.0
3925.7			1.0
3926.6			1.0
3927.5			1.0
3928.4			1.0
3929.3			1.0
3930.2			1.0
3931.1			1.0
3932.0			1.0
3932.9			1.0
3933.8			1.0
3934.7			1.0
3935.6			1.0
3936.5			1.0
3937.4			1.0
3938.3			1.0
3939.2			1.0
3940.1			1.0
3941.0			1.0
3941.9			1.0
3942.8			1.0
3943.7			1.0
3944.6			1.0
3945.5			1.0
3946.4			1.0
3947.3			1.0
3948.2			1.0
3949.1			1.0
3950.0			1.0
3950.9			1.0
3951.8			1.0
3952.7			1.0
3953.6			1.0
3954.5			1.0
3955.4			1.0
3956.3			1.0
3957.2			1.0
3958.1			1.0
3959.0			1.0
3959.9			1.0
3960.8			1.0
3961.7			1.0
3962.6			1.0
3963.5			1.0
3964.4			1.0
3965.3			1.0
3966.2			1.0
3967.1			1.0
3968.0			1.0
3968.9			1.0
3969.8			1.0
3970.7			1.0
3971.6			1.0
3972.5			1.0
3973.4			1.0
3974.3			1.0
3975.2			1.0
3976.1			1.0
3977.0			1.0
3977.9			1.0
3978.8			1.0
3979.7			1.0
3980.6			1.0
3981.5			1.0
3982.4			1.0
3983.3			1.0
3984.2			1.0
3985.1			1.0
3986.0			1.0
3986.9			1.0
3987.8			1.0
3988.7			1.0
3989.6			1.0
3990.5			1.0
3991.4			1.0
3992.3			1.0
3993.2			1.0
3994.1			1.0
3995.0			1.0
3995.9			1.0
3996.8			1.0
3997.7			1.0
3998.6			1.0
3999.5			1.0
4000.4			1.0
4001.3			1.0
4002.2			1.0
4003.1			1.0
4004.0			1.0
4004.9			1.0
4005.8			1.0
4006.7			1.0
4007.6			1.0
4008.5			1.0
4009.4			1.0
4010.3			1.0
4011.2			1.0
4012.1			1.0
4013.0			1.0
4013.9			1.0
4014.8			1.0
4015.7			1.0
4016.6			1.0
4017.5			1.0
4018.4			1.0
4019.3			1.0
4020.2			1.0
4021.1			1.0
4022.0			1.0
4022.9			1.0
4023.8			1.0
4024.7			1.0
4025.6			1.0
4026.5			1.0
4027.4			1.0
4028.3			1.043305910932732
4029.2			0.9419051305393891
4030.1			0.7136526766775128
4031.0			0.5604776163507028
4031.9			0.5271844732802732
4032.8			0.5029051098307149
4033.7			0.49826261906663705
4034.6			0.5943459590951556
4035.5			0.7822873698129477
4036.4			0.961271896223978
4037.3			1.048383403107342
4038.2			1.0448042250711662
4039.1			0.9958419719120788
4040.0			1.0
4040.9			1.0
4041.8			0.9838695486084913
4042.7			0.971033577003731
4043.6			0.8807403666392297
4044.5			0.7090337110342528
4045.4			0.5760442559507483
4046.3			0.59432361975332
4047.2			0.7464173047968503
4048.1			0.8998885680102475
4049.0			0.9998226412333157
4049.9			1.0
4050.8			1.0
4051.7			1.0
4052.6			1.0
4053.5			1.0
4054.4			1.0
4055.3			1.0
4056.2			1.0
4057.1			1.0
4058.0			1.0
4058.9			1.0
4059.8			1.0
4060.7			1.0
4061.6			1.0
4062.5			1.0
4063.4			1.0
4064.3			1.0
4065.2			1.0
4066.1			1.0
4067.0			1.0
4067.9			1.0
4068.8			1.0
4069.7			1.0
4070.6			1.0
4071.5			1.0
4072.4			1.0
4073.3			1.0
4074.2			1.0
4075.1			0.9178256492482075
4076.0			0.7445252091422255
4076.9			0.5884541330787546
4077.8			0.5511109095224853
4078.7			0.6650375101042797
4079.6			0.8539406961557573
4080.5			1.0045218451027147
4081.4			1.0
4082.3			1.0
4083.2			1.0
4084.1			1.0
4085.0			1.0
4085.9			1.0
4086.8			1.0
4087.7			1.0
4088.6			1.0
4089.5			1.0
4090.4			1.0
4091.3			1.0
4092.2			0.9453821325406787
4093.1			0.9783382177284203
4094.0			1.0402796902361269
4094.9			0.9879737283248247
4095.8			0.8649872151812346
4096.7			0.8209618238149129
4097.6			0.8464894231762043
4098.5			0.8441922341780563
4099.4			0.7870812651638104
4100.3			0.7042171278712834
4101.2			0.6709616040770747
4102.1			0.7376216148606444
4103.0			0.8420513265924293
4103.9			0.9078197492588388
4104.8			0.9826237944560435
4105.7			1.1017220852705276
4106.6			1.1819549156505778
4107.5			1.187872845065963
4108.4			1.1546939683698434
4109.3			1.0884272842320244
4110.2			1.0006954349557362
4111.1			1.0
4112.0			1.0
4112.9			1.0
4113.8			1.0
4114.7			1.0
4115.6			1.0
4116.5			1.0
4117.4			1.0
4118.3			1.0
4119.2			1.0
4120.1			1.0
4121.0			1.0
4121.9			1.0
4122.8			1.0
4123.7			1.0
4124.6			1.0
4125.5			1.0
4126.4			1.0
4127.3			1.0
4128.2			1.0
4129.1			1.0
4130.0			1.0
4130.9			1.0
4131.8			1.0
4132.7			1.0
4133.6			1.0
4134.5			1.0
4135.4			1.0
4136.3			1.0
4137.2			1.0
4138.1			1.0
4139.0			1.0
4139.9			0.9946623071296088
4140.8			0.972341257666049
4141.7			0.8388484030882624
4142.6			0.636838644147185
4143.5			0.5509473261583678
4144.4			0.64783860962895
4145.3			0.8289522621704944
4146.2			0.9610845553252996
4147.1			1.0025483258227357
4148.0			1.0
4148.9			1.0
4149.8			1.0
4150.7			1.0
4151.6			1.0
4152.5			1.0
4153.4			1.0
4154.3			1.0
4155.2			1.0
4156.1			1.0
4157.0			1.0
4157.9			1.0
4158.8			1.0
4159.7			1.0
4160.6			1.0
4161.5			1.0
4162.4			1.0
4163.3			1.0
4164.2			1.0
4165.1			1.0
4166.0			1.0
4166.9			0.9947759387911694
4167.8			0.9581303054603462
4168.7			0.9585108330229136
4169.6			1.001165737445939
4170.5			0.9884686246989117
4171.4			0.8682525545618259
4172.3			0.7279806457714046
4173.2			0.6680370167977852
4174.1			0.6991281785527852
4175.0			0.7771967919976562
4175.9			0.8359096120438303
4176.8			0.8407584792579866
4177.7			0.8502693720924357
4178.6			0.9265358184634236
4179.5			1.006088148826327
4180.4			1.0
4181.3			1.0
4182.2			1.0
4183.1			1.0
4184.0			1.0
4184.9			1.0
4185.8			1.0
4186.7			1.0
4187.6			1.0
4188.5			1.0
4189.4			1.0
4190.3			1.0
4191.2			1.0
4192.1			1.1171056651828393
4193.0			1.2492945885277233
4193.9			1.2346851970980206
4194.8			1.1324630059036496
4195.7			1.0445325758774655
4196.6			0.9635825899039823
4197.5			0.8713833955437311
4198.4			0.8083326642067659
4199.3			0.7861259160819981
4200.2			0.771696564887169
4201.1			0.7495344767566714
4202.0			0.7613835473530728
4202.9			0.8209575430068858
4203.8			0.8606250055221806
4204.7			0.8603075137506899
4205.6			0.8792262096099451
4206.5			0.9380964468762093
4207.4			1.0310679875514794
4208.3			1.0997334597747634
4209.2			1.07013519177679
4210.1			1.0052470400336133
4211.0			1.0
4211.9			1.0
4212.8			1.0
4213.7			1.0
4214.6			1.0
4215.5			1.0
4216.4			1.0
4217.3			1.0
4218.2			1.0620209095784539
4219.1			1.063357903175615
4220.0			1.039323573498953
4220.9			0.9689550846394135
4221.8			0.8498873894943231
4222.7			0.722795451794326
4223.6			0.5966607941143561
4224.5			0.46031243311863074
4225.4			0.3219890994502883
4226.3			0.22507191890719827
4227.2			0.22983314504489086
4228.1			0.33900227399325755
4229.0			0.4957435979302973
4229.9			0.667093316882224
4230.8			0.8251377898848729
4231.7			0.9091585397115327
4232.6			0.9172615263726546
4233.5			0.9291048450805884
4234.4			0.9898207807240987
4235.3			1.0
4236.2			1.0
4237.1			1.0
4238.0			1.0
4238.9			1.0
4239.8			1.0
4240.7			1.0
4241.6			1.0
4242.5			1.0
4243.4			1.0
4244.3			1.0
4245.2			1.0
4246.1			1.0
4247.0			1.0
4247.9			1.0112921834203077
4248.8			1.0308990806252045
4249.7			0.9406547179963003
4250.6			0.8056835757807883
4251.5			0.7695712637236578
4252.4			0.778142276794603
4253.3			0.6997653873946608
4254.2			0.6105696701818119
4255.1			0.6844452528546137
4256.0			0.9066769817786247
4256.9			1.0934573341475673
4257.8			1.1246319482982736
4258.7			1.0529640649977756
4259.6			0.9888085722781742
4260.5			0.9939912633642791
4261.4			1.0
4262.3			1.0
4263.2			1.0
4264.1			1.0
4265.0			1.0
4265.9			1.0
4266.8			1.0
4267.7			1.0
4268.6			0.9455033721694964
4269.5			0.8746263948826933
4270.4			0.741732518720068
4271.3			0.593345199954481
4272.2			0.5532809455376063
4273.1			0.5835293674237004
4274.0			0.5560233566260422
4274.9			0.534575376388468
4275.8			0.6495033617745326
4276.7			0.8547272354504717
4277.6			1.0528110051420052
4278.5			1.170891271859621
4279.4			1.1498539677168285
4280.3			1.0589939084171396
4281.2			1.0010222857094735
4282.1			1.0
4283.0			1.0
4283.9			1.0
4284.8			1.0
4285.7			0.9712569718302281
4286.6			0.9180107128109157
4287.5			0.8295003266278912
4288.4			0.6895537667162646
4289.3			0.5303812554382684
4290.2			0.4662356788998469
4291.1			0.5737205122638518
4292.0			0.8060220242297416
4292.9			0.981472856164681
4293.8			1.006174907898592
4294.7			0.9999698926603597
4295.6			1.0
4296.5			1.0
4297.4			1.0
4298.3			1.0
4299.2			1.0
4300.1			1.0
4301.0			1.0
4301.9			1.0
4302.8			1.0
4303.7			1.06524216887312
4304.6			1.043430994043732
4305.5			0.8808114916063463
4306.4			0.6975908442317574
4307.3			0.5846777958037478
4308.2			0.5723078103271356
4309.1			0.669504781540005
4310.0			0.8393210703419622
4310.9			1.0058922330209974
4311.8			1.0
4312.7			1.0
4313.6			1.0
4314.5			1.0
4315.4			1.0
4316.3			1.0
4317.2			1.0
4318.1			1.0
4319.0			1.0
4319.9			1.0
4320.8			1.0
4321.7			1.0
4322.6			1.024439838141937
4323.5			0.9533921583915225
4324.4			0.7685409034842111
4325.3			0.5899234503834232
4326.2			0.5854705147775013
4327.1			0.7883721521030896
4328.0			1.0112144947650845
4328.9			1.0
4329.8			1.0
4330.7			1.0
4331.6			1.0
4332.5			1.0
4333.4			1.0
4334.3			1.0730347859978406
4335.2			1.113798131429536
4336.1			1.0219982823806415
4337.0			0.8309497807958591
4337.9			0.7146675876996766
4338.8			0.6983598419073758
4339.7			0.6767541410453026
4340.6			0.6913434575617581
4341.5			0.8120179475756527
4342.4			0.9403197570659303
4343.3			0.976719866045823
4344.2			0.9743519955993565
4345.1			0.9952277347647098
4346.0			1.0
4346.9			1.0
4347.8			1.0
4348.7			1.1197661361272422
4349.6			1.1120115566930928
4350.5			0.9284503915944514
4351.4			0.730333362982992
4352.3			0.685944537653357
4353.2			0.7710480992937543
4354.1			0.8678877816435875
4355.0			0.9334203694569218
4355.9			0.9999945976485243
4356.8			1.0
4357.7			1.0
4358.6			1.0
4359.5			1.0
4360.4			1.0
4361.3			1.0
4362.2			1.0
4363.1			1.0
4364.0			1.0
4364.9			1.0
4365.8			1.0
4366.7			1.0
4367.6			1.0
4368.5			1.0
4369.4			1.0
4370.3			1.0
4371.2			1.0
4372.1			0.9762024413653269
4373.0			0.9066427918950712
4373.9			0.801029415737258
4374.8			0.7289930146575041
4375.7			0.7669334574213198
4376.6			0.900894156650046
4377.5			1.000919219825089
4378.4			1.0
4379.3			1.0
4380.2			0.946581515092903
4381.1			0.8980534211475136
4382.0			0.7612626484758129
4382.9			0.5635361961641979
4383.8			0.45672407990662134
4384.7			0.5511942921622913
4385.6			0.7808842694074879
4386.5			0.9587731434112773
4387.4			0.9987752773391922
4388.3			1.0
4389.2			1.0
4390.1			1.0
4391.0			1.0
4391.9			1.0
4392.8			1.0
4393.7			1.0
4394.6			1.0
4395.5			1.0
4396.4			1.0
4397.3			1.0
4398.2			1.0
4399.1			1.0
4400.0			0.8925292811453475
4400.9			0.8866655567550465
4401.8			0.9698714185966405
4402.7			0.9391544622502812
4403.6			0.7239463663412776
4404.5			0.5264547739091351
4405.4			0.5068161150141095
4406.3			0.5812447081304045
4407.2			0.6013073962684713
4408.1			0.6085352728810965
4409.0			0.7337100007965263
4409.9			0.9171552237055103
4410.8			1.0019502054099414
4411.7			1.0
4412.6			0.9818557238303898
4413.5			0.9043156198208069
4414.4			0.7499210368137124
4415.3			0.6619185387843427
4416.2			0.7258802989571297
4417.1			0.8666683889633346
4418.0			1.000402923191893
4418.9			1.0
4419.8			1.0
4420.7			1.0
4421.6			1.0
4422.5			1.0
4423.4			1.0
4424.3			1.0
4425.2			1.0
4426.1			1.0
4427.0			1.0
4427.9			1.0
4428.8			1.0
4429.7			1.0
4430.6			1.0
4431.5			1.0
4432.4			1.0291962844231126
4433.3			0.9254626820365572
4434.2			0.7593733101846124
4435.1			0.6552235333451135
4436.0			0.7031733990562147
4436.9			0.8532042645758731
4437.8			1.0026356325591026
4438.7			1.0
4439.6			1.0
4440.5			1.0
4441.4			1.0
4442.3			1.0
4443.2			1.0
4444.1			1.0
4445.0			1.0
4445.9			1.0
4446.8			1.0
4447.7			1.0
4448.6			1.0
4449.5			1.0
4450.4			1.0
4451.3			1.0
4452.2			0.9959816248124629
4453.1			0.9158730875699559
4454.0			0.8213826382988311
4454.9			0.7606960266688263
4455.8			0.7716712617813247
4456.7			0.8277501903417593
4457.6			0.8562274559078367
4458.5			0.8369547649758787
4459.4			0.7983705116959487
4460.3			0.7516055346796896
4461.2			0.7129774494404691
4462.1			0.7639039808332369
4463.0			0.9193246744965955
4463.9			1.0233530020169044
4464.8			0.9845334251451431
4465.7			0.9229862550327782
4466.6			0.9383308268357053
4467.5			0.9757891373245481
4468.4			0.9744575967832168
4469.3			0.9700460256850159
4470.2			0.9927874248115544
4471.1			1.0
4472.0			1.0
4472.9			1.0
4473.8			1.0
4474.7			1.0
4475.6			1.0
4476.5			1.0
4477.4			1.0
4478.3			1.0
4479.2			0.9179442883919504
4480.1			0.8212901795401618
4481.0			0.7502433278572748
4481.9			0.7389367377063639
4482.8			0.8177656377863372
4483.7			0.9276399934892622
4484.6			1.003485424513181
4485.5			1.0
4486.4			1.0
4487.3			1.0
4488.2			1.0
4489.1			1.0
4490.0			1.0
4490.9			1.0
4491.8			1.09303509463253
4492.7			1.0973425884925176
4493.6			0.9864596195988323
4494.5			0.8447541355407477
4495.4			0.7574584530662147
4496.3			0.7456723987921448
4497.2			0.8238568536243676
4498.1			0.9395626402920255
4499.0			1.003613349159971
4499.9			1.0
4500.8			1.0
4501.7			1.0
4502.6			1.0
4503.5			1.0
4504.4			1.0
4505.3			1.0
4506.2			1.0
4507.1			1.0
4508.0			1.0
4508.9			1.0567614725654173
4509.8			1.087750168701399
4510.7			1.0863661204308643
4511.6			1.036599163648171
4512.5			0.9778323853768123
4513.4			0.9785619399227854
4514.3			1.0339483434073815
4515.2			1.0955915238622234
4516.1			1.1198827160119278
4517.0			1.0688802642920887
4517.9			1.003872871948491
4518.8			1.0
4519.7			1.0
4520.6			1.0
4521.5			1.0
4522.4			1.0
4523.3			1.0
4524.2			1.0278041095243446
4525.1			1.001092163163729
4526.0			0.8843513411782429
4526.9			0.775113879985914
4527.8			0.7428471835593276
4528.7			0.7780334313925367
4529.6			0.830321462049421
4530.5			0.8682645798857296
4531.4			0.9101548964973067
4532.3			0.9231163917530897
4533.2			0.844964813411444
4534.1			0.7270447054732191
4535.0			0.677513171293919
4535.9			0.8046995799471773
4536.8			1.0513864415404628
4537.7			1.1925205141222353
4538.6			1.1609533682775695
4539.5			1.0464400216564378
4540.4			0.9492956522073842
4541.3			0.9684037439291207
4542.2			1.0702942683805647
4543.1			1.1171506905303474
4544.0			1.0521206206104896
4544.9			0.9832587035324222
4545.8			1.0000099182750442
4546.7			1.0
4547.6			1.0
4548.5			1.0
4549.4			1.0
4550.3			1.0552832494735773
4551.2			1.0410268488577172
4552.1			0.9303297042495581
4553.0			0.8261004017793612
4553.9			0.7721203088299728
4554.8			0.766478825479611
4555.7			0.8341375585540479
4556.6			0.9408115003698465
4557.5			1.002976230236513
4558.4			1.0
4559.3			1.0
4560.2			1.0
4561.1			0.9938560356822509
4562.0			0.978392453594446
4562.9			0.9073962526873167
4563.8			0.8500483021872696
4564.7			0.8516478149000591
4565.6			0.9066889087037925
4566.5			1.0033252080436228
4567.4			1.0
4568.3			1.0
4569.2			1.0
4570.1			1.0
4571.0			0.889522405073978
4571.9			0.9058693260304191
4572.8			1.0329877683152906
4573.7			1.0920496040803693
4574.6			1.044061766083161
4575.5			1.0133399730799888
4576.4			1.0262577926273495
4577.3			1.0165782792943225
4578.2			0.961038802592975
4579.1			0.8791905500627207
4580.0			0.8331771109132491
4580.9			0.8827482540792575
4581.8			0.9838789220155097
4582.7			1.0145911759538762
4583.6			0.9368725861363238
4584.5			0.828519390564036
4585.4			0.7546409597799933
4586.3			0.7413403393271202
4587.2			0.7939704264712228
4588.1			0.8580959297720748
4589.0			0.8688014925283044
4589.9			0.8220914785656508
4590.8			0.7562553727757887
4591.7			0.7229938818660928
4592.6			0.7187323646096849
4593.5			0.702340271707633
4594.4			0.6918824952395342
4595.3			0.7282969586459862
4596.2			0.7731685978300274
4597.1			0.7806763512628642
4598.0			0.7780162884901262
4598.9			0.7827089568755111
4599.8			0.7714312934291568
4600.7			0.7587181465077366
4601.6			0.7681545485661699
4602.5			0.7760463874471499
4603.4			0.77207889918334
4604.3			0.7595918846594165
4605.2			0.7282999547813974
4606.1			0.7139470528430429
4607.0			0.7781544757123926
4607.9			0.8992134559544447
4608.8			0.9745470932731838
4609.7			0.9678078111392433
4610.6			0.9285841545181654
4611.5			0.8923679045415173
4612.4			0.8690985133848548
4613.3			0.8764724995635409
4614.2			0.9193053390618292
4615.1			0.9529141509738184
4616.0			0.9658338431714557
4616.9			0.9947721791758695
4617.8			0.9976251869943574
4618.7			1.0
4619.6			1.0
4620.5			1.0
4621.4			1.0312847640650518
4622.3			1.0205813966640036
4623.2			1.0171541994097055
4624.1			1.0110764914521
4625.0			0.9581302111058363
4625.9			0.8812354965335002
4626.8			0.8408211951303693
4627.7			0.825529485692449
4628.6			0.7954724551572181
4629.5			0.7933290503471151
4630.4			0.8595731200324745
4631.3			0.9157256412285538
4632.2			0.8864704215231741
4633.1			0.8245001673593938
4634.0			0.8013104318717472
4634.9			0.8068849582630908
4635.8			0.8145732392409853
4636.7			0.8123536306154295
4637.6			0.7922723930347407
4638.5			0.7487444106031367
4639.4			0.6976699998436084
4640.3			0.7031441328478293
4641.2			0.7842783113506361
4642.1			0.849794699604376
4643.0			0.8547278085887804
4643.9			0.8362453723302452
4644.8			0.7887228917097123
4645.7			0.7240092432426156
4646.6			0.7177850778705678
4647.5			0.7764212887663738
4648.4			0.8359481581798651
4649.3			0.8814514892286218
4650.2			0.9197561338208089
4651.1			0.9375179164595919
4652.0			0.9647396091978391
4652.9			0.9900207953666944
4653.8			0.9641738065339372
4654.7			0.9195918673463656
4655.6			0.9091966703631533
4656.5			1.0
4657.4			1.1133870236520547
4658.3			1.2313075641286542
4659.2			1.305357939973667
4660.1			1.3294603787811317
4661.0			1.288703248040106
4661.9			1.1933872477075267
4662.8			1.1272184499782176
4663.7			1.12707796656564
4664.6			1.1424007195769144
4665.5			1.1019866310264792
4666.4			0.9730174333255446
4667.3			0.8407067093383427
4668.2			0.8095101662956354
4669.1			0.8622751942777003
4670.0			0.9284364369193948
4670.9			0.9586433027119428
4671.8			0.9573376925545729
4672.7			0.9531567227647204
4673.6			0.933677008394202
4674.5			0.9080067016670196
4675.4			0.9495926267572719
4676.3			1.0351232428308779
4677.2			1.0705426772603814
4678.1			1.0
4679.0			0.9548068422481926
4679.9			0.9025362782299716
4680.8			0.8520570736048401
4681.7			0.8486357619502702
4682.6			0.9213570175844275
4683.5			0.9915053923189275
4684.4			1.00077903621237
4685.3			1.0
4686.2			1.0
4687.1			1.0
4688.0			1.0
4688.9			1.0
4689.8			1.0
4690.7			1.0
4691.6			1.0
4692.5			1.0
4693.4			1.0
4694.3			1.0
4695.2			1.0
4696.1			1.0
4697.0			1.0
4697.9			1.0
4698.8			1.0
4699.7			1.0
4700.6			1.0
4701.5			1.0
4702.4			1.0
4703.3			1.0
4704.2			1.0
4705.1			1.0
4706.0			1.0
4706.9			1.0
4707.8			1.0
4708.7			1.0
4709.6			1.0
4710.5			1.0
4711.4			1.0484329623076423
4712.3			1.020989696017243
4713.2			0.9488997410863926
4714.1			0.8715611193292696
4715.0			0.8482704647452103
4715.9			0.8935318984515163
4716.8			0.9462858610747843
4717.7			0.9696840674838023
4718.6			0.9999324074692277
4719.5			1.0
4720.4			1.0
4721.3			1.0
4722.2			1.0
4723.1			1.0007987123617685
4724.0			1.0756927196456512
4724.9			1.1374616663324786
4725.8			1.115253918463452
4726.7			1.000512517158877
4727.6			0.8750153892999519
4728.5			0.8390210693682532
4729.4			0.880945951455923
4730.3			0.9217789205900454
4731.2			0.9479360210316254
4732.1			0.9730322077814972
4733.0			1.0
4733.9			1.0216745520894308
4734.8			1.0944083168763514
4735.7			1.1130554988369616
4736.6			1.039068626186073
4737.5			1.0218030998563605
4738.4			1.088887559029099
4739.3			1.1221925009538354
4740.2			1.0861513432788044
4741.1			1.025913375906841
4742.0			1.0057838067315468
4742.9			1.0562131054243111
4743.8			1.1029773224154573
4744.7			1.1026818042142223
4745.6			1.1180590928197662
4746.5			1.1543304707497015
4747.4			1.1604223912480038
4748.3			1.1588268161749269
4749.2			1.1803312103294878
4750.1			1.1993340890478994
4751.0			1.1813502121009298
4751.9			1.142233652489096
4752.8			1.127386594376077
4753.7			1.1479888800532074
4754.6			1.1946123942313165
4755.5			1.2177808396831746
4756.4			1.1752843892583964
4757.3			1.094209861756677
4758.2			1.0221680150176984
4759.1			0.9873973803267647
4760.0			0.9528067633082078
4760.9			0.8559466926101573
4761.8			0.7484891807609256
4762.7			0.7075824297204206
4763.6			0.6983619001913142
4764.5			0.6709812107993804
4765.4			0.642321117234587
4766.3			0.6465612341628465
4767.2			0.6860585597283351
4768.1			0.7282823338482947
4769.0			0.7470701887703212
4769.9			0.7472339435534379
4770.8			0.7389356500596488
4771.7			0.7311586684914987
4772.6			0.7487492182081401
4773.5			0.8021535384585166
4774.4			0.857545514340592
4775.3			0.8842639058127004
4776.2			1.0
4777.1			0.993126540946732
4778.0			0.9605936538992671
4778.9			0.9246067851922012
4779.8			0.911117758609418
4780.7			0.9008502784649932
4781.6			0.8816665614458523
4782.5			0.8622875053344343
4783.4			0.8703503818740285
4784.3			0.9258566353218576
4785.2			0.9761587227479006
4786.1			0.986657991775395
4787.0			0.9925278320557815
4787.9			0.9984062400739173
4788.8			0.8372571008620603
4789.7			0.8439796282975204
4790.6			0.868673772972439
4791.5			0.9011820625731882
4792.4			0.9541966065344433
4793.3			1.0229312020052057
4794.2			1.0
4795.1			1.0
4796.0			0.9676711882070055
4796.9			0.9286799981877183
4797.8			0.8880728551777505
4798.7			0.8562327408735878
4799.6			0.8677778696663324
4800.5			0.9300529844867446
4801.4			1.0022169494211117
4802.3			1.0372842112357483
4803.2			0.9974456226159493
4804.1			0.8848730070080111
4805.0			0.7797765358784059
4805.9			0.7355448915688205
4806.8			0.717303217765591
4807.7			0.7066782105595822
4808.6			0.7249883081109777
4809.5			0.7615651357887315
4810.4			0.779766993239309
4811.3			0.7822771271039229
4812.2			0.8001406670380353
4813.1			0.8338361820483401
4814.0			0.8567121200181962
4814.9			0.8595411945653666
4815.8			0.8761521452204346
4816.7			0.9229888795383566
4817.6			0.9735443940860617
4818.5			1.0020061912972067
4819.4			0.9964581123334003
4820.3			1.0
4821.2			1.0
4822.1			1.0
4823.0			1.0
4823.9			1.0
4824.8			1.0
4825.7			1.0
4826.6			1.0
4827.5			1.0
4828.4			1.0
4829.3			1.0
4830.2			0.9808425452880916
4831.1			0.8906947893650047
4832.0			0.8346925652394795
4832.9			0.8988878622065049
4833.8			1.0010142233479127
4834.7			1.0
4835.6			1.0
4836.5			1.0
4837.4			1.0
4838.3			1.0
4839.2			1.0
4840.1			1.0
4841.0			1.0
4841.9			1.0
4842.8			1.0
4843.7			1.0
4844.6			1.0
4845.5			1.0
4846.4			1.0
4847.3			1.0
4848.2			1.0
4849.1			1.0
4850.0			1.0
4850.9			1.0
4851.8			1.0
4852.7			1.0
4853.6			1.0
4854.5			1.0
4855.4			1.0
4856.3			1.0
4857.2			1.0391382973152161
4858.1			1.0271210171071499
4859.0			0.9815834738344427
4859.9			0.8938565009344874
4860.8			0.8059030453214399
4861.7			0.8358668123131281
4862.6			0.9395994956386392
4863.5			0.9892188613055126
4864.4			1.0003096587279203
4865.3			1.0
4866.2			1.0
4867.1			1.0
4868.0			1.0
4868.9			1.0
4869.8			1.0
4870.7			1.0
4871.6			1.0
4872.5			1.0
4873.4			1.0
4874.3			1.0
4875.2			1.0
4876.1			1.0
4877.0			1.0
4877.9			1.0
4878.8			1.0
4879.7			1.0
4880.6			0.8956816707774388
4881.5			0.8687120482092834
4882.4			0.9531950990132042
4883.3			1.024363556278653
4884.2			1.0037223514517444
4885.1			0.9349043361365711
4886.0			0.9064622742389532
4886.9			0.9459812511662592
4887.8			0.9874957741513251
4888.7			0.9863897051684873
4889.6			0.9384235853856635
4890.5			0.878364898156656
4891.4			0.8973140433476778
4892.3			0.9831121425735723
4893.2			1.041641293428541
4894.1			1.0956595820727448
4895.0			1.1559627084510575
4895.9			1.1846704363015115
4896.8			1.1965725935601725
4897.7			1.1995552349768663
4898.6			1.1411303760599605
4899.5			1.052326500615354
4900.4			1.0484216114663838
4901.3			1.0916260922438956
4902.2			1.0714252679211236
4903.1			1.02810273665015
4904.0			1.0556545529689494
4904.9			1.1555273595483508
4905.8			1.2348807403970914
4906.7			1.212370897258004
4907.6			1.140853597204042
4908.5			1.092063872200389
4909.4			1.0788685849258912
4910.3			1.1115376697776784
4911.2			1.1655161927546107
4912.1			1.189380631566781
4913.0			1.171932820962638
4913.9			1.1865566150320184
4914.8			1.2395995238694673
4915.7			1.2669420559987556
4916.6			1.2468729840852357
4917.5			1.1736989243457152
4918.4			1.0530641303734265
4919.3			0.938627644388263
4920.2			0.9152960781369065
4921.1			1.0103741212255744
4922.0			1.1466554767579042
4922.9			1.20747475339356
4923.8			1.1579649950900694
4924.7			1.099868604411766
4925.6			1.1630328068880975
4926.5			1.280867027220639
4927.4			1.330523569250266
4928.3			1.36112768944581
4929.2			1.3938706648083885
4930.1			1.3817498599563627
4931.0			1.3548474789312726
4931.9			1.2882782698485733
4932.8			1.1713478430707764
4933.7			1.1270435670139602
4934.6			1.2293437494153823
4935.5			1.3187326332268436
4936.4			1.2634584606826404
4937.3			1.1283412857862434
4938.2			1.0362598139176795
4939.1			1.0719038362975764
4940.0			1.1739364365662743
4940.9			1.2322136282638192
4941.8			1.241072390598474
4942.7			1.2789773014777959
4943.6			1.3448878514140281
4944.5			1.3580025135539757
4945.4			1.3438909743578267
4946.3			1.3814464327165314
4947.2			1.418402411058746
4948.1			1.406264682961871
4949.0			1.4214755429067485
4949.9			1.47908708042262
4950.8			1.5126149375758735
4951.7			1.4721322358393907
4952.6			1.338114326535727
4953.5			1.1192362957834658
4954.4			0.8673316083247681
4955.3			0.6876504478769574
4956.2			0.5935071007991223
4957.1			0.5424542903688829
4958.0			0.5625201765595182
4958.9			0.6354727188556347
4959.8			0.694015296443958
4960.7			0.7082374096288855
4961.6			0.6895020612484964
4962.5			0.6724155537280924
4963.4			0.6649321787418162
4964.3			0.6538771761162314
4965.2			0.6463130766850137
4966.1			0.650356375906943
4967.0			0.6592735498119648
4967.9			0.6996583134280553
4968.8			0.7784647116814131
4969.7			0.8439502200626644
4970.6			0.8556291311900868
4971.5			0.8373282868033943
4972.4			0.834202991978201
4973.3			0.8538336037385631
4974.2			0.8812889005162878
4975.1			0.8952107309409659
4976.0			0.9007221536737756
4976.9			0.8870377959840455
4977.8			1.0
4978.7			0.949957177856543
4979.6			0.9208004336459652
4980.5			0.8602174684971218
4981.4			0.7799202200661838
4982.3			0.7739276562144546
4983.2			0.8672620737787503
4984.1			0.9664603215634712
4985.0			0.9981003715512755
4985.9			1.0000746901747126
4986.8			0.9015852791206593
4987.7			0.9343226565315049
4988.6			0.9278494211419297
4989.5			0.8941759044902937
4990.4			0.868005853844333
4991.3			0.8941681550886814
4992.2			0.9449379546913819
4993.1			0.9320609631791129
4994.0			0.8914446136985267
4994.9			0.9048743706596868
4995.8			0.9294473837365685
4996.7			0.9229492919634884
4997.6			0.8847617756520566
4998.5			0.7910539572418155
4999.4			0.7001746519928871
5000.3			0.7042183038052175
5001.2			0.7489229062954614
5002.1			0.7545287221608377
5003.0			0.7345245119603362
5003.9			0.7243875655826343
5004.8			0.7132114482581547
5005.7			0.6846721370309549
5006.6			0.6717864626311627
5007.5			1.0
5008.4			1.0741522558581733
5009.3			1.1147642183171966
5010.2			1.1085081547416955
5011.1			1.032674827272478
5012.0			0.9142976265713922
5012.9			0.8439200592997905
5013.8			0.8205916410198332
5014.7			0.8546149215542326
5015.6			0.9435669863378858
5016.5			1.004652539232728
5017.4			1.0168008240834754
5018.3			1.0098367315491992
5019.2			0.9937123684400898
5020.1			0.8009514635048827
5021.0			0.7779033908848536
5021.9			0.7439268469920852
5022.8			0.751306639640544
5023.7			0.8012253785072834
5024.6			0.8339912621862458
5025.5			0.854935813337822
5026.4			0.8649650336884687
5027.3			0.8553357878473692
5028.2			0.8706990104397146
5029.1			0.9074169498304364
5030.0			0.9250897232573988
5030.9			0.9434460217866831
5031.8			0.9783771022983879
5032.7			1.0064946197427023
5033.6			1.000292025993355
5034.5			1.0
5035.4			1.0
5036.3			1.0
5037.2			1.0185366768151052
5038.1			0.9764295870527786
5039.0			0.8599158536883383
5039.9			0.7469587617448742
5040.8			0.7171148608091207
5041.7			0.7945669990716397
5042.6			1.0
5043.5			1.0789180147354411
5044.4			1.142902806566765
5045.3			1.186849564918239
5046.2			1.1728828408556797
5047.1			1.1059112840786898
5048.0			1.0067207773452354
5048.9			0.9138539651435752
5049.8			0.863839547858503
5050.7			0.859823908809827
5051.6			0.8774598698145477
5052.5			0.9063211053455128
5053.4			0.9380587651750913
5054.3			0.9649840817734668
5055.2			0.9832412964177311
5056.1			0.9927044032667911
5057.0			1.0
5057.9			1.0
5058.8			1.0
5059.7			1.0
5060.6			1.0
5061.5			1.0321395154780542
5062.4			1.0062913301042364
5063.3			0.9138644459037963
5064.2			0.8118080100920285
5065.1			0.8282749076590806
5066.0			0.9345231975969663
5066.9			0.9873243662231556
5067.8			1.0
5068.7			1.0
5069.6			1.0
5070.5			1.0
5071.4			1.0
5072.3			1.0
5073.2			1.0
5074.1			1.0385113968449802
5075.0			0.9989990187446347
5075.9			0.9547048968621825
5076.8			0.9800343274914113
5077.7			0.9949061404613675
5078.6			0.9068503363299364
5079.5			0.8091616499351676
5080.4			0.8054670892748897
5081.3			0.843467909389489
5082.2			1.0
5083.1			0.9952842828095276
5084.0			1.0264628875209627
5084.9			1.0752823186136689
5085.8			1.108510343786292
5086.7			1.1088749008619427
5087.6			1.0999925944187083
5088.5			1.1038239695328425
5089.4			1.104579392931506
5090.3			1.0963135757404752
5091.2			1.1083269685324006
5092.1			1.1608125414712833
5093.0			1.1965194710486513
5093.9			1.1445541323793063
5094.8			1.0453540565776875
5095.7			1.0044144425648365
5096.6			1.0399957675613134
5097.5			1.0363863799880955
5098.4			0.9526477291510725
5099.3			0.9058313274060994
5100.2			0.9404204580133793
5101.1			0.9769358096314394
5102.0			0.9797454815557386
5102.9			0.9629742808778942
5103.8			0.9439248339182548
5104.7			0.9350799372238837
5105.6			0.9222413035788141
5106.5			0.8891684470634859
5107.4			0.8677084805422687
5108.3			0.8744289696954893
5109.2			0.8632730093625534
5110.1			0.8445217062121749
5111.0			0.8586099508241928
5111.9			0.8625586153612326
5112.8			0.8560920624100091
5113.7			1.0
5114.6			1.0791137536347033
5115.5			1.1050542433486803
5116.4			1.1145622488369098
5117.3			1.1362625087136637
5118.2			1.1130444824679262
5119.1			1.053098881326555
5120.0			1.0070947764292415
5120.9			0.9822842145292769
5121.8			0.952052853864217
5122.7			0.8802952253469095
5123.6			0.8285547379285271
5124.5			0.8577088985277088
5125.4			0.8965366951558159
5126.3			0.8766750777795652
5127.2			0.8429535593615791
5128.1			0.8439226481774027
5129.0			0.8478618104907235
5129.9			0.8680341903967714
5130.8			0.9405091059638755
5131.7			1.0022319630641734
5132.6			1.000854647133236
5133.5			1.0
5134.4			1.0
5135.3			1.0
5136.2			1.0
5137.1			0.9635778168773376
5138.0			0.9127047493353251
5138.9			0.8912855889194815
5139.8			0.9497785665224857
5140.7			0.9976347956072437
5141.6			0.9466005642399427
5142.5			0.8901305639749105
5143.4			0.908837895949724
5144.3			0.9262198472432321
5145.2			0.884518454214761
5146.1			0.8487287349379379
5147.0			0.8637641858699514
5147.9			0.9116964859956069
5148.8			0.9455691560877881
5149.7			0.9215611207837429
5150.6			0.8597519572646859
5151.5			0.8062332505754749
5152.4			0.7957953434444222
5153.3			0.8233907035180452
5154.2			0.8923644655922706
5155.1			1.004296979825726
5156.0			1.10495125611887
5156.9			1.170730370030304
5157.8			1.1876718717773904
5158.7			1.147836191542596
5159.6			1.1379691987907035
5160.5			1.190507072387524
5161.4			1.2066795661433245
5162.3			1.1692553999580448
5163.2			1.1568979110631297
5164.1			1.1107219649596893
5165.0			0.9312812603565621
5165.9			0.6779177781467168
5166.8			0.48725033962271586
5167.7			0.4134653579414792
5168.6			0.41722895362642454
5169.5			0.4578493678102106
5170.4			0.48697028432998385
5171.3			0.46897847762902606
5172.2			0.4340445482399159
5173.1			0.4400669293384296
5174.0			0.4992923915524104
5174.9			0.5675574845625719
5175.8			0.611111914754085
5176.7			0.6301885555987096
5177.6			0.6326199123987154
5178.5			0.6284365082405483
5179.4			0.6285439230745522
5180.3			1.0
5181.2			0.9614338464300953
5182.1			0.8798345737808952
5183.0			0.8067064660415474
5183.9			0.849937660237882
5184.8			0.9995055682327444
5185.7			0.7824656438521157
5186.6			0.829258236053483
5187.5			0.8431177283086896
5188.4			1.0
5189.3			1.0316736708662362
5190.2			1.0133757789096016
5191.1			0.9065118481322211
5192.0			0.8110943182582571
5192.9			0.8302004066716501
5193.8			0.9139377693361106
5194.7			0.9962301704817125
5195.6			0.8997780486597502
5196.5			0.9869008203897875
5197.4			1.0
5198.3			0.9799735584251212
5199.2			0.9692033603585747
5200.1			0.9578027542020116
5201.0			0.9269451741778555
5201.9			0.8914586597827675
5202.8			0.8399949700081728
5203.7			0.7413631723183869
5204.6			0.6313588676271518
5205.5			0.5904148957711343
5206.4			0.6146394530826097
5207.3			0.626007247637432
5208.2			0.6073938558755267
5209.1			0.6158085484708273
5210.0			0.6782741677576072
5210.9			0.8006477430411129
5211.8			0.9290846506432787
5212.7			0.9996562531888193
5213.6			1.0
5214.5			1.0
5215.4			1.0
5216.3			1.0
5217.2			1.0
5218.1			1.0
5219.0			1.0
5219.9			1.0
5220.8			1.0
5221.7			1.0
5222.6			0.9307685406964747
5223.5			0.8256128834073724
5224.4			0.734839946819477
5225.3			0.6837641838470975
5226.2			0.6711247101942173
5227.1			0.734124934608097
5228.0			0.8701655661010156
5228.9			0.9737363824604939
5229.8			1.0012382603377086
5230.7			1.0
5231.6			1.0
5232.5			1.0
5233.4			1.0
5234.3			1.0
5235.2			1.0
5236.1			1.0
5237.0			1.0
5237.9			1.0
5238.8			1.0
5239.7			1.0
5240.6			0.9531908189979322
5241.5			0.9837808122979456
5242.4			1.0319943054572838
5243.3			1.0686437859214883
5244.2			1.0839339768324348
5245.1			1.0092594486167268
5246.0			0.8377421375095123
5246.9			0.7359252782232416
5247.8			0.8135834693602745
5248.7			0.9076867147210351
5249.6			0.8711868160627599
5250.5			0.8042504169414243
5251.4			0.8447332403443064
5252.3			0.9491302937395226
5253.2			1.0001470258981564
5254.1			1.0
5255.0			1.0
5255.9			1.0
5256.8			1.0
5257.7			1.0
5258.6			1.0
5259.5			1.0
5260.4			1.0
5261.3			1.0
5262.2			1.0
5263.1			1.0
5264.0			1.0
5264.9			1.0
5265.8			1.0
5266.7			1.07245186572633
5267.6			1.0686221262707996
5268.5			0.8708283379575327
5269.4			0.6881116152313383
5270.3			0.7376907644764492
5271.2			0.9152240915155458
5272.1			1.0202232574718406
5273.0			1.0
5273.9			1.0
5274.8			1.0
5275.7			1.0
5276.6			1.0
5277.5			1.0
5278.4			1.0
5279.3			0.9664370592232443
5280.2			0.9176762967535627
5281.1			0.8709382614818717
5282.0			0.8261550461727384
5282.9			0.8127888253594443
5283.8			0.847887155388872
5284.7			0.9174083159386077
5285.6			0.9796840905747008
5286.5			0.9914872454397241
5287.4			1.0
5288.3			1.0
5289.2			1.0
5290.1			1.0
5291.0			1.0
5291.9			1.0
5292.8			1.0
5293.7			1.0234658948896052
5294.6			1.0253973915019665
5295.5			0.9563518901377309
5296.4			0.8434683508682108
5297.3			0.7848881735062023
5298.2			0.8417341685014221
5299.1			0.9493165215535576
5300.0			0.9933743975243097
5300.9			0.994075730698888
5301.8			1.0
5302.7			1.0
5303.6			1.0
5304.5			1.0
5305.4			1.0
5306.3			1.0
5307.2			1.0
5308.1			1.0
5309.0			1.0
5309.9			1.0
5310.8			1.0
5311.7			1.0
5312.6			1.0
5313.5			1.0
5314.4			1.0
5315.3			1.0
5316.2			1.0
5317.1			1.0
5318.0			1.0
5318.9			1.0
5319.8			1.0
5320.7			1.0
5321.6			1.0
5322.5			1.0
5323.4			1.0
5324.3			1.0124256038293855
5325.2			1.053324989453634
5326.1			0.99744422898386
5327.0			0.813767832970228
5327.9			0.6615028411324312
5328.8			0.7069230167750539
5329.7			0.8631358546602184
5330.6			0.9697997357104967
5331.5			0.9998600860961975
5332.4			1.0
5333.3			1.0
5334.2			1.0
5335.1			1.0
5336.0			1.0
5336.9			1.0
5337.8			1.0027962225725071
5338.7			0.9693845458649878
5339.6			0.8888466501101198
5340.5			0.8443752326630021
5341.4			0.9032078729633009
5342.3			0.9804796610874166
5343.2			1.0005238647945736
5344.1			1.0
5345.0			1.0
5345.9			1.0
5346.8			1.0
5347.7			1.0
5348.6			1.0
5349.5			1.0
5350.4			1.0
5351.3			1.0
5352.2			1.0
5353.1			1.0
5354.0			1.0
5354.9			1.0
5355.8			1.0
5356.7			1.0
5357.6			1.0
5358.5			1.0
5359.4			1.0
5360.3			1.0
5361.2			1.0
5362.1			1.0
5363.0			1.0
5363.9			1.0
5364.8			1.0
5365.7			1.0
5366.6			1.0
5367.5			1.0009370397714747
5368.4			0.9696696248192346
5369.3			0.8806344845876295
5370.2			0.7759434704636592
5371.1			0.7331820542862167
5372.0			0.8093906438934548
5372.9			0.9353735439551064
5373.8			1.003391298289205
5374.7			0.9990546522144168
5375.6			1.0
5376.5			1.0
5377.4			1.0
5378.3			1.0
5379.2			1.0
5380.1			1.0
5381.0			1.0
5381.9			1.0
5382.8			1.0
5383.7			1.0
5384.6			1.0
5385.5			1.0
5386.4			1.0
5387.3			1.0
5388.2			1.0
5389.1			1.0
5390.0			1.0
5390.9			1.0
5391.8			1.0
5392.7			1.0
5393.6			0.9808484811288222
5394.5			0.9421726380119174
5395.4			0.8774273643177826
5396.3			0.7881241365688281
5397.2			1.0
5398.1			1.1456458374000775
5399.0			1.2387306318940143
5399.9			1.2121196626143536
5400.8			1.164699968692098
5401.7			1.1624268775359512
5402.6			1.1510613052329044
5403.5			1.0634888684021053
5404.4			0.9274722857157468
5405.3			0.8409587074163971
5406.2			0.8657677992248848
5407.1			0.9257456977304835
5408.0			0.9085253462026852
5408.9			0.831196228539009
5409.8			0.8147409183164808
5410.7			0.8968847233428192
5411.6			0.975756115487879
5412.5			0.9969490017876538
5413.4			1.0
5414.3			1.0
5415.2			1.0
5416.1			1.0
5417.0			1.0
5417.9			0.9903257652410905
5418.8			0.9639287563696781
5419.7			0.9407374569997322
5420.6			0.9506293177705519
5421.5			0.9897254580164427
5422.4			0.9996751068100955
5423.3			0.9649960340955732
5424.2			0.9435161775575409
5425.1			0.9663542480649058
5426.0			1.01769572822775
5426.9			1.0564169548587314
5427.8			0.9988733851241387
5428.7			0.8616625894942723
5429.6			0.8106411594903806
5430.5			0.8843503994153983
5431.4			0.9253977441479034
5432.3			0.8802435384514485
5433.2			0.8352512369264863
5434.1			0.8242719856390811
5435.0			0.8502082081361787
5435.9			0.8899626943744685
5436.8			0.923299053577786
5437.7			0.9682441125620481
5438.6			1.0316748404871627
5439.5			1.0966969997400782
5440.4			1.134049383015764
5441.3			1.1450057367722888
5442.2			1.160985068631411
5443.1			1.1781037743971832
5444.0			1.14921022585306
5444.9			1.0367110957789905
5445.8			0.8668815933491403
5446.7			0.7363982497394854
5447.6			0.6899896600811419
5448.5			0.6720170499189487
5449.4			0.656122902938362
5450.3			0.6542356609601353
5451.2			0.6543867205363569
5452.1			0.659373770658797
5453.0			0.6546618708696249
5453.9			0.6292291017981898
5454.8			0.5967895886257905
5455.7			0.5943434155658291
5456.6			0.6404935168481025
5457.5			0.6924033131265
5458.4			0.711166561213946
5459.3			0.7001016291419717
5460.2			0.6954875822041738
5461.1			0.7236157419335383
5462.0			0.7546115959251585
5462.9			0.763097244025599
5463.8			0.7702519030380869
5464.7			0.7827539006769547
5465.6			0.7948807532087151
5466.5			0.8191072237153776
5467.4			0.8448048722526039
5468.3			0.8391932236922067
5469.2			0.8092466180016561
5470.1			0.7963043120880537
5471.0			0.8170164887104872
5471.9			1.0
5472.8			0.9737598781544707
5473.7			0.9488321807848249
5474.6			0.9448342110832655
5475.5			0.9254322841329689
5476.4			0.9016601402047055
5477.3			0.9365793318242963
5478.2			1.0128494317664298
5479.1			1.0459687510946643
5480.0			1.0036877668910245
5480.9			0.8407858027815452
5481.8			0.8390020268222912
5482.7			0.894291642541057
5483.6			0.9596184016206315
5484.5			0.9991846714515552
5485.4			0.9925532445990589
5486.3			0.9552358125597656
5487.2			0.936574537656999
5488.1			0.9516240938958254
5489.0			0.9479083774165314
5489.9			0.926395215370495
5490.8			0.949041045735078
5491.7			0.9929106286095567
5492.6			1.0027808019122808
5493.5			0.9977114220511758
5494.4			1.0
5495.3			1.0
5496.2			1.0
5497.1			1.0
5498.0			1.0
5498.9			1.0
5499.8			1.0
5500.7			1.0
5501.6			1.0
5502.5			1.0
5503.4			1.0
5504.3			1.0
5505.2			1.0
5506.1			1.0
5507.0			1.0
5507.9			1.0
5508.8			1.0206651575334746
5509.7			0.9906657659973198
5510.6			0.9358820430871404
5511.5			0.8840017727050085
5512.4			0.8575357452175665
5513.3			0.8365376404106218
5514.2			0.8170459912867255
5515.1			0.833890364862522
5516.0			0.8823432429187383
5516.9			0.943671015694024
5517.8			1.0042876488224401
5518.7			1.0260444787367704
5519.6			1.0058279511694233
5520.5			1.0
5521.4			1.0
5522.3			1.0
5523.2			1.0
5524.1			1.0
5525.0			0.9847146001326703
5525.9			0.9559776767469224
5526.8			0.9151563245759634
5527.7			0.8973428342717195
5528.6			0.9345576503830281
5529.5			0.9870140770473644
5530.4			1.0008948838999012
5531.3			1.0
5532.2			1.0
5533.1			1.0
5534.0			1.0
5534.9			1.0
5535.8			1.0
5536.7			1.0
5537.6			1.0
5538.5			1.0
5539.4			1.0
5540.3			1.0
5541.2			1.0
5542.1			1.0
5543.0			1.0
5543.9			1.0
5544.8			1.0
5545.7			1.0
5546.6			1.0
5547.5			1.0
5548.4			1.0
5549.3			1.0
5550.200000000001			1.0
5551.1			1.0
5552.0			1.0
5552.9			1.0
5553.8			1.0
5554.700000000001			1.0
5555.6			1.0
5556.5			1.0
5557.4			1.0
5558.3			1.0
5559.200000000001			1.0
5560.1			1.0
5561.0			1.0
5561.9			1.0
5562.8			1.0
5563.700000000001			1.0
5564.6			1.0
5565.5			1.0
5566.4			1.0
5567.3			1.0
5568.200000000001			1.0
5569.1			1.0
5570.0			1.0
5570.9			1.0
5571.8			1.0
5572.700000000001			1.0
5573.6			1.0
5574.5			1.0
5575.4			1.0
5576.3			1.0
5577.200000000001			1.0
5578.1			1.0
5579.0			1.0
5579.9			1.0
5580.8			0.9844733092790009
5581.700000000001			0.9596347422547353
5582.6			0.956704454179575
5583.5			0.9569852895431981
5584.4			1.0
5585.3			0.9879124716377079
5586.200000000001			0.9588446314639271
5587.1			0.9317427423309447
5588.0			0.9163013535218516
5588.9			0.9229419429878458
5589.8			0.9564926143150873
5590.700000000001			0.9770282006409409
5591.6			0.9682122798328151
5592.5			0.9712344214112422
5593.4			0.9886455184158288
5594.3			1.015984954342563
5595.200000000001			1.06308378566782
5596.1			1.052732739938086
5597.0			0.9363970369266936
5597.9			0.8056621726651053
5598.8			0.7734453094581555
5599.700000000001			0.8134695076545962
5600.6			0.8653266689699014
5601.5			0.9050969220499603
5602.4			0.9072153368559601
5603.3			0.8786822349777027
5604.200000000001			0.8597461510904942
5605.1			0.8750338114500171
5606.0			0.9139350704687537
5606.9			0.944491747977454
5607.8			0.9499277590154855
5608.700000000001			0.938703021148514
5609.6			0.9307961720453017
5610.5			0.9430540930581798
5611.4			0.9742482487305718
5612.3			0.9993161339302159
5613.200000000001			1.0
5614.1			1.0
5615.0			1.0
5615.9			1.0
5616.8			1.0
5617.700000000001			1.0
5618.6			1.0
5619.5			1.0
5620.4			1.0
5621.3			1.0
5622.200000000001			1.0
5623.1			1.0
5624.0			1.0
5624.9			0.9828816751934305
5625.8			1.024020801370484
5626.700000000001			1.051058414474422
5627.6			1.018533491744334
5628.5			0.9501665157005985
5629.4			0.8973936890089784
5630.3			1.0
5631.200000000001			1.0343292431651214
5632.1			1.0790931754507065
5633.0			1.114904463656495
5633.9			1.1091272097820786
5634.8			1.0613316714274885
5635.700000000001			1.0081513130504542
5636.6			0.9838437190553153
5637.5			0.9799128115335771
5638.4			0.9697867769316335
5639.3			0.955376053910913
5640.200000000001			0.9471218197823611
5641.1			0.9437107378207206
5642.0			0.9463225377412035
5642.9			0.9537566220336197
5643.8			0.9604507423989235
5644.700000000001			0.9668066283094296
5645.6			0.9701744010749451
5646.5			0.9736308297112851
5647.4			0.9735953139591698
5648.3			0.9744007710194149
5649.200000000001			0.9939127457775749
5650.1			1.0
5651.0			1.0
5651.9			1.0
5652.8			1.0
5653.700000000001			1.0
5654.6			1.0
5655.5			1.0
5656.4			1.0
5657.3			1.0
5658.200000000001			1.0
5659.1			1.0
5660.0			1.0
5660.9			1.0
5661.8			1.0
5662.700000000001			1.0
5663.6			1.0
5664.5			1.0135749811357566
5665.4			1.0339732177610625
5666.3			1.0232469567129607
5667.200000000001			0.9730058872781602
5668.1			0.9334701458005128
5669.0			0.9191500481453733
5669.9			0.9064795673930168
5670.8			0.9044196082846993
5671.700000000001			0.9351229648224673
5672.6			0.9806203484137982
5673.5			1.0082699417982184
5674.4			1.0071258134238612
5675.3			1.0049038500700134
5676.200000000001			1.0
5677.1			1.0
5678.0			1.0
5678.9			1.0
5679.8			1.0
5680.700000000001			1.0
5681.6			1.0
5682.5			1.0
5683.4			1.0
5684.3			1.034640783589887
5685.200000000001			1.0245769190097203
5686.1			0.9759715477151105
5687.0			0.9386959585719121
5687.9			0.9401683981607811
5688.8			0.9702447508294116
5689.700000000001			1.0001294996732368
5690.6			1.0
5691.5			1.0
5692.4			1.0
5693.3			1.0
5694.200000000001			1.0
5695.1			1.0
5696.0			1.0
5696.9			1.0
5697.8			1.0
5698.700000000001			1.0
5699.6			1.0
5700.5			1.0
5701.4			1.0
5702.3			1.0
5703.200000000001			1.0
5704.1			1.0409084808519422
5705.0			1.0445957392591145
5705.9			1.0090869601509622
5706.8			0.9738985848639343
5707.700000000001			0.949807672683193
5708.6			0.9460231003631024
5709.5			0.981791124852182
5710.4			1.0030422563094956
5711.3			0.9803995195634597
5712.200000000001			0.9702969314683682
5713.1			0.9979994955706514
5714.0			1.0
5714.9			1.0
5715.8			0.9948677056205002
5716.700000000001			0.9636876220705611
5717.6			0.9272914278873824
5718.5			0.9106165117916907
5719.4			0.9247423604402142
5720.3			0.9617981981487325
5721.200000000001			1.0000262516000473
5722.1			1.0
5723.0			1.0
5723.9			0.9813999110923477
5724.8			0.9680207233917724
5725.700000000001			0.9349409925053295
5726.6			0.8917587780455573
5727.5			0.896413060680605
5728.4			0.9573306633942551
5729.3			1.0060631880265196
5730.200000000001			1.0052942483675948
5731.1			1.0051455985952011
5732.0			1.0
5732.9			1.0
5733.8			1.0
5734.700000000001			1.0
5735.6			1.0
5736.5			1.0
5737.4			1.0
5738.3			1.0
5739.200000000001			1.0
5740.1			1.0
5741.0			1.0
5741.9			1.0
5742.8			1.0
5743.700000000001			1.0
5744.6			1.0
5745.5			1.0
5746.4			0.9881827170115269
5747.3			0.9442129131335443
5748.200000000001			0.923948471735116
5749.1			0.9535038867172618
5750.0			0.9984568995621995
5750.9			1.0
5751.8			0.9853057680965797
5752.700000000001			0.9539104238026104
5753.6			0.9412426232022663
5754.5			0.9656915825997163
5755.4			1.0112726777722834
5756.3			1.0442835627904614
5757.200000000001			1.0564432683109906
5758.1			1.0324468632212522
5759.0			0.9690142992992333
5759.9			0.910363126627276
5760.8			0.8664681517681866
5761.700000000001			0.8373164640904284
5762.6			0.8498294128659399
5763.5			0.8959013522147987
5764.4			0.933465652910094
5765.3			0.9535627864635741
5766.200000000001			0.9630122673512376
5767.1			0.9711967378596079
5768.0			0.9812127075654188
5768.9			0.9885066965736694
5769.8			0.9978036974578008
5770.700000000001			1.0026517727249915
5771.6			1.0002151499965672
5772.5			1.0
5773.4			1.0
5774.3			1.0
5775.200000000001			1.0
5776.1			1.0
5777.0			1.0
5777.9			1.0
5778.8			1.0
5779.700000000001			0.9771738482048682
5780.6			0.9412483852993091
5781.5			0.9216253904496203
5782.4			0.9326900702125669
5783.3			0.9506315443585625
5784.200000000001			0.9336025277303674
5785.1			0.9188359024027382
5786.0			0.9517462089899587
5786.9			0.9952880376040533
5787.8			1.0237780882351815
5788.700000000001			1.0382234221197892
5789.6			1.0226221297845786
5790.5			0.9978523078252337
5791.4			1.0
5792.3			1.0
5793.200000000001			1.0
5794.1			1.0
5795.0			1.0
5795.9			0.9807685019510181
5796.8			0.9267584823861877
5797.700000000001			0.8940974905623573
5798.6			0.93456433670763
5799.5			1.0000463498991536
5800.4			1.0
5801.3			1.0
5802.200000000001			1.0
5803.1			0.9800300293854296
5804.0			0.9627674783735861
5804.9			0.9727972660843092
5805.8			0.9886382531714737
5806.700000000001			0.9959836832412254
5807.6			0.9935826455033633
5808.5			0.9791113843486835
5809.4			0.9560400402035188
5810.3			0.9300263810730627
5811.200000000001			0.9068209039475422
5812.1			0.8935938688087458
5813.0			0.8826324111718538
5813.9			1.0
5814.8			0.968514754708735
5815.700000000001			0.9553358269020222
5816.6			0.9733256132401401
5817.5			0.9969610405167313
5818.4			1.0101436579450231
5819.3			1.0195574686754987
5820.200000000001			1.0278964038215892
5821.1			1.0295965732212518
5822.0			1.0192075566384233
5822.9			1.0092692205581
5823.8			1.0220883976151438
5824.700000000001			1.0484788528799145
5825.6			1.0599167019528177
5826.5			1.0570115375640723
5827.4			1.0666203814128923
5828.3			1.0895679531050178
5829.200000000001			1.1066496086271627
5830.1			1.1120287247305025
5831.0			1.116864554559586
5831.9			1.1259764622493755
5832.8			1.1211246396740497
5833.700000000001			1.0976395774950187
5834.6			1.0897876032602414
5835.5			1.1162209918070056
5836.4			1.1384075982146133
5837.3			1.1120689994115636
5838.200000000001			1.062628593493881
5839.1			1.047947516730158
5840.0			1.0799739749347628
5840.9			1.1267864193824586
5841.8			1.1593837397410887
5842.700000000001			1.1689359426626624
5843.6			1.1597977355859568
5844.5			1.1448546572542047
5845.4			1.1125209089088568
5846.3			1.0555749117043485
5847.200000000001			0.9964947391427811
5848.1			0.9645323092051171
5849.0			0.9449687164952116
5849.9			0.9208131890732233
5850.8			0.8913664155222598
5851.700000000001			0.8706707553844711
5852.6			0.8697845464020127
5853.5			0.8945330813344995
5854.4			0.927448443914925
5855.3			0.9310340555651797
5856.200000000001			0.9009711552444121
5857.1			0.8822817591219387
5858.0			0.9051136495279379
5858.9			0.9418031580815615
5859.8			0.9619616099982856
5860.700000000001			0.9519542133131661
5861.6			0.9014919535420655
5862.5			0.8555458681342505
5863.4			0.8613340433777563
5864.3			0.8938788793948752
5865.200000000001			0.8977469385167963
5866.1			0.873380061979153
5867.0			0.8690226605895194
5867.9			0.8972609194563861
5868.8			0.9287887495813187
5869.700000000001			0.9371678060277177
5870.6			0.9226352910440503
5871.5			0.8912369307419534
5872.4			0.8552544275910837
5873.3			0.8489525386155776
5874.200000000001			0.8688387829013513
5875.1			0.8762408821731413
5876.0			0.8577515202227487
5876.9			0.8415142836183152
5877.8			0.8362848721875707
5878.700000000001			0.8247907116277398
5879.6			0.8174361052046131
5880.5			0.8388078115726151
5881.4			0.8762519905688227
5882.3			0.8922799193671795
5883.200000000001			0.8850367539417004
5884.1			0.8814538358649117
5885.0			0.8872961214003975
5885.9			0.8903188501450049
5886.8			0.8629721803601368
5887.700000000001			0.7730930294460023
5888.6			0.6310817247260406
5889.5			0.5380379710411911
5890.4			0.589508859307029
5891.3			0.7222005194942824
5892.200000000001			0.8136996361871834
5893.1			0.8240911169880575
5894.0			0.7566813213039482
5894.9			0.6488989098855978
5895.8			0.604273453308596
5896.700000000001			0.6672881964951228
5897.6			0.7410959149973754
5898.5			0.7531921588413588
5899.4			0.7434509652826147
5900.3			0.7642339358263938
5901.200000000001			0.8013241532025652
5902.1			0.8215847712629646
5903.0			0.8192404716628833
5903.9			0.8048794068500216
5904.8			0.7859265194885015
5905.700000000001			0.7712166001388583
5906.6			0.7740879689145497
5907.5			0.788017707810548
5908.4			0.8036265737526349
5909.3			0.8166880098675467
5910.200000000001			0.8237981981551924
5911.1			0.8239077474245086
5912.0			0.8129117905513306
5912.9			0.7970224641015204
5913.8			0.7908269533513015
5914.700000000001			0.7990811681092288
5915.6			0.8125306582911377
5916.5			0.832241577779717
5917.4			0.8483486870249187
5918.3			0.8524190937892736
5919.200000000001			0.8607586190390897
5920.1			0.8620291524450348
5921.0			0.8385514488116493
5921.9			0.8150577684664362
5922.8			0.8139885284481119
5923.700000000001			0.8286841241556848
5924.6			0.8451231853611176
5925.5			0.8554345247716042
5926.4			0.8614240537891774
5927.3			0.8711729426928777
5928.200000000001			0.8809283866529772
5929.1			0.8807484199444766
5930.0			0.8841803212434277
5930.9			0.9033945075405255
5931.8			0.9243021648472349
5932.700000000001			0.9285952205958843
5933.6			0.910772661535221
5934.5			0.9016027854366588
5935.4			0.923706462645276
5936.3			0.9480747938073475
5937.200000000001			0.9563022733403185
5938.1			0.9691223935618037
5939.0			0.9773826791323543
5939.9			0.9624352287339498
5940.8			0.9475124127819045
5941.700000000001			0.9606003016819411
5942.6			0.9909224584866463
5943.5			1.0104272649572072
5944.4			1.031367560248205
5945.3			1.0602459035335698
5946.200000000001			1.0603533846349982
5947.1			1.0230383284171798
5948.0			0.9669004230818022
5948.9			0.9199247222496284
5949.8			1.0
5950.700000000001			1.0200748880544837
5951.6			1.0326288867263693
5952.5			1.032302009329436
5953.4			1.0345145458903555
5954.3			1.0150513048733794
5955.200000000001			0.9615697422766827
5956.1			0.9126536749759208
5957.0			0.9080465891948888
5957.9			0.9389327837992686
5958.8			0.9722983263612266
5959.700000000001			0.9947492056759256
5960.6			1.0059206325772854
5961.5			0.9977531651405199
5962.4			1.012847352256539
5963.3			1.005652294567498
5964.200000000001			1.0012097405384304
5965.1			1.0
5966.0			1.0
5966.9			1.0
5967.8			1.0
5968.700000000001			1.0
5969.6			1.0
5970.5			1.0
5971.4			1.0
5972.3			1.0
5973.200000000001			1.0
5974.1			1.0
5975.0			1.0
5975.9			1.0
5976.8			1.0
5977.700000000001			1.0
5978.6			1.0
5979.5			1.0
5980.4			1.0
5981.3			1.0
5982.200000000001			1.0
5983.1			1.0
5984.0			1.0
5984.9			1.0
5985.8			1.0
5986.700000000001			1.0
5987.6			1.0
5988.5			1.0
5989.4			1.0
5990.3			1.0
5991.200000000001			1.0
5992.1			1.0
5993.0			1.0
5993.9			1.0
5994.8			1.0
5995.700000000001			1.0
5996.6			1.0
5997.5			1.0
5998.4			1.0
5999.3			1.0
6000.200000000001			1.0
6001.1			1.0
6002.0			1.006240858456885
6002.9			1.037426335058374
6003.8			1.0654891861795368
6004.700000000001			1.0509078909687612
6005.6			1.0076168492392408
6006.5			0.974333267108131
6007.4			0.9691307305622652
6008.3			0.9843920663296423
6009.200000000001			1.0122576027217476
6010.1			1.0362723673654533
6011.0			1.0356991257908674
6011.9			1.014884819715978
6012.8			0.9959513850868492
6013.700000000001			1.0
6014.6			1.0
6015.5			1.0
6016.4			1.0
6017.3			1.0
6018.200000000001			1.0
6019.1			1.0
6020.0			1.0
6020.9			1.0
6021.8			1.0
6022.700000000001			1.0
6023.6			1.0
6024.5			1.0
6025.4			1.0
6026.3			1.0
6027.200000000001			1.0
6028.1			1.0
6029.0			1.0
6029.9			1.0
6030.8			1.0
6031.700000000001			1.0081669402080657
6032.6			1.0449546038562634
6033.5			1.0698409529690296
6034.4			1.060154169073659
6035.3			1.008516419879813
6036.200000000001			0.9579413685443467
6037.1			0.9611820907322952
6038.0			0.9837176304089696
6038.9			0.9846442809936924
6039.8			0.9851638072415613
6040.700000000001			0.9996009852633726
6041.6			1.0
6042.5			1.0
6043.4			1.0
6044.3			1.0
6045.200000000001			1.0
6046.1			1.0
6047.0			1.0
6047.9			1.0
6048.8			1.0
6049.700000000001			1.0
6050.6			1.0
6051.5			1.0
6052.4			1.0
6053.3			1.0
6054.200000000001			1.0
6055.1			1.0
6056.0			1.0
6056.9			1.0
6057.8			1.0
6058.700000000001			1.0
6059.6			1.0
6060.5			1.0
6061.4			1.0
6062.3			0.9673258569809352
6063.200000000001			0.9296940160147128
6064.1			0.8881792266955127
6065.0			0.8715033537205205
6065.9			0.914070591175905
6066.8			0.9746889725320188
6067.700000000001			1.0054847909626095
6068.6			1.0
6069.5			1.0
6070.4			1.0
6071.3			1.0
6072.200000000001			1.0
6073.1			1.0
6074.0			1.0
6074.9			1.012901201202391
6075.8			1.0171072251398339
6076.700000000001			1.0099360359767504
6077.6			0.9808997153189953
6078.5			0.938692226846131
6079.4			0.9147563224775007
6080.3			0.9018197875816163
6081.200000000001			0.8904312571705332
6082.1			0.9040874860341043
6083.0			0.9490353662026447
6083.9			0.9805026975465768
6084.8			0.9719585047534318
6085.700000000001			0.9606124233702076
6086.6			0.9715291707359509
6087.5			0.9877030128630773
6088.4			0.976427608593474
6089.3			0.9379856481504918
6090.200000000001			0.9199643451010747
6091.1			0.9485236914341166
6092.0			0.9649409043316161
6092.9			0.9662302352877215
6093.8			0.9988114550955243
6094.700000000001			1.039286006040396
6095.6			1.0443816406121653
6096.5			1.011702718332356
6097.4			0.9994995954280098
6098.3			1.0260768507496507
6099.200000000001			1.059111438966276
6100.1			1.0610652678511627
6101.0			0.9996950666343106
6101.9			0.9044039740562844
6102.8			0.8722562693331656
6103.700000000001			0.9217419991243494
6104.6			0.9762544129170417
6105.5			1.008075691574205
6106.4			1.0058472782297718
6107.3			0.9915570026540089
6108.200000000001			1.0024052595749937
6109.1			1.0057981678224164
6110.0			0.9808057686515884
6110.9			0.9644793720572993
6111.8			0.9953524233665514
6112.700000000001			1.0498689735177789
6113.6			1.0882531827762099
6114.5			1.0894506178161107
6115.4			1.0465654925751813
6116.3			1.0106722151926226
6117.200000000001			1.0248373882850892
6118.1			1.032460447377484
6119.0			0.988966785181892
6119.9			0.9366913106253798
6120.8			0.8937044077960533
6121.700000000001			0.8804638133186347
6122.6			0.9514359466286307
6123.5			1.0502732956734486
6124.4			1.0740526719020322
6125.3			1.0391139708528736
6126.200000000001			1.0047392006689142
6127.1			0.9892394070988441
6128.0			0.9902868155355883
6128.9			1.0328803093809402
6129.8			1.0911612677480047
6130.700000000001			1.1034826419122143
6131.6			1.0798441282849347
6132.5			1.0619638817275614
6133.4			1.0322558861406552
6134.3			0.9713779446397836
6135.200000000001			0.9143770629833308
6136.1			0.8602565512408655
6137.0			0.8517919177412944
6137.9			0.9452239928021138
6138.8			1.062165734314948
6139.700000000001			1.097668947816123
6140.6			1.0658327933930292
6141.5			1.0422993345997074
6142.4			1.0756932915675195
6143.3			1.138762210526896
6144.200000000001			1.1679571754351314
6145.1			1.158784763584557
6146.0			1.1463977919962633
6146.9			1.1225168533131078
6147.8			1.024297573316562
6148.700000000001			0.8785621005683514
6149.6			0.8207755304207239
6150.5			0.8788863203103523
6151.4			0.9628348090936775
6152.3			1.002502121127454
6153.200000000001			0.9705772161340986
6154.1			0.92282621697701
6155.0			0.9179408591230592
6155.9			0.9264392072880384
6156.8			0.8873881493548463
6157.700000000001			0.7935003869568316
6158.6			0.6956262768024867
6159.5			0.6435348744629057
6160.4			0.6057488804667576
6161.3			0.5572988041386677
6162.200000000001			0.5443497194050863
6163.1			0.5690162924762211
6164.0			0.5961138644736607
6164.9			0.611356910929766
6165.8			0.6230727433791342
6166.700000000001			0.6422218941214474
6167.6			0.6465366100972411
6168.5			0.6220597210127577
6169.4			0.6039208641285355
6170.3			0.6268290700699929
6171.200000000001			0.6696765903955991
6172.1			0.6796295394461571
6173.0			0.6507315024515362
6173.9			0.614633793896979
6174.8			0.5994601631535823
6175.700000000001			0.6128955003080792
6176.6			0.6350081753771022
6177.5			0.6578850888225386
6178.4			0.6778451277944653
6179.3			0.6897181581864034
6180.200000000001			0.695940575189102
6181.1			0.7035767682692812
6182.0			0.6954806156334071
6182.9			0.6683717999275298
6183.8			0.6458733439866677
6184.700000000001			0.627669710471272
6185.6			0.5862493893447825
6186.5			0.5447120204676421
6187.4			0.5417257518227009
6188.3			0.5509110770248409
6189.200000000001			0.5407881661720839
6190.1			0.5182633287717189
6191.0			0.504433812432278
6191.9			0.513794313193031
6192.8			0.5336988634131765
6193.700000000001			0.5476042693909713
6194.6			0.5621504135211693
6195.5			0.5732145290834108
6196.4			0.5831924155819364
6197.3			0.5921609493921227
6198.200000000001			0.5886058044632274
6199.1			0.5740351229754517
6200.0			0.5698245067467469
6200.9			0.5865148963583378
6201.8			0.6064448311346751
6202.700000000001			0.619407507819034
6203.6			0.6165641826572845
6204.5			0.608318449162353
6205.4			0.6131897778651164
6206.3			0.6285597694292826
6207.200000000001			0.640429718064712
6208.1			0.6452780511887549
6209.0			0.6394439796312404
6209.9			0.6180883805955466
6210.8			0.594144685859953
6211.700000000001			0.5861234791814868
6212.6			0.5766524049887393
6213.5			0.5491806095244957
6214.4			0.510743250254867
6215.3			0.4826688762685271
6216.200000000001			0.4855709214804585
6217.1			0.5090617090619258
6218.0			0.5272987995123896
6218.9			0.5358375984999093
6219.8			0.5436844756043012
6220.700000000001			0.5493599031611822
6221.6			0.532886041387533
6222.5			0.4952281972091388
6223.4			0.47079879375977157
6224.3			0.4708080619232293
6225.200000000001			0.48559016928380927
6226.1			0.4939287525821437
6227.0			0.497871722678836
6227.9			0.5025150790499872
6228.8			0.49797086604494356
6229.700000000001			0.48005376394222493
6230.6			0.47580730290033996
6231.5			0.49509020376248497
6232.4			0.5083800932885211
6233.3			0.5175167160507363
6234.200000000001			0.5349759362309655
6235.1			0.5485912559849269
6236.0			0.5489662260798891
6236.9			0.5438091645374414
6237.8			0.527133763387471
6238.700000000001			0.5022579770801133
6239.6			0.4946516650659848
6240.5			0.5143419478030141
6241.4			0.5260440372383984
6242.3			0.5082656987832552
6243.200000000001			0.49995014197513177
6244.1			0.5238407330935386
6245.0			0.5453971162693252
6245.9			0.5588918427072609
6246.8			0.5771546407631364
6247.700000000001			0.5891336648039043
6248.6			0.5895621126807831
6249.5			0.5857539386733974
6250.4			0.5858582567179443
6251.3			0.5789081564102769
6252.200000000001			0.5766125958838886
6253.1			0.5899271119452566
6254.0			0.6005978523160945
6254.9			1.0
6255.8			0.9866530590347262
6256.700000000001			0.9319797319266233
6257.6			0.8760019711356286
6258.5			0.8970609989453302
6259.4			0.9944844731396103
6260.3			0.608409404219983
6261.200000000001			0.6241444371701294
6262.1			0.6593649707047462
6263.0			0.6780999880406203
6263.9			0.6697901805502727
6264.8			1.0
6265.700000000001			0.9843229178631407
6266.6			0.9748604826153269
6267.5			0.9401362998110454
6268.4			0.9083738620160382
6269.3			0.9357073157807548
6270.200000000001			0.9788544419016466
6271.1			1.0002956344809615
6272.0			0.6724574031778623
6272.9			0.6591050341577613
6273.8			0.6434500938001375
6274.700000000001			0.6374834886925481
6275.6			0.6342495638532767
6276.5			0.6385101977622147
6277.4			0.6591970844529065
6278.3			0.6747234425168402
6279.200000000001			0.6599680676732229
6280.1			0.6406804829705883
6281.0			0.6504979326868503
6281.9			0.6709293053749674
6282.8			0.6937151981557128
6283.700000000001			0.7044144682146312
6284.6			0.6910235081209787
6285.5			0.6955987897197734
6286.4			0.7188211150079789
6287.3			0.7429022943348679
6288.200000000001			0.7626150894324337
6289.1			0.7681892770023092
6290.0			0.7605192240415602
6290.9			0.7458914930247889
6291.8			1.0
6292.700000000001			0.9766635274827931
6293.6			0.9847793373133578
6294.5			0.9675908774226737
6295.4			0.9172054667157724
6296.3			0.8880093169452961
6297.200000000001			0.9113148803313182
6298.1			0.9695090873058255
6299.0			1.0020256736580295
6299.9			0.996779276255678
6300.8			0.7478439043532434
6301.700000000001			0.7443569927750681
6302.6			0.7524734061732473
6303.5			0.7614353122469671
6304.4			0.7527754105431805
6305.3			0.7416732650700448
6306.200000000001			0.7721692954954711
6307.1			0.8214077676871814
6308.0			0.8465328701712613
6308.9			0.8470501375299128
6309.8			0.8322078950501965
6310.700000000001			0.811622196939303
6311.6			0.8058455765338548
6312.5			0.8262181650017092
6313.4			0.8369668015010253
6314.3			0.8308796808077995
6315.200000000001			0.8403602662307249
6316.1			0.8547318522028267
6317.0			0.8426926276670332
6317.9			0.8250958382084173
6318.8			0.8439758099388057
6319.700000000001			0.866105307393865
6320.6			0.8550417237106225
6321.5			0.8352050810648726
6322.4			0.8427914324424384
6323.3			0.8572899416629147
6324.200000000001			0.8440582216419708
6325.1			0.8370359592770671
6326.0			0.8580113428810258
6326.9			0.8810176977216186
6327.8			0.9066566562149108
6328.700000000001			0.9073186751682439
6329.6			0.8832277476447478
6330.5			0.8923843843781646
6331.4			0.925496808012331
6332.3			1.0
6333.200000000001			1.0076596831880018
6334.1			0.9763041014588738
6335.0			0.9314330773578838
6335.9			0.9394059063801007
6336.8			0.9942563053857998
6337.700000000001			0.9366238171661071
6338.6			0.9449554297248944
6339.5			0.9597697181239162
6340.4			0.9783505279897748
6341.3			1.0
6342.200000000001			0.976434736946885
6343.1			0.9343887685586908
6344.0			0.8905557833892547
6344.9			0.8848182245787806
6345.8			1.0
6346.700000000001			1.03908495727721
6347.6			1.0583203196998259
6348.5			1.0712340748116012
6349.4			1.0727443327004378
6350.3			1.0529429185433175
6351.200000000001			1.0198677777387453
6352.1			1.0030799605888374
6353.0			0.9814366164036504
6353.9			0.9478349087199105
6354.8			0.9370191821140899
6355.700000000001			0.9410760375935565
6356.6			0.919363312929188
6357.5			0.8734041700246656
6358.4			0.8418634931246342
6359.3			0.8397486335699532
6360.200000000001			0.8562780901375304
6361.1			0.8641726055915138
6362.0			0.8578892895400585
6362.9			0.8626144423080279
6363.8			0.8849377484172732
6364.700000000001			0.9145573143266917
6365.6			0.9366844350606116
6366.5			0.955003475426907
6367.4			0.9898372199084866
6368.3			1.0192652043550483
6369.200000000001			1.0124275196521164
6370.1			0.9963548733129551
6371.0			0.9765290671331969
6371.9			1.0001071381422793
6372.8			1.0
6373.700000000001			1.0
6374.6			1.0
6375.5			1.0
6376.4			1.0033369882264007
6377.3			0.971418596227645
6378.200000000001			0.920085305483458
6379.1			0.9171856116300973
6380.0			0.9479355184755864
6380.9			0.9714885850551995
6381.8			1.0020810458461558
6382.700000000001			1.0
6383.6			1.0
6384.5			1.0
6385.4			1.0
6386.3			1.0
6387.200000000001			1.0
6388.1			1.0
6389.0			1.0
6389.9			1.0132909830209722
6390.8			1.0129504807950875
6391.700000000001			0.975887672687639
6392.6			0.9291336873868523
6393.5			0.9278403121303772
6394.4			0.9630695719098629
6395.3			0.9999936541492536
6396.200000000001			1.0
6397.1			1.0
6398.0			1.0
6398.9			1.0
6399.8			1.0
6400.700000000001			1.0
6401.6			1.0
6402.5			1.0
6403.4			1.0
6404.3			1.0
6405.200000000001			1.0
6406.1			1.0
6407.0			1.0
6407.9			1.0
6408.8			1.0
6409.700000000001			1.0
6410.6			1.0
6411.5			1.0
6412.4			1.0
6413.3			1.0
6414.200000000001			1.0
6415.1			1.0
6416.0			1.0133885531589992
6416.9			1.0006809681746456
6417.8			0.9707444223765116
6418.700000000001			0.9399562420095146
6419.6			0.9067383564003878
6420.5			0.8799158613946185
6421.4			0.9077798345254543
6422.3			0.9731201227169102
6423.200000000001			1.0001692236380917
6424.1			0.99578684555989
6425.0			0.9998086762143047
6425.9			1.0
6426.8			1.0
6427.700000000001			1.0
6428.6			0.9844990637919595
6429.5			0.9287282385828527
6430.4			0.8875546751905256
6431.3			0.9247404155829899
6432.200000000001			0.9953471484748133
6433.1			1.0
6434.0			1.0
6434.9			1.0
6435.8			1.0
6436.700000000001			1.0
6437.6			1.0
6438.5			1.0
6439.4			1.0
6440.3			1.0
6441.200000000001			1.0
6442.1			1.0
6443.0			1.0
6443.9			1.0
6444.8			1.0
6445.700000000001			1.000390241321609
6446.6			0.9788180437801862
6447.5			0.9252763681868582
6448.4			0.8529841905334209
6449.3			0.8077498324665343
6450.200000000001			0.8295167521003508
6451.1			0.8864665906631795
6452.0			0.9428954511367776
6452.9			0.9968479548612575
6453.8			1.0
6454.700000000001			1.0
6455.6			1.0
6456.5			1.0
6457.4			1.0
6458.3			1.0
6459.200000000001			1.0
6460.1			1.012798553952799
6461.0			0.9705916407030025
6461.9			0.905317292973543
6462.8			0.9201754124296205
6463.700000000001			0.993537499012148
6464.6			1.0
6465.5			1.0
6466.4			1.0
6467.3			1.0
6468.200000000001			1.0
6469.1			1.0
6470.0			1.0
6470.9			1.0
6471.8			1.0040999406313313
6472.700000000001			0.9694626349577363
6473.6			0.8979605815626389
6474.5			0.8718063249668155
6475.4			0.9186493433538827
6476.3			0.9786238787311865
6477.200000000001			0.9944833655319666
6478.1			0.9694110340128801
6479.0			0.9449883632659499
6479.9			0.9180632917431745
6480.8			0.8701726379886388
6481.700000000001			0.8327656468325556
6482.6			0.8321510060865502
6483.5			0.8437355158991473
6484.4			0.856291695199083
6485.3			0.8771991660974165
6486.200000000001			0.8917148463552723
6487.1			0.9017848027649525
6488.0			0.9064923931078647
6488.9			0.894103981141426
6489.8			0.8823498922485465
6490.700000000001			0.8961300563095154
6491.6			0.9126840355652331
6492.5			0.8898801980589949
6493.4			0.828324915308869
6494.3			0.774930064775409
6495.200000000001			0.7638357218696242
6496.1			0.7742955611772852
6497.0			0.7972471231991549
6497.9			0.8200316610900183
6498.8			0.8369518529743153
6499.700000000001			0.8744940218927229
6500.6			0.905165988869448
6501.5			0.9261709614183368
6502.4			0.945936346737642
6503.3			0.9527180911268701
6504.200000000001			0.9670420398469406
6505.1			1.0
6506.0			1.0102581723645276
6506.9			0.9858423451786601
6507.8			0.9497893863704353
6508.700000000001			0.9553690653079339
6509.6			0.9973154738534273
6510.5			1.0080350144259826
6511.4			1.013308471500224
6512.3			1.0115874536918938
6513.200000000001			1.0120784122375086
6514.1			1.007216470021287
6515.0			0.9997789268927185
6515.9			1.0002245538306795
6516.8			0.9973247582933185
6517.700000000001			0.9895145339843312
6518.6			1.0009478208562883
6519.5			1.0
6520.4			1.0
6521.3			1.0
6522.200000000001			1.0
6523.1			1.0
6524.0			1.0
6524.9			1.0
6525.8			1.0
6526.700000000001			1.0
6527.6			1.0
6528.5			1.0
6529.4			1.0
6530.3			1.0
6531.200000000001			1.0
6532.1			1.0
6533.0			1.0
6533.9			1.0
6534.8			1.0
6535.700000000001			1.0
6536.6			1.0
6537.5			1.0
6538.4			1.0
6539.3			1.0
6540.200000000001			1.0
6541.1			1.0
6542.0			1.0
6542.9			1.0
6543.8			1.0
6544.700000000001			1.0
6545.6			1.0
6546.5			1.0
6547.4			1.0
6548.3			1.0
6549.200000000001			1.0
6550.1			1.0
6551.0			1.0
6551.9			1.0
6552.8			1.0
6553.700000000001			1.0
6554.6			1.0
6555.5			1.0
6556.4			1.0
6557.3			1.0
6558.200000000001			1.0
6559.1			1.0
6560.0			0.9898555120742426
6560.9			0.8694746784346205
6561.8			0.6707171195426785
6562.700000000001			0.6263497636490039
6563.6			0.7891564974886375
6564.5			0.9402654193523825
6565.4			0.9936123913211996
6566.3			1.0
6567.200000000001			1.0
6568.1			1.0
6569.0			1.0
6569.9			1.0167612099336456
6570.8			1.0134893089097146
6571.700000000001			0.9633354824632123
6572.6			0.9276627268058663
6573.5			0.9392147792339319
6574.4			0.970002055810985
6575.3			0.998830278225146
6576.200000000001			1.0
6577.1			1.0
6578.0			1.0
6578.9			1.0
6579.8			1.0
6580.700000000001			1.0
6581.6			1.0
6582.5			1.0
6583.4			1.0
6584.3			1.0
6585.200000000001			1.0
6586.1			1.0
6587.0			1.0
6587.9			1.0
6588.8			1.0
6589.700000000001			1.0
6590.6			0.9736513923576527
6591.5			0.9268360513453896
6592.4			0.8815930629158635
6593.3			0.877554785779736
6594.200000000001			0.9236481783574916
6595.1			0.9750348739984167
6596.0			0.9989650995002773
6596.9			1.0
6597.8			1.0
6598.700000000001			1.0
6599.6			1.0
6600.5			1.0
6601.4			1.0
6602.3			1.0
6603.200000000001			0.9936237338456289
6604.1			0.9675449796125702
6605.0			0.9460031115612074
6605.9			0.9514156630560306
6606.8			0.9565347526845169
6607.700000000001			0.9381178211740577
6608.6			0.9247377556163352
6609.5			0.9537619726342811
6610.4			1.0098356519092184
6611.3			1.0364874110868676
6612.200000000001			1.018404990934232
6613.1			0.9925357459169841
6614.0			1.003140007607314
6614.9			1.0
6615.8			1.0
6616.700000000001			1.0
6617.6			1.0
6618.5			1.0
6619.4			1.0
6620.3			1.0
6621.200000000001			1.0
6622.1			1.0
6623.0			0.96662800873284
6623.9			0.9236228774452921
6624.8			0.9016586556230176
6625.700000000001			0.9195896928724286
6626.6			0.9526620767580871
6627.5			0.9703337178156054
6628.4			0.9667490701554304
6629.3			0.9659328495166379
6630.200000000001			0.9848765819436046
6631.1			1.0013236957113667
6632.0			0.9981004263719915
6632.9			0.9790638292813941
6633.8			0.9538098478436118
6634.700000000001			0.9348763108824795
6635.6			0.9349036478819448
6636.5			0.9473990457780397
6637.4			0.9610894867392179
6638.3			0.9705772770339385
6639.200000000001			0.9754376113149157
6640.1			0.9883633937037144
6641.0			1.0054382816789795
6641.9			0.9946196609233637
6642.8			0.9612478317020703
6643.700000000001			0.9606809817915795
6644.6			0.9890022359753239
6645.5			0.999204202554849
6646.4			0.9916328751667809
6647.3			0.981783093332462
6648.200000000001			0.9689805837705066
6649.1			0.9315347700757101
6650.0			0.8622709488240828
6650.9			0.7976879221160346
6651.8			0.788143255817465
6652.700000000001			0.8210763771068288
6653.6			0.8476384176899388
6654.5			0.8555332488063792
6655.4			0.8478996205198397
6656.3			0.841181357504235
6657.200000000001			0.8467965699273218
6658.1			0.8587211120349891
6659.0			0.8655194554789314
6659.9			0.8631232062678232
6660.8			0.8623679831208049
6661.700000000001			0.8610231166827075
6662.6			0.8572636913934231
6663.5			0.8684843189579418
6664.4			0.8894092222515527
6665.3			0.8926575343139622
6666.200000000001			0.890955835453509
6667.1			0.9030962234461056
6668.0			0.9250828216309104
6668.9			0.9412569742497024
6669.8			0.9500027786343066
6670.700000000001			0.9609966551229013
6671.6			0.9649180613938388
6672.5			0.9598023807721302
6673.4			0.9577666452903997
6674.3			0.9574237508153297
6675.200000000001			0.9532837290953639
6676.1			0.928565210271058
6677.0			0.8864483362132194
6677.9			0.8676407331382142
6678.8			0.8628064605647633
6679.700000000001			0.8187059094109573
6680.6			0.7561951185004714
6681.5			0.7379126664929248
6682.4			0.76768129846663
6683.3			0.8019118813124878
6684.200000000001			0.8120654294708195
6685.1			0.8079465319565301
6686.0			0.8029419805401913
6686.9			0.8023334209989705
6687.8			0.8147980283206757
6688.700000000001			0.8276589301912471
6689.6			0.8273151867426238
6690.5			0.8266134731034469
6691.4			0.8331096457914178
6692.3			0.836450749404237
6693.200000000001			0.8372396175340102
6694.1			0.8344144671373436
6695.0			0.8263136234582423
6695.9			0.8284160184776561
6696.8			0.8396984539944892
6697.700000000001			0.8520284197383552
6698.6			0.8706637986675075
6699.5			0.8865930565341789
6700.4			0.8918761990516675
6701.3			0.8968424335004843
6702.200000000001			0.9009833657798235
6703.1			0.9004646225662405
6704.0			0.8969282254124223
6704.9			0.8944824652225823
6705.8			0.9046415291499526
6706.700000000001			0.9249321131877951
6707.6			0.9321826212232783
6708.5			0.9245195047874009
6709.4			0.9159007933628851
6710.3			0.9144917819485646
6711.200000000001			0.9119518635799464
6712.1			0.8940587959120155
6713.0			0.8433718130149868
6713.9			0.7785082568951716
6714.8			0.7474353916709652
6715.700000000001			0.7428731529820638
6716.6			0.7241996774678916
6717.5			0.7055454349943243
6718.4			0.7152660565998186
6719.3			0.7322140283931377
6720.200000000001			0.7434129727037638
6721.1			0.7502782692132196
6722.0			0.7529826842506915
6722.9			0.7596956532938842
6723.8			0.7701193414690773
6724.700000000001			0.7743863755328939
6725.6			0.7770484181266759
6726.5			0.7865140938859952
6727.4			0.7984847468666549
6728.3			0.8052667652036907
6729.200000000001			0.8102535013734365
6730.1			0.8150051738040451
6731.0			0.820268381513604
6731.9			0.8272141378201313
6732.8			0.828697710682059
6733.700000000001			0.8254737724897985
6734.6			0.8263075945153385
6735.5			0.8329228947989616
6736.4			0.8407331005590962
6737.3			0.8416684013379079
6738.200000000001			0.8323746298917377
6739.1			1.0
6740.0			1.0161943031336285
6740.9			1.0261474768422765
6741.8			1.0125531670924213
6742.700000000001			1.0059435003244337
6743.6			1.0326568604322377
6744.5			1.0558312321587762
6745.4			1.0312628231645578
6746.3			0.9686403850552227
6747.200000000001			0.911858164175063
6748.1			0.8987174483483824
6749.0			0.9236339807301318
6749.9			0.9521683748735963
6750.8			0.9520937643175901
6751.700000000001			0.9207597117555948
6752.6			0.9122937266472576
6753.5			0.9389469886789268
6754.4			0.9605518601975463
6755.3			0.9776535234932678
6756.200000000001			0.9994105877149764
6757.1			0.8752727288667298
6758.0			0.8743085976628193
6758.9			0.8768858025581234
6759.8			0.8847929832952226
6760.700000000001			0.8874348685669159
6761.6			0.886429956004047
6762.5			0.8987680517357436
6763.4			0.9161078484582119
6764.3			0.9177531146066972
6765.200000000001			0.9002353642518856
6766.1			0.8898998152615327
6767.0			0.9189103881053008
6767.9			0.9560531065660103
6768.8			0.9556166237661785
6769.700000000001			1.0
6770.6			0.9987602634704442
6771.5			1.027711111002707
6772.4			1.0575528437967874
6773.3			1.0708850209727445
6774.200000000001			1.075553725473035
6775.1			1.0804275546058573
6776.0			1.0831915876793043
6776.9			1.0792029065444282
6777.8			1.0802706090076002
6778.700000000001			1.0819411674356423
6779.6			1.0576055693291937
6780.5			0.9892632446107236
6781.4			0.9053172310425264
6782.3			0.8616424416314241
6783.200000000001			0.8526708037873832
6784.1			0.850391718802489
6785.0			0.8597671648700729
6785.9			0.8869343933136422
6786.8			0.911325426176312
6787.700000000001			0.9244034812220188
6788.6			0.9230481455810775
6789.5			0.9146143455808358
6790.4			0.9204434305502008
6791.3			0.9372737942793429
6792.200000000001			0.9398834185086609
6793.1			0.9405087932586822
6794.0			0.962501033002571
6794.9			0.979107092721468
6795.8			0.9823833513039104
6796.700000000001			0.9968354972316624
6797.6			1.0000906217583567
6798.5			0.9436307991029332
6799.4			0.9615034081702521
6800.3			0.9760098694909314
6801.200000000001			0.9874039882418726
6802.1			0.9837208805069618
6803.0			0.9678491743302701
6803.9			0.9698095571378812
6804.8			0.9851173817478139
6805.700000000001			0.9786938874600271
6806.6			0.9724363748843348
6807.5			0.9929590598835654
6808.4			1.0073480740673184
6809.3			1.003891239930396
6810.200000000001			1.0084519103379437
6811.1			1.0
6812.0			0.989921161634153
6812.9			0.97965188731195
6813.8			0.9513941750782078
6814.700000000001			0.9178917096441953
6815.6			0.9278422061497998
6816.5			0.9695880132850533
6817.4			1.0008438622038625
6818.3			1.0
6819.200000000001			1.0
6820.1			1.0
6821.0			1.0
6821.9			1.0
6822.8			1.0
6823.700000000001			1.0
6824.6			1.0
6825.5			1.0
6826.4			1.0
6827.3			1.0
6828.200000000001			1.0
6829.1			1.0
6830.0			1.0
6830.9			1.0
6831.8			1.0
6832.700000000001			1.0
6833.6			1.0
6834.5			1.0
6835.4			1.0
6836.3			1.0
6837.200000000001			1.0
6838.1			1.0
6839.0			1.0
6839.9			1.0
6840.8			1.0
6841.700000000001			1.0
6842.6			1.0
6843.5			1.0
6844.4			1.0
6845.3			1.0
6846.200000000001			1.0
6847.1			0.998709149085376
6848.0			0.9667938905741043
6848.9			0.9182756792597321
6849.8			0.8939388502380704
6850.700000000001			0.8936837904323598
6851.6			0.8987168204513799
6852.5			0.9054302301407332
6853.4			0.9089442283286546
6854.3			0.9067963293544283
6855.200000000001			0.9097125791519974
6856.1			0.9177406237311357
6857.0			0.9276030195500523
6857.9			0.9413508287765789
6858.8			0.9421907026092255
6859.700000000001			0.9191921018436741
6860.6			0.898793913394653
6861.5			0.9147160466847499
6862.4			0.9642770376619122
6863.3			1.0012130214404815
6864.200000000001			1.0021992616099367
6865.1			0.9908851474796847
6866.0			0.9647553463390404
6866.9			0.927358992063143
6867.8			0.9311089071700982
6868.700000000001			0.9747126492843055
6869.6			0.9850265687734959
6870.5			0.9723983312209176
6871.4			0.985063181221488
6872.3			0.9963964165228305
6873.200000000001			0.992481740760098
6874.1			1.0000061418361135
6875.0			1.0
6875.9			1.0
6876.8			1.0
6877.700000000001			1.0
6878.6			1.0
6879.5			1.0
6880.4			0.9928309239051478
6881.3			0.9749702151900942
6882.200000000001			0.9440251480879506
6883.1			0.9419303045844306
6884.0			0.9722634388109216
6884.9			0.9898021186354938
6885.8			0.9999317132858225
6886.700000000001			1.0
6887.6			1.0
6888.5			1.0
6889.4			1.0
6890.3			1.0
6891.200000000001			1.0
6892.1			1.0
6893.0			1.0
6893.9			1.0
6894.8			1.0
6895.700000000001			1.0
6896.6			1.0
6897.5			1.0
6898.4			1.0
6899.3			1.0
6900.200000000001			1.0
6901.1			1.0
6902.0			1.0
6902.9			1.0
6903.8			1.0
6904.700000000001			1.0
6905.6			1.0
6906.5			1.0
6907.4			1.0
6908.3			1.0
6909.200000000001			1.0
6910.1			1.0
6911.0			1.0
6911.9			1.0
6912.8			1.0
6913.700000000001			1.0
6914.6			1.0
6915.5			1.0
6916.4			1.0
6917.3			1.0
6918.200000000001			1.0
6919.1			0.9981309629125119
6920.0			1.0240866756271716
6920.9			1.0385132790872613
6921.8			1.0170044156325213
6922.700000000001			0.9754214465030522
6923.6			0.9506948267943849
6924.5			0.9475019823536941
6925.4			0.956284950721981
6926.3			0.976679017021233
6927.200000000001			0.9949754265821108
6928.1			0.9985278763749882
6929.0			1.0
6929.9			1.0
6930.8			1.0
6931.700000000001			1.0
6932.6			1.0
6933.5			1.0
6934.4			1.0
6935.3			1.0
6936.200000000001			1.0
6937.1			1.0
6938.0			1.0
6938.9			1.0
6939.8			1.0
6940.700000000001			1.0
6941.6			1.0
6942.5			1.0
6943.4			1.0
6944.3			1.0
6945.200000000001			1.0
6946.1			1.0
6947.0			1.0
6947.9			1.0
6948.8			0.9901034322100779
6949.700000000001			0.9706871546044528
6950.6			0.9461398454737341
6951.5			0.9242140559429121
6952.4			0.9078543860395174
6953.3			0.9132792893073018
6954.200000000001			0.9462183712439195
6955.1			0.9831440635999702
6956.0			0.9993155599400777
6956.9			1.0
6957.8			1.0
6958.700000000001			1.0
6959.6			1.0
6960.5			1.0
6961.4			1.0
6962.3			1.0
6963.200000000001			1.0
6964.1			1.0
6965.0			1.0
6965.9			1.0
6966.8			1.0
6967.700000000001			1.0
6968.6			1.0
6969.5			1.0
6970.4			1.0
6971.3			1.0
6972.200000000001			1.0
6973.1			1.0
6974.0			1.0
6974.9			0.9915041080249604
6975.8			0.9744849946972199
6976.700000000001			0.9290065077303187
6977.6			0.8918638569574469
6978.5			0.9127122868167823
6979.4			0.9632758506782574
6980.3			0.9996653594035644
6981.200000000001			1.0
6982.1			1.0
6983.0			1.0
6983.9			1.0
6984.8			1.0
6985.700000000001			1.0
6986.6			0.9832589653809014
6987.5			0.9497695330352456
6988.4			0.9237796610640061
6989.3			0.9193250481918992
6990.200000000001			0.9431894544378887
6991.1			0.9808114902874394
6992.0			1.0034867602838773
6992.9			1.0
6993.8			1.0
6994.700000000001			1.0
6995.6			1.0
6996.5			1.0
6997.4			1.0
6998.3			1.0
6999.200000000001			1.0
7000.1			1.0
7001.0			1.0
7001.9			1.0
7002.8			1.0
7003.700000000001			1.0
7004.6			1.0
7005.5			1.0
7006.4			1.0
7007.3			1.0
7008.200000000001			1.0
7009.1			1.0
7010.0			1.0
7010.9			1.0
7011.8			1.0
7012.700000000001			1.0
7013.6			1.0
7014.5			1.0
7015.4			1.0
7016.3			1.0
7017.200000000001			1.0
7018.1			1.0
7019.0			1.0
7019.9			1.0
7020.8			1.0
7021.700000000001			1.0
7022.6			1.0
7023.5			1.0
7024.4			1.0
7025.3			1.0
7026.200000000001			1.0
7027.1			1.0
7028.0			1.0
7028.9			1.0
7029.8			1.0
7030.700000000001			1.0
7031.6			1.0
7032.5			1.0
7033.4			1.0
7034.3			1.0
7035.200000000001			1.0
7036.1			1.0
7037.0			1.0
7037.9			1.0
7038.8			1.0
7039.700000000001			1.0
7040.6			1.0
7041.5			1.0
7042.4			1.0
7043.3			1.0
7044.200000000001			1.0
7045.1			1.0
7046.0			1.0
7046.9			1.0
7047.8			1.0
7048.700000000001			1.0
7049.6			1.0
7050.5			1.0
7051.4			1.0
7052.3			1.0
7053.200000000001			1.0
7054.1			1.0
7055.0			1.0
7055.9			1.0
7056.8			1.0
7057.700000000001			1.0
7058.6			1.0
7059.5			1.0
7060.4			1.0
7061.3			1.0
7062.200000000001			1.0
7063.1			1.0
7064.0			1.0
7064.9			1.0
7065.8			1.0
7066.700000000001			1.0
7067.6			1.0
7068.5			1.0
7069.4			1.0
7070.3			1.0
7071.200000000001			1.0
7072.1			1.0
7073.0			1.0
7073.9			1.0
7074.8			1.0
7075.700000000001			1.0
7076.6			1.0
7077.5			1.0
7078.4			1.0
7079.3			1.0
7080.200000000001			1.0
7081.1			1.0
7082.0			1.0
7082.9			1.0
7083.8			1.0
7084.700000000001			1.0
7085.6			1.0
7086.5			1.0
7087.4			1.0
7088.3			1.0
7089.200000000001			1.0
7090.1			1.0
7091.0			1.0
7091.9			1.0
7092.8			1.0
7093.700000000001			1.0
7094.6			1.0
7095.5			1.0
7096.4			1.0
7097.3			1.0
7098.200000000001			1.0
7099.1			1.0
7100.0			1.0
7100.9			1.0
7101.8			1.0
7102.700000000001			1.0
7103.6			1.0
7104.5			1.0
7105.4			1.0
7106.3			1.0
7107.200000000001			1.0
7108.1			1.0
7109.0			1.0
7109.9			1.0
7110.8			1.0
7111.700000000001			1.0
7112.6			1.0
7113.5			1.0
7114.4			1.0
7115.3			1.0
7116.200000000001			1.0
7117.1			1.0
7118.0			1.0
7118.9			1.0
7119.8			1.0
7120.700000000001			1.0
7121.6			1.0
7122.5			1.0
7123.4			1.0
7124.3			1.0
7125.200000000001			1.0
7126.1			1.0
7127.0			1.0
7127.9			1.0
7128.8			1.0
7129.700000000001			1.0
7130.6			1.0
7131.5			1.0
7132.4			1.0
7133.3			1.0
7134.200000000001			1.0
7135.1			1.0
7136.0			1.0
7136.9			1.0
7137.8			1.0
7138.700000000001			1.0
7139.6			1.0
7140.5			1.0
7141.4			1.0
7142.3			1.0
7143.200000000001			1.0
7144.1			1.0
7145.0			1.0
7145.9			1.0
7146.8			1.0
7147.700000000001			1.0
7148.6			1.0
7149.5			1.0
7150.4			1.0
7151.3			1.0
7152.200000000001			1.0
7153.1			1.0
7154.0			1.0
7154.9			1.0
7155.8			1.0
7156.700000000001			1.0
7157.6			1.0
7158.5			1.0
7159.4			1.0
7160.3			1.0
7161.200000000001			1.0
7162.1			1.0
7163.0			1.0
7163.9			1.0
7164.8			1.0
7165.700000000001			1.0
7166.6			1.0
7167.5			1.0
7168.4			1.0
7169.3			1.0
7170.200000000001			1.0
7171.1			1.0
7172.0			1.0
7172.9			1.0
7173.8			1.0
7174.700000000001			1.0
7175.6			1.0
7176.5			1.0
7177.4			1.0
7178.3			1.0
7179.200000000001			1.0
7180.1			1.0
7181.0			1.0
7181.9			1.0
7182.8			1.0
7183.700000000001			1.0
7184.6			1.0
7185.5			1.0
7186.4			1.0
7187.3			1.0
7188.200000000001			1.0
7189.1			1.0
7190.0			1.0
7190.9			1.0
7191.8			1.0
7192.700000000001			1.0
7193.6			1.0
7194.5			1.0
7195.4			1.0
7196.3			1.0
7197.200000000001			1.0
7198.1			1.0
7199.0			1.0
7199.9			1.0
7200.8			1.0
7201.700000000001			1.0
7202.6			1.0
7203.5			1.0
7204.4			1.0
7205.3			1.0
7206.200000000001			1.0
7207.1			1.0
7208.0			1.0
7208.9			1.0
7209.8			1.0
7210.700000000001			1.0
7211.6			1.0
7212.5			1.0
7213.4			1.0
7214.3			1.0
7215.200000000001			1.0
7216.1			1.0
7217.0			1.0
7217.9			1.0
7218.8			1.0
7219.700000000001			1.0
7220.6			1.0
7221.5			1.0
7222.4			1.0
7223.3			1.0
7224.200000000001			1.0
7225.1			1.0
7226.0			1.0
7226.9			1.0
7227.8			1.0
7228.700000000001			1.0
7229.6			1.0
7230.5			1.0
7231.4			1.0
7232.3			1.0
7233.200000000001			1.0
7234.1			1.0
7235.0			1.0
7235.9			1.0
7236.8			1.0
7237.700000000001			1.0
7238.6			1.0
7239.5			1.0
7240.4			1.0
7241.3			1.0
7242.200000000001			1.0
7243.1			1.0
7244.0			1.0
7244.9			1.0
7245.8			1.0
7246.700000000001			1.0
7247.6			1.0
7248.5			1.0
7249.4			1.0
7250.3			1.0
7251.200000000001			1.0
7252.1			1.0
7253.0			1.0
7253.9			1.0
7254.8			1.0
7255.700000000001			1.0
7256.6			1.0
7257.5			1.0
7258.4			1.0
7259.3			1.0
7260.200000000001			1.0
7261.1			1.0
7262.0			1.0
7262.9			1.0
7263.8			1.0
7264.700000000001			1.0
7265.6			1.0
7266.5			1.0
7267.4			1.0
7268.3			1.0
7269.200000000001			1.0
7270.1			1.0
7271.0			1.0
7271.9			1.0
7272.8			1.0
7273.700000000001			1.0
7274.6			1.0
7275.5			1.0
7276.4			1.0
7277.3			1.0
7278.200000000001			1.0
7279.1			1.0
7280.0			1.0
7280.9			1.0
7281.8			1.0
7282.700000000001			1.0
7283.6			1.0
7284.5			1.0
7285.4			1.0
7286.3			1.0
7287.200000000001			1.0
7288.1			1.0
7289.0			1.0
7289.9			1.0
7290.8			1.0
7291.700000000001			1.0
7292.6			1.0
7293.5			1.0
7294.4			1.0
7295.3			1.0
7296.200000000001			1.0
7297.1			1.0
7298.0			1.0
7298.9			1.0
7299.8			1.0
7300.700000000001			1.0
7301.6			1.0
7302.5			1.0
7303.4			1.0
7304.3			1.0
7305.200000000001			1.0
7306.1			1.0
7307.0			1.0
7307.9			1.0
7308.8			1.0
7309.700000000001			1.0
7310.6			1.0
7311.5			1.0
7312.4			1.0
7313.3			1.0
7314.200000000001			1.0
7315.1			1.0
7316.0			1.0
7316.9			1.0
7317.8			1.0
7318.700000000001			1.0
7319.6			1.0
7320.5			1.0
7321.4			1.0
7322.3			1.0
7323.200000000001			1.0
7324.1			1.0
7325.0			1.0
7325.9			1.0
7326.8			1.0
7327.700000000001			1.0
7328.6			1.0
7329.5			1.0
7330.4			1.0
7331.3			1.0
7332.200000000001			1.0
7333.1			1.0
7334.0			1.0
7334.9			1.0
7335.8			1.0
7336.700000000001			1.0
7337.6			1.0
7338.5			1.0
7339.4			1.0
7340.3			1.0
7341.200000000001			1.0
7342.1			1.0
7343.0			1.0
7343.9			1.0
7344.8			1.0
7345.700000000001			1.0
7346.6			1.0
7347.5			1.0
7348.4			1.0
7349.3			1.0
7350.200000000001			1.0
7351.1			1.0
7352.0			1.0
7352.9			1.0
7353.8			1.0
7354.700000000001			1.0
7355.6			1.0
7356.5			1.0
7357.4			1.0
7358.3			1.0
7359.200000000001			1.0
7360.1			1.0
7361.0			1.0
7361.9			1.0
7362.8			1.0
7363.700000000001			1.0
7364.6			1.0
7365.5			1.0
7366.4			1.0
7367.3			1.0
7368.200000000001			1.0
7369.1			1.0
7370.0			1.0
7370.9			1.0
7371.8			1.0
7372.700000000001			1.0
7373.6			1.0
7374.5			1.0
7375.4			1.0
7376.3			1.0
7377.200000000001			1.0
7378.1			1.0
7379.0			1.0
7379.9			1.0
7380.8			1.0
7381.700000000001			1.0
7382.6			1.0
7383.5			1.0
7384.4			1.0
7385.3			1.0
7386.200000000001			1.0
7387.1			1.0
7388.0			1.0
7388.9			1.0
7389.8			1.0
7390.700000000001			1.0
7391.6			1.0
7392.5			1.0
7393.4			1.0
7394.3			1.0
7395.200000000001			1.0
7396.1			1.0
7397.0			1.0
7397.9			1.0
7398.8			1.0
7399.700000000001			1.0
7400.6			1.0
7401.5			1.0
7402.4			1.0
7403.3			1.0
7404.200000000001			1.0
7405.1			1.0
7406.0			1.0
7406.9			1.0
7407.8			1.0
7408.700000000001			1.0
7409.6			1.0
7410.5			1.0
7411.4			1.0
7412.3			1.0
7413.200000000001			1.0
7414.1			1.0
7415.0			1.0
7415.9			1.0
7416.8			1.0
7417.700000000001			1.0
7418.6			1.0
7419.5			1.0
7420.4			1.0
7421.3			1.0
7422.200000000001			1.0
7423.1			1.0
7424.0			1.0
7424.9			1.0
7425.8			1.0
7426.700000000001			1.0
7427.6			1.0
7428.5			1.0
7429.4			1.0
