3500.0			1.0
3500.9			1.0
3501.8			1.0
3502.7			1.0
3503.6			1.0
3504.5			1.0
3505.4			1.0
3506.3			1.0
3507.2			1.0
3508.1			1.0
3509.0			1.0
3509.9			1.0
3510.8			1.0
3511.7			1.0
3512.6			1.0
3513.5			1.0
3514.4			1.0
3515.3			1.0
3516.2			1.0
3517.1			1.0
3518.0			1.0
3518.9			1.0
3519.8			1.0
3520.7			1.0
3521.6			1.0
3522.5			1.0
3523.4			1.0
3524.3			1.0
3525.2			1.0
3526.1			1.0
3527.0			1.0
3527.9			1.0
3528.8			1.0
3529.7			1.0
3530.6			1.0
3531.5			1.0
3532.4			1.0
3533.3			1.0
3534.2			1.0
3535.1			1.0
3536.0			1.0
3536.9			1.0
3537.8			1.0
3538.7			1.0
3539.6			1.0
3540.5			1.0
3541.4			1.0
3542.3			1.0
3543.2			1.0
3544.1			1.0
3545.0			1.0
3545.9			1.0
3546.8			1.0
3547.7			1.0
3548.6			1.0
3549.5			1.0
3550.4			1.0
3551.3			1.0
3552.2			1.0
3553.1			1.0
3554.0			1.0
3554.9			1.0
3555.8			1.0
3556.7			1.0
3557.6			1.0
3558.5			1.0
3559.4			1.0
3560.3			1.0
3561.2			1.0
3562.1			1.0
3563.0			1.0
3563.9			1.0
3564.8			1.0
3565.7			1.0
3566.6			1.0
3567.5			1.0
3568.4			1.0
3569.3			1.0
3570.2			1.0
3571.1			1.0
3572.0			1.0
3572.9			1.0
3573.8			1.0
3574.7			1.0
3575.6			1.0
3576.5			1.0
3577.4			1.0
3578.3			1.0
3579.2			1.0
3580.1			1.0
3581.0			1.0
3581.9			1.0
3582.8			1.0
3583.7			1.0
3584.6			1.0
3585.5			1.0
3586.4			1.0
3587.3			1.0
3588.2			1.0
3589.1			1.0
3590.0			1.0
3590.9			1.0
3591.8			1.0
3592.7			1.0
3593.6			1.0
3594.5			1.0
3595.4			1.0
3596.3			1.0
3597.2			1.0
3598.1			1.0
3599.0			1.0
3599.9			1.0
3600.8			1.0
3601.7			1.0
3602.6			1.0
3603.5			1.0
3604.4			1.0
3605.3			1.0
3606.2			1.0
3607.1			1.0
3608.0			1.0
3608.9			1.0
3609.8			1.0
3610.7			1.0
3611.6			1.0
3612.5			1.0
3613.4			1.0
3614.3			1.0
3615.2			1.0
3616.1			1.0
3617.0			1.0
3617.9			1.0
3618.8			1.0
3619.7			1.0
3620.6			1.0
3621.5			1.0
3622.4			1.0
3623.3			1.0
3624.2			1.0
3625.1			1.0
3626.0			1.0
3626.9			1.0
3627.8			1.0
3628.7			1.0
3629.6			1.0
3630.5			1.0
3631.4			1.0
3632.3			1.0
3633.2			1.0
3634.1			1.0
3635.0			1.0
3635.9			1.0
3636.8			1.0
3637.7			1.0
3638.6			1.0
3639.5			1.0
3640.4			1.0
3641.3			1.0
3642.2			1.0
3643.1			1.0
3644.0			1.0
3644.9			1.0
3645.8			1.0
3646.7			1.0
3647.6			1.0
3648.5			1.0
3649.4			1.0
3650.3			1.0
3651.2			1.0
3652.1			1.0
3653.0			1.0
3653.9			1.0
3654.8			1.0
3655.7			1.0
3656.6			1.0
3657.5			1.0
3658.4			1.0
3659.3			1.0
3660.2			1.0
3661.1			1.0
3662.0			1.0
3662.9			1.0
3663.8			1.0
3664.7			1.0
3665.6			1.0
3666.5			1.0
3667.4			1.0
3668.3			1.0
3669.2			1.0
3670.1			1.0
3671.0			1.0
3671.9			1.0
3672.8			1.0
3673.7			1.0
3674.6			1.0
3675.5			1.0
3676.4			1.0
3677.3			1.0
3678.2			1.0
3679.1			1.0
3680.0			1.0
3680.9			1.0
3681.8			1.0
3682.7			1.0
3683.6			1.0
3684.5			1.0
3685.4			1.0
3686.3			1.0
3687.2			1.0
3688.1			1.0
3689.0			1.0
3689.9			1.0
3690.8			1.0
3691.7			1.0
3692.6			1.0
3693.5			1.0
3694.4			1.0
3695.3			1.0
3696.2			1.0
3697.1			1.0
3698.0			1.0
3698.9			1.0
3699.8			1.0
3700.7			1.0
3701.6			1.0
3702.5			1.0
3703.4			1.0
3704.3			1.0
3705.2			1.0
3706.1			1.0
3707.0			1.0
3707.9			1.0
3708.8			1.0
3709.7			1.0
3710.6			1.0
3711.5			1.0
3712.4			1.0
3713.3			1.0
3714.2			1.0
3715.1			1.0
3716.0			1.0
3716.9			1.0
3717.8			1.0
3718.7			1.0
3719.6			1.0
3720.5			1.0
3721.4			1.0
3722.3			1.0
3723.2			1.0
3724.1			1.0
3725.0			1.0
3725.9			1.0
3726.8			1.0
3727.7			1.0
3728.6			1.0
3729.5			1.0
3730.4			1.0
3731.3			1.0
3732.2			1.0
3733.1			1.0
3734.0			1.0
3734.9			1.0
3735.8			1.0
3736.7			1.0
3737.6			1.0
3738.5			1.0
3739.4			1.0
3740.3			1.0
3741.2			1.0
3742.1			1.0
3743.0			1.0
3743.9			1.0
3744.8			1.0
3745.7			1.0
3746.6			1.0
3747.5			1.0
3748.4			1.0
3749.3			1.0
3750.2			1.0
3751.1			1.0
3752.0			1.0
3752.9			1.0
3753.8			1.0
3754.7			1.0
3755.6			1.0
3756.5			1.0
3757.4			1.0
3758.3			1.0
3759.2			1.0
3760.1			1.0
3761.0			1.0
3761.9			1.0
3762.8			1.0
3763.7			1.0
3764.6			1.0
3765.5			1.0
3766.4			1.0
3767.3			1.0
3768.2			1.0
3769.1			1.0
3770.0			1.0
3770.9			1.0
3771.8			1.0
3772.7			1.0
3773.6			1.0
3774.5			1.0
3775.4			1.0
3776.3			1.0
3777.2			1.0
3778.1			1.0
3779.0			1.0
3779.9			1.0
3780.8			1.0
3781.7			1.0
3782.6			1.0
3783.5			1.0
3784.4			1.0
3785.3			1.0
3786.2			1.0
3787.1			1.0
3788.0			1.0
3788.9			1.0
3789.8			1.0
3790.7			1.0
3791.6			1.0
3792.5			1.0
3793.4			1.0
3794.3			1.0
3795.2			1.0
3796.1			1.0
3797.0			1.0
3797.9			1.0
3798.8			1.0
3799.7			1.0
3800.6			1.0
3801.5			1.0
3802.4			1.0
3803.3			1.0
3804.2			1.0
3805.1			1.0
3806.0			1.0
3806.9			1.0
3807.8			1.0
3808.7			1.0
3809.6			1.0
3810.5			1.0
3811.4			1.0
3812.3			1.0
3813.2			1.0
3814.1			1.0
3815.0			1.0
3815.9			1.0
3816.8			1.0
3817.7			1.0
3818.6			1.0
3819.5			1.0
3820.4			1.0
3821.3			1.0
3822.2			1.0
3823.1			1.0
3824.0			1.0
3824.9			1.0
3825.8			1.0
3826.7			1.0
3827.6			1.0
3828.5			1.0
3829.4			1.0
3830.3			1.0
3831.2			1.0
3832.1			1.0
3833.0			1.0
3833.9			1.0
3834.8			1.0
3835.7			1.0
3836.6			1.0
3837.5			1.0
3838.4			1.0
3839.3			1.0
3840.2			1.0
3841.1			1.0
3842.0			1.0
3842.9			1.0
3843.8			1.0
3844.7			1.0
3845.6			1.0
3846.5			1.0
3847.4			1.0
3848.3			1.0
3849.2			1.0
3850.1			1.0
3851.0			1.0
3851.9			1.0
3852.8			1.0
3853.7			1.0
3854.6			1.0
3855.5			1.0
3856.4			1.0
3857.3			1.0
3858.2			1.0
3859.1			1.0
3860.0			1.0
3860.9			1.0
3861.8			1.0
3862.7			1.0
3863.6			1.0
3864.5			1.0
3865.4			1.0
3866.3			1.0
3867.2			1.0
3868.1			1.0
3869.0			1.0
3869.9			1.0
3870.8			1.0
3871.7			1.0
3872.6			1.0
3873.5			1.0
3874.4			1.0
3875.3			1.0
3876.2			1.0
3877.1			1.0
3878.0			1.0
3878.9			1.0
3879.8			1.0
3880.7			1.0
3881.6			1.0
3882.5			1.0
3883.4			1.0
3884.3			1.0
3885.2			1.0
3886.1			1.0
3887.0			1.0
3887.9			1.0
3888.8			1.0
3889.7			1.0
3890.6			1.0
3891.5			1.0
3892.4			1.0
3893.3			1.0
3894.2			1.0
3895.1			1.0
3896.0			1.0
3896.9			1.0
3897.8			1.0
3898.7			1.0
3899.6			1.0
3900.5			1.0
3901.4			1.0
3902.3			1.0
3903.2			1.0
3904.1			1.0
3905.0			1.0
3905.9			1.0
3906.8			1.0
3907.7			1.0
3908.6			1.0
3909.5			1.0
3910.4			1.0
3911.3			1.0
3912.2			1.0
3913.1			1.0
3914.0			1.0
3914.9			1.0
3915.8			1.0
3916.7			1.0
3917.6			1.0
3918.5			1.0
3919.4			1.0
3920.3			1.0
3921.2			1.0
3922.1			1.0
3923.0			1.0
3923.9			1.0
3924.8			1.0
3925.7			1.0
3926.6			1.0
3927.5			1.0
3928.4			1.0
3929.3			1.0
3930.2			1.0
3931.1			1.0
3932.0			1.0
3932.9			1.0
3933.8			1.0
3934.7			1.0
3935.6			1.0
3936.5			1.0
3937.4			1.0
3938.3			1.0
3939.2			1.0
3940.1			1.0
3941.0			1.0
3941.9			1.0
3942.8			1.0
3943.7			1.0
3944.6			1.0
3945.5			1.0
3946.4			1.0
3947.3			1.0
3948.2			1.0
3949.1			1.0
3950.0			1.0
3950.9			1.0
3951.8			1.0
3952.7			1.0
3953.6			1.0
3954.5			1.0
3955.4			1.0
3956.3			1.0
3957.2			1.0
3958.1			1.0
3959.0			1.0
3959.9			1.0
3960.8			1.0
3961.7			1.0
3962.6			1.0
3963.5			1.0
3964.4			1.0
3965.3			1.0
3966.2			1.0
3967.1			1.0
3968.0			1.0
3968.9			1.0
3969.8			1.0
3970.7			1.0
3971.6			1.0
3972.5			1.0
3973.4			1.0
3974.3			1.0
3975.2			1.0
3976.1			1.0
3977.0			1.0
3977.9			1.0
3978.8			1.0
3979.7			1.0
3980.6			1.0
3981.5			1.0
3982.4			1.0
3983.3			1.0
3984.2			1.0
3985.1			1.0
3986.0			1.0
3986.9			1.0
3987.8			1.0
3988.7			1.0
3989.6			1.0
3990.5			1.0
3991.4			1.0
3992.3			1.0
3993.2			1.0
3994.1			1.0
3995.0			1.0
3995.9			1.0
3996.8			1.0
3997.7			1.0
3998.6			1.0
3999.5			1.0
4000.4			1.0
4001.3			1.0
4002.2			1.0
4003.1			1.019364599605337
4004.0			0.9310882790888353
4004.9			0.7641838951208978
4005.8			0.6841488086969029
4006.7			0.7619318290396143
4007.6			0.896648642074225
4008.5			0.9980224808627929
4009.4			1.0
4010.3			1.0
4011.2			1.0
4012.1			1.0
4013.0			1.0
4013.9			1.0
4014.8			1.0
4015.7			1.0
4016.6			1.0
4017.5			1.0
4018.4			1.0
4019.3			1.0
4020.2			1.0
4021.1			1.0
4022.0			1.0
4022.9			1.0
4023.8			1.0
4024.7			1.0
4025.6			1.0
4026.5			1.0
4027.4			1.0
4028.3			1.056847495103428
4029.2			0.9986996432227551
4030.1			0.7920701477418725
4031.0			0.6087791493394892
4031.9			0.5449013722027362
4032.8			0.5188830591602516
4033.7			0.5099341912205929
4034.6			0.5793753918587314
4035.5			0.7385985409192455
4036.4			0.9200522149681338
4037.3			1.031720196434536
4038.2			1.0473978975892746
4039.1			1.0008963076622188
4040.0			1.0
4040.9			1.0
4041.8			1.0
4042.7			0.9892203573289885
4043.6			0.8565751307455579
4044.5			0.6253020456454512
4045.4			0.4406918861109411
4046.3			0.4361489157773977
4047.2			0.6124607494817064
4048.1			0.8206864006520026
4049.0			0.9435946734941382
4049.9			1.001030699941035
4050.8			1.0
4051.7			1.0
4052.6			1.0
4053.5			1.0
4054.4			1.0
4055.3			1.0
4056.2			1.0
4057.1			1.0
4058.0			1.0
4058.9			1.0
4059.8			1.0
4060.7			1.086481417504492
4061.6			1.0231253010820862
4062.5			0.8067206891019848
4063.4			0.5966373068047257
4064.3			0.6216583124711053
4065.2			0.8474632897580134
4066.1			0.9931179294937863
4067.0			1.0
4067.9			1.0
4068.8			1.0
4069.7			1.0
4070.6			1.0
4071.5			1.0
4072.4			1.0
4073.3			1.0
4074.2			1.0
4075.1			0.9231268518973861
4076.0			0.7287389252055638
4076.9			0.5640141519471034
4077.8			0.5498125764134508
4078.7			0.6767650134319799
4079.6			0.8483006842986811
4080.5			1.002808525063128
4081.4			1.0
4082.3			1.0
4083.2			1.0
4084.1			1.0
4085.0			1.0
4085.9			1.0
4086.8			1.0
4087.7			1.0
4088.6			1.0
4089.5			1.0
4090.4			1.0
4091.3			1.0
4092.2			1.0
4093.1			1.0135601112838741
4094.0			1.0460274302688257
4094.9			0.9725246450342794
4095.8			0.8338135462255503
4096.7			0.7772890450726228
4097.6			0.8129668957077358
4098.5			0.8538622401591311
4099.4			0.8398000848301649
4100.3			0.7520764162776249
4101.2			0.6828174992231485
4102.1			0.7318729587004371
4103.0			0.8300376663726792
4103.9			0.8815164358117007
4104.8			0.9398485166765026
4105.7			1.0483204868771019
4106.6			1.122450022912646
4107.5			1.1151806203972021
4108.4			1.071244780575619
4109.3			1.0004406929254475
4110.2			1.0
4111.1			1.0
4112.0			1.0
4112.9			1.0
4113.8			1.0
4114.7			1.0
4115.6			1.0
4116.5			1.0
4117.4			1.0
4118.3			1.0
4119.2			1.0
4120.1			1.0
4121.0			1.0
4121.9			1.0
4122.8			1.0
4123.7			1.0
4124.6			1.0
4125.5			1.0
4126.4			1.0
4127.3			0.944970972507372
4128.2			0.8838032658258841
4129.1			0.8300428959417083
4130.0			0.7879157829853938
4130.9			0.7495159019634701
4131.8			0.6959010004784888
4132.7			0.6657488197547203
4133.6			0.6857191240754077
4134.5			0.7475154884401843
4135.4			0.8515099045587884
4136.3			0.9213214025558186
4137.2			0.9183545267528862
4138.1			0.9116713022964925
4139.0			0.9165354499187246
4139.9			0.9219214702235407
4140.8			0.9102798473329777
4141.7			0.800385471379055
4142.6			0.5985705080513586
4143.5			0.4730510940790258
4144.4			0.536901895914013
4145.3			0.7107505899706619
4146.2			0.8390668413300355
4147.1			0.8743371951109662
4148.0			0.8573498410521394
4148.9			0.8053519944397347
4149.8			0.7472073204156385
4150.7			0.7220280662238828
4151.6			0.7185604881545405
4152.5			0.7243864802612489
4153.4			0.7464497437548525
4154.3			0.7633864358883885
4155.2			0.7535842524433496
4156.1			0.7315311104656831
4157.0			0.7651751357773079
4157.9			0.8719699349246524
4158.8			0.9725689068269603
4159.7			0.9990304417471739
4160.6			1.0
4161.5			1.0
4162.4			1.0
4163.3			1.0
4164.2			1.0
4165.1			1.0
4166.0			0.9827276550842935
4166.9			0.9598863694959564
4167.8			0.9393107795970113
4168.7			0.9856592893145102
4169.6			1.0690036566402947
4170.5			1.1063854906214277
4171.4			1.010843093416033
4172.3			0.826188639622763
4173.2			0.7303825986872211
4174.1			0.7837338658924184
4175.0			0.8855620356726279
4175.9			0.9397731076182865
4176.8			0.9275921268539565
4177.7			0.9082843998496747
4178.6			0.9459329124177982
4179.5			0.999624275311744
4180.4			0.9996236296324357
4181.3			1.0
4182.2			1.0
4183.1			1.0
4184.0			1.0
4184.9			1.0
4185.8			1.0
4186.7			1.0
4187.6			1.0
4188.5			1.0
4189.4			1.0
4190.3			1.0
4191.2			1.0
4192.1			1.035779418018683
4193.0			1.1337291176004511
4193.9			1.152820068021396
4194.8			1.0562573725980318
4195.7			0.9118962862619727
4196.6			0.8116191280135843
4197.5			0.7792182677871115
4198.4			0.7879490906573677
4199.3			0.827294421657104
4200.2			0.8452190265434195
4201.1			0.7854568115471994
4202.0			0.7309459716927081
4202.9			0.7730552056314004
4203.8			0.8419078494197058
4204.7			0.8666095605273519
4205.6			0.8982888226765663
4206.5			0.9678504515713784
4207.4			1.0459114625043637
4208.3			1.0893972117149906
4209.2			1.062037276917409
4210.1			1.0036286650792332
4211.0			0.9868964787397381
4211.9			1.0009891039929186
4212.8			1.0
4213.7			0.8591211452649731
4214.6			0.682901587058391
4215.5			0.6245881111825871
4216.4			0.787457607948306
4217.3			1.0256826850161094
4218.2			1.0
4219.1			1.0
4220.0			1.0
4220.9			1.0
4221.8			0.9434326232454466
4222.7			0.813333012391352
4223.6			0.6776226811446436
4224.5			0.5388852143030279
4225.4			0.3752638992577989
4226.3			0.2374679131258264
4227.2			0.233583430476344
4228.1			0.40778094125518527
4229.0			0.6527474621452232
4229.9			0.8761350707740829
4230.8			1.0664473530832688
4231.7			1.1274071936070544
4232.6			1.0202984278369711
4233.5			1.0
4234.4			1.0
4235.3			1.0
4236.2			1.0
4237.1			1.0
4238.0			1.0
4238.9			1.0
4239.8			1.0
4240.7			1.0
4241.6			1.0
4242.5			1.0
4243.4			1.0
4244.3			1.0
4245.2			1.0
4246.1			1.0
4247.0			0.8946854718944318
4247.9			0.838436224599668
4248.8			0.8025829871969625
4249.7			0.7192794615622581
4250.6			0.6262295542338604
4251.5			0.6396180472133753
4252.4			0.7173449962545024
4253.3			0.6995385860448424
4254.2			0.5989846867303366
4255.1			0.5908121066653341
4256.0			0.7288360102735993
4256.9			0.8819201119651948
4257.8			0.9051536541109483
4258.7			0.8066677692643652
4259.6			0.6922076587592636
4260.5			0.6332271716659207
4261.4			0.6844327808032796
4262.3			0.8392344740054944
4263.2			0.9985411302776872
4264.1			1.0
4265.0			1.0
4265.9			1.0150671175417947
4266.8			0.9755848729235203
4267.7			0.8825946632269333
4268.6			0.7952018795381711
4269.5			0.717820664829552
4270.4			0.5890395029460428
4271.3			0.44112326282717784
4272.2			0.40318684500789487
4273.1			0.47116591840939237
4274.0			0.514898931991439
4274.9			0.5360287213161414
4275.8			0.6340823296201435
4276.7			0.7942154969087689
4277.6			0.9390467143546252
4278.5			1.004960526553607
4279.4			1.0
4280.3			1.0
4281.2			1.0
4282.1			1.0
4283.0			1.0
4283.9			1.0
4284.8			1.0
4285.7			1.0
4286.6			1.0
4287.5			1.0190821929618432
4288.4			0.9201351300724331
4289.3			0.7329780399618772
4290.2			0.623067375601903
4291.1			0.682060742562821
4292.0			0.8577816578751042
4292.9			1.0019783085418574
4293.8			1.0
4294.7			0.9533164496956595
4295.6			0.9848008739903655
4296.5			1.0148364878679403
4297.4			0.9619003710901305
4298.3			0.8191750565116127
4299.2			0.643694230560718
4300.1			0.5702573467588068
4301.0			0.6278504556236041
4301.9			0.6839889099566886
4302.8			0.6917905731396639
4303.7			0.7079828739322795
4304.6			0.7026795455723842
4305.5			0.6358274360554933
4306.4			0.5426870535543689
4307.3			0.4552199909982977
4308.2			0.40812470781002946
4309.1			0.4482559274304305
4310.0			0.5664579368153096
4310.9			0.7006246173464958
4311.8			0.8009712741548285
4312.7			0.8570512144321714
4313.6			0.8579793251724773
4314.5			0.8685893750619432
4315.4			1.017213733979069
4316.3			1.2396141874289837
4317.2			1.3409345979448049
4318.1			1.2906978189289657
4319.0			1.1945331211994044
4319.9			1.0997822535415103
4320.8			1.0
4321.7			0.9663610942493924
4322.6			0.9300314110526379
4323.5			0.8007210850169455
4324.4			0.602240395155981
4325.3			0.43588376875326756
4326.2			0.43022671893265696
4327.1			0.6317744186615679
4328.0			0.8921002693335714
4328.9			1.0085437285429624
4329.8			1.0
4330.7			1.0
4331.6			1.0
4332.5			1.0
4333.4			1.0
4334.3			1.0
4335.2			1.070964048639703
4336.1			1.0283831703810715
4337.0			0.8348376706158833
4337.9			0.6674045634146472
4338.8			0.6252723581723469
4339.7			0.6076408036537105
4340.6			0.608787261373954
4341.5			0.7216944622231979
4342.4			0.8749621978887405
4343.3			0.9203220541016319
4344.2			0.9163381530128292
4345.1			0.9731752872193403
4346.0			1.0063637685844502
4346.9			1.0
4347.8			1.0
4348.7			1.1370172206139273
4349.6			1.1752231596077403
4350.5			0.9869658462046408
4351.4			0.7404436903733523
4352.3			0.6775140180811929
4353.2			0.7820712185290777
4354.1			0.8814447475825575
4355.0			0.9309016761622756
4355.9			0.9997014660860523
4356.8			1.0
4357.7			1.0
4358.6			1.0
4359.5			1.0
4360.4			1.0
4361.3			1.0
4362.2			1.0
4363.1			1.0
4364.0			1.0
4364.9			1.0
4365.8			1.0
4366.7			1.0
4367.6			1.0
4368.5			1.0
4369.4			1.0
4370.3			1.0
4371.2			1.0
4372.1			0.9843332191206674
4373.0			0.9090337832989268
4373.9			0.7794079181879593
4374.8			0.6805762025649686
4375.7			0.7038999498492121
4376.6			0.8513853126395081
4377.5			1.0028584149121167
4378.4			1.0
4379.3			0.969070843164361
4380.2			0.9073558333523346
4381.1			0.8413867225527921
4382.0			0.7081198916297554
4382.9			0.4930311363886015
4383.8			0.3471792486966881
4384.7			0.426566396121793
4385.6			0.6880148078386907
4386.5			0.9240978659195296
4387.4			1.0106025723362513
4388.3			1.0142140539696012
4389.2			1.0
4390.1			1.0
4391.0			1.0
4391.9			1.0
4392.8			1.0
4393.7			1.0
4394.6			1.0
4395.5			1.0
4396.4			1.0
4397.3			1.0
4398.2			1.0
4399.1			1.0
4400.0			0.8747223980522147
4400.9			0.8592896788132834
4401.8			0.9687872326418149
4402.7			0.9886413913577928
4403.6			0.775962925745601
4404.5			0.5245038324061609
4405.4			0.47742493468723757
4406.3			0.5905341581723649
4407.2			0.6594534292019917
4408.1			0.654532007570589
4409.0			0.7176686835297206
4409.9			0.8734513990671519
4410.8			1.000047425203967
4411.7			1.0
4412.6			1.0119671298349604
4413.5			0.931942894510873
4414.4			0.7571948557639233
4415.3			0.651543425337284
4416.2			0.71637713996665
4417.1			0.8608460352540895
4418.0			0.9969018060026508
4418.9			1.0
4419.8			1.0
4420.7			1.0
4421.6			1.0
4422.5			1.0
4423.4			1.0
4424.3			1.0
4425.2			1.0
4426.1			1.0
4427.0			1.0
4427.9			1.0
4428.8			1.0
4429.7			1.0
4430.6			1.0
4431.5			1.0
4432.4			1.0560446245399373
4433.3			0.9706191848701814
4434.2			0.8133861946722856
4435.1			0.7127570838711241
4436.0			0.7458424115202903
4436.9			0.8732358101835773
4437.8			1.0029511889745515
4438.7			1.0
4439.6			1.0
4440.5			1.0
4441.4			1.0
4442.3			1.0
4443.2			1.0
4444.1			1.0
4445.0			1.0
4445.9			1.0
4446.8			1.0
4447.7			1.0
4448.6			1.0
4449.5			1.0
4450.4			1.0
4451.3			1.0
4452.2			1.0315635640690417
4453.1			0.9810268881739482
4454.0			0.892711097232536
4454.9			0.816400904349891
4455.8			0.8104956704174318
4456.7			0.8595732972479746
4457.6			0.8717961548088604
4458.5			0.8324415426229318
4459.4			0.8019387014048557
4460.3			0.7828075914711105
4461.2			0.7357973883753745
4462.1			0.7477618119594003
4463.0			0.9064159070864172
4463.9			1.059098658824238
4464.8			1.0593244712738243
4465.7			1.0064357210023107
4466.6			1.0104270485628062
4467.5			1.0281205989529871
4468.4			1.0014340734282545
4469.3			0.9716235649855198
4470.2			0.9966249621136845
4471.1			1.0
4472.0			1.0
4472.9			1.0
4473.8			1.0
4474.7			1.0
4475.6			1.0
4476.5			1.0
4477.4			1.0
4478.3			0.9739669696271411
4479.2			0.8701559039564154
4480.1			0.7600161094172291
4481.0			0.7012105796345334
4481.9			0.7005512240591233
4482.8			0.7618138851217731
4483.7			0.8642352844231496
4484.6			0.9518273838464413
4485.5			0.9996782818992538
4486.4			1.0
4487.3			1.0
4488.2			1.0
4489.1			1.0
4490.0			1.0
4490.9			1.0
4491.8			1.0888594572896997
4492.7			1.0849116146464148
4493.6			0.9581712487210061
4494.5			0.8034563813444956
4495.4			0.7320260402311934
4496.3			0.758337185276237
4497.2			0.8480485971592403
4498.1			0.9537870550589012
4499.0			1.01625559370392
4499.9			1.0
4500.8			1.0
4501.7			1.0
4502.6			1.0
4503.5			1.0
4504.4			1.0
4505.3			1.0
4506.2			1.0
4507.1			0.9425191133629106
4508.0			0.944392213470656
4508.9			0.9759661409479305
4509.8			1.003155179502916
4510.7			1.0085882890403888
4511.6			0.9728795050600665
4512.5			0.9074425095852625
4513.4			0.8542163719881376
4514.3			1.0
4515.2			1.0287558180002565
4516.1			1.0671785589857092
4517.0			1.0552112150458686
4517.9			1.0167561991855212
4518.8			1.0367615460373867
4519.7			1.1263598558896932
4520.6			1.2183236524871128
4521.5			1.219557940764147
4522.4			1.1127379234273822
4523.3			1.0257552001232704
4524.2			1.0146624341853916
4525.1			0.9871966497585645
4526.0			0.9061947278857673
4526.9			0.8198133175325107
4527.8			0.7563408204420831
4528.7			0.7403843455706512
4529.6			0.7741358876739447
4530.5			0.8226663283563824
4531.4			0.8874548607966063
4532.3			0.9562821725644828
4533.2			0.9589962401211751
4534.1			0.8828516697826732
4535.0			0.8178507456926325
4535.9			0.8812075900281149
4536.8			1.0608483203211871
4537.7			1.1788215269798872
4538.6			1.0
4539.5			0.9088830193720214
4540.4			0.8323048406949225
4541.3			0.8318427577547006
4542.2			0.9152278419499623
4543.1			0.996308962701751
4544.0			1.0
4544.9			1.0
4545.8			1.0
4546.7			1.0
4547.6			1.0
4548.5			1.0
4549.4			1.0
4550.3			1.0
4551.2			1.0154565522286272
4552.1			0.9518489345452452
4553.0			0.8596290825044763
4553.9			0.7948811987942875
4554.8			0.778415000187261
4555.7			0.8343693539650834
4556.6			0.9334717653138788
4557.5			0.9995039096930635
4558.4			1.006839912721754
4559.3			1.0
4560.2			1.0
4561.1			1.0
4562.0			1.002887449788868
4562.9			0.9434199650823096
4563.8			0.8439692678994358
4564.7			0.7850472606515596
4565.6			0.8072256806337185
4566.5			0.9048363795208222
4567.4			1.002868143027668
4568.3			1.0
4569.2			1.0
4570.1			1.0
4571.0			1.0
4571.9			1.0
4572.8			1.0
4573.7			1.0
4574.6			1.0
4575.5			1.0
4576.4			1.0165480159304177
4577.3			1.0210160875911196
4578.2			0.973218120252868
4579.1			0.8896730726010375
4580.0			0.8352066752318345
4580.9			0.8657605021624618
4581.8			0.9518109527810719
4582.7			1.0045357209532888
4583.6			0.9980937320690703
4584.5			1.0
4585.4			1.0
4586.3			1.0
4587.2			1.0
4588.1			1.0
4589.0			1.0
4589.9			0.9828505173656467
4590.8			0.9099947493071093
4591.7			0.8465778011615088
4592.6			0.8265014282017049
4593.5			0.8100100230536568
4594.4			0.777360299730578
4595.3			0.767611000359071
4596.2			0.7858184963160424
4597.1			0.8000489811661967
4598.0			0.8221874266619982
4598.9			0.8542259273212266
4599.8			0.8426738704491231
4600.7			0.8115235206510885
4601.6			0.8256263660113488
4602.5			0.8464566370672634
4603.4			0.8328165678312299
4604.3			0.7984748979319723
4605.2			0.7630949187666562
4606.1			0.7754079286141964
4607.0			0.8762887047955888
4607.9			1.0205452351155282
4608.8			1.1102359323258948
4609.7			1.0988142153932678
4610.6			1.028315275858825
4611.5			0.9626998992360806
4612.4			0.9245460131124806
4613.3			0.9184549842814755
4614.2			0.9582108832493406
4615.1			1.0102221843980663
4616.0			1.0325586558779831
4616.9			1.0561404904017888
4617.8			1.067577080805739
4618.7			1.0166276169673651
4619.6			0.9687273143942786
4620.5			0.9999443109151114
4621.4			1.0
4622.3			1.0
4623.2			1.0
4624.1			1.0
4625.0			1.0
4625.9			1.0
4626.8			1.0
4627.7			1.0
4628.6			1.0
4629.5			1.0
4630.4			1.0
4631.3			1.0
4632.2			1.0
4633.1			1.0
4634.0			1.0
4634.9			1.0
4635.8			1.0
4636.7			1.0
4637.6			1.0
4638.5			1.0
4639.4			1.0
4640.3			0.9863565812169328
4641.2			1.0663858447008205
4642.1			1.1310300493367773
4643.0			1.0999497590448108
4643.9			1.0258013130978745
4644.8			0.9417074347569545
4645.7			0.8338052378250305
4646.6			0.7528041716026653
4647.5			0.7581878906224383
4648.4			0.8223402294284842
4649.3			0.8906634191262971
4650.2			0.9436765846247698
4651.1			0.9784956039028004
4652.0			1.0
4652.9			0.9947688923256474
4653.8			0.9326963610127111
4654.7			0.8445785162516297
4655.6			0.793829404058705
4656.5			0.8091486417396347
4657.4			0.8899019517895523
4658.3			0.9968273550859046
4659.2			1.0
4660.1			1.0
4661.0			1.0
4661.9			0.9140061966337787
4662.8			0.847278769797276
4663.7			0.8399899458834055
4664.6			0.8645906971287257
4665.5			0.8381334853608952
4666.4			0.7359278580908916
4667.3			0.6523860511289692
4668.2			0.6755801108110696
4669.1			0.7823572258591303
4670.0			0.8994672862229097
4670.9			0.9839885207814023
4671.8			1.019445454241117
4672.7			1.0061877227187683
4673.6			1.0
4674.5			1.0
4675.4			1.0
4676.3			1.0
4677.2			1.0181304231299593
4678.1			0.9729921129198368
4679.0			0.9175657435711984
4679.9			0.8696950032864672
4680.8			0.8355081300629206
4681.7			0.84594638587662
4682.6			0.9106689605463117
4683.5			0.9773365863966931
4684.4			0.997745083428464
4685.3			1.0
4686.2			1.0
4687.1			1.0
4688.0			1.0
4688.9			1.0
4689.8			1.0
4690.7			1.0
4691.6			0.9762360797325722
4692.5			0.9867074954248343
4693.4			1.0182710131113266
4694.3			1.0736166554046325
4695.2			1.1410657761298406
4696.1			1.1705511829507316
4697.0			1.1130779982543066
4697.9			0.9874996023815441
4698.8			0.904418341351176
4699.7			0.9171276210203742
4700.6			0.9548363697279454
4701.5			0.9621722308212649
4702.4			0.953531846904273
4703.3			0.9627286043612411
4704.2			1.0015631112359427
4705.1			1.0
4706.0			0.97016378421936
4706.9			0.9193552887567961
4707.8			0.8839289020264866
4708.7			0.8643326974487673
4709.6			0.8771803522320369
4710.5			0.9441511491424697
4711.4			1.0032963410516258
4712.3			1.0
4713.2			1.0
4714.1			1.0
4715.0			1.0
4715.9			1.0
4716.8			1.0
4717.7			1.0
4718.6			1.0
4719.5			1.0
4720.4			1.0
4721.3			1.0
4722.2			1.0
4723.1			0.9936751229573443
4724.0			1.0502576718322791
4724.9			1.103742862294854
4725.8			1.076105108723169
4726.7			0.9499646113113452
4727.6			0.8069312874484007
4728.5			0.7541542942283019
4729.4			0.7916931339009919
4730.3			0.8426601550763976
4731.2			0.8843300844622597
4732.1			0.9340505629699775
4733.0			0.9676787739037452
4733.9			0.9945961543023014
4734.8			1.0
4735.7			1.0
4736.6			1.0
4737.5			1.0
4738.4			1.0
4739.3			1.0
4740.2			1.0
4741.1			1.0
4742.0			1.0
4742.9			1.0
4743.8			1.0
4744.7			1.0
4745.6			1.0
4746.5			1.0
4747.4			1.0
4748.3			1.0
4749.2			1.0
4750.1			1.0
4751.0			1.0
4751.9			1.0
4752.8			1.0
4753.7			1.0
4754.6			1.0
4755.5			1.0
4756.4			1.0
4757.3			1.0
4758.2			1.0
4759.1			1.0
4760.0			1.0
4760.9			0.9909610786403265
4761.8			0.9409105074586035
4762.7			0.9172633501476226
4763.6			0.9170526543146963
4764.5			0.8918822956642544
4765.4			0.8486886777985426
4766.3			0.8420691308315414
4767.2			0.8941550856254988
4768.1			0.9726874780776518
4769.0			1.0514287715594457
4769.9			1.0953386317325395
4770.8			1.062621393850973
4771.7			0.9993251857200798
4772.6			1.0
4773.5			1.0611161143418186
4774.4			1.1293795945407403
4775.3			1.1278001833568359
4776.2			1.0945956803840833
4777.1			1.0982352934674253
4778.0			1.1074477096695252
4778.9			1.0854729742103535
4779.8			1.0555849665009487
4780.7			1.0301865195417008
4781.6			0.9851821007469073
4782.5			0.9210846367237724
4783.4			0.8866748973478136
4784.3			0.9084934520992302
4785.2			0.9226517207099972
4786.1			0.8913906639819009
4787.0			0.8814796898475552
4787.9			0.90357681662055
4788.8			0.8883623819002341
4789.7			0.8549909656604879
4790.6			0.859255357112828
4791.5			0.8915857026357074
4792.4			0.938665715228054
4793.3			1.0032435660294194
4794.2			1.0
4795.1			1.0
4796.0			0.9553401551542997
4796.9			0.9027159538168447
4797.8			0.8610698548830359
4798.7			0.8217957644174145
4799.6			0.8033823192974204
4800.5			0.8356551201756596
4801.4			0.9124100501384846
4802.3			0.9842138178749786
4803.2			0.9987989722471329
4804.1			1.0
4805.0			1.0
4805.9			1.0
4806.8			1.0
4807.7			1.0
4808.6			1.0
4809.5			1.0
4810.4			1.0
4811.3			1.0
4812.2			1.0
4813.1			1.0
4814.0			1.0
4814.9			1.0
4815.8			1.0
4816.7			1.0
4817.6			1.0
4818.5			1.0
4819.4			1.0
4820.3			1.0
4821.2			1.0
4822.1			1.0
4823.0			1.0
4823.9			1.0
4824.8			1.0
4825.7			1.0
4826.6			1.0
4827.5			1.0
4828.4			1.0
4829.3			1.0134161194917155
4830.2			1.0160181824588865
4831.1			0.9457710748801865
4832.0			0.8694746718387758
4832.9			0.8875260798552168
4833.8			0.9605472365966591
4834.7			0.9886545447921752
4835.6			1.0
4836.5			1.0
4837.4			1.0
4838.3			1.0
4839.2			1.0
4840.1			1.0
4841.0			1.0
4841.9			1.0
4842.8			1.0
4843.7			1.0
4844.6			1.0
4845.5			1.0
4846.4			1.0149408238511395
4847.3			0.961623080694499
4848.2			0.904344382923996
4849.1			0.9190640153572744
4850.0			0.9967946003351065
4850.9			1.0
4851.8			1.0
4852.7			1.0
4853.6			1.0
4854.5			0.9045712305943726
4855.4			0.855812835699041
4856.3			0.9198578139222248
4857.2			1.0085910029113234
4858.1			1.0198249461541444
4859.0			0.9520226696281804
4859.9			0.8408358190036862
4860.8			0.7447596444682487
4861.7			0.758161553945814
4862.6			0.8637774390843469
4863.5			0.9283636533604241
4864.4			0.9332733649656093
4865.3			0.9582033183405676
4866.2			0.9973912296649434
4867.1			1.0018868917353543
4868.0			1.0
4868.9			1.0
4869.8			0.9866314164032983
4870.7			0.8976399287636795
4871.6			0.8368405784925893
4872.5			0.8955535499234779
4873.4			0.9922581664990389
4874.3			1.0
4875.2			1.0
4876.1			1.0
4877.0			1.0
4877.9			1.0
4878.8			1.0
4879.7			1.0
4880.6			1.0
4881.5			1.0
4882.4			1.0
4883.3			1.0549150218302037
4884.2			1.0226389386182446
4885.1			0.9232408938620306
4886.0			0.8629541463372106
4886.9			0.887567105285373
4887.8			0.9439902611859383
4888.7			0.9645187316354846
4889.6			0.913877437668682
4890.5			0.8231990257865968
4891.4			0.8111566158251475
4892.3			0.9173595787562225
4893.2			1.0402940148412967
4894.1			1.1224760797081492
4895.0			1.1751965155974653
4895.9			1.188817342075494
4896.8			1.1756797480772037
4897.7			1.1515305382886658
4898.6			1.0853726635776544
4899.5			0.9961841845697782
4900.4			1.0
4901.3			1.0
4902.2			1.0
4903.1			1.0
4904.0			1.0
4904.9			1.0
4905.8			1.066718140244621
4906.7			1.05751489996928
4907.6			0.9841253948005732
4908.5			0.9059970423145671
4909.4			0.8537558716231167
4910.3			0.839399343040642
4911.2			0.865151484839474
4912.1			0.9039540312848984
4913.0			0.9292690047104383
4913.9			0.9547987841790514
4914.8			1.0
4915.7			1.0558917391537779
4916.6			1.054306593838703
4917.5			0.9772172136542523
4918.4			0.8556514493417452
4919.3			0.7507580003212784
4920.2			0.7262027115703599
4921.1			0.8134375314772508
4922.0			0.9624883152848521
4922.9			1.0578114519133133
4923.8			1.0466560282574642
4924.7			1.0202321148437477
4925.6			1.0
4926.5			1.0
4927.4			1.0
4928.3			1.0
4929.2			1.0
4930.1			1.0
4931.0			1.0
4931.9			1.0
4932.8			1.0
4933.7			1.0
4934.6			1.0301247663458382
4935.5			1.0871284807047041
4936.4			1.0408783095872143
4937.3			0.9067996023060932
4938.2			0.7934645126931428
4939.1			0.7869789093896361
4940.0			0.8785097775533309
4940.9			0.9682025333825277
4941.8			0.9935025847242676
4942.7			1.0
4943.6			1.0
4944.5			1.0
4945.4			1.0
4946.3			1.0
4947.2			1.0
4948.1			1.0
4949.0			1.0
4949.9			1.0
4950.8			1.0
4951.7			1.0
4952.6			1.0
4953.5			1.0
4954.4			1.0
4955.3			1.0
4956.2			0.9015070664328609
4957.1			0.7487036438363615
4958.0			0.7243096474076555
4958.9			0.8628867953849291
4959.8			1.000005396812543
4960.7			1.0
4961.6			1.0
4962.5			1.0
4963.4			1.0
4964.3			1.0
4965.2			1.0
4966.1			1.0
4967.0			1.0
4967.9			1.0
4968.8			1.0
4969.7			1.0
4970.6			1.0
4971.5			1.0
4972.4			1.0
4973.3			1.0
4974.2			1.0
4975.1			1.0
4976.0			1.0
4976.9			1.0
4977.8			0.9515366870432258
4978.7			0.9198348315761408
4979.6			0.9343728972858552
4980.5			0.9354125198569212
4981.4			0.8687679428305791
4982.3			0.7953396388463385
4983.2			0.8014303708429561
4984.1			0.8612211055464023
4985.0			0.902586057062696
4985.9			0.9372477791905032
4986.8			1.0017748237384985
4987.7			1.0
4988.6			1.0
4989.5			1.0
4990.4			1.0
4991.3			1.0
4992.2			1.0
4993.1			1.0
4994.0			1.0
4994.9			1.0
4995.8			1.0
4996.7			1.0
4997.6			1.0
4998.5			1.0
4999.4			1.0
5000.3			0.9706725924965851
5001.2			0.9954386345906602
5002.1			1.022333014074789
5003.0			1.0215592035609673
5003.9			0.9919390789858192
5004.8			0.9375111824036291
5005.7			0.8855177942889455
5006.6			0.9049956119056073
5007.5			1.0136539426200986
5008.4			1.1086355020226235
5009.3			1.1130972237210472
5010.2			1.0748023671019802
5011.1			1.0240735979172872
5012.0			0.945777453458648
5012.9			0.8689782501544789
5013.8			0.8335211872554795
5014.7			0.8691677971031916
5015.6			0.9598543677047069
5016.5			1.0166213065316918
5017.4			1.0061164921665373
5018.3			0.9888672830919517
5019.2			0.9984346150957729
5020.1			1.0070247309306637
5021.0			0.9823787974329746
5021.9			0.9436641200002402
5022.8			0.9612594903660784
5023.7			1.0404698039216032
5024.6			1.1002548264437304
5025.5			1.1101645980808046
5026.4			1.067592936429987
5027.3			1.0012039280608598
5028.2			1.0
5029.1			1.0
5030.0			1.0
5030.9			1.0
5031.8			1.0
5032.7			1.0
5033.6			1.0
5034.5			1.0
5035.4			1.0
5036.3			1.0
5037.2			1.0246740458428334
5038.1			1.0093062207076025
5039.0			0.8976630191806353
5039.9			0.7497079481707645
5040.8			0.6600848258509044
5041.7			0.7088813125458356
5042.6			0.8502583382000082
5043.5			1.0
5044.4			1.066859846964474
5045.3			1.1256393072045219
5046.2			1.1445294095052918
5047.1			1.073193480372625
5048.0			0.9458408310950032
5048.9			0.8586285285046396
5049.8			0.848642977553504
5050.7			0.8630583671574303
5051.6			0.8598954975492862
5052.5			0.8704071816230716
5053.4			0.9203800796450488
5054.3			0.9790865874277587
5055.2			1.0058287591420172
5056.1			1.0
5057.0			1.0
5057.9			1.0
5058.8			1.0
5059.7			1.0
5060.6			1.0
5061.5			1.0
5062.4			1.0
5063.3			0.9382865451128263
5064.2			0.8443064965395617
5065.1			0.8255359773246962
5066.0			0.9094961936612945
5066.9			0.9830079069448291
5067.8			1.0
5068.7			1.0
5069.6			1.0
5070.5			1.0
5071.4			1.0
5072.3			1.0
5073.2			1.0
5074.1			1.0
5075.0			0.9801537536709523
5075.9			0.9493362820013901
5076.8			0.9733578691960156
5077.7			0.9787474361108566
5078.6			0.877692183705728
5079.5			0.7539884816385888
5080.4			0.7463930520223151
5081.3			0.8293334357620569
5082.2			0.8884222966772823
5083.1			0.9010537404779719
5084.0			0.9231163769665269
5084.9			0.9664080809347285
5085.8			0.9964692986649195
5086.7			1.0
5087.6			1.0
5088.5			1.0
5089.4			1.0
5090.3			1.0
5091.2			1.0
5092.1			1.0
5093.0			1.0
5093.9			1.0
5094.8			1.0
5095.7			0.9606413189023955
5096.6			0.9355824063988017
5097.5			0.8954123758281854
5098.4			0.8340077201871176
5099.3			0.8219075248797125
5100.2			0.8980784965472542
5101.1			0.9892516118945948
5102.0			1.0208942783648258
5102.9			1.0
5103.8			0.9656069843247281
5104.7			0.9498376978490465
5105.6			0.9446792834840857
5106.5			0.9201814706445851
5107.4			0.8832176941656301
5108.3			0.8682477618883523
5109.2			0.85926376920421
5110.1			0.8468213800163403
5111.0			0.8665896917443175
5111.9			0.9001673824492293
5112.8			0.9123061241533478
5113.7			0.9291125511526714
5114.6			1.0
5115.5			1.0276839693875213
5116.4			1.0545348413779003
5117.3			1.087458467860191
5118.2			1.0938355191551603
5119.1			1.067199074546692
5120.0			1.0299437555998074
5120.9			0.9901626977805434
5121.8			0.9331249612997341
5122.7			0.8482277841705564
5123.6			0.7867809795087956
5124.5			0.8077615081758341
5125.4			0.8701793669765427
5126.3			0.8965699452438756
5127.2			0.8843875818064951
5128.1			0.8712624232162435
5129.0			0.8689490763619673
5129.9			0.8882001011479347
5130.8			0.9429917955732812
5131.7			0.9981265767480451
5132.6			1.0
5133.5			1.0
5134.4			1.0
5135.3			1.0
5136.2			1.0
5137.1			1.0
5138.0			1.0
5138.9			0.9853040584579574
5139.8			1.0371557436261312
5140.7			1.1004477595641713
5141.6			1.0603455357426808
5142.5			0.9806403603272391
5143.4			0.9977506679461011
5144.3			1.0651020990974975
5145.2			1.0701978010138755
5146.1			1.0338023334192974
5147.0			1.0205563780170372
5147.9			1.044145699449238
5148.8			1.0887974681743045
5149.7			1.109443655310987
5150.6			1.087209353928554
5151.5			1.058487814374857
5152.4			1.054217459790156
5153.3			1.0739014881363795
5154.2			1.1233624065588956
5155.1			1.2064100981077803
5156.0			1.2987774258518971
5156.9			1.3761944764551473
5157.8			1.4166172187457344
5158.7			1.4110547475329143
5159.6			1.4116039120298756
5160.5			1.444039177825536
5161.4			1.0
5162.3			0.976591963920254
5163.2			0.9625719825607819
5164.1			0.9343433211244522
5165.0			0.8400829033427125
5165.9			0.7031736422838721
5166.8			0.5926218606232088
5167.7			0.5790634927172593
5168.6			0.6978610616026097
5169.5			0.8714559715150986
5170.4			0.926447098054384
5171.3			0.7860284946488608
5172.2			0.6105492011538596
5173.1			0.632930354792141
5174.0			0.8591912912566015
5174.9			1.0774126615217094
5175.8			1.1661053636704475
5176.7			1.1991911418929682
5177.6			1.2439672826415964
5178.5			1.2750018246129897
5179.4			1.2737202574896442
5180.3			1.0
5181.2			0.9039885901796755
5182.1			0.7364855231617132
5183.0			0.5654945169455393
5183.9			0.5473110507302467
5184.8			0.7146185386112609
5185.7			0.9121047883048227
5186.6			1.001600601770423
5187.5			1.0
5188.4			1.0
5189.3			1.053440599645619
5190.2			1.0651206370482584
5191.1			0.9478154813014188
5192.0			0.8021808906327698
5192.9			0.7837457996954144
5193.8			0.8610176263013958
5194.7			0.9125347124543475
5195.6			0.9401442294092748
5196.5			0.9946275835615251
5197.4			1.0
5198.3			1.0
5199.2			1.0
5200.1			1.0
5201.0			1.0
5201.9			0.9825951680893916
5202.8			0.9623539046930379
5203.7			0.8894821600140654
5204.6			0.7692336072702682
5205.5			0.6942732062694127
5206.4			0.697838127028425
5207.3			0.6964898684974821
5208.2			0.6611423701821122
5209.1			0.6690996267247321
5210.0			0.7471964190496377
5210.9			0.8523112932716987
5211.8			0.9508061933152144
5212.7			1.018957572296796
5213.6			1.0378520824375417
5214.5			1.0004721998137767
5215.4			1.0
5216.3			1.0
5217.2			1.0
5218.1			1.0
5219.0			1.0
5219.9			1.0
5220.8			1.0
5221.7			1.0
5222.6			0.9499484720141571
5223.5			0.8616044111721742
5224.4			0.7688180459464636
5225.3			0.6952549088403551
5226.2			0.6514065993911785
5227.1			0.6837791865596415
5228.0			0.8135994902372289
5228.9			0.945952185966209
5229.8			1.000808531973325
5230.7			1.0
5231.6			1.0
5232.5			1.0
5233.4			1.0
5234.3			1.0
5235.2			1.0
5236.1			1.0
5237.0			1.0
5237.9			1.0
5238.8			1.0
5239.7			1.0
5240.6			1.0157700865165251
5241.5			1.0325837060163936
5242.4			1.0336458828399107
5243.3			1.0543286718426328
5244.2			1.0964059412304614
5245.1			1.0683014130516482
5246.0			0.9252404710505039
5246.9			0.7965835382227273
5247.8			0.8056371646032514
5248.7			0.8654291131599492
5249.6			0.8429529686500093
5250.5			0.790577453585874
5251.4			0.8168777849940518
5252.3			0.8970973213991611
5253.2			0.9356355123688844
5254.1			0.8941311922462382
5255.0			0.8480362221955569
5255.9			0.8981112636234616
5256.8			1.0132546828274944
5257.7			1.0869526411094466
5258.6			1.0901256334109932
5259.5			1.0
5260.4			0.9480456961046182
5261.3			0.8816733019909164
5262.2			0.7996913225934863
5263.1			0.7232661018837616
5264.0			0.6695007742702714
5264.9			0.6293095895335631
5265.8			0.6294047405809843
5266.7			0.7075427559120699
5267.6			0.7646916945676887
5268.5			0.6722934204967094
5269.4			0.5305230932337026
5270.3			0.5445843911846355
5271.2			0.702669903617858
5272.1			0.8295597414603713
5273.0			0.8575581099679087
5273.9			0.835303327052859
5274.8			0.8016147523334
5275.7			0.8041608461798303
5276.6			0.8768606966057679
5277.5			1.0
5278.4			1.030973218491033
5279.3			0.9966176088605325
5280.2			0.9312555408627528
5281.1			0.8772056162657963
5282.0			0.8432245671254883
5282.9			0.8128432356492432
5283.8			0.8087184769332965
5284.7			0.8760950858796039
5285.6			0.9785144544726759
5286.5			1.0258392527925342
5287.4			0.9953328260822628
5288.3			1.0
5289.2			1.0
5290.1			1.0
5291.0			1.0237983620284572
5291.9			1.0044077237063385
5292.8			0.9672335611636551
5293.7			0.9547800243050512
5294.6			0.9545299679502981
5295.5			0.9092513237252801
5296.4			0.8077760350659445
5297.3			0.7179142881435565
5298.2			0.7280312000179339
5299.1			0.823120573606947
5300.0			0.886025527575854
5300.9			0.8737710437769025
5301.8			0.8681226197801939
5302.7			0.9202964121155511
5303.6			1.000908508235733
5304.5			1.0
5305.4			1.0
5306.3			1.0
5307.2			1.0
5308.1			1.0
5309.0			1.0
5309.9			1.0
5310.8			1.0
5311.7			1.0
5312.6			1.0
5313.5			1.0
5314.4			1.0
5315.3			1.0
5316.2			1.0
5317.1			1.0
5318.0			1.0
5318.9			1.0
5319.8			1.0
5320.7			1.0
5321.6			1.0
5322.5			1.0
5323.4			1.0
5324.3			0.9758244812325421
5325.2			1.0053711921461883
5326.1			0.9856450629226103
5327.0			0.8320859362809448
5327.9			0.6589850561908616
5328.8			0.6581622598871743
5329.7			0.8163712111036698
5330.6			0.9597956565325559
5331.5			0.9977793163863339
5332.4			1.0
5333.3			1.0
5334.2			1.0
5335.1			1.0
5336.0			1.0
5336.9			1.0
5337.8			1.0014785103236201
5338.7			0.9718296327210699
5339.6			0.8806602747720695
5340.5			0.8145616928026642
5341.4			0.8615871798264775
5342.3			0.9563926426453615
5343.2			1.0014558826460807
5344.1			1.0
5345.0			1.0
5345.9			1.0
5346.8			0.9950433793970792
5347.7			0.9605007626858798
5348.6			0.893415771067926
5349.5			0.8688872839584928
5350.4			0.9120856794722133
5351.3			0.9691820568777735
5352.2			0.986214132656567
5353.1			1.0
5354.0			1.0
5354.9			1.0
5355.8			1.0
5356.7			1.0
5357.6			1.0
5358.5			1.0
5359.4			1.0
5360.3			1.0
5361.2			1.0
5362.1			1.0
5363.0			1.0
5363.9			1.0
5364.8			1.0
5365.7			1.0
5366.6			1.0
5367.5			1.0
5368.4			0.9764390046962199
5369.3			0.8956104451801377
5370.2			0.7849076060795799
5371.1			0.7326750290226105
5372.0			0.7979650770726789
5372.9			0.9219730498391725
5373.8			1.0067007002120176
5374.7			1.0
5375.6			1.0
5376.5			1.0
5377.4			1.0
5378.3			1.0
5379.2			1.0
5380.1			1.0
5381.0			1.0
5381.9			1.0
5382.8			1.0
5383.7			1.0
5384.6			1.0
5385.5			1.0
5386.4			1.0
5387.3			1.0
5388.2			1.0
5389.1			1.0
5390.0			1.0
5390.9			1.0
5391.8			1.0
5392.7			1.0
5393.6			1.0
5394.5			1.0
5395.4			1.0
5396.3			1.0
5397.2			1.0
5398.1			1.0917234175117718
5399.0			1.1911217597692974
5399.9			1.1820370957501036
5400.8			1.1428238089178304
5401.7			1.1464550058956426
5402.6			1.1335979239627725
5403.5			1.0380028533447656
5404.4			0.8946424676527669
5405.3			0.7980760222694705
5406.2			0.8102362850879388
5407.1			0.8924428357236656
5408.0			0.9294935072299384
5408.9			0.882049600249273
5409.8			0.8408223944313038
5410.7			0.8854530080767234
5411.6			0.9677628011291647
5412.5			1.0060841568830838
5413.4			1.0
5414.3			1.0
5415.2			1.0
5416.1			1.0
5417.0			1.0
5417.9			1.0
5418.8			1.0
5419.7			1.0
5420.6			1.0
5421.5			1.0
5422.4			1.0
5423.3			1.0
5424.2			1.0
5425.1			1.0
5426.0			1.0
5426.9			1.0561202318133764
5427.8			1.0233725705263412
5428.7			0.9029825662660207
5429.6			0.8370298442720234
5430.5			0.9130163956354622
5431.4			1.0056523264855894
5432.3			1.0041118071564525
5433.2			1.0
5434.1			1.0
5435.0			1.0
5435.9			1.0
5436.8			1.0
5437.7			1.0
5438.6			1.0
5439.5			1.0
5440.4			1.0
5441.3			1.0
5442.2			1.0
5443.1			1.0
5444.0			0.9803402394881378
5444.9			0.9100107052670086
5445.8			0.8026899445427564
5446.7			0.7453106731514147
5447.6			0.8045002166472106
5448.5			0.9210657534820049
5449.4			1.0003172016918425
5450.3			1.0
5451.2			1.0
5452.1			1.0
5453.0			0.9625776411242284
5453.9			0.8929267136248401
5454.8			0.8084904580243487
5455.7			0.7812222145368155
5456.6			0.8506702375404497
5457.5			0.9517198864837336
5458.4			1.0007698089236072
5459.3			1.0
5460.2			1.0
5461.1			1.0
5462.0			1.0
5462.9			1.0
5463.8			1.0
5464.7			1.0
5465.6			1.0
5466.5			1.0
5467.4			1.0
5468.3			1.0
5469.2			1.0
5470.1			1.0
5471.0			1.0091870597382677
5471.9			1.0268481326750982
5472.8			1.0033363270958557
5473.7			0.9875483178464725
5474.6			1.0066953060469188
5475.5			0.977595929547402
5476.4			0.9119204332975489
5477.3			0.9467371520690354
5478.2			1.0876849717100359
5479.1			1.1735383238457764
5480.0			1.117134705368243
5480.9			1.0121179251140742
5481.8			0.993935353216595
5482.7			1.0
5483.6			1.0704433247827554
5484.5			1.1248954585648543
5485.4			1.1296161618880867
5486.3			1.0643142790095717
5487.2			0.9895762342926941
5488.1			0.9787507666031103
5489.0			0.9975672407307288
5489.9			0.9955130752102858
5490.8			1.0044143522746647
5491.7			1.0206265993533021
5492.6			0.9931159168293708
5493.5			1.0
5494.4			1.0
5495.3			1.0
5496.2			1.0
5497.1			1.0
5498.0			1.0
5498.9			1.0
5499.8			1.0
5500.7			1.0
5501.6			1.0
5502.5			1.0
5503.4			1.0
5504.3			1.0
5505.2			1.0
5506.1			1.0
5507.0			1.0161549708673205
5507.9			1.0796287391896575
5508.8			1.101218872524887
5509.7			1.0711760243364254
5510.6			1.0133002546084477
5511.5			0.9380582469874065
5512.4			0.8821283855308676
5513.3			0.8695275573377461
5514.2			0.876780737643148
5515.1			0.8867498462670405
5516.0			0.9000234123475122
5516.9			0.9296497295583916
5517.8			0.9795770078778369
5518.7			1.0102632992223655
5519.6			0.9942919647062427
5520.5			1.0
5521.4			1.0
5522.3			1.0
5523.2			1.0
5524.1			1.0
5525.0			0.9915551981775798
5525.9			0.9668159623927547
5526.8			0.9231226156202855
5527.7			0.8856615293819619
5528.6			0.8984852994793292
5529.5			0.9572361910614962
5530.4			0.9990688075621987
5531.3			1.0
5532.2			1.0
5533.1			1.0
5534.0			1.0
5534.9			1.0
5535.8			1.0
5536.7			1.0
5537.6			1.0
5538.5			1.0
5539.4			1.0
5540.3			1.0
5541.2			1.0
5542.1			1.0
5543.0			1.0
5543.9			1.0
5544.8			1.0
5545.7			1.0
5546.6			1.0
5547.5			1.0
5548.4			1.0
5549.3			1.0
5550.200000000001			1.0
5551.1			1.0
5552.0			1.0
5552.9			1.0
5553.8			1.0
5554.700000000001			1.0
5555.6			1.0
5556.5			1.0
5557.4			1.0
5558.3			1.0001645060385127
5559.200000000001			1.0074570370554596
5560.1			1.0041062657952202
5561.0			0.9910031403099572
5561.9			0.9740705706603876
5562.8			0.9669906677120137
5563.700000000001			0.9728442405283635
5564.6			0.9637848656440715
5565.5			0.9352278858164037
5566.4			0.9225249309106203
5567.3			0.9338790777219077
5568.200000000001			0.9382223012271745
5569.1			0.9356318712700278
5570.0			0.9612766954658655
5570.9			0.985677209448133
5571.8			0.9602839573492744
5572.700000000001			0.9352411066704521
5573.6			0.9656490155992485
5574.5			1.0003621361378001
5575.4			1.0
5576.3			1.0
5577.200000000001			1.0
5578.1			1.0
5579.0			1.002741818155284
5579.9			1.0247023538616844
5580.8			1.0260289780502077
5581.700000000001			1.0067260094446673
5582.6			0.9944854571344784
5583.5			0.9808347383883443
5584.4			0.955474897385919
5585.3			0.9205867115877406
5586.200000000001			0.8729886310421207
5587.1			0.8271220258293263
5588.0			0.8070766173259973
5588.9			0.8179555847510541
5589.8			0.8493010656678863
5590.700000000001			0.8776120386009323
5591.6			0.8855877967380945
5592.5			0.882003574694315
5593.4			0.8821004743983913
5594.3			0.9069331159323246
5595.200000000001			1.0
5596.1			1.0462720443061024
5597.0			1.0208652488961054
5597.9			0.9584725042278941
5598.8			0.9214180217259027
5599.700000000001			0.9027274108271944
5600.6			0.8774342105440952
5601.5			0.8529656868890654
5602.4			0.8489704530235965
5603.3			0.8784198972957838
5604.200000000001			0.9295007011691176
5605.1			0.9758611558138311
5606.0			1.002025238597092
5606.9			1.0004473069934654
5607.8			1.0
5608.700000000001			1.0
5609.6			1.0
5610.5			1.0
5611.4			1.0
5612.3			1.0
5613.200000000001			0.9963010684911874
5614.1			0.9217379676739503
5615.0			0.8534815407625723
5615.9			0.8877599257123471
5616.8			0.9865290291889915
5617.700000000001			1.0
5618.6			1.0
5619.5			1.0
5620.4			1.0
5621.3			1.0455186710235613
5622.200000000001			1.0485716894701738
5623.1			0.9808008493995914
5624.0			0.8906299359001666
5624.9			0.8589739300284753
5625.8			1.0
5626.700000000001			1.0477850835043336
5627.6			1.0801625625169988
5628.5			1.1274295527844478
5629.4			1.175008915002036
5630.3			1.1857728969005745
5631.200000000001			1.1674416161196175
5632.1			1.1478173487479795
5633.0			1.1325805575665595
5633.9			1.1159616519237652
5634.8			1.0924522090360278
5635.700000000001			1.0573353709169617
5636.6			1.0239618213039685
5637.5			1.0149577016300257
5638.4			1.0327715356390217
5639.3			1.0440271805161154
5640.200000000001			1.022776230483108
5641.1			0.9942431228615541
5642.0			0.9918276733352728
5642.9			1.0064741523095653
5643.8			1.0170146283306687
5644.700000000001			1.022466020198925
5645.6			1.0248463257913885
5646.5			1.0268356586129288
5647.4			1.024974220560932
5648.3			1.0101983881703405
5649.200000000001			0.996304101269118
5650.1			1.0108069837230131
5651.0			1.0
5651.9			1.027272972194985
5652.8			1.024555818962446
5653.700000000001			0.9897961471393608
5654.6			0.9633862602115693
5655.5			0.9747536315066766
5656.4			0.9673119331962725
5657.3			0.8871915221346299
5658.200000000001			0.8155014022718445
5659.1			0.8452948473959658
5660.0			0.920135166726856
5660.9			0.9394302644978675
5661.8			0.9124664523304652
5662.700000000001			0.9098513297139041
5663.6			0.9501658704883508
5664.5			0.9999381397621712
5665.4			1.0
5666.3			1.0
5667.200000000001			1.0
5668.1			1.0
5669.0			1.0
5669.9			1.0
5670.8			1.0
5671.700000000001			1.0
5672.6			1.0
5673.5			1.0
5674.4			1.0
5675.3			1.0
5676.200000000001			1.0
5677.1			1.0
5678.0			1.0
5678.9			1.0
5679.8			1.0
5680.700000000001			1.0
5681.6			1.0
5682.5			0.9691637090150466
5683.4			0.9794695312095464
5684.3			1.0025824201120672
5685.200000000001			0.9927587267236537
5686.1			0.9508710906142582
5687.0			0.9151221997825087
5687.9			0.9096901591140795
5688.8			0.9325938109113205
5689.700000000001			0.9610620642127429
5690.6			0.9802298540856975
5691.5			0.9973362854713252
5692.4			1.0
5693.3			1.0
5694.200000000001			1.0
5695.1			1.0
5696.0			1.0
5696.9			1.0
5697.8			1.0
5698.700000000001			1.0
5699.6			1.0
5700.5			0.965788291797381
5701.4			0.9313268503139804
5702.3			0.9354353451899787
5703.200000000001			0.9793875150829251
5704.1			1.0170856891558366
5705.0			1.0038714696133222
5705.9			0.9500127382037713
5706.8			0.8959700149242298
5707.700000000001			0.8548337912835952
5708.6			0.8382418388595513
5709.5			0.8595487353300859
5710.4			0.8795942613362657
5711.3			0.8740005227313704
5712.200000000001			0.8882272329003008
5713.1			0.9393214654807581
5714.0			0.9810246915859764
5714.9			0.995077068979222
5715.8			0.999209103670111
5716.700000000001			0.9988521119613051
5717.6			1.0
5718.5			1.0
5719.4			1.0
5720.3			1.0
5721.200000000001			1.0
5722.1			1.0
5723.0			1.0
5723.9			1.0
5724.8			0.9962562948847302
5725.700000000001			0.9702601145255182
5726.6			0.9277536109349995
5727.5			0.9266012125309518
5728.4			0.982723518869334
5729.3			1.02615051531422
5730.200000000001			1.0071405511710605
5731.1			1.0
5732.0			1.0
5732.9			1.0
5733.8			1.0
5734.700000000001			1.0
5735.6			1.0
5736.5			1.0
5737.4			1.0
5738.3			1.0
5739.200000000001			1.0
5740.1			1.0
5741.0			1.0
5741.9			1.0
5742.8			1.0
5743.700000000001			1.0
5744.6			1.0
5745.5			1.0
5746.4			1.0
5747.3			1.0
5748.200000000001			1.0
5749.1			1.0
5750.0			1.0
5750.9			1.0022071264324233
5751.8			0.9558248800342777
5752.700000000001			0.891791262291556
5753.6			0.8543652481100641
5754.5			0.8784691775888824
5755.4			0.9465518577265033
5756.3			1.002466086637803
5757.200000000001			1.0
5758.1			1.0
5759.0			1.0
5759.9			1.0
5760.8			1.0
5761.700000000001			1.0
5762.6			1.0
5763.5			1.0
5764.4			1.0
5765.3			1.0
5766.200000000001			1.0
5767.1			1.0
5768.0			1.0
5768.9			1.0
5769.8			1.0
5770.700000000001			1.0
5771.6			1.0
5772.5			1.0
5773.4			1.0
5774.3			0.9958999690002298
5775.200000000001			1.0032504360647712
5776.1			1.0159772222497019
5777.0			1.0256049871966286
5777.9			1.0332144243209727
5778.8			1.0151074932511839
5779.700000000001			0.9426304381458214
5780.6			0.8521594305318946
5781.5			0.8189161656096507
5782.4			0.8493516090265221
5783.3			0.8745297311497188
5784.200000000001			0.8495344467577733
5785.1			0.8276429710106353
5786.0			0.8680367915172192
5786.9			0.9376870838068126
5787.8			0.984688514688382
5788.700000000001			1.000308779035449
5789.6			1.0
5790.5			1.0
5791.4			1.0
5792.3			1.0
5793.200000000001			1.0
5794.1			1.0
5795.0			1.0
5795.9			0.9705890844583476
5796.8			0.9076135418608114
5797.700000000001			0.8759606021438529
5798.6			0.9222354217212062
5799.5			0.9985377607404334
5800.4			1.0
5801.3			1.0
5802.200000000001			1.0
5803.1			1.0
5804.0			1.0
5804.9			1.0
5805.8			1.0
5806.700000000001			1.0
5807.6			1.0
5808.5			1.0
5809.4			1.0
5810.3			1.0
5811.200000000001			1.0
5812.1			0.9894140411431546
5813.0			0.9794093370402902
5813.9			0.9613637272596663
5814.8			0.9268770938566061
5815.700000000001			0.896481465488942
5816.6			0.9031594411386963
5817.5			0.9462517907478569
5818.4			0.9863500080326352
5819.3			0.9987983279602363
5820.200000000001			1.0
5821.1			1.0
5822.0			1.0
5822.9			1.0
5823.8			1.0
5824.700000000001			1.0
5825.6			1.0
5826.5			1.0
5827.4			1.0
5828.3			1.0
5829.200000000001			1.0
5830.1			1.0
5831.0			1.0
5831.9			1.0013081642755228
5832.8			0.9933843003118868
5833.700000000001			0.9625454957838722
5834.6			0.9476892199564453
5835.5			0.9748077481617239
5836.4			1.0052793161277862
5837.3			0.9975313361675049
5838.200000000001			1.0
5839.1			1.0
5840.0			1.0
5840.9			1.0
5841.8			1.0
5842.700000000001			1.0
5843.6			1.0
5844.5			1.0
5845.4			1.0
5846.3			1.0
5847.200000000001			1.0
5848.1			1.0
5849.0			1.0
5849.9			1.0
5850.8			1.0
5851.700000000001			1.0
5852.6			1.0
5853.5			1.0
5854.4			1.0298025681962408
5855.3			1.0400018929528287
5856.200000000001			0.9995340727096582
5857.1			0.9387300094449662
5858.0			0.9127550342538143
5858.9			0.938507732835579
5859.8			0.9836784596876984
5860.700000000001			1.0082418274587432
5861.6			0.9965736707044577
5862.5			1.0
5863.4			1.0
5864.3			1.0
5865.200000000001			1.0
5866.1			1.0
5867.0			1.0
5867.9			1.0
5868.8			1.0
5869.700000000001			1.0
5870.6			1.0
5871.5			1.0
5872.4			1.0
5873.3			1.0
5874.200000000001			1.0
5875.1			1.0
5876.0			1.0
5876.9			1.0
5877.8			1.0
5878.700000000001			1.0
5879.6			1.0
5880.5			1.0
5881.4			1.0
5882.3			1.0
5883.200000000001			1.0
5884.1			1.0
5885.0			1.0
5885.9			1.0316920052621188
5886.8			1.0180492016274718
5887.700000000001			0.9070035053545658
5888.6			0.7025742161190953
5889.5			0.5353445149977449
5890.4			0.5569031503676454
5891.3			0.7338169169358545
5892.200000000001			0.906763085601022
5893.1			0.989778947472167
5894.0			1.0
5894.9			1.0
5895.8			1.0
5896.700000000001			1.0
5897.6			1.0
5898.5			1.0
5899.4			1.0
5900.3			1.0
5901.200000000001			1.0
5902.1			1.0
5903.0			1.0
5903.9			1.0
5904.8			1.0
5905.700000000001			1.0
5906.6			1.0
5907.5			1.0
5908.4			1.0
5909.3			1.0
5910.200000000001			1.0
5911.1			1.0195348972857587
5912.0			1.0172758017351138
5912.9			0.9800621177172677
5913.8			0.9344147420765448
5914.700000000001			0.9102388546865373
5915.6			0.9139351367600284
5916.5			0.9433112349400554
5917.4			0.9772928671910938
5918.3			0.9975155043993001
5919.200000000001			1.0
5920.1			1.0
5921.0			1.0
5921.9			1.0
5922.8			1.0
5923.700000000001			1.0
5924.6			1.0
5925.5			1.0
5926.4			1.0
5927.3			1.0
5928.200000000001			1.0
5929.1			1.0
5930.0			1.0
5930.9			1.0
5931.8			1.0290752220406505
5932.700000000001			1.0209773016721526
5933.6			0.9752299154287171
5934.5			0.9351644009350868
5935.4			0.9420606665320552
5936.3			0.975074355976185
5937.200000000001			0.9994419811383404
5938.1			1.0
5939.0			1.0
5939.9			1.0
5940.8			1.0
5941.700000000001			1.0
5942.6			1.0
5943.5			1.0
5944.4			1.0
5945.3			1.0
5946.200000000001			1.0
5947.1			1.0
5948.0			1.0
5948.9			1.0
5949.8			1.0239870615279123
5950.700000000001			1.0491704843585585
5951.6			1.0225997154369104
5952.5			0.9757694034879897
5953.4			0.9718822245252352
5954.3			0.9981907452625379
5955.200000000001			0.9978612691848555
5956.1			0.9677370016432015
5957.0			0.9483937289917739
5957.9			0.9576574882984361
5958.8			0.9824119856234161
5959.700000000001			1.008835110326088
5960.6			1.0309849570442695
5961.5			1.0392899109453486
5962.4			1.0321129828330904
5963.3			1.019335625827752
5964.200000000001			0.9978945815324012
5965.1			1.0
5966.0			1.0
5966.9			1.0
5967.8			1.0
5968.700000000001			1.0
5969.6			1.0
5970.5			1.0
5971.4			1.0
5972.3			1.0
5973.200000000001			1.0
5974.1			1.0
5975.0			1.0
5975.9			1.0
5976.8			1.0
5977.700000000001			1.0
5978.6			1.0
5979.5			1.0
5980.4			1.0189791199886118
5981.3			1.0199049111469765
5982.200000000001			0.9945988446960032
5983.1			0.9406597212589064
5984.0			0.8988946024721921
5984.9			0.9161291737388707
5985.8			0.9678790373709714
5986.700000000001			0.9968189109681128
5987.6			0.9995592497779914
5988.5			1.0
5989.4			1.0
5990.3			1.0
5991.200000000001			1.0
5992.1			1.0
5993.0			1.0
5993.9			1.0
5994.8			1.0
5995.700000000001			1.0
5996.6			1.0
5997.5			1.0
5998.4			1.0
5999.3			1.0
6000.200000000001			1.0
6001.1			1.0
6002.0			1.0
6002.9			1.0
6003.8			1.0
6004.700000000001			1.0113706607784378
6005.6			1.0
6006.5			0.9630307585309072
6007.4			0.9243382157492563
6008.3			0.9241502815725328
6009.200000000001			0.9753491066003375
6010.1			1.028443123485878
6011.0			1.0311738543960005
6011.9			0.9877816012829
6012.8			0.9510744750016631
6013.700000000001			0.9512290177375778
6014.6			0.9635239189880667
6015.5			0.951987914347104
6016.4			0.9338011653347211
6017.3			0.937749229313931
6018.200000000001			0.948417851378985
6019.1			0.9432275064349545
6020.0			0.9364644097219246
6020.9			0.9463104022867066
6021.8			0.9649233619687304
6022.700000000001			0.9764915633087854
6023.6			0.982863159905901
6024.5			0.9979508434696568
6025.4			1.0093360003724805
6026.3			1.0003734152485126
6027.200000000001			1.0
6028.1			1.0
6029.0			1.0
6029.9			1.0
6030.8			1.0
6031.700000000001			1.0
6032.6			1.0
6033.5			1.0
6034.4			1.0
6035.3			1.0
6036.200000000001			1.0
6037.1			1.0
6038.0			1.0
6038.9			1.0
6039.8			1.0
6040.700000000001			1.0
6041.6			1.0
6042.5			1.0
6043.4			1.0
6044.3			1.0
6045.200000000001			1.0
6046.1			1.0
6047.0			1.0
6047.9			1.0
6048.8			1.0
6049.700000000001			1.0
6050.6			1.0
6051.5			1.0
6052.4			1.0
6053.3			1.0
6054.200000000001			1.0
6055.1			1.0
6056.0			1.0
6056.9			1.0
6057.8			1.0
6058.700000000001			1.0
6059.6			1.0
6060.5			1.0
6061.4			0.9816777193352495
6062.3			0.9550212016491206
6063.200000000001			0.9278494016736575
6064.1			0.8942503385727211
6065.0			0.8723385258332409
6065.9			0.8985843080270147
6066.8			0.9576502262828143
6067.700000000001			0.9978283156054916
6068.6			1.0014943247136272
6069.5			1.0
6070.4			1.0
6071.3			1.0
6072.200000000001			1.0
6073.1			1.0
6074.0			1.0
6074.9			1.0
6075.8			1.0
6076.700000000001			1.0
6077.6			1.0
6078.5			1.0
6079.4			1.0
6080.3			1.0
6081.200000000001			1.0
6082.1			1.0
6083.0			1.0
6083.9			1.0
6084.8			0.9967065384693274
6085.700000000001			0.9845131526687696
6086.6			0.9903961508264515
6087.5			1.0092868282643355
6088.4			1.0065728162177479
6089.3			0.9674571445590554
6090.200000000001			0.9325782717067733
6091.1			0.9301129407771199
6092.0			0.9346992768363931
6092.9			0.9358184496859159
6093.8			0.9576927028948673
6094.700000000001			0.9937891656240405
6095.6			0.9978913286560557
6096.5			1.0
6097.4			1.0
6098.3			1.0
6099.200000000001			1.0
6100.1			1.023048473058407
6101.0			0.983594198525698
6101.9			0.8947115600272998
6102.8			0.8523839473616833
6103.700000000001			0.9011876928002265
6104.6			0.9730611207023644
6105.5			1.0030603195408347
6106.4			1.0
6107.3			1.0
6108.200000000001			1.0
6109.1			1.0
6110.0			1.0
6110.9			1.0
6111.8			1.0
6112.700000000001			1.0
6113.6			1.0
6114.5			1.0
6115.4			1.0
6116.3			1.0
6117.200000000001			1.0
6118.1			1.0093115152769407
6119.0			0.9805567956606683
6119.9			0.9372502411046382
6120.8			0.9044821110817828
6121.700000000001			0.891580848221537
6122.6			0.925872155996543
6123.5			0.9910092155714736
6124.4			1.0203283374576202
6125.3			1.00000156693287
6126.200000000001			1.0
6127.1			1.0
6128.0			1.0
6128.9			1.0
6129.8			1.0
6130.700000000001			1.0
6131.6			1.0
6132.5			1.0
6133.4			1.0
6134.3			0.9376650167673803
6135.200000000001			0.8516639751981626
6136.1			0.761129624290421
6137.0			0.7270804333307835
6137.9			0.8033476299411332
6138.8			0.9324659963363034
6139.700000000001			0.9993209721329254
6140.6			1.0
6141.5			1.0
6142.4			1.0
6143.3			1.0
6144.200000000001			1.0
6145.1			1.0
6146.0			1.0
6146.9			1.0
6147.8			1.0
6148.700000000001			1.0
6149.6			1.0
6150.5			1.0
6151.4			1.0
6152.3			1.0
6153.200000000001			1.0
6154.1			1.0
6155.0			1.0
6155.9			1.0
6156.8			1.0
6157.700000000001			1.0
6158.6			1.0226624974669187
6159.5			1.0039623138350897
6160.4			0.9192502531191868
6161.3			0.8302386537644826
6162.200000000001			0.8084121458588135
6163.1			0.8549635082671831
6164.0			0.9245205385948959
6164.9			0.9737827660112915
6165.8			1.0004323951271152
6166.700000000001			1.0
6167.6			1.0
6168.5			1.0
6169.4			1.0
6170.3			1.0
6171.200000000001			1.0
6172.1			1.0
6173.0			1.0
6173.9			1.0
6174.8			1.0
6175.700000000001			1.0
6176.6			1.0
6177.5			1.0
6178.4			1.0
6179.3			1.0
6180.200000000001			1.0
6181.1			1.0
6182.0			1.0
6182.9			1.0
6183.8			1.0
6184.700000000001			1.0
6185.6			1.0
6186.5			0.9649187319633156
6187.4			0.9381492097673728
6188.3			0.926671344581001
6189.200000000001			0.9199210908401962
6190.1			0.8824764702618699
6191.0			0.8264400922140996
6191.9			0.8333536652792837
6192.8			0.9100488734735444
6193.700000000001			0.9726586021546194
6194.6			0.9911795302229238
6195.5			0.9984871237303793
6196.4			1.0
6197.3			0.9946260586959202
6198.200000000001			0.9429274428736175
6199.1			0.8812063722139425
6200.0			0.8707059236599685
6200.9			0.916271009143391
6201.8			0.9708409825233291
6202.700000000001			1.001972119097509
6203.6			1.0
6204.5			1.0
6205.4			1.0
6206.3			1.0
6207.200000000001			1.0
6208.1			1.0
6209.0			1.0
6209.9			1.0
6210.8			0.9893965446629067
6211.700000000001			0.978821086768151
6212.6			0.9337935883908229
6213.5			0.879390092567696
6214.4			0.8616975490481834
6215.3			0.8809682931408014
6216.200000000001			0.9268378432664228
6217.1			0.982796457985459
6218.0			1.0009775547661177
6218.9			1.0
6219.8			1.0
6220.700000000001			1.0
6221.6			1.0
6222.5			1.0
6223.4			1.0
6224.3			1.0
6225.200000000001			1.0
6226.1			1.0
6227.0			1.0085384777444575
6227.9			1.0008596749775536
6228.8			0.9508826033424758
6229.700000000001			0.8646031205667234
6230.6			0.8162760663898045
6231.5			0.8381154153617114
6232.4			0.8849692550883321
6233.3			0.9392906329250651
6234.200000000001			1.0000848249026455
6235.1			1.0
6236.0			1.0043484123113755
6236.9			0.9891012402745274
6237.8			0.9620362710230308
6238.700000000001			0.9074758976347775
6239.6			0.8553670800559114
6240.5			0.865930438372014
6241.4			0.8967158994244164
6242.3			0.8762787654934281
6243.200000000001			0.8533865032006801
6244.1			0.8808424133482635
6245.0			0.9146678302309204
6245.9			0.9383114850708228
6246.8			0.9849053744774142
6247.700000000001			1.0
6248.6			1.005879248013425
6249.5			0.9871302654255205
6250.4			0.9647635171178381
6251.3			0.9209363787232562
6252.200000000001			0.8772519143950339
6253.1			0.8738901761765313
6254.0			0.8985609697494142
6254.9			0.9109773648053535
6255.8			0.8863057126558719
6256.700000000001			0.8296293320635161
6257.6			0.7782000728685633
6258.5			0.7916255902149818
6259.4			0.8727199739393184
6260.3			0.9388351156938813
6261.200000000001			0.9678675091635754
6262.1			1.0167746378804863
6263.0			1.064028048489024
6263.9			1.0412486333185165
6264.8			0.9787789829210324
6265.700000000001			0.9648521132950733
6266.6			1.002120309967443
6267.5			1.0
6268.4			1.0
6269.3			1.0
6270.200000000001			1.0
6271.1			1.0
6272.0			1.0
6272.9			1.0
6273.8			1.0
6274.700000000001			1.0
6275.6			1.0
6276.5			1.0
6277.4			1.0
6278.3			1.0
6279.200000000001			1.0
6280.1			1.0
6281.0			1.0
6281.9			1.0
6282.8			1.0
6283.700000000001			1.0
6284.6			1.0
6285.5			1.0
6286.4			1.0
6287.3			1.0
6288.200000000001			1.0
6289.1			1.0
6290.0			1.0
6290.9			1.0
6291.8			1.0
6292.700000000001			1.0
6293.6			1.0278534927242329
6294.5			1.0428043878550988
6295.4			1.00048374807014
6296.3			0.940013344615937
6297.200000000001			0.9282449377319211
6298.1			0.970926909786466
6299.0			1.0197527149196064
6299.9			1.02874815641008
6300.8			1.0014551256227004
6301.700000000001			1.0
6302.6			1.0
6303.5			1.0
6304.4			1.0
6305.3			1.0
6306.200000000001			1.0
6307.1			1.0
6308.0			1.0
6308.9			1.0
6309.8			1.0
6310.700000000001			0.9600427314906002
6311.6			0.9383955904520479
6312.5			0.9508583563980283
6313.4			0.9618876699590422
6314.3			0.9391940209329498
6315.200000000001			0.9227044671297683
6316.1			0.9330152506658449
6317.0			0.9186244986942701
6317.9			0.8831593758106538
6318.8			0.8844592776194844
6319.700000000001			0.9200431215044487
6320.6			0.9466630370738759
6321.5			0.9523597362457903
6322.4			0.9611531954011102
6323.3			0.9834206563620802
6324.200000000001			0.9993555489879834
6325.1			1.0001635875566126
6326.0			1.0
6326.9			1.0
6327.8			1.0
6328.700000000001			1.0
6329.6			1.0
6330.5			1.0
6331.4			1.0
6332.3			1.0
6333.200000000001			1.014091767442028
6334.1			0.9762817142431837
6335.0			0.9096203965237603
6335.9			0.8882802812197468
6336.8			0.9332507143596053
6337.700000000001			0.982589109126799
6338.6			1.0029721096445954
6339.5			1.0
6340.4			1.0
6341.3			1.0
6342.200000000001			1.0
6343.1			1.0
6344.0			1.0
6344.9			1.0
6345.8			1.0
6346.700000000001			1.0
6347.6			1.0
6348.5			1.0
6349.4			0.9969277668743655
6350.3			1.0035762638785952
6351.200000000001			1.016258730172708
6352.1			1.0181161183730114
6353.0			0.9926321213993771
6353.9			0.9465539596693545
6354.8			0.9225368987280447
6355.700000000001			0.9423318721304421
6356.6			0.9560915556037268
6357.5			0.9200817247530785
6358.4			0.8710119242594427
6359.3			0.8569208210139958
6360.200000000001			0.8653442359029789
6361.1			0.8605289021578738
6362.0			0.8441592574895558
6362.9			0.8472146968698662
6363.8			0.8742241001101484
6364.700000000001			0.9014354746233645
6365.6			0.9178536244875846
6366.5			0.9373777229471788
6367.4			0.9697845902167339
6368.3			0.9952123486649616
6369.200000000001			0.9892686891948905
6370.1			0.9686944366762296
6371.0			0.9744529629503605
6371.9			1.006070905017409
6372.8			1.0249316632235637
6373.700000000001			1.0148453329662668
6374.6			1.0003072016538241
6375.5			1.0
6376.4			1.0
6377.3			1.0
6378.200000000001			1.0
6379.1			1.0
6380.0			1.0
6380.9			1.0
6381.8			1.0
6382.700000000001			1.0
6383.6			1.0
6384.5			1.0
6385.4			1.0
6386.3			1.0
6387.200000000001			1.0
6388.1			1.0
6389.0			1.0
6389.9			1.0
6390.8			1.0
6391.700000000001			1.0
6392.6			1.0
6393.5			1.0
6394.4			1.0
6395.3			1.0
6396.200000000001			1.0
6397.1			1.0
6398.0			0.9796060644691394
6398.9			0.9122636140239788
6399.8			0.8590451096806443
6400.700000000001			0.8979887545761375
6401.6			0.9904113378612897
6402.5			1.0
6403.4			1.0
6404.3			1.0
6405.200000000001			1.0
6406.1			1.0
6407.0			1.0
6407.9			1.0
6408.8			1.0
6409.700000000001			1.0
6410.6			1.0
6411.5			1.0
6412.4			1.0
6413.3			1.0
6414.200000000001			1.0
6415.1			1.0
6416.0			1.0
6416.9			1.0
6417.8			0.9677475434392206
6418.700000000001			0.9270077468939654
6419.6			0.8921738527335198
6420.5			0.8777179991139024
6421.4			0.90525431743768
6422.3			0.9655326453521295
6423.200000000001			1.0013178246306467
6424.1			1.0
6425.0			1.0
6425.9			1.0
6426.8			1.0
6427.700000000001			1.0162944161447607
6428.6			0.9957026251402432
6429.5			0.9285724572353943
6430.4			0.8652390092118358
6431.3			0.8748777548342678
6432.200000000001			0.9414171440745427
6433.1			0.9969855582089844
6434.0			1.0
6434.9			1.0
6435.8			1.0
6436.700000000001			1.0
6437.6			1.0
6438.5			1.0
6439.4			1.0
6440.3			1.0
6441.200000000001			1.0
6442.1			1.0
6443.0			1.0
6443.9			1.0
6444.8			1.0
6445.700000000001			1.0
6446.6			1.0
6447.5			0.980177636469952
6448.4			0.8898406297979987
6449.3			0.7861968028680104
6450.200000000001			0.7679798147637804
6451.1			0.8426464467136521
6452.0			0.9339506129253813
6452.9			0.9963651467325187
6453.8			1.0
6454.700000000001			1.0
6455.6			1.0
6456.5			1.0
6457.4			1.0
6458.3			1.0
6459.200000000001			1.0
6460.1			1.0
6461.0			0.9715375793835351
6461.9			0.9088847064825323
6462.8			0.8832882547014038
6463.700000000001			0.925600733965919
6464.6			0.9857227440201738
6465.5			1.0
6466.4			1.0
6467.3			1.0
6468.200000000001			1.0
6469.1			1.0
6470.0			1.0
6470.9			1.0
6471.8			1.0
6472.700000000001			1.0
6473.6			1.0
6474.5			1.0
6475.4			1.0
6476.3			1.0
6477.200000000001			1.0
6478.1			1.0
6479.0			1.0
6479.9			0.9947203345754673
6480.8			0.954482260316032
6481.700000000001			0.9044297753101234
6482.6			0.8932243587476355
6483.5			0.9285835608317028
6484.4			0.9755709106397187
6485.3			1.000306049515127
6486.200000000001			1.0
6487.1			1.0
6488.0			1.0
6488.9			0.9869695870461824
6489.8			0.9575895787862639
6490.700000000001			0.9448223948281071
6491.6			0.9510961668764281
6492.5			0.926542170640078
6493.4			0.8458579510597631
6494.3			0.7690355757216307
6495.200000000001			0.7582610471460094
6496.1			0.796512346113078
6497.0			0.8411962316677815
6497.9			0.869840988345964
6498.8			0.8898079026241815
6499.700000000001			0.927010440051609
6500.6			0.9715621407778633
6501.5			0.9996092007021835
6502.4			1.0
6503.3			1.0
6504.200000000001			1.0
6505.1			1.0
6506.0			1.0
6506.9			1.0
6507.8			1.0
6508.700000000001			1.0
6509.6			1.0
6510.5			1.0
6511.4			1.0
6512.3			1.0
6513.200000000001			1.0
6514.1			1.0
6515.0			1.0
6515.9			1.0
6516.8			1.0
6517.700000000001			1.0
6518.6			1.0
6519.5			1.0
6520.4			1.0
6521.3			1.0
6522.200000000001			1.0
6523.1			1.0
6524.0			1.0
6524.9			1.0
6525.8			1.0
6526.700000000001			1.0
6527.6			1.0
6528.5			1.0
6529.4			1.0
6530.3			1.0
6531.200000000001			1.0
6532.1			1.0
6533.0			1.0
6533.9			1.0
6534.8			1.0
6535.700000000001			1.0
6536.6			1.0
6537.5			1.0
6538.4			1.0
6539.3			1.0
6540.200000000001			1.0
6541.1			1.0
6542.0			1.0
6542.9			1.0
6543.8			1.0
6544.700000000001			1.0
6545.6			1.0
6546.5			1.0
6547.4			1.0
6548.3			1.0
6549.200000000001			1.0
6550.1			1.0
6551.0			1.0
6551.9			1.0
6552.8			1.0
6553.700000000001			1.0
6554.6			1.0
6555.5			1.0
6556.4			1.0
6557.3			1.0
6558.200000000001			1.0
6559.1			1.0
6560.0			0.9878687150315543
6560.9			0.8924665346054423
6561.8			0.7046955048633401
6562.700000000001			0.5914479945392631
6563.6			0.6889382297664376
6564.5			0.8804460909964845
6565.4			1.0002192956199696
6566.3			1.0
6567.200000000001			1.0
6568.1			1.0
6569.0			1.0
6569.9			1.0
6570.8			1.003334609176931
6571.700000000001			0.9860324737811588
6572.6			0.9385474189489597
6573.5			0.8896597105670268
6574.4			0.8693386805176269
6575.3			0.8940272409777774
6576.200000000001			0.9462440460491883
6577.1			0.9887437852549287
6578.0			1.0008492849751922
6578.9			1.0
6579.8			1.0
6580.700000000001			1.0
6581.6			1.0
6582.5			1.0
6583.4			1.0
6584.3			1.0
6585.200000000001			1.0
6586.1			1.0
6587.0			1.0
6587.9			1.0
6588.8			1.0
6589.700000000001			1.0
6590.6			0.9862810967551189
6591.5			0.9336495871653288
6592.4			0.8637033029305956
6593.3			0.8450071572205896
6594.200000000001			0.8980790030928604
6595.1			0.9644354219188292
6596.0			0.9961933604992034
6596.9			1.0
6597.8			1.0
6598.700000000001			1.0
6599.6			1.0
6600.5			1.0
6601.4			1.0
6602.3			1.0
6603.200000000001			1.0
6604.1			0.9838059917569709
6605.0			0.9686491573495583
6605.9			0.9566695767689185
6606.8			0.941632601778124
6607.700000000001			0.9110464397805667
6608.6			0.8865194972874677
6609.5			0.9085372397522739
6610.4			0.9736945019784023
6611.3			1.026388979597138
6612.200000000001			1.026914247907231
6613.1			1.0006170992853467
6614.0			1.0
6614.9			1.0
6615.8			1.0
6616.700000000001			1.0
6617.6			1.0
6618.5			1.0
6619.4			1.0
6620.3			1.0
6621.200000000001			1.0
6622.1			1.0
6623.0			0.9617722360579074
6623.9			0.9167168849844418
6624.8			0.906885331431712
6625.700000000001			0.9494669330239555
6626.6			0.9981497685394679
6627.5			1.0
6628.4			1.0
6629.3			1.0
6630.200000000001			0.9884711412459196
6631.1			0.9751599454369853
6632.0			0.9494402827401104
6632.9			0.9181826875849204
6633.8			0.9094534953966579
6634.700000000001			0.9388291875658756
6635.6			0.9782455815347235
6636.5			0.9996515196233652
6637.4			1.00029104649345
6638.3			1.0
6639.200000000001			1.0
6640.1			1.0
6641.0			1.0
6641.9			1.0
6642.8			1.0
6643.700000000001			1.0
6644.6			1.0
6645.5			1.0
6646.4			1.0
6647.3			1.0
6648.200000000001			1.0
6649.1			1.0
6650.0			1.0
6650.9			1.0
6651.8			1.0
6652.700000000001			1.0
6653.6			1.0
6654.5			1.0
6655.4			1.0
6656.3			1.0
6657.200000000001			1.0
6658.1			1.0
6659.0			1.0
6659.9			1.0
6660.8			1.0
6661.700000000001			1.0
6662.6			1.0
6663.5			1.0
6664.4			1.0
6665.3			1.0
6666.200000000001			1.0
6667.1			1.0
6668.0			1.0
6668.9			1.0
6669.8			1.0
6670.700000000001			1.0
6671.6			1.0
6672.5			1.0
6673.4			1.0
6674.3			1.0
6675.200000000001			1.0006522175427113
6676.1			0.9672010909814177
6677.0			0.8986709790135692
6677.9			0.8553341977055313
6678.8			0.8904933505568172
6679.700000000001			0.9627916047174031
6680.6			1.0003904406528656
6681.5			1.0
6682.4			1.0
6683.3			1.0
6684.200000000001			1.0
6685.1			1.0
6686.0			1.0
6686.9			1.0
6687.8			1.0
6688.700000000001			1.0
6689.6			1.0
6690.5			1.0
6691.4			1.0
6692.3			1.0
6693.200000000001			1.0
6694.1			1.0
6695.0			1.0
6695.9			1.0
6696.8			1.0
6697.700000000001			1.0
6698.6			1.0
6699.5			1.0
6700.4			1.0
6701.3			1.0
6702.200000000001			1.0
6703.1			1.0
6704.0			1.0
6704.9			1.0
6705.8			1.0
6706.700000000001			1.0
6707.6			1.0
6708.5			1.0
6709.4			1.0
6710.3			1.0
6711.200000000001			1.007025965577886
6712.1			1.011098005343112
6713.0			0.9995342634875176
6713.9			0.9841837841343418
6714.8			0.9671430978351186
6715.700000000001			0.9421143383434003
6716.6			0.91868109864679
6717.5			0.9240648609559209
6718.4			0.9713532853058376
6719.3			1.0203596810413884
6720.200000000001			1.0260695386507541
6721.1			1.0
6722.0			0.9966290667089546
6722.9			1.0133112726335434
6723.8			1.0232403825206284
6724.700000000001			1.0072536569319912
6725.6			0.9805297067628611
6726.5			0.9724085925487499
6727.4			0.9848803977899879
6728.3			0.9968761970513942
6729.200000000001			1.0068560085187352
6730.1			1.0183144683562417
6731.0			1.0174364345287694
6731.9			1.0017266166994923
6732.8			0.9865040927319809
6733.700000000001			0.9813608751827098
6734.6			0.9899928168206426
6735.5			1.0074949515672806
6736.4			1.0103162187768144
6737.3			0.9835738415509946
6738.200000000001			0.9442027281136234
6739.1			0.9271621977230057
6740.0			0.9460620305920824
6740.9			0.9714116937691747
6741.8			0.9700438210708121
6742.700000000001			0.9532233673868151
6743.6			0.9533705775444049
6744.5			0.9636575459228226
6745.4			0.9615469038786012
6746.3			0.9552604166185836
6747.200000000001			0.9606461864181989
6748.1			0.9702289726405384
6749.0			0.9677856057508233
6749.9			0.9607596507410865
6750.8			0.9670122940290495
6751.700000000001			0.9608894533279867
6752.6			0.9314999955112224
6753.5			0.9300476381704794
6754.4			0.9623688890810883
6755.3			0.9859481563071407
6756.200000000001			1.0000111364606936
6757.1			1.0
6758.0			1.0
6758.9			1.0
6759.8			1.0014959537300396
6760.700000000001			0.9867311891869806
6761.6			0.9640576344497289
6762.5			0.9608575612513119
6763.4			0.9732069405247584
6764.3			0.9774860376051394
6765.200000000001			0.9601624861646626
6766.1			0.9248833310507663
6767.0			0.9015823000370295
6767.9			0.916193511992732
6768.8			0.9447093213964521
6769.700000000001			0.9454943102363896
6770.6			0.9282013017549655
6771.5			0.9311540296983181
6772.4			0.9592504499332226
6773.3			0.9845786254887449
6774.200000000001			1.0002657147742138
6775.1			1.0
6776.0			1.0
6776.9			1.0
6777.8			1.0
6778.700000000001			1.0
6779.6			1.0
6780.5			0.9971830680971857
6781.4			0.9791367636170544
6782.3			0.9471529972395492
6783.200000000001			0.91002398321766
6784.1			0.8938479511503589
6785.0			0.9037957066690089
6785.9			0.9317686978060296
6786.8			0.9699855077287604
6787.700000000001			0.9999495402216532
6788.6			1.0
6789.5			1.0
6790.4			1.0
6791.3			1.0
6792.200000000001			1.0
6793.1			1.0
6794.0			1.0
6794.9			1.0
6795.8			1.0
6796.700000000001			1.0
6797.6			1.0
6798.5			1.0
6799.4			1.0
6800.3			1.0
6801.200000000001			1.0
6802.1			1.0
6803.0			1.0
6803.9			1.0
6804.8			1.0
6805.700000000001			1.0
6806.6			1.0
6807.5			1.0
6808.4			1.0
6809.3			1.0
6810.200000000001			1.0
6811.1			1.0
6812.0			1.0
6812.9			1.0
6813.8			1.0
6814.700000000001			1.0
6815.6			1.0
6816.5			1.0
6817.4			1.0
6818.3			1.0
6819.200000000001			1.0
6820.1			1.0
6821.0			1.0
6821.9			1.0
6822.8			1.0
6823.700000000001			1.0
6824.6			1.0
6825.5			1.0
6826.4			1.0
6827.3			1.0
6828.200000000001			1.0
6829.1			1.0
6830.0			1.0
6830.9			1.0
6831.8			1.0
6832.700000000001			1.0
6833.6			1.0
6834.5			1.0
6835.4			1.0
6836.3			1.0
6837.200000000001			0.9935743313806259
6838.1			0.986280025599171
6839.0			0.9643681592763174
6839.9			0.9327712530098211
6840.8			0.9117946937576024
6841.700000000001			0.9144829152701426
6842.6			0.9369032225676187
6843.5			0.9687225436669527
6844.4			0.9975229314996639
6845.3			1.0
6846.200000000001			1.0
6847.1			1.0
6848.0			1.0
6848.9			1.0
6849.8			1.0
6850.700000000001			1.0
6851.6			1.0
6852.5			1.0
6853.4			1.0
6854.3			1.0
6855.200000000001			1.0
6856.1			1.0
6857.0			1.0
6857.9			1.0
6858.8			1.0
6859.700000000001			1.0
6860.6			1.0
6861.5			1.0
6862.4			1.0
6863.3			1.0
6864.200000000001			1.0
6865.1			0.9998166041544913
6866.0			0.9792203421102962
6866.9			0.9256710956738364
6867.8			0.8711108995332767
6868.700000000001			0.8876228771759164
6869.6			0.9699000120827307
6870.5			1.0004481630737652
6871.4			1.0
6872.3			1.0
6873.200000000001			1.0
6874.1			1.0
6875.0			1.0
6875.9			1.0
6876.8			1.0
6877.700000000001			1.0
6878.6			1.0
6879.5			1.0
6880.4			1.0
6881.3			1.0
6882.200000000001			1.0
6883.1			1.0
6884.0			1.0
6884.9			1.0
6885.8			1.0
6886.700000000001			1.0
6887.6			1.0
6888.5			1.0
6889.4			1.0
6890.3			1.0
6891.200000000001			1.0
6892.1			1.0
6893.0			1.0
6893.9			1.0
6894.8			1.0
6895.700000000001			1.0
6896.6			1.0
6897.5			1.0
6898.4			1.0
6899.3			1.0
6900.200000000001			1.0
6901.1			1.0
6902.0			1.0
6902.9			1.0
6903.8			1.0
6904.700000000001			1.0
6905.6			1.0
6906.5			1.0284994471931908
6907.4			1.0241126463283676
6908.3			1.0006202867227303
6909.200000000001			0.9916913733230518
6910.1			0.9932628348488374
6911.0			0.9839230967847429
6911.9			0.9605360335820957
6912.8			0.9334201486704317
6913.700000000001			0.9225386586719075
6914.6			0.9438079079462316
6915.5			0.9652503516090609
6916.4			0.9574419035832386
6917.3			0.9439052139393256
6918.200000000001			0.9499692739441409
6919.1			0.9743685374360818
6920.0			0.9955452017708414
6920.9			1.0
6921.8			0.9981811232539609
6922.700000000001			0.9809747126650914
6923.6			0.946499404736238
6924.5			0.9158454300876883
6925.4			0.9108338434039186
6926.3			0.9344337917558805
6927.200000000001			0.9694618330834425
6928.1			0.9935450124734195
6929.0			1.0042383887164725
6929.9			1.0
6930.8			1.0
6931.700000000001			1.0
6932.6			1.0
6933.5			1.0
6934.4			1.0
6935.3			1.0
6936.200000000001			1.0
6937.1			1.001250473232148
6938.0			1.0
6938.9			1.0137204129649529
6939.8			1.0306178567092206
6940.700000000001			1.0383081654255948
6941.6			1.0290692497933491
6942.5			0.9980992488558877
6943.4			0.9550856784982752
6944.3			0.917697083557639
6945.200000000001			0.9111117462324541
6946.1			0.9427680469522157
6947.0			0.9795495960730009
6947.9			1.002601012411589
6948.8			1.014729320587765
6949.700000000001			1.0022557786193762
6950.6			0.9697449456928134
6951.5			0.9491135617165962
6952.4			0.9437052310958717
6953.3			0.937626072838934
6954.200000000001			0.9351663375313652
6955.1			0.9500464920860752
6956.0			0.9816232862692653
6956.9			1.008775983529916
6957.8			1.01207643280936
6958.700000000001			1.0001986834359435
6959.6			0.9939172083632782
6960.5			0.9971306069644271
6961.4			1.0020670710552184
6962.3			1.0060998677734339
6963.200000000001			1.0129860203679724
6964.1			1.0165049421687875
6965.0			1.0017912741601165
6965.9			0.9821281438621138
6966.8			0.9874537672241291
6967.700000000001			1.0151822383554527
6968.6			1.0336253052267672
6969.5			1.0185863297735491
6970.4			0.9824559513634473
6971.3			0.9719353194498458
6972.200000000001			1.0026767829274232
6973.1			1.0271791917384492
6974.0			1.0080137249439012
6974.9			0.9742370780438399
6975.8			0.9580428863594906
6976.700000000001			0.9342148868609341
6977.6			0.8747856645504759
6978.5			0.8268364723200684
6979.4			0.8506857916871463
6980.3			0.9177271409320676
6981.200000000001			0.9642574421261412
6982.1			0.990736569754681
6983.0			1.0116734063543449
6983.9			1.0151442080758144
6984.8			1.008656306090504
6985.700000000001			1.0073622265302355
6986.6			1.012863050731163
6987.5			1.0119440402300939
6988.4			0.9944949621372408
6989.3			0.9719175041929319
6990.200000000001			0.9760573582133402
6991.1			1.0078490407019836
6992.0			1.0307529492405785
6992.9			1.0260853822015805
6993.8			1.0044100168857932
6994.700000000001			0.9937811508337449
6995.6			1.0024660580443927
6996.5			1.0142649996016062
6997.4			1.0169914994373284
6998.3			1.000159829498021
6999.200000000001			1.0
7000.1			1.0
7001.0			1.0
7001.9			1.0
7002.8			1.0
7003.700000000001			1.0
7004.6			1.0
7005.5			1.0
7006.4			1.0
7007.3			1.0
7008.200000000001			1.0
7009.1			1.0
7010.0			1.0
7010.9			1.0
7011.8			1.0
7012.700000000001			1.0
7013.6			1.0
7014.5			1.0
7015.4			1.0
7016.3			1.0
7017.200000000001			1.0
7018.1			1.0
7019.0			1.0
7019.9			1.0
7020.8			1.0
7021.700000000001			1.0
7022.6			1.0
7023.5			1.0
7024.4			1.0
7025.3			1.0
7026.200000000001			1.0
7027.1			1.0
7028.0			1.0
7028.9			1.0
7029.8			1.0
7030.700000000001			1.0
7031.6			1.0
7032.5			1.0
7033.4			1.0
7034.3			1.0
7035.200000000001			1.0
7036.1			1.0
7037.0			1.0
7037.9			1.0
7038.8			1.0
7039.700000000001			1.0
7040.6			1.0
7041.5			1.0
7042.4			1.0
7043.3			1.0
7044.200000000001			1.0
7045.1			1.0
7046.0			1.0
7046.9			1.0
7047.8			1.0
7048.700000000001			1.0
7049.6			1.0
7050.5			1.0
7051.4			1.0
7052.3			1.0
7053.200000000001			1.0
7054.1			1.0
7055.0			1.0
7055.9			1.0
7056.8			1.0
7057.700000000001			1.0
7058.6			1.0
7059.5			1.0
7060.4			1.0
7061.3			1.0
7062.200000000001			1.0
7063.1			1.0
7064.0			1.0
7064.9			1.0
7065.8			1.0
7066.700000000001			1.0
7067.6			1.0
7068.5			1.0
7069.4			1.0
7070.3			1.0
7071.200000000001			1.0
7072.1			1.0
7073.0			1.0
7073.9			1.0
7074.8			1.0
7075.700000000001			1.0
7076.6			1.0
7077.5			1.0
7078.4			1.0
7079.3			1.0
7080.200000000001			1.0
7081.1			1.0
7082.0			1.0
7082.9			1.0
7083.8			1.0
7084.700000000001			1.0
7085.6			1.0
7086.5			1.0
7087.4			1.0
7088.3			1.0
7089.200000000001			1.0
7090.1			1.0
7091.0			1.0
7091.9			1.0
7092.8			1.0
7093.700000000001			1.0
7094.6			1.0
7095.5			1.0
7096.4			1.0
7097.3			1.0
7098.200000000001			1.0
7099.1			1.0
7100.0			1.0
7100.9			1.0
7101.8			1.0
7102.700000000001			1.0
7103.6			1.0
7104.5			1.0
7105.4			1.0
7106.3			1.0
7107.200000000001			1.0
7108.1			1.0
7109.0			1.0
7109.9			1.0
7110.8			1.0
7111.700000000001			1.0
7112.6			1.0
7113.5			1.0
7114.4			1.0
7115.3			1.0
7116.200000000001			1.0
7117.1			1.0
7118.0			1.0
7118.9			1.0
7119.8			1.0
7120.700000000001			1.0
7121.6			1.0
7122.5			1.0
7123.4			1.0
7124.3			1.0
7125.200000000001			1.0
7126.1			1.0
7127.0			1.0
7127.9			1.0
7128.8			1.0
7129.700000000001			1.0
7130.6			1.0
7131.5			1.0
7132.4			1.0
7133.3			1.0
7134.200000000001			1.0
7135.1			1.0
7136.0			1.0
7136.9			1.0
7137.8			1.0
7138.700000000001			1.0
7139.6			1.0
7140.5			1.0
7141.4			1.0
7142.3			1.0
7143.200000000001			1.0
7144.1			1.0
7145.0			1.0
7145.9			1.0
7146.8			1.0
7147.700000000001			1.0
7148.6			1.0
7149.5			1.0
7150.4			1.0
7151.3			1.0
7152.200000000001			1.0
7153.1			1.0
7154.0			1.0
7154.9			1.0
7155.8			1.0
7156.700000000001			1.0
7157.6			1.0
7158.5			1.0
7159.4			1.0
7160.3			1.0
7161.200000000001			1.0
7162.1			1.0
7163.0			1.0
7163.9			1.0
7164.8			1.0
7165.700000000001			1.0
7166.6			1.0
7167.5			1.0
7168.4			1.0
7169.3			1.0
7170.200000000001			1.0
7171.1			1.0
7172.0			1.0
7172.9			1.0
7173.8			1.0
7174.700000000001			1.0
7175.6			1.0
7176.5			1.0
7177.4			1.0
7178.3			1.0
7179.200000000001			1.0
7180.1			1.0
7181.0			1.0
7181.9			1.0
7182.8			1.0
7183.700000000001			1.0
7184.6			1.0
7185.5			1.0
7186.4			1.0
7187.3			1.0
7188.200000000001			1.0
7189.1			1.0
7190.0			1.0
7190.9			1.0
7191.8			1.0
7192.700000000001			1.0
7193.6			1.0
7194.5			1.0
7195.4			1.0
7196.3			1.0
7197.200000000001			1.0
7198.1			1.0
7199.0			1.0
7199.9			1.0
7200.8			1.0
7201.700000000001			1.0
7202.6			1.0
7203.5			1.0
7204.4			1.0
7205.3			1.0
7206.200000000001			1.0
7207.1			1.0
7208.0			1.0
7208.9			1.0
7209.8			1.0
7210.700000000001			1.0
7211.6			1.0
7212.5			1.0
7213.4			1.0
7214.3			1.0
7215.200000000001			1.0
7216.1			1.0
7217.0			1.0
7217.9			1.0
7218.8			1.0
7219.700000000001			1.0
7220.6			1.0
7221.5			1.0
7222.4			1.0
7223.3			1.0
7224.200000000001			1.0
7225.1			1.0
7226.0			1.0
7226.9			1.0
7227.8			1.0
7228.700000000001			1.0
7229.6			1.0
7230.5			1.0
7231.4			1.0
7232.3			1.0
7233.200000000001			1.0
7234.1			1.0
7235.0			1.0
7235.9			1.0
7236.8			1.0
7237.700000000001			1.0
7238.6			1.0
7239.5			1.0
7240.4			1.0
7241.3			1.0
7242.200000000001			1.0
7243.1			1.0
7244.0			1.0
7244.9			1.0
7245.8			1.0
7246.700000000001			1.0
7247.6			1.0
7248.5			1.0
7249.4			1.0
7250.3			1.0
7251.200000000001			1.0
7252.1			1.0
7253.0			1.0
7253.9			1.0
7254.8			1.0
7255.700000000001			1.0
7256.6			1.0
7257.5			1.0
7258.4			1.0
7259.3			1.0
7260.200000000001			1.0
7261.1			1.0
7262.0			1.0
7262.9			1.0
7263.8			1.0
7264.700000000001			1.0
7265.6			1.0
7266.5			1.0
7267.4			1.0
7268.3			1.0
7269.200000000001			1.0
7270.1			1.0
7271.0			1.0
7271.9			1.0
7272.8			1.0
7273.700000000001			1.0
7274.6			1.0
7275.5			1.0
7276.4			1.0
7277.3			1.0
7278.200000000001			1.0
7279.1			1.0
7280.0			1.0
7280.9			1.0
7281.8			1.0
7282.700000000001			1.0
7283.6			1.0
7284.5			1.0
7285.4			1.0
7286.3			1.0
7287.200000000001			1.0
7288.1			1.0
7289.0			1.0
7289.9			1.0
7290.8			1.0
7291.700000000001			1.0
7292.6			1.0
7293.5			1.0
7294.4			1.0
7295.3			1.0
7296.200000000001			1.0
7297.1			1.0
7298.0			1.0
7298.9			1.0
7299.8			1.0
7300.700000000001			1.0
7301.6			1.0
7302.5			1.0
7303.4			1.0
7304.3			1.0
7305.200000000001			1.0
7306.1			1.0
7307.0			1.0
7307.9			1.0
7308.8			1.0
7309.700000000001			1.0
7310.6			1.0
7311.5			1.0
7312.4			1.0
7313.3			1.0
7314.200000000001			1.0
7315.1			1.0
7316.0			1.0
7316.9			1.0
7317.8			1.0
7318.700000000001			1.0
7319.6			1.0
7320.5			1.0
7321.4			1.0
7322.3			1.0
7323.200000000001			1.0
7324.1			1.0
7325.0			1.0
7325.9			1.0
7326.8			1.0
7327.700000000001			1.0
7328.6			1.0
7329.5			1.0
7330.4			1.0
7331.3			1.0
7332.200000000001			1.0
7333.1			1.0
7334.0			1.0
7334.9			1.0
7335.8			1.0
7336.700000000001			1.0
7337.6			1.0
7338.5			1.0
7339.4			1.0
7340.3			1.0
7341.200000000001			1.0
7342.1			1.0
7343.0			1.0
7343.9			1.0
7344.8			1.0
7345.700000000001			1.0
7346.6			1.0
7347.5			1.0
7348.4			1.0
7349.3			1.0
7350.200000000001			1.0
7351.1			1.0
7352.0			1.0
7352.9			1.0
7353.8			1.0
7354.700000000001			1.0
7355.6			1.0
7356.5			1.0
7357.4			1.0
7358.3			1.0
7359.200000000001			1.0
7360.1			1.0
7361.0			1.0
7361.9			1.0
7362.8			1.0
7363.700000000001			1.0
7364.6			1.0
7365.5			1.0
7366.4			1.0
7367.3			1.0
7368.200000000001			1.0
7369.1			1.0
7370.0			1.0
7370.9			1.0
7371.8			1.0
7372.700000000001			1.0
7373.6			1.0
7374.5			1.0
7375.4			1.0
7376.3			1.0
7377.200000000001			1.0
7378.1			1.0
7379.0			1.0
7379.9			1.0
7380.8			1.0
7381.700000000001			1.0
7382.6			1.0
7383.5			1.0
7384.4			1.0
7385.3			1.0
7386.200000000001			1.0
7387.1			1.0
7388.0			1.0
7388.9			1.0
7389.8			1.0
7390.700000000001			1.0
7391.6			1.0
7392.5			1.0
7393.4			1.0
7394.3			1.0
7395.200000000001			1.0
7396.1			1.0
7397.0			1.0
7397.9			1.0
7398.8			1.0
7399.700000000001			1.0
7400.6			1.0
7401.5			1.0
7402.4			1.0
7403.3			1.0
7404.200000000001			1.0
7405.1			1.0
7406.0			1.0
7406.9			1.0
7407.8			1.0
7408.700000000001			1.0
7409.6			1.0
7410.5			1.0
7411.4			1.0
7412.3			1.0
7413.200000000001			1.0
7414.1			1.0
7415.0			1.0
7415.9			1.0
7416.8			1.0
7417.700000000001			1.0
7418.6			1.0
7419.5			1.0
7420.4			1.0
7421.3			1.0
7422.200000000001			1.0
7423.1			1.0
7424.0			1.0
7424.9			1.0
7425.8			1.0
7426.700000000001			1.0
7427.6			1.0
7428.5			1.0
7429.4			1.0
