3500.0			1.0
3500.9			1.0
3501.8			1.0
3502.7			1.0
3503.6			1.0
3504.5			1.0
3505.4			1.0
3506.3			1.0
3507.2			1.0
3508.1			1.0
3509.0			1.0
3509.9			1.0
3510.8			1.0
3511.7			1.0
3512.6			1.0
3513.5			1.0
3514.4			1.0
3515.3			1.0
3516.2			1.0
3517.1			1.0
3518.0			1.0
3518.9			1.0
3519.8			1.0
3520.7			1.0
3521.6			1.0
3522.5			1.0
3523.4			1.0
3524.3			1.0
3525.2			1.0
3526.1			1.0
3527.0			1.0
3527.9			1.0
3528.8			1.0
3529.7			1.0
3530.6			1.0
3531.5			1.0
3532.4			1.0
3533.3			1.0
3534.2			1.0
3535.1			1.0
3536.0			1.0
3536.9			1.0
3537.8			1.0
3538.7			1.0
3539.6			1.0
3540.5			1.0
3541.4			1.0
3542.3			1.0
3543.2			1.0
3544.1			1.0
3545.0			1.0
3545.9			1.0
3546.8			1.0
3547.7			1.0
3548.6			1.0
3549.5			1.0
3550.4			1.0
3551.3			1.0
3552.2			1.0
3553.1			1.0
3554.0			1.0
3554.9			1.0
3555.8			1.0
3556.7			1.0
3557.6			1.0
3558.5			1.0
3559.4			1.0
3560.3			1.0
3561.2			1.0
3562.1			1.0
3563.0			1.0
3563.9			1.0
3564.8			1.0
3565.7			1.0
3566.6			1.0
3567.5			1.0
3568.4			1.0
3569.3			1.0
3570.2			1.0
3571.1			1.0
3572.0			1.0
3572.9			1.0
3573.8			1.0
3574.7			1.0
3575.6			1.0
3576.5			1.0
3577.4			1.0
3578.3			1.0
3579.2			1.0
3580.1			1.0
3581.0			1.0
3581.9			1.0
3582.8			1.0
3583.7			1.0
3584.6			1.0
3585.5			1.0
3586.4			1.0
3587.3			1.0
3588.2			1.0
3589.1			1.0
3590.0			1.0
3590.9			1.0
3591.8			1.0
3592.7			1.0
3593.6			1.0
3594.5			1.0
3595.4			1.0
3596.3			1.0
3597.2			1.0
3598.1			1.0
3599.0			1.0
3599.9			1.0
3600.8			1.0
3601.7			1.0
3602.6			1.0
3603.5			1.0
3604.4			1.0
3605.3			1.0
3606.2			1.0
3607.1			1.0
3608.0			1.0
3608.9			1.0
3609.8			1.0
3610.7			1.0
3611.6			1.0
3612.5			1.0
3613.4			1.0
3614.3			1.0
3615.2			1.0
3616.1			1.0
3617.0			1.0
3617.9			1.0
3618.8			1.0
3619.7			1.0
3620.6			1.0
3621.5			1.0
3622.4			1.0
3623.3			1.0
3624.2			1.0
3625.1			1.0
3626.0			1.0
3626.9			1.0
3627.8			1.0
3628.7			1.0
3629.6			1.0
3630.5			1.0
3631.4			1.0
3632.3			1.0
3633.2			1.0
3634.1			1.0
3635.0			1.0
3635.9			1.0
3636.8			1.0
3637.7			1.0
3638.6			1.0
3639.5			1.0
3640.4			1.0
3641.3			1.0
3642.2			1.0
3643.1			1.0
3644.0			1.0
3644.9			1.0
3645.8			1.0
3646.7			1.0
3647.6			1.0
3648.5			1.0
3649.4			1.0
3650.3			1.0
3651.2			1.0
3652.1			1.0
3653.0			1.0
3653.9			1.0
3654.8			1.0
3655.7			1.0
3656.6			1.0
3657.5			1.0
3658.4			1.0
3659.3			1.0
3660.2			1.0
3661.1			1.0
3662.0			1.0
3662.9			1.0
3663.8			1.0
3664.7			1.0
3665.6			1.0
3666.5			1.0
3667.4			1.0
3668.3			1.0
3669.2			1.0
3670.1			1.0
3671.0			1.0
3671.9			1.0
3672.8			1.0
3673.7			1.0
3674.6			1.0
3675.5			1.0
3676.4			1.0
3677.3			1.0
3678.2			1.0
3679.1			1.0
3680.0			1.0
3680.9			1.0
3681.8			1.0
3682.7			1.0
3683.6			1.0
3684.5			1.0
3685.4			1.0
3686.3			1.0
3687.2			1.0
3688.1			1.0
3689.0			1.0
3689.9			1.0
3690.8			1.0
3691.7			1.0
3692.6			1.0
3693.5			1.0
3694.4			1.0
3695.3			1.0
3696.2			1.0
3697.1			1.0
3698.0			1.0
3698.9			1.0
3699.8			1.0
3700.7			1.0
3701.6			1.0
3702.5			1.0
3703.4			1.0
3704.3			1.0
3705.2			1.0
3706.1			1.0
3707.0			1.0
3707.9			1.0
3708.8			1.0
3709.7			1.0
3710.6			1.0
3711.5			1.0
3712.4			1.0
3713.3			1.0
3714.2			1.0
3715.1			1.0
3716.0			1.0
3716.9			1.0
3717.8			1.0
3718.7			1.0
3719.6			1.0
3720.5			1.0
3721.4			1.0
3722.3			1.0
3723.2			1.0
3724.1			1.0
3725.0			1.0
3725.9			1.0
3726.8			1.0
3727.7			1.0
3728.6			1.0
3729.5			1.0
3730.4			1.0
3731.3			1.0
3732.2			1.0
3733.1			1.0
3734.0			1.0
3734.9			1.0
3735.8			1.0
3736.7			1.0
3737.6			1.0
3738.5			1.0
3739.4			1.0
3740.3			1.0
3741.2			1.0
3742.1			1.0
3743.0			1.0
3743.9			1.0
3744.8			1.0
3745.7			1.0
3746.6			1.0
3747.5			1.0
3748.4			1.0
3749.3			1.0
3750.2			1.0
3751.1			1.0
3752.0			1.0
3752.9			1.0
3753.8			1.0
3754.7			1.0
3755.6			1.0
3756.5			1.0
3757.4			1.0
3758.3			1.0
3759.2			1.0
3760.1			1.0
3761.0			1.0
3761.9			1.0
3762.8			1.0
3763.7			1.0
3764.6			1.0
3765.5			1.0
3766.4			1.0
3767.3			1.0
3768.2			1.0
3769.1			1.0
3770.0			1.0
3770.9			1.0
3771.8			1.0
3772.7			1.0
3773.6			1.0
3774.5			1.0
3775.4			1.0
3776.3			1.0
3777.2			1.0
3778.1			1.0
3779.0			1.0
3779.9			1.0
3780.8			1.0
3781.7			1.0
3782.6			1.0
3783.5			1.0
3784.4			1.0
3785.3			1.0
3786.2			1.0
3787.1			1.0
3788.0			1.0
3788.9			1.0
3789.8			1.0
3790.7			1.0
3791.6			1.0
3792.5			1.0
3793.4			1.0
3794.3			1.0
3795.2			1.0
3796.1			1.0
3797.0			1.0
3797.9			1.0
3798.8			1.0
3799.7			1.0
3800.6			1.0
3801.5			1.0
3802.4			1.0
3803.3			1.0
3804.2			1.0
3805.1			1.0
3806.0			1.0
3806.9			1.0
3807.8			1.0
3808.7			1.0
3809.6			1.0
3810.5			1.0
3811.4			1.0
3812.3			1.0
3813.2			1.0
3814.1			1.0
3815.0			1.0
3815.9			1.0
3816.8			1.0
3817.7			1.0
3818.6			1.0
3819.5			1.0
3820.4			1.0
3821.3			1.0
3822.2			1.0
3823.1			1.0
3824.0			1.0
3824.9			1.0
3825.8			1.0
3826.7			1.0
3827.6			1.0
3828.5			1.0
3829.4			1.0
3830.3			1.0
3831.2			1.0
3832.1			1.0
3833.0			1.0
3833.9			1.0
3834.8			1.0
3835.7			1.0
3836.6			1.0
3837.5			1.0
3838.4			1.0
3839.3			1.0
3840.2			1.0
3841.1			1.0
3842.0			1.0
3842.9			1.0
3843.8			1.0
3844.7			1.0
3845.6			1.0
3846.5			1.0
3847.4			1.0
3848.3			1.0
3849.2			1.0
3850.1			1.0
3851.0			1.0
3851.9			1.0
3852.8			1.0
3853.7			1.0
3854.6			1.0
3855.5			1.0
3856.4			1.0
3857.3			1.0
3858.2			1.0
3859.1			1.0
3860.0			1.0
3860.9			1.0
3861.8			1.0
3862.7			1.0
3863.6			1.0
3864.5			1.0
3865.4			1.0
3866.3			1.0
3867.2			1.0
3868.1			1.0
3869.0			1.0
3869.9			1.0
3870.8			1.0
3871.7			1.0
3872.6			1.0
3873.5			1.0
3874.4			1.0
3875.3			1.0
3876.2			1.0
3877.1			1.0
3878.0			1.0
3878.9			1.0
3879.8			1.0
3880.7			1.0
3881.6			1.0
3882.5			1.0
3883.4			1.0
3884.3			1.0
3885.2			1.0
3886.1			1.0
3887.0			1.0
3887.9			1.0
3888.8			1.0
3889.7			1.0
3890.6			1.0
3891.5			1.0
3892.4			1.0
3893.3			1.0
3894.2			1.0
3895.1			1.0
3896.0			1.0
3896.9			1.0
3897.8			1.0
3898.7			1.0
3899.6			1.0
3900.5			1.0
3901.4			1.0
3902.3			1.0
3903.2			1.0
3904.1			1.0
3905.0			1.0
3905.9			1.0
3906.8			1.0
3907.7			1.0
3908.6			1.0
3909.5			1.0
3910.4			1.0
3911.3			1.0
3912.2			1.0
3913.1			1.0
3914.0			1.0
3914.9			1.0
3915.8			1.0
3916.7			1.0
3917.6			1.0
3918.5			1.0
3919.4			1.0
3920.3			1.0
3921.2			1.0
3922.1			1.0
3923.0			1.0
3923.9			1.0
3924.8			1.0
3925.7			1.0
3926.6			1.0
3927.5			1.0
3928.4			1.0
3929.3			1.0
3930.2			1.0
3931.1			1.0
3932.0			1.0
3932.9			1.0
3933.8			1.0
3934.7			1.0
3935.6			1.0
3936.5			1.0
3937.4			1.0
3938.3			1.0
3939.2			1.0
3940.1			1.0
3941.0			1.0
3941.9			1.0
3942.8			1.0
3943.7			1.0
3944.6			1.0
3945.5			1.0
3946.4			1.0
3947.3			1.0
3948.2			1.0
3949.1			1.0
3950.0			1.0
3950.9			1.0
3951.8			1.0
3952.7			1.0
3953.6			1.0
3954.5			1.0
3955.4			1.0
3956.3			1.0
3957.2			1.0
3958.1			1.0
3959.0			1.0
3959.9			1.0
3960.8			1.0
3961.7			1.0
3962.6			1.0
3963.5			1.0
3964.4			1.0
3965.3			1.0
3966.2			1.0
3967.1			1.0
3968.0			1.0
3968.9			1.0
3969.8			1.0
3970.7			1.0
3971.6			1.0
3972.5			1.0
3973.4			1.0
3974.3			1.0
3975.2			1.0
3976.1			1.0
3977.0			1.0
3977.9			1.0
3978.8			1.0
3979.7			1.0
3980.6			1.0
3981.5			1.0
3982.4			1.0
3983.3			1.0
3984.2			1.0
3985.1			1.0
3986.0			1.0
3986.9			1.0
3987.8			1.0
3988.7			1.0
3989.6			1.0
3990.5			1.0
3991.4			1.0
3992.3			1.0
3993.2			1.0
3994.1			1.0
3995.0			1.0
3995.9			1.0
3996.8			1.0
3997.7			1.0
3998.6			1.0
3999.5			1.0
4000.4			1.0
4001.3			1.0
4002.2			1.0
4003.1			1.0120477224230224
4004.0			0.9252826021609577
4004.9			0.777914075551819
4005.8			0.7103559483605681
4006.7			0.7906741324590619
4007.6			0.927508680451804
4008.5			1.003757925053813
4009.4			1.0
4010.3			1.0
4011.2			1.0
4012.1			1.0
4013.0			1.0
4013.9			1.0
4014.8			1.0
4015.7			1.0
4016.6			1.0
4017.5			1.0
4018.4			1.0
4019.3			1.0
4020.2			1.0
4021.1			1.0
4022.0			1.0
4022.9			1.0
4023.8			1.0
4024.7			1.0
4025.6			1.0
4026.5			1.0
4027.4			1.0
4028.3			1.0091848390600875
4029.2			0.9151172690361996
4030.1			0.713436942571862
4031.0			0.5300022502947593
4031.9			0.4557931151422678
4032.8			0.44196383289572594
4033.7			0.4372103633713663
4034.6			0.48341393439627234
4035.5			0.6172579565535086
4036.4			0.8099442232176576
4037.3			0.9696043732308391
4038.2			1.0276151422045816
4039.1			0.9992431843003826
4040.0			1.0
4040.9			1.0
4041.8			0.9562897287633219
4042.7			0.9301209627293782
4043.6			0.8202702884446685
4044.5			0.6203683141729692
4045.4			0.4476527316777427
4046.3			0.40680689177261486
4047.2			0.5069629253777717
4048.1			0.6666137227887655
4049.0			0.8148964680838707
4049.9			0.9297161635464797
4050.8			0.9954718124066771
4051.7			1.0
4052.6			1.0
4053.5			1.0
4054.4			1.0
4055.3			1.0
4056.2			1.0
4057.1			1.0
4058.0			1.0
4058.9			1.0
4059.8			1.0
4060.7			1.0473914350535882
4061.6			0.9645827101897634
4062.5			0.7646658090893087
4063.4			0.5841500364368674
4064.3			0.562486284738085
4065.2			0.6964675588665437
4066.1			0.8494613689547913
4067.0			0.9351483565939099
4067.9			0.9971393854233509
4068.8			1.0
4069.7			1.0
4070.6			1.0
4071.5			1.0
4072.4			1.0
4073.3			1.0
4074.2			1.0
4075.1			1.0526986525267061
4076.0			0.9792342577081337
4076.9			0.8544889832974936
4077.8			0.760300444177416
4078.7			0.7579067693750047
4079.6			0.854787019406367
4080.5			0.999345893726975
4081.4			1.0
4082.3			1.0
4083.2			1.0
4084.1			1.0
4085.0			1.0
4085.9			1.0
4086.8			1.0
4087.7			1.0
4088.6			1.0
4089.5			1.0
4090.4			1.0
4091.3			1.0
4092.2			0.9704391308440461
4093.1			0.9988688631166737
4094.0			1.0420573330383187
4094.9			0.9952730175403204
4095.8			0.864797901598346
4096.7			0.7753998695669259
4097.6			0.7698027655732759
4098.5			0.7948642742027389
4099.4			0.7991369459606695
4100.3			0.7555883312725874
4101.2			0.7108754226270836
4102.1			0.7463785794769596
4103.0			0.8347029147202688
4103.9			0.8945950533051055
4104.8			0.9382526082494802
4105.7			0.9989392904063914
4106.6			1.037127266614062
4107.5			1.0417618651966252
4108.4			1.0352322959143676
4109.3			1.0243204535354353
4110.2			0.9996131469683558
4111.1			1.0
4112.0			1.0
4112.9			1.0
4113.8			1.0
4114.7			1.0
4115.6			1.0
4116.5			1.0
4117.4			1.0
4118.3			1.0
4119.2			1.0
4120.1			1.0
4121.0			1.0
4121.9			1.0
4122.8			1.0
4123.7			1.0
4124.6			1.0
4125.5			1.0
4126.4			1.0
4127.3			1.0
4128.2			1.0
4129.1			0.991289761639628
4130.0			0.9631138456285228
4130.9			0.8572060538505469
4131.8			0.7117654439161442
4132.7			0.6385581114814424
4133.6			0.6752692812004626
4134.5			0.7649661780947172
4135.4			0.8918286444941778
4136.3			1.0028943112064885
4137.2			1.0
4138.1			1.0
4139.0			1.03911507403277
4139.9			1.0597051542050777
4140.8			1.0253390860130511
4141.7			0.8943339143271842
4142.6			0.6652556803489377
4143.5			0.49128579387771765
4144.4			0.5192050577041822
4145.3			0.6954885319205123
4146.2			0.8672028331201064
4147.1			0.964356993582271
4148.0			1.0088414200687212
4148.9			1.0
4149.8			1.0
4150.7			1.0
4151.6			1.0
4152.5			1.0
4153.4			1.0
4154.3			1.0
4155.2			1.0
4156.1			1.0
4157.0			1.0
4157.9			1.0
4158.8			1.0
4159.7			1.0
4160.6			1.0
4161.5			1.0
4162.4			1.0
4163.3			1.0
4164.2			1.0
4165.1			1.0
4166.0			1.0
4166.9			0.9639264182443645
4167.8			0.9432319884380908
4168.7			0.9446397814840114
4169.6			0.9689951928469047
4170.5			0.9625559200947731
4171.4			0.8714388161872508
4172.3			0.7492214575261028
4173.2			0.7089573611140101
4174.1			0.750839254443825
4175.0			0.7957393732271707
4175.9			0.821554534179574
4176.8			0.8443997327381261
4177.7			0.8718788355310156
4178.6			0.9292001718969086
4179.5			1.003955225679741
4180.4			1.0
4181.3			1.0
4182.2			1.0
4183.1			1.0
4184.0			1.0499464006048203
4184.9			1.0813569390269422
4185.8			1.044869861045681
4186.7			0.9204744392307942
4187.6			0.808222290539664
4188.5			0.8441699085458787
4189.4			0.9768883106343066
4190.3			1.0367351561816835
4191.2			1.0000062698693855
4192.1			1.0
4193.0			1.0
4193.9			1.0
4194.8			0.9522426646654815
4195.7			0.8643008742076194
4196.6			0.7997304605477668
4197.5			0.7248975997646557
4198.4			0.6406066150707093
4199.3			0.6074816517002672
4200.2			0.6307164045842917
4201.1			0.6283622514642807
4202.0			0.6053261671528749
4202.9			0.6545941453065064
4203.8			0.7691689525390163
4204.7			0.8721201228012923
4205.6			0.946053966713384
4206.5			0.985840964489321
4207.4			1.0125423902009627
4208.3			1.0316819633904795
4209.2			1.0014759784430574
4210.1			1.0
4211.0			1.0
4211.9			1.0
4212.8			1.0
4213.7			1.0
4214.6			1.0
4215.5			1.0
4216.4			0.9364631217846332
4217.3			0.9925429622059857
4218.2			1.0658761814864635
4219.1			1.0917071153691953
4220.0			1.085367020156277
4220.9			1.0405773519929609
4221.8			0.9253633002313975
4222.7			0.7684349241842695
4223.6			0.6238528435068361
4224.5			0.4914794881482556
4225.4			0.3637789608082386
4226.3			0.26917018567915235
4227.2			0.2404321140321915
4228.1			0.2998561070382377
4229.0			0.41203066322845483
4229.9			0.5407932101266041
4230.8			0.6799616961776282
4231.7			0.7872435402399249
4232.6			0.8282787262685173
4233.5			0.8305381009007142
4234.4			0.8282138581203391
4235.3			0.8213417031517792
4236.2			0.831194055196807
4237.1			0.9102083483199397
4238.0			0.9991574726749788
4238.9			1.0
4239.8			1.0
4240.7			1.0
4241.6			1.0
4242.5			1.0
4243.4			1.0
4244.3			1.0
4245.2			1.0
4246.1			1.0
4247.0			0.9361537231114891
4247.9			0.8931656545831095
4248.8			0.8616377455732901
4249.7			0.7773978764491521
4250.6			0.676112017339097
4251.5			0.6756665200012462
4252.4			0.7340409753792085
4253.3			0.6965849502295429
4254.2			0.590854567052921
4255.1			0.6213796252513227
4256.0			0.8542653743716646
4256.9			1.1210115934436928
4257.8			1.2402040647882613
4258.7			1.1894127509781869
4259.6			1.0455147459735992
4260.5			0.9412949892368917
4261.4			1.0304028447858269
4262.3			1.0
4263.2			1.0
4264.1			1.0
4265.0			1.0
4265.9			1.0005024916687688
4266.8			0.9775050909952555
4267.7			0.9293827595969504
4268.6			0.8736681035520323
4269.5			0.8015996288052936
4270.4			0.6703823690819835
4271.3			0.5137783302184069
4272.2			0.43137041060407755
4273.1			0.439043444437087
4274.0			0.44380942068313467
4274.9			0.43690657703469254
4275.8			0.5143961683084799
4276.7			0.6948472114018968
4277.6			0.8905887949938766
4278.5			0.9996387531540083
4279.4			1.0
4280.3			1.0
4281.2			1.0
4282.1			1.0
4283.0			1.0
4283.9			1.0
4284.8			1.0
4285.7			1.0
4286.6			0.9575241310195937
4287.5			0.8962980038080111
4288.4			0.782820502079221
4289.3			0.6218060013079605
4290.2			0.5287127454492845
4291.1			0.6134342315213535
4292.0			0.8153827772789319
4292.9			0.9750418473497169
4293.8			0.9941164815184272
4294.7			1.0
4295.6			1.0
4296.5			1.0
4297.4			1.0
4298.3			1.0
4299.2			1.0
4300.1			1.0
4301.0			1.0
4301.9			1.0
4302.8			1.0
4303.7			1.0
4304.6			1.0263103023544105
4305.5			0.9217142610847291
4306.4			0.7656120675919023
4307.3			0.6292663526675193
4308.2			0.5704424853273331
4309.1			0.6405404446131867
4310.0			0.7832318594140479
4310.9			0.9174168885811754
4311.8			1.0096751255444487
4312.7			1.0
4313.6			1.0
4314.5			1.0
4315.4			1.0
4316.3			1.0
4317.2			1.0
4318.1			1.0
4319.0			1.0
4319.9			1.0
4320.8			1.0
4321.7			1.0
4322.6			0.9327285697868948
4323.5			0.8114864632802011
4324.4			0.6377661379709333
4325.3			0.4873741316418424
4326.2			0.4550560901555291
4327.1			0.5923529070417016
4328.0			0.8102559739386189
4328.9			0.9578273580892601
4329.8			0.9986370276311272
4330.7			1.0
4331.6			1.0
4332.5			1.0
4333.4			1.0
4334.3			1.0338987678461573
4335.2			1.0457915973901832
4336.1			0.9897398841616424
4337.0			0.8587795605775237
4337.9			0.7451038929870871
4338.8			0.7241465044658392
4339.7			0.7436015549129165
4340.6			0.7847180643725788
4341.5			0.8902668056549825
4342.4			0.991868059435981
4343.3			0.9986222917588304
4344.2			1.0
4345.1			1.0
4346.0			1.0
4346.9			1.0
4347.8			1.0
4348.7			1.0554101823047985
4349.6			1.0787457923561943
4350.5			0.9810917578442788
4351.4			0.7939751698666636
4352.3			0.6860830124284618
4353.2			0.7441063305529393
4354.1			0.8697310926267329
4355.0			0.9529426277124301
4355.9			1.0079902572062058
4356.8			1.0
4357.7			1.0
4358.6			1.0
4359.5			1.0
4360.4			1.0
4361.3			1.0
4362.2			1.0
4363.1			1.0
4364.0			1.0
4364.9			1.0
4365.8			1.0
4366.7			1.0
4367.6			1.0
4368.5			1.0
4369.4			1.0
4370.3			1.0
4371.2			1.0
4372.1			1.0
4373.0			1.0
4373.9			1.0
4374.8			1.0
4375.7			1.0
4376.6			1.0
4377.5			1.0
4378.4			1.0
4379.3			0.9656012400260788
4380.2			0.9143895169106854
4381.1			0.8466947858698753
4382.0			0.7075450006005641
4382.9			0.5210802585921277
4383.8			0.40912211007648147
4384.7			0.4725961308500585
4385.6			0.683829652403993
4386.5			0.8924594420150251
4387.4			0.9887360936808358
4388.3			0.9982066584828864
4389.2			1.0
4390.1			1.0
4391.0			1.0
4391.9			1.0
4392.8			1.0
4393.7			1.0
4394.6			1.0
4395.5			1.0
4396.4			1.0
4397.3			1.0
4398.2			1.0
4399.1			1.0
4400.0			0.9092233597703051
4400.9			0.8412377083961076
4401.8			0.8235409863415616
4402.7			0.782766310441175
4403.6			0.6389227303089978
4404.5			0.47682887554835235
4405.4			0.4470551553897943
4406.3			0.5480319114912056
4407.2			0.6421998045489662
4408.1			0.6863321063672623
4409.0			0.776697219622126
4409.9			0.914922434764868
4410.8			0.9992408497226538
4411.7			1.0
4412.6			0.9800900681344384
4413.5			0.9110787522608006
4414.4			0.7621460746679651
4415.3			0.6392492101654736
4416.2			0.6877706164172164
4417.1			0.8532867510345491
4418.0			1.0012006832347835
4418.9			1.0
4419.8			1.0
4420.7			1.0
4421.6			1.0
4422.5			1.0
4423.4			1.0
4424.3			1.0
4425.2			1.0
4426.1			1.0
4427.0			1.0
4427.9			1.0
4428.8			1.0
4429.7			1.0
4430.6			1.0
4431.5			1.0
4432.4			1.0413882821958969
4433.3			0.9493779900614725
4434.2			0.7713121223638058
4435.1			0.6393332225691757
4436.0			0.6692577656362765
4436.9			0.8369283998759717
4437.8			1.0045637512791052
4438.7			1.0
4439.6			1.0
4440.5			1.0
4441.4			1.0
4442.3			1.0
4443.2			1.0
4444.1			1.0
4445.0			1.0
4445.9			1.0
4446.8			0.9654213762375451
4447.7			0.9082218154822447
4448.6			0.9135020004711202
4449.5			0.9480873395261972
4450.4			0.9451356877290795
4451.3			0.9288766239582152
4452.2			0.9017166063410883
4453.1			0.8233936335040282
4454.0			0.6809469994023221
4454.9			0.5541459403458758
4455.8			0.5422309217303205
4456.7			0.6328086422448874
4457.6			0.714197426674893
4458.5			0.7354848940430075
4459.4			0.7307975143172916
4460.3			0.7239749702788554
4461.2			0.7069629346400897
4462.1			0.7315692610193363
4463.0			0.8517511663496855
4463.9			0.9759604180342828
4464.8			1.0002605352482226
4465.7			1.0
4466.6			1.0
4467.5			1.0
4468.4			1.0
4469.3			1.0
4470.2			1.0
4471.1			1.0
4472.0			1.0
4472.9			1.0
4473.8			1.0
4474.7			1.0
4475.6			1.0
4476.5			1.0
4477.4			1.0
4478.3			1.0393480525260619
4479.2			0.9869765744018846
4480.1			0.8908916010532241
4481.0			0.8068501885681229
4481.9			0.7560484606893014
4482.8			0.77653730392408
4483.7			0.8674601745456931
4484.6			0.9557760509009832
4485.5			0.9987444651720455
4486.4			1.0
4487.3			1.0
4488.2			1.0
4489.1			1.0
4490.0			1.0
4490.9			1.0
4491.8			1.0628467579738576
4492.7			1.0629614986993956
4493.6			0.9849850279961795
4494.5			0.8821406321282829
4495.4			0.832028708477625
4496.3			0.8449143111532421
4497.2			0.8920339673439344
4498.1			0.9526797775487719
4499.0			1.0000596259629242
4499.9			1.0
4500.8			1.0
4501.7			1.0
4502.6			1.0
4503.5			1.0
4504.4			1.0
4505.3			1.0
4506.2			1.0
4507.1			1.0
4508.0			1.0
4508.9			1.0
4509.8			1.0
4510.7			1.0
4511.6			1.0
4512.5			1.0
4513.4			1.0
4514.3			1.0
4515.2			1.0210724876710022
4516.1			1.0213597363402274
4517.0			0.9668602775511356
4517.9			0.9002461650350393
4518.8			0.9025307007601829
4519.7			0.9554903944640052
4520.6			0.9885931930485856
4521.5			1.0
4522.4			1.0
4523.3			1.0
4524.2			0.9881677072132568
4525.1			0.9628639804638635
4526.0			0.8858146136225994
4526.9			0.7861969792569298
4527.8			0.7264564941594974
4528.7			0.7326753736189984
4529.6			0.7814984993916388
4530.5			0.8322836617330145
4531.4			0.8604145137052411
4532.3			0.8665072638043846
4533.2			0.8165488517195898
4534.1			0.7268435729909125
4535.0			0.6784625683977854
4535.9			0.73817276260386
4536.8			0.9281222544699135
4537.7			1.106431615034236
4538.6			1.1471607842200486
4539.5			1.1060584760465202
4540.4			1.0517993597082522
4541.3			1.042348466538093
4542.2			1.096150807475772
4543.1			1.1342648388846344
4544.0			1.0998868957970693
4544.9			1.026409557892728
4545.8			1.001392791581258
4546.7			1.0
4547.6			1.0
4548.5			1.0
4549.4			1.0
4550.3			1.0
4551.2			1.0172191898061387
4552.1			0.9800231222232105
4553.0			0.9143986267998151
4553.9			0.8545052833042488
4554.8			0.8173000743382605
4555.7			0.8280741339125717
4556.6			0.8922208258926501
4557.5			0.9673904230097923
4558.4			0.9945628773336611
4559.3			1.0
4560.2			1.0
4561.1			1.0
4562.0			1.0
4562.9			1.0
4563.8			1.0
4564.7			1.0
4565.6			1.0
4566.5			1.0
4567.4			1.0
4568.3			1.0
4569.2			1.0
4570.1			0.9403742614596878
4571.0			0.8769085532900153
4571.9			0.8674784146612485
4572.8			0.938421048722853
4573.7			1.0005913390908587
4574.6			1.0
4575.5			1.0
4576.4			1.0
4577.3			0.9924330554101409
4578.2			0.9524849443942147
4579.1			0.9020698495107037
4580.0			0.8629487839544668
4580.9			0.8584841592867288
4581.8			0.9185566490594059
4582.7			1.0168672815782638
4583.6			1.0556323589086838
4584.5			1.0
4585.4			0.9141513899731591
4586.3			0.8936256098313673
4587.2			0.9725877137005193
4588.1			1.0779203138899653
4589.0			1.1218940681164473
4589.9			1.098692642101041
4590.8			1.0414034879437728
4591.7			0.9833234093038393
4592.6			0.9557876714612258
4593.5			0.9671162032008757
4594.4			0.990484534186253
4595.3			1.0023527662757044
4596.2			1.0080467288905561
4597.1			1.0097005555020584
4598.0			1.0044608306696157
4598.9			0.9920760687363049
4599.8			0.9621944739255566
4600.7			0.9209705571470553
4601.6			0.9100909051257762
4602.5			0.918308562794389
4603.4			0.9312455635062991
4604.3			0.9539435991079013
4605.2			0.9666598329387056
4606.1			0.9653920007753677
4607.0			0.9751280459519718
4607.9			1.0153195772871908
4608.8			1.0731063495773139
4609.7			1.0976630779608219
4610.6			1.0701308361022326
4611.5			1.0220692220740741
4612.4			0.9909693134097588
4613.3			0.9854498692930096
4614.2			1.007960544946988
4615.1			1.0249803477040964
4616.0			1.0025812503299658
4616.9			0.986293509859998
4617.8			0.9990911976732818
4618.7			1.0
4619.6			1.0
4620.5			1.0
4621.4			1.0
4622.3			0.9766368076689269
4623.2			0.9600963912192211
4624.1			0.9638712004984279
4625.0			0.9454562207879351
4625.9			0.9229186127773132
4626.8			0.9495909943925068
4627.7			1.0047388603504481
4628.6			1.019020264651143
4629.5			0.9987885289911114
4630.4			1.0
4631.3			1.0
4632.2			1.0
4633.1			1.0
4634.0			1.0
4634.9			1.0
4635.8			1.0
4636.7			1.0
4637.6			1.0
4638.5			1.0
4639.4			1.0
4640.3			1.0
4641.2			1.0
4642.1			1.0
4643.0			0.9995745440458873
4643.9			0.9756825439104012
4644.8			0.9323952181733051
4645.7			0.8549665215604523
4646.6			0.8076687486169183
4647.5			0.8460927412235156
4648.4			0.9166825743186351
4649.3			0.9713977526679692
4650.2			0.9952834709360543
4651.1			1.0
4652.0			1.0
4652.9			1.0
4653.8			1.0
4654.7			1.0
4655.6			1.0
4656.5			1.0
4657.4			1.0
4658.3			1.0
4659.2			1.0
4660.1			1.0
4661.0			1.0
4661.9			1.0
4662.8			1.0
4663.7			1.0
4664.6			0.9754187259813957
4665.5			0.945770657135644
4666.4			0.8652452326241895
4667.3			0.7675451467565158
4668.2			0.7485302220941021
4669.1			0.835374359235785
4670.0			0.9424224117418082
4670.9			0.9975881020240417
4671.8			0.9938825952689714
4672.7			1.0
4673.6			1.0
4674.5			1.0
4675.4			1.0
4676.3			1.0
4677.2			1.0147051818411086
4678.1			0.980329989843288
4679.0			0.9416990032351685
4679.9			0.9235761847023636
4680.8			0.9035475424053618
4681.7			0.8849174732725849
4682.6			0.9116641153891065
4683.5			0.9706789968197124
4684.4			0.997222711873923
4685.3			0.995385341932433
4686.2			1.0039828867224017
4687.1			1.0
4688.0			1.0
4688.9			1.0
4689.8			1.0
4690.7			1.0
4691.6			1.0
4692.5			1.0
4693.4			1.0
4694.3			1.0
4695.2			1.0
4696.1			1.0
4697.0			0.9870661578594608
4697.9			0.9361088788623044
4698.8			0.8933339580160257
4699.7			0.9056075842349475
4700.6			0.9336910122159663
4701.5			0.9105112106128688
4702.4			0.8552065285396717
4703.3			0.8443957776634698
4704.2			0.9242061273817486
4705.1			1.0073940384633526
4706.0			1.0128722413558635
4706.9			0.9707260767211183
4707.8			0.9518034608296478
4708.7			0.9729874190920806
4709.6			1.003559490676149
4710.5			1.0
4711.4			1.0
4712.3			1.0
4713.2			0.9745967878720896
4714.1			0.9273179938757098
4715.0			0.9130800505581695
4715.9			0.9513056358678903
4716.8			0.9974574884989815
4717.7			1.0
4718.6			1.0
4719.5			1.0
4720.4			1.0
4721.3			1.0
4722.2			1.0
4723.1			1.0
4724.0			1.0311990456711295
4724.9			1.066195391224261
4725.8			1.0513436470492319
4726.7			0.9867290952295305
4727.6			0.923925368150369
4728.5			0.9107686267718156
4729.4			0.930377808138179
4730.3			0.9483772899976324
4731.2			0.9659247882094779
4732.1			0.9898214826685721
4733.0			1.0016290267416692
4733.9			1.0
4734.8			1.0
4735.7			1.0
4736.6			1.0
4737.5			1.0
4738.4			1.0
4739.3			1.0
4740.2			1.0
4741.1			1.0
4742.0			1.0
4742.9			1.0
4743.8			1.0
4744.7			1.0
4745.6			1.0
4746.5			1.0
4747.4			1.0
4748.3			1.0
4749.2			1.0
4750.1			1.0
4751.0			1.0
4751.9			1.0
4752.8			1.0
4753.7			1.0
4754.6			1.0060635508126332
4755.5			1.033285141991168
4756.4			1.0320551699338854
4757.3			1.014355780883395
4758.2			1.0114837751928771
4759.1			1.0272563688955445
4760.0			1.0448331611802535
4760.9			1.0343467857185678
4761.8			0.9943213924216838
4762.7			0.9645715398488319
4763.6			0.9623873568363382
4764.5			0.9584832093125009
4765.4			0.9319565576119611
4766.3			0.9079338156489254
4767.2			0.9199060137912825
4768.1			0.9527178059671078
4769.0			0.9718553801374866
4769.9			0.9753074953477303
4770.8			0.9586808650897883
4771.7			0.9264979952186209
4772.6			0.9120896493220982
4773.5			0.9318901568406968
4774.4			0.9590866680051181
4775.3			0.9578565830874859
4776.2			0.9362307727949964
4777.1			0.9169524691997821
4778.0			0.9001133810944122
4778.9			0.8824018641397517
4779.8			0.8689529587043241
4780.7			0.8643890541984043
4781.6			0.8555498112203879
4782.5			0.8253010236214741
4783.4			0.8088842859484817
4784.3			0.8458188474241316
4785.2			0.8950453041269416
4786.1			0.9020499538594798
4787.0			0.8908988172339343
4787.9			0.8892859776869367
4788.8			0.891335226213559
4789.7			0.90502261720512
4790.6			0.9343541982853069
4791.5			0.9527510042664905
4792.4			0.9645177815381274
4793.3			0.9887220106700232
4794.2			1.0186084147611438
4795.1			1.0315068881924838
4796.0			1.0241452744123898
4796.9			1.0138272972802862
4797.8			0.9983285767660766
4798.7			0.9689444380342055
4799.6			0.9428185704038065
4800.5			0.9421376521387915
4801.4			0.9759033469618423
4802.3			1.0188007823807408
4803.2			1.04483951411067
4804.1			1.0443766608347138
4805.0			1.0193384302093378
4805.9			0.9944363848323416
4806.8			0.9819455978248782
4807.7			0.9725503822174704
4808.6			0.9789694667841968
4809.5			0.9975822314100815
4810.4			1.0048921639594721
4811.3			1.0024462809915917
4812.2			0.9996943818731356
4813.1			1.0
4814.0			1.0
4814.9			1.0
4815.8			1.0
4816.7			1.0
4817.6			1.0
4818.5			1.0
4819.4			1.0
4820.3			1.0
4821.2			0.9849686768836897
4822.1			0.946726752594124
4823.0			0.8857913584717707
4823.9			0.8640026504390534
4824.8			0.9164895342732169
4825.7			0.978397416017677
4826.6			0.9980839577667394
4827.5			1.0
4828.4			1.0
4829.3			1.0
4830.2			1.0
4831.1			1.0
4832.0			1.0
4832.9			1.0
4833.8			1.0
4834.7			1.0
4835.6			1.0
4836.5			1.0
4837.4			1.0
4838.3			1.0
4839.2			1.0
4840.1			1.0
4841.0			1.0
4841.9			1.0
4842.8			1.0
4843.7			1.0
4844.6			1.0
4845.5			1.0
4846.4			1.0
4847.3			1.0
4848.2			1.0
4849.1			1.0
4850.0			1.0
4850.9			1.0
4851.8			1.0
4852.7			1.0
4853.6			1.0
4854.5			1.0
4855.4			1.0
4856.3			1.0
4857.2			1.0
4858.1			1.0014565765643784
4859.0			0.9355999980326116
4859.9			0.8537773600096963
4860.8			0.8091987345735154
4861.7			0.830837555354301
4862.6			0.9149325671929637
4863.5			0.9922474599165518
4864.4			1.0
4865.3			1.0
4866.2			1.0
4867.1			1.0
4868.0			1.0
4868.9			0.9911961725955207
4869.8			0.9339200198608322
4870.7			0.8060925275337644
4871.6			0.7243141523342693
4872.5			0.7930051314877432
4873.4			0.9311351043025332
4874.3			1.002619638349012
4875.2			1.0
4876.1			1.0
4877.0			1.0
4877.9			1.0
4878.8			1.0
4879.7			1.0
4880.6			1.0
4881.5			1.0
4882.4			1.0
4883.3			1.0
4884.2			1.0
4885.1			1.0
4886.0			1.0
4886.9			1.0
4887.8			1.0026174209272576
4888.7			0.9694870541607952
4889.6			0.8695762600862704
4890.5			0.7362670227441906
4891.4			0.6850232285113149
4892.3			0.7848190161120607
4893.2			0.923176303098923
4894.1			0.9880560774535063
4895.0			0.9977675867601351
4895.9			1.0
4896.8			1.0
4897.7			1.0
4898.6			1.0
4899.5			1.0
4900.4			0.9867487664621837
4901.3			0.9898667573961059
4902.2			0.9553092319025182
4903.1			0.8980502758231765
4904.0			0.8962819560301372
4904.9			0.9514064987207452
4905.8			0.9999100201697857
4906.7			1.0
4907.6			1.0
4908.5			1.0
4909.4			1.0
4910.3			1.0
4911.2			1.0
4912.1			1.0
4913.0			1.0
4913.9			1.0
4914.8			1.0
4915.7			1.0
4916.6			0.9857871545416814
4917.5			0.9101055585419421
4918.4			0.7717831128844608
4919.3			0.6434794745906555
4920.2			0.609722243569738
4921.1			0.7023191510365674
4922.0			0.8613630319466417
4922.9			0.979231699179564
4923.8			1.0000103789101258
4924.7			1.0
4925.6			1.0
4926.5			1.0
4927.4			1.0
4928.3			1.0
4929.2			1.0
4930.1			1.0
4931.0			1.0
4931.9			1.0
4932.8			1.0
4933.7			1.0
4934.6			1.0
4935.5			1.0436818289073855
4936.4			1.0383216539177174
4937.3			0.9649123684916128
4938.2			0.8709469647426511
4939.1			0.8346864662631112
4940.0			0.8900501798423136
4940.9			0.9654432266657221
4941.8			0.9893569815713554
4942.7			0.9947207804668773
4943.6			1.0
4944.5			1.0
4945.4			1.0
4946.3			1.0
4947.2			1.0
4948.1			1.0
4949.0			1.0
4949.9			1.0
4950.8			1.0
4951.7			1.0
4952.6			1.0
4953.5			1.0
4954.4			1.0
4955.3			0.9350285983543188
4956.2			0.8071396578570351
4957.1			0.6713093929542794
4958.0			0.6633341315376914
4958.9			0.807725875874232
4959.8			0.9527158235652777
4960.7			1.001144055693703
4961.6			1.0
4962.5			1.0
4963.4			0.9874316078147483
4964.3			0.9643987425742361
4965.2			0.934426498981708
4966.1			0.9162625184956011
4967.0			0.9055099708133592
4967.9			0.893318706773102
4968.8			0.8986781978891053
4969.7			0.9349409624503486
4970.6			0.9782099847860379
4971.5			1.0001621292195844
4972.4			1.003754667934856
4973.3			1.0
4974.2			1.0
4975.1			1.0
4976.0			1.0
4976.9			1.0
4977.8			1.0
4978.7			0.9787868786893841
4979.6			0.9856887449873951
4980.5			0.949752309010437
4981.4			0.8407357461650112
4982.3			0.7563189883895243
4983.2			0.7857504486471193
4984.1			0.8836208445981746
4985.0			0.9582137714506448
4985.9			1.0067655746693678
4986.8			1.0
4987.7			1.0
4988.6			1.0
4989.5			1.0
4990.4			1.0
4991.3			1.0
4992.2			1.0
4993.1			1.0
4994.0			1.0
4994.9			1.0
4995.8			1.0
4996.7			1.0
4997.6			0.9952433249069847
4998.5			0.9456551610703776
4999.4			0.8669174225590327
5000.3			0.8310750516343735
5001.2			0.8683340253494353
5002.1			0.9346596375070023
5003.0			1.003559797263508
5003.9			1.0
5004.8			1.0
5005.7			1.0
5006.6			1.0
5007.5			1.0
5008.4			1.0
5009.3			1.0715540814257238
5010.2			1.094970526428321
5011.1			1.0514036867917125
5012.0			0.9536945626758847
5012.9			0.8630022172797427
5013.8			0.8105389112134348
5014.7			0.8049872343041231
5015.6			0.860390218064611
5016.5			0.9278682801977849
5017.4			0.963930829014072
5018.3			0.9945720961855747
5019.2			1.0
5020.1			0.9831498351974016
5021.0			0.9164987510404664
5021.9			0.8460085625725843
5022.8			0.8412701345253797
5023.7			0.9199882344736544
5024.6			0.994568383108477
5025.5			1.0018209554951605
5026.4			1.0
5027.3			1.0
5028.2			1.0
5029.1			1.0
5030.0			1.0
5030.9			1.0
5031.8			1.0
5032.7			1.0
5033.6			1.0
5034.5			1.0
5035.4			1.0
5036.3			0.9623463611442463
5037.2			1.0005250216766162
5038.1			1.0022705709682167
5039.0			0.9073424579449461
5039.9			0.7881613841027384
5040.8			0.7294148225953369
5041.7			0.7598754901981581
5042.6			0.8396270730866786
5043.5			0.8998882904186363
5044.4			0.9412996491300025
5045.3			0.9900838188347032
5046.2			1.0
5047.1			1.0046262542702686
5048.0			0.9521272365755008
5048.9			0.866885725910835
5049.8			0.8150062243786526
5050.7			0.8467039930831497
5051.6			0.9299035670588988
5052.5			0.993629663043541
5053.4			1.0
5054.3			1.0
5055.2			1.0
5056.1			1.0
5057.0			1.0
5057.9			1.0
5058.8			1.0
5059.7			1.0
5060.6			1.0
5061.5			1.0
5062.4			1.0
5063.3			1.0
5064.2			1.0
5065.1			1.0
5066.0			1.0
5066.9			1.0
5067.8			1.0
5068.7			1.0
5069.6			1.0
5070.5			1.0
5071.4			1.0
5072.3			1.0
5073.2			1.0417464417781153
5074.1			1.103411295432484
5075.0			1.0906829525745365
5075.9			1.0222531527295105
5076.8			0.9974071972064581
5077.7			1.0258906101911307
5078.6			1.0116602902427623
5079.5			0.9441097172259469
5080.4			0.911240084336598
5081.3			0.9085180619746015
5082.2			0.8916401031122604
5083.1			0.8909375907372072
5084.0			0.9360250097556769
5084.9			1.0
5085.8			1.0489739736823018
5086.7			1.0636195458814035
5087.6			1.039467461160058
5088.5			1.0064707039335752
5089.4			0.9920866880316008
5090.3			0.9938976890380345
5091.2			1.0192342977666768
5092.1			1.0821935245631042
5093.0			1.134087495723956
5093.9			1.0977933831460638
5094.8			0.9923530030816766
5095.7			0.9248569409413918
5096.6			0.9561996818617475
5097.5			0.9991680879377619
5098.4			0.9528286187721237
5099.3			0.8739150103757134
5100.2			0.8566955559983868
5101.1			0.8802057400958816
5102.0			0.9067887235026232
5102.9			0.9215907574065176
5103.8			0.9117068012373719
5104.7			0.8901566865583138
5105.6			0.8724755750262316
5106.5			0.8527177387605919
5107.4			0.8466967202470159
5108.3			0.8703297346119634
5109.2			0.8911706537884909
5110.1			0.8848989487869146
5111.0			0.8786015538838456
5111.9			0.8890931835645753
5112.8			0.9072863092624993
5113.7			0.9482283389914539
5114.6			0.9993536991054052
5115.5			1.0
5116.4			1.0
5117.3			1.0096594106063446
5118.2			1.0191320326973166
5119.1			0.9838338860337946
5120.0			0.934196871700951
5120.9			0.9162299665812659
5121.8			0.9276395453537761
5122.7			0.9091609248040291
5123.6			0.8388760487283402
5124.5			0.7986658752824533
5125.4			0.8242241296749139
5126.3			0.8595038534046978
5127.2			0.8726441912714552
5128.1			0.8691305569584844
5129.0			0.8466323422288109
5129.9			0.8366022774643457
5130.8			0.8998277272738819
5131.7			0.9975335335406298
5132.6			1.0
5133.5			1.0
5134.4			1.0
5135.3			1.0
5136.2			1.0
5137.1			1.0
5138.0			1.0
5138.9			1.0
5139.8			1.0
5140.7			1.0
5141.6			1.0
5142.5			1.0
5143.4			1.0
5144.3			1.0
5145.2			1.0
5146.1			1.0
5147.0			0.99505034508543
5147.9			1.029247699087094
5148.8			1.0320192728645827
5149.7			0.9836989803194296
5150.6			0.927443481379147
5151.5			0.8866214885399287
5152.4			0.83274479599225
5153.3			0.7750123112325488
5154.2			0.7727707811291548
5155.1			0.8470758575631391
5156.0			0.9379945138474408
5156.9			1.0002322810747735
5157.8			1.026588764141887
5158.7			1.0107012541628426
5159.6			1.0
5160.5			1.0278484446617175
5161.4			1.0229546526878333
5162.3			0.9628630344137286
5163.2			0.9358156139697857
5164.1			0.9444820884796147
5165.0			0.8630478810320299
5165.9			0.6842909587097402
5166.8			0.5447274089123939
5167.7			0.5311417301293844
5168.6			0.6249403974433575
5169.5			0.7235374539730871
5170.4			0.7205827801097502
5171.3			0.6129907001444975
5172.2			0.5047269127705867
5173.1			0.5055450151416541
5174.0			0.6270645331638292
5174.9			0.7896760092188935
5175.8			0.9116215654367704
5176.7			0.9610863723638524
5177.6			0.9574964536318665
5178.5			0.9382038053181041
5179.4			0.9071422458177408
5180.3			0.8387787596521269
5181.2			0.7322238177519903
5182.1			0.6180873613734157
5183.0			0.543230370937091
5183.9			0.5756601304276692
5184.8			0.7454140827831478
5185.7			0.9761035196004398
5186.6			1.1640607232207056
5187.5			1.2644133064185987
5188.4			1.0
5189.3			1.0362398753573316
5190.2			1.036255438170017
5191.1			0.947541083974722
5192.0			0.8478399419919799
5192.9			0.8529611702296326
5193.8			0.9411624830847872
5194.7			1.0021248717449924
5195.6			1.470085563468981
5196.5			1.5971438582922572
5197.4			1.7194324139139334
5198.3			1.756320788967627
5199.2			1.7608741168004167
5200.1			1.0
5201.0			0.961093592941889
5201.9			0.8976661033157969
5202.8			0.8193902927387174
5203.7			0.7097838501737962
5204.6			0.5881293902763286
5205.5			0.5178277192146283
5206.4			0.5131775292934889
5207.3			0.5124097319886749
5208.2			0.49257366274158654
5209.1			0.5150418520992328
5210.0			0.6277327528740859
5210.9			0.8142935303628027
5211.8			1.0120420653620905
5212.7			1.128664470189412
5213.6			1.1362217050613679
5214.5			1.0766260033844446
5215.4			1.0005725073159402
5216.3			1.0
5217.2			1.0
5218.1			1.0
5219.0			1.0
5219.9			1.0
5220.8			1.0
5221.7			1.0
5222.6			0.9654045553400591
5223.5			0.9043015510837024
5224.4			0.8396104500077131
5225.3			0.7857416842050717
5226.2			0.7327119015437086
5227.1			0.7236324219440321
5228.0			0.8227495633220793
5228.9			0.9594025066137645
5229.8			1.0323140122587313
5230.7			1.0503611647608697
5231.6			1.007828443929254
5232.5			1.0
5233.4			1.0
5234.3			1.0
5235.2			1.0
5236.1			1.0
5237.0			1.0
5237.9			0.9999970086700294
5238.8			0.9892616955877397
5239.7			0.9840595090589987
5240.6			0.9790341330430974
5241.5			0.9664552704702075
5242.4			0.9581644376288163
5243.3			0.9715503767404823
5244.2			0.995558311707578
5245.1			0.9875579557021626
5246.0			0.924976844321829
5246.9			0.8565968365018939
5247.8			0.853679827506344
5248.7			0.8945840479154258
5249.6			0.8902719494905948
5250.5			0.8534226770401242
5251.4			0.8559603706548392
5252.3			0.8889235895447956
5253.2			0.9020991131014795
5254.1			0.887374410596869
5255.0			0.8755404209444676
5255.9			0.9067022400184082
5256.8			0.9662609949049542
5257.7			0.9992380263169026
5258.6			1.0
5259.5			1.0
5260.4			0.9390288422270779
5261.3			0.8465640970328789
5262.2			0.7563496487929295
5263.1			0.6983506867637448
5264.0			0.6671475349361402
5264.9			0.6344704885096255
5265.8			0.6136863657124313
5266.7			0.6400003775767342
5267.6			0.6628693309997288
5268.5			0.5871681472714683
5269.4			0.474993571712737
5270.3			0.4916290269599561
5271.2			0.6415260557812033
5272.1			0.771073826715147
5273.0			0.819518572960179
5273.9			0.8403465027024117
5274.8			0.8494909361598025
5275.7			0.857960715450236
5276.6			0.9087114760887839
5277.5			0.9773522636648689
5278.4			1.0
5279.3			0.9692918401742483
5280.2			0.9145769696452137
5281.1			0.8477689427865593
5282.0			0.7847982521099437
5282.9			0.7536023669071957
5283.8			0.7820949500457944
5284.7			0.8677804733526312
5285.6			0.9589435614080737
5286.5			0.9997156420005096
5287.4			1.0
5288.3			1.0
5289.2			1.0
5290.1			1.0
5291.0			1.0
5291.9			1.0
5292.8			1.0
5293.7			1.0133610068165488
5294.6			1.012776823711037
5295.5			0.9576045806411929
5296.4			0.8483424725213734
5297.3			0.7581368568898261
5298.2			0.7742213095987143
5299.1			0.8846955026082449
5300.0			0.9814468302810452
5300.9			1.003139580343831
5301.8			1.0
5302.7			1.0
5303.6			1.0
5304.5			1.0
5305.4			1.0
5306.3			1.0
5307.2			1.0
5308.1			1.0
5309.0			1.0
5309.9			1.0
5310.8			1.0
5311.7			1.0
5312.6			1.0
5313.5			1.0
5314.4			1.0
5315.3			1.0
5316.2			1.0
5317.1			1.0
5318.0			1.0
5318.9			1.0
5319.8			1.0
5320.7			1.0
5321.6			1.0
5322.5			1.0
5323.4			1.0
5324.3			0.93865427568602
5325.2			0.9611115462661759
5326.1			0.942784045669386
5327.0			0.7861945313710297
5327.9			0.623364020798496
5328.8			0.6304528042166545
5329.7			0.7896551636277672
5330.6			0.9407428845851891
5331.5			0.9960997229584807
5332.4			1.0
5333.3			1.0
5334.2			1.0
5335.1			1.0
5336.0			1.0
5336.9			1.0
5337.8			0.991269351835935
5338.7			0.9464383778859984
5339.6			0.8595637939366741
5340.5			0.808640589133322
5341.4			0.8558420200599981
5342.3			0.9480776570408647
5343.2			0.9996443389315697
5344.1			1.0
5345.0			1.0
5345.9			1.0
5346.8			1.0
5347.7			1.0
5348.6			1.0
5349.5			1.0
5350.4			1.0
5351.3			1.0
5352.2			1.0
5353.1			1.0
5354.0			1.0
5354.9			1.0
5355.8			1.0
5356.7			1.0
5357.6			1.0
5358.5			1.0
5359.4			1.0
5360.3			1.0
5361.2			1.0
5362.1			1.0
5363.0			1.0
5363.9			1.0
5364.8			1.0
5365.7			1.0
5366.6			1.0
5367.5			0.9911114005688322
5368.4			0.9574114669398656
5369.3			0.8637556305259664
5370.2			0.724854122551826
5371.1			0.6465992936748561
5372.0			0.701116240631173
5372.9			0.8403564384483746
5373.8			0.9529169942750026
5374.7			0.9957057734254589
5375.6			1.0
5376.5			1.0
5377.4			1.0
5378.3			1.0
5379.2			1.0
5380.1			1.0
5381.0			0.9816706009255107
5381.9			0.94127843781885
5382.8			0.8925579511802396
5383.7			0.8828142457812732
5384.6			0.9310572763781384
5385.5			0.9834126125652386
5386.4			1.000506116646414
5387.3			1.0
5388.2			1.0
5389.1			1.0
5390.0			1.0
5390.9			1.0
5391.8			1.0
5392.7			1.0
5393.6			1.0
5394.5			1.0
5395.4			1.0
5396.3			1.0
5397.2			1.0
5398.1			1.0
5399.0			1.0
5399.9			1.0
5400.8			1.0
5401.7			1.0256407280362905
5402.6			1.021074789672297
5403.5			0.9382862561503063
5404.4			0.8209517657914718
5405.3			0.7640344167182365
5406.2			0.8262787984815639
5407.1			0.9614505520964742
5408.0			1.0344594137852485
5408.9			0.9902200378914061
5409.8			1.0
5410.7			1.0
5411.6			1.0
5412.5			1.0
5413.4			1.0
5414.3			1.0
5415.2			1.0
5416.1			1.0
5417.0			1.0
5417.9			1.0
5418.8			1.0
5419.7			1.0
5420.6			1.0
5421.5			1.0
5422.4			0.999917184503675
5423.3			0.9536700730178097
5424.2			0.922247196292043
5425.1			0.9604246114784495
5426.0			1.0280011085780556
5426.9			1.0484624950650039
5427.8			0.9755018211418871
5428.7			0.8362419484104601
5429.6			0.7581592814585822
5430.5			0.8231751701681898
5431.4			0.9179651234513502
5432.3			0.9217461987994987
5433.2			0.8592076365702852
5434.1			0.8114054765364793
5435.0			0.8340032397213284
5435.9			0.9193099762766392
5436.8			0.9981885753545383
5437.7			1.0
5438.6			1.0
5439.5			1.0
5440.4			1.0
5441.3			1.0
5442.2			1.0
5443.1			1.0
5444.0			0.9488188750907419
5444.9			0.853707584220722
5445.8			0.7468653644915338
5446.7			0.7086671716480093
5447.6			0.7882649984565452
5448.5			0.919597302695645
5449.4			0.9976145487478976
5450.3			1.0
5451.2			1.0
5452.1			1.0
5453.0			0.9648622364318999
5453.9			0.8771474722729653
5454.8			0.7763914105077735
5455.7			0.7578604568855903
5456.6			0.8500847197132294
5457.5			0.9565048906993012
5458.4			0.9971784961727554
5459.3			1.0
5460.2			1.0
5461.1			1.0
5462.0			1.0
5462.9			1.0
5463.8			1.0
5464.7			1.0
5465.6			1.0
5466.5			1.0
5467.4			1.0
5468.3			1.0
5469.2			1.0
5470.1			1.0
5471.0			1.0
5471.9			1.0
5472.8			0.9897848024943499
5473.7			0.9593364511802159
5474.6			0.9353779799644054
5475.5			0.8986991312233186
5476.4			0.8587855825447621
5477.3			0.8830171576353051
5478.2			0.9668962875741441
5479.1			1.019543568819727
5480.0			0.9983972393373678
5480.9			1.0
5481.8			1.0
5482.7			1.0
5483.6			1.0
5484.5			1.0
5485.4			1.0
5486.3			1.0
5487.2			1.0
5488.1			1.0
5489.0			1.0
5489.9			1.0
5490.8			1.0
5491.7			1.0
5492.6			1.0
5493.5			1.0
5494.4			1.0
5495.3			1.0
5496.2			1.0
5497.1			1.0
5498.0			1.0
5498.9			1.0
5499.8			1.0
5500.7			1.0
5501.6			1.0
5502.5			1.0
5503.4			1.0
5504.3			1.0
5505.2			1.0
5506.1			1.0
5507.0			1.0
5507.9			1.077296021649447
5508.8			1.1135368428434846
5509.7			1.0789261369340015
5510.6			1.0051033516689327
5511.5			0.9276824147055917
5512.4			0.8805929338827707
5513.3			0.8820702518784814
5514.2			0.9100044649997713
5515.1			0.9401220211196846
5516.0			0.9681360389890836
5516.9			0.998006935391148
5517.8			1.0
5518.7			1.0
5519.6			1.0
5520.5			1.0
5521.4			1.0
5522.3			1.0
5523.2			1.0
5524.1			1.0
5525.0			0.9875288704841105
5525.9			0.9573289407900499
5526.8			0.8921830678520866
5527.7			0.8281076571393708
5528.6			0.8462527650848201
5529.5			0.9373969020310655
5530.4			1.0004669652095002
5531.3			1.0
5532.2			1.0
5533.1			1.0
5534.0			1.0
5534.9			1.0
5535.8			1.0
5536.7			1.0
5537.6			1.0
5538.5			1.0
5539.4			1.0
5540.3			1.0
5541.2			1.0
5542.1			1.0
5543.0			1.0
5543.9			1.0
5544.8			1.0
5545.7			1.0
5546.6			1.0
5547.5			1.0
5548.4			1.0
5549.3			1.0
5550.200000000001			1.0
5551.1			1.0
5552.0			1.0
5552.9			1.0
5553.8			1.0
5554.700000000001			1.0
5555.6			1.0
5556.5			1.0
5557.4			1.0
5558.3			1.0
5559.200000000001			1.0
5560.1			1.0
5561.0			1.0
5561.9			1.0
5562.8			1.0
5563.700000000001			1.0027342669269586
5564.6			0.9954266201344042
5565.5			0.9724883178562013
5566.4			0.9617392555787152
5567.3			0.9678490411891153
5568.200000000001			0.9614447706150484
5569.1			0.9422718053368505
5570.0			0.9496536630588434
5570.9			0.9658681035043027
5571.8			0.940129890189022
5572.700000000001			0.9172211123482265
5573.6			0.9579631295025434
5574.5			1.0058521849020647
5575.4			1.0048057382354585
5576.3			1.0088931148049283
5577.200000000001			1.044362418448413
5578.1			1.0652942285374405
5579.0			1.0625349752158555
5579.9			1.0547370028049137
5580.8			1.031489319432603
5581.700000000001			1.0000019680582355
5582.6			1.0
5583.5			1.0228859388286058
5584.4			1.0091904135552179
5585.3			0.9370029334589665
5586.200000000001			0.8405219422796134
5587.1			0.7825800314378931
5588.0			0.7778908996060034
5588.9			0.8097041592301474
5589.8			0.8856295673772989
5590.700000000001			0.9732905421110031
5591.6			1.014259683675995
5592.5			0.9992635967141099
5593.4			1.0
5594.3			1.0
5595.200000000001			1.0
5596.1			1.0
5597.0			0.9719915977373291
5597.9			0.9106612894620819
5598.8			0.8995764079632165
5599.700000000001			0.9185344617794456
5600.6			0.9016578089492127
5601.5			0.8611984563868205
5602.4			0.8504108501050928
5603.3			0.8910953298445148
5604.200000000001			0.9602877201568708
5605.1			1.0088638600008453
5606.0			1.020193270071885
5606.9			1.0119334182073287
5607.8			0.9999054472691242
5608.700000000001			1.0
5609.6			1.0
5610.5			1.0
5611.4			1.0
5612.3			1.0109367291479003
5613.200000000001			0.9773255133548433
5614.1			0.8832731474365482
5615.0			0.7906917400554138
5615.9			0.8035332314573144
5616.8			0.9110338002922552
5617.700000000001			0.995956220859172
5618.6			1.0
5619.5			1.0
5620.4			1.0
5621.3			1.0
5622.200000000001			1.0
5623.1			0.9612509104611315
5624.0			0.9051696519161946
5624.9			0.8990247262176148
5625.8			0.9517663494948936
5626.700000000001			0.9979966684014306
5627.6			1.0
5628.5			1.0
5629.4			1.0
5630.3			1.0
5631.200000000001			1.0
5632.1			1.0
5633.0			1.0
5633.9			1.0
5634.8			1.0
5635.700000000001			1.0
5636.6			1.0
5637.5			1.0
5638.4			1.0
5639.3			1.0
5640.200000000001			1.0
5641.1			1.0
5642.0			1.0
5642.9			1.0
5643.8			1.0
5644.700000000001			1.0
5645.6			1.0
5646.5			1.0
5647.4			1.0
5648.3			1.0
5649.200000000001			1.0
5650.1			1.0
5651.0			1.0
5651.9			1.0
5652.8			1.0
5653.700000000001			1.0
5654.6			1.0
5655.5			0.998413839381019
5656.4			0.9955153071262862
5657.3			0.9508833469954875
5658.200000000001			0.8963972350620623
5659.1			0.9091623558485054
5660.0			0.9730220678326563
5660.9			0.9971237153288997
5661.8			1.0
5662.700000000001			1.0
5663.6			1.0
5664.5			1.0
5665.4			1.0
5666.3			1.0
5667.200000000001			1.0
5668.1			1.0
5669.0			1.0
5669.9			1.0
5670.8			1.0
5671.700000000001			1.0
5672.6			1.0
5673.5			1.0
5674.4			1.0
5675.3			1.0
5676.200000000001			1.0
5677.1			1.0
5678.0			1.0
5678.9			1.0
5679.8			1.0
5680.700000000001			1.0
5681.6			1.0
5682.5			1.0
5683.4			1.0
5684.3			1.0
5685.200000000001			0.9987517915094584
5686.1			0.9576456447445039
5687.0			0.9163006612329586
5687.9			0.9057284026092463
5688.8			0.9307786854459658
5689.700000000001			0.9705782867643871
5690.6			1.0003528051616333
5691.5			1.0
5692.4			1.0
5693.3			1.0
5694.200000000001			1.0
5695.1			1.0
5696.0			1.0
5696.9			1.0
5697.8			1.0
5698.700000000001			1.0
5699.6			1.0
5700.5			1.0
5701.4			1.0
5702.3			1.0
5703.200000000001			1.018699280449909
5704.1			1.0357629518153375
5705.0			1.0243693471653752
5705.9			0.9982708811468296
5706.8			0.9780679665316352
5707.700000000001			0.957782084058603
5708.6			0.9286398988731345
5709.5			0.9069159407634784
5710.4			0.9010457901633165
5711.3			0.9062589743169858
5712.200000000001			0.9369285567489437
5713.1			0.9845071219269185
5714.0			1.0068836025263377
5714.9			1.002988720441466
5715.8			0.9973286901615578
5716.700000000001			0.9953316961290437
5717.6			0.9970996158231649
5718.5			1.0
5719.4			1.0
5720.3			1.0
5721.200000000001			1.0
5722.1			1.0
5723.0			1.0
5723.9			1.0
5724.8			1.0
5725.700000000001			1.0
5726.6			1.0
5727.5			1.0
5728.4			1.0
5729.3			1.0
5730.200000000001			1.0
5731.1			1.0
5732.0			1.0
5732.9			1.0
5733.8			1.0
5734.700000000001			1.0
5735.6			1.0
5736.5			1.0
5737.4			1.0
5738.3			1.0
5739.200000000001			1.0
5740.1			1.0
5741.0			1.0
5741.9			1.0
5742.8			1.0
5743.700000000001			1.0
5744.6			1.0
5745.5			1.0
5746.4			1.0
5747.3			1.0
5748.200000000001			1.0
5749.1			1.0
5750.0			1.0
5750.9			1.0
5751.8			1.0
5752.700000000001			1.0
5753.6			1.0
5754.5			1.0
5755.4			1.0
5756.3			1.0
5757.200000000001			1.0
5758.1			1.0
5759.0			1.0
5759.9			0.9834574811976209
5760.8			0.9611266375647612
5761.700000000001			0.93090461433707
5762.6			0.9176751161404074
5763.5			0.9451727930664513
5764.4			0.9861826278559935
5765.3			1.0002617996680947
5766.200000000001			1.0
5767.1			1.0
5768.0			1.0
5768.9			1.0
5769.8			1.0
5770.700000000001			1.0
5771.6			1.0
5772.5			1.0
5773.4			1.0
5774.3			1.0
5775.200000000001			1.0
5776.1			1.0
5777.0			1.0
5777.9			1.0019720630787854
5778.8			0.9922018209050325
5779.700000000001			0.9644845212742036
5780.6			0.9293888524416591
5781.5			0.9129165641231812
5782.4			0.917661811527986
5783.3			0.9176672521814095
5784.200000000001			0.903590545860421
5785.1			0.8991406999126259
5786.0			0.9235191092815398
5786.9			0.9576653933154384
5787.8			0.9809321802062473
5788.700000000001			0.9903961104068462
5789.6			0.9792923280135699
5790.5			0.9558829606014296
5791.4			0.9614876251447172
5792.3			1.000170226946883
5793.200000000001			1.0
5794.1			1.0
5795.0			1.0
5795.9			1.0
5796.8			1.0
5797.700000000001			1.0
5798.6			1.0
5799.5			1.0
5800.4			1.0
5801.3			1.0
5802.200000000001			1.0
5803.1			1.0
5804.0			1.0
5804.9			1.0
5805.8			1.0
5806.700000000001			1.0
5807.6			1.0
5808.5			1.0
5809.4			1.0
5810.3			1.0
5811.200000000001			1.0
5812.1			1.0
5813.0			1.0
5813.9			1.0
5814.8			1.0
5815.700000000001			1.0
5816.6			1.0
5817.5			1.0
5818.4			1.0
5819.3			1.0
5820.200000000001			1.0
5821.1			1.0
5822.0			1.0
5822.9			1.0
5823.8			1.0
5824.700000000001			1.0
5825.6			1.0
5826.5			1.0
5827.4			1.0
5828.3			1.0
5829.200000000001			1.0
5830.1			1.0
5831.0			1.0
5831.9			1.0
5832.8			1.0
5833.700000000001			1.0
5834.6			1.0
5835.5			1.0
5836.4			1.0
5837.3			1.0
5838.200000000001			1.0
5839.1			1.0
5840.0			1.0
5840.9			1.0
5841.8			1.0
5842.700000000001			1.0
5843.6			1.0
5844.5			1.0
5845.4			1.0
5846.3			1.0
5847.200000000001			1.0
5848.1			1.0
5849.0			1.0
5849.9			1.0
5850.8			1.0
5851.700000000001			1.0
5852.6			1.0
5853.5			1.0
5854.4			1.0101114230098174
5855.3			0.9926586112995385
5856.200000000001			0.9306994167620597
5857.1			0.8700789947989774
5858.0			0.8796694080893188
5858.9			0.9457819354897925
5859.8			1.000370261400131
5860.700000000001			1.0
5861.6			1.0
5862.5			1.0
5863.4			1.0
5864.3			1.0
5865.200000000001			1.0
5866.1			1.0
5867.0			1.0
5867.9			1.0
5868.8			1.0
5869.700000000001			1.0
5870.6			1.0
5871.5			1.0
5872.4			1.0
5873.3			1.0
5874.200000000001			1.0
5875.1			1.0
5876.0			1.0
5876.9			1.0
5877.8			1.0
5878.700000000001			1.0
5879.6			0.9880184424168482
5880.5			0.990996033628793
5881.4			1.0066929186355325
5882.3			1.005784472474354
5883.200000000001			0.9816164389654499
5884.1			0.9572070687036259
5885.0			0.9395276125314828
5885.9			0.9034436657362825
5886.8			0.8140510867486827
5887.700000000001			0.6643338064662135
5888.6			0.48796671854433554
5889.5			0.3659960663207404
5890.4			0.37689858634594087
5891.3			0.5080622270772944
5892.200000000001			0.6551918671747005
5893.1			0.7189382559594769
5894.0			0.6602780490986128
5894.9			0.5233964905263934
5895.8			0.4452501626642775
5896.700000000001			0.5341878552895392
5897.6			0.7293853729030504
5898.5			0.8937683790198742
5899.4			0.993311437148378
5900.3			1.0
5901.200000000001			1.0
5902.1			1.0
5903.0			1.0
5903.9			1.0
5904.8			1.0
5905.700000000001			1.0
5906.6			1.0
5907.5			1.0
5908.4			1.0
5909.3			1.0
5910.200000000001			1.0
5911.1			1.0
5912.0			1.0
5912.9			1.0
5913.8			1.0
5914.700000000001			1.0
5915.6			1.0
5916.5			1.0
5917.4			1.0
5918.3			1.0
5919.200000000001			1.0
5920.1			1.0
5921.0			1.0
5921.9			1.0
5922.8			1.0
5923.700000000001			1.0
5924.6			1.0
5925.5			1.0
5926.4			1.0
5927.3			1.0
5928.200000000001			1.0
5929.1			1.0
5930.0			1.0
5930.9			1.0
5931.8			1.0
5932.700000000001			1.0
5933.6			1.0
5934.5			1.0
5935.4			1.0
5936.3			1.0
5937.200000000001			1.0
5938.1			1.0
5939.0			1.0
5939.9			1.0
5940.8			1.0
5941.700000000001			1.0
5942.6			1.0
5943.5			1.0
5944.4			1.0
5945.3			1.0
5946.200000000001			1.0
5947.1			1.0
5948.0			1.0
5948.9			1.0
5949.8			1.0
5950.700000000001			1.0
5951.6			1.0
5952.5			1.0
5953.4			1.0
5954.3			1.0
5955.200000000001			1.0
5956.1			1.0
5957.0			1.0
5957.9			1.0
5958.8			1.0
5959.700000000001			1.0
5960.6			1.0
5961.5			1.0
5962.4			1.0
5963.3			1.0
5964.200000000001			1.0
5965.1			1.0
5966.0			1.0
5966.9			1.0
5967.8			1.0
5968.700000000001			1.0
5969.6			1.0
5970.5			1.0
5971.4			1.0
5972.3			1.0
5973.200000000001			1.0
5974.1			1.0
5975.0			1.0
5975.9			1.0
5976.8			1.0
5977.700000000001			1.0
5978.6			1.0
5979.5			1.0
5980.4			1.0170315306633118
5981.3			1.0191387157014213
5982.200000000001			1.004722986392185
5983.1			0.9746045074228995
5984.0			0.9479136439855492
5984.9			0.9464888982392472
5985.8			0.9651184739561841
5986.700000000001			0.9795070080536943
5987.6			0.9837314632336083
5988.5			0.9910606229581205
5989.4			0.9994505471345464
5990.3			1.0
5991.200000000001			1.0
5992.1			1.0
5993.0			1.0
5993.9			1.0
5994.8			1.0
5995.700000000001			1.0
5996.6			1.0
5997.5			1.0
5998.4			1.0
5999.3			1.0
6000.200000000001			1.0
6001.1			1.0
6002.0			1.0
6002.9			1.0
6003.8			1.0
6004.700000000001			1.0
6005.6			1.0016695800720476
6006.5			0.9819163390914424
6007.4			1.0
6008.3			0.9773156735363121
6009.200000000001			1.0003814511034383
6010.1			1.042765579423157
6011.0			1.0546832537780177
6011.9			1.0286554802776633
6012.8			0.9946106599426825
6013.700000000001			0.9869150882343293
6014.6			0.9999187038106878
6015.5			0.9963494586079761
6016.4			0.9754401376938546
6017.3			0.9765782380192807
6018.200000000001			0.9951049650561551
6019.1			0.9891864784385194
6020.0			0.9578723702297497
6020.9			0.9359302564420472
6021.8			0.9377088207841224
6022.700000000001			0.9484987728853814
6023.6			0.9520105177767479
6024.5			0.9619157726516692
6025.4			0.9816726819797079
6026.3			0.990836617488854
6027.200000000001			0.9905201200235039
6028.1			0.9975592948993085
6029.0			1.0042258055654303
6029.9			1.0009066449037354
6030.8			0.9953755712400794
6031.700000000001			0.9982137747721089
6032.6			1.0010418957211609
6033.5			0.9991074419783098
6034.4			1.0
6035.3			1.0
6036.200000000001			1.0
6037.1			1.0
6038.0			1.0
6038.9			1.0
6039.8			1.0
6040.700000000001			1.0
6041.6			1.0
6042.5			1.0
6043.4			1.0
6044.3			1.0
6045.200000000001			1.0
6046.1			1.0
6047.0			1.0
6047.9			1.0
6048.8			1.0
6049.700000000001			1.0
6050.6			1.0
6051.5			1.0
6052.4			1.0
6053.3			1.0
6054.200000000001			1.0
6055.1			1.0
6056.0			1.0
6056.9			1.0
6057.8			1.0
6058.700000000001			1.0
6059.6			1.0
6060.5			1.0
6061.4			1.0
6062.3			0.9840604319977843
6063.200000000001			0.9641197480159092
6064.1			0.9343021897598084
6065.0			0.9074020610534963
6065.9			0.9190017987035695
6066.8			0.9643563686177526
6067.700000000001			0.9997193675638133
6068.6			1.0
6069.5			1.0
6070.4			1.0
6071.3			1.0
6072.200000000001			1.0
6073.1			1.0
6074.0			1.0
6074.9			1.0
6075.8			1.0
6076.700000000001			1.0
6077.6			1.0
6078.5			1.0
6079.4			1.0
6080.3			1.0
6081.200000000001			1.0
6082.1			1.0
6083.0			1.0
6083.9			1.0
6084.8			1.0
6085.700000000001			1.0
6086.6			1.0
6087.5			1.0
6088.4			1.0
6089.3			1.0
6090.200000000001			1.0
6091.1			1.0
6092.0			1.0
6092.9			1.0
6093.8			1.0
6094.700000000001			1.0
6095.6			1.0
6096.5			1.0
6097.4			1.0
6098.3			1.0
6099.200000000001			1.0
6100.1			0.9895298852787164
6101.0			0.9223281320756056
6101.9			0.813840480724345
6102.8			0.7671191696428858
6103.700000000001			0.8401737810043314
6104.6			0.9481937731480206
6105.5			0.998693695082028
6106.4			1.0
6107.3			1.0
6108.200000000001			1.0
6109.1			1.0
6110.0			1.0
6110.9			1.0
6111.8			1.0
6112.700000000001			1.0
6113.6			1.0
6114.5			1.0
6115.4			1.0
6116.3			1.0
6117.200000000001			1.0
6118.1			1.0
6119.0			0.9844291511022776
6119.9			0.9346435118868421
6120.8			0.8412684343767232
6121.700000000001			0.7453904686377163
6122.6			0.7520825331992017
6123.5			0.8768647920115261
6124.4			0.9957358575003082
6125.3			1.0
6126.200000000001			1.0
6127.1			1.0
6128.0			1.0
6128.9			1.0
6129.8			1.0
6130.700000000001			1.0
6131.6			1.0
6132.5			1.0
6133.4			1.0
6134.3			0.968562446524508
6135.200000000001			0.90235247752589
6136.1			0.8186071776363099
6137.0			0.7794722965649928
6137.9			0.8365772753261491
6138.8			0.9432274850677286
6139.700000000001			1.000682222621213
6140.6			1.0
6141.5			1.0
6142.4			1.0
6143.3			1.0
6144.200000000001			1.0
6145.1			1.0
6146.0			1.0
6146.9			1.0
6147.8			1.0
6148.700000000001			1.0
6149.6			1.0
6150.5			1.0
6151.4			1.0
6152.3			1.0
6153.200000000001			1.0
6154.1			1.0
6155.0			1.0
6155.9			1.0
6156.8			1.0
6157.700000000001			1.0
6158.6			0.9967202232064447
6159.5			0.950464863254775
6160.4			0.8251596326299899
6161.3			0.6685232833240113
6162.200000000001			0.6114033945188291
6163.1			0.7104631697203171
6164.0			0.8718491182106544
6164.9			0.9767670688753067
6165.8			1.0093745280723956
6166.700000000001			1.0
6167.6			1.0
6168.5			1.0
6169.4			1.0
6170.3			1.0
6171.200000000001			1.0
6172.1			1.0
6173.0			1.0
6173.9			1.0
6174.8			1.0
6175.700000000001			1.0
6176.6			1.0
6177.5			1.0
6178.4			1.0
6179.3			1.0
6180.200000000001			1.0
6181.1			1.0
6182.0			1.0
6182.9			1.0
6183.8			1.0
6184.700000000001			1.0
6185.6			1.0
6186.5			1.0
6187.4			1.0
6188.3			0.9987639317031788
6189.200000000001			0.9905284523167636
6190.1			0.9462637426250641
6191.0			0.8873696466471666
6191.9			0.886275492248786
6192.8			0.9472109298092622
6193.700000000001			0.9982214053460186
6194.6			1.0
6195.5			1.0
6196.4			1.0
6197.3			1.0
6198.200000000001			1.0
6199.1			1.0
6200.0			1.0
6200.9			1.0
6201.8			1.0
6202.700000000001			1.0
6203.6			1.0
6204.5			1.0
6205.4			1.0
6206.3			1.0
6207.200000000001			1.0
6208.1			1.0
6209.0			1.0
6209.9			1.0
6210.8			1.0
6211.700000000001			1.0
6212.6			1.0
6213.5			1.0
6214.4			1.0
6215.3			1.0
6216.200000000001			1.0
6217.1			1.0
6218.0			1.0
6218.9			1.0
6219.8			1.0
6220.700000000001			1.0
6221.6			1.0
6222.5			1.0
6223.4			1.0
6224.3			1.0
6225.200000000001			1.0
6226.1			1.0
6227.0			1.0029579032036766
6227.9			0.9925712965087126
6228.8			0.9573426657117278
6229.700000000001			0.8989120904546797
6230.6			0.8594052967817061
6231.5			0.8712825095364701
6232.4			0.9099384102207186
6233.3			0.952665114079297
6234.200000000001			0.9997265365355109
6235.1			1.0
6236.0			1.0071705311904606
6236.9			1.0024463614278551
6237.8			0.98991709209968
6238.700000000001			0.9643222819088625
6239.6			0.9384563651310907
6240.5			0.9359966939645566
6241.4			0.9396461417067576
6242.3			0.9177286185652208
6243.200000000001			0.9052205483832838
6244.1			0.9311615203694731
6245.0			0.9455331036921073
6245.9			0.9324479147101836
6246.8			0.9457131965978205
6247.700000000001			1.0
6248.6			1.0239072864998213
6249.5			1.021975185619084
6250.4			1.0013702991148516
6251.3			0.9503000689345324
6252.200000000001			0.8986854772143071
6253.1			0.8961287903617194
6254.0			0.9298800386268017
6254.9			0.9535913888541022
6255.8			0.9421005019585112
6256.700000000001			0.9044207303635637
6257.6			0.8637630583530301
6258.5			0.8554857476283578
6259.4			0.8925247262600251
6260.3			0.9291108293593618
6261.200000000001			0.9483481800580904
6262.1			0.9819707700252375
6263.0			1.0141086525040532
6263.9			1.0043052514805906
6264.8			0.9720232162050413
6265.700000000001			0.9648525838330549
6266.6			0.9906103299678648
6267.5			1.0067542838731403
6268.4			1.000017681246508
6269.3			1.0
6270.200000000001			1.0
6271.1			1.0
6272.0			1.0
6272.9			1.0
6273.8			1.0
6274.700000000001			1.0
6275.6			1.0
6276.5			1.0
6277.4			1.0
6278.3			1.0
6279.200000000001			1.0
6280.1			1.0
6281.0			1.0
6281.9			1.0
6282.8			1.0
6283.700000000001			1.0
6284.6			1.0
6285.5			1.0
6286.4			1.0
6287.3			1.0
6288.200000000001			1.0
6289.1			1.0
6290.0			1.0
6290.9			1.0
6291.8			1.0
6292.700000000001			1.0
6293.6			1.0
6294.5			1.0
6295.4			1.0
6296.3			1.0
6297.200000000001			1.0
6298.1			1.017348802084455
6299.0			1.038281035637815
6299.9			1.02603979783715
6300.8			0.9734155065927559
6301.700000000001			0.9319347322758386
6302.6			0.9500373720100994
6303.5			0.9938836345909229
6304.4			1.0071369938467734
6305.3			0.9964477115550008
6306.200000000001			1.0
6307.1			1.0
6308.0			1.0
6308.9			1.0
6309.8			1.0
6310.700000000001			1.0
6311.6			1.0
6312.5			1.0058356197236977
6313.4			1.0066757470333023
6314.3			0.9882973621612777
6315.200000000001			0.9759534028259693
6316.1			0.980237928667384
6317.0			0.9673929113701496
6317.9			0.9397500754267456
6318.8			0.9475373006869742
6319.700000000001			0.9902836115793355
6320.6			1.0170968345766316
6321.5			1.0071060320045104
6322.4			0.9912771761690766
6323.3			0.999808415052284
6324.200000000001			1.0
6325.1			1.0
6326.0			1.0
6326.9			1.0
6327.8			1.0
6328.700000000001			1.0
6329.6			1.0
6330.5			1.0
6331.4			1.0
6332.3			1.0
6333.200000000001			1.0026717406128727
6334.1			0.9628827545847733
6335.0			0.905684170167582
6335.9			0.8774673055178419
6336.8			0.9045813776268543
6337.700000000001			0.959319065929125
6338.6			0.9987522408901022
6339.5			1.0
6340.4			1.0
6341.3			1.0
6342.200000000001			1.0
6343.1			1.0
6344.0			1.0
6344.9			1.0
6345.8			1.0
6346.700000000001			1.0
6347.6			1.0
6348.5			1.0
6349.4			1.0
6350.3			1.0
6351.200000000001			1.0
6352.1			1.0
6353.0			1.0
6353.9			1.0
6354.8			1.0
6355.700000000001			1.0062533776029823
6356.6			1.0120575531978349
6357.5			0.9939919727379217
6358.4			0.9666306895988147
6359.3			0.9580927825689863
6360.200000000001			0.9616818063597615
6361.1			0.9543464570540682
6362.0			0.9384646582291842
6362.9			0.9383110927644669
6363.8			0.9608366255078158
6364.700000000001			0.9817606800240913
6365.6			0.9857569364130837
6366.5			0.9855682184195286
6367.4			0.9911539045832752
6368.3			1.0003081827923177
6369.200000000001			1.0
6370.1			1.0
6371.0			1.0
6371.9			1.0
6372.8			1.0
6373.700000000001			1.0
6374.6			1.0
6375.5			1.0
6376.4			1.0
6377.3			1.0
6378.200000000001			1.0
6379.1			1.0
6380.0			1.0
6380.9			1.0
6381.8			1.0
6382.700000000001			1.0
6383.6			1.0
6384.5			1.0
6385.4			1.0
6386.3			1.0
6387.200000000001			1.0
6388.1			1.0
6389.0			1.0
6389.9			1.0
6390.8			1.0
6391.700000000001			1.0
6392.6			1.0
6393.5			1.0
6394.4			1.0
6395.3			1.0
6396.200000000001			1.0
6397.1			1.0025725897374278
6398.0			0.9693350421941757
6398.9			0.8919102534299252
6399.8			0.8342901224697031
6400.700000000001			0.8676668557560336
6401.6			0.9493574764569735
6402.5			0.999620589230605
6403.4			1.0
6404.3			1.0
6405.200000000001			1.0
6406.1			1.0
6407.0			1.0
6407.9			1.0
6408.8			1.0166259511009406
6409.700000000001			1.0228884520259154
6410.6			0.9794301767830219
6411.5			0.9385349491968435
6412.4			0.9515725580630957
6413.3			0.9850474739624276
6414.200000000001			0.999130561215384
6415.1			1.0
6416.0			1.0
6416.9			1.0
6417.8			1.0
6418.700000000001			1.0
6419.6			1.0
6420.5			1.0
6421.4			1.0
6422.3			1.0
6423.200000000001			1.0
6424.1			1.0
6425.0			1.0
6425.9			1.0
6426.8			1.0
6427.700000000001			1.0
6428.6			1.0
6429.5			1.0
6430.4			1.0
6431.3			1.0
6432.200000000001			1.0
6433.1			1.0
6434.0			1.0
6434.9			1.0
6435.8			1.0056137266910123
6436.700000000001			0.9851269873392934
6437.6			0.9120538953900247
6438.5			0.829115353966808
6439.4			0.8330068923884314
6440.3			0.922502690370415
6441.200000000001			1.0010819788867202
6442.1			1.0
6443.0			1.0
6443.9			1.0
6444.8			1.0
6445.700000000001			1.0
6446.6			1.0053105330829284
6447.5			0.9891189964582285
6448.4			0.9302970164083101
6449.3			0.8689815212216937
6450.200000000001			0.8769169493577523
6451.1			0.9446551917507906
6452.0			1.0025525253044085
6452.9			1.0
6453.8			1.0
6454.700000000001			1.0
6455.6			1.0
6456.5			1.0
6457.4			1.0
6458.3			1.0
6459.200000000001			1.0
6460.1			0.9801639370814859
6461.0			0.9104753459471133
6461.9			0.8246754951497022
6462.8			0.8109556769100568
6463.700000000001			0.8835819623355239
6464.6			0.963019459390238
6465.5			1.001764319132933
6466.4			1.0
6467.3			1.0
6468.200000000001			1.0
6469.1			1.0
6470.0			1.0
6470.9			1.0
6471.8			1.0
6472.700000000001			1.0
6473.6			1.0
6474.5			1.0
6475.4			1.0
6476.3			1.0
6477.200000000001			1.0
6478.1			1.0
6479.0			1.0
6479.9			1.0
6480.8			1.0
6481.700000000001			1.0
6482.6			1.0
6483.5			1.0
6484.4			1.0
6485.3			1.0
6486.200000000001			1.0
6487.1			1.0
6488.0			1.0
6488.9			1.0
6489.8			1.0
6490.700000000001			1.0026896483006114
6491.6			0.9883329520915821
6492.5			0.9284082258293437
6493.4			0.8366277771272148
6494.3			0.7865035683803137
6495.200000000001			0.8204411089037371
6496.1			0.9019955510520067
6497.0			0.9714209211772789
6497.9			0.9981751158656474
6498.8			1.0
6499.700000000001			1.0
6500.6			1.0
6501.5			1.0
6502.4			1.0
6503.3			1.0
6504.200000000001			1.0
6505.1			1.0
6506.0			1.0
6506.9			1.0
6507.8			1.0
6508.700000000001			1.0
6509.6			1.0
6510.5			1.0
6511.4			1.0
6512.3			1.0
6513.200000000001			1.0
6514.1			1.0
6515.0			1.0
6515.9			1.0
6516.8			1.0
6517.700000000001			1.0
6518.6			1.0
6519.5			1.0
6520.4			1.0
6521.3			1.0
6522.200000000001			1.0
6523.1			1.0
6524.0			1.0
6524.9			1.0
6525.8			1.0
6526.700000000001			1.0
6527.6			1.0
6528.5			1.0
6529.4			1.0
6530.3			1.0
6531.200000000001			1.0
6532.1			1.0
6533.0			1.0
6533.9			1.0
6534.8			1.0
6535.700000000001			1.0
6536.6			1.0
6537.5			1.0
6538.4			1.0
6539.3			1.0
6540.200000000001			1.0
6541.1			1.0
6542.0			1.0
6542.9			1.0
6543.8			1.0
6544.700000000001			1.0
6545.6			1.0
6546.5			1.0
6547.4			1.0
6548.3			1.0
6549.200000000001			1.0
6550.1			1.0
6551.0			1.0
6551.9			1.0
6552.8			1.0
6553.700000000001			1.0
6554.6			1.0
6555.5			1.0
6556.4			1.0
6557.3			1.0
6558.200000000001			1.0
6559.1			1.0
6560.0			0.9870349555766231
6560.9			0.9142828109210208
6561.8			0.7934067100657832
6562.700000000001			0.736875109343003
6563.6			0.8161467900482251
6564.5			0.939498849747178
6565.4			1.001384515694263
6566.3			1.0
6567.200000000001			1.0
6568.1			1.0
6569.0			1.0
6569.9			1.0
6570.8			1.0
6571.700000000001			1.0
6572.6			1.0
6573.5			1.0
6574.4			1.0
6575.3			1.0
6576.200000000001			1.0
6577.1			1.0
6578.0			1.0
6578.9			1.0
6579.8			1.0
6580.700000000001			1.0
6581.6			1.0
6582.5			1.0
6583.4			1.0
6584.3			1.0
6585.200000000001			1.0
6586.1			1.0
6587.0			1.0
6587.9			1.0
6588.8			1.0
6589.700000000001			1.0
6590.6			0.9856851267024466
6591.5			0.9381301141888031
6592.4			0.8783748842561254
6593.3			0.8643607785030191
6594.200000000001			0.9139133334697497
6595.1			0.9756221024271492
6596.0			1.0005797576246211
6596.9			1.0
6597.8			1.0
6598.700000000001			1.0
6599.6			1.0
6600.5			1.0
6601.4			1.0
6602.3			1.0
6603.200000000001			1.0
6604.1			1.0
6605.0			1.0
6605.9			1.0
6606.8			1.0
6607.700000000001			1.0
6608.6			1.0
6609.5			1.0
6610.4			1.0
6611.3			1.0
6612.200000000001			1.0
6613.1			1.0
6614.0			1.0
6614.9			1.0
6615.8			1.0
6616.700000000001			1.0
6617.6			1.0
6618.5			1.0
6619.4			1.0
6620.3			1.0
6621.200000000001			1.0
6622.1			1.0
6623.0			1.0
6623.9			1.0
6624.8			1.0
6625.700000000001			1.0
6626.6			1.0
6627.5			1.0
6628.4			1.0
6629.3			1.0
6630.200000000001			1.0
6631.1			1.0
6632.0			1.0
6632.9			1.0
6633.8			1.0
6634.700000000001			1.0
6635.6			1.0
6636.5			1.0
6637.4			1.0
6638.3			1.0
6639.200000000001			1.0
6640.1			1.0
6641.0			1.0
6641.9			1.0
6642.8			1.0
6643.700000000001			1.0
6644.6			1.0
6645.5			1.0
6646.4			1.0
6647.3			1.0
6648.200000000001			1.0
6649.1			1.0
6650.0			1.0
6650.9			1.0
6651.8			1.0
6652.700000000001			1.0
6653.6			1.0
6654.5			1.0
6655.4			1.0
6656.3			1.0
6657.200000000001			1.0
6658.1			1.0
6659.0			1.0
6659.9			1.0
6660.8			1.0
6661.700000000001			1.0
6662.6			1.0
6663.5			1.0
6664.4			1.0
6665.3			1.0
6666.200000000001			1.0
6667.1			1.0
6668.0			1.0
6668.9			1.0
6669.8			1.0
6670.700000000001			1.0
6671.6			1.0
6672.5			1.0
6673.4			1.0
6674.3			1.0
6675.200000000001			1.0
6676.1			0.9712667761940049
6677.0			0.9193401724521801
6677.9			0.8977793146256056
6678.8			0.9393360397236212
6679.700000000001			0.995384363363388
6680.6			1.0
6681.5			1.0
6682.4			1.0
6683.3			1.0
6684.200000000001			1.0
6685.1			1.0
6686.0			1.0
6686.9			1.0
6687.8			1.0
6688.700000000001			1.0
6689.6			1.0
6690.5			1.0
6691.4			1.0
6692.3			1.0
6693.200000000001			1.0
6694.1			1.0
6695.0			1.0
6695.9			1.0
6696.8			1.0
6697.700000000001			1.0
6698.6			1.0
6699.5			1.0
6700.4			1.0052121397698577
6701.3			1.0038016508074592
6702.200000000001			0.9970419296423995
6703.1			0.9859137204280981
6704.0			0.9793165036196818
6704.9			0.9863732311561018
6705.8			1.0010245938839826
6706.700000000001			1.0090292989138279
6707.6			1.0070898992366408
6708.5			1.000685602162399
6709.4			0.9922318897332356
6710.3			0.9865941794894504
6711.200000000001			0.9874459819954249
6712.1			0.9898809710415487
6713.0			0.9896917446091329
6713.9			0.986719487772685
6714.8			0.9776254198614507
6715.700000000001			0.9483563917140337
6716.6			0.9038255889066674
6717.5			0.8882241450431141
6718.4			0.9287598767632047
6719.3			0.9831533085946227
6720.200000000001			1.003502508713672
6721.1			0.9994914162501758
6722.0			0.9971642577528519
6722.9			0.9988926630303337
6723.8			0.997568218046529
6724.700000000001			0.9906520682934387
6725.6			0.9818163441896938
6726.5			0.9798549119181947
6727.4			0.9868086818286825
6728.3			0.9979093007034605
6729.200000000001			1.0049182594377606
6730.1			1.0018377100071438
6731.0			0.9915362708672077
6731.9			0.9838544378485494
6732.8			0.9846831679091489
6733.700000000001			0.9911640289401414
6734.6			0.9955924503745083
6735.5			0.9977680923440367
6736.4			0.9979688737780281
6737.3			0.9916553007728159
6738.200000000001			0.9837396373430464
6739.1			0.9849261372543472
6740.0			0.9931616984208086
6740.9			0.9927640382412823
6741.8			0.9760252011051385
6742.700000000001			0.9600011525335438
6743.6			0.9643696468299852
6744.5			0.9780561143094576
6745.4			0.9830925111466584
6746.3			0.98751693666868
6747.200000000001			0.9962247037726175
6748.1			0.9914142553269281
6749.0			0.9673491363231502
6749.9			0.95017085672611
6750.8			0.9568021220442535
6751.700000000001			0.9672921990066969
6752.6			0.9679254266783905
6753.5			0.971059183434196
6754.4			0.9787265682803586
6755.3			0.9834130311647712
6756.200000000001			0.9885641794017646
6757.1			0.995909406369807
6758.0			0.9998894528977751
6758.9			1.0
6759.8			1.0
6760.700000000001			1.0
6761.6			1.0
6762.5			1.0
6763.4			1.0
6764.3			1.0
6765.200000000001			1.0
6766.1			1.0
6767.0			1.0
6767.9			1.0
6768.8			1.0
6769.700000000001			1.0
6770.6			1.0
6771.5			1.0
6772.4			1.0
6773.3			1.0
6774.200000000001			1.0
6775.1			1.0
6776.0			1.0
6776.9			1.0
6777.8			1.0
6778.700000000001			1.0
6779.6			1.0
6780.5			1.0
6781.4			1.0
6782.3			1.0
6783.200000000001			1.0
6784.1			1.0
6785.0			1.0
6785.9			1.0
6786.8			1.0
6787.700000000001			1.0
6788.6			1.0
6789.5			1.0
6790.4			1.0
6791.3			1.0
6792.200000000001			1.0
6793.1			1.0
6794.0			1.0
6794.9			1.0
6795.8			1.0
6796.700000000001			1.0
6797.6			1.0
6798.5			1.0
6799.4			1.0
6800.3			1.0
6801.200000000001			1.0
6802.1			1.0
6803.0			1.0
6803.9			1.0
6804.8			1.0
6805.700000000001			1.0
6806.6			1.0
6807.5			1.0
6808.4			1.0
6809.3			1.0
6810.200000000001			1.0
6811.1			1.0
6812.0			1.0
6812.9			1.0
6813.8			1.0
6814.700000000001			1.0
6815.6			1.0
6816.5			1.0
6817.4			1.0
6818.3			1.0
6819.200000000001			1.0
6820.1			1.0
6821.0			1.0
6821.9			1.0
6822.8			1.0
6823.700000000001			1.0
6824.6			1.0
6825.5			1.0
6826.4			1.0
6827.3			1.0
6828.200000000001			1.0
6829.1			1.0
6830.0			1.0
6830.9			1.0
6831.8			1.0
6832.700000000001			1.0
6833.6			1.0
6834.5			1.0
6835.4			1.0
6836.3			1.0
6837.200000000001			1.0
6838.1			1.0
6839.0			1.0
6839.9			1.0
6840.8			1.0
6841.700000000001			1.0
6842.6			1.0
6843.5			1.0
6844.4			1.0
6845.3			1.0
6846.200000000001			1.0
6847.1			1.0
6848.0			1.0
6848.9			1.0
6849.8			1.0
6850.700000000001			1.0
6851.6			1.0
6852.5			1.0
6853.4			1.0
6854.3			1.0
6855.200000000001			1.0
6856.1			1.0
6857.0			1.0
6857.9			1.0
6858.8			1.0
6859.700000000001			1.0
6860.6			1.0
6861.5			1.0
6862.4			1.0
6863.3			1.0
6864.200000000001			1.0
6865.1			1.0
6866.0			1.0
6866.9			1.0
6867.8			1.0
6868.700000000001			1.0
6869.6			1.0
6870.5			1.0
6871.4			1.0
6872.3			1.0
6873.200000000001			1.0
6874.1			1.0
6875.0			1.0
6875.9			1.010572188705512
6876.8			1.0203317935700966
6877.700000000001			1.023009877128568
6878.6			1.0186788221661405
6879.5			1.0071846293772946
6880.4			0.985187687605911
6881.3			0.9550964760903995
6882.200000000001			0.9366722945958721
6883.1			0.9536442066185754
6884.0			0.982989150913425
6884.9			0.9812836129237996
6885.8			0.9712332078594904
6886.700000000001			0.990706776200123
6887.6			1.0077690087759716
6888.5			1.0000264929057783
6889.4			1.0
6890.3			1.0
6891.200000000001			1.0
6892.1			1.0
6893.0			1.0
6893.9			1.0
6894.8			1.0
6895.700000000001			1.0
6896.6			1.0
6897.5			1.0
6898.4			1.0
6899.3			1.0
6900.200000000001			1.0
6901.1			1.0
6902.0			1.0
6902.9			1.0
6903.8			1.0
6904.700000000001			1.0
6905.6			1.0093845524137506
6906.5			1.0172061587984709
6907.4			1.015142317503597
6908.3			1.0095299155906516
6909.200000000001			1.008929798155623
6910.1			1.0062006125559029
6911.0			0.9937300462306808
6911.9			0.9745204656959022
6912.8			0.9568105075395845
6913.700000000001			0.9514256902012762
6914.6			0.957341686444352
6915.5			0.9589831447883198
6916.4			0.9536495749544446
6917.3			0.9515840001125416
6918.200000000001			0.953052747905484
6919.1			0.960192986634002
6920.0			0.9799535418614483
6920.9			0.999487434761633
6921.8			0.9989151675896825
6922.700000000001			0.9759711036942377
6923.6			0.947770539728113
6924.5			0.9409688852892317
6925.4			0.9637793299903379
6926.3			0.9993185249761835
6927.200000000001			1.0215363245809335
6928.1			1.023221041217002
6929.0			1.0187511184153097
6929.9			1.019575713881944
6930.8			1.0224894362883135
6931.700000000001			1.0202435131871919
6932.6			1.014171999705333
6933.5			1.012105690071699
6934.4			1.0139110223824779
6935.3			1.011488705045255
6936.200000000001			1.008209245992225
6937.1			1.0098873058144586
6938.0			1.0092779815623494
6938.9			1.003678364805835
6939.8			1.004369581371862
6940.700000000001			1.0152323603280085
6941.6			1.023053328612962
6942.5			1.0148140390400435
6943.4			0.9922895219665321
6944.3			0.9722171735106946
6945.200000000001			0.9724958666425644
6946.1			0.9902536467800133
6947.0			1.0085788624235876
6947.9			1.0202589947020877
6948.8			1.0253062709856453
6949.700000000001			1.0204386996738155
6950.6			1.0097923901123198
6951.5			1.005420606716021
6952.4			1.0071116517808487
6953.3			1.0076938653324385
6954.200000000001			1.007060340782095
6955.1			1.006352630304565
6956.0			1.0072481562089082
6956.9			1.011997151425026
6957.8			1.0165931031944997
6958.700000000001			1.0149612525676501
6959.6			1.0109902478699166
6960.5			1.0129663348028655
6961.4			1.019857570566159
6962.3			1.0211527499347381
6963.200000000001			1.0137627082765313
6964.1			1.0051515500472032
6965.0			0.9990841232247083
6965.9			0.9977225241140825
6966.8			1.0041693545549948
6967.700000000001			1.0113670579040583
6968.6			1.0083281321988953
6969.5			0.9999854809536055
6970.4			0.9949774740653816
6971.3			0.9924118203431195
6972.200000000001			0.9891006904954478
6973.1			0.9862637882491221
6974.0			0.9862813238370712
6974.9			0.9846942029542962
6975.8			0.970355809050826
6976.700000000001			0.9333643511077373
6977.6			0.8881725590272886
6978.5			0.8722363424555868
6979.4			0.9004281659454039
6980.3			0.9434856400347528
6981.200000000001			0.9735818014278023
6982.1			0.9897686310699223
6983.0			0.9989933889320751
6983.9			1.0062446225119657
6984.8			1.0103046976025543
6985.700000000001			1.0075286562923418
6986.6			0.9972461519271969
6987.5			0.9852235121117129
6988.4			0.9818029582307312
6989.3			0.988365738038184
6990.200000000001			0.9969200236968967
6991.1			1.000925813080274
6992.0			0.9999330720674756
6992.9			1.0
6993.8			1.0
6994.700000000001			1.0
6995.6			1.0
6996.5			1.0
6997.4			1.0
6998.3			1.0
6999.200000000001			1.0
7000.1			1.0
7001.0			1.0
7001.9			1.0
7002.8			1.0
7003.700000000001			1.0
7004.6			1.0
7005.5			1.0
7006.4			1.0
7007.3			1.0
7008.200000000001			1.0
7009.1			1.0
7010.0			1.0
7010.9			1.0
7011.8			1.0
7012.700000000001			1.0
7013.6			1.0
7014.5			1.0
7015.4			1.0
7016.3			1.0
7017.200000000001			1.0
7018.1			1.0
7019.0			1.0
7019.9			1.0
7020.8			1.0
7021.700000000001			1.0
7022.6			1.0
7023.5			1.0
7024.4			1.0
7025.3			1.0
7026.200000000001			1.0
7027.1			1.0
7028.0			1.0
7028.9			1.0
7029.8			1.0
7030.700000000001			1.0
7031.6			1.0
7032.5			1.0
7033.4			1.0
7034.3			1.0
7035.200000000001			1.0
7036.1			1.0
7037.0			1.0
7037.9			1.0
7038.8			1.0
7039.700000000001			1.0
7040.6			1.0
7041.5			1.0
7042.4			1.0
7043.3			1.0
7044.200000000001			1.0
7045.1			1.0
7046.0			1.0
7046.9			1.0
7047.8			1.0
7048.700000000001			1.0
7049.6			1.0
7050.5			1.0
7051.4			1.0
7052.3			1.0
7053.200000000001			1.0
7054.1			1.0
7055.0			1.0
7055.9			1.0
7056.8			1.0
7057.700000000001			1.0
7058.6			1.0
7059.5			1.0
7060.4			1.0
7061.3			1.0
7062.200000000001			1.0
7063.1			1.0
7064.0			1.0
7064.9			1.0
7065.8			1.0
7066.700000000001			1.0
7067.6			1.0
7068.5			1.0
7069.4			1.0
7070.3			1.0
7071.200000000001			1.0
7072.1			1.0
7073.0			1.0
7073.9			1.0
7074.8			1.0
7075.700000000001			1.0
7076.6			1.0
7077.5			1.0
7078.4			1.0
7079.3			1.0
7080.200000000001			1.0
7081.1			1.0
7082.0			1.0
7082.9			1.0
7083.8			1.0
7084.700000000001			1.0
7085.6			1.0
7086.5			1.0
7087.4			1.0
7088.3			1.0
7089.200000000001			1.0
7090.1			1.0
7091.0			1.0
7091.9			1.0
7092.8			1.0
7093.700000000001			1.0
7094.6			1.0
7095.5			1.0
7096.4			1.0
7097.3			1.0
7098.200000000001			1.0
7099.1			1.0
7100.0			1.0
7100.9			1.0
7101.8			1.0
7102.700000000001			1.0
7103.6			1.0
7104.5			1.0
7105.4			1.0
7106.3			1.0
7107.200000000001			1.0
7108.1			1.0
7109.0			1.0
7109.9			1.0
7110.8			1.0
7111.700000000001			1.0
7112.6			1.0
7113.5			1.0
7114.4			1.0
7115.3			1.0
7116.200000000001			1.0
7117.1			1.0
7118.0			1.0
7118.9			1.0
7119.8			1.0
7120.700000000001			1.0
7121.6			1.0
7122.5			1.0
7123.4			1.0
7124.3			1.0
7125.200000000001			1.0
7126.1			1.0
7127.0			1.0
7127.9			1.0
7128.8			1.0
7129.700000000001			1.0
7130.6			1.0
7131.5			1.0
7132.4			1.0
7133.3			1.0
7134.200000000001			1.0
7135.1			1.0
7136.0			1.0
7136.9			1.0
7137.8			1.0
7138.700000000001			1.0
7139.6			1.0
7140.5			1.0
7141.4			1.0
7142.3			1.0
7143.200000000001			1.0
7144.1			1.0
7145.0			1.0
7145.9			1.0
7146.8			1.0
7147.700000000001			1.0
7148.6			1.0
7149.5			1.0
7150.4			1.0
7151.3			1.0
7152.200000000001			1.0
7153.1			1.0
7154.0			1.0
7154.9			1.0
7155.8			1.0
7156.700000000001			1.0
7157.6			1.0
7158.5			1.0
7159.4			1.0
7160.3			1.0
7161.200000000001			1.0
7162.1			1.0
7163.0			1.0
7163.9			1.0
7164.8			1.0
7165.700000000001			1.0
7166.6			1.0
7167.5			1.0
7168.4			1.0
7169.3			1.0
7170.200000000001			1.0
7171.1			1.0
7172.0			1.0
7172.9			1.0
7173.8			1.0
7174.700000000001			1.0
7175.6			1.0
7176.5			1.0
7177.4			1.0
7178.3			1.0
7179.200000000001			1.0
7180.1			1.0
7181.0			1.0
7181.9			1.0
7182.8			1.0
7183.700000000001			1.0
7184.6			1.0
7185.5			1.0
7186.4			1.0
7187.3			1.0
7188.200000000001			1.0
7189.1			1.0
7190.0			1.0
7190.9			1.0
7191.8			1.0
7192.700000000001			1.0
7193.6			1.0
7194.5			1.0
7195.4			1.0
7196.3			1.0
7197.200000000001			1.0
7198.1			1.0
7199.0			1.0
7199.9			1.0
7200.8			1.0
7201.700000000001			1.0
7202.6			1.0
7203.5			1.0
7204.4			1.0
7205.3			1.0
7206.200000000001			1.0
7207.1			1.0
7208.0			1.0
7208.9			1.0
7209.8			1.0
7210.700000000001			1.0
7211.6			1.0
7212.5			1.0
7213.4			1.0
7214.3			1.0
7215.200000000001			1.0
7216.1			1.0
7217.0			1.0
7217.9			1.0
7218.8			1.0
7219.700000000001			1.0
7220.6			1.0
7221.5			1.0
7222.4			1.0
7223.3			1.0
7224.200000000001			1.0
7225.1			1.0
7226.0			1.0
7226.9			1.0
7227.8			1.0
7228.700000000001			1.0
7229.6			1.0
7230.5			1.0
7231.4			1.0
7232.3			1.0
7233.200000000001			1.0
7234.1			1.0
7235.0			1.0
7235.9			1.0
7236.8			1.0
7237.700000000001			1.0
7238.6			1.0
7239.5			1.0
7240.4			1.0
7241.3			1.0
7242.200000000001			1.0
7243.1			1.0
7244.0			1.0
7244.9			1.0
7245.8			1.0
7246.700000000001			1.0
7247.6			1.0
7248.5			1.0
7249.4			1.0
7250.3			1.0
7251.200000000001			1.0
7252.1			1.0
7253.0			1.0
7253.9			1.0
7254.8			1.0
7255.700000000001			1.0
7256.6			1.0
7257.5			1.0
7258.4			1.0
7259.3			1.0
7260.200000000001			1.0
7261.1			1.0
7262.0			1.0
7262.9			1.0
7263.8			1.0
7264.700000000001			1.0
7265.6			1.0
7266.5			1.0
7267.4			1.0
7268.3			1.0
7269.200000000001			1.0
7270.1			1.0
7271.0			1.0
7271.9			1.0
7272.8			1.0
7273.700000000001			1.0
7274.6			1.0
7275.5			1.0
7276.4			1.0
7277.3			1.0
7278.200000000001			1.0
7279.1			1.0
7280.0			1.0
7280.9			1.0
7281.8			1.0
7282.700000000001			1.0
7283.6			1.0
7284.5			1.0
7285.4			1.0
7286.3			1.0
7287.200000000001			1.0
7288.1			1.0
7289.0			1.0
7289.9			1.0
7290.8			1.0
7291.700000000001			1.0
7292.6			1.0
7293.5			1.0
7294.4			1.0
7295.3			1.0
7296.200000000001			1.0
7297.1			1.0
7298.0			1.0
7298.9			1.0
7299.8			1.0
7300.700000000001			1.0
7301.6			1.0
7302.5			1.0
7303.4			1.0
7304.3			1.0
7305.200000000001			1.0
7306.1			1.0
7307.0			1.0
7307.9			1.0
7308.8			1.0
7309.700000000001			1.0
7310.6			1.0
7311.5			1.0
7312.4			1.0
7313.3			1.0
7314.200000000001			1.0
7315.1			1.0
7316.0			1.0
7316.9			1.0
7317.8			1.0
7318.700000000001			1.0
7319.6			1.0
7320.5			1.0
7321.4			1.0
7322.3			1.0
7323.200000000001			1.0
7324.1			1.0
7325.0			1.0
7325.9			1.0
7326.8			1.0
7327.700000000001			1.0
7328.6			1.0
7329.5			1.0
7330.4			1.0
7331.3			1.0
7332.200000000001			1.0
7333.1			1.0
7334.0			1.0
7334.9			1.0
7335.8			1.0
7336.700000000001			1.0
7337.6			1.0
7338.5			1.0
7339.4			1.0
7340.3			1.0
7341.200000000001			1.0
7342.1			1.0
7343.0			1.0
7343.9			1.0
7344.8			1.0
7345.700000000001			1.0
7346.6			1.0
7347.5			1.0
7348.4			1.0
7349.3			1.0
7350.200000000001			1.0
7351.1			1.0
7352.0			1.0
7352.9			1.0
7353.8			1.0
7354.700000000001			1.0
7355.6			1.0
7356.5			1.0
7357.4			1.0
7358.3			1.0
7359.200000000001			1.0
7360.1			1.0
7361.0			1.0
7361.9			1.0
7362.8			1.0
7363.700000000001			1.0
7364.6			1.0
7365.5			1.0
7366.4			1.0
7367.3			1.0
7368.200000000001			1.0
7369.1			1.0
7370.0			1.0
7370.9			1.0
7371.8			1.0
7372.700000000001			1.0
7373.6			1.0
7374.5			1.0
7375.4			1.0
7376.3			1.0
7377.200000000001			1.0
7378.1			1.0
7379.0			1.0
7379.9			1.0
7380.8			1.0
7381.700000000001			1.0
7382.6			1.0
7383.5			1.0
7384.4			1.0
7385.3			1.0
7386.200000000001			1.0
7387.1			1.0
7388.0			1.0
7388.9			1.0
7389.8			1.0
7390.700000000001			1.0
7391.6			1.0
7392.5			1.0
7393.4			1.0
7394.3			1.0
7395.200000000001			1.0
7396.1			1.0
7397.0			1.0
7397.9			1.0
7398.8			1.0
7399.700000000001			1.0
7400.6			1.0
7401.5			1.0
7402.4			1.0
7403.3			1.0
7404.200000000001			1.0
7405.1			1.0
7406.0			1.0
7406.9			1.0
7407.8			1.0
7408.700000000001			1.0
7409.6			1.0
7410.5			1.0
7411.4			1.0
7412.3			1.0
7413.200000000001			1.0
7414.1			1.0
7415.0			1.0
7415.9			1.0
7416.8			1.0
7417.700000000001			1.0
7418.6			1.0
7419.5			1.0
7420.4			1.0
7421.3			1.0
7422.200000000001			1.0
7423.1			1.0
7424.0			1.0
7424.9			1.0
7425.8			1.0
7426.700000000001			1.0
7427.6			1.0
7428.5			1.0
7429.4			1.0
