3500.0			1.0
3500.9			1.0
3501.8			1.0
3502.7			1.0
3503.6			1.0
3504.5			1.0
3505.4			1.0
3506.3			1.0
3507.2			1.0
3508.1			1.0
3509.0			1.0
3509.9			1.0
3510.8			1.0
3511.7			1.0
3512.6			1.0
3513.5			1.0
3514.4			1.0
3515.3			1.0
3516.2			1.0
3517.1			1.0
3518.0			1.0
3518.9			1.0
3519.8			1.0
3520.7			1.0
3521.6			1.0
3522.5			1.0
3523.4			1.0
3524.3			1.0
3525.2			1.0
3526.1			1.0
3527.0			1.0
3527.9			1.0
3528.8			1.0
3529.7			1.0
3530.6			1.0
3531.5			1.0
3532.4			1.0
3533.3			1.0
3534.2			1.0
3535.1			1.0
3536.0			1.0
3536.9			1.0
3537.8			1.0
3538.7			1.0
3539.6			1.0
3540.5			1.0
3541.4			1.0
3542.3			1.0
3543.2			1.0
3544.1			1.0
3545.0			1.0
3545.9			1.0
3546.8			1.0
3547.7			1.0
3548.6			1.0
3549.5			1.0
3550.4			1.0
3551.3			1.0
3552.2			1.0
3553.1			1.0
3554.0			1.0
3554.9			1.0
3555.8			1.0
3556.7			1.0
3557.6			1.0
3558.5			1.0
3559.4			1.0
3560.3			1.0
3561.2			1.0
3562.1			1.0
3563.0			1.0
3563.9			1.0
3564.8			1.0
3565.7			1.0
3566.6			1.0
3567.5			1.0
3568.4			1.0
3569.3			1.0
3570.2			1.0
3571.1			1.0
3572.0			1.0
3572.9			1.0
3573.8			1.0
3574.7			1.0
3575.6			1.0
3576.5			1.0
3577.4			1.0
3578.3			1.0
3579.2			1.0
3580.1			1.0
3581.0			1.0
3581.9			1.0
3582.8			1.0
3583.7			1.0
3584.6			1.0
3585.5			1.0
3586.4			1.0
3587.3			1.0
3588.2			1.0
3589.1			1.0
3590.0			1.0
3590.9			1.0
3591.8			1.0
3592.7			1.0
3593.6			1.0
3594.5			1.0
3595.4			1.0
3596.3			1.0
3597.2			1.0
3598.1			1.0
3599.0			1.0
3599.9			1.0
3600.8			1.0
3601.7			1.0
3602.6			1.0
3603.5			1.0
3604.4			1.0
3605.3			1.0
3606.2			1.0
3607.1			1.0
3608.0			1.0
3608.9			1.0
3609.8			1.0
3610.7			1.0
3611.6			1.0
3612.5			1.0
3613.4			1.0
3614.3			1.0
3615.2			1.0
3616.1			1.0
3617.0			1.0
3617.9			1.0
3618.8			1.0
3619.7			1.0
3620.6			1.0
3621.5			1.0
3622.4			1.0
3623.3			1.0
3624.2			1.0
3625.1			1.0
3626.0			1.0
3626.9			1.0
3627.8			1.0
3628.7			1.0
3629.6			1.0
3630.5			1.0
3631.4			1.0
3632.3			1.0
3633.2			1.0
3634.1			1.0
3635.0			1.0
3635.9			1.0
3636.8			1.0
3637.7			1.0
3638.6			1.0
3639.5			1.0
3640.4			1.0
3641.3			1.0
3642.2			1.0
3643.1			1.0
3644.0			1.0
3644.9			1.0
3645.8			1.0
3646.7			1.0
3647.6			1.0
3648.5			1.0
3649.4			1.0
3650.3			1.0
3651.2			1.0
3652.1			1.0
3653.0			1.0
3653.9			1.0
3654.8			1.0
3655.7			1.0
3656.6			1.0
3657.5			1.0
3658.4			1.0
3659.3			1.0
3660.2			1.0
3661.1			1.0
3662.0			1.0
3662.9			1.0
3663.8			1.0
3664.7			1.0
3665.6			1.0
3666.5			1.0
3667.4			1.0
3668.3			1.0
3669.2			1.0
3670.1			1.0
3671.0			1.0
3671.9			1.0
3672.8			1.0
3673.7			1.0
3674.6			1.0
3675.5			1.0
3676.4			1.0
3677.3			1.0
3678.2			1.0
3679.1			1.0
3680.0			1.0
3680.9			1.0
3681.8			1.0
3682.7			1.0
3683.6			1.0
3684.5			1.0
3685.4			1.0
3686.3			1.0
3687.2			1.0
3688.1			1.0
3689.0			1.0
3689.9			1.0
3690.8			1.0
3691.7			1.0
3692.6			1.0
3693.5			1.0
3694.4			1.0
3695.3			1.0
3696.2			1.0
3697.1			1.0
3698.0			1.0
3698.9			1.0
3699.8			1.0
3700.7			1.0
3701.6			1.0
3702.5			1.0
3703.4			1.0
3704.3			1.0
3705.2			1.0
3706.1			1.0
3707.0			1.0
3707.9			1.0
3708.8			1.0
3709.7			1.0
3710.6			1.0
3711.5			1.0
3712.4			1.0
3713.3			1.0
3714.2			1.0
3715.1			1.0
3716.0			1.0
3716.9			1.0
3717.8			1.0
3718.7			1.0
3719.6			1.0
3720.5			1.0
3721.4			1.0
3722.3			1.0
3723.2			1.0
3724.1			1.0
3725.0			1.0
3725.9			1.0
3726.8			1.0
3727.7			1.0
3728.6			1.0
3729.5			1.0
3730.4			1.0
3731.3			1.0
3732.2			1.0
3733.1			1.0
3734.0			1.0
3734.9			1.0
3735.8			1.0
3736.7			1.0
3737.6			1.0
3738.5			1.0
3739.4			1.0
3740.3			1.0
3741.2			1.0
3742.1			1.0
3743.0			1.0
3743.9			1.0
3744.8			1.0
3745.7			1.0
3746.6			1.0
3747.5			1.0
3748.4			1.0
3749.3			1.0
3750.2			1.0
3751.1			1.0
3752.0			1.0
3752.9			1.0
3753.8			1.0
3754.7			1.0
3755.6			1.0
3756.5			1.0
3757.4			1.0
3758.3			1.0
3759.2			1.0
3760.1			1.0
3761.0			1.0
3761.9			1.0
3762.8			1.0
3763.7			1.0
3764.6			1.0
3765.5			1.0
3766.4			1.0
3767.3			1.0
3768.2			1.0
3769.1			1.0
3770.0			1.0
3770.9			1.0
3771.8			1.0
3772.7			1.0
3773.6			1.0
3774.5			1.0
3775.4			1.0
3776.3			1.0
3777.2			1.0
3778.1			1.0
3779.0			1.0
3779.9			1.0
3780.8			1.0
3781.7			1.0
3782.6			1.0
3783.5			1.0
3784.4			1.0
3785.3			1.0
3786.2			1.0
3787.1			1.0
3788.0			1.0
3788.9			1.0
3789.8			1.0
3790.7			1.0
3791.6			1.0
3792.5			1.0
3793.4			1.0
3794.3			1.0
3795.2			1.0
3796.1			1.0
3797.0			1.0
3797.9			1.0
3798.8			1.0
3799.7			1.0
3800.6			1.0
3801.5			1.0
3802.4			1.0
3803.3			1.0
3804.2			1.0
3805.1			1.0
3806.0			1.0
3806.9			1.0
3807.8			1.0
3808.7			1.0
3809.6			1.0
3810.5			1.0
3811.4			1.0
3812.3			1.0
3813.2			1.0
3814.1			1.0
3815.0			1.0
3815.9			1.0
3816.8			1.0
3817.7			1.0
3818.6			1.0
3819.5			1.0
3820.4			1.0
3821.3			1.0
3822.2			1.0
3823.1			1.0
3824.0			1.0
3824.9			1.0
3825.8			1.0
3826.7			1.0
3827.6			1.0
3828.5			1.0
3829.4			1.0
3830.3			1.0
3831.2			1.0
3832.1			1.0
3833.0			1.0
3833.9			1.0
3834.8			1.0
3835.7			1.0
3836.6			1.0
3837.5			1.0
3838.4			1.0
3839.3			1.0
3840.2			1.0
3841.1			1.0
3842.0			1.0
3842.9			1.0
3843.8			1.0
3844.7			1.0
3845.6			1.0
3846.5			1.0
3847.4			1.0
3848.3			1.0
3849.2			1.0
3850.1			1.0
3851.0			1.0
3851.9			1.0
3852.8			1.0
3853.7			1.0
3854.6			1.0
3855.5			1.0
3856.4			1.0
3857.3			1.0
3858.2			1.0
3859.1			1.0
3860.0			1.0
3860.9			1.0
3861.8			1.0
3862.7			1.0
3863.6			1.0
3864.5			1.0
3865.4			1.0
3866.3			1.0
3867.2			1.0
3868.1			1.0
3869.0			1.0
3869.9			1.0
3870.8			1.0
3871.7			1.0
3872.6			1.0
3873.5			1.0
3874.4			1.0
3875.3			1.0
3876.2			1.0
3877.1			1.0
3878.0			1.0
3878.9			1.0
3879.8			1.0
3880.7			1.0
3881.6			1.0
3882.5			1.0
3883.4			1.0
3884.3			1.0
3885.2			1.0
3886.1			1.0
3887.0			1.0
3887.9			1.0
3888.8			1.0
3889.7			1.0
3890.6			1.0
3891.5			1.0
3892.4			1.0
3893.3			1.0
3894.2			1.0
3895.1			1.0
3896.0			1.0
3896.9			1.0
3897.8			1.0
3898.7			1.0
3899.6			1.0
3900.5			1.0
3901.4			1.0
3902.3			1.0
3903.2			1.0
3904.1			1.0
3905.0			1.0
3905.9			1.0
3906.8			1.0
3907.7			1.0
3908.6			1.0
3909.5			1.0
3910.4			1.0
3911.3			1.0
3912.2			1.0
3913.1			1.0
3914.0			1.0
3914.9			1.0
3915.8			1.0
3916.7			1.0
3917.6			1.0
3918.5			1.0
3919.4			1.0
3920.3			1.0
3921.2			1.0
3922.1			1.0
3923.0			1.0
3923.9			1.0
3924.8			1.0
3925.7			1.0
3926.6			1.0
3927.5			1.0
3928.4			1.0
3929.3			1.0
3930.2			1.0
3931.1			1.0
3932.0			1.0
3932.9			1.0
3933.8			1.0
3934.7			1.0
3935.6			1.0
3936.5			1.0
3937.4			1.0
3938.3			1.0
3939.2			1.0
3940.1			1.0
3941.0			1.0
3941.9			1.0
3942.8			1.0
3943.7			1.0
3944.6			1.0
3945.5			1.0
3946.4			1.0
3947.3			1.0
3948.2			1.0
3949.1			1.0
3950.0			1.0
3950.9			1.0
3951.8			1.0
3952.7			1.0
3953.6			1.0
3954.5			1.0
3955.4			1.0
3956.3			1.0
3957.2			1.0
3958.1			1.0
3959.0			1.0
3959.9			1.0
3960.8			1.0
3961.7			1.0
3962.6			1.0
3963.5			1.0
3964.4			1.0
3965.3			1.0
3966.2			1.0
3967.1			1.0
3968.0			1.0
3968.9			1.0
3969.8			1.0
3970.7			1.0
3971.6			1.0
3972.5			1.0
3973.4			1.0
3974.3			1.0
3975.2			1.0
3976.1			1.0
3977.0			1.0
3977.9			1.0
3978.8			1.0
3979.7			1.0
3980.6			1.0
3981.5			1.0
3982.4			1.0
3983.3			1.0
3984.2			1.0
3985.1			1.0
3986.0			1.0
3986.9			1.0
3987.8			1.0
3988.7			1.0
3989.6			1.0
3990.5			1.0
3991.4			1.0
3992.3			1.0
3993.2			1.0
3994.1			1.0
3995.0			1.0
3995.9			1.0
3996.8			1.0
3997.7			1.0
3998.6			1.0
3999.5			1.0
4000.4			1.0
4001.3			1.0
4002.2			1.0
4003.1			1.0
4004.0			1.0
4004.9			1.0
4005.8			1.0
4006.7			1.0
4007.6			1.0
4008.5			1.0
4009.4			1.0
4010.3			1.0
4011.2			1.0
4012.1			1.0
4013.0			1.0
4013.9			1.0
4014.8			1.0
4015.7			1.0
4016.6			1.0
4017.5			1.0
4018.4			1.0
4019.3			1.0
4020.2			1.0
4021.1			1.0
4022.0			1.0
4022.9			1.0
4023.8			1.0
4024.7			1.0
4025.6			1.0
4026.5			1.0
4027.4			1.0
4028.3			1.004551759542336
4029.2			0.9080733559614298
4030.1			0.7242248353326073
4031.0			0.5752470925502389
4031.9			0.5180628907729249
4032.8			0.4967937915450835
4033.7			0.48396664933184946
4034.6			0.5318288480852746
4035.5			0.6602716188262937
4036.4			0.828097549769481
4037.3			0.9680373871804959
4038.2			1.0217741761991297
4039.1			0.9987828528174738
4040.0			1.0
4040.9			1.0
4041.8			1.0
4042.7			0.9804144996153777
4043.6			0.8963981500053089
4044.5			0.7362244191239566
4045.4			0.5794575856661851
4046.3			0.5385239940587688
4047.2			0.6403140373959075
4048.1			0.790491590767486
4049.0			0.9111099709353485
4049.9			1.004824724882576
4050.8			1.0
4051.7			1.0
4052.6			1.0
4053.5			1.0
4054.4			1.0
4055.3			1.0
4056.2			1.0
4057.1			1.0
4058.0			1.0
4058.9			1.0
4059.8			1.0
4060.7			1.0360543617624076
4061.6			0.976972123120778
4062.5			0.8219794085009843
4063.4			0.6733665998906082
4064.3			0.660915225040907
4065.2			0.7842354217149042
4066.1			0.9076795533078889
4067.0			0.9612837294485505
4067.9			1.0001337446172538
4068.8			1.0
4069.7			1.0
4070.6			1.0
4071.5			1.0
4072.4			1.0
4073.3			1.0
4074.2			1.0
4075.1			1.0
4076.0			1.0
4076.9			1.0
4077.8			1.0
4078.7			1.0
4079.6			1.0
4080.5			1.0
4081.4			1.0
4082.3			1.0
4083.2			1.0
4084.1			1.0
4085.0			1.0
4085.9			1.0
4086.8			1.0
4087.7			1.0
4088.6			1.0
4089.5			1.0
4090.4			0.9600381107636362
4091.3			0.9041318039657902
4092.2			0.8708505838574886
4093.1			0.9077923996773491
4094.0			0.9601133508045991
4094.9			0.920971014313962
4095.8			0.8233270634511859
4096.7			0.7697342117759645
4097.6			0.7705192204918594
4098.5			0.7867946619739247
4099.4			0.7886958007450383
4100.3			0.7670558105045898
4101.2			0.7604806892832151
4102.1			0.8107105565183326
4103.0			0.8878894798149792
4103.9			0.9388234504883967
4104.8			0.9813874802936946
4105.7			1.0451791031567723
4106.6			1.0909785924564335
4107.5			1.0884727112327928
4108.4			1.0647758265471776
4109.3			1.0479572302149682
4110.2			1.0345469372543674
4111.1			1.0120891619477967
4112.0			1.0143555643566786
4112.9			1.0
4113.8			1.0
4114.7			1.0
4115.6			1.0
4116.5			1.0
4117.4			1.0
4118.3			1.0
4119.2			1.0
4120.1			1.0
4121.0			1.0
4121.9			1.0
4122.8			1.0
4123.7			1.0
4124.6			1.0
4125.5			1.0
4126.4			1.0
4127.3			1.0
4128.2			1.0
4129.1			0.9736773437294626
4130.0			0.9513558693578503
4130.9			0.8807882482021505
4131.8			0.774201068343061
4132.7			0.721323652467114
4133.6			0.7539406751762588
4134.5			0.8360986940968884
4135.4			0.9364428794093241
4136.3			1.0013643832606525
4137.2			1.0
4138.1			1.0
4139.0			1.0
4139.9			1.0183146659340963
4140.8			1.006462941309077
4141.7			0.8911905285369797
4142.6			0.6895469461444325
4143.5			0.5637134633157063
4144.4			0.6208850935984508
4145.3			0.788503610170688
4146.2			0.9276912265884348
4147.1			0.9944262272833913
4148.0			1.0
4148.9			1.0
4149.8			1.0
4150.7			1.0
4151.6			1.0
4152.5			1.0
4153.4			1.0
4154.3			1.0
4155.2			1.0
4156.1			1.0
4157.0			1.0
4157.9			1.0
4158.8			1.0
4159.7			1.0
4160.6			1.0
4161.5			1.0
4162.4			1.0
4163.3			1.0
4164.2			1.0
4165.1			1.0
4166.0			1.0
4166.9			0.9761625815118073
4167.8			0.9620782680401885
4168.7			0.9600635048659141
4169.6			0.9749416712027459
4170.5			0.9584278836008953
4171.4			0.8630193746672579
4172.3			0.7540181260464789
4173.2			0.7203600412647899
4174.1			0.7435891755013947
4175.0			0.776423378321106
4175.9			0.8170012420264492
4176.8			0.8537940904499127
4177.7			0.8846698879427493
4178.6			0.9400653072159475
4179.5			0.9936308402390703
4180.4			1.0
4181.3			1.0
4182.2			1.0
4183.1			1.0
4184.0			1.0
4184.9			1.0213801895935022
4185.8			0.9890333363838493
4186.7			0.8959016991700413
4187.6			0.8363818538913496
4188.5			0.8945828681629732
4189.4			0.9915586997231506
4190.3			0.9990821064659944
4191.2			1.0
4192.1			1.0
4193.0			1.0
4193.9			1.0
4194.8			1.0
4195.7			0.9355799892178293
4196.6			0.8710658501365334
4197.5			0.7807567523287589
4198.4			0.7015438532275678
4199.3			0.6854731740681095
4200.2			0.6980654443503763
4201.1			0.6867324467623256
4202.0			0.6809086347202893
4202.9			0.7350386394306171
4203.8			0.8253958531713369
4204.7			0.903189263823483
4205.6			0.956861516877311
4206.5			0.9765452544309222
4207.4			0.9882911285695155
4208.3			1.0004895686558983
4209.2			1.0
4210.1			1.0
4211.0			1.0
4211.9			1.0
4212.8			1.003872651991049
4213.7			0.9504614875720602
4214.6			0.8732727442573289
4215.5			0.7866310432243115
4216.4			0.7510713457411612
4217.3			0.7792351842561548
4218.2			0.8011164135762898
4219.1			0.783515358663734
4220.0			0.7499782736825332
4220.9			0.7015489491979031
4221.8			0.6244419018336038
4222.7			0.5390104820776705
4223.6			0.4622507292474208
4224.5			0.38379710312545795
4225.4			0.29845432436060615
4226.3			0.22566479795746217
4227.2			0.20971902346392665
4228.1			0.2638991769869916
4229.0			0.3529094810326236
4229.9			0.4447422220697435
4230.8			0.5283111465433262
4231.7			0.5976014558801694
4232.6			0.647454235574376
4233.5			0.6827293081980952
4234.4			0.7112719681503181
4235.3			0.7401763002786961
4236.2			0.7958555925567384
4237.1			0.8789006915111548
4238.0			0.9461677135656873
4238.9			0.9633474278363199
4239.8			0.9475860424328308
4240.7			0.9503625250369314
4241.6			1.0006635488014968
4242.5			1.0
4243.4			1.0
4244.3			1.0
4245.2			1.0
4246.1			1.0
4247.0			1.0
4247.9			0.9976840105686683
4248.8			0.9911186111235692
4249.7			0.9055311787488026
4250.6			0.7976674940763615
4251.5			0.7731341772678916
4252.4			0.7798783529950989
4253.3			0.707835734006746
4254.2			0.6153051535135244
4255.1			0.6628191222712577
4256.0			0.8596839451763882
4256.9			1.0545815380191703
4257.8			1.1424848699631893
4258.7			1.1204376674954173
4259.6			1.0415740605609465
4260.5			1.0000038293094207
4261.4			1.0
4262.3			1.0
4263.2			1.0
4264.1			1.0
4265.0			1.0
4265.9			1.0
4266.8			1.0
4267.7			1.0
4268.6			0.9651519904862838
4269.5			0.9035419442772119
4270.4			0.778763616076463
4271.3			0.6395008653987071
4272.2			0.5805138870371319
4273.1			0.582185053507964
4274.0			0.5566953125337902
4274.9			0.5332969536832722
4275.8			0.6041073354347533
4276.7			0.7658267520923503
4277.6			0.9467994600607564
4278.5			1.0777360454864622
4279.4			1.1110508696887473
4280.3			1.0695392542379267
4281.2			1.0011150072583819
4282.1			1.0
4283.0			1.0
4283.9			1.0
4284.8			1.0
4285.7			0.9954442798632513
4286.6			0.9284662663474993
4287.5			0.833219292825857
4288.4			0.7018299168221612
4289.3			0.5641874840520674
4290.2			0.5219558018189836
4291.1			0.633525265889556
4292.0			0.8276219676972016
4292.9			0.9601625081599375
4293.8			0.987200770104569
4294.7			1.0061060605779106
4295.6			1.0
4296.5			1.0
4297.4			1.0
4298.3			1.0
4299.2			1.0
4300.1			1.0
4301.0			1.0
4301.9			1.0
4302.8			1.0
4303.7			1.0
4304.6			1.0125894113592095
4305.5			0.8960665480664075
4306.4			0.7394023796569131
4307.3			0.617902940220175
4308.2			0.5771641300369146
4309.1			0.6398420013347889
4310.0			0.772445463973545
4310.9			0.9058234456880984
4311.8			0.9828818361065457
4312.7			1.0
4313.6			1.0
4314.5			1.0
4315.4			1.0
4316.3			1.0
4317.2			1.0
4318.1			1.0
4319.0			1.0
4319.9			1.0
4320.8			1.0
4321.7			1.0
4322.6			1.0
4323.5			0.9084904831861357
4324.4			0.7450722209104608
4325.3			0.5887166391648108
4326.2			0.5582507140402582
4327.1			0.6904131481378999
4328.0			0.8820345153928277
4328.9			1.0026067873253028
4329.8			1.0
4330.7			1.0
4331.6			1.0
4332.5			1.0
4333.4			1.0
4334.3			1.0452078660198767
4335.2			1.0542342544433556
4336.1			0.9815567122274538
4337.0			0.8479480461660309
4337.9			0.759712735063428
4338.8			0.752392815563414
4339.7			0.7848496406741271
4340.6			0.8570044315282765
4341.5			0.9613731285093671
4342.4			1.0255632154163319
4343.3			1.003403193286702
4344.2			1.0
4345.1			1.0
4346.0			1.0
4346.9			1.0
4347.8			1.0
4348.7			1.0591779534639723
4349.6			1.0491272104061231
4350.5			0.9296557361423629
4351.4			0.7629480888607086
4352.3			0.6830390233785483
4353.2			0.7399302193440215
4354.1			0.8500469198720028
4355.0			0.9311260232868728
4355.9			0.9989563259746902
4356.8			1.0
4357.7			1.0
4358.6			1.0
4359.5			1.0
4360.4			1.0
4361.3			1.0
4362.2			1.0
4363.1			1.0
4364.0			1.0
4364.9			1.0
4365.8			1.0
4366.7			1.0
4367.6			1.0
4368.5			1.0
4369.4			1.0
4370.3			1.0
4371.2			1.0
4372.1			1.0
4373.0			1.0
4373.9			1.0
4374.8			1.0
4375.7			1.0
4376.6			1.0
4377.5			1.0
4378.4			1.0
4379.3			0.9348565392919925
4380.2			0.8951319690853659
4381.1			0.8640803666751865
4382.0			0.7524448853243716
4382.9			0.5818106649095307
4383.8			0.48216664391405845
4384.7			0.5519804652049158
4385.6			0.755854516285618
4386.5			0.9458004055537896
4387.4			1.0183809940127353
4388.3			1.0004928922519891
4389.2			1.0
4390.1			1.0
4391.0			1.0
4391.9			1.0
4392.8			1.0
4393.7			1.0
4394.6			1.0
4395.5			1.0
4396.4			1.0
4397.3			1.0
4398.2			1.0
4399.1			1.0
4400.0			0.9226830700613364
4400.9			0.8618291459177128
4401.8			0.8391288604451842
4402.7			0.7890162624036323
4403.6			0.6590182657163834
4404.5			0.528582549355316
4405.4			0.5120233138397794
4406.3			0.5819504600483273
4407.2			0.6378562920623005
4408.1			0.6866009380596867
4409.0			0.7965381997362794
4409.9			0.9329103328541201
4410.8			1.000348286250639
4411.7			1.0
4412.6			0.9686337188884254
4413.5			0.894670501934129
4414.4			0.7638989993739986
4415.3			0.67870745198805
4416.2			0.7312202743042291
4417.1			0.8710300331954722
4418.0			1.000157789572225
4418.9			1.0
4419.8			1.0
4420.7			1.0
4421.6			1.0
4422.5			0.9289175646823052
4423.4			0.9040538667605839
4424.3			0.8753511630037327
4425.2			0.8047491831723883
4426.1			0.7491827131078679
4427.0			0.7746056958742091
4427.9			0.875099314887892
4428.8			0.9691081857021688
4429.7			0.9941956003230944
4430.6			1.0
4431.5			1.0
4432.4			1.0133318850132682
4433.3			0.9000470490271189
4434.2			0.7103375611893347
4435.1			0.5843099061506105
4436.0			0.6311217206861911
4436.9			0.8102532922485871
4437.8			0.9984017295090084
4438.7			1.0
4439.6			1.0
4440.5			1.0
4441.4			1.0
4442.3			1.0
4443.2			1.0
4444.1			1.0
4445.0			1.0
4445.9			1.0
4446.8			0.9672833323870549
4447.7			0.9275885159373137
4448.6			0.9331166122039372
4449.5			0.9422308755478572
4450.4			0.922782911957328
4451.3			0.8971653888001325
4452.2			0.8546525248910378
4453.1			0.7520462727761259
4454.0			0.6024627184492695
4454.9			0.49172267823935967
4455.8			0.4935153576755639
4456.7			0.5811581079099585
4457.6			0.6672682097057339
4458.5			0.7063229496011991
4459.4			0.7136480648269744
4460.3			0.7044122274252675
4461.2			0.6911250794045157
4462.1			0.7459943504528361
4463.0			0.883326499956439
4463.9			0.9904010728153384
4464.8			1.0003994089190462
4465.7			1.0
4466.6			1.0
4467.5			1.0
4468.4			1.0
4469.3			1.0
4470.2			1.0
4471.1			1.0
4472.0			1.0
4472.9			1.0
4473.8			1.0
4474.7			1.0
4475.6			1.0
4476.5			1.0
4477.4			1.0
4478.3			1.0215786114255054
4479.2			0.9641493501110538
4480.1			0.8710520578233756
4481.0			0.7832555762562765
4481.9			0.7347589976063414
4482.8			0.7760070144821836
4483.7			0.8776483601305438
4484.6			0.955905627431328
4485.5			0.9986547395476713
4486.4			1.0
4487.3			1.0
4488.2			1.0
4489.1			1.0
4490.0			1.0
4490.9			1.0
4491.8			1.063608131545713
4492.7			1.0601423632047062
4493.6			0.9800500159358855
4494.5			0.881195086186411
4495.4			0.8247993220520063
4496.3			0.8184869457490752
4497.2			0.8596410202366278
4498.1			0.9389021076618125
4499.0			1.0072031088438385
4499.9			1.0
4500.8			1.0
4501.7			1.0
4502.6			1.0
4503.5			1.0
4504.4			1.0
4505.3			1.0
4506.2			1.0
4507.1			1.0
4508.0			1.0
4508.9			1.0
4509.8			1.0
4510.7			1.0
4511.6			1.0
4512.5			1.0
4513.4			1.0
4514.3			1.0
4515.2			1.0221914868745308
4516.1			1.0123517362285486
4517.0			0.9497870778114811
4517.9			0.8840235466056355
4518.8			0.8911363684435705
4519.7			0.9549100049272572
4520.6			0.9987607346680781
4521.5			1.0
4522.4			1.0
4523.3			1.0
4524.2			1.0
4525.1			0.9698653704049423
4526.0			0.8723576804302465
4526.9			0.7633474202544749
4527.8			0.7149334244506378
4528.7			0.740072725848843
4529.6			0.7942350351746987
4530.5			0.834006004341875
4531.4			0.8496674823059093
4532.3			0.8294472414299208
4533.2			0.7579902194340292
4534.1			0.6593444151465953
4535.0			0.6034050222247745
4535.9			0.6828185362109788
4536.8			0.8929000071980465
4537.7			1.0831191514887413
4538.6			1.1481157941753888
4539.5			1.0
4540.4			0.9424282137431229
4541.3			0.9345005011781644
4542.2			0.9847571253662406
4543.1			1.0135259326415886
4544.0			0.9635379364200334
4544.9			0.8831902856745114
4545.8			0.8548414911888121
4546.7			0.8784918402166797
4547.6			0.894331746608228
4548.5			0.8873161155110947
4549.4			0.9107933820680006
4550.3			0.9712343942201891
4551.2			1.0
4552.1			0.9580237431590407
4553.0			0.9023034673253283
4553.9			0.8541522501224627
4554.8			0.8218789477744421
4555.7			0.843440434545195
4556.6			0.9225032061399975
4557.5			1.0011614918406064
4558.4			1.0
4559.3			1.0
4560.2			1.0
4561.1			1.0
4562.0			1.0
4562.9			1.0
4563.8			1.0
4564.7			1.0
4565.6			1.0
4566.5			1.0
4567.4			1.0
4568.3			1.0
4569.2			0.9845694851841584
4570.1			0.9225219629705937
4571.0			0.863150608124328
4571.9			0.8873206937237131
4572.8			0.9889014409764252
4573.7			1.0
4574.6			1.0
4575.5			1.0
4576.4			0.9967530627402221
4577.3			0.9671458963190444
4578.2			0.9110732535689885
4579.1			0.8485497162731099
4580.0			0.8018734629947313
4580.9			0.8086681657729037
4581.8			0.8868329917677978
4582.7			0.9777567397626926
4583.6			0.9992679312739708
4584.5			1.0
4585.4			1.0
4586.3			1.0
4587.2			1.0
4588.1			1.0
4589.0			1.0
4589.9			1.0
4590.8			1.0
4591.7			1.0
4592.6			1.0
4593.5			1.0007838256508779
4594.4			1.0082500901269842
4595.3			1.0246619098304195
4596.2			1.0459408272996897
4597.1			1.0416100147897198
4598.0			1.0189014360190563
4598.9			0.9911568045315394
4599.8			0.9374643111430383
4600.7			0.8826059374974121
4601.6			0.8683830178335017
4602.5			0.8804027463676144
4603.4			0.90116396415943
4604.3			0.915495522339918
4605.2			0.9071380808144671
4606.1			0.8801774002206962
4607.0			0.8726725236465056
4607.9			0.9185793569207925
4608.8			0.984155979007236
4609.7			1.0027185699079408
4610.6			1.0
4611.5			1.0
4612.4			1.0
4613.3			1.0
4614.2			1.0
4615.1			1.0
4616.0			1.0
4616.9			1.0
4617.8			1.0
4618.7			1.0
4619.6			1.0
4620.5			1.0
4621.4			1.0
4622.3			0.9648338642221341
4623.2			0.9498487353708513
4624.1			0.9491967352998987
4625.0			0.9214874014468121
4625.9			0.8977622307501933
4626.8			0.934883823036585
4627.7			0.9958432147868531
4628.6			1.0090687914014724
4629.5			0.997764254289001
4630.4			1.0
4631.3			1.0
4632.2			1.0
4633.1			1.0
4634.0			1.0
4634.9			1.0
4635.8			1.0
4636.7			1.0
4637.6			1.0
4638.5			1.0
4639.4			1.0
4640.3			1.0
4641.2			1.0
4642.1			1.0
4643.0			1.013045660303885
4643.9			0.984486951162999
4644.8			0.9182119377489093
4645.7			0.8255553003017723
4646.6			0.7927823550195829
4647.5			0.8524720029467024
4648.4			0.9312094781445578
4649.3			0.9807248992758932
4650.2			0.9896596234715009
4651.1			1.0
4652.0			1.0
4652.9			1.0
4653.8			1.0
4654.7			1.0
4655.6			1.0
4656.5			1.0
4657.4			1.0
4658.3			1.0
4659.2			1.0
4660.1			1.0
4661.0			1.0
4661.9			1.0
4662.8			1.0
4663.7			1.0
4664.6			0.9728688921272887
4665.5			0.9435169668387552
4666.4			0.8619396905013968
4667.3			0.7619002542784272
4668.2			0.7428079843792535
4669.1			0.8306577256138462
4670.0			0.9402763627418086
4670.9			0.9968842274763382
4671.8			0.9983376214354638
4672.7			1.0
4673.6			1.0
4674.5			1.0
4675.4			1.0
4676.3			1.0
4677.2			1.0
4678.1			0.9800470054638644
4679.0			0.9485884386663592
4679.9			0.9246162662183777
4680.8			0.8841038802562577
4681.7			0.8546990475346061
4682.6			0.8926493140924715
4683.5			0.9658426295480254
4684.4			0.9978818413043841
4685.3			1.0031164997324065
4686.2			1.0
4687.1			1.0
4688.0			1.0
4688.9			1.0
4689.8			1.0
4690.7			0.9747490343654436
4691.6			0.9709725405995678
4692.5			0.9934254759310548
4693.4			1.0160472699115624
4694.3			1.041655584901223
4695.2			1.0731134484474159
4696.1			1.087987012695058
4697.0			1.0578602890168631
4697.9			0.9885621503467691
4698.8			0.9406469130925159
4699.7			0.9525383506941384
4700.6			0.9742711359773523
4701.5			0.9488297103344637
4702.4			0.8936505768094208
4703.3			0.8837889006665952
4704.2			0.935758688746274
4705.1			0.977555701106754
4706.0			0.959020876831907
4706.9			0.914629957811649
4707.8			0.8973607871734673
4708.7			0.9038012136982194
4709.6			0.9160304892961486
4710.5			0.9658540128639789
4711.4			1.042703027160642
4712.3			1.0782342455696114
4713.2			1.049345708378057
4714.1			0.9946352662552371
4715.0			0.9711477806846259
4715.9			1.000289247255979
4716.8			1.0
4717.7			1.0
4718.6			1.0
4719.5			1.0
4720.4			1.0
4721.3			1.0
4722.2			1.0
4723.1			1.0
4724.0			1.0
4724.9			1.0520510969518826
4725.8			1.0471951317516888
4726.7			0.975742858626572
4727.6			0.9074831548868603
4728.5			0.8901951502067557
4729.4			0.9098713541994847
4730.3			0.9387584290526872
4731.2			0.9727951758442674
4732.1			1.0041306220966486
4733.0			1.0
4733.9			1.0
4734.8			1.0
4735.7			1.0
4736.6			1.0
4737.5			1.0
4738.4			1.0
4739.3			1.0
4740.2			1.0
4741.1			1.0
4742.0			1.0
4742.9			1.0
4743.8			1.0
4744.7			1.0
4745.6			1.0
4746.5			1.0
4747.4			1.0
4748.3			1.0
4749.2			1.0
4750.1			1.0
4751.0			1.0
4751.9			0.963427894479152
4752.8			0.9135645125808436
4753.7			0.8848021403818974
4754.6			0.9082909386535396
4755.5			0.9431099198853702
4756.4			0.9410637451477412
4757.3			0.916892950439805
4758.2			0.8988830541672677
4759.1			0.8979975939435003
4760.0			0.9106409113861506
4760.9			0.9047875525332352
4761.8			0.8734286070422245
4762.7			0.8523569096665913
4763.6			0.8553673799429444
4764.5			0.8510648267260776
4765.4			0.8233717646838876
4766.3			0.801168992897932
4767.2			0.8101254896016857
4768.1			0.8306430515499701
4769.0			0.8391351529385997
4769.9			0.8336188169697191
4770.8			0.8191062460332277
4771.7			0.800469225183014
4772.6			0.7921029794090393
4773.5			0.8050978577382253
4774.4			0.8231508932783924
4775.3			0.8173098657669349
4776.2			0.7912658824054524
4777.1			0.7683094721288185
4778.0			0.7546860795556924
4778.9			0.7448463980226658
4779.8			0.7420753453600699
4780.7			0.7427390788143041
4781.6			0.7343337831898781
4782.5			0.713811909255489
4783.4			0.7124904267939907
4784.3			0.7522046280533988
4785.2			0.7966714654721783
4786.1			0.8104699161972655
4787.0			0.8121239770080951
4787.9			0.8152851535808818
4788.8			0.821111593462323
4789.7			0.8414311150187288
4790.6			0.868670644654281
4791.5			0.8840589336500309
4792.4			0.8963193455794652
4793.3			0.9189586156719379
4794.2			0.9499202055405044
4795.1			0.974936292575194
4796.0			0.9827474928007249
4796.9			0.9770260360979648
4797.8			0.9662474639742389
4798.7			0.9451539715866921
4799.6			0.9214567522957222
4800.5			0.9198237989818768
4801.4			0.9498057599566977
4802.3			0.9938425721202117
4803.2			1.0302189972853844
4804.1			1.0353802553605356
4805.0			1.0121124302318167
4805.9			0.9871472757762405
4806.8			0.9702100579334061
4807.7			0.9614784786368236
4808.6			0.9698449760457197
4809.5			0.9870755668687808
4810.4			0.9926970431600115
4811.3			0.9889940710622463
4812.2			0.9881575892486653
4813.1			0.9944461691069796
4814.0			0.9988340268632706
4814.9			0.9999387769524644
4815.8			1.0
4816.7			1.0
4817.6			1.0
4818.5			1.0
4819.4			1.0
4820.3			0.9891105598055141
4821.2			0.9823484471377117
4822.1			0.9465864101815404
4823.0			0.8850051640777934
4823.9			0.8695644466483234
4824.8			0.9246648410715418
4825.7			0.9915367471754649
4826.6			1.0142175366795638
4827.5			1.0016412128128833
4828.4			1.0
4829.3			1.0
4830.2			1.0
4831.1			1.0
4832.0			1.0
4832.9			1.0
4833.8			1.0
4834.7			1.0
4835.6			1.0
4836.5			1.0
4837.4			1.0
4838.3			1.0
4839.2			1.0
4840.1			1.0
4841.0			1.0
4841.9			1.0
4842.8			1.0
4843.7			1.0
4844.6			1.0
4845.5			1.0
4846.4			1.0
4847.3			1.0
4848.2			1.0
4849.1			1.0
4850.0			1.0
4850.9			1.0
4851.8			1.0
4852.7			1.0
4853.6			1.0
4854.5			1.0
4855.4			1.0
4856.3			1.0
4857.2			1.0
4858.1			1.0057693106996723
4859.0			0.9600100180309024
4859.9			0.9056348728917297
4860.8			0.8797201107354965
4861.7			0.901278547188713
4862.6			0.9546345440653159
4863.5			0.9962983616548067
4864.4			1.0
4865.3			1.0
4866.2			1.0
4867.1			1.0
4868.0			1.0
4868.9			1.0048126965846016
4869.8			0.9562725282043865
4870.7			0.848309379229666
4871.6			0.7874467640062575
4872.5			0.8464783461234188
4873.4			0.9526347194976729
4874.3			1.0023466738832285
4875.2			1.0
4876.1			1.0
4877.0			1.0
4877.9			1.0
4878.8			1.0
4879.7			1.0
4880.6			1.0
4881.5			1.0
4882.4			1.0
4883.3			1.0
4884.2			1.0
4885.1			1.0
4886.0			1.0
4886.9			1.0
4887.8			0.9974036667721429
4888.7			0.9745390789682382
4889.6			0.9012967760946469
4890.5			0.7962408037872991
4891.4			0.7561166436661365
4892.3			0.8273816732613194
4893.2			0.9263416325061455
4894.1			0.9778415161141197
4895.0			0.9920556961013605
4895.9			1.0
4896.8			1.0
4897.7			0.9796285963479299
4898.6			0.9441541293914014
4899.5			0.9173372063810445
4900.4			0.9212844938323417
4901.3			0.9324105982859062
4902.2			0.9158463602062675
4903.1			0.8874659499882106
4904.0			0.8967276525237702
4904.9			0.9519970421668214
4905.8			1.0092710137945817
4906.7			1.0322071874842829
4907.6			1.0244282133154803
4908.5			0.997527060909243
4909.4			1.0
4910.3			1.0
4911.2			1.0
4912.1			1.0
4913.0			1.0
4913.9			1.0
4914.8			1.0
4915.7			1.0
4916.6			1.008575588395015
4917.5			0.9553292517647918
4918.4			0.8355035732990514
4919.3			0.7152777293649673
4920.2			0.6787040920986046
4921.1			0.7521088811651292
4922.0			0.8857447623707498
4922.9			0.9871267713800658
4923.8			0.9971437316132894
4924.7			1.0
4925.6			1.0
4926.5			1.0
4927.4			1.0
4928.3			1.0
4929.2			1.0
4930.1			1.0
4931.0			1.0
4931.9			1.0
4932.8			1.0
4933.7			1.0
4934.6			1.0200201267023175
4935.5			1.0541140213989877
4936.4			1.0425545893631314
4937.3			0.9729474138121433
4938.2			0.8832842637201155
4939.1			0.8471535655205332
4940.0			0.8922529960980562
4940.9			0.9460723684128935
4941.8			0.9611885559362664
4942.7			0.9783377526420868
4943.6			1.003675386650218
4944.5			1.0
4945.4			1.0
4946.3			1.0
4947.2			1.0
4948.1			1.0
4949.0			1.0
4949.9			1.0
4950.8			1.0
4951.7			1.0
4952.6			1.0
4953.5			1.0
4954.4			0.952361133953697
4955.3			0.8954845647090679
4956.2			0.8042647723286599
4957.1			0.7071208779843831
4958.0			0.7191327957458364
4958.9			0.8539607179000995
4959.8			0.9862583841903168
4960.7			1.0
4961.6			1.0
4962.5			1.0
4963.4			1.0
4964.3			1.0
4965.2			1.0
4966.1			1.0
4967.0			1.0
4967.9			1.0
4968.8			1.0
4969.7			1.0
4970.6			1.0
4971.5			1.0
4972.4			1.0
4973.3			1.0
4974.2			1.0
4975.1			1.0
4976.0			1.0
4976.9			1.0
4977.8			1.0
4978.7			1.0
4979.6			1.0104294865585841
4980.5			0.9707115515032181
4981.4			0.8435868943376045
4982.3			0.751331142005987
4983.2			0.7987469863443194
4984.1			0.9206269467641576
4985.0			0.9991474528679368
4985.9			1.0
4986.8			1.0
4987.7			1.0
4988.6			1.0
4989.5			1.0
4990.4			1.0
4991.3			1.0
4992.2			1.0
4993.1			1.0
4994.0			1.0
4994.9			1.0
4995.8			1.0
4996.7			1.0
4997.6			0.9976565992444895
4998.5			0.9379704981581026
4999.4			0.8446814461532124
5000.3			0.8152038105015273
5001.2			0.8678644139994495
5002.1			0.9409361815383613
5003.0			1.004908057526319
5003.9			1.0
5004.8			1.0
5005.7			1.0
5006.6			1.0
5007.5			1.0
5008.4			1.0
5009.3			1.0
5010.2			1.0
5011.1			0.9864816846286597
5012.0			0.9123240295718112
5012.9			0.8272051737853622
5013.8			0.7591010370799324
5014.7			0.747488642337558
5015.6			0.8111330449207237
5016.5			0.8920354875036351
5017.4			0.950652949654663
5018.3			1.0001390027623807
5019.2			1.0
5020.1			1.0
5021.0			1.0
5021.9			1.0
5022.8			1.0
5023.7			1.0
5024.6			1.0
5025.5			1.0
5026.4			1.0
5027.3			1.0
5028.2			1.0
5029.1			1.0
5030.0			1.0
5030.9			1.0
5031.8			1.0
5032.7			1.0
5033.6			1.0
5034.5			1.0
5035.4			1.0
5036.3			0.9489173098800506
5037.2			0.992169626126099
5038.1			1.0051854725355764
5039.0			0.9146688923755398
5039.9			0.7937106685125261
5040.8			0.7436660729197417
5041.7			0.7913277540685919
5042.6			0.8641898531664804
5043.5			0.9062702345467666
5044.4			0.943547544076647
5045.3			0.9902092224113959
5046.2			1.0
5047.1			1.0175296887887055
5048.0			0.9816551473302025
5048.9			0.8964187356655249
5049.8			0.8315085887359683
5050.7			0.8578681534323652
5051.6			0.9427226755696831
5052.5			1.0012743004073825
5053.4			1.0
5054.3			1.0
5055.2			1.0
5056.1			1.0
5057.0			1.0
5057.9			1.0
5058.8			0.9974799903370751
5059.7			1.0065132098805605
5060.6			1.0382832111740716
5061.5			1.043424127140922
5062.4			1.0132565300355165
5063.3			0.9525822130471459
5064.2			0.8749177080773084
5065.1			0.857804661216322
5066.0			0.9184939136145014
5066.9			0.9617887387465782
5067.8			0.9453512936343319
5068.7			0.939010801951917
5069.6			0.980375653655932
5070.5			1.0145950927609593
5071.4			0.998489310797393
5072.3			1.0
5073.2			1.057647801706374
5074.1			1.128634103291971
5075.0			1.1086470912367459
5075.9			1.0233445845316955
5076.8			0.9956753603132497
5077.7			1.0390554963050598
5078.6			1.0422535515728064
5079.5			0.9826675065607183
5080.4			0.9355097139635531
5081.3			0.9056265342826936
5082.2			0.8787329728491992
5083.1			0.8920195926863561
5084.0			0.9487805809265123
5084.9			1.0098813566629097
5085.8			1.0585779873465595
5086.7			1.0722563273541064
5087.6			1.0360865318007269
5088.5			0.9914319597697144
5089.4			0.9761720836070816
5090.3			0.977197721119102
5091.2			1.0
5092.1			1.07621988109737
5093.0			1.1465547954289306
5093.9			1.1089495600975552
5094.8			0.9854942712826217
5095.7			0.9274439831964727
5096.6			1.003376411176077
5097.5			1.0779484979061609
5098.4			1.0274819489327638
5099.3			0.928523328974272
5100.2			0.8848622451938868
5101.1			0.8878086747334683
5102.0			0.9080460419683658
5102.9			0.9227744613679671
5103.8			0.9155474281660806
5104.7			0.9054399010346813
5105.6			0.9017876514483328
5106.5			0.8943256759522293
5107.4			0.9064113361138879
5108.3			0.9446435152001811
5109.2			0.96997405898563
5110.1			0.9630244262483159
5111.0			0.9536139424516508
5111.9			0.9553966378071617
5112.8			0.9689248184808107
5113.7			1.0265070482035836
5114.6			1.1112312633300856
5115.5			1.1348104520579703
5116.4			1.114381415979352
5117.3			1.1199342527100389
5118.2			1.1190141996209308
5119.1			1.0720992338391362
5120.0			1.0161106404532552
5120.9			1.0
5121.8			1.0175460707947617
5122.7			1.0009230024459952
5123.6			0.9320131277284149
5124.5			0.8869307392263043
5125.4			0.8955561462444779
5126.3			0.9104450082301794
5127.2			0.9103010470742331
5128.1			0.902654275353279
5129.0			0.8774059529233307
5129.9			0.866893382122279
5130.8			0.9389187778160337
5131.7			1.0446031073548407
5132.6			1.071972817740693
5133.5			1.0292654958231549
5134.4			1.0125421734125035
5135.3			1.0405271021961604
5136.2			1.065041851679832
5137.1			1.0555670889480029
5138.0			0.9986048272700047
5138.9			1.0
5139.8			1.0
5140.7			1.0
5141.6			1.0
5142.5			1.0
5143.4			1.0
5144.3			1.0
5145.2			1.0
5146.1			1.0
5147.0			0.9987443968386452
5147.9			1.0377086626811844
5148.8			1.0
5149.7			0.9632650570848496
5150.6			0.9189257833760474
5151.5			0.8785813568874185
5152.4			0.8210639369943012
5153.3			0.77121171859824
5154.2			0.7930617818266298
5155.1			0.8913985605748963
5156.0			0.9984356090252937
5156.9			1.0768125060863913
5157.8			1.1224576361111782
5158.7			1.1193295487151909
5159.6			1.1106789859835016
5160.5			1.1326753983813707
5161.4			1.121037701517038
5162.3			1.0540093442726657
5163.2			1.0219890214194605
5164.1			1.0192645166020495
5165.0			0.9321949853492403
5165.9			0.760249921311531
5166.8			0.6205193998388995
5167.7			0.5890942057501719
5168.6			0.6482227711658654
5169.5			0.7135865364888674
5170.4			0.7058168311971245
5171.3			0.6238046776144146
5172.2			0.5394308053402056
5173.1			0.5295549862438319
5174.0			0.6049121794182524
5174.9			0.7113204479782318
5175.8			0.7888682705068413
5176.7			0.8107616312123087
5177.6			0.7899173348518829
5178.5			1.0
5179.4			0.9457556791917077
5180.3			0.870939700578494
5181.2			0.7757473339885655
5182.1			0.6833317920790948
5183.0			0.6198043884606508
5183.9			0.6360279463532931
5184.8			0.7515006755807144
5185.7			0.9018338139945407
5186.6			1.0046434601838157
5187.5			0.9159230621157198
5188.4			0.9286868033463589
5189.3			1.0
5190.2			1.0038016909645415
5191.1			0.9337517651112521
5192.0			0.8409183899435204
5192.9			0.824261841781608
5193.8			0.8839206440353375
5194.7			0.9459823612652606
5195.6			0.9999891887088126
5196.5			0.9975460782157627
5197.4			1.0
5198.3			1.0
5199.2			1.0
5200.1			1.0
5201.0			0.9526374604984252
5201.9			0.8874470664610025
5202.8			0.804694196868492
5203.7			0.6934575504529642
5204.6			0.580408080509295
5205.5			0.5189923466599413
5206.4			0.5107831584884611
5207.3			0.5076774165079676
5208.2			0.49213020070430885
5209.1			0.5056094794109621
5210.0			0.5929208189456127
5210.9			0.7587812108691526
5211.8			0.9448851149229823
5212.7			1.0664106545747802
5213.6			1.0933687437605557
5214.5			1.0551484384941614
5215.4			1.0003960865880932
5216.3			1.0
5217.2			1.0
5218.1			1.0
5219.0			1.0
5219.9			1.0
5220.8			1.0
5221.7			0.9964247225157724
5222.6			0.9480047183880477
5223.5			0.8710075139166563
5224.4			0.7993362682335273
5225.3			0.7517983426959164
5226.2			0.7205332202475544
5227.1			0.730867966711406
5228.0			0.813753927416534
5228.9			0.9182554864943372
5229.8			0.9801056801359955
5230.7			0.9958924521980324
5231.6			1.0
5232.5			1.0
5233.4			1.0
5234.3			1.0
5235.2			1.0
5236.1			1.0
5237.0			1.0
5237.9			1.000060192453241
5238.8			0.9899912376650021
5239.7			0.9790158923464412
5240.6			0.9694334926074437
5241.5			0.9688849250932291
5242.4			0.9792037193894796
5243.3			1.0003656266263068
5244.2			1.0239554368586632
5245.1			1.0107039479963702
5246.0			0.9331169766622567
5246.9			0.8584575683926383
5247.8			0.8701226952248661
5248.7			0.9250320427661399
5249.6			0.9303365260335559
5250.5			0.9021729144491607
5251.4			0.9069087993222221
5252.3			0.9445186973543702
5253.2			0.972429798120274
5254.1			0.9707747104806244
5255.0			0.9647556968128004
5255.9			0.9966749120670512
5256.8			1.0
5257.7			1.0
5258.6			1.0
5259.5			0.9699266975462372
5260.4			0.9006890688259207
5261.3			0.8090080355459265
5262.2			0.7317589307789606
5263.1			0.6824109108380595
5264.0			0.6461028626255563
5264.9			0.6145898776715891
5265.8			0.6130415892396602
5266.7			0.6540804864055165
5267.6			0.6742695175252578
5268.5			0.6035937668041258
5269.4			0.5106446287342337
5270.3			0.5261303851957653
5271.2			0.649292829802024
5272.1			0.7687206155883717
5273.0			0.8333115672350612
5273.9			0.8611905644918457
5274.8			0.8643746834490587
5275.7			0.8709182024811021
5276.6			0.9206145398531751
5277.5			0.9887195860449539
5278.4			1.0
5279.3			0.976280691377343
5280.2			0.9207754087609641
5281.1			0.8538650116384902
5282.0			0.7915783569099303
5282.9			0.7625724523137373
5283.8			0.7968721250082214
5284.7			0.8810902768251759
5285.6			0.9626668932247092
5286.5			0.9979321157280606
5287.4			1.0
5288.3			1.0
5289.2			1.0
5290.1			1.0
5291.0			1.0
5291.9			1.0
5292.8			1.0177898817145086
5293.7			1.0344357490183815
5294.6			1.0241982305821378
5295.5			0.9503966930353251
5296.4			0.8283986099664378
5297.3			0.7379269401512939
5298.2			0.7505390867193981
5299.1			0.8454970560079775
5300.0			0.9355757091776521
5300.9			0.9761731768171752
5301.8			1.0088367614759717
5302.7			1.0
5303.6			1.0
5304.5			1.0
5305.4			1.0
5306.3			1.0
5307.2			1.0
5308.1			1.0
5309.0			1.0
5309.9			1.0
5310.8			1.0
5311.7			1.0
5312.6			1.0
5313.5			1.0
5314.4			1.0
5315.3			1.0
5316.2			1.0
5317.1			1.0
5318.0			1.0
5318.9			1.0
5319.8			1.0
5320.7			1.0
5321.6			1.0
5322.5			1.0
5323.4			1.0
5324.3			0.9560943894274888
5325.2			0.9678410467634327
5326.1			0.9349113780082952
5327.0			0.7972026445935483
5327.9			0.6583991836423911
5328.8			0.6591920754681051
5329.7			0.7893840928737734
5330.6			0.9290472133822444
5331.5			1.0021473524897184
5332.4			1.0
5333.3			1.0
5334.2			1.0
5335.1			1.0
5336.0			1.0
5336.9			0.9903218610571602
5337.8			0.9819671670722858
5338.7			0.9451216244636476
5339.6			0.8793634396822019
5340.5			0.8433646517204063
5341.4			0.8806191819162
5342.3			0.9546004670461207
5343.2			1.0067177412984643
5344.1			1.0071788514824929
5345.0			1.0
5345.9			1.0
5346.8			1.0
5347.7			1.0
5348.6			1.0
5349.5			1.0
5350.4			1.0
5351.3			1.0
5352.2			1.0
5353.1			1.0
5354.0			1.0
5354.9			1.0
5355.8			1.0
5356.7			1.0
5357.6			1.0
5358.5			1.0
5359.4			1.0
5360.3			1.0
5361.2			1.0
5362.1			1.0
5363.0			1.0
5363.9			1.0
5364.8			1.0
5365.7			1.0
5366.6			1.0
5367.5			1.0029620845467648
5368.4			0.9718215731518082
5369.3			0.8762898494996316
5370.2			0.7435779552419234
5371.1			0.6672773454438139
5372.0			0.7111134158962117
5372.9			0.8333285434654691
5373.8			0.9428579727687029
5374.7			1.0002446387861033
5375.6			1.0
5376.5			1.0
5377.4			1.0
5378.3			1.0
5379.2			1.0
5380.1			1.0
5381.0			0.9791654053098582
5381.9			0.9381633670231213
5382.8			0.8876163413179188
5383.7			0.8745743046588258
5384.6			0.9175135501164381
5385.5			0.9734101447518873
5386.4			1.0005531569404227
5387.3			1.0
5388.2			1.0
5389.1			1.0
5390.0			1.0
5390.9			1.0
5391.8			1.0
5392.7			1.0
5393.6			1.0
5394.5			1.0
5395.4			1.0
5396.3			1.0
5397.2			0.9467364104914252
5398.1			1.0199245059945705
5399.0			1.1224082854823423
5399.9			1.1489556179000255
5400.8			1.1294681932630632
5401.7			1.1170533798401754
5402.6			1.0843403019762208
5403.5			0.9898638318389532
5404.4			0.8572509349088456
5405.3			0.7679038773944844
5406.2			0.7824302007150428
5407.1			0.86322059377942
5408.0			0.892654464806532
5408.9			0.8324931739730769
5409.8			0.7756056296064311
5410.7			0.8003791538624176
5411.6			0.8776540350125065
5412.5			0.9513426096624649
5413.4			0.9890834925164524
5414.3			1.0
5415.2			1.0
5416.1			1.0
5417.0			1.0
5417.9			1.0
5418.8			1.0
5419.7			1.0
5420.6			1.0
5421.5			1.0
5422.4			1.0164339842298542
5423.3			0.9908423984396483
5424.2			0.9629437590310332
5425.1			0.9822683470556103
5426.0			1.0352367419224409
5426.9			1.0675077975803409
5427.8			1.0127249829921767
5428.7			0.8749360819041635
5429.6			0.780287387578391
5430.5			0.8122256379857704
5431.4			0.8893187333423306
5432.3			0.9097686816589665
5433.2			0.8697485745917736
5434.1			0.8283589322855353
5435.0			0.8453583416722266
5435.9			0.9224306846613465
5436.8			0.9971781103669822
5437.7			1.0
5438.6			1.0
5439.5			1.0
5440.4			1.0
5441.3			1.0
5442.2			1.0
5443.1			0.9951959150518456
5444.0			0.9576460380902262
5444.9			0.8682067169609446
5445.8			0.7575304497351406
5446.7			0.7064209990856883
5447.6			0.7647952196197596
5448.5			0.8786757235427917
5449.4			0.9644596635710624
5450.3			1.0023195429736975
5451.2			1.0
5452.1			1.0
5453.0			0.9690922817184735
5453.9			0.892901749588454
5454.8			0.801366345603934
5455.7			0.7762350654311126
5456.6			0.8465825792786291
5457.5			0.9414148512405704
5458.4			0.9963585609202259
5459.3			1.0
5460.2			1.0
5461.1			1.0
5462.0			1.0
5462.9			1.0
5463.8			1.0
5464.7			1.0
5465.6			1.0
5466.5			1.0
5467.4			1.0
5468.3			1.0
5469.2			1.0
5470.1			1.0
5471.0			1.0
5471.9			1.0284409399831453
5472.8			1.021483765116179
5473.7			0.986779974742261
5474.6			0.9628836405674968
5475.5			0.9368438065516652
5476.4			0.9063691214771065
5477.3			0.9187854188302136
5478.2			0.9836770344775647
5479.1			1.043887989245225
5480.0			1.0453090086301657
5480.9			1.0010740624561862
5481.8			1.0
5482.7			1.0
5483.6			1.0
5484.5			1.0
5485.4			1.0010054623730609
5486.3			0.9653272881301312
5487.2			0.9203786627010361
5488.1			0.9134057705273876
5489.0			0.9430994093350801
5489.9			0.9731794174671264
5490.8			0.9983494818854445
5491.7			1.0
5492.6			1.0
5493.5			1.0
5494.4			1.0
5495.3			1.0
5496.2			1.0
5497.1			1.0
5498.0			1.0
5498.9			1.0
5499.8			1.0
5500.7			1.0
5501.6			1.0
5502.5			1.0
5503.4			1.0
5504.3			1.0
5505.2			1.0
5506.1			1.0
5507.0			1.0
5507.9			1.0738889498765771
5508.8			1.1177952081242957
5509.7			1.0813761191163593
5510.6			0.9904167472741734
5511.5			0.8941253066506429
5512.4			0.8360463770952644
5513.3			0.8239319615662206
5514.2			0.8382338554901404
5515.1			0.8647343200572638
5516.0			0.9043793002065255
5516.9			0.9502938022735351
5517.8			0.9857244527287041
5518.7			0.9944633528778585
5519.6			1.0
5520.5			1.0
5521.4			1.0
5522.3			1.0
5523.2			1.0
5524.1			1.0
5525.0			0.9926270142838431
5525.9			0.9748377890651133
5526.8			0.9213282883593953
5527.7			0.8574787600202372
5528.6			0.8601134808505349
5529.5			0.9359075120513931
5530.4			1.000271390209366
5531.3			1.0
5532.2			1.0
5533.1			1.0
5534.0			1.0
5534.9			1.0
5535.8			1.0
5536.7			1.0
5537.6			1.0
5538.5			1.0
5539.4			1.0
5540.3			1.0
5541.2			1.0
5542.1			1.0
5543.0			1.0
5543.9			1.0
5544.8			1.0
5545.7			1.0
5546.6			1.0
5547.5			1.0
5548.4			1.0
5549.3			1.0
5550.200000000001			1.0
5551.1			1.0
5552.0			1.0
5552.9			0.9959768798913466
5553.8			0.9738707465337816
5554.700000000001			0.9492282302011331
5555.6			0.9331230893152606
5556.5			0.9326988447670113
5557.4			0.951291788151567
5558.3			0.9769268867056093
5559.200000000001			0.9882226477312077
5560.1			0.975663697509679
5561.0			0.9458831499780291
5561.9			0.9218651143579376
5562.8			0.9164700738411927
5563.700000000001			0.9212271917448919
5564.6			0.9103853158864187
5565.5			0.8839234618127464
5566.4			0.8688673620293124
5567.3			0.8795602490791252
5568.200000000001			0.8936289406198348
5569.1			0.8949007443872727
5570.0			0.9012098051245602
5570.9			0.9092215590583305
5571.8			0.8938954425886491
5572.700000000001			0.8812433876264238
5573.6			0.9048755988165336
5574.5			0.93393708056627
5575.4			0.9451327087718604
5576.3			0.9681193986666078
5577.200000000001			1.003795424159581
5578.1			1.0173432059864653
5579.0			1.0087432744233724
5579.9			1.0002546250731275
5580.8			1.0
5581.700000000001			1.0
5582.6			1.0
5583.5			1.0
5584.4			1.015892371236302
5585.3			0.9718414582049285
5586.200000000001			0.8921200780863479
5587.1			0.8217706131158361
5588.0			0.7789039943454242
5588.9			0.7849659461556637
5589.8			0.8582548689969212
5590.700000000001			0.9604281763685262
5591.6			1.0263888124133078
5592.5			1.0
5593.4			0.9495394278553086
5594.3			0.9205448193492142
5595.200000000001			0.9607971352894235
5596.1			1.006855665158323
5597.0			0.9695418724373297
5597.9			0.8925762892694006
5598.8			0.8747107390991303
5599.700000000001			0.9044735951669125
5600.6			0.910305068160592
5601.5			0.8874862583202914
5602.4			0.8850565229231439
5603.3			0.9298801361924469
5604.200000000001			0.9993069085593292
5605.1			1.0
5606.0			1.0
5606.9			1.0
5607.8			1.0
5608.700000000001			1.0
5609.6			1.0
5610.5			1.0
5611.4			1.0
5612.3			1.0
5613.200000000001			0.9804622875909715
5614.1			0.9058227578317231
5615.0			0.8221582772601587
5615.9			0.8174411358104207
5616.8			0.8938795588501651
5617.700000000001			0.9654048866758088
5618.6			0.9865514267503934
5619.5			1.0
5620.4			1.0
5621.3			1.0
5622.200000000001			1.029073638041131
5623.1			0.9974257813022372
5624.0			0.9343266949863598
5624.9			0.9147100435907639
5625.8			0.9498804531074995
5626.700000000001			0.9853017464159656
5627.6			0.9983033783915519
5628.5			1.0
5629.4			1.0
5630.3			1.0
5631.200000000001			1.0
5632.1			1.0
5633.0			1.0
5633.9			1.0
5634.8			1.0
5635.700000000001			1.0
5636.6			1.0
5637.5			1.0
5638.4			1.0
5639.3			1.0
5640.200000000001			1.0
5641.1			1.0
5642.0			1.0
5642.9			1.0
5643.8			1.0
5644.700000000001			1.0
5645.6			1.0
5646.5			1.0
5647.4			1.0
5648.3			1.0
5649.200000000001			1.0
5650.1			1.0
5651.0			1.0
5651.9			1.019921332140054
5652.8			1.0280507463929474
5653.700000000001			1.015583936993142
5654.6			0.9997632228290194
5655.5			0.996260628159985
5656.4			0.983462229383788
5657.3			0.9320949471147904
5658.200000000001			0.878315976795329
5659.1			0.8877480045599017
5660.0			0.9418059099281383
5660.9			0.9539235470906713
5661.8			0.9153168546301031
5662.700000000001			0.9010949402035461
5663.6			0.9399982579617933
5664.5			0.9998311575833073
5665.4			1.0
5666.3			0.9951780767784599
5667.200000000001			0.9637369088366566
5668.1			0.9473554324128585
5669.0			0.9524991672763401
5669.9			0.9449464209278007
5670.8			0.9299272244684834
5671.700000000001			0.9409468085996479
5672.6			0.9751849120322781
5673.5			0.9950247560236369
5674.4			0.9941690589499881
5675.3			0.9981251834345123
5676.200000000001			1.0
5677.1			1.0
5678.0			1.0
5678.9			1.0
5679.8			1.0
5680.700000000001			1.0
5681.6			1.0
5682.5			1.0
5683.4			1.0
5684.3			1.0
5685.200000000001			1.0175999056744676
5686.1			0.9669250387249694
5687.0			0.896958671590782
5687.9			0.8605126641476932
5688.8			0.8884617560392458
5689.700000000001			0.9540018153025006
5690.6			1.0000161490993869
5691.5			1.0
5692.4			1.0
5693.3			1.0
5694.200000000001			1.0
5695.1			1.0
5696.0			1.0
5696.9			1.0
5697.8			1.0
5698.700000000001			1.0
5699.6			1.0
5700.5			1.0
5701.4			1.0
5702.3			1.0
5703.200000000001			1.0
5704.1			1.0
5705.0			1.0060601908188962
5705.9			0.9842580457494039
5706.8			0.9579076610804473
5707.700000000001			0.9308411448132425
5708.6			0.9072347032679707
5709.5			0.9034644206715008
5710.4			0.9034754665127628
5711.3			0.8991628908040162
5712.200000000001			0.9259951043530567
5713.1			0.9764505139779277
5714.0			1.0045772408886144
5714.9			1.0085732806768268
5715.8			1.003131814978495
5716.700000000001			0.9967678569156014
5717.6			1.0000124780033326
5718.5			1.0
5719.4			1.0
5720.3			1.0
5721.200000000001			1.0
5722.1			1.0
5723.0			1.0
5723.9			0.9922413525908548
5724.8			0.9798840262520565
5725.700000000001			0.9523180946863842
5726.6			0.9180681933228089
5727.5			0.9211358570640574
5728.4			0.9682909391634205
5729.3			1.0001461486070318
5730.200000000001			1.0
5731.1			1.0
5732.0			1.0
5732.9			1.0
5733.8			1.0
5734.700000000001			1.0
5735.6			1.0
5736.5			1.0
5737.4			1.0
5738.3			1.0
5739.200000000001			1.0
5740.1			1.0
5741.0			1.0
5741.9			1.0
5742.8			1.0
5743.700000000001			1.0
5744.6			1.0
5745.5			1.0
5746.4			1.0
5747.3			1.0
5748.200000000001			1.0
5749.1			1.0
5750.0			1.0
5750.9			1.0
5751.8			1.0
5752.700000000001			1.0
5753.6			1.0
5754.5			1.0
5755.4			1.0
5756.3			1.0
5757.200000000001			1.0
5758.1			1.0
5759.0			1.0
5759.9			0.9902976018274984
5760.8			0.968263647374901
5761.700000000001			0.930767108214993
5762.6			0.9092979256682888
5763.5			0.9334273317693712
5764.4			0.9771238991150552
5765.3			0.9998842909613413
5766.200000000001			1.0
5767.1			1.0
5768.0			1.0
5768.9			1.0
5769.8			1.0
5770.700000000001			1.0
5771.6			1.0
5772.5			1.0
5773.4			1.0
5774.3			1.0
5775.200000000001			1.0
5776.1			1.0
5777.0			1.0
5777.9			1.0011435267896842
5778.8			0.9975039026665516
5779.700000000001			0.9743240721017613
5780.6			0.9343867856424382
5781.5			0.9067791409052859
5782.4			0.9065438266115616
5783.3			0.9122836841582735
5784.200000000001			0.9019369971096188
5785.1			0.8940786672266658
5786.0			0.9174478997084105
5786.9			0.9535400427235656
5787.8			0.9738282240370172
5788.700000000001			0.978396852399224
5789.6			0.9633165022294851
5790.5			0.9435420152669192
5791.4			0.9568381179292861
5792.3			1.000009763148172
5793.200000000001			1.0
5794.1			1.0
5795.0			1.0
5795.9			1.0
5796.8			1.0
5797.700000000001			1.0
5798.6			1.0
5799.5			1.0
5800.4			1.0
5801.3			1.0
5802.200000000001			1.0
5803.1			1.0
5804.0			1.0
5804.9			1.0
5805.8			1.0
5806.700000000001			1.0
5807.6			1.0
5808.5			1.0
5809.4			1.0
5810.3			1.0
5811.200000000001			1.0
5812.1			1.0
5813.0			1.0
5813.9			1.0
5814.8			1.0
5815.700000000001			1.0
5816.6			1.0
5817.5			1.0
5818.4			1.0
5819.3			1.0
5820.200000000001			1.0
5821.1			1.0
5822.0			1.0
5822.9			1.0
5823.8			1.0
5824.700000000001			1.0
5825.6			1.0
5826.5			1.0
5827.4			1.0
5828.3			1.0
5829.200000000001			1.0
5830.1			1.0
5831.0			1.0
5831.9			1.0
5832.8			1.0
5833.700000000001			1.0
5834.6			1.0
5835.5			1.0
5836.4			1.0
5837.3			1.0
5838.200000000001			1.0
5839.1			1.0
5840.0			1.0
5840.9			1.0
5841.8			1.0
5842.700000000001			1.0
5843.6			1.0
5844.5			1.0
5845.4			1.0
5846.3			1.0
5847.200000000001			1.0
5848.1			1.0
5849.0			1.0
5849.9			1.0
5850.8			1.0
5851.700000000001			1.0
5852.6			1.0
5853.5			1.0
5854.4			1.0085871320838404
5855.3			0.97840332480413
5856.200000000001			0.8977823235250807
5857.1			0.8297419742995678
5858.0			0.8503412415933503
5858.9			0.9342083234207806
5859.8			1.0004543089151046
5860.700000000001			1.0
5861.6			1.0
5862.5			1.0
5863.4			1.0
5864.3			1.0
5865.200000000001			0.9789800789864691
5866.1			0.9379445812751969
5867.0			0.928478406771365
5867.9			0.9632877349786818
5868.8			1.0021538479545145
5869.700000000001			1.0
5870.6			1.0
5871.5			1.0
5872.4			1.0
5873.3			1.0
5874.200000000001			1.0
5875.1			1.004628538139503
5876.0			0.9971084654278753
5876.9			0.9840732591850503
5877.8			0.971015754543566
5878.700000000001			0.9492951517129937
5879.6			0.9233908972684591
5880.5			0.9099402140064549
5881.4			0.9086337437661824
5882.3			0.8902132032369109
5883.200000000001			0.8438642351493228
5884.1			0.7855747811741788
5885.0			0.7285826699283287
5885.9			0.6625682433018674
5886.8			0.5784440656419735
5887.700000000001			0.4783704120804489
5888.6			0.37606749207802864
5889.5			0.30856106268558653
5890.4			0.31174795491697116
5891.3			0.375093480077414
5892.200000000001			0.4466058798199664
5893.1			0.47838090287436486
5894.0			0.448257598768595
5894.9			0.37888472496949793
5895.8			0.341621748576582
5896.700000000001			0.38894398515606193
5897.6			0.4939906157142359
5898.5			0.6036454737883281
5899.4			0.7050405502091168
5900.3			0.8014498892442462
5901.200000000001			0.8807830482715318
5902.1			0.9356077904444325
5903.0			0.9714057327069541
5903.9			0.9992258688732312
5904.8			1.0
5905.700000000001			1.0
5906.6			1.0
5907.5			1.0
5908.4			1.0
5909.3			1.0
5910.200000000001			1.0
5911.1			1.0
5912.0			1.0
5912.9			1.0
5913.8			1.0
5914.700000000001			1.0
5915.6			1.0
5916.5			1.0
5917.4			1.0
5918.3			1.0
5919.200000000001			1.0
5920.1			1.0
5921.0			1.0
5921.9			1.0
5922.8			1.0
5923.700000000001			1.0
5924.6			1.0
5925.5			1.0
5926.4			1.0
5927.3			1.0
5928.200000000001			1.0
5929.1			1.0
5930.0			1.0
5930.9			1.0
5931.8			1.0
5932.700000000001			1.0
5933.6			1.0
5934.5			1.0
5935.4			1.0
5936.3			1.0
5937.200000000001			1.0
5938.1			1.0
5939.0			1.0
5939.9			1.0
5940.8			1.0
5941.700000000001			1.0
5942.6			1.0
5943.5			1.0
5944.4			1.0
5945.3			1.0
5946.200000000001			1.0
5947.1			1.0
5948.0			1.0
5948.9			1.0
5949.8			1.0
5950.700000000001			1.0
5951.6			1.0
5952.5			1.0
5953.4			1.0
5954.3			1.0
5955.200000000001			1.0
5956.1			1.0
5957.0			1.0
5957.9			1.0
5958.8			1.0
5959.700000000001			1.0
5960.6			1.0
5961.5			1.0
5962.4			1.0
5963.3			1.0
5964.200000000001			1.0
5965.1			1.0
5966.0			1.0
5966.9			1.0
5967.8			1.0
5968.700000000001			1.0
5969.6			1.0
5970.5			1.0
5971.4			1.0
5972.3			1.0
5973.200000000001			1.0
5974.1			0.9980752951783031
5975.0			0.9854073933220606
5975.9			0.9662364794545226
5976.8			0.947106256502055
5977.700000000001			0.9348847368060935
5978.6			0.9434299860929458
5979.5			0.9687179281834531
5980.4			0.9929472735744461
5981.3			1.0002777208000342
5982.200000000001			1.0
5983.1			1.0
5984.0			1.0
5984.9			1.0
5985.8			1.0
5986.700000000001			1.0
5987.6			1.0
5988.5			1.0
5989.4			1.0
5990.3			1.0
5991.200000000001			1.0
5992.1			1.0
5993.0			1.0
5993.9			1.0
5994.8			1.0
5995.700000000001			1.0
5996.6			1.0
5997.5			1.0
5998.4			1.0
5999.3			1.0
6000.200000000001			1.0
6001.1			1.0
6002.0			1.0
6002.9			1.0
6003.8			1.0
6004.700000000001			1.0
6005.6			0.996333476247719
6006.5			0.9710107148157764
6007.4			0.942910969850694
6008.3			0.936543357521504
6009.200000000001			0.9642063746521455
6010.1			0.9968697065166183
6011.0			1.0
6011.9			0.9736525100180472
6012.8			0.9450019199811597
6013.700000000001			0.9464295394006336
6014.6			0.9659714152238964
6015.5			0.9597465976865036
6016.4			0.9348182084688597
6017.3			0.9325113669048066
6018.200000000001			0.9483356791352094
6019.1			0.9477179106820843
6020.0			0.9265462408828626
6020.9			0.9070437380216436
6021.8			0.9083985006976281
6022.700000000001			0.9218156833467245
6023.6			0.932882530058209
6024.5			0.947246701651449
6025.4			0.9685363802942968
6026.3			0.9793421807967534
6027.200000000001			0.9823357212142145
6028.1			0.9922485121440922
6029.0			1.0030803054054092
6029.9			1.0008893807942847
6030.8			1.0
6031.700000000001			1.0
6032.6			1.0
6033.5			1.0
6034.4			1.0
6035.3			1.0
6036.200000000001			1.0
6037.1			1.0
6038.0			1.0
6038.9			1.0
6039.8			1.0
6040.700000000001			1.0
6041.6			1.0
6042.5			1.0
6043.4			1.0
6044.3			1.0
6045.200000000001			1.0
6046.1			1.0
6047.0			1.0
6047.9			1.0
6048.8			1.0
6049.700000000001			1.0
6050.6			1.0
6051.5			1.0
6052.4			1.0
6053.3			1.0
6054.200000000001			1.0
6055.1			1.0
6056.0			1.0
6056.9			1.0
6057.8			1.0
6058.700000000001			1.0
6059.6			1.0
6060.5			1.0
6061.4			1.0
6062.3			0.9796165039864533
6063.200000000001			0.9546792478017347
6064.1			0.9204110859073631
6065.0			0.8964763577031251
6065.9			0.9165290795882414
6066.8			0.9650198771236201
6067.700000000001			0.9985747220225407
6068.6			1.0
6069.5			1.0
6070.4			1.0
6071.3			1.0
6072.200000000001			1.0
6073.1			1.0
6074.0			1.0
6074.9			1.0
6075.8			1.0
6076.700000000001			1.0
6077.6			1.0
6078.5			1.0
6079.4			1.0
6080.3			1.0
6081.200000000001			1.0
6082.1			1.0
6083.0			1.0
6083.9			1.0
6084.8			1.0
6085.700000000001			1.0
6086.6			1.0
6087.5			1.0
6088.4			1.0
6089.3			1.0
6090.200000000001			1.0
6091.1			1.0
6092.0			1.0
6092.9			1.0
6093.8			1.0
6094.700000000001			1.0
6095.6			1.0
6096.5			1.0
6097.4			1.0
6098.3			1.0
6099.200000000001			1.0
6100.1			0.9840198622838765
6101.0			0.9004398512219369
6101.9			0.7789988704698979
6102.8			0.7331665718587336
6103.700000000001			0.81484666034686
6104.6			0.9340757267370637
6105.5			1.0002370584558884
6106.4			1.0
6107.3			1.0
6108.200000000001			1.0
6109.1			1.0
6110.0			1.0
6110.9			1.0
6111.8			1.0
6112.700000000001			1.0
6113.6			1.0
6114.5			1.0
6115.4			1.0
6116.3			1.0
6117.200000000001			1.0
6118.1			0.9961417912647077
6119.0			0.9651087080986965
6119.9			0.891949762789769
6120.8			0.7712704299349199
6121.700000000001			0.6641373863148196
6122.6			0.6764212497027297
6123.5			0.8076158862310279
6124.4			0.941320306445578
6125.3			1.0018356645778312
6126.200000000001			1.0
6127.1			1.0
6128.0			1.0
6128.9			1.0
6129.8			1.0
6130.700000000001			1.0
6131.6			1.0
6132.5			1.0
6133.4			1.0
6134.3			0.9601285433992295
6135.200000000001			0.8967530261279855
6136.1			0.8261387283981382
6137.0			0.7972810404472039
6137.9			0.8488185090108437
6138.8			0.9428827256186114
6139.700000000001			0.9993822545676463
6140.6			1.0
6141.5			1.0
6142.4			1.0
6143.3			1.0
6144.200000000001			1.0
6145.1			1.0
6146.0			1.0
6146.9			1.0
6147.8			1.0
6148.700000000001			1.0
6149.6			1.0
6150.5			1.0
6151.4			1.0
6152.3			1.0
6153.200000000001			1.0
6154.1			1.0
6155.0			1.0
6155.9			1.0
6156.8			1.0
6157.700000000001			0.9967274510297829
6158.6			0.970699044100823
6159.5			0.8961480162950316
6160.4			0.7548789998826614
6161.3			0.6068815373476517
6162.200000000001			0.5587863469982595
6163.1			0.6471130384066321
6164.0			0.8006020838918406
6164.9			0.9205762181394903
6165.8			0.9798900810650762
6166.700000000001			1.0075958888677814
6167.6			1.0
6168.5			1.0
6169.4			1.0
6170.3			1.0
6171.200000000001			1.0
6172.1			1.0
6173.0			1.0
6173.9			1.0
6174.8			1.0
6175.700000000001			1.0
6176.6			1.0
6177.5			1.0
6178.4			1.0
6179.3			1.0
6180.200000000001			1.0
6181.1			1.0
6182.0			1.0
6182.9			1.0
6183.8			1.0
6184.700000000001			1.0
6185.6			1.0
6186.5			1.0
6187.4			0.9874596235662536
6188.3			0.9854860280362507
6189.200000000001			0.9708588801220683
6190.1			0.922761090679344
6191.0			0.8686914589402396
6191.9			0.8680669861292737
6192.8			0.9219739576925865
6193.700000000001			0.973819258018637
6194.6			0.9995561207714013
6195.5			1.0
6196.4			1.0
6197.3			0.9901918378697798
6198.200000000001			0.9563895597745038
6199.1			0.9190386239795197
6200.0			0.9157460152592836
6200.9			0.9484667252491588
6201.8			0.9833242433467609
6202.700000000001			0.9968613885883437
6203.6			1.0
6204.5			1.0
6205.4			1.0
6206.3			1.0
6207.200000000001			1.0
6208.1			1.0
6209.0			1.0
6209.9			1.0
6210.8			1.0
6211.700000000001			1.0
6212.6			0.9835925282986517
6213.5			0.9460182299113749
6214.4			0.9167594593396339
6215.3			0.9131598504374902
6216.200000000001			0.9375320955269365
6217.1			0.978309363431812
6218.0			1.0010753131067849
6218.9			1.0
6219.8			1.0
6220.700000000001			1.0
6221.6			1.0
6222.5			1.0
6223.4			1.0
6224.3			1.0
6225.200000000001			1.0
6226.1			1.0
6227.0			1.0000236672134026
6227.9			0.9903450961628696
6228.8			0.9616911118229116
6229.700000000001			0.9076212956764327
6230.6			0.8672828838454099
6231.5			0.877099835594211
6232.4			0.916240447292891
6233.3			0.9584345522096108
6234.200000000001			1.0010762734070153
6235.1			1.0
6236.0			1.0090418402718662
6236.9			0.9993863654656497
6237.8			0.973379962223644
6238.700000000001			0.9313083523103334
6239.6			0.9023735316510749
6240.5			0.9101572445686599
6241.4			0.9237889608379836
6242.3			0.909128646145744
6243.200000000001			0.9008709500074255
6244.1			0.9275213402457055
6245.0			0.9512175659629774
6245.9			0.9542129935121174
6246.8			0.9677328325563848
6247.700000000001			1.0
6248.6			1.0167797807820236
6249.5			1.01810684182283
6250.4			1.00118056509754
6251.3			0.9590152542784347
6252.200000000001			0.919547961994078
6253.1			0.9165061291960445
6254.0			0.9420897134609778
6254.9			0.9652296239515455
6255.8			0.9568726909004248
6256.700000000001			0.9108353648627883
6257.6			0.8514527033252363
6258.5			0.8302437622158875
6259.4			0.8645281874337922
6260.3			0.9130734163379857
6261.200000000001			0.9540832483003887
6262.1			1.0048017823028323
6263.0			1.0440425109927216
6263.9			1.035955979493383
6264.8			1.0031454906523727
6265.700000000001			0.996534575830315
6266.6			1.0156039787691595
6267.5			1.0177485306026515
6268.4			0.999763786331131
6269.3			1.0
6270.200000000001			1.0
6271.1			1.0
6272.0			1.0
6272.9			1.0
6273.8			1.0
6274.700000000001			1.0
6275.6			1.0
6276.5			1.0
6277.4			1.0
6278.3			1.0
6279.200000000001			1.0
6280.1			1.0
6281.0			1.0
6281.9			1.0
6282.8			1.0
6283.700000000001			1.0
6284.6			1.0
6285.5			1.0
6286.4			1.0
6287.3			1.0
6288.200000000001			1.0
6289.1			1.0
6290.0			1.0
6290.9			1.0
6291.8			1.0
6292.700000000001			1.0
6293.6			1.0
6294.5			1.0
6295.4			0.9753922573394159
6296.3			0.9395037671810125
6297.200000000001			0.9305092829701709
6298.1			0.9582669478574557
6299.0			0.9868527865356987
6299.9			0.9803234666727438
6300.8			0.9389917093052825
6301.700000000001			0.9081486284800794
6302.6			0.9162379929269031
6303.5			0.9398925133238722
6304.4			0.9394077212504155
6305.3			0.9258027911676866
6306.200000000001			0.9398491973094925
6307.1			0.9776900143318158
6308.0			0.9971902965046145
6308.9			1.0
6309.8			1.0
6310.700000000001			1.0
6311.6			1.0
6312.5			1.0
6313.4			1.0028185936774723
6314.3			0.9917560714606155
6315.200000000001			0.980762407769819
6316.1			0.9774362647838143
6317.0			0.9587613573419445
6317.9			0.9360372013878432
6318.8			0.9490943780871891
6319.700000000001			0.9916923245743187
6320.6			1.0173433976458643
6321.5			1.0117828842062078
6322.4			0.999762218911208
6323.3			1.0
6324.200000000001			1.0
6325.1			1.0
6326.0			1.0
6326.9			1.0
6327.8			1.0
6328.700000000001			1.0
6329.6			1.0
6330.5			1.0
6331.4			1.0
6332.3			1.0
6333.200000000001			1.0049332830919953
6334.1			0.9695236181428549
6335.0			0.9153042345098469
6335.9			0.8881524562561401
6336.8			0.9128832793046644
6337.700000000001			0.9614002041069442
6338.6			0.9983214559045841
6339.5			1.0
6340.4			1.0
6341.3			1.0
6342.200000000001			1.0
6343.1			1.0
6344.0			1.0
6344.9			1.0
6345.8			1.0
6346.700000000001			1.0
6347.6			1.0
6348.5			1.0
6349.4			1.0
6350.3			1.0
6351.200000000001			1.0
6352.1			1.0
6353.0			1.0
6353.9			1.0
6354.8			1.0
6355.700000000001			1.0003116320627041
6356.6			1.000555015415196
6357.5			0.9791282915014792
6358.4			0.9469807221413176
6359.3			0.9292149246264165
6360.200000000001			0.9241137920723048
6361.1			0.9128325773907325
6362.0			0.8971822406922249
6362.9			0.9002753488475206
6363.8			0.9303567913874674
6364.700000000001			0.9615349471394589
6365.6			0.9795709262825409
6366.5			0.9887517496429513
6367.4			0.9961345704672856
6368.3			0.9999966783533775
6369.200000000001			1.0
6370.1			1.0
6371.0			1.0
6371.9			1.0
6372.8			1.0
6373.700000000001			1.0
6374.6			1.0
6375.5			1.0023682922146713
6376.4			1.0043581952114795
6377.3			0.9973133227233572
6378.200000000001			0.9771620477523141
6379.1			0.949625829693719
6380.0			0.9218819043744456
6380.9			0.9068667359453642
6381.8			0.928224761370947
6382.700000000001			0.9761219803201371
6383.6			1.008922752765072
6384.5			1.013095145350217
6385.4			1.0095354364040496
6386.3			1.002854175092547
6387.200000000001			1.0
6388.1			1.0
6389.0			1.0
6389.9			1.0
6390.8			1.0
6391.700000000001			0.9721329499354474
6392.6			0.9189278224062924
6393.5			0.8976233647368904
6394.4			0.9374624575900645
6395.3			0.9990763339117142
6396.200000000001			1.0
6397.1			1.0
6398.0			1.0
6398.9			1.0
6399.8			1.0
6400.700000000001			1.0
6401.6			1.0
6402.5			1.0
6403.4			1.0
6404.3			1.0
6405.200000000001			1.0
6406.1			1.0
6407.0			1.0
6407.9			1.0
6408.8			1.011324194923915
6409.700000000001			1.0137640792931921
6410.6			0.9785457980814033
6411.5			0.943304004290209
6412.4			0.9470231568816674
6413.3			0.9737572960186824
6414.200000000001			0.9971535536421888
6415.1			1.0
6416.0			1.0
6416.9			1.0
6417.8			0.9875433822819132
6418.700000000001			0.9675861691371308
6419.6			0.936224877754125
6420.5			0.910159362916166
6421.4			0.9206481076751635
6422.3			0.9646422795726426
6423.200000000001			1.0000629104462717
6424.1			1.0
6425.0			1.0
6425.9			1.0
6426.8			1.0
6427.700000000001			0.9947042692958271
6428.6			0.9803794492816722
6429.5			0.9530315928092437
6430.4			0.923428515423602
6431.3			0.9267633622764085
6432.200000000001			0.9638994307262421
6433.1			0.9993332906832925
6434.0			1.0
6434.9			1.0
6435.8			1.0
6436.700000000001			0.9635619878982068
6437.6			0.874110377804553
6438.5			0.7805455803676913
6439.4			0.7767304583773917
6440.3			0.8645132525556493
6441.200000000001			0.9543438430632362
6442.1			0.9999258711539913
6443.0			1.0
6443.9			1.0
6444.8			1.0
6445.700000000001			1.0
6446.6			1.0029477204398778
6447.5			0.9736590287535244
6448.4			0.9023300343028685
6449.3			0.8369125698135653
6450.200000000001			0.8471265052164229
6451.1			0.9229540308683499
6452.0			0.9979297653490062
6452.9			1.0
6453.8			1.0
6454.700000000001			1.0
6455.6			1.0
6456.5			1.0
6457.4			1.0
6458.3			1.0
6459.200000000001			1.0
6460.1			0.9672896706145498
6461.0			0.8839991814802742
6461.9			0.7901039620915248
6462.8			0.771444914956308
6463.700000000001			0.8443616642638225
6464.6			0.9380941783262886
6465.5			0.9989276618480372
6466.4			1.0
6467.3			1.0
6468.200000000001			1.0
6469.1			0.9916257078322257
6470.0			0.9675003401824406
6470.9			0.9326287925281133
6471.8			0.924939020308124
6472.700000000001			0.9582489704142362
6473.6			0.9918982237502301
6474.5			1.0005722641230104
6475.4			1.0
6476.3			1.0
6477.200000000001			1.0
6478.1			1.0
6479.0			1.0
6479.9			1.0
6480.8			1.0
6481.700000000001			1.0
6482.6			1.0
6483.5			1.0
6484.4			1.0
6485.3			1.0
6486.200000000001			1.0
6487.1			1.0
6488.0			1.0
6488.9			1.0
6489.8			1.0077570727570822
6490.700000000001			1.0122782141155482
6491.6			0.9913379602390819
6492.5			0.9178827242194613
6493.4			0.8234887275591294
6494.3			0.785414887422809
6495.200000000001			0.8314770890574995
6496.1			0.9170594573074196
6497.0			0.9861832041569076
6497.9			1.0109297608140966
6498.8			1.006499670030156
6499.700000000001			1.0
6500.6			1.0
6501.5			1.0
6502.4			1.0
6503.3			1.0
6504.200000000001			1.0
6505.1			1.0
6506.0			1.0
6506.9			1.0
6507.8			1.0
6508.700000000001			1.0
6509.6			1.0
6510.5			1.0
6511.4			1.0
6512.3			1.0
6513.200000000001			1.0
6514.1			1.0
6515.0			1.0
6515.9			1.0
6516.8			1.0
6517.700000000001			1.0
6518.6			1.0
6519.5			1.0
6520.4			1.0
6521.3			1.0
6522.200000000001			1.0
6523.1			1.0
6524.0			1.0
6524.9			1.0
6525.8			1.0
6526.700000000001			1.0
6527.6			1.0
6528.5			1.0
6529.4			1.0
6530.3			1.0
6531.200000000001			1.0
6532.1			1.0
6533.0			1.0
6533.9			1.0
6534.8			1.0
6535.700000000001			1.0
6536.6			1.0
6537.5			1.0
6538.4			1.0
6539.3			1.0
6540.200000000001			1.0
6541.1			1.0
6542.0			1.0
6542.9			1.0
6543.8			0.9892341931104112
6544.700000000001			0.9711620718366619
6545.6			0.9455039604991408
6546.5			0.9387671339128449
6547.4			0.9605217818596097
6548.3			0.98680404795322
6549.200000000001			1.0007943157587154
6550.1			1.0
6551.0			1.0
6551.9			1.0
6552.8			1.0
6553.700000000001			1.0
6554.6			1.0
6555.5			1.0
6556.4			1.0
6557.3			1.0
6558.200000000001			1.0
6559.1			1.0
6560.0			0.9976899616039459
6560.9			0.9495543451524565
6561.8			0.861842814031484
6562.700000000001			0.8130259004837583
6563.6			0.859808062978108
6564.5			0.9462398811824845
6565.4			1.0006381132874365
6566.3			1.0
6567.200000000001			1.0
6568.1			1.0
6569.0			1.0
6569.9			0.9967819404607895
6570.8			0.992098253660841
6571.700000000001			0.9619650484784062
6572.6			0.9282616244816072
6573.5			0.9216811257965931
6574.4			0.9383681081648296
6575.3			0.9637714582263324
6576.200000000001			0.9879287724622458
6577.1			0.999121926575246
6578.0			1.0
6578.9			1.0
6579.8			1.0
6580.700000000001			1.0
6581.6			1.0
6582.5			1.0
6583.4			1.0
6584.3			1.0
6585.200000000001			1.0
6586.1			1.0
6587.0			1.0
6587.9			1.0
6588.8			1.0
6589.700000000001			1.0
6590.6			0.9810845134836887
6591.5			0.9379401886277811
6592.4			0.8895308960908157
6593.3			0.8780983225657004
6594.200000000001			0.9180705128288423
6595.1			0.9714572793496078
6596.0			0.9994428543254934
6596.9			1.0
6597.8			1.0
6598.700000000001			1.0
6599.6			1.0
6600.5			1.0
6601.4			1.0
6602.3			1.0
6603.200000000001			1.0
6604.1			0.985838546343885
6605.0			0.9670125266576822
6605.9			0.9582728045682349
6606.8			0.9578368203624268
6607.700000000001			0.9506051514178866
6608.6			0.9417882156367738
6609.5			0.9523891339540173
6610.4			0.9803661298729007
6611.3			1.000741185905401
6612.200000000001			1.0018107008588057
6613.1			0.9986810849421786
6614.0			1.0
6614.9			1.0
6615.8			1.0
6616.700000000001			1.0
6617.6			1.0
6618.5			1.0
6619.4			1.0
6620.3			1.0
6621.200000000001			1.0
6622.1			1.0
6623.0			1.0
6623.9			1.0
6624.8			1.0
6625.700000000001			1.0
6626.6			1.0
6627.5			1.0
6628.4			1.0
6629.3			1.0
6630.200000000001			1.0
6631.1			1.0
6632.0			1.0
6632.9			1.0
6633.8			1.0
6634.700000000001			1.0
6635.6			1.0
6636.5			1.0
6637.4			1.0
6638.3			1.0
6639.200000000001			1.0
6640.1			1.0
6641.0			1.0
6641.9			1.0
6642.8			1.0
6643.700000000001			1.0
6644.6			1.0
6645.5			1.0
6646.4			1.0
6647.3			1.0
6648.200000000001			1.0
6649.1			1.0
6650.0			1.0
6650.9			1.0
6651.8			1.0
6652.700000000001			1.0
6653.6			1.0
6654.5			1.0
6655.4			1.0
6656.3			0.999892007751054
6657.200000000001			0.9995428441932757
6658.1			1.0011604693105167
6659.0			0.9966054505812422
6659.9			0.9821235055387072
6660.8			0.9660523536955835
6661.700000000001			0.9529033628071089
6662.6			0.9408537846964969
6663.5			0.9389100760789035
6664.4			0.949606060803599
6665.3			0.9581934359094857
6666.200000000001			0.9610167228570599
6667.1			0.9641738994355601
6668.0			0.9702087355417979
6668.9			0.9808169004469987
6669.8			0.9927746609167387
6670.700000000001			1.0002727951745112
6671.6			1.0
6672.5			1.0
6673.4			1.0
6674.3			1.0
6675.200000000001			0.9970314970325165
6676.1			0.9728026164086111
6677.0			0.9274617122501162
6677.9			0.9050119527604605
6678.8			0.934248264093141
6679.700000000001			0.980530116824339
6680.6			1.0027015378112962
6681.5			1.0
6682.4			1.0
6683.3			1.0
6684.200000000001			1.0
6685.1			1.0
6686.0			1.0
6686.9			1.0
6687.8			1.0
6688.700000000001			1.0
6689.6			1.0
6690.5			1.0
6691.4			1.0
6692.3			1.0
6693.200000000001			1.0
6694.1			1.0
6695.0			1.0
6695.9			1.0
6696.8			1.0
6697.700000000001			1.0
6698.6			1.0
6699.5			1.0
6700.4			1.0
6701.3			1.0
6702.200000000001			1.0
6703.1			1.0
6704.0			1.0
6704.9			1.0
6705.8			1.0
6706.700000000001			1.0
6707.6			1.0
6708.5			1.0
6709.4			1.0
6710.3			1.0
6711.200000000001			1.0
6712.1			1.0
6713.0			1.0
6713.9			1.0
6714.8			0.9824134842441231
6715.700000000001			0.947741235525103
6716.6			0.8977208356033757
6717.5			0.8782699971182947
6718.4			0.9164676344504935
6719.3			0.9708269224489937
6720.200000000001			0.9996301443602238
6721.1			1.0
6722.0			1.0
6722.9			1.0
6723.8			1.0
6724.700000000001			1.0
6725.6			1.0
6726.5			1.0
6727.4			1.0
6728.3			1.0
6729.200000000001			1.0
6730.1			1.0
6731.0			1.0
6731.9			1.0
6732.8			1.0
6733.700000000001			1.0
6734.6			1.0
6735.5			1.0
6736.4			1.0
6737.3			1.0
6738.200000000001			1.0
6739.1			1.0
6740.0			1.0
6740.9			1.0
6741.8			1.0
6742.700000000001			1.0
6743.6			1.0
6744.5			1.0
6745.4			1.0
6746.3			1.0
6747.200000000001			1.0
6748.1			1.0
6749.0			1.0
6749.9			1.0
6750.8			1.0
6751.700000000001			1.0
6752.6			1.0
6753.5			1.0
6754.4			1.0
6755.3			1.0
6756.200000000001			1.0
6757.1			1.0
6758.0			1.0
6758.9			1.0
6759.8			1.0
6760.700000000001			1.0
6761.6			1.0
6762.5			1.0
6763.4			1.0
6764.3			0.9909209618286207
6765.200000000001			0.9939579274001393
6766.1			0.992577135170519
6767.0			0.9742947210437825
6767.9			0.9557897615910727
6768.8			0.9600925854931933
6769.700000000001			0.9844521780490214
6770.6			1.0029075927684594
6771.5			0.9999543734835868
6772.4			1.0
6773.3			1.0
6774.200000000001			1.0
6775.1			1.0
6776.0			1.0
6776.9			1.0
6777.8			1.0
6778.700000000001			1.0
6779.6			1.0
6780.5			1.0
6781.4			1.0
6782.3			1.0
6783.200000000001			1.0
6784.1			1.0
6785.0			1.0
6785.9			1.0
6786.8			1.0
6787.700000000001			1.0
6788.6			1.0
6789.5			1.0
6790.4			1.0
6791.3			1.0
6792.200000000001			1.0
6793.1			1.0
6794.0			1.0
6794.9			1.0
6795.8			1.0
6796.700000000001			1.0
6797.6			1.0
6798.5			1.0
6799.4			1.0
6800.3			1.0
6801.200000000001			1.0
6802.1			1.0
6803.0			1.0
6803.9			1.0
6804.8			1.0
6805.700000000001			1.0
6806.6			1.0
6807.5			1.0
6808.4			1.0
6809.3			1.0
6810.200000000001			1.0
6811.1			1.0
6812.0			1.0
6812.9			1.0
6813.8			1.0
6814.700000000001			1.0
6815.6			1.0
6816.5			1.0
6817.4			1.0
6818.3			1.0
6819.200000000001			1.0
6820.1			1.0
6821.0			1.0
6821.9			1.0
6822.8			1.0
6823.700000000001			1.0
6824.6			1.0
6825.5			1.0
6826.4			1.0
6827.3			1.0
6828.200000000001			1.0
6829.1			1.0
6830.0			1.0
6830.9			1.0
6831.8			1.0
6832.700000000001			1.0
6833.6			1.0
6834.5			1.0
6835.4			1.0
6836.3			1.0
6837.200000000001			1.0
6838.1			1.0
6839.0			1.0
6839.9			1.0
6840.8			1.0
6841.700000000001			1.0
6842.6			1.0
6843.5			1.0
6844.4			1.0
6845.3			1.0
6846.200000000001			1.0
6847.1			1.0
6848.0			1.0
6848.9			0.9979201554415209
6849.8			0.9806764119281945
6850.700000000001			0.9678139628638177
6851.6			0.968245564189879
6852.5			0.9702049711521948
6853.4			0.9679292973462452
6854.3			0.962033688234233
6855.200000000001			0.956742193641017
6856.1			0.9581087142817233
6857.0			0.9631701561757432
6857.9			0.963373067704598
6858.8			0.958071783294918
6859.700000000001			0.9496198645698493
6860.6			0.9390890574158307
6861.5			0.9392032512604337
6862.4			0.9648017746777089
6863.3			1.00128396846452
6864.200000000001			1.0133948631831162
6865.1			0.991959387851669
6866.0			0.9725871230200926
6866.9			0.9827815571054925
6867.8			0.9983182880826539
6868.700000000001			0.989724900847192
6869.6			0.973899809877122
6870.5			0.9713951821251595
6871.4			0.9809411130643111
6872.3			0.9947923835106358
6873.200000000001			1.0
6874.1			0.9997657762135378
6875.0			1.0121801188539057
6875.9			1.0284550009077935
6876.8			1.033536162246632
6877.700000000001			1.0372180208347992
6878.6			1.0377391492166812
6879.5			1.0110017229854904
6880.4			0.9648595567955416
6881.3			0.9321482399951185
6882.200000000001			0.9280405519146442
6883.1			0.9509446598544817
6884.0			0.9781755741629267
6884.9			0.978386828283515
6885.8			0.9728988189841308
6886.700000000001			1.001579471136594
6887.6			1.0315604621479908
6888.5			1.0214888669693372
6889.4			0.9995082517095177
6890.3			1.0000244689861213
6891.200000000001			1.0
6892.1			1.0
6893.0			1.0
6893.9			1.0
6894.8			1.0
6895.700000000001			1.0
6896.6			1.0
6897.5			1.0
6898.4			1.0034635537033962
6899.3			0.9898256343668499
6900.200000000001			0.9627753173986208
6901.1			0.9398598347084256
6902.0			0.9476264700458684
6902.9			0.982329716113124
6903.8			1.0023586307820036
6904.700000000001			1.0
6905.6			1.0
6906.5			1.0
6907.4			1.0
6908.3			1.0
6909.200000000001			1.0
6910.1			1.0
6911.0			1.0
6911.9			1.0
6912.8			1.0032274177892593
6913.700000000001			0.9987642246191019
6914.6			0.988718516618411
6915.5			0.9718250139895357
6916.4			0.9579548275770391
6917.3			0.9467901484418496
6918.200000000001			0.9306673787868879
6919.1			0.9351525384415225
6920.0			0.9755308473866197
6920.9			1.0208107926560486
6921.8			1.0385056174490976
6922.700000000001			1.0258622353702531
6923.6			0.9993570532638084
6924.5			1.0
6925.4			1.0
6926.3			1.0
6927.200000000001			1.0
6928.1			1.0
6929.0			1.0
6929.9			1.0
6930.8			1.0
6931.700000000001			1.0
6932.6			1.0
6933.5			1.0
6934.4			1.0
6935.3			1.0
6936.200000000001			1.0
6937.1			1.0
6938.0			1.0
6938.9			1.0
6939.8			1.0
6940.700000000001			1.0
6941.6			1.0
6942.5			1.0
6943.4			1.0
6944.3			1.0
6945.200000000001			1.0
6946.1			1.0
6947.0			1.0
6947.9			1.0
6948.8			1.0
6949.700000000001			1.0
6950.6			1.0
6951.5			1.0
6952.4			1.0
6953.3			1.0
6954.200000000001			1.0
6955.1			1.0
6956.0			1.0
6956.9			1.0
6957.8			1.0
6958.700000000001			1.0
6959.6			1.0
6960.5			1.0
6961.4			1.0
6962.3			1.0
6963.200000000001			1.0
6964.1			1.0
6965.0			1.0
6965.9			1.0
6966.8			1.0
6967.700000000001			1.0
6968.6			1.0
6969.5			1.0
6970.4			1.0
6971.3			1.0
6972.200000000001			1.0
6973.1			1.0
6974.0			1.0
6974.9			1.001786144330459
6975.8			0.991883485427615
6976.700000000001			0.9541066847986643
6977.6			0.9083884940614863
6978.5			0.8953398911903508
6979.4			0.9218203124583677
6980.3			0.956054014517698
6981.200000000001			0.9816610649834697
6982.1			0.9997575766692295
6983.0			1.0
6983.9			1.0
6984.8			1.0
6985.700000000001			1.0
6986.6			1.0
6987.5			1.0
6988.4			1.0
6989.3			1.0
6990.200000000001			1.0
6991.1			1.0
6992.0			1.0
6992.9			1.0
6993.8			1.0
6994.700000000001			1.0
6995.6			1.0
6996.5			1.0
6997.4			1.0
6998.3			1.0
6999.200000000001			1.0
7000.1			1.0
7001.0			1.0
7001.9			1.0
7002.8			1.0
7003.700000000001			1.0
7004.6			1.0
7005.5			1.0
7006.4			1.0
7007.3			1.0
7008.200000000001			1.0
7009.1			1.0
7010.0			1.0
7010.9			1.0
7011.8			1.0
7012.700000000001			1.0
7013.6			1.0
7014.5			1.0
7015.4			1.0
7016.3			1.0
7017.200000000001			1.0
7018.1			1.0
7019.0			1.0
7019.9			1.0
7020.8			1.0
7021.700000000001			1.0
7022.6			1.0
7023.5			1.0
7024.4			1.0
7025.3			1.0
7026.200000000001			1.0
7027.1			1.0
7028.0			1.0
7028.9			1.0
7029.8			1.0
7030.700000000001			1.0
7031.6			1.0
7032.5			1.0
7033.4			1.0
7034.3			1.0
7035.200000000001			1.0
7036.1			1.0
7037.0			1.0
7037.9			1.0
7038.8			1.0
7039.700000000001			1.0
7040.6			1.0
7041.5			1.0
7042.4			1.0
7043.3			1.0
7044.200000000001			1.0
7045.1			1.0
7046.0			1.0
7046.9			1.0
7047.8			1.0
7048.700000000001			1.0
7049.6			1.0
7050.5			1.0
7051.4			1.0
7052.3			1.0
7053.200000000001			1.0
7054.1			1.0
7055.0			1.0
7055.9			1.0
7056.8			1.0
7057.700000000001			1.0
7058.6			1.0
7059.5			1.0
7060.4			1.0
7061.3			1.0
7062.200000000001			1.0
7063.1			1.0
7064.0			1.0
7064.9			1.0
7065.8			1.0
7066.700000000001			1.0
7067.6			1.0
7068.5			1.0
7069.4			1.0
7070.3			1.0
7071.200000000001			1.0
7072.1			1.0
7073.0			1.0
7073.9			1.0
7074.8			1.0
7075.700000000001			1.0
7076.6			1.0
7077.5			1.0
7078.4			1.0
7079.3			1.0
7080.200000000001			1.0
7081.1			1.0
7082.0			1.0
7082.9			1.0
7083.8			1.0
7084.700000000001			1.0
7085.6			1.0
7086.5			1.0
7087.4			1.0
7088.3			1.0
7089.200000000001			1.0
7090.1			1.0
7091.0			1.0
7091.9			1.0
7092.8			1.0
7093.700000000001			1.0
7094.6			1.0
7095.5			1.0
7096.4			1.0
7097.3			1.0
7098.200000000001			1.0
7099.1			1.0
7100.0			1.0
7100.9			1.0
7101.8			1.0
7102.700000000001			1.0
7103.6			1.0
7104.5			1.0
7105.4			1.0
7106.3			1.0
7107.200000000001			1.0
7108.1			1.0
7109.0			1.0
7109.9			1.0
7110.8			1.0
7111.700000000001			1.0
7112.6			1.0
7113.5			1.0
7114.4			1.0
7115.3			1.0
7116.200000000001			1.0
7117.1			1.0
7118.0			1.0
7118.9			1.0
7119.8			1.0
7120.700000000001			1.0
7121.6			1.0
7122.5			1.0
7123.4			1.0
7124.3			1.0
7125.200000000001			1.0
7126.1			1.0
7127.0			1.0
7127.9			1.0
7128.8			1.0
7129.700000000001			1.0
7130.6			1.0
7131.5			1.0
7132.4			1.0
7133.3			1.0
7134.200000000001			1.0
7135.1			1.0
7136.0			1.0
7136.9			1.0
7137.8			1.0
7138.700000000001			1.0
7139.6			1.0
7140.5			1.0
7141.4			1.0
7142.3			1.0
7143.200000000001			1.0
7144.1			1.0
7145.0			1.0
7145.9			1.0
7146.8			1.0
7147.700000000001			1.0
7148.6			1.0
7149.5			1.0
7150.4			1.0
7151.3			1.0
7152.200000000001			1.0
7153.1			1.0
7154.0			1.0
7154.9			1.0
7155.8			1.0
7156.700000000001			1.0
7157.6			1.0
7158.5			1.0
7159.4			1.0
7160.3			1.0
7161.200000000001			1.0
7162.1			1.0
7163.0			1.0
7163.9			1.0
7164.8			1.0
7165.700000000001			1.0
7166.6			1.0
7167.5			1.0
7168.4			1.0
7169.3			1.0
7170.200000000001			1.0
7171.1			1.0
7172.0			1.0
7172.9			1.0
7173.8			1.0
7174.700000000001			1.0
7175.6			1.0
7176.5			1.0
7177.4			1.0
7178.3			1.0
7179.200000000001			1.0
7180.1			1.0
7181.0			1.0
7181.9			1.0
7182.8			1.0
7183.700000000001			1.0
7184.6			1.0
7185.5			1.0
7186.4			1.0
7187.3			1.0
7188.200000000001			1.0
7189.1			1.0
7190.0			1.0
7190.9			1.0
7191.8			1.0
7192.700000000001			1.0
7193.6			1.0
7194.5			1.0
7195.4			1.0
7196.3			1.0
7197.200000000001			1.0
7198.1			1.0
7199.0			1.0
7199.9			1.0
7200.8			1.0
7201.700000000001			1.0
7202.6			1.0
7203.5			1.0
7204.4			1.0
7205.3			1.0
7206.200000000001			1.0
7207.1			1.0
7208.0			1.0
7208.9			1.0
7209.8			1.0
7210.700000000001			1.0
7211.6			1.0
7212.5			1.0
7213.4			1.0
7214.3			1.0
7215.200000000001			1.0
7216.1			1.0
7217.0			1.0
7217.9			1.0
7218.8			1.0
7219.700000000001			1.0
7220.6			1.0
7221.5			1.0
7222.4			1.0
7223.3			1.0
7224.200000000001			1.0
7225.1			1.0
7226.0			1.0
7226.9			1.0
7227.8			1.0
7228.700000000001			1.0
7229.6			1.0
7230.5			1.0
7231.4			1.0
7232.3			1.0
7233.200000000001			1.0
7234.1			1.0
7235.0			1.0
7235.9			1.0
7236.8			1.0
7237.700000000001			1.0
7238.6			1.0
7239.5			1.0
7240.4			1.0
7241.3			1.0
7242.200000000001			1.0
7243.1			1.0
7244.0			1.0
7244.9			1.0
7245.8			1.0
7246.700000000001			1.0
7247.6			1.0
7248.5			1.0
7249.4			1.0
7250.3			1.0
7251.200000000001			1.0
7252.1			1.0
7253.0			1.0
7253.9			1.0
7254.8			1.0
7255.700000000001			1.0
7256.6			1.0
7257.5			1.0
7258.4			1.0
7259.3			1.0
7260.200000000001			1.0
7261.1			1.0
7262.0			1.0
7262.9			1.0
7263.8			1.0
7264.700000000001			1.0
7265.6			1.0
7266.5			1.0
7267.4			1.0
7268.3			1.0
7269.200000000001			1.0
7270.1			1.0
7271.0			1.0
7271.9			1.0
7272.8			1.0
7273.700000000001			1.0
7274.6			1.0
7275.5			1.0
7276.4			1.0
7277.3			1.0
7278.200000000001			1.0
7279.1			1.0
7280.0			1.0
7280.9			1.0
7281.8			1.0
7282.700000000001			1.0
7283.6			1.0
7284.5			1.0
7285.4			1.0
7286.3			1.0
7287.200000000001			1.0
7288.1			1.0
7289.0			1.0
7289.9			1.0
7290.8			1.0
7291.700000000001			1.0
7292.6			1.0
7293.5			1.0
7294.4			1.0
7295.3			1.0
7296.200000000001			1.0
7297.1			1.0
7298.0			1.0
7298.9			1.0
7299.8			1.0
7300.700000000001			1.0
7301.6			1.0
7302.5			1.0
7303.4			1.0
7304.3			1.0
7305.200000000001			1.0
7306.1			1.0
7307.0			1.0
7307.9			1.0
7308.8			1.0
7309.700000000001			1.0
7310.6			1.0
7311.5			1.0
7312.4			1.0
7313.3			1.0
7314.200000000001			1.0
7315.1			1.0
7316.0			1.0
7316.9			1.0
7317.8			1.0
7318.700000000001			1.0
7319.6			1.0
7320.5			1.0
7321.4			1.0
7322.3			1.0
7323.200000000001			1.0
7324.1			1.0
7325.0			1.0
7325.9			1.0
7326.8			1.0
7327.700000000001			1.0
7328.6			1.0
7329.5			1.0
7330.4			1.0
7331.3			1.0
7332.200000000001			1.0
7333.1			1.0
7334.0			1.0
7334.9			1.0
7335.8			1.0
7336.700000000001			1.0
7337.6			1.0
7338.5			1.0
7339.4			1.0
7340.3			1.0
7341.200000000001			1.0
7342.1			1.0
7343.0			1.0
7343.9			1.0
7344.8			1.0
7345.700000000001			1.0
7346.6			1.0
7347.5			1.0
7348.4			1.0
7349.3			1.0
7350.200000000001			1.0
7351.1			1.0
7352.0			1.0
7352.9			1.0
7353.8			1.0
7354.700000000001			1.0
7355.6			1.0
7356.5			1.0
7357.4			1.0
7358.3			1.0
7359.200000000001			1.0
7360.1			1.0
7361.0			1.0
7361.9			1.0
7362.8			1.0
7363.700000000001			1.0
7364.6			1.0
7365.5			1.0
7366.4			1.0
7367.3			1.0
7368.200000000001			1.0
7369.1			1.0
7370.0			1.0
7370.9			1.0
7371.8			1.0
7372.700000000001			1.0
7373.6			1.0
7374.5			1.0
7375.4			1.0
7376.3			1.0
7377.200000000001			1.0
7378.1			1.0
7379.0			1.0
7379.9			1.0
7380.8			1.0
7381.700000000001			1.0
7382.6			1.0
7383.5			1.0
7384.4			1.0
7385.3			1.0
7386.200000000001			1.0
7387.1			1.0
7388.0			1.0
7388.9			1.0
7389.8			1.0
7390.700000000001			1.0
7391.6			1.0
7392.5			1.0
7393.4			1.0
7394.3			1.0
7395.200000000001			1.0
7396.1			1.0
7397.0			1.0
7397.9			1.0
7398.8			1.0
7399.700000000001			1.0
7400.6			1.0
7401.5			1.0
7402.4			1.0
7403.3			1.0
7404.200000000001			1.0
7405.1			1.0
7406.0			1.0
7406.9			1.0
7407.8			1.0
7408.700000000001			1.0
7409.6			1.0
7410.5			1.0
7411.4			1.0
7412.3			1.0
7413.200000000001			1.0
7414.1			1.0
7415.0			1.0
7415.9			1.0
7416.8			1.0
7417.700000000001			1.0
7418.6			1.0
7419.5			1.0
7420.4			1.0
7421.3			1.0
7422.200000000001			1.0
7423.1			1.0
7424.0			1.0
7424.9			1.0
7425.8			1.0
7426.700000000001			1.0
7427.6			1.0
7428.5			1.0
7429.4			1.0
