3500.0			1.0
3500.9			1.0
3501.8			1.0
3502.7			1.0
3503.6			1.0
3504.5			1.0
3505.4			1.0
3506.3			1.0
3507.2			1.0
3508.1			1.0
3509.0			1.0
3509.9			1.0
3510.8			1.0
3511.7			1.0
3512.6			1.0
3513.5			1.0
3514.4			1.0
3515.3			1.0
3516.2			1.0
3517.1			1.0
3518.0			1.0
3518.9			1.0
3519.8			1.0
3520.7			1.0
3521.6			1.0
3522.5			1.0
3523.4			1.0
3524.3			1.0
3525.2			1.0
3526.1			1.0
3527.0			1.0
3527.9			1.0
3528.8			1.0
3529.7			1.0
3530.6			1.0
3531.5			1.0
3532.4			1.0
3533.3			1.0
3534.2			1.0
3535.1			1.0
3536.0			1.0
3536.9			1.0
3537.8			1.0
3538.7			1.0
3539.6			1.0
3540.5			1.0
3541.4			1.0
3542.3			1.0
3543.2			1.0
3544.1			1.0
3545.0			1.0
3545.9			1.0
3546.8			1.0
3547.7			1.0
3548.6			1.0
3549.5			1.0
3550.4			1.0
3551.3			1.0
3552.2			1.0
3553.1			1.0
3554.0			1.0
3554.9			1.0
3555.8			1.0
3556.7			1.0
3557.6			1.0
3558.5			1.0
3559.4			1.0
3560.3			1.0
3561.2			1.0
3562.1			1.0
3563.0			1.0
3563.9			1.0
3564.8			1.0
3565.7			1.0
3566.6			1.0
3567.5			1.0
3568.4			1.0
3569.3			1.0
3570.2			1.0
3571.1			1.0
3572.0			1.0
3572.9			1.0
3573.8			1.0
3574.7			1.0
3575.6			1.0
3576.5			1.0
3577.4			1.0
3578.3			1.0
3579.2			1.0
3580.1			1.0
3581.0			1.0
3581.9			1.0
3582.8			1.0
3583.7			1.0
3584.6			1.0
3585.5			1.0
3586.4			1.0
3587.3			1.0
3588.2			1.0
3589.1			1.0
3590.0			1.0
3590.9			1.0
3591.8			1.0
3592.7			1.0
3593.6			1.0
3594.5			1.0
3595.4			1.0
3596.3			1.0
3597.2			1.0
3598.1			1.0
3599.0			1.0
3599.9			1.0
3600.8			1.0
3601.7			1.0
3602.6			1.0
3603.5			1.0
3604.4			1.0
3605.3			1.0
3606.2			1.0
3607.1			1.0
3608.0			1.0
3608.9			1.0
3609.8			1.0
3610.7			1.0
3611.6			1.0
3612.5			1.0
3613.4			1.0
3614.3			1.0
3615.2			1.0
3616.1			1.0
3617.0			1.0
3617.9			1.0
3618.8			1.0
3619.7			1.0
3620.6			1.0
3621.5			1.0
3622.4			1.0
3623.3			1.0
3624.2			1.0
3625.1			1.0
3626.0			1.0
3626.9			1.0
3627.8			1.0
3628.7			1.0
3629.6			1.0
3630.5			1.0
3631.4			1.0
3632.3			1.0
3633.2			1.0
3634.1			1.0
3635.0			1.0
3635.9			1.0
3636.8			1.0
3637.7			1.0
3638.6			1.0
3639.5			1.0
3640.4			1.0
3641.3			1.0
3642.2			1.0
3643.1			1.0
3644.0			1.0
3644.9			1.0
3645.8			1.0
3646.7			1.0
3647.6			1.0
3648.5			1.0
3649.4			1.0
3650.3			1.0
3651.2			1.0
3652.1			1.0
3653.0			1.0
3653.9			1.0
3654.8			1.0
3655.7			1.0
3656.6			1.0
3657.5			1.0
3658.4			1.0
3659.3			1.0
3660.2			1.0
3661.1			1.0
3662.0			1.0
3662.9			1.0
3663.8			1.0
3664.7			1.0
3665.6			1.0
3666.5			1.0
3667.4			1.0
3668.3			1.0
3669.2			1.0
3670.1			1.0
3671.0			1.0
3671.9			1.0
3672.8			1.0
3673.7			1.0
3674.6			1.0
3675.5			1.0
3676.4			1.0
3677.3			1.0
3678.2			1.0
3679.1			1.0
3680.0			1.0
3680.9			1.0
3681.8			1.0
3682.7			1.0
3683.6			1.0
3684.5			1.0
3685.4			1.0
3686.3			1.0
3687.2			1.0
3688.1			1.0
3689.0			1.0
3689.9			1.0
3690.8			1.0
3691.7			1.0
3692.6			1.0
3693.5			1.0
3694.4			1.0
3695.3			1.0
3696.2			1.0
3697.1			1.0
3698.0			1.0
3698.9			1.0
3699.8			1.0
3700.7			1.0
3701.6			1.0
3702.5			1.0
3703.4			1.0
3704.3			1.0
3705.2			1.0
3706.1			1.0
3707.0			1.0
3707.9			1.0
3708.8			1.0
3709.7			1.0
3710.6			1.0
3711.5			1.0
3712.4			1.0
3713.3			1.0
3714.2			1.0
3715.1			1.0
3716.0			1.0
3716.9			1.0
3717.8			1.0
3718.7			1.0
3719.6			1.0
3720.5			1.0
3721.4			1.0
3722.3			1.0
3723.2			1.0
3724.1			1.0
3725.0			1.0
3725.9			1.0
3726.8			1.0
3727.7			1.0
3728.6			1.0
3729.5			1.0
3730.4			1.0
3731.3			1.0
3732.2			1.0
3733.1			1.0
3734.0			1.0
3734.9			1.0
3735.8			1.0
3736.7			1.0
3737.6			1.0
3738.5			1.0
3739.4			1.0
3740.3			1.0
3741.2			1.0
3742.1			1.0
3743.0			1.0
3743.9			1.0
3744.8			1.0
3745.7			1.0
3746.6			1.0
3747.5			1.0
3748.4			1.0
3749.3			1.0
3750.2			1.0
3751.1			1.0
3752.0			1.0
3752.9			1.0
3753.8			1.0
3754.7			1.0
3755.6			1.0
3756.5			1.0
3757.4			1.0
3758.3			1.0
3759.2			1.0
3760.1			1.0
3761.0			1.0
3761.9			1.0
3762.8			1.0
3763.7			1.0
3764.6			1.0
3765.5			1.0
3766.4			1.0
3767.3			1.0
3768.2			1.0
3769.1			1.0
3770.0			1.0
3770.9			1.0
3771.8			1.0
3772.7			1.0
3773.6			1.0
3774.5			1.0
3775.4			1.0
3776.3			1.0
3777.2			1.0
3778.1			1.0
3779.0			1.0
3779.9			1.0
3780.8			1.0
3781.7			1.0
3782.6			1.0
3783.5			1.0
3784.4			1.0
3785.3			1.0
3786.2			1.0
3787.1			1.0
3788.0			1.0
3788.9			1.0
3789.8			1.0
3790.7			1.0
3791.6			1.0
3792.5			1.0
3793.4			1.0
3794.3			1.0
3795.2			1.0
3796.1			1.0
3797.0			1.0
3797.9			1.0
3798.8			1.0
3799.7			1.0
3800.6			1.0
3801.5			1.0
3802.4			1.0
3803.3			1.0
3804.2			1.0
3805.1			1.0
3806.0			1.0
3806.9			1.0
3807.8			1.0
3808.7			1.0
3809.6			1.0
3810.5			1.0
3811.4			1.0
3812.3			1.0
3813.2			1.0
3814.1			1.0
3815.0			1.0
3815.9			1.0
3816.8			1.0
3817.7			1.0
3818.6			1.0
3819.5			1.0
3820.4			1.0
3821.3			1.0
3822.2			1.0
3823.1			1.0
3824.0			1.0
3824.9			1.0
3825.8			1.0
3826.7			1.0
3827.6			1.0
3828.5			1.0
3829.4			1.0
3830.3			1.0
3831.2			1.0
3832.1			1.0
3833.0			1.0
3833.9			1.0
3834.8			1.0
3835.7			1.0
3836.6			1.0
3837.5			1.0
3838.4			1.0
3839.3			1.0
3840.2			1.0
3841.1			1.0
3842.0			1.0
3842.9			1.0
3843.8			1.0
3844.7			1.0
3845.6			1.0
3846.5			1.0
3847.4			1.0
3848.3			1.0
3849.2			1.0
3850.1			1.0
3851.0			1.0
3851.9			1.0
3852.8			1.0
3853.7			1.0
3854.6			1.0
3855.5			1.0
3856.4			1.0
3857.3			1.0
3858.2			1.0
3859.1			1.0
3860.0			1.0
3860.9			1.0
3861.8			1.0
3862.7			1.0
3863.6			1.0
3864.5			1.0
3865.4			1.0
3866.3			1.0
3867.2			1.0
3868.1			1.0
3869.0			1.0
3869.9			1.0
3870.8			1.0
3871.7			1.0
3872.6			1.0
3873.5			1.0
3874.4			1.0
3875.3			1.0
3876.2			1.0
3877.1			1.0
3878.0			1.0
3878.9			1.0
3879.8			1.0
3880.7			1.0
3881.6			1.0
3882.5			1.0
3883.4			1.0
3884.3			1.0
3885.2			1.0
3886.1			1.0
3887.0			1.0
3887.9			1.0
3888.8			1.0
3889.7			1.0
3890.6			1.0
3891.5			1.0
3892.4			1.0
3893.3			1.0
3894.2			1.0
3895.1			1.0
3896.0			1.0
3896.9			1.0
3897.8			1.0
3898.7			1.0
3899.6			1.0
3900.5			1.0
3901.4			1.0
3902.3			1.0
3903.2			1.0
3904.1			1.0
3905.0			1.0
3905.9			1.0
3906.8			1.0
3907.7			1.0
3908.6			1.0
3909.5			1.0
3910.4			1.0
3911.3			1.0
3912.2			1.0
3913.1			1.0
3914.0			1.0
3914.9			1.0
3915.8			1.0
3916.7			1.0
3917.6			1.0
3918.5			1.0
3919.4			1.0
3920.3			1.0
3921.2			1.0
3922.1			1.0
3923.0			1.0
3923.9			1.0
3924.8			1.0
3925.7			1.0
3926.6			1.0
3927.5			1.0
3928.4			1.0
3929.3			1.0
3930.2			1.0
3931.1			1.0
3932.0			1.0
3932.9			1.0
3933.8			1.0
3934.7			1.0
3935.6			1.0
3936.5			1.0
3937.4			1.0
3938.3			1.0
3939.2			1.0
3940.1			1.0
3941.0			1.0
3941.9			1.0
3942.8			1.0
3943.7			1.0
3944.6			1.0
3945.5			1.0
3946.4			1.0
3947.3			1.0
3948.2			1.0
3949.1			1.0
3950.0			1.0
3950.9			1.0
3951.8			1.0
3952.7			1.0
3953.6			1.0
3954.5			1.0
3955.4			1.0
3956.3			1.0
3957.2			1.0
3958.1			1.0
3959.0			1.0
3959.9			1.0
3960.8			1.0
3961.7			1.0
3962.6			1.0
3963.5			1.0
3964.4			1.0
3965.3			1.0
3966.2			1.0
3967.1			1.0
3968.0			1.0
3968.9			1.0
3969.8			1.0
3970.7			1.0
3971.6			1.0
3972.5			1.0
3973.4			1.0
3974.3			1.0
3975.2			1.0
3976.1			1.0
3977.0			1.0
3977.9			1.0
3978.8			1.0
3979.7			1.0
3980.6			1.0
3981.5			1.0
3982.4			1.0
3983.3			1.0
3984.2			1.0
3985.1			1.0
3986.0			1.0
3986.9			1.0
3987.8			1.0
3988.7			1.0
3989.6			1.0
3990.5			1.0
3991.4			1.0
3992.3			1.0
3993.2			1.0
3994.1			1.0
3995.0			1.0
3995.9			1.0
3996.8			1.0
3997.7			1.0
3998.6			1.0
3999.5			1.0
4000.4			1.0
4001.3			1.0
4002.2			1.0
4003.1			1.0452757708231757
4004.0			0.986859831751304
4004.9			0.8240031604998544
4005.8			0.712348382997081
4006.7			0.7650757162572717
4007.6			0.9055088579981027
4008.5			1.0019120700972561
4009.4			1.0
4010.3			1.0
4011.2			1.0
4012.1			1.0
4013.0			1.0
4013.9			1.0
4014.8			1.0
4015.7			1.0
4016.6			1.0
4017.5			1.0
4018.4			1.0
4019.3			1.0
4020.2			1.0
4021.1			1.0
4022.0			1.0
4022.9			1.0
4023.8			1.0
4024.7			1.0
4025.6			1.0
4026.5			1.0
4027.4			1.0
4028.3			1.027519320045249
4029.2			0.9716599176721902
4030.1			0.8159801685669219
4031.0			0.6720039835446544
4031.9			0.618450462416753
4032.8			0.6019103741716707
4033.7			0.5965843339981504
4034.6			0.6371752362863814
4035.5			0.7382144652850546
4036.4			0.8716308709683762
4037.3			0.9813154653363636
4038.2			1.0260125177018327
4039.1			0.999056823286511
4040.0			1.0
4040.9			1.0
4041.8			1.0
4042.7			1.0144232296228035
4043.6			0.8991739634319535
4044.5			0.6673763774869392
4045.4			0.4683894634390006
4046.3			0.44424389893453065
4047.2			0.6014220603245393
4048.1			0.7958759520077279
4049.0			0.9210627244047709
4049.9			0.9993390861343837
4050.8			1.0
4051.7			1.0
4052.6			1.0
4053.5			1.0
4054.4			1.0
4055.3			1.0
4056.2			1.0
4057.1			1.0
4058.0			1.0
4058.9			1.0
4059.8			1.0
4060.7			1.0837816269672356
4061.6			1.0200054316935103
4062.5			0.8136515403233064
4063.4			0.6182237983051271
4064.3			0.6153613837454925
4065.2			0.7768943595231182
4066.1			0.9003666002799496
4067.0			0.9351575380033704
4067.9			0.9960582393863184
4068.8			1.0
4069.7			1.0
4070.6			1.0
4071.5			1.0
4072.4			1.0
4073.3			1.0
4074.2			1.0
4075.1			0.9982802500024467
4076.0			0.9039760838047569
4076.9			0.7971815288984984
4077.8			0.7590995683270745
4078.7			0.8077277351318807
4079.6			0.8984319658289959
4080.5			0.9878855973492863
4081.4			1.0
4082.3			1.0
4083.2			1.0
4084.1			1.0
4085.0			1.0
4085.9			1.0
4086.8			1.0
4087.7			1.0
4088.6			1.0
4089.5			1.0
4090.4			1.0
4091.3			1.0
4092.2			1.0
4093.1			1.0
4094.0			1.0287316257238754
4094.9			0.9796286779559542
4095.8			0.8858762727880692
4096.7			0.841789779561281
4097.6			0.8564266666038315
4098.5			0.8843036064181402
4099.4			0.8834160953669119
4100.3			0.8250785570849299
4101.2			0.7516843133166558
4102.1			0.7492927488419208
4103.0			0.8200404334304149
4103.9			0.8913862329575595
4104.8			0.9414582954043831
4105.7			0.9889286939929842
4106.6			1.0238767319612017
4107.5			1.03695859066736
4108.4			1.031600011071179
4109.3			1.0153134813136542
4110.2			0.9970121150351282
4111.1			1.0
4112.0			1.0
4112.9			1.0
4113.8			1.0
4114.7			1.0
4115.6			1.0
4116.5			1.0
4117.4			1.0
4118.3			1.0
4119.2			1.0
4120.1			1.0
4121.0			1.0
4121.9			1.0
4122.8			1.0
4123.7			1.0
4124.6			1.0
4125.5			1.0
4126.4			1.0
4127.3			1.0
4128.2			1.0
4129.1			1.0074271324763608
4130.0			1.0015548929281544
4130.9			0.922259622173256
4131.8			0.7863759548444142
4132.7			0.711909049483623
4133.6			0.7314935300320763
4134.5			0.8005784303802314
4135.4			0.9120316471495349
4136.3			1.0022363387755915
4137.2			1.0
4138.1			1.0
4139.0			1.0
4139.9			1.0222640188699006
4140.8			1.0033645399000717
4141.7			0.9023189764746015
4142.6			0.7190572840635023
4143.5			0.5848980484669042
4144.4			0.6301212195450673
4145.3			0.7968413841438284
4146.2			0.9356306338050437
4147.1			1.0071288992352208
4148.0			1.0
4148.9			1.0
4149.8			1.0
4150.7			1.0
4151.6			1.0
4152.5			1.0
4153.4			1.0
4154.3			1.0
4155.2			1.0
4156.1			1.0
4157.0			1.0
4157.9			1.0
4158.8			1.0
4159.7			1.0
4160.6			1.0
4161.5			1.0
4162.4			1.0
4163.3			1.0
4164.2			1.0
4165.1			1.0
4166.0			1.0
4166.9			1.0
4167.8			1.0
4168.7			1.0508464514193747
4169.6			1.125064501794944
4170.5			1.1236385515571896
4171.4			1.0187254690032403
4172.3			0.8973856268926326
4173.2			0.8752011468692872
4174.1			0.9314428325901694
4175.0			0.9730631808522303
4175.9			0.9865139249847117
4176.8			0.9890493863823011
4177.7			0.999485705461687
4178.6			1.0
4179.5			1.0
4180.4			1.0
4181.3			1.0
4182.2			1.0
4183.1			1.0
4184.0			1.0
4184.9			1.0374172572114992
4185.8			0.9981090637490108
4186.7			0.8663323461799916
4187.6			0.7758837986003883
4188.5			0.8390120305194135
4189.4			0.9636846014246394
4190.3			1.001594340731589
4191.2			1.0
4192.1			1.0
4193.0			1.0
4193.9			1.0403397611786849
4194.8			0.9697341146040237
4195.7			0.877110862850447
4196.6			0.8320084691970667
4197.5			0.7875743871419818
4198.4			0.7344234944536311
4199.3			0.7416335096452696
4200.2			0.7831421787558766
4201.1			0.7687900954617846
4202.0			0.7410922993200065
4202.9			0.7967411007530697
4203.8			0.908282309871684
4204.7			0.9996981116391341
4205.6			1.0550937692058329
4206.5			1.0838855100998532
4207.4			1.1050018246429805
4208.3			1.1108286337206854
4209.2			1.0618240010035012
4210.1			1.0025681713659678
4211.0			1.0
4211.9			1.0
4212.8			1.0
4213.7			0.9767280426244014
4214.6			0.9002803325377362
4215.5			0.812288464580535
4216.4			0.8045705051363533
4217.3			0.8843960566703373
4218.2			0.960581820814033
4219.1			1.0018180510165082
4220.0			1.0
4220.9			1.0
4221.8			1.0
4222.7			0.9075441146447223
4223.6			0.806856576241422
4224.5			0.6746628859103262
4225.4			0.49954193081525167
4226.3			0.3464239279907524
4227.2			0.3338318531339268
4228.1			0.4923426675169396
4229.0			0.7037399233405766
4229.9			1.0
4230.8			1.1032812739688733
4231.7			1.123906229614036
4232.6			1.0508764012260619
4233.5			0.9785320146246111
4234.4			0.9530685006386891
4235.3			0.8990097361251331
4236.2			0.8360969781046793
4237.1			0.8500642455735502
4238.0			0.8967273297985121
4238.9			0.9041945101086587
4239.8			0.906009363627894
4240.7			0.9522717334445719
4241.6			0.9924582828082307
4242.5			1.0
4243.4			1.0
4244.3			1.0
4245.2			1.0
4246.1			1.0
4247.0			0.9516449495651453
4247.9			0.9138696737441752
4248.8			0.8847251324574098
4249.7			0.8168646652443354
4250.6			0.7991039406959913
4251.5			0.9536136253044672
4252.4			1.1519487653176468
4253.3			1.1650068083033498
4254.2			1.042595125087251
4255.1			1.0
4256.0			1.0
4256.9			1.0
4257.8			1.0157247318105307
4258.7			0.8947329709101398
4259.6			0.7391412473095258
4260.5			0.6448243727238755
4261.4			0.6996042788272235
4262.3			0.8666111490654246
4263.2			1.000228982101087
4264.1			1.0
4265.0			1.0
4265.9			1.0
4266.8			0.9720158605389414
4267.7			0.9231619820803787
4268.6			0.8847446134012831
4269.5			0.8196457598362088
4270.4			0.6795776024882758
4271.3			0.5297309342228401
4272.2			0.50498916328383
4273.1			0.5813861410831597
4274.0			0.6087348740527682
4274.9			0.6117920757478922
4275.8			0.7131379977043645
4276.7			0.8745647976333372
4277.6			0.9978876325248499
4278.5			1.0
4279.4			1.0
4280.3			1.0
4281.2			1.0
4282.1			1.0
4283.0			1.0
4283.9			1.0
4284.8			1.0
4285.7			1.0
4286.6			1.0
4287.5			1.012892515775433
4288.4			0.938436719977417
4289.3			0.7858058498191919
4290.2			0.7180196591734258
4291.1			0.7985771212035505
4292.0			1.0
4292.9			1.0744461871556161
4293.8			1.030411651354165
4294.7			0.9845616382651405
4295.6			1.0102861442591566
4296.5			1.0147507575646293
4297.4			0.9419809859831914
4298.3			0.8189795550410812
4299.2			0.6893160575767687
4300.1			0.6397779502815273
4301.0			0.6915784019223313
4301.9			0.7447984515634466
4302.8			0.7595272777920639
4303.7			0.7813236981798993
4304.6			0.7980316053353204
4305.5			0.7737175705835972
4306.4			0.7058980462471122
4307.3			0.6066267584892302
4308.2			0.5396531415809068
4309.1			0.5651347568307109
4310.0			0.6469140895897587
4310.9			0.7192424305031656
4311.8			0.7868072710291953
4312.7			0.8827546261817498
4313.6			0.9774073579688959
4314.5			1.0618133950550688
4315.4			1.2114900033943352
4316.3			1.40115916192592
4317.2			1.4875259351528807
4318.1			1.4554429651256866
4319.0			1.415455751221593
4319.9			1.4019224382352138
4320.8			1.0
4321.7			0.9715729961470541
4322.6			0.8834822060146446
4323.5			0.7296103989803463
4324.4			0.5719347012982353
4325.3			0.4759812725480778
4326.2			0.5124674741996383
4327.1			0.6872288633422357
4328.0			0.885360268626291
4328.9			0.9975771124024617
4329.8			1.0
4330.7			1.0
4331.6			1.0
4332.5			1.0
4333.4			1.0
4334.3			1.0
4335.2			1.0233948894166778
4336.1			0.9862860165582907
4337.0			0.8768667494713518
4337.9			0.7826125344171129
4338.8			0.7440076577143281
4339.7			0.7218490335170418
4340.6			0.7361467397023186
4341.5			0.8281052617981091
4342.4			0.931621357183825
4343.3			0.9692376134332031
4344.2			0.9914445863642206
4345.1			1.0
4346.0			1.0
4346.9			1.0
4347.8			1.0
4348.7			1.066504370422519
4349.6			1.0951483654821854
4350.5			0.9956424136554837
4351.4			0.8196225677152705
4352.3			0.7407602279010631
4353.2			0.8178059329185728
4354.1			0.9200891103936618
4355.0			0.960215185690239
4355.9			0.9946390700009724
4356.8			1.0
4357.7			1.0
4358.6			1.0
4359.5			1.0
4360.4			1.0
4361.3			1.0
4362.2			1.0
4363.1			1.0
4364.0			1.0
4364.9			1.0
4365.8			1.0
4366.7			1.0
4367.6			1.0
4368.5			1.0
4369.4			1.0
4370.3			1.0
4371.2			1.0
4372.1			1.0
4373.0			1.0
4373.9			1.0
4374.8			1.0
4375.7			1.0
4376.6			1.0
4377.5			1.0
4378.4			1.0
4379.3			1.0
4380.2			0.9674198061657262
4381.1			0.9121292440433539
4382.0			0.7772018683790519
4382.9			0.572332382034162
4383.8			0.45136843019136735
4384.7			0.5348564937643472
4385.6			0.7584034494478713
4386.5			0.9415681018404567
4387.4			0.9961535043815604
4388.3			1.0
4389.2			1.0
4390.1			1.0
4391.0			1.0
4391.9			1.0
4392.8			1.0
4393.7			1.0
4394.6			1.0
4395.5			1.0
4396.4			1.0
4397.3			1.0
4398.2			1.0
4399.1			1.0
4400.0			1.0
4400.9			0.9436783280047374
4401.8			0.9724299576090681
4402.7			0.9607272278309751
4403.6			0.8040574524238319
4404.5			0.6299369152877455
4405.4			0.6245128524083592
4406.3			0.7524347264662162
4407.2			0.8364256426725689
4408.1			0.852888849366605
4409.0			0.9058814453140145
4409.9			0.9952548952610146
4410.8			1.0
4411.7			1.0
4412.6			1.009600810431737
4413.5			0.9469325561372903
4414.4			0.8101798876815314
4415.3			0.7215790644907971
4416.2			0.7733012203152358
4417.1			0.8943337419781658
4418.0			1.0010501724161018
4418.9			1.0
4419.8			1.0
4420.7			0.9843702295858724
4421.6			0.9160720509804081
4422.5			0.8633972551960744
4423.4			0.8727084300791664
4424.3			0.8993508089874701
4425.2			0.8883712065276905
4426.1			0.8641509856403111
4427.0			0.8790503419149913
4427.9			0.9453826882554156
4428.8			1.0030343238218709
4429.7			0.9895404186072864
4430.6			0.9668539155266542
4431.5			1.0
4432.4			1.017530737166045
4433.3			0.9606958629390964
4434.2			0.850611430305094
4435.1			0.7703568624344118
4436.0			0.7943999455785111
4436.9			0.901278217316698
4437.8			1.0067844751072403
4438.7			1.0
4439.6			1.0
4440.5			1.0
4441.4			1.0
4442.3			1.0
4443.2			1.0
4444.1			1.0
4445.0			1.0
4445.9			1.0314484243411652
4446.8			0.9930366481417345
4447.7			0.9642732698001205
4448.6			0.9848357663176595
4449.5			1.0089393573040466
4450.4			1.0084436685524034
4451.3			1.0026893812755404
4452.2			0.9916070972691818
4453.1			0.938934697117691
4454.0			0.833339424598184
4454.9			0.7447111866287959
4455.8			0.7504034635409703
4456.7			0.8158348022586029
4457.6			0.8526756228705735
4458.5			0.8447914507356226
4459.4			0.8361844203941736
4460.3			0.83446786573717
4461.2			0.8177212305063294
4462.1			0.8335389556651693
4463.0			0.9193274859114519
4463.9			0.9987327262532851
4464.8			1.0
4465.7			1.0
4466.6			1.0
4467.5			1.0
4468.4			1.0
4469.3			1.0
4470.2			1.0
4471.1			1.0
4472.0			1.0
4472.9			1.0
4473.8			1.0
4474.7			1.0
4475.6			1.0
4476.5			1.0
4477.4			1.0
4478.3			1.0084191571735004
4479.2			0.9556325614207778
4480.1			0.8822195234009397
4481.0			0.8234305829329222
4481.9			0.8010147520511834
4482.8			0.8413893845921343
4483.7			0.9166492646959548
4484.6			0.9722323607379425
4485.5			0.999795616165585
4486.4			1.0
4487.3			1.0
4488.2			1.0
4489.1			1.0
4490.0			1.0
4490.9			1.0
4491.8			1.0456076485769041
4492.7			1.0459229560075385
4493.6			0.9782513867245018
4494.5			0.9037445473396982
4495.4			0.8834761751461234
4496.3			0.9083258980999172
4497.2			0.9497576190351565
4498.1			0.9817999821523384
4499.0			0.9969236105560569
4499.9			1.0
4500.8			1.0
4501.7			1.0
4502.6			1.0
4503.5			1.0
4504.4			1.0
4505.3			1.0
4506.2			1.0
4507.1			1.0
4508.0			1.0
4508.9			1.0
4509.8			1.0
4510.7			1.0
4511.6			1.0
4512.5			1.0
4513.4			1.0
4514.3			1.0
4515.2			1.0
4516.1			1.0
4517.0			1.0
4517.9			0.9716543671111855
4518.8			0.9858909575806081
4519.7			1.029010723509015
4520.6			1.062808106462036
4521.5			1.0564667011465674
4522.4			1.0160525320723708
4523.3			0.9912613768878012
4524.2			0.9823865678601872
4525.1			0.9438007115218392
4526.0			0.8742333722548393
4526.9			0.8127066626435161
4527.8			0.7709773962414431
4528.7			0.7632078500448983
4529.6			0.7895855874895381
4530.5			0.8183394532456064
4531.4			0.8548930357891129
4532.3			0.8804168250742689
4533.2			0.8579735490924537
4534.1			0.8063135277132999
4535.0			0.7650426574733659
4535.9			0.7989496928149782
4536.8			1.0
4537.7			1.0999905425604786
4538.6			1.112812484265088
4539.5			1.0761307400829883
4540.4			1.028165800861977
4541.3			1.0139975714230425
4542.2			1.042659192671449
4543.1			1.0619013958215773
4544.0			1.0317091381708157
4544.9			0.9837893698376629
4545.8			0.9703675899286259
4546.7			0.9810434256872039
4547.6			0.9792293701883504
4548.5			0.9473061721333093
4549.4			0.9212865268509937
4550.3			0.9420252545547012
4551.2			0.9692692837464949
4552.1			0.9654308907533764
4553.0			0.9477953229551573
4553.9			0.9268841003331704
4554.8			0.9051814964836518
4555.7			0.9100690104169668
4556.6			0.9522602552924586
4557.5			0.9979638133505311
4558.4			1.0202222995402588
4559.3			1.0186231890144928
4560.2			1.0046364973454434
4561.1			1.0
4562.0			1.0028199852046595
4562.9			0.9767622278704361
4563.8			0.930090944556609
4564.7			0.8967961894094761
4565.6			0.9044164807300935
4566.5			0.9534086609734056
4567.4			0.9999970897019703
4568.3			1.0
4569.2			1.0
4570.1			1.0
4571.0			1.0
4571.9			1.0
4572.8			1.0
4573.7			1.0
4574.6			1.0
4575.5			1.0
4576.4			1.0
4577.3			1.0038259357275399
4578.2			0.9864791686136645
4579.1			0.949174496891803
4580.0			0.9090367454608022
4580.9			0.8987880051723347
4581.8			0.9419723789142157
4582.7			1.0017900210623931
4583.6			1.0258463615536066
4584.5			1.0
4585.4			0.9541055411726542
4586.3			0.9479118115768481
4587.2			1.003651353516771
4588.1			1.0686111880045932
4589.0			1.0953998714438864
4589.9			1.0822757403109526
4590.8			1.0413719896427485
4591.7			0.9959803252906712
4592.6			0.9755637864795168
4593.5			0.9823568997002844
4594.4			0.988181499046767
4595.3			0.9837228637600978
4596.2			0.9804845119697475
4597.1			0.9740243589625542
4598.0			0.973695896941038
4598.9			0.9798304193483871
4599.8			0.9657081828670524
4600.7			0.9465909414013105
4601.6			0.9479123055213428
4602.5			0.9533712753285165
4603.4			0.9568033122343933
4604.3			0.961916318178112
4605.2			0.967469256727325
4606.1			0.9804769064242925
4607.0			1.0025705017916446
4607.9			1.0323200879326027
4608.8			1.060319148479423
4609.7			1.0585069631833866
4610.6			1.0263370551174031
4611.5			0.9969774878557411
4612.4			0.9794412300296753
4613.3			0.972356294346647
4614.2			0.9891616373918474
4615.1			1.0057664716072383
4616.0			0.9995032699541803
4616.9			1.0
4617.8			1.0
4618.7			1.0
4619.6			1.0
4620.5			1.0
4621.4			1.0
4622.3			1.0
4623.2			1.0
4624.1			1.0
4625.0			1.0
4625.9			1.0
4626.8			1.0
4627.7			1.0
4628.6			1.0
4629.5			1.0
4630.4			1.0
4631.3			1.0
4632.2			1.0
4633.1			1.0
4634.0			1.0
4634.9			1.0074895086784539
4635.8			1.0000878209808262
4636.7			0.963235125114299
4637.6			0.924992253527253
4638.5			0.9097446963641301
4639.4			0.9100610000455227
4640.3			0.9332579382350469
4641.2			0.9762154169552781
4642.1			1.0
4643.0			0.9961932758150336
4643.9			0.9789964937020648
4644.8			0.9505463563804433
4645.7			0.9026635189682418
4646.6			0.8648309491017643
4647.5			0.8654090358112456
4648.4			0.895589411352807
4649.3			0.9364125548105339
4650.2			0.9702221513702456
4651.1			0.9866646124515854
4652.0			0.9986573489882093
4652.9			1.0
4653.8			1.0
4654.7			1.0
4655.6			1.0
4656.5			1.0
4657.4			1.0
4658.3			1.0
4659.2			1.0
4660.1			1.0
4661.0			1.0
4661.9			1.0
4662.8			1.0
4663.7			0.9816925389927098
4664.6			0.9734293804054631
4665.5			0.9402625974931332
4666.4			0.860920248867528
4667.3			0.7849201228458137
4668.2			0.7873657197159641
4669.1			0.8674667396944687
4670.0			0.9559997134641853
4670.9			1.0002483495946504
4671.8			1.0
4672.7			1.0
4673.6			1.0
4674.5			1.0
4675.4			1.0
4676.3			1.0277310330848863
4677.2			1.0165340875672475
4678.1			0.9744904705243265
4679.0			0.9420800799684657
4679.9			0.9328179319873291
4680.8			0.9325966252644327
4681.7			0.9376726254558766
4682.6			0.9616997423593401
4683.5			0.9911106001745896
4684.4			1.0006968411047494
4685.3			0.9991432371664457
4686.2			1.0
4687.1			1.0
4688.0			1.0
4688.9			1.0
4689.8			1.0
4690.7			1.0
4691.6			1.0
4692.5			1.0
4693.4			1.0
4694.3			1.0
4695.2			1.0
4696.1			1.0
4697.0			1.0
4697.9			1.0
4698.8			1.0
4699.7			1.0004658418988313
4700.6			1.0056830549725644
4701.5			0.9642394838081269
4702.4			0.8971924689334683
4703.3			0.890125221353179
4704.2			0.9592798833384214
4705.1			1.02993711856871
4706.0			1.0381516020745611
4706.9			1.000093731950403
4707.8			1.0
4708.7			1.0
4709.6			1.0
4710.5			1.0
4711.4			1.0
4712.3			1.0
4713.2			1.0
4714.1			1.0
4715.0			1.0
4715.9			1.0
4716.8			1.0
4717.7			1.0
4718.6			1.0
4719.5			1.0
4720.4			1.0
4721.3			1.0
4722.2			1.0
4723.1			1.0
4724.0			1.0271499300762978
4724.9			1.0491544573589544
4725.8			1.0343589410577538
4726.7			0.9803324907063166
4727.6			0.9272523434133426
4728.5			0.9081028556982902
4729.4			0.9125473710022931
4730.3			0.9241649685054524
4731.2			0.949664099316806
4732.1			0.9827245968520398
4733.0			0.998672005287373
4733.9			1.0
4734.8			1.0
4735.7			1.0
4736.6			1.0
4737.5			1.0
4738.4			1.0
4739.3			1.0
4740.2			1.0
4741.1			1.0
4742.0			1.0
4742.9			1.0
4743.8			1.0
4744.7			1.0
4745.6			1.0
4746.5			1.0
4747.4			1.0
4748.3			1.0
4749.2			1.0
4750.1			1.0
4751.0			1.0
4751.9			1.0
4752.8			1.0
4753.7			1.0
4754.6			1.0
4755.5			1.0
4756.4			1.0
4757.3			1.0
4758.2			1.0
4759.1			1.0212784487015372
4760.0			1.038613542071767
4760.9			1.020171565057714
4761.8			0.9786553531851476
4762.7			0.9588163139608737
4763.6			0.9609783712053144
4764.5			0.9523119191735768
4765.4			0.9235438428010846
4766.3			0.9121160751286173
4767.2			0.934690591452082
4768.1			0.9659019509998855
4769.0			0.9975794602228293
4769.9			1.0153839531023072
4770.8			0.9990900152737053
4771.7			0.9703774431247032
4772.6			0.9688203967761155
4773.5			0.9998611623347633
4774.4			1.0
4775.3			0.9968647776115761
4776.2			0.9853705942541087
4777.1			0.9913729308704381
4778.0			0.996796840444948
4778.9			0.9856787638824971
4779.8			0.9748387910234996
4780.7			0.9762952749757192
4781.6			0.9701496033701783
4782.5			0.939458482228139
4783.4			0.9195269619846899
4784.3			0.9449061496252119
4785.2			0.9669755856935507
4786.1			0.9500836320486765
4787.0			0.9442448012222732
4787.9			0.9582115763440358
4788.8			0.9580997172593546
4789.7			0.9583701915794589
4790.6			0.9783629843125864
4791.5			0.9996441962311815
4792.4			1.0
4793.3			1.0
4794.2			1.0
4795.1			1.0
4796.0			1.0
4796.9			1.0
4797.8			1.0
4798.7			1.0
4799.6			1.0
4800.5			1.0
4801.4			1.0
4802.3			1.0
4803.2			1.0
4804.1			1.0
4805.0			1.0
4805.9			1.0
4806.8			1.0
4807.7			1.0
4808.6			1.0
4809.5			1.0
4810.4			1.0
4811.3			1.0
4812.2			1.0
4813.1			1.0
4814.0			1.0
4814.9			1.0
4815.8			1.0
4816.7			1.0
4817.6			1.0
4818.5			1.0
4819.4			1.0
4820.3			1.0
4821.2			1.0
4822.1			0.9724294668298005
4823.0			0.9234598132990254
4823.9			0.908792006969865
4824.8			0.9474987953673769
4825.7			0.9948760949736389
4826.6			1.0
4827.5			1.0
4828.4			1.0
4829.3			1.0
4830.2			1.0
4831.1			1.0
4832.0			1.0
4832.9			1.0
4833.8			1.0
4834.7			1.0
4835.6			1.0
4836.5			1.0
4837.4			1.0
4838.3			1.0
4839.2			1.0
4840.1			1.0
4841.0			1.0
4841.9			1.0
4842.8			1.0
4843.7			1.0
4844.6			1.0
4845.5			1.0
4846.4			1.0
4847.3			1.0
4848.2			1.0
4849.1			1.0
4850.0			1.0
4850.9			1.0
4851.8			1.0
4852.7			1.0
4853.6			1.0
4854.5			1.0
4855.4			1.0
4856.3			1.0095910521866385
4857.2			1.0417058839206572
4858.1			1.0292193227980064
4859.0			0.9532752907058272
4859.9			0.8426030724401677
4860.8			0.7547464023544187
4861.7			0.7612043788473737
4862.6			0.8487725273301769
4863.5			0.9268697782415262
4864.4			0.968840250288231
4865.3			0.9991053990350718
4866.2			1.0
4867.1			1.0
4868.0			1.0
4868.9			1.001659560627337
4869.8			0.954285563058026
4870.7			0.8465957410797593
4871.6			0.7794053905855794
4872.5			0.8313432968086627
4873.4			0.9387099126299447
4874.3			1.0024665293061175
4875.2			1.0
4876.1			1.0
4877.0			1.0
4877.9			1.0
4878.8			1.0
4879.7			1.0
4880.6			1.0
4881.5			1.0
4882.4			1.0
4883.3			1.0
4884.2			1.0
4885.1			1.0
4886.0			1.0
4886.9			1.0
4887.8			1.0
4888.7			0.9753712227687361
4889.6			0.899732406865407
4890.5			0.7853629335106412
4891.4			0.7413207654551125
4892.3			0.8246639481005742
4893.2			0.9423959123130564
4894.1			1.007595094240259
4895.0			1.0
4895.9			1.0
4896.8			1.0
4897.7			1.0
4898.6			1.0
4899.5			1.0
4900.4			1.0
4901.3			1.0
4902.2			1.0
4903.1			1.0
4904.0			1.0
4904.9			1.0
4905.8			1.0
4906.7			1.0150085600763084
4907.6			0.9969002211592072
4908.5			0.9612860033487195
4909.4			0.9165930281447359
4910.3			0.8930244397531696
4911.2			0.9147181683113556
4912.1			0.9558577641074345
4913.0			0.9827466091596231
4913.9			1.003220950204749
4914.8			1.0
4915.7			1.0
4916.6			0.9831029340775204
4917.5			0.9098485994532631
4918.4			0.7943011394550137
4919.3			0.6928007372006382
4920.2			0.669895120859625
4921.1			0.7508359760420399
4922.0			0.8821195774805677
4922.9			0.9742663981134868
4923.8			0.9977923112159349
4924.7			1.0
4925.6			1.0
4926.5			1.0
4927.4			1.0
4928.3			1.0
4929.2			1.0
4930.1			1.0
4931.0			1.0
4931.9			1.0
4932.8			1.0
4933.7			1.0
4934.6			1.0
4935.5			1.0
4936.4			0.9884627816081729
4937.3			0.9285084792860592
4938.2			0.856825035768536
4939.1			0.8388174094577349
4940.0			0.8989867388076774
4940.9			0.9736280603464684
4941.8			1.0044865108481977
4942.7			1.0
4943.6			1.0
4944.5			1.0
4945.4			1.0
4946.3			1.0
4947.2			1.0
4948.1			1.0
4949.0			1.0
4949.9			1.0
4950.8			1.0
4951.7			1.0
4952.6			1.0
4953.5			1.0
4954.4			1.0
4955.3			0.95998247877197
4956.2			0.8437080448488711
4957.1			0.7083555123322061
4958.0			0.6986750987147011
4958.9			0.8256943137892947
4959.8			0.9535714774623862
4960.7			0.9988516599327045
4961.6			1.0
4962.5			1.0
4963.4			1.0
4964.3			1.0
4965.2			1.0
4966.1			1.0
4967.0			1.0
4967.9			1.0
4968.8			1.0
4969.7			1.0
4970.6			1.0
4971.5			1.0
4972.4			1.0
4973.3			1.0
4974.2			1.0
4975.1			1.0
4976.0			1.0
4976.9			1.0
4977.8			1.0
4978.7			1.0
4979.6			0.9982243117910262
4980.5			0.9849431758815559
4981.4			0.918183329680598
4982.3			0.8353873323095877
4983.2			0.8139840455821306
4984.1			0.8575397540895987
4985.0			0.9067451639413826
4985.9			0.9502884974570437
4986.8			1.0015496227731655
4987.7			1.0
4988.6			1.0
4989.5			1.0
4990.4			1.0
4991.3			1.0
4992.2			1.0
4993.1			1.0
4994.0			1.0
4994.9			1.0
4995.8			1.0
4996.7			1.0
4997.6			1.0
4998.5			1.0
4999.4			1.0
5000.3			1.0
5001.2			1.0
5002.1			1.0
5003.0			1.0
5003.9			1.008551634169069
5004.8			0.9571302485378178
5005.7			0.87175353607846
5006.6			0.8446685801904693
5007.5			0.9014858841039288
5008.4			0.972479661465285
5009.3			1.0049108878928756
5010.2			1.0
5011.1			1.0
5012.0			1.0
5012.9			1.0
5013.8			1.0
5014.7			1.0
5015.6			1.0
5016.5			1.0
5017.4			1.0
5018.3			1.0
5019.2			1.0
5020.1			1.0
5021.0			1.0
5021.9			1.0
5022.8			1.0
5023.7			1.0
5024.6			1.0
5025.5			1.0
5026.4			1.0
5027.3			1.0
5028.2			1.0
5029.1			1.0
5030.0			1.0
5030.9			1.0
5031.8			1.0
5032.7			1.0
5033.6			1.0
5034.5			1.0
5035.4			1.0
5036.3			1.0
5037.2			1.021591226895913
5038.1			1.024448229251139
5039.0			0.9723650338159454
5039.9			0.8802478943149048
5040.8			0.8028502503965398
5041.7			0.8128786360960129
5042.6			0.8940081615840084
5043.5			0.963742931722731
5044.4			1.0021705572971096
5045.3			1.0
5046.2			1.0326431046599132
5047.1			1.0186168217968552
5048.0			0.9554866920871298
5048.9			0.8878948476153216
5049.8			0.8635260471805223
5050.7			0.8845730455381076
5051.6			0.9256828477197401
5052.5			0.9664725534656273
5053.4			0.9992707997234476
5054.3			1.0
5055.2			1.0
5056.1			1.0
5057.0			1.0
5057.9			1.0
5058.8			1.0
5059.7			1.0
5060.6			1.0
5061.5			1.0
5062.4			1.0
5063.3			1.0
5064.2			1.0
5065.1			1.0
5066.0			1.0
5066.9			1.0
5067.8			1.0
5068.7			1.0
5069.6			1.0
5070.5			1.0
5071.4			1.0
5072.3			1.0
5073.2			1.0
5074.1			1.0225988275684186
5075.0			1.0127813172384876
5075.9			0.9913497933861506
5076.8			0.9985358511457286
5077.7			1.0032990447022054
5078.6			0.9482344688308947
5079.5			0.8739632337624871
5080.4			0.8556192331762968
5081.3			0.8803764588876131
5082.2			0.8972474648672505
5083.1			0.9026576709389258
5084.0			0.9208296990780015
5084.9			0.9561111384405968
5085.8			0.9895393158329677
5086.7			0.9984922546047579
5087.6			1.0
5088.5			1.0
5089.4			1.0
5090.3			1.0
5091.2			1.0
5092.1			1.0
5093.0			1.0
5093.9			1.0
5094.8			1.0
5095.7			0.9574158380638711
5096.6			0.9428200231473624
5097.5			0.9291695478392481
5098.4			0.8915042284353673
5099.3			0.8726646952325229
5100.2			0.9044148963601036
5101.1			0.9557745133736044
5102.0			0.9926281148845105
5102.9			0.9980312093820732
5103.8			1.0
5104.7			1.0
5105.6			1.0
5106.5			1.0
5107.4			1.0
5108.3			1.0
5109.2			1.0
5110.1			1.0
5111.0			1.0
5111.9			1.0
5112.8			1.0
5113.7			1.0
5114.6			1.0
5115.5			1.0
5116.4			1.0
5117.3			1.0
5118.2			1.0
5119.1			1.0
5120.0			0.9808022182578358
5120.9			0.9699582263069286
5121.8			0.9760527197162475
5122.7			0.9620048720403925
5123.6			0.9215111815537449
5124.5			0.9027092925623093
5125.4			0.9256429896419991
5126.3			0.9659143334499216
5127.2			1.0009007998510033
5128.1			1.0157860763247846
5129.0			1.0066417401933172
5129.9			1.0
5130.8			1.0
5131.7			1.0
5132.6			1.0043123474836118
5133.5			0.9798923558565519
5134.4			0.9906731584081688
5135.3			1.023917606532101
5136.2			1.0223379502222896
5137.1			0.9873767309455793
5138.0			0.9272978827794828
5138.9			0.8767381387409916
5139.8			0.9065836511287514
5140.7			0.9747652434559523
5141.6			0.9766800693838218
5142.5			0.9445429865901789
5143.4			0.9643492676495572
5144.3			1.0037840194798078
5145.2			1.000201003278245
5146.1			1.0
5147.0			1.0
5147.9			1.0
5148.8			1.0
5149.7			1.0
5150.6			1.0
5151.5			1.0
5152.4			1.0
5153.3			1.0
5154.2			1.0
5155.1			1.0
5156.0			1.0
5156.9			1.0
5157.8			1.0
5158.7			1.0
5159.6			1.0
5160.5			1.0
5161.4			1.0
5162.3			1.0
5163.2			1.0
5164.1			1.0
5165.0			1.0
5165.9			1.0
5166.8			1.0
5167.7			1.0
5168.6			1.0
5169.5			1.1162064025652556
5170.4			1.064642926838077
5171.3			0.8414017481498586
5172.2			0.6306068362888664
5173.1			0.6016654116208255
5174.0			0.7401849210512486
5174.9			0.9035882440106385
5175.8			0.9863598839697412
5176.7			0.991156626938426
5177.6			1.0
5178.5			0.9874343981895904
5179.4			0.9486233561403687
5180.3			0.8721922197110126
5181.2			0.7537030013772894
5182.1			0.60211587219634
5183.0			0.47045213503478805
5183.9			0.450369737485461
5184.8			0.5704431659230679
5185.7			0.7532655962195992
5186.6			0.8964605321674962
5187.5			0.9545588168067801
5188.4			0.9718951513883716
5189.3			1.0033327017642233
5190.2			1.0
5191.1			1.0
5192.0			1.0
5192.9			1.0
5193.8			1.0
5194.7			1.0
5195.6			1.0
5196.5			1.0
5197.4			1.0
5198.3			1.0
5199.2			1.0
5200.1			1.0
5201.0			1.0
5201.9			0.9674846793524283
5202.8			0.9382263145047807
5203.7			0.8796530534621899
5204.6			0.7902852486510142
5205.5			0.7357169419491698
5206.4			0.740216608728606
5207.3			0.7352082829314629
5208.2			0.7041039612638107
5209.1			0.7105407081416215
5210.0			0.7795720892483811
5210.9			0.8896230885938093
5211.8			0.9978634486861666
5212.7			1.060456237872649
5213.6			1.0566222674406134
5214.5			1.0000260282266122
5215.4			1.0
5216.3			1.0
5217.2			1.0
5218.1			1.0
5219.0			1.0
5219.9			1.0
5220.8			1.0
5221.7			1.0
5222.6			1.0
5223.5			0.9606186354905597
5224.4			0.9108489810427602
5225.3			0.8509641733588628
5226.2			0.7755763986985883
5227.1			0.7526699141236193
5228.0			0.8310287959061379
5228.9			0.9283412004143174
5229.8			0.981319559288867
5230.7			1.0000741967978897
5231.6			1.0
5232.5			1.0
5233.4			1.0
5234.3			1.0
5235.2			1.0
5236.1			1.0
5237.0			1.0
5237.9			1.0
5238.8			1.0
5239.7			1.0
5240.6			1.005784982230476
5241.5			1.00309468602268
5242.4			0.9887846006307
5243.3			0.988846187947168
5244.2			1.0145410834069108
5245.1			1.0272764218547268
5246.0			0.990854020705959
5246.9			0.9422367799875146
5247.8			0.9401556494180442
5248.7			0.9604994659156257
5249.6			0.9503511032791352
5250.5			0.929320324388723
5251.4			0.9363883570110337
5252.3			0.9572105811872917
5253.2			0.9620419017123661
5254.1			0.9441450021364172
5255.0			0.933415123198371
5255.9			0.9652321833592511
5256.8			1.0153227589403708
5257.7			1.0449208923362758
5258.6			1.0528625070430901
5259.5			1.0
5260.4			0.9594284417184052
5261.3			0.8925642869781716
5262.2			0.8225498908295541
5263.1			0.7711102162237828
5264.0			0.7418158180325767
5264.9			0.7122574981035614
5265.8			0.6912005321159558
5266.7			0.7231314147216877
5267.6			0.7574609094755759
5268.5			0.6888569952678625
5269.4			0.5755308882355379
5270.3			0.5859989162277942
5271.2			0.7202387397621263
5272.1			0.8290304876319403
5273.0			0.8629461647355432
5273.9			0.8699144233296868
5274.8			0.8618484600686216
5275.7			0.8659423349411869
5276.6			0.9160556499290221
5277.5			0.9761685644452828
5278.4			1.0
5279.3			0.98517763579521
5280.2			0.9431235594424565
5281.1			0.8888009776852003
5282.0			0.843021373645149
5282.9			0.8142920428432607
5283.8			0.8249285718295629
5284.7			0.8883598339466316
5285.6			0.962723981932774
5286.5			1.0000517759363146
5287.4			1.0
5288.3			1.0
5289.2			1.0
5290.1			1.0
5291.0			1.0
5291.9			1.0
5292.8			1.0
5293.7			1.0
5294.6			0.9987646770543668
5295.5			0.9731546437501437
5296.4			0.912635742363605
5297.3			0.8503264762978934
5298.2			0.8518035337821469
5299.1			0.9264178578966459
5300.0			0.9967462432543405
5300.9			1.0093387016340194
5301.8			1.003210491584097
5302.7			1.0
5303.6			1.0
5304.5			1.0
5305.4			1.0
5306.3			1.0
5307.2			1.0
5308.1			1.0
5309.0			1.0
5309.9			1.0
5310.8			1.0
5311.7			1.0
5312.6			1.0
5313.5			1.0
5314.4			1.0
5315.3			1.0
5316.2			1.0
5317.1			1.0
5318.0			1.0
5318.9			1.0
5319.8			1.0
5320.7			1.0
5321.6			1.0
5322.5			1.0
5323.4			1.0
5324.3			0.9481992757792242
5325.2			0.9724231248186861
5326.1			0.9726352415904334
5327.0			0.8536534922653544
5327.9			0.7106621241583942
5328.8			0.708499425098466
5329.7			0.8361720888749977
5330.6			0.9561765219533692
5331.5			0.9936547482661885
5332.4			1.0
5333.3			1.0
5334.2			1.0
5335.1			1.0
5336.0			1.0
5336.9			1.0
5337.8			0.9941264803259273
5338.7			0.9580820580085938
5339.6			0.886576896361268
5340.5			0.8438071404489519
5341.4			0.8808534062961044
5342.3			0.9523493261628319
5343.2			1.000037139250387
5344.1			1.0
5345.0			1.0
5345.9			1.0
5346.8			1.0
5347.7			1.0
5348.6			1.0
5349.5			1.0
5350.4			1.0
5351.3			1.0
5352.2			1.0
5353.1			1.0
5354.0			1.0
5354.9			1.0
5355.8			1.0
5356.7			1.0
5357.6			1.0
5358.5			1.0
5359.4			1.0
5360.3			1.0
5361.2			1.0
5362.1			1.0
5363.0			1.0
5363.9			1.0
5364.8			1.0
5365.7			1.0
5366.6			1.0
5367.5			0.9911935442347426
5368.4			0.9680584097930486
5369.3			0.9058240158943099
5370.2			0.8117167690247755
5371.1			0.7544314764038262
5372.0			0.7956828195700094
5372.9			0.8917575647407255
5373.8			0.9627257355641818
5374.7			0.9958328218931674
5375.6			1.0
5376.5			1.0
5377.4			1.0
5378.3			1.0
5379.2			1.0
5380.1			1.0
5381.0			1.0
5381.9			1.0
5382.8			1.0
5383.7			1.0
5384.6			1.0
5385.5			1.0
5386.4			1.0
5387.3			1.0
5388.2			1.0
5389.1			1.0
5390.0			1.0
5390.9			1.0
5391.8			1.0
5392.7			1.0
5393.6			1.0
5394.5			1.0
5395.4			1.0
5396.3			1.0
5397.2			1.0
5398.1			1.0
5399.0			1.0
5399.9			1.0
5400.8			1.0
5401.7			1.0231102553390774
5402.6			1.0181567519300698
5403.5			0.9517897502937153
5404.4			0.8613352740011677
5405.3			0.8137052849604337
5406.2			0.8508625263291988
5407.1			0.9451610577674535
5408.0			1.0112256855792605
5408.9			0.9998049820289198
5409.8			1.0
5410.7			1.0
5411.6			1.0
5412.5			1.0
5413.4			1.0
5414.3			1.0
5415.2			1.0
5416.1			1.0
5417.0			1.0
5417.9			1.0
5418.8			1.0
5419.7			1.0
5420.6			1.0
5421.5			1.0
5422.4			1.0
5423.3			1.0
5424.2			1.0
5425.1			1.0
5426.0			1.0
5426.9			1.0376386726088254
5427.8			1.0097792952198599
5428.7			0.920673807502274
5429.6			0.8617868573457845
5430.5			0.9058348147667474
5431.4			0.9832873982120031
5432.3			1.0032672486505962
5433.2			1.0
5434.1			1.0
5435.0			1.0
5435.9			1.0
5436.8			1.0
5437.7			1.0
5438.6			1.0
5439.5			1.0
5440.4			1.0
5441.3			1.0
5442.2			1.0
5443.1			1.0
5444.0			0.9660491796943481
5444.9			0.9062206379532564
5445.8			0.8313332562982748
5446.7			0.7921247132022577
5447.6			0.8408190636117304
5448.5			0.9352138700887435
5449.4			0.9995663002433541
5450.3			1.0
5451.2			1.0
5452.1			1.0
5453.0			0.9805225976695637
5453.9			0.9286132334743359
5454.8			0.852912735281404
5455.7			0.8238210006955803
5456.6			0.8794724479572569
5457.5			0.9588958824248256
5458.4			0.9986835574209789
5459.3			1.0
5460.2			1.0
5461.1			1.0
5462.0			1.0
5462.9			1.0
5463.8			1.0
5464.7			1.0
5465.6			1.0
5466.5			1.0
5467.4			1.0
5468.3			1.0
5469.2			1.0
5470.1			1.0
5471.0			1.0
5471.9			1.0
5472.8			0.9924783262894252
5473.7			0.978810649300311
5474.6			0.9671214275963296
5475.5			0.9287745341159408
5476.4			0.8784302152163488
5477.3			0.886962476770424
5478.2			0.9567684665956933
5479.1			1.0111558399963823
5480.0			1.0020526813432906
5480.9			1.0
5481.8			1.0
5482.7			1.0
5483.6			1.0
5484.5			1.0
5485.4			1.0
5486.3			1.0
5487.2			1.0
5488.1			1.0
5489.0			1.0
5489.9			1.0
5490.8			1.0
5491.7			1.0
5492.6			1.0
5493.5			1.0
5494.4			1.0
5495.3			1.0
5496.2			1.0
5497.1			1.0
5498.0			1.0
5498.9			1.0
5499.8			1.0
5500.7			1.0
5501.6			1.0
5502.5			1.0
5503.4			1.0
5504.3			1.0
5505.2			1.0
5506.1			1.0
5507.0			1.0
5507.9			1.0
5508.8			1.0240112492443858
5509.7			1.018248184030601
5510.6			0.992779798351393
5511.5			0.9510384683134803
5512.4			0.9138536054752121
5513.3			0.9066344417792679
5514.2			0.924689123619114
5515.1			0.9494594763282279
5516.0			0.9683887967179975
5516.9			0.9817284419678393
5517.8			0.9967832887030813
5518.7			1.0
5519.6			1.0
5520.5			1.0
5521.4			1.0
5522.3			1.0
5523.2			1.0
5524.1			1.0
5525.0			1.0
5525.9			0.9739284173448186
5526.8			0.91924147482434
5527.7			0.8549947832436114
5528.6			0.8467934316930383
5529.5			0.9097264429702032
5530.4			0.976322635874523
5531.3			0.9998543365366604
5532.2			1.0
5533.1			1.0
5534.0			1.0
5534.9			1.0
5535.8			1.0
5536.7			1.0
5537.6			1.0
5538.5			1.0
5539.4			1.0
5540.3			1.0
5541.2			1.0
5542.1			1.0
5543.0			1.0
5543.9			1.0
5544.8			1.0
5545.7			1.0
5546.6			1.0
5547.5			1.0
5548.4			1.0
5549.3			1.0
5550.200000000001			1.0
5551.1			1.0
5552.0			1.0
5552.9			1.0
5553.8			1.0
5554.700000000001			1.0
5555.6			1.0
5556.5			1.0
5557.4			1.0
5558.3			1.0
5559.200000000001			1.0
5560.1			1.0
5561.0			1.0
5561.9			1.0
5562.8			1.0
5563.700000000001			1.0
5564.6			1.0
5565.5			1.0
5566.4			1.0
5567.3			1.0
5568.200000000001			1.0
5569.1			1.0
5570.0			1.00546102355627
5570.9			1.0161058896527286
5571.8			0.976112153231106
5572.700000000001			0.9352748584275271
5573.6			0.9622265802193825
5574.5			1.0003634429328372
5575.4			0.9952052043900999
5576.3			1.0
5577.200000000001			1.0
5578.1			1.0
5579.0			1.0
5579.9			1.0
5580.8			1.0
5581.700000000001			1.0
5582.6			1.0
5583.5			1.0118701766023452
5584.4			1.0005108309623878
5585.3			0.9469743261266639
5586.200000000001			0.8744174131301858
5587.1			0.8307456601870696
5588.0			0.8299162705574644
5588.9			0.8608396112163714
5589.8			0.9187991728018968
5590.700000000001			0.9769469305400165
5591.6			1.0066128682117057
5592.5			0.9994336588496822
5593.4			1.0
5594.3			1.0
5595.200000000001			1.0
5596.1			1.0
5597.0			0.9889880678801337
5597.9			0.941105515661871
5598.8			0.9177090441326958
5599.700000000001			0.9233410464090814
5600.6			0.9130574830222462
5601.5			0.8822022167353993
5602.4			0.8654536657833208
5603.3			0.8922186006678302
5604.200000000001			0.9512327280024574
5605.1			0.9948651010234616
5606.0			1.0027091258918626
5606.9			0.9977026635104312
5607.8			0.9979301096693266
5608.700000000001			1.0
5609.6			1.0
5610.5			1.0
5611.4			1.0
5612.3			1.0
5613.200000000001			0.9796154562715089
5614.1			0.9027046611332793
5615.0			0.8128224860153203
5615.9			0.8087300091712397
5616.8			0.8929530599491814
5617.700000000001			0.9721774448449725
5618.6			1.0001042753338192
5619.5			1.0
5620.4			1.0
5621.3			1.0
5622.200000000001			1.0059886907157203
5623.1			0.9715549943117184
5624.0			0.9142776682880396
5624.9			0.9050145633348802
5625.8			0.953984046156083
5626.700000000001			0.9931045905947986
5627.6			1.0036667021618133
5628.5			1.0
5629.4			1.0
5630.3			1.0
5631.200000000001			1.0
5632.1			1.0
5633.0			1.0
5633.9			1.0
5634.8			1.0
5635.700000000001			1.0
5636.6			1.0
5637.5			1.0
5638.4			1.0
5639.3			1.0
5640.200000000001			1.0
5641.1			1.0
5642.0			1.0
5642.9			1.0
5643.8			1.0
5644.700000000001			1.0
5645.6			1.0
5646.5			1.0
5647.4			1.0
5648.3			1.0
5649.200000000001			1.0
5650.1			1.0
5651.0			1.0
5651.9			1.0
5652.8			1.0
5653.700000000001			1.0
5654.6			1.0
5655.5			1.0042285957971073
5656.4			1.0096248056736215
5657.3			0.9692322449943468
5658.200000000001			0.9155172313029507
5659.1			0.9243882397852043
5660.0			0.9782597934860904
5660.9			1.0001451305588438
5661.8			1.0
5662.700000000001			1.0
5663.6			1.0
5664.5			1.0
5665.4			1.0
5666.3			1.0
5667.200000000001			1.0
5668.1			1.0
5669.0			1.0
5669.9			1.0
5670.8			1.0
5671.700000000001			1.0
5672.6			1.0
5673.5			1.0
5674.4			1.0
5675.3			1.0
5676.200000000001			1.0
5677.1			1.0
5678.0			1.0
5678.9			1.0
5679.8			1.0
5680.700000000001			1.0
5681.6			1.0
5682.5			1.0
5683.4			1.0
5684.3			1.0
5685.200000000001			1.0
5686.1			1.0
5687.0			1.0
5687.9			1.0
5688.8			1.0
5689.700000000001			1.0
5690.6			1.0
5691.5			1.0
5692.4			1.0
5693.3			1.0
5694.200000000001			1.0
5695.1			1.0
5696.0			1.0
5696.9			1.0
5697.8			1.0
5698.700000000001			1.0
5699.6			1.0
5700.5			1.0
5701.4			1.0
5702.3			1.0060803319190583
5703.200000000001			1.021999729941292
5704.1			1.0227560609731818
5705.0			1.0042829052650604
5705.9			0.9829641479807139
5706.8			0.9693013636186713
5707.700000000001			0.9518567269077763
5708.6			0.927775146477357
5709.5			0.9128427664591553
5710.4			0.9078619994938756
5711.3			0.9089802457449326
5712.200000000001			0.9332468278120114
5713.1			0.9733694779690504
5714.0			0.9976805377683193
5714.9			1.0059733108068372
5715.8			1.0151055212088071
5716.700000000001			1.0135225936560397
5717.6			1.0012072149960853
5718.5			1.000937136096706
5719.4			1.0
5720.3			1.0
5721.200000000001			1.0
5722.1			1.0
5723.0			1.0
5723.9			1.0
5724.8			1.0
5725.700000000001			1.0
5726.6			1.0
5727.5			1.0
5728.4			1.0
5729.3			1.0
5730.200000000001			1.0
5731.1			1.0
5732.0			1.0
5732.9			1.0
5733.8			1.0
5734.700000000001			1.0
5735.6			1.0
5736.5			1.0
5737.4			1.0
5738.3			1.0
5739.200000000001			1.0
5740.1			1.0
5741.0			1.0
5741.9			1.0
5742.8			1.0
5743.700000000001			1.0
5744.6			1.0
5745.5			1.0
5746.4			1.0
5747.3			1.0
5748.200000000001			1.0
5749.1			1.0
5750.0			1.0
5750.9			1.0
5751.8			1.0
5752.700000000001			1.0
5753.6			1.0
5754.5			1.0
5755.4			1.0
5756.3			1.0
5757.200000000001			1.0
5758.1			1.0
5759.0			1.0
5759.9			1.0
5760.8			1.0
5761.700000000001			1.0
5762.6			1.0
5763.5			1.0
5764.4			1.0
5765.3			1.0
5766.200000000001			1.0
5767.1			1.0
5768.0			1.0
5768.9			1.0
5769.8			1.0
5770.700000000001			1.0
5771.6			1.0
5772.5			1.0
5773.4			1.0
5774.3			1.0
5775.200000000001			1.0
5776.1			1.0
5777.0			1.0
5777.9			0.9952173626015686
5778.8			0.9818597988155685
5779.700000000001			0.9581238774764378
5780.6			0.9298071995060452
5781.5			0.919979101795969
5782.4			0.9327297611760336
5783.3			0.9396342720167782
5784.200000000001			0.9272045720588545
5785.1			0.9243059689307213
5786.0			0.9526264642378912
5786.9			0.9885515327020997
5787.8			1.0069934806837126
5788.700000000001			1.0131185104261868
5789.6			1.005603082007522
5790.5			0.9875031200965128
5791.4			0.9858577679132215
5792.3			1.0026467290516627
5793.200000000001			1.0
5794.1			1.0
5795.0			1.0
5795.9			1.0
5796.8			1.0
5797.700000000001			1.0
5798.6			1.0
5799.5			1.0
5800.4			1.0
5801.3			1.0
5802.200000000001			1.0
5803.1			1.0
5804.0			1.0
5804.9			1.0
5805.8			1.0
5806.700000000001			1.0
5807.6			1.0
5808.5			1.0
5809.4			1.0
5810.3			1.0
5811.200000000001			1.0
5812.1			1.0
5813.0			1.0
5813.9			1.0
5814.8			1.0
5815.700000000001			1.0
5816.6			1.0
5817.5			1.0
5818.4			1.0
5819.3			1.0
5820.200000000001			1.0
5821.1			1.0
5822.0			1.0
5822.9			1.0
5823.8			1.0
5824.700000000001			1.0
5825.6			1.0
5826.5			1.0
5827.4			1.0
5828.3			1.0
5829.200000000001			1.0
5830.1			1.0
5831.0			1.0
5831.9			1.0
5832.8			1.0
5833.700000000001			1.0
5834.6			1.0
5835.5			1.0
5836.4			1.0
5837.3			1.0
5838.200000000001			1.0
5839.1			1.0
5840.0			1.0
5840.9			1.0
5841.8			1.0
5842.700000000001			1.0
5843.6			1.0
5844.5			1.0
5845.4			1.0
5846.3			1.0
5847.200000000001			1.0
5848.1			1.0
5849.0			1.0
5849.9			1.0
5850.8			1.0
5851.700000000001			1.0
5852.6			1.0
5853.5			0.9973152792350392
5854.4			1.0002145809275862
5855.3			0.9847347419354076
5856.200000000001			0.9403625662574701
5857.1			0.902541768564546
5858.0			0.9093337819293956
5858.9			0.9473387980812062
5859.8			0.9831338523176864
5860.700000000001			1.0001667904821376
5861.6			1.0
5862.5			1.0
5863.4			1.0
5864.3			1.0
5865.200000000001			1.0
5866.1			1.0
5867.0			1.0
5867.9			1.0
5868.8			1.0
5869.700000000001			1.0
5870.6			1.0
5871.5			1.0
5872.4			1.0
5873.3			1.0
5874.200000000001			1.0
5875.1			1.0
5876.0			1.0
5876.9			1.0
5877.8			1.0
5878.700000000001			1.0
5879.6			1.0
5880.5			1.0
5881.4			1.0
5882.3			1.0
5883.200000000001			1.0
5884.1			1.0
5885.0			1.0
5885.9			1.019466305926975
5886.8			0.9970775754403539
5887.700000000001			0.9023020394401977
5888.6			0.7368354945204683
5889.5			0.601292751643847
5890.4			0.6274206771821845
5891.3			0.7904298789551669
5892.200000000001			0.9423945591253687
5893.1			1.004198717760898
5894.0			1.0
5894.9			1.0
5895.8			1.0
5896.700000000001			1.0
5897.6			1.0
5898.5			1.0
5899.4			1.0
5900.3			1.0
5901.200000000001			1.0
5902.1			1.0
5903.0			1.0
5903.9			1.0
5904.8			1.0
5905.700000000001			1.0
5906.6			1.0
5907.5			1.0
5908.4			1.0
5909.3			1.0
5910.200000000001			1.0
5911.1			1.0
5912.0			1.0
5912.9			1.0
5913.8			1.0
5914.700000000001			1.0
5915.6			1.0
5916.5			1.0
5917.4			1.0
5918.3			1.0
5919.200000000001			1.0
5920.1			1.0
5921.0			1.0
5921.9			1.0
5922.8			1.0
5923.700000000001			1.0
5924.6			1.0
5925.5			1.0
5926.4			1.0
5927.3			1.0
5928.200000000001			1.0
5929.1			1.0
5930.0			1.0
5930.9			1.0
5931.8			1.0
5932.700000000001			1.0
5933.6			1.0
5934.5			1.0
5935.4			1.0
5936.3			1.0
5937.200000000001			1.0
5938.1			1.0
5939.0			1.0
5939.9			1.0
5940.8			1.0
5941.700000000001			1.0
5942.6			1.0
5943.5			1.0
5944.4			1.0
5945.3			1.0
5946.200000000001			1.0
5947.1			1.0
5948.0			1.0
5948.9			1.0
5949.8			1.0
5950.700000000001			1.0
5951.6			1.0
5952.5			1.0
5953.4			1.0
5954.3			1.0
5955.200000000001			1.0
5956.1			1.0
5957.0			1.0
5957.9			1.0
5958.8			1.0
5959.700000000001			1.0
5960.6			1.0
5961.5			1.0
5962.4			1.0
5963.3			1.0
5964.200000000001			1.0
5965.1			1.0
5966.0			1.0
5966.9			1.0
5967.8			1.0
5968.700000000001			1.0
5969.6			1.0
5970.5			1.0
5971.4			1.0
5972.3			1.0
5973.200000000001			1.0
5974.1			1.0
5975.0			1.0
5975.9			1.0
5976.8			1.0
5977.700000000001			1.0
5978.6			1.0
5979.5			1.0
5980.4			1.0
5981.3			1.0
5982.200000000001			1.0
5983.1			1.0
5984.0			1.0
5984.9			1.0
5985.8			1.0
5986.700000000001			1.0
5987.6			1.0
5988.5			1.0
5989.4			1.0
5990.3			1.0
5991.200000000001			1.0
5992.1			1.0
5993.0			1.0
5993.9			1.0
5994.8			1.0
5995.700000000001			1.0
5996.6			1.0
5997.5			1.0
5998.4			1.0
5999.3			1.0
6000.200000000001			1.0
6001.1			1.0
6002.0			1.0
6002.9			1.0
6003.8			1.0
6004.700000000001			1.0
6005.6			1.0
6006.5			1.0
6007.4			1.0
6008.3			1.0
6009.200000000001			1.0
6010.1			1.0
6011.0			1.0
6011.9			1.0
6012.8			1.0
6013.700000000001			1.0
6014.6			1.0
6015.5			1.0
6016.4			1.0
6017.3			1.0
6018.200000000001			1.0
6019.1			1.0
6020.0			1.0
6020.9			1.0
6021.8			1.0
6022.700000000001			1.0
6023.6			1.0
6024.5			1.0
6025.4			1.0
6026.3			1.0
6027.200000000001			1.0
6028.1			1.0
6029.0			1.0
6029.9			1.0
6030.8			1.0
6031.700000000001			1.0
6032.6			1.0
6033.5			1.0
6034.4			1.0
6035.3			1.0
6036.200000000001			1.0
6037.1			1.0
6038.0			1.0
6038.9			1.0
6039.8			1.0
6040.700000000001			1.0
6041.6			1.0
6042.5			1.0
6043.4			1.0
6044.3			1.0
6045.200000000001			1.0
6046.1			1.0
6047.0			1.0
6047.9			1.0
6048.8			1.0
6049.700000000001			1.0
6050.6			1.0
6051.5			1.0
6052.4			1.0
6053.3			1.0
6054.200000000001			1.0
6055.1			1.0
6056.0			1.0
6056.9			1.0
6057.8			1.0
6058.700000000001			1.0
6059.6			1.0
6060.5			1.0
6061.4			1.0
6062.3			1.0
6063.200000000001			1.0
6064.1			1.0
6065.0			1.0
6065.9			1.0
6066.8			1.0
6067.700000000001			1.0
6068.6			1.0
6069.5			1.0
6070.4			1.0
6071.3			1.0
6072.200000000001			1.0
6073.1			1.0
6074.0			1.0
6074.9			1.0
6075.8			1.0
6076.700000000001			1.0
6077.6			1.0
6078.5			1.0
6079.4			1.0
6080.3			1.0
6081.200000000001			1.0
6082.1			1.0
6083.0			1.0
6083.9			1.0
6084.8			1.0
6085.700000000001			1.0
6086.6			1.0
6087.5			1.0
6088.4			1.0
6089.3			1.0
6090.200000000001			1.0
6091.1			1.0
6092.0			1.0
6092.9			1.0
6093.8			1.0
6094.700000000001			1.0
6095.6			1.0
6096.5			1.0
6097.4			1.0
6098.3			1.0
6099.200000000001			1.0
6100.1			0.9962653273032469
6101.0			0.954867211887922
6101.9			0.8746127036602579
6102.8			0.8413454425208303
6103.700000000001			0.9006532773131412
6104.6			0.9732353481692877
6105.5			0.9984781602934318
6106.4			1.0
6107.3			1.0
6108.200000000001			1.0
6109.1			1.0
6110.0			1.0
6110.9			1.0
6111.8			1.0
6112.700000000001			1.0
6113.6			1.0
6114.5			1.0
6115.4			1.0
6116.3			1.0
6117.200000000001			1.0
6118.1			1.0
6119.0			1.0
6119.9			0.9777658680764489
6120.8			0.9285157761729264
6121.700000000001			0.8705806198886549
6122.6			0.8707659399033486
6123.5			0.9378591759180218
6124.4			0.9914177495097436
6125.3			1.0003928677027487
6126.200000000001			1.0
6127.1			1.0
6128.0			1.0
6128.9			1.0
6129.8			1.0
6130.700000000001			1.0
6131.6			1.0
6132.5			1.0
6133.4			1.0
6134.3			0.9826493713380857
6135.200000000001			0.939302255187803
6136.1			0.873075296757486
6137.0			0.8357587955991997
6137.9			0.8746011840981867
6138.8			0.9524932500152588
6139.700000000001			1.001243265123784
6140.6			1.0
6141.5			1.0
6142.4			1.0
6143.3			1.0
6144.200000000001			1.0
6145.1			1.0
6146.0			1.0
6146.9			1.0
6147.8			1.0
6148.700000000001			1.0
6149.6			1.0
6150.5			1.0
6151.4			1.0
6152.3			1.0
6153.200000000001			1.0
6154.1			1.0
6155.0			1.0
6155.9			1.0
6156.8			1.0
6157.700000000001			1.0
6158.6			1.0040541106982364
6159.5			0.9854920026368704
6160.4			0.9146945604257982
6161.3			0.8112657539423141
6162.200000000001			0.7698557222073158
6163.1			0.8342065385416015
6164.0			0.9304873686476166
6164.9			0.9879577800488755
6165.8			1.0069245467626298
6166.700000000001			1.0
6167.6			1.0
6168.5			1.0
6169.4			1.0
6170.3			1.0
6171.200000000001			1.0
6172.1			1.0
6173.0			1.0
6173.9			1.0
6174.8			1.0
6175.700000000001			1.0
6176.6			1.0
6177.5			1.0
6178.4			1.0
6179.3			1.0
6180.200000000001			1.0
6181.1			1.0
6182.0			1.0
6182.9			1.0
6183.8			1.0
6184.700000000001			1.0
6185.6			1.0
6186.5			1.0
6187.4			1.0
6188.3			1.0
6189.200000000001			1.0
6190.1			1.0
6191.0			1.0
6191.9			1.0
6192.8			1.0
6193.700000000001			1.0
6194.6			1.0
6195.5			1.0
6196.4			1.0
6197.3			1.0
6198.200000000001			1.0
6199.1			1.0
6200.0			1.0
6200.9			1.0
6201.8			1.0
6202.700000000001			1.0
6203.6			1.0
6204.5			1.0
6205.4			1.0
6206.3			1.0
6207.200000000001			1.0
6208.1			1.0
6209.0			1.0
6209.9			1.0
6210.8			1.0
6211.700000000001			1.0
6212.6			1.0
6213.5			1.0
6214.4			1.0
6215.3			1.0
6216.200000000001			1.0
6217.1			1.0
6218.0			1.0
6218.9			1.0
6219.8			1.0
6220.700000000001			1.0
6221.6			1.0
6222.5			1.0
6223.4			1.0
6224.3			1.0
6225.200000000001			1.0
6226.1			1.0
6227.0			1.000421498394575
6227.9			0.9985575186302529
6228.8			0.9790182088438596
6229.700000000001			0.9351405348970162
6230.6			0.9001983204022167
6231.5			0.9078572068934897
6232.4			0.9395122926745194
6233.3			0.9705837572105841
6234.200000000001			1.0004426546953067
6235.1			1.0
6236.0			1.0
6236.9			1.0
6237.8			1.0
6238.700000000001			1.0
6239.6			1.0
6240.5			1.0
6241.4			1.0
6242.3			1.0
6243.200000000001			1.0
6244.1			1.002983929887433
6245.0			0.9992844626720796
6245.9			0.9815425572474575
6246.8			0.9869821360136697
6247.700000000001			1.0177268618300204
6248.6			1.0349091339314211
6249.5			1.029580796717233
6250.4			1.011599089342745
6251.3			0.9753838686832028
6252.200000000001			0.9354823039110562
6253.1			0.9260831987718007
6254.0			0.9445199490425507
6254.9			0.9638468011773792
6255.8			0.9638791121814846
6256.700000000001			0.9497717729434078
6257.6			0.9338165731462218
6258.5			0.9279385749316633
6259.4			0.9448144789024672
6260.3			0.9696277164712656
6261.200000000001			0.9864264712021849
6262.1			0.9999493861720254
6263.0			1.0
6263.9			1.0
6264.8			1.0
6265.700000000001			1.0
6266.6			1.0
6267.5			1.0
6268.4			1.0
6269.3			1.0
6270.200000000001			1.0
6271.1			1.0
6272.0			1.0
6272.9			1.0
6273.8			1.0
6274.700000000001			1.0
6275.6			1.0
6276.5			1.0
6277.4			1.0
6278.3			1.0
6279.200000000001			1.0
6280.1			1.0
6281.0			1.0
6281.9			1.0
6282.8			1.0
6283.700000000001			1.0
6284.6			1.0
6285.5			1.0
6286.4			1.0
6287.3			1.0
6288.200000000001			1.0
6289.1			1.0
6290.0			1.0
6290.9			1.0
6291.8			1.0
6292.700000000001			1.0
6293.6			1.0
6294.5			1.0
6295.4			1.0
6296.3			1.0
6297.200000000001			1.0
6298.1			1.0
6299.0			1.0
6299.9			1.0
6300.8			1.0
6301.700000000001			1.0
6302.6			1.0
6303.5			1.0
6304.4			1.0
6305.3			1.0
6306.200000000001			1.0
6307.1			1.0
6308.0			1.0
6308.9			1.0
6309.8			1.0
6310.700000000001			1.0
6311.6			1.0
6312.5			1.0
6313.4			1.0
6314.3			1.0
6315.200000000001			1.0
6316.1			1.0
6317.0			1.0
6317.9			1.0
6318.8			1.0
6319.700000000001			1.0
6320.6			1.0
6321.5			1.0
6322.4			1.0
6323.3			1.0
6324.200000000001			1.0
6325.1			1.0
6326.0			1.0
6326.9			1.0
6327.8			1.0
6328.700000000001			1.0
6329.6			1.0
6330.5			1.0
6331.4			1.0
6332.3			1.0
6333.200000000001			1.0
6334.1			1.0
6335.0			1.0
6335.9			1.0
6336.8			1.0
6337.700000000001			1.0
6338.6			1.0
6339.5			1.0
6340.4			1.0
6341.3			1.0
6342.200000000001			1.0
6343.1			1.0
6344.0			1.0
6344.9			1.0
6345.8			1.0
6346.700000000001			1.0
6347.6			1.0
6348.5			1.0
6349.4			1.0
6350.3			1.0
6351.200000000001			1.0
6352.1			1.0
6353.0			1.0
6353.9			1.0
6354.8			1.0
6355.700000000001			1.0
6356.6			1.0
6357.5			1.0
6358.4			1.0
6359.3			1.0
6360.200000000001			1.0
6361.1			1.0
6362.0			1.0
6362.9			1.0
6363.8			1.0
6364.700000000001			1.0
6365.6			1.0
6366.5			1.0
6367.4			1.0
6368.3			1.0
6369.200000000001			1.0
6370.1			1.0
6371.0			1.0
6371.9			1.0
6372.8			1.0
6373.700000000001			1.0
6374.6			1.0
6375.5			1.0
6376.4			1.0
6377.3			1.0
6378.200000000001			1.0
6379.1			1.0
6380.0			1.0
6380.9			1.0
6381.8			1.0
6382.700000000001			1.0
6383.6			1.0
6384.5			1.0
6385.4			1.0
6386.3			1.0
6387.200000000001			1.0
6388.1			1.0
6389.0			1.0
6389.9			1.0
6390.8			1.0
6391.700000000001			1.0
6392.6			1.0
6393.5			1.0
6394.4			1.0
6395.3			1.0
6396.200000000001			1.0
6397.1			1.0030957886962022
6398.0			0.985102324727143
6398.9			0.9372967068936909
6399.8			0.8907825895934043
6400.700000000001			0.9027961052393711
6401.6			0.9594504918857943
6402.5			0.9995895006727797
6403.4			1.0
6404.3			1.0
6405.200000000001			1.0
6406.1			1.0
6407.0			1.0
6407.9			1.0
6408.8			1.0
6409.700000000001			1.0
6410.6			1.0
6411.5			1.0
6412.4			1.0
6413.3			1.0
6414.200000000001			1.0
6415.1			1.0
6416.0			1.0
6416.9			1.0
6417.8			1.0
6418.700000000001			1.0
6419.6			1.0
6420.5			1.0
6421.4			1.0
6422.3			1.0
6423.200000000001			1.0
6424.1			1.0
6425.0			1.0
6425.9			1.0
6426.8			1.0
6427.700000000001			1.0
6428.6			1.0
6429.5			1.0
6430.4			1.0
6431.3			1.0
6432.200000000001			1.0
6433.1			1.0
6434.0			1.0
6434.9			1.0
6435.8			1.0
6436.700000000001			0.9912587401943962
6437.6			0.9579811740266225
6438.5			0.9049147332827041
6439.4			0.8818687323625726
6440.3			0.9196724075423025
6441.200000000001			0.9736548380939056
6442.1			0.9994107922836927
6443.0			1.0
6443.9			1.0
6444.8			1.0
6445.700000000001			1.0
6446.6			1.0
6447.5			0.9954163845798171
6448.4			0.9631317037805277
6449.3			0.9093815190610606
6450.200000000001			0.8886115734829056
6451.1			0.9231672082690412
6452.0			0.9724567461526072
6452.9			1.004591797012987
6453.8			1.0
6454.700000000001			1.0
6455.6			1.0
6456.5			1.0
6457.4			1.0
6458.3			1.0
6459.200000000001			1.0
6460.1			0.9967768733810572
6461.0			0.9616454779923098
6461.9			0.9070957284454223
6462.8			0.8838619470954182
6463.700000000001			0.9197318282686556
6464.6			0.9725344536071976
6465.5			0.9998636145571864
6466.4			1.0
6467.3			1.0
6468.200000000001			1.0
6469.1			1.0
6470.0			1.0
6470.9			1.0
6471.8			1.0
6472.700000000001			1.0
6473.6			1.0
6474.5			1.0
6475.4			0.9929871428034035
6476.3			0.9952692370581947
6477.200000000001			1.0131111516063285
6478.1			1.0294311842024522
6479.0			1.036946719900435
6479.9			1.0366235344840562
6480.8			1.022539657169822
6481.700000000001			1.0023840565995297
6482.6			1.0
6483.5			1.010609712434869
6484.4			1.021323711840594
6485.3			1.031840509329446
6486.200000000001			1.0381293502659545
6487.1			1.033747464807411
6488.0			1.02915975720611
6488.9			1.0280451551823637
6489.8			1.0227043589877196
6490.700000000001			1.0167150840506425
6491.6			1.0110739307743508
6492.5			0.9883778572140287
6493.4			0.9329729570377288
6494.3			0.8694392622810893
6495.200000000001			0.8495323845931956
6496.1			0.8780153428799474
6497.0			0.9225266918230631
6497.9			0.9583339887084038
6498.8			0.9623913230683736
6499.700000000001			0.9555022017551688
6500.6			0.9704149458373386
6501.5			0.9964091525767338
6502.4			1.014398245929703
6503.3			1.0213154741567343
6504.200000000001			1.0188533586523978
6505.1			1.0163765497653268
6506.0			1.0208644814367651
6506.9			1.0244091762944234
6507.8			1.0172363576907535
6508.700000000001			1.009130759527868
6509.6			1.0143447213848542
6510.5			1.0237279767758918
6511.4			1.0289215392154505
6512.3			1.0338505405766005
6513.200000000001			1.034524960296864
6514.1			1.0311193861164296
6515.0			1.0271088189156123
6515.9			1.0211322767976005
6516.8			1.009480549152227
6517.700000000001			0.991573663002744
6518.6			0.9798415146063151
6519.5			0.9910251973605101
6520.4			1.0117547259521147
6521.3			1.0229638060689885
6522.200000000001			1.0267584874340232
6523.1			1.030552544989047
6524.0			1.0338824610935822
6524.9			1.0286447745061986
6525.8			1.0175382911988327
6526.700000000001			1.0090305692119605
6527.6			1.0067794024694907
6528.5			1.0101412506115728
6529.4			1.0132403974453272
6530.3			1.0133902970983593
6531.200000000001			1.016205497930666
6532.1			1.0151717849058224
6533.0			1.0031849199946514
6533.9			1.0
6534.8			1.0051441611954013
6535.700000000001			1.0171667712134695
6536.6			1.0168697851543542
6537.5			1.0088277326851518
6538.4			1.00642359152754
6539.3			1.0
6540.200000000001			1.0043785320899905
6541.1			1.0041090837830648
6542.0			1.0007609529025152
6542.9			0.9995731402078227
6543.8			0.9950126281034161
6544.700000000001			0.9753344234112203
6545.6			0.9457913793490687
6546.5			0.9359394342221363
6547.4			0.9603894077016428
6548.3			0.9898692030820455
6549.200000000001			1.0058799829634464
6550.1			1.010603078185258
6551.0			1.0047146853254612
6551.9			0.9919590642526185
6552.8			0.9783209701796807
6553.700000000001			0.9657038998129501
6554.6			0.9548539599639954
6555.5			0.9485138409516218
6556.4			0.9566208500079505
6557.3			0.9757313613954677
6558.200000000001			0.9817681029170076
6559.1			0.9666033918862734
6560.0			0.9400329294453051
6560.9			0.8830121078781397
6561.8			0.7641748197091117
6562.700000000001			0.6561758891578657
6563.6			0.6834880419715254
6564.5			0.8111076232214472
6565.4			0.9141371944553416
6566.3			0.9607510628862432
6567.200000000001			0.977774520743492
6568.1			0.9724544006059662
6569.0			0.9567226875215267
6569.9			0.9592424888136024
6570.8			0.9790200827457075
6571.700000000001			0.9872107573656491
6572.6			0.9782312049885661
6573.5			0.9659511286128933
6574.4			0.9608316559654717
6575.3			0.9742648627277624
6576.200000000001			1.0015527639995212
6577.1			1.0234022458746719
6578.0			1.0298285186346614
6578.9			1.020880495638206
6579.8			1.0054485069440477
6580.700000000001			0.9981520709172927
6581.6			1.00431306313576
6582.5			1.0146121158992747
6583.4			1.0165284502830938
6584.3			1.0069536688847827
6585.200000000001			0.9949493091953611
6586.1			0.9895219488467482
6587.0			0.9931696134502956
6587.9			0.9993542309275726
6588.8			1.004127113585031
6589.700000000001			1.0073550946444345
6590.6			1.0043805008046038
6591.5			0.9825926021520364
6592.4			0.9398661989375519
6593.3			0.9082101817375134
6594.200000000001			0.9242836577033834
6595.1			0.9716402411423191
6596.0			1.0047873556399596
6596.9			1.0087801520943687
6597.8			0.9978932666686907
6598.700000000001			0.9951883581897959
6599.6			1.00844560657807
6600.5			1.0246563440382268
6601.4			1.033634672350363
6602.3			1.032073570961961
6603.200000000001			1.0227774003839198
6604.1			1.0129479199691476
6605.0			1.0100381350888017
6605.9			1.0144963834645908
6606.8			1.0170644451989148
6607.700000000001			1.005163957865243
6608.6			0.9828848826446357
6609.5			0.9742568532837276
6610.4			0.9864628000214722
6611.3			0.9991215407379198
6612.200000000001			1.0031616122709783
6613.1			1.0038032448894847
6614.0			1.0071656098141408
6614.9			1.0138459296401983
6615.8			1.0204118088505572
6616.700000000001			1.024235992641759
6617.6			1.019499478452965
6618.5			1.0076838223184983
6619.4			1.0018886527795627
6620.3			1.0054394656855423
6621.200000000001			1.0095018419729749
6622.1			1.0138048834087419
6623.0			1.0230566753643644
6623.9			1.027617412878154
6624.8			1.01972672402827
6625.700000000001			1.0140945147982396
6626.6			1.0180683553098384
6627.5			1.0247003343464147
6628.4			1.0296506182927037
6629.3			1.030686663179292
6630.200000000001			1.0276731740059744
6631.1			1.0209159092260918
6632.0			1.0046148208037384
6632.9			0.9805047359128105
6633.8			0.965265801957228
6634.700000000001			0.9749290365681433
6635.6			0.9969136241024678
6636.5			1.0121437787599061
6637.4			1.0171480214063333
6638.3			1.013684598027237
6639.200000000001			1.0064991666774095
6640.1			1.007847290694401
6641.0			1.017771871985995
6641.9			1.0182288869725107
6642.8			0.9999840327157475
6643.700000000001			0.9858527376469653
6644.6			0.9937521799216404
6645.5			1.0082307203516487
6646.4			1.0110190757924133
6647.3			1.0061690788446551
6648.200000000001			1.0052792717596577
6649.1			1.0146726652384055
6650.0			1.0261408270356904
6650.9			1.0316084371337315
6651.8			1.0340254955905577
6652.700000000001			1.0359425037908638
6653.6			1.0316920656757178
6654.5			1.0247851519072355
6655.4			1.0236527180602026
6656.3			1.0252979355241258
6657.200000000001			1.024243704706905
6658.1			1.0225296523932352
6659.0			1.022875952182969
6659.9			1.0266151428115733
6660.8			1.029442575301538
6661.700000000001			1.021974237005996
6662.6			0.9999680578579291
6663.5			1.0
6664.4			1.0
6665.3			1.0
6666.200000000001			1.0
6667.1			1.0
6668.0			1.0
6668.9			1.0
6669.8			1.0
6670.700000000001			1.0
6671.6			1.0
6672.5			1.0
6673.4			1.0
6674.3			1.0
6675.200000000001			1.0
6676.1			1.0
6677.0			1.0
6677.9			1.0
6678.8			1.0
6679.700000000001			1.0
6680.6			1.0
6681.5			1.0
6682.4			1.0
6683.3			1.0
6684.200000000001			1.0
6685.1			1.0
6686.0			1.0
6686.9			1.0
6687.8			1.0
6688.700000000001			1.0
6689.6			1.0
6690.5			1.0
6691.4			1.0
6692.3			1.0
6693.200000000001			1.0
6694.1			1.0
6695.0			1.0
6695.9			1.0
6696.8			1.0
6697.700000000001			1.0
6698.6			1.0
6699.5			1.0
6700.4			1.0
6701.3			1.0
6702.200000000001			1.0
6703.1			1.0
6704.0			1.0
6704.9			1.0
6705.8			1.0
6706.700000000001			1.0
6707.6			1.0
6708.5			1.0
6709.4			1.0
6710.3			1.0
6711.200000000001			1.0
6712.1			1.0
6713.0			1.0
6713.9			1.0
6714.8			1.0
6715.700000000001			1.0
6716.6			1.0
6717.5			1.0
6718.4			1.0
6719.3			1.0
6720.200000000001			1.0
6721.1			1.0
6722.0			1.0
6722.9			1.0
6723.8			1.0
6724.700000000001			1.0
6725.6			1.0
6726.5			1.0
6727.4			1.0
6728.3			1.0
6729.200000000001			1.0
6730.1			1.0
6731.0			1.0
6731.9			1.0
6732.8			1.0
6733.700000000001			1.0
6734.6			1.0
6735.5			1.0
6736.4			1.0
6737.3			1.0
6738.200000000001			1.0
6739.1			1.0
6740.0			1.0
6740.9			1.0
6741.8			1.0
6742.700000000001			1.0
6743.6			1.0
6744.5			1.0
6745.4			1.0
6746.3			1.0
6747.200000000001			1.0
6748.1			1.0
6749.0			1.0
6749.9			1.0
6750.8			1.0
6751.700000000001			1.0
6752.6			1.0
6753.5			1.0
6754.4			1.0
6755.3			1.0
6756.200000000001			1.0
6757.1			1.0
6758.0			1.0
6758.9			1.0
6759.8			1.0
6760.700000000001			1.0
6761.6			1.0
6762.5			1.0
6763.4			1.0
6764.3			1.0
6765.200000000001			1.0
6766.1			1.0
6767.0			1.0
6767.9			1.0
6768.8			1.0
6769.700000000001			1.0
6770.6			1.0
6771.5			1.0
6772.4			1.0
6773.3			1.0
6774.200000000001			1.0
6775.1			1.0
6776.0			1.0
6776.9			1.0
6777.8			1.0
6778.700000000001			1.0
6779.6			1.0
6780.5			1.0
6781.4			1.0
6782.3			1.0
6783.200000000001			1.0
6784.1			1.0
6785.0			1.0
6785.9			1.0
6786.8			1.0
6787.700000000001			1.0
6788.6			1.0
6789.5			1.0
6790.4			1.0
6791.3			1.0
6792.200000000001			1.0
6793.1			1.0
6794.0			1.0
6794.9			1.0
6795.8			1.0
6796.700000000001			1.0
6797.6			1.0
6798.5			1.0
6799.4			1.0
6800.3			1.0
6801.200000000001			1.0
6802.1			1.0
6803.0			1.0
6803.9			1.0
6804.8			1.0
6805.700000000001			1.0
6806.6			1.0
6807.5			1.0
6808.4			1.0
6809.3			1.0
6810.200000000001			1.0
6811.1			1.0
6812.0			1.0
6812.9			1.0
6813.8			1.0
6814.700000000001			1.0
6815.6			1.0
6816.5			1.0
6817.4			1.0
6818.3			1.0
6819.200000000001			1.0
6820.1			1.0
6821.0			1.0
6821.9			1.0
6822.8			1.0
6823.700000000001			1.0
6824.6			1.0
6825.5			1.0
6826.4			1.0
6827.3			1.0
6828.200000000001			1.0
6829.1			1.0
6830.0			1.0
6830.9			1.0
6831.8			1.0
6832.700000000001			1.0
6833.6			1.0
6834.5			1.0
6835.4			1.0
6836.3			1.0
6837.200000000001			1.0
6838.1			1.0
6839.0			1.0
6839.9			1.0
6840.8			1.0
6841.700000000001			1.0
6842.6			1.0
6843.5			1.0
6844.4			1.0
6845.3			1.0
6846.200000000001			1.0
6847.1			1.0
6848.0			1.0
6848.9			1.0
6849.8			1.0
6850.700000000001			1.0
6851.6			1.0
6852.5			1.0
6853.4			1.0
6854.3			1.0
6855.200000000001			1.0
6856.1			1.0
6857.0			1.0
6857.9			1.0
6858.8			1.0
6859.700000000001			1.0
6860.6			1.0
6861.5			1.0
6862.4			1.0
6863.3			1.0
6864.200000000001			1.0
6865.1			1.0
6866.0			1.0
6866.9			1.0
6867.8			1.0
6868.700000000001			1.0
6869.6			1.0
6870.5			1.0
6871.4			1.0
6872.3			1.0
6873.200000000001			1.0
6874.1			1.0
6875.0			1.0
6875.9			1.0
6876.8			1.0
6877.700000000001			1.0
6878.6			1.0
6879.5			1.0
6880.4			1.0
6881.3			1.0
6882.200000000001			1.0
6883.1			1.0
6884.0			1.0
6884.9			1.0
6885.8			1.0
6886.700000000001			1.0
6887.6			1.0
6888.5			1.0
6889.4			1.0
6890.3			1.0
6891.200000000001			1.0
6892.1			1.0
6893.0			1.0
6893.9			1.0
6894.8			1.0
6895.700000000001			1.0
6896.6			1.0
6897.5			1.0
6898.4			1.0
6899.3			1.0
6900.200000000001			1.0
6901.1			1.0
6902.0			1.0
6902.9			1.0
6903.8			1.0
6904.700000000001			1.0
6905.6			1.0
6906.5			1.0
6907.4			1.0
6908.3			1.0
6909.200000000001			1.0
6910.1			1.0
6911.0			1.0
6911.9			1.0
6912.8			1.0
6913.700000000001			1.0
6914.6			1.0
6915.5			1.0
6916.4			1.0
6917.3			1.0
6918.200000000001			1.0
6919.1			1.0
6920.0			1.0
6920.9			1.0
6921.8			1.0
6922.700000000001			1.0
6923.6			1.0
6924.5			1.0
6925.4			1.0
6926.3			1.0
6927.200000000001			1.0
6928.1			1.0
6929.0			1.0
6929.9			1.0
6930.8			1.0
6931.700000000001			1.0
6932.6			1.0
6933.5			1.0
6934.4			1.0
6935.3			1.0
6936.200000000001			1.0
6937.1			1.0
6938.0			1.0
6938.9			1.0
6939.8			1.0
6940.700000000001			1.0
6941.6			1.0
6942.5			1.0
6943.4			1.0
6944.3			1.0
6945.200000000001			1.0
6946.1			1.0
6947.0			1.0
6947.9			1.0
6948.8			1.0
6949.700000000001			1.0
6950.6			1.0
6951.5			1.0
6952.4			1.0
6953.3			1.0
6954.200000000001			1.0
6955.1			1.0
6956.0			1.0
6956.9			1.0
6957.8			1.0
6958.700000000001			1.0
6959.6			1.0
6960.5			1.0
6961.4			1.0
6962.3			1.0
6963.200000000001			1.0
6964.1			1.0
6965.0			1.0
6965.9			1.0
6966.8			1.0
6967.700000000001			1.0
6968.6			1.0
6969.5			1.0
6970.4			1.0
6971.3			1.0
6972.200000000001			1.0
6973.1			1.0
6974.0			1.0
6974.9			1.0
6975.8			1.0
6976.700000000001			1.0
6977.6			1.0
6978.5			1.0
6979.4			1.0
6980.3			1.0
6981.200000000001			1.0
6982.1			1.0
6983.0			1.0
6983.9			1.0
6984.8			1.0
6985.700000000001			1.0
6986.6			1.0
6987.5			1.0
6988.4			1.0
6989.3			1.0
6990.200000000001			1.0
6991.1			1.0
6992.0			1.0
6992.9			1.0
6993.8			1.0
6994.700000000001			1.0
6995.6			1.0
6996.5			1.0
6997.4			1.0
6998.3			1.0
6999.200000000001			1.0
7000.1			1.0
7001.0			1.0
7001.9			1.0
7002.8			1.0
7003.700000000001			1.0
7004.6			1.0
7005.5			1.0
7006.4			1.0
7007.3			1.0
7008.200000000001			1.0
7009.1			1.0
7010.0			1.0
7010.9			1.0
7011.8			1.0
7012.700000000001			1.0
7013.6			1.0
7014.5			1.0
7015.4			1.0
7016.3			1.0
7017.200000000001			1.0
7018.1			1.0
7019.0			1.0
7019.9			1.0
7020.8			1.0
7021.700000000001			1.0
7022.6			1.0
7023.5			1.0
7024.4			1.0
7025.3			1.0
7026.200000000001			1.0
7027.1			1.0
7028.0			1.0
7028.9			1.0
7029.8			1.0
7030.700000000001			1.0
7031.6			1.0
7032.5			1.0
7033.4			1.0
7034.3			1.0
7035.200000000001			1.0
7036.1			1.0
7037.0			1.0
7037.9			1.0
7038.8			1.0
7039.700000000001			1.0
7040.6			1.0
7041.5			1.0
7042.4			1.0
7043.3			1.0
7044.200000000001			1.0
7045.1			1.0
7046.0			1.0
7046.9			1.0
7047.8			1.0
7048.700000000001			1.0
7049.6			1.0
7050.5			1.0
7051.4			1.0
7052.3			1.0
7053.200000000001			1.0
7054.1			1.0
7055.0			1.0
7055.9			1.0
7056.8			1.0
7057.700000000001			1.0
7058.6			1.0
7059.5			1.0
7060.4			1.0
7061.3			1.0
7062.200000000001			1.0
7063.1			1.0
7064.0			1.0
7064.9			1.0
7065.8			1.0
7066.700000000001			1.0
7067.6			1.0
7068.5			1.0
7069.4			1.0
7070.3			1.0
7071.200000000001			1.0
7072.1			1.0
7073.0			1.0
7073.9			1.0
7074.8			1.0
7075.700000000001			1.0
7076.6			1.0
7077.5			1.0
7078.4			1.0
7079.3			1.0
7080.200000000001			1.0
7081.1			1.0
7082.0			1.0
7082.9			1.0
7083.8			1.0
7084.700000000001			1.0
7085.6			1.0
7086.5			1.0
7087.4			1.0
7088.3			1.0
7089.200000000001			1.0
7090.1			1.0
7091.0			1.0
7091.9			1.0
7092.8			1.0
7093.700000000001			1.0
7094.6			1.0
7095.5			1.0
7096.4			1.0
7097.3			1.0
7098.200000000001			1.0
7099.1			1.0
7100.0			1.0
7100.9			1.0
7101.8			1.0
7102.700000000001			1.0
7103.6			1.0
7104.5			1.0
7105.4			1.0
7106.3			1.0
7107.200000000001			1.0
7108.1			1.0
7109.0			1.0
7109.9			1.0
7110.8			1.0
7111.700000000001			1.0
7112.6			1.0
7113.5			1.0
7114.4			1.0
7115.3			1.0
7116.200000000001			1.0
7117.1			1.0
7118.0			1.0
7118.9			1.0
7119.8			1.0
7120.700000000001			1.0
7121.6			1.0
7122.5			1.0
7123.4			1.0
7124.3			1.0
7125.200000000001			1.0
7126.1			1.0
7127.0			1.0
7127.9			1.0
7128.8			1.0
7129.700000000001			1.0
7130.6			1.0
7131.5			1.0
7132.4			1.0
7133.3			1.0
7134.200000000001			1.0
7135.1			1.0
7136.0			1.0
7136.9			1.0
7137.8			1.0
7138.700000000001			1.0
7139.6			1.0
7140.5			1.0
7141.4			1.0
7142.3			1.0
7143.200000000001			1.0
7144.1			1.0
7145.0			1.0
7145.9			1.0
7146.8			1.0
7147.700000000001			1.0
7148.6			1.0
7149.5			1.0
7150.4			1.0
7151.3			1.0
7152.200000000001			1.0
7153.1			1.0
7154.0			1.0
7154.9			1.0
7155.8			1.0
7156.700000000001			1.0
7157.6			1.0
7158.5			1.0
7159.4			1.0
7160.3			1.0
7161.200000000001			1.0
7162.1			1.0
7163.0			1.0
7163.9			1.0
7164.8			1.0
7165.700000000001			1.0
7166.6			1.0
7167.5			1.0
7168.4			1.0
7169.3			1.0
7170.200000000001			1.0
7171.1			1.0
7172.0			1.0
7172.9			1.0
7173.8			1.0
7174.700000000001			1.0
7175.6			1.0
7176.5			1.0
7177.4			1.0
7178.3			1.0
7179.200000000001			1.0
7180.1			1.0
7181.0			1.0
7181.9			1.0
7182.8			1.0
7183.700000000001			1.0
7184.6			1.0
7185.5			1.0
7186.4			1.0
7187.3			1.0
7188.200000000001			1.0
7189.1			1.0
7190.0			1.0
7190.9			1.0
7191.8			1.0
7192.700000000001			1.0
7193.6			1.0
7194.5			1.0
7195.4			1.0
7196.3			1.0
7197.200000000001			1.0
7198.1			1.0
7199.0			1.0
7199.9			1.0
7200.8			1.0
7201.700000000001			1.0
7202.6			1.0
7203.5			1.0
7204.4			1.0
7205.3			1.0
7206.200000000001			1.0
7207.1			1.0
7208.0			1.0
7208.9			1.0
7209.8			1.0
7210.700000000001			1.0
7211.6			1.0
7212.5			1.0
7213.4			1.0
7214.3			1.0
7215.200000000001			1.0
7216.1			1.0
7217.0			1.0
7217.9			1.0
7218.8			1.0
7219.700000000001			1.0
7220.6			1.0
7221.5			1.0
7222.4			1.0
7223.3			1.0
7224.200000000001			1.0
7225.1			1.0
7226.0			1.0
7226.9			1.0
7227.8			1.0
7228.700000000001			1.0
7229.6			1.0
7230.5			1.0
7231.4			1.0
7232.3			1.0
7233.200000000001			1.0
7234.1			1.0
7235.0			1.0
7235.9			1.0
7236.8			1.0
7237.700000000001			1.0
7238.6			1.0
7239.5			1.0
7240.4			1.0
7241.3			1.0
7242.200000000001			1.0
7243.1			1.0
7244.0			1.0
7244.9			1.0
7245.8			1.0
7246.700000000001			1.0
7247.6			1.0
7248.5			1.0
7249.4			1.0
7250.3			1.0
7251.200000000001			1.0
7252.1			1.0
7253.0			1.0
7253.9			1.0
7254.8			1.0
7255.700000000001			1.0
7256.6			1.0
7257.5			1.0
7258.4			1.0
7259.3			1.0
7260.200000000001			1.0
7261.1			1.0
7262.0			1.0
7262.9			1.0
7263.8			1.0
7264.700000000001			1.0
7265.6			1.0
7266.5			1.0
7267.4			1.0
7268.3			1.0
7269.200000000001			1.0
7270.1			1.0
7271.0			1.0
7271.9			1.0
7272.8			1.0
7273.700000000001			1.0
7274.6			1.0
7275.5			1.0
7276.4			1.0
7277.3			1.0
7278.200000000001			1.0
7279.1			1.0
7280.0			1.0
7280.9			1.0
7281.8			1.0
7282.700000000001			1.0
7283.6			1.0
7284.5			1.0
7285.4			1.0
7286.3			1.0
7287.200000000001			1.0
7288.1			1.0
7289.0			1.0
7289.9			1.0
7290.8			1.0
7291.700000000001			1.0
7292.6			1.0
7293.5			1.0
7294.4			1.0
7295.3			1.0
7296.200000000001			1.0
7297.1			1.0
7298.0			1.0
7298.9			1.0
7299.8			1.0
7300.700000000001			1.0
7301.6			1.0
7302.5			1.0
7303.4			1.0
7304.3			1.0
7305.200000000001			1.0
7306.1			1.0
7307.0			1.0
7307.9			1.0
7308.8			1.0
7309.700000000001			1.0
7310.6			1.0
7311.5			1.0
7312.4			1.0
7313.3			1.0
7314.200000000001			1.0
7315.1			1.0
7316.0			1.0
7316.9			1.0
7317.8			1.0
7318.700000000001			1.0
7319.6			1.0
7320.5			1.0
7321.4			1.0
7322.3			1.0
7323.200000000001			1.0
7324.1			1.0
7325.0			1.0
7325.9			1.0
7326.8			1.0
7327.700000000001			1.0
7328.6			1.0
7329.5			1.0
7330.4			1.0
7331.3			1.0
7332.200000000001			1.0
7333.1			1.0
7334.0			1.0
7334.9			1.0
7335.8			1.0
7336.700000000001			1.0
7337.6			1.0
7338.5			1.0
7339.4			1.0
7340.3			1.0
7341.200000000001			1.0
7342.1			1.0
7343.0			1.0
7343.9			1.0
7344.8			1.0
7345.700000000001			1.0
7346.6			1.0
7347.5			1.0
7348.4			1.0
7349.3			1.0
7350.200000000001			1.0
7351.1			1.0
7352.0			1.0
7352.9			1.0
7353.8			1.0
7354.700000000001			1.0
7355.6			1.0
7356.5			1.0
7357.4			1.0
7358.3			1.0
7359.200000000001			1.0
7360.1			1.0
7361.0			1.0
7361.9			1.0
7362.8			1.0
7363.700000000001			1.0
7364.6			1.0
7365.5			1.0
7366.4			1.0
7367.3			1.0
7368.200000000001			1.0
7369.1			1.0
7370.0			1.0
7370.9			1.0
7371.8			1.0
7372.700000000001			1.0
7373.6			1.0
7374.5			1.0
7375.4			1.0
7376.3			1.0
7377.200000000001			1.0
7378.1			1.0
7379.0			1.0
7379.9			1.0
7380.8			1.0
7381.700000000001			1.0
7382.6			1.0
7383.5			1.0
7384.4			1.0
7385.3			1.0
7386.200000000001			1.0
7387.1			1.0
7388.0			1.0
7388.9			1.0
7389.8			1.0
7390.700000000001			1.0
7391.6			1.0
7392.5			1.0
7393.4			1.0
7394.3			1.0
7395.200000000001			1.0
7396.1			1.0
7397.0			1.0
7397.9			1.0
7398.8			1.0
7399.700000000001			1.0
7400.6			1.0
7401.5			1.0
7402.4			1.0
7403.3			1.0
7404.200000000001			1.0
7405.1			1.0
7406.0			1.0
7406.9			1.0
7407.8			1.0
7408.700000000001			1.0
7409.6			1.0
7410.5			1.0
7411.4			1.0
7412.3			1.0
7413.200000000001			1.0
7414.1			1.0
7415.0			1.0
7415.9			1.0
7416.8			1.0
7417.700000000001			1.0
7418.6			1.0
7419.5			1.0
7420.4			1.0
7421.3			1.0
7422.200000000001			1.0
7423.1			1.0
7424.0			1.0
7424.9			1.0
7425.8			1.0
7426.700000000001			1.0
7427.6			1.0
7428.5			1.0
7429.4			1.0
