3500.0			1.0
3500.9			1.0
3501.8			1.0
3502.7			1.0
3503.6			1.0
3504.5			1.0
3505.4			1.0
3506.3			1.0
3507.2			1.0
3508.1			1.0
3509.0			1.0
3509.9			1.0
3510.8			1.0
3511.7			1.0
3512.6			1.0
3513.5			1.0
3514.4			1.0
3515.3			1.0
3516.2			1.0
3517.1			1.0
3518.0			1.0
3518.9			1.0
3519.8			1.0
3520.7			1.0
3521.6			1.0
3522.5			1.0
3523.4			1.0
3524.3			1.0
3525.2			1.0
3526.1			1.0
3527.0			1.0
3527.9			1.0
3528.8			1.0
3529.7			1.0
3530.6			1.0
3531.5			1.0
3532.4			1.0
3533.3			1.0
3534.2			1.0
3535.1			1.0
3536.0			1.0
3536.9			1.0
3537.8			1.0
3538.7			1.0
3539.6			1.0
3540.5			1.0
3541.4			1.0
3542.3			1.0
3543.2			1.0
3544.1			1.0
3545.0			1.0
3545.9			1.0
3546.8			1.0
3547.7			1.0
3548.6			1.0
3549.5			1.0
3550.4			1.0
3551.3			1.0
3552.2			1.0
3553.1			1.0
3554.0			1.0
3554.9			1.0
3555.8			1.0
3556.7			1.0
3557.6			1.0
3558.5			1.0
3559.4			1.0
3560.3			1.0
3561.2			1.0
3562.1			1.0
3563.0			1.0
3563.9			1.0
3564.8			1.0
3565.7			1.0
3566.6			1.0
3567.5			1.0
3568.4			1.0
3569.3			1.0
3570.2			1.0
3571.1			1.0
3572.0			1.0
3572.9			1.0
3573.8			1.0
3574.7			1.0
3575.6			1.0
3576.5			1.0
3577.4			1.0
3578.3			1.0
3579.2			1.0
3580.1			1.0
3581.0			1.0
3581.9			1.0
3582.8			1.0
3583.7			1.0
3584.6			1.0
3585.5			1.0
3586.4			1.0
3587.3			1.0
3588.2			1.0
3589.1			1.0
3590.0			1.0
3590.9			1.0
3591.8			1.0
3592.7			1.0
3593.6			1.0
3594.5			1.0
3595.4			1.0
3596.3			1.0
3597.2			1.0
3598.1			1.0
3599.0			1.0
3599.9			1.0
3600.8			1.0
3601.7			1.0
3602.6			1.0
3603.5			1.0
3604.4			1.0
3605.3			1.0
3606.2			1.0
3607.1			1.0
3608.0			1.0
3608.9			1.0
3609.8			1.0
3610.7			1.0
3611.6			1.0
3612.5			1.0
3613.4			1.0
3614.3			1.0
3615.2			1.0
3616.1			1.0
3617.0			1.0
3617.9			1.0
3618.8			1.0
3619.7			1.0
3620.6			1.0
3621.5			1.0
3622.4			1.0
3623.3			1.0
3624.2			1.0
3625.1			1.0
3626.0			1.0
3626.9			1.0
3627.8			1.0
3628.7			1.0
3629.6			1.0
3630.5			1.0
3631.4			1.0
3632.3			1.0
3633.2			1.0
3634.1			1.0
3635.0			1.0
3635.9			1.0
3636.8			1.0
3637.7			1.0
3638.6			1.0
3639.5			1.0
3640.4			1.0
3641.3			1.0
3642.2			1.0
3643.1			1.0
3644.0			1.0
3644.9			1.0
3645.8			1.0
3646.7			1.0
3647.6			1.0
3648.5			1.0
3649.4			1.0
3650.3			1.0
3651.2			1.0
3652.1			1.0
3653.0			1.0
3653.9			1.0
3654.8			1.0
3655.7			1.0
3656.6			1.0
3657.5			1.0
3658.4			1.0
3659.3			1.0
3660.2			1.0
3661.1			1.0
3662.0			1.0
3662.9			1.0
3663.8			1.0
3664.7			1.0
3665.6			1.0
3666.5			1.0
3667.4			1.0
3668.3			1.0
3669.2			1.0
3670.1			1.0
3671.0			1.0
3671.9			1.0
3672.8			1.0
3673.7			1.0
3674.6			1.0
3675.5			1.0
3676.4			1.0
3677.3			1.0
3678.2			1.0
3679.1			1.0
3680.0			1.0
3680.9			1.0
3681.8			1.0
3682.7			1.0
3683.6			1.0
3684.5			1.0
3685.4			1.0
3686.3			1.0
3687.2			1.0
3688.1			1.0
3689.0			1.0
3689.9			1.0
3690.8			1.0
3691.7			1.0
3692.6			1.0
3693.5			1.0
3694.4			1.0
3695.3			1.0
3696.2			1.0
3697.1			1.0
3698.0			1.0
3698.9			1.0
3699.8			1.0
3700.7			1.0
3701.6			1.0
3702.5			1.0
3703.4			1.0
3704.3			1.0
3705.2			1.0
3706.1			1.0
3707.0			1.0
3707.9			1.0
3708.8			1.0
3709.7			1.0
3710.6			1.0
3711.5			1.0
3712.4			1.0
3713.3			1.0
3714.2			1.0
3715.1			1.0
3716.0			1.0
3716.9			1.0
3717.8			1.0
3718.7			1.0
3719.6			1.0
3720.5			1.0
3721.4			1.0
3722.3			1.0
3723.2			1.0
3724.1			1.0
3725.0			1.0
3725.9			1.0
3726.8			1.0
3727.7			1.0
3728.6			1.0
3729.5			1.0
3730.4			1.0
3731.3			1.0
3732.2			1.0
3733.1			1.0
3734.0			1.0
3734.9			1.0
3735.8			1.0
3736.7			1.0
3737.6			1.0
3738.5			1.0
3739.4			1.0
3740.3			1.0
3741.2			1.0
3742.1			1.0
3743.0			1.0
3743.9			1.0
3744.8			1.0
3745.7			1.0
3746.6			1.0
3747.5			1.0
3748.4			1.0
3749.3			1.0
3750.2			1.0
3751.1			1.0
3752.0			1.0
3752.9			1.0
3753.8			1.0
3754.7			1.0
3755.6			1.0
3756.5			1.0
3757.4			1.0
3758.3			1.0
3759.2			1.0
3760.1			1.0
3761.0			1.0
3761.9			1.0
3762.8			1.0
3763.7			1.0
3764.6			1.0
3765.5			1.0
3766.4			1.0
3767.3			1.0
3768.2			1.0
3769.1			1.0
3770.0			1.0
3770.9			1.0
3771.8			1.0
3772.7			1.0
3773.6			1.0
3774.5			1.0
3775.4			1.0
3776.3			1.0
3777.2			1.0
3778.1			1.0
3779.0			1.0
3779.9			1.0
3780.8			1.0
3781.7			1.0
3782.6			1.0
3783.5			1.0
3784.4			1.0
3785.3			1.0
3786.2			1.0
3787.1			1.0
3788.0			1.0
3788.9			1.0
3789.8			1.0
3790.7			1.0
3791.6			1.0
3792.5			1.0
3793.4			1.0
3794.3			1.0
3795.2			1.0
3796.1			1.0
3797.0			1.0
3797.9			1.0
3798.8			1.0
3799.7			1.0
3800.6			1.0
3801.5			1.0
3802.4			1.0
3803.3			1.0
3804.2			1.0
3805.1			1.0
3806.0			1.0
3806.9			1.0
3807.8			1.0
3808.7			1.0
3809.6			1.0
3810.5			1.0
3811.4			1.0
3812.3			1.0
3813.2			1.0
3814.1			1.0
3815.0			1.0
3815.9			1.0
3816.8			1.0
3817.7			1.0
3818.6			1.0
3819.5			1.0
3820.4			1.0
3821.3			1.0
3822.2			1.0
3823.1			1.0
3824.0			1.0
3824.9			1.0
3825.8			1.0
3826.7			1.0
3827.6			1.0
3828.5			1.0
3829.4			1.0
3830.3			1.0
3831.2			1.0
3832.1			1.0
3833.0			1.0
3833.9			1.0
3834.8			1.0
3835.7			1.0
3836.6			1.0
3837.5			1.0
3838.4			1.0
3839.3			1.0
3840.2			1.0
3841.1			1.0
3842.0			1.0
3842.9			1.0
3843.8			1.0
3844.7			1.0
3845.6			1.0
3846.5			1.0
3847.4			1.0
3848.3			1.0
3849.2			1.0
3850.1			1.0
3851.0			1.0
3851.9			1.0
3852.8			1.0
3853.7			1.0
3854.6			1.0
3855.5			1.0
3856.4			1.0
3857.3			1.0
3858.2			1.0
3859.1			1.0
3860.0			1.0
3860.9			1.0
3861.8			1.0
3862.7			1.0
3863.6			1.0
3864.5			1.0
3865.4			1.0
3866.3			1.0
3867.2			1.0
3868.1			1.0
3869.0			1.0
3869.9			1.0
3870.8			1.0
3871.7			1.0
3872.6			1.0
3873.5			1.0
3874.4			1.0
3875.3			1.0
3876.2			1.0
3877.1			1.0
3878.0			1.0
3878.9			1.0
3879.8			1.0
3880.7			1.0
3881.6			1.0
3882.5			1.0
3883.4			1.0
3884.3			1.0
3885.2			1.0
3886.1			1.0
3887.0			1.0
3887.9			1.0
3888.8			1.0
3889.7			1.0
3890.6			1.0
3891.5			1.0
3892.4			1.0
3893.3			1.0
3894.2			1.0
3895.1			1.0
3896.0			1.0
3896.9			1.0
3897.8			1.0
3898.7			1.0
3899.6			1.0
3900.5			1.0
3901.4			1.0
3902.3			1.0
3903.2			1.0
3904.1			1.0
3905.0			1.0
3905.9			1.0
3906.8			1.0
3907.7			1.0
3908.6			1.0
3909.5			1.0
3910.4			1.0
3911.3			1.0
3912.2			1.0
3913.1			1.0
3914.0			1.0
3914.9			1.0
3915.8			1.0
3916.7			1.0
3917.6			1.0
3918.5			1.0
3919.4			1.0
3920.3			1.0
3921.2			1.0
3922.1			1.0
3923.0			1.0
3923.9			1.0
3924.8			1.0
3925.7			1.0
3926.6			1.0
3927.5			1.0
3928.4			1.0
3929.3			1.0
3930.2			1.0
3931.1			1.0
3932.0			1.0
3932.9			1.0
3933.8			1.0
3934.7			1.0
3935.6			1.0
3936.5			1.0
3937.4			1.0
3938.3			1.0
3939.2			1.0
3940.1			1.0
3941.0			1.0
3941.9			1.0
3942.8			1.0
3943.7			1.0
3944.6			1.0
3945.5			1.0
3946.4			1.0
3947.3			1.0
3948.2			1.0
3949.1			1.0
3950.0			1.0
3950.9			1.0
3951.8			1.0
3952.7			1.0
3953.6			1.0
3954.5			1.0
3955.4			1.0
3956.3			1.0
3957.2			1.0
3958.1			1.0
3959.0			1.0
3959.9			1.0
3960.8			1.0
3961.7			1.0
3962.6			1.0
3963.5			1.0
3964.4			1.0
3965.3			1.0
3966.2			1.0
3967.1			1.0
3968.0			1.0
3968.9			1.0
3969.8			1.0
3970.7			1.0
3971.6			1.0
3972.5			1.0
3973.4			1.0
3974.3			1.0
3975.2			1.0
3976.1			1.0
3977.0			1.0
3977.9			1.0
3978.8			1.0
3979.7			1.0
3980.6			1.0
3981.5			1.0
3982.4			1.0
3983.3			1.0
3984.2			1.0
3985.1			1.0
3986.0			1.0
3986.9			1.0
3987.8			1.0
3988.7			1.0
3989.6			1.0
3990.5			1.0
3991.4			1.0
3992.3			1.0
3993.2			1.0
3994.1			1.0
3995.0			1.0
3995.9			1.0
3996.8			1.0
3997.7			1.0
3998.6			1.0
3999.5			1.0
4000.4			1.0
4001.3			1.0
4002.2			1.0
4003.1			1.014434603211588
4004.0			1.0053777460690196
4004.9			0.9017326403951674
4005.8			0.8061491007165997
4006.7			0.8266992200356801
4007.6			0.9157307013718553
4008.5			1.0025563091456586
4009.4			1.0
4010.3			1.0
4011.2			1.0
4012.1			1.0
4013.0			1.0
4013.9			1.0
4014.8			1.0
4015.7			1.0
4016.6			1.0
4017.5			1.0
4018.4			1.0
4019.3			1.0
4020.2			1.0
4021.1			1.0
4022.0			1.0
4022.9			1.0
4023.8			1.0
4024.7			1.0
4025.6			1.0
4026.5			1.0486716407838692
4027.4			1.094418367978108
4028.3			1.1103032811749536
4029.2			1.1050833553185186
4030.1			1.0132645719756153
4031.0			0.8594521305059503
4031.9			0.7940904952791774
4032.8			0.8147666085957519
4033.7			0.8183676936187655
4034.6			0.8072925915262503
4035.5			0.83414696733999
4036.4			0.91634596940629
4037.3			0.9964553269237629
4038.2			1.0
4039.1			1.0
4040.0			1.0
4040.9			1.0
4041.8			1.0
4042.7			1.0
4043.6			0.9692096919446911
4044.5			0.8592439840161675
4045.4			0.7245528691867065
4046.3			0.663247978961942
4047.2			0.755487525889307
4048.1			0.9135869500435103
4049.0			0.9999503844520148
4049.9			1.0
4050.8			1.0
4051.7			1.0
4052.6			1.0
4053.5			1.0
4054.4			1.0
4055.3			1.0
4056.2			1.0
4057.1			1.0
4058.0			1.0
4058.9			1.0
4059.8			1.0
4060.7			1.0
4061.6			1.0186818175680479
4062.5			0.9363917845739423
4063.4			0.8091509852771946
4064.3			0.779253005199658
4065.2			0.8985996316582945
4066.1			1.0264630361495921
4067.0			1.0058348227635185
4067.9			1.0
4068.8			1.0
4069.7			1.0
4070.6			1.0
4071.5			1.0
4072.4			1.0
4073.3			1.0
4074.2			1.0
4075.1			0.9997274777795703
4076.0			0.9207749302262358
4076.9			0.7975516020154386
4077.8			0.7174365552313356
4078.7			0.7648560985872052
4079.6			0.8924982938557489
4080.5			0.9979441961757496
4081.4			1.0
4082.3			1.0
4083.2			1.0
4084.1			1.0
4085.0			1.0
4085.9			1.0
4086.8			1.0
4087.7			1.0
4088.6			1.0
4089.5			1.0
4090.4			1.0
4091.3			1.0
4092.2			1.0
4093.1			1.0
4094.0			1.0
4094.9			1.0
4095.8			1.0
4096.7			1.0
4097.6			1.0
4098.5			1.0300237591393984
4099.4			1.0331088992522433
4100.3			0.9591553652453472
4101.2			0.8286061555111397
4102.1			0.7479426273708324
4103.0			0.8083423236738215
4103.9			0.9218072863737965
4104.8			0.9747778062638129
4105.7			1.0030327649475577
4106.6			1.0
4107.5			1.0
4108.4			1.0
4109.3			1.0
4110.2			1.0
4111.1			1.0
4112.0			1.0
4112.9			1.0
4113.8			1.0
4114.7			1.0
4115.6			1.0
4116.5			1.0
4117.4			1.0
4118.3			1.0
4119.2			1.0
4120.1			1.0
4121.0			1.0
4121.9			1.0
4122.8			1.0
4123.7			1.0
4124.6			1.0282401173684608
4125.5			1.028882367404544
4126.4			0.9763997008024182
4127.3			0.9400647131401533
4128.2			0.9192013965201951
4129.1			0.9249095100214035
4130.0			0.9385308149336391
4130.9			0.9119266873514598
4131.8			0.8716495894716675
4132.7			0.8303684793732106
4133.6			0.8285297956944332
4134.5			0.8594322228666716
4135.4			0.9014935285607835
4136.3			0.9385795380261405
4137.2			0.9487639504003226
4138.1			0.9720320506612712
4139.0			0.9856272685507671
4139.9			1.0
4140.8			1.022898658394327
4141.7			0.9875454834107431
4142.6			0.8916810081255752
4143.5			0.7985123442864037
4144.4			0.8254864486662542
4145.3			0.9379435023403556
4146.2			1.0116421309877448
4147.1			1.0
4148.0			1.0
4148.9			1.0
4149.8			1.0
4150.7			1.0
4151.6			1.0
4152.5			1.0
4153.4			1.0
4154.3			1.0
4155.2			1.0
4156.1			1.0
4157.0			1.0
4157.9			1.0
4158.8			1.0
4159.7			1.0
4160.6			0.9959254418822301
4161.5			0.9953926613954518
4162.4			1.0035093317546844
4163.3			1.00668911655053
4164.2			0.9878236301611674
4165.1			0.9738685065554052
4166.0			0.958479574915359
4166.9			0.9105813471294578
4167.8			0.8956672928527771
4168.7			0.9427159166191363
4169.6			0.9903530527308386
4170.5			0.9853705981933751
4171.4			0.9225808872328198
4172.3			0.8197869825608413
4173.2			0.7616629880782947
4174.1			0.7998345577177352
4175.0			0.8456222400295372
4175.9			0.8455658885590673
4176.8			0.819606457386751
4177.7			0.7733751037736761
4178.6			0.7637974656175052
4179.5			0.8126694774414078
4180.4			0.8439174956414652
4181.3			0.8322885969895223
4182.2			0.8313042578324337
4183.1			0.8555789936144088
4184.0			0.8943262124228484
4184.9			0.9597015524214327
4185.8			0.9986835270566679
4186.7			1.0
4187.6			1.0
4188.5			1.0092243919430188
4189.4			1.0897995380326289
4190.3			1.098084981886987
4191.2			1.0246760690988386
4192.1			1.008923247177745
4193.0			1.0655534491246574
4193.9			1.0822454883769246
4194.8			1.0329616751683157
4195.7			0.9575925588455569
4196.6			0.8932604741111683
4197.5			0.8689247851236206
4198.4			0.875525822043599
4199.3			0.9051200543419201
4200.2			0.9517999968246421
4201.1			0.9646158913893547
4202.0			0.9378525784137065
4202.9			0.937266742223555
4203.8			0.9643093762856386
4204.7			0.9771177705030479
4205.6			0.9752224131721855
4206.5			0.9972441142438864
4207.4			1.0
4208.3			1.0
4209.2			1.0
4210.1			1.0
4211.0			1.0
4211.9			1.0
4212.8			1.0005256989931142
4213.7			0.9475397771807497
4214.6			0.8592573054588503
4215.5			0.7690881942872497
4216.4			0.7628655305541737
4217.3			0.8717251082416441
4218.2			0.9970647488514669
4219.1			1.0
4220.0			1.0
4220.9			1.0
4221.8			1.0
4222.7			1.0
4223.6			0.9159435871676193
4224.5			0.8556173620847669
4225.4			0.7656453461227443
4226.3			0.6471813573689257
4227.2			0.6021760747755849
4228.1			0.6979490500672179
4229.0			0.865491184630237
4229.9			1.0
4230.8			1.0330412304390941
4231.7			1.0447712142614842
4232.6			0.9968064313691212
4233.5			0.9132991732276005
4234.4			0.9108462282910559
4235.3			0.9286052649304691
4236.2			0.9051850715371415
4237.1			0.8911754392612407
4238.0			0.8924567777847547
4238.9			0.8832953610220226
4239.8			0.8862759353404019
4240.7			0.9390698673814085
4241.6			1.0117750645582608
4242.5			1.0071953080108684
4243.4			0.9771239935037599
4244.3			1.0293811131219919
4245.2			1.099708877748675
4246.1			1.0
4247.0			0.9443083308073286
4247.9			0.8965274762730617
4248.8			0.8712110740234336
4249.7			0.8583233825604656
4250.6			0.8612787546277062
4251.5			0.9078650858344794
4252.4			0.9988743055356291
4253.3			1.04394775736593
4254.2			1.0023131950752107
4255.1			1.0
4256.0			1.0
4256.9			1.0410825049986328
4257.8			1.061157972241057
4258.7			0.9786589066765772
4259.6			0.8530277079596696
4260.5			0.7885590014016878
4261.4			0.8019074991215286
4262.3			0.8760215332872997
4263.2			0.9579791537145385
4264.1			0.9925429135185003
4265.0			1.0
4265.9			1.0
4266.8			0.981739681391266
4267.7			0.9348023688279342
4268.6			0.8902644497821629
4269.5			0.8677062789175489
4270.4			0.8249997297552228
4271.3			0.7299075901511699
4272.2			0.68403877056976
4273.1			0.7537630438602566
4274.0			0.805670582772132
4274.9			0.8034619411472633
4275.8			0.8521269722908408
4276.7			0.9378932673340425
4277.6			1.005364006628086
4278.5			1.0
4279.4			1.0
4280.3			1.0
4281.2			1.0
4282.1			1.0
4283.0			1.0
4283.9			1.0
4284.8			1.0
4285.7			1.0
4286.6			1.0
4287.5			1.0082407891220035
4288.4			0.9787608984598735
4289.3			0.8971103681173064
4290.2			0.824368077493866
4291.1			1.0
4292.0			1.1128722891873435
4292.9			1.239873476074894
4293.8			1.265618497093378
4294.7			1.2045386997619978
4295.6			1.159374853182465
4296.5			1.1370357561238538
4297.4			1.0905618943567494
4298.3			1.0176018638638868
4299.2			0.8997905208586947
4300.1			0.8167171543587667
4301.0			0.8515098629104277
4301.9			0.9037801945779331
4302.8			0.9154968030553917
4303.7			0.9070587093423232
4304.6			0.9099822615341602
4305.5			0.9315160979250456
4306.4			0.930376121939237
4307.3			0.8812676775036227
4308.2			0.8119359725768083
4309.1			0.792538778816947
4310.0			0.8386078182802679
4310.9			0.9325480072955571
4311.8			1.0224427334057151
4312.7			1.0766941175301257
4313.6			1.1392443254739122
4314.5			1.1854463981633798
4315.4			1.2980544231283342
4316.3			1.5019822295090337
4317.2			1.6556663796298052
4318.1			1.6932035136168726
4319.0			1.6610648176992475
4319.9			1.588309938198568
4320.8			1.5114792313702805
4321.7			1.0
4322.6			0.984149360480607
4323.5			0.9072419251633244
4324.4			0.7631375935192405
4325.3			0.6413707643813791
4326.2			0.6299367607758343
4327.1			0.7376940047812114
4328.0			0.8928086444653421
4328.9			1.0074368204140864
4329.8			1.000631452634818
4330.7			1.0
4331.6			1.0
4332.5			1.0
4333.4			1.0
4334.3			1.0
4335.2			1.0
4336.1			1.0050832278094837
4337.0			0.9433149565386123
4337.9			0.8253615265005351
4338.8			0.7497232151637973
4339.7			0.6974848076254249
4340.6			0.6445020874310747
4341.5			0.7207217010328737
4342.4			0.8757920320437471
4343.3			0.9627406998494524
4344.2			0.9793788416486118
4345.1			1.0098391327753284
4346.0			1.0
4346.9			1.0
4347.8			1.0
4348.7			1.0
4349.6			1.0308702068626383
4350.5			0.972154550095366
4351.4			0.8588421696682511
4352.3			0.8117810017517719
4353.2			0.8685672728431826
4354.1			0.9558747286630858
4355.0			0.9963618255672265
4355.9			1.0
4356.8			1.0
4357.7			1.0
4358.6			1.0
4359.5			1.0
4360.4			1.0
4361.3			1.0
4362.2			1.0
4363.1			1.0
4364.0			1.0
4364.9			1.0
4365.8			1.0
4366.7			1.0
4367.6			1.0
4368.5			1.0
4369.4			1.0
4370.3			1.0
4371.2			1.0
4372.1			1.0181583725567607
4373.0			1.0040713152188723
4373.9			0.9104851880886508
4374.8			0.8299516161159772
4375.7			0.8299259725621344
4376.6			0.9101529956182686
4377.5			1.0006947028900524
4378.4			1.0
4379.3			1.0
4380.2			1.0
4381.1			0.9952780636748011
4382.0			0.9522073479971614
4382.9			0.807571334463579
4383.8			0.6408115651483376
4384.7			0.6152319546440337
4385.6			0.7609962061275769
4386.5			0.9493730302846809
4387.4			1.0326258446658771
4388.3			1.0115815029162671
4389.2			1.0
4390.1			1.0
4391.0			1.0
4391.9			1.0
4392.8			1.0
4393.7			1.0
4394.6			1.0
4395.5			1.0
4396.4			1.0
4397.3			1.0
4398.2			1.0
4399.1			1.0
4400.0			1.0
4400.9			1.0
4401.8			1.0
4402.7			1.076028540054623
4403.6			1.0303227571031721
4404.5			0.905589902004426
4405.4			0.878233416791623
4406.3			0.9728240889438058
4407.2			1.0295996424356897
4408.1			0.9981677619869987
4409.0			1.0
4409.9			1.0
4410.8			1.0
4411.7			1.0
4412.6			1.0
4413.5			0.9851907563825818
4414.4			0.9050989623335709
4415.3			0.8111744845251493
4416.2			0.8123039813781611
4417.1			0.8828482103756718
4418.0			0.9434755154921889
4418.9			0.9957139993583344
4419.8			1.0
4420.7			1.0
4421.6			1.0
4422.5			1.0
4423.4			1.0
4424.3			1.0
4425.2			1.0
4426.1			1.0
4427.0			1.0
4427.9			1.0
4428.8			1.0
4429.7			1.0
4430.6			1.0
4431.5			1.0
4432.4			1.025590688871237
4433.3			0.9948588972708021
4434.2			0.9245018890059246
4435.1			0.8689774867608863
4436.0			0.866298603239948
4436.9			0.9342449757776027
4437.8			1.0095638497412232
4438.7			1.0
4439.6			1.0
4440.5			1.0
4441.4			1.0
4442.3			1.0
4443.2			1.0
4444.1			1.0
4445.0			1.0
4445.9			1.0
4446.8			1.0
4447.7			1.0
4448.6			1.0
4449.5			1.0
4450.4			1.0
4451.3			1.0
4452.2			1.0
4453.1			1.0038558509419784
4454.0			0.9711759850152217
4454.9			0.9199552498350654
4455.8			0.8975597509808325
4456.7			0.9134570996623861
4457.6			0.9367005902734786
4458.5			0.9221927599904616
4459.4			0.9071024777346797
4460.3			0.9076222659382727
4461.2			0.8849251939677394
4462.1			0.86055525735773
4463.0			0.9158924454593665
4463.9			0.9810985158551687
4464.8			0.9951402313216423
4465.7			0.999061204471645
4466.6			1.0033956925242207
4467.5			1.007979048572666
4468.4			1.0028912636624994
4469.3			0.9642304867857671
4470.2			0.9628925050510447
4471.1			0.9999746633422579
4472.0			1.0
4472.9			1.0
4473.8			1.0
4474.7			1.0
4475.6			1.0
4476.5			1.0
4477.4			1.0
4478.3			1.019631499175065
4479.2			0.9726350450529954
4480.1			0.8859873689698252
4481.0			0.8141932216616307
4481.9			0.8077423306434427
4482.8			0.8619602612373121
4483.7			0.9340447324871467
4484.6			0.9754144068722527
4485.5			1.001881771647198
4486.4			1.0
4487.3			1.0
4488.2			1.0
4489.1			1.0
4490.0			1.0
4490.9			1.0
4491.8			1.0
4492.7			1.0
4493.6			1.0
4494.5			1.0
4495.4			1.0
4496.3			1.0
4497.2			1.0
4498.1			1.0
4499.0			1.0
4499.9			1.0
4500.8			1.0
4501.7			1.0
4502.6			1.0
4503.5			1.0
4504.4			1.0
4505.3			1.0
4506.2			1.0
4507.1			1.0
4508.0			1.0
4508.9			1.0
4509.8			1.0
4510.7			1.0
4511.6			1.0
4512.5			1.0
4513.4			1.0
4514.3			1.0
4515.2			1.0
4516.1			1.0
4517.0			1.0
4517.9			0.980359418445335
4518.8			0.9878528487202002
4519.7			1.0152588690598459
4520.6			1.0505616631494967
4521.5			1.066273591780576
4522.4			1.0203108599252961
4523.3			0.9776381434950837
4524.2			0.992172203996375
4525.1			0.9955769952742588
4526.0			0.9591954338544468
4526.9			0.9131673627526565
4527.8			0.8830807827399906
4528.7			0.8655668579852038
4529.6			0.8634267255621345
4530.5			0.8857385275944665
4531.4			0.9198346590740457
4532.3			0.9588526380895089
4533.2			0.9698774502541556
4534.1			0.9394619158934105
4535.0			0.9061673423190152
4535.9			0.9203050841378646
4536.8			0.9984566443051106
4537.7			1.0699643881641845
4538.6			1.0719939026721887
4539.5			1.0422665168261762
4540.4			1.0190277830760832
4541.3			1.0012649080796154
4542.2			1.0
4543.1			1.0
4544.0			1.0
4544.9			1.0
4545.8			1.0
4546.7			1.0
4547.6			1.0
4548.5			1.0
4549.4			1.0
4550.3			1.0
4551.2			1.0420615239403586
4552.1			1.0530490429875483
4553.0			1.0117394627654983
4553.9			0.9493764736822987
4554.8			0.9069254763416166
4555.7			0.9045324658858007
4556.6			0.9411218969999815
4557.5			0.9838988488454953
4558.4			0.987416998482392
4559.3			1.0
4560.2			1.0
4561.1			1.0
4562.0			1.0
4562.9			0.9640711053291184
4563.8			0.9234932251671313
4564.7			0.8857488463861939
4565.6			0.872127111644007
4566.5			0.9109323734081778
4567.4			0.9738493272619377
4568.3			1.0004621814694632
4569.2			1.0
4570.1			1.0
4571.0			1.0
4571.9			1.0
4572.8			1.0254949666875848
4573.7			1.0818450732176244
4574.6			1.0701185809688996
4575.5			1.0570017244078787
4576.4			1.061352351456775
4577.3			1.0452576196099903
4578.2			1.014982966647794
4579.1			0.9779788704681395
4580.0			0.9356668936032629
4580.9			0.902098982168999
4581.8			0.9086224621086318
4582.7			0.9244755446242647
4583.6			0.9216946319343735
4584.5			0.9318250907462439
4585.4			0.9315266926382847
4586.3			0.9196319984059453
4587.2			0.9459521619184805
4588.1			0.9820833971826838
4589.0			1.0001398259879464
4589.9			1.0
4590.8			1.0
4591.7			1.0
4592.6			1.0
4593.5			1.0
4594.4			1.0
4595.3			1.0
4596.2			1.0
4597.1			1.0
4598.0			1.0
4598.9			1.0
4599.8			1.0
4600.7			1.0
4601.6			1.0
4602.5			1.0
4603.4			1.0
4604.3			1.0
4605.2			1.0
4606.1			1.0
4607.0			1.0
4607.9			1.0
4608.8			1.0
4609.7			1.0
4610.6			1.0
4611.5			1.0
4612.4			1.0
4613.3			1.0
4614.2			1.0
4615.1			1.0
4616.0			1.0
4616.9			1.0
4617.8			1.0
4618.7			1.0
4619.6			1.0
4620.5			1.0
4621.4			1.0
4622.3			1.0
4623.2			1.0
4624.1			1.0
4625.0			1.0
4625.9			1.0
4626.8			1.0
4627.7			1.0
4628.6			1.0
4629.5			1.0
4630.4			1.0
4631.3			1.0
4632.2			1.0
4633.1			1.0
4634.0			1.0
4634.9			1.0
4635.8			1.0
4636.7			1.0
4637.6			1.0
4638.5			1.0
4639.4			1.0
4640.3			1.0
4641.2			1.0
4642.1			1.0
4643.0			0.9888199626097445
4643.9			0.9725393777143357
4644.8			0.9496358693276359
4645.7			0.903631622115112
4646.6			0.8478058633555794
4647.5			0.8332888789033506
4648.4			0.8609954367857529
4649.3			0.9075526812189568
4650.2			0.9537483481561202
4651.1			0.9834246568401841
4652.0			0.9999799332667921
4652.9			1.0
4653.8			0.9696367160530084
4654.7			0.9181517127834649
4655.6			0.8880250031159981
4656.5			0.8806740571666146
4657.4			0.9068462985395994
4658.3			0.9631734702737141
4659.2			1.00269449139543
4660.1			1.0
4661.0			1.0
4661.9			1.0
4662.8			1.0
4663.7			0.9899369033044121
4664.6			1.0072209972609665
4665.5			0.9897397503576723
4666.4			0.9049053374359339
4667.3			0.8265485244687102
4668.2			0.8327887990964022
4669.1			0.8948465512793705
4670.0			0.9572498768523131
4670.9			1.0040415446530064
4671.8			1.0
4672.7			1.0
4673.6			1.0
4674.5			1.0
4675.4			1.0
4676.3			1.0303734941017038
4677.2			1.0346022296249036
4678.1			1.0003942499952811
4679.0			0.9556323630316429
4679.9			0.9307616896024402
4680.8			0.9196704358900794
4681.7			0.9266560948235102
4682.6			0.9596524470553366
4683.5			1.0042533070546416
4684.4			1.019673610903321
4685.3			1.0019929347016014
4686.2			1.0
4687.1			1.0
4688.0			1.0
4688.9			1.0
4689.8			1.0
4690.7			1.0
4691.6			1.0
4692.5			1.0
4693.4			1.0
4694.3			1.0
4695.2			1.0
4696.1			1.0
4697.0			1.0
4697.9			1.0
4698.8			1.0
4699.7			1.0
4700.6			1.0
4701.5			1.0
4702.4			0.9932240772929812
4703.3			1.0068284117019735
4704.2			1.039374258644249
4705.1			1.0566676648091167
4706.0			1.0487298200754636
4706.9			1.0258138507364458
4707.8			0.9974447341312223
4708.7			0.9739351812892109
4709.6			0.9738851602315117
4710.5			1.0092371929079131
4711.4			1.0408630929536242
4712.3			1.057872840491134
4713.2			1.052447736499941
4714.1			1.0161248059173564
4715.0			0.9993820001426675
4715.9			1.0
4716.8			1.0
4717.7			1.0
4718.6			1.0
4719.5			1.0
4720.4			1.0
4721.3			1.0
4722.2			1.0
4723.1			1.0
4724.0			1.0153978921285953
4724.9			1.020734693500592
4725.8			1.0128610103748492
4726.7			0.9745303854356383
4727.6			0.9177624964522201
4728.5			0.8886140929504992
4729.4			0.8787464957303222
4730.3			0.8880323573156368
4731.2			0.9112913069855723
4732.1			0.9515371057979244
4733.0			0.9774806423247229
4733.9			0.9871678991232331
4734.8			1.0014044256222707
4735.7			1.0
4736.6			1.0
4737.5			1.0
4738.4			1.0
4739.3			1.0
4740.2			1.0
4741.1			1.0
4742.0			1.0
4742.9			1.0
4743.8			1.0
4744.7			1.0
4745.6			1.0
4746.5			1.0
4747.4			1.0
4748.3			1.0
4749.2			1.0
4750.1			1.0
4751.0			1.0
4751.9			1.0
4752.8			1.0
4753.7			1.0
4754.6			1.0
4755.5			1.0
4756.4			1.0
4757.3			1.0
4758.2			1.0
4759.1			1.0
4760.0			1.0
4760.9			0.9841164894419326
4761.8			0.944619661248101
4762.7			0.9372424693192613
4763.6			0.9408041602455173
4764.5			0.9314700735079013
4765.4			0.9046033819015009
4766.3			0.891626839574404
4767.2			0.9286353617884366
4768.1			0.9930889615696418
4769.0			1.0357388967238312
4769.9			1.0556913081825992
4770.8			1.0431671470843569
4771.7			0.9981479065740639
4772.6			1.0
4773.5			1.0
4774.4			1.0
4775.3			1.0
4776.2			1.0
4777.1			1.0
4778.0			1.0
4778.9			1.0
4779.8			1.0
4780.7			1.006932392461552
4781.6			1.0096417856620907
4782.5			0.9792108415232892
4783.4			0.943037003881921
4784.3			0.9604261648052463
4785.2			0.9765906504570677
4786.1			0.9317278661693689
4787.0			0.8971107743523329
4787.9			0.9362455183909888
4788.8			0.9480981491407044
4789.7			0.9324915563715274
4790.6			0.9348002454750868
4791.5			0.9362488333291534
4792.4			0.959895114128507
4793.3			1.0001391318925978
4794.2			1.0
4795.1			1.0
4796.0			0.9856371031220325
4796.9			0.969368234087025
4797.8			0.9354008527757929
4798.7			0.9013876540470567
4799.6			0.8912039202930329
4800.5			0.8920535149048794
4801.4			0.9223685856508671
4802.3			1.0
4803.2			1.0235239571473869
4804.1			0.9950243076946068
4805.0			0.9548137532568954
4805.9			0.9433662416612479
4806.8			0.9460381117711216
4807.7			0.9416471501869468
4808.6			0.9335615800529842
4809.5			0.9590613590276896
4810.4			0.9976035119220541
4811.3			1.0088725828471363
4812.2			1.0024902336062378
4813.1			0.9892200755097514
4814.0			0.9966832509490248
4814.9			1.0
4815.8			1.0
4816.7			1.0
4817.6			1.0
4818.5			1.0
4819.4			1.0
4820.3			1.0
4821.2			1.0
4822.1			0.9822442685222776
4823.0			0.9340045775351052
4823.9			0.8973822764106957
4824.8			0.9255066387114258
4825.7			0.9895403068146721
4826.6			1.0
4827.5			1.0
4828.4			1.0
4829.3			1.0
4830.2			1.0
4831.1			1.0
4832.0			1.0
4832.9			1.0
4833.8			1.0
4834.7			1.0
4835.6			1.0
4836.5			1.0
4837.4			1.0
4838.3			1.0
4839.2			1.0
4840.1			1.0
4841.0			1.0
4841.9			1.0
4842.8			1.0
4843.7			1.0
4844.6			1.0
4845.5			1.0
4846.4			1.0
4847.3			1.0
4848.2			1.0
4849.1			1.0
4850.0			1.0
4850.9			1.0
4851.8			1.0
4852.7			1.0
4853.6			1.0
4854.5			1.0
4855.4			1.0
4856.3			1.0
4857.2			1.0598247162982033
4858.1			1.0822155579952548
4859.0			1.0151334471616045
4859.9			0.8878097592081816
4860.8			0.7525527139289697
4861.7			0.7216752140201999
4862.6			0.8145884684777337
4863.5			0.9127068772830538
4864.4			0.9489344982000213
4865.3			0.9687344100118505
4866.2			0.9928810362019336
4867.1			1.0
4868.0			1.0
4868.9			1.0065548113255842
4869.8			0.9989760484986887
4870.7			0.9392077852737505
4871.6			0.8912206145961575
4872.5			0.9182858483439924
4873.4			0.9754159970166276
4874.3			1.003096424890117
4875.2			1.0
4876.1			1.0
4877.0			1.0
4877.9			1.0
4878.8			1.0
4879.7			1.0
4880.6			1.0
4881.5			1.0
4882.4			1.0
4883.3			1.0118595632186276
4884.2			0.9943346821521233
4885.1			0.9433805507695563
4886.0			0.926054796714911
4886.9			0.9348910862432444
4887.8			0.941135013355111
4888.7			0.9404563826024755
4889.6			0.9212115730612859
4890.5			0.8861581111820989
4891.4			0.8738446893888888
4892.3			0.9258759042309674
4893.2			1.0060108339637073
4894.1			1.0608077491868793
4895.0			1.074503919496361
4895.9			1.063012518695044
4896.8			1.0544047582847256
4897.7			1.0502701575002138
4898.6			1.0319288671275217
4899.5			0.9979092124631039
4900.4			1.0
4901.3			1.0
4902.2			1.0
4903.1			1.0
4904.0			1.0
4904.9			1.0
4905.8			1.0
4906.7			1.0
4907.6			0.9636098806019769
4908.5			0.9380475936006378
4909.4			0.9214674210008729
4910.3			0.8933775844093614
4911.2			0.8939351865826042
4912.1			0.9306416237158325
4913.0			0.9570352837334862
4913.9			0.9735801950078881
4914.8			1.0
4915.7			1.023401727679803
4916.6			1.0222235900346686
4917.5			0.9826728202779421
4918.4			0.9038977908224362
4919.3			0.8353570636631111
4920.2			0.815739090788684
4921.1			0.8657997160244114
4922.0			0.9443855007952348
4922.9			0.9905997972990042
4923.8			0.9985938353375466
4924.7			1.004794106819115
4925.6			1.0
4926.5			1.0
4927.4			1.0
4928.3			1.0
4929.2			1.0
4930.1			1.0
4931.0			1.0
4931.9			1.0
4932.8			1.0
4933.7			1.0
4934.6			1.0
4935.5			1.0492895327276635
4936.4			1.0287828557501852
4937.3			0.9557678447781514
4938.2			0.8947368316189875
4939.1			0.8797579286517988
4940.0			0.9150501064465443
4940.9			0.9703354219922186
4941.8			1.0010269665582383
4942.7			0.9980313268404022
4943.6			1.0
4944.5			1.0
4945.4			1.0
4946.3			1.0
4947.2			1.0
4948.1			1.0
4949.0			1.0
4949.9			1.0
4950.8			1.0
4951.7			1.0
4952.6			1.0
4953.5			1.0
4954.4			1.0
4955.3			1.0
4956.2			0.9635071665731872
4957.1			0.8506122605993556
4958.0			0.8142682821214933
4958.9			0.9085219802680606
4959.8			1.0002131943783317
4960.7			1.0
4961.6			1.0
4962.5			1.0
4963.4			1.0
4964.3			1.0
4965.2			1.0
4966.1			1.0
4967.0			1.0
4967.9			1.0
4968.8			1.0
4969.7			1.0
4970.6			1.0
4971.5			1.0
4972.4			1.0
4973.3			1.0
4974.2			1.0
4975.1			1.0
4976.0			1.0
4976.9			1.0
4977.8			0.9685666750589504
4978.7			0.949705549463452
4979.6			0.9495388859980881
4980.5			0.9455435017974297
4981.4			0.9165936334312769
4982.3			0.85486145742941
4983.2			0.8306332445556509
4984.1			0.8580967464225826
4985.0			0.885221855391841
4985.9			0.9016191020664359
4986.8			0.9573480330850702
4987.7			1.0012991332745893
4988.6			1.0002757076690618
4989.5			1.0
4990.4			1.0
4991.3			1.0
4992.2			1.0
4993.1			1.0
4994.0			1.0
4994.9			1.0
4995.8			1.0
4996.7			1.0
4997.6			1.0
4998.5			1.0
4999.4			1.0
5000.3			1.0
5001.2			1.0
5002.1			1.0
5003.0			1.0
5003.9			1.0
5004.8			1.0
5005.7			0.9576952843320757
5006.6			0.9498627670575103
5007.5			1.003038903517444
5008.4			1.0896823497197128
5009.3			1.1130364308459486
5010.2			1.0828168434190262
5011.1			1.0461964734103042
5012.0			0.9968390104535391
5012.9			0.954982208512063
5013.8			0.9405362294535109
5014.7			0.9522594750670722
5015.6			0.9876124832821631
5016.5			1.007813679640593
5017.4			0.9863832792533718
5018.3			0.9622748748680952
5019.2			0.9894550867976809
5020.1			1.022127915250973
5021.0			1.012275980167595
5021.9			1.0001477860438877
5022.8			1.0
5023.7			1.0
5024.6			1.0
5025.5			1.0
5026.4			1.0
5027.3			1.0
5028.2			1.0
5029.1			1.0
5030.0			1.0
5030.9			1.0
5031.8			1.0
5032.7			1.0
5033.6			1.0
5034.5			1.0
5035.4			1.0
5036.3			1.0
5037.2			1.0
5038.1			0.9974523506574094
5039.0			0.9394585676732986
5039.9			0.877445120455626
5040.8			0.7999205513486248
5041.7			0.7851519308156413
5042.6			0.8800194083148167
5043.5			0.9673246218038462
5044.4			0.9943284431003289
5045.3			1.0077781194635596
5046.2			1.0
5047.1			1.0
5048.0			1.0
5048.9			1.0
5049.8			1.0
5050.7			1.0
5051.6			1.0
5052.5			1.0
5053.4			1.0
5054.3			1.0
5055.2			1.0
5056.1			1.0
5057.0			1.0
5057.9			1.0
5058.8			1.0
5059.7			1.0
5060.6			1.0
5061.5			1.0
5062.4			1.0
5063.3			1.0
5064.2			1.0
5065.1			1.0
5066.0			1.0
5066.9			1.0
5067.8			1.0
5068.7			1.0
5069.6			1.0
5070.5			1.0
5071.4			1.0
5072.3			1.0
5073.2			1.0
5074.1			1.0
5075.0			0.9924977728092182
5075.9			0.9956541873750706
5076.8			1.0145923795742111
5077.7			1.02003196647601
5078.6			0.9529900764954202
5079.5			0.8538047289569941
5080.4			0.8404533020686344
5081.3			0.9016908878379879
5082.2			0.9424574846153093
5083.1			0.9395300397176188
5084.0			0.9387227600919552
5084.9			0.9760330497096499
5085.8			1.0002269706531008
5086.7			1.0
5087.6			1.0
5088.5			1.0
5089.4			1.0
5090.3			1.0
5091.2			1.0
5092.1			1.0
5093.0			1.0
5093.9			1.0
5094.8			1.0
5095.7			0.9820781868834241
5096.6			0.9521001171627951
5097.5			0.9049157264344528
5098.4			0.8550351651833963
5099.3			0.8399886975847949
5100.2			1.0
5101.1			1.0838001700797986
5102.0			1.125218713695339
5102.9			1.0905629965100074
5103.8			1.048857781641628
5104.7			1.023153274599792
5105.6			1.0116161872361196
5106.5			0.9925054198310158
5107.4			0.9637334948921551
5108.3			0.952941170011282
5109.2			0.969016844780012
5110.1			0.9503395873833752
5111.0			0.9524159948664641
5111.9			1.0070906266505901
5112.8			1.0
5113.7			0.988478367443213
5114.6			0.9842475720005673
5115.5			0.9885428381545711
5116.4			1.0135988306631052
5117.3			1.047077327732492
5118.2			1.061614321467766
5119.1			1.0544053621444078
5120.0			1.0194286402665576
5120.9			0.9913476860690235
5121.8			0.9610883245709367
5122.7			0.9278199521287134
5123.6			0.891225012605447
5124.5			0.8954717831246574
5125.4			0.9161730927696379
5126.3			0.9268956631633546
5127.2			0.9316115649279996
5128.1			0.9385762097845934
5129.0			0.9495937543450417
5129.9			0.9555072732813996
5130.8			0.968616793361003
5131.7			0.9788279317202873
5132.6			0.9983338534922064
5133.5			1.0019506865599548
5134.4			1.0
5135.3			1.0
5136.2			1.0
5137.1			1.0
5138.0			1.0
5138.9			1.0
5139.8			0.9992607097097737
5140.7			1.0351828466822997
5141.6			1.0097726820394288
5142.5			0.9489108940015684
5143.4			0.9553777124847092
5144.3			1.0050614642514855
5145.2			1.0000677146670793
5146.1			1.0
5147.0			1.0
5147.9			1.0
5148.8			1.0
5149.7			1.0
5150.6			1.0
5151.5			1.0
5152.4			1.0
5153.3			1.0
5154.2			1.0
5155.1			1.0
5156.0			1.0
5156.9			1.0
5157.8			1.0
5158.7			1.0
5159.6			1.0
5160.5			1.0
5161.4			1.0
5162.3			1.0
5163.2			1.0
5164.1			1.001830780718908
5165.0			0.9648179230936017
5165.9			0.8989766813611644
5166.8			0.8180260288061483
5167.7			0.7620291031804358
5168.6			0.8048123151964811
5169.5			0.9314891499354568
5170.4			1.0302463028509654
5171.3			0.9882140768111832
5172.2			1.0
5173.1			1.0
5174.0			1.0
5174.9			1.0
5175.8			1.0
5176.7			1.0
5177.6			1.0
5178.5			1.0
5179.4			1.0
5180.3			1.0
5181.2			0.9804323735935719
5182.1			0.8980558617839651
5183.0			0.7503347426871718
5183.9			0.6708793526821736
5184.8			0.7568179349130164
5185.7			0.9125960389154748
5186.6			0.9993447712818914
5187.5			1.0
5188.4			1.0
5189.3			1.0
5190.2			1.0446811734938908
5191.1			0.9964407974860923
5192.0			0.9035619863100477
5192.9			0.9011699593255638
5193.8			0.9784923386603317
5194.7			1.0172985134192567
5195.6			1.004317228072639
5196.5			1.0
5197.4			1.0
5198.3			1.0
5199.2			1.0
5200.1			1.0
5201.0			1.0
5201.9			1.0
5202.8			0.9882752016951522
5203.7			0.9843717073348901
5204.6			0.9406324433135423
5205.5			0.8812087933586235
5206.4			0.8731736807636529
5207.3			0.8873121886027423
5208.2			0.8646930001460805
5209.1			0.8699608229923729
5210.0			0.9175088896826316
5210.9			0.957668882456898
5211.8			0.9809926856767535
5212.7			0.9948537677343234
5213.6			0.9997311185833352
5214.5			1.0
5215.4			1.0
5216.3			1.0
5217.2			1.0
5218.1			1.0
5219.0			1.0
5219.9			1.0
5220.8			1.0
5221.7			1.0
5222.6			1.0
5223.5			1.0
5224.4			0.9520051419881945
5225.3			0.8880585203620373
5226.2			0.8136889392390046
5227.1			0.7898678101494346
5228.0			0.8686698332813815
5228.9			0.9659315914830063
5229.8			1.0001694825717773
5230.7			1.0
5231.6			1.0
5232.5			1.0
5233.4			1.0
5234.3			1.0
5235.2			1.0
5236.1			1.0
5237.0			1.0
5237.9			1.0
5238.8			1.0
5239.7			1.0
5240.6			1.0
5241.5			1.0
5242.4			1.0
5243.3			1.0
5244.2			1.0316435513406559
5245.1			1.0561487054145697
5246.0			1.014911568374517
5246.9			0.9546331764653255
5247.8			0.9326201042145471
5248.7			0.9543982519776611
5249.6			0.9504265593463105
5250.5			0.9162779179562698
5251.4			0.9295135732174511
5252.3			0.9798054236361515
5253.2			0.9958747557089513
5254.1			0.9645507682934633
5255.0			0.9233048597681983
5255.9			0.9313960388088435
5256.8			1.0008323342133258
5257.7			1.0
5258.6			1.0
5259.5			1.0
5260.4			1.0
5261.3			0.9477607465238992
5262.2			0.887991418083699
5263.1			0.8371027772546151
5264.0			0.8106455255757201
5264.9			0.786855457298485
5265.8			0.7651136494453984
5266.7			0.7986213113026729
5267.6			0.8635250409757363
5268.5			0.8481312884252656
5269.4			0.7606585146753014
5270.3			0.7386591630655247
5271.2			0.8279811701791607
5272.1			0.9101655288088261
5273.0			0.9082204748808926
5273.9			0.8864230606379245
5274.8			0.8685377759002103
5275.7			0.8494948150549918
5276.6			0.8927230832212443
5277.5			0.9820192890303238
5278.4			1.0
5279.3			0.9796991928720441
5280.2			0.9330613270651967
5281.1			0.9061177224399765
5282.0			0.9012796639359854
5282.9			0.8796852326865904
5283.8			0.8556542888424693
5284.7			0.8848519569154258
5285.6			0.966203778447724
5286.5			1.0197641138380014
5287.4			1.014905480332414
5288.3			0.999949392937305
5289.2			1.0
5290.1			1.0
5291.0			1.0
5291.9			1.0
5292.8			1.0
5293.7			1.0
5294.6			1.0079428367925467
5295.5			1.0032113964107279
5296.4			0.9638290478195479
5297.3			0.9056432746836913
5298.2			0.8790590045432296
5299.1			0.932276288369624
5300.0			1.0096883010826856
5300.9			1.0236936862731159
5301.8			1.0045846522046933
5302.7			1.0
5303.6			1.0
5304.5			1.0
5305.4			1.0
5306.3			1.0
5307.2			1.0
5308.1			1.0
5309.0			1.0
5309.9			1.0
5310.8			1.0
5311.7			1.0
5312.6			1.0
5313.5			1.0
5314.4			1.0
5315.3			1.0
5316.2			1.0
5317.1			1.0
5318.0			1.0
5318.9			1.0
5319.8			1.0
5320.7			1.0
5321.6			1.0
5322.5			1.0
5323.4			1.0
5324.3			1.0
5325.2			1.0
5326.1			1.013021087554739
5327.0			0.9612206514732387
5327.9			0.843874207610171
5328.8			0.8000221928172869
5329.7			0.8818864287556423
5330.6			0.9787912178825289
5331.5			1.005694949722528
5332.4			1.0
5333.3			1.0
5334.2			1.0
5335.1			1.0
5336.0			1.0
5336.9			1.0
5337.8			1.0000110082695872
5338.7			0.9861784666878255
5339.6			0.9364809279952028
5340.5			0.8836786362656601
5341.4			0.9029617450391055
5342.3			0.9709369389873359
5343.2			1.0004157771955842
5344.1			1.0
5345.0			1.0
5345.9			1.0
5346.8			1.0
5347.7			1.0
5348.6			1.0
5349.5			1.0
5350.4			1.0
5351.3			1.0
5352.2			1.0
5353.1			1.0
5354.0			1.0
5354.9			1.0
5355.8			1.0
5356.7			1.0
5357.6			1.0
5358.5			1.0
5359.4			1.0
5360.3			1.0
5361.2			1.0
5362.1			1.0
5363.0			1.0
5363.9			1.0
5364.8			1.0
5365.7			1.0
5366.6			1.0
5367.5			0.9889725167812182
5368.4			0.9792426359529748
5369.3			0.9421115364154657
5370.2			0.8865378418251199
5371.1			0.8582670727955853
5372.0			0.8799682002360854
5372.9			0.9369031237751306
5373.8			0.9821990715754157
5374.7			0.9951149786733917
5375.6			1.0
5376.5			1.0
5377.4			1.0
5378.3			1.0
5379.2			1.0
5380.1			1.0
5381.0			1.0
5381.9			1.0
5382.8			1.0
5383.7			1.0
5384.6			1.0
5385.5			1.0
5386.4			1.0
5387.3			1.0
5388.2			1.0
5389.1			1.0
5390.0			1.0
5390.9			1.0
5391.8			1.0
5392.7			1.0
5393.6			1.0
5394.5			1.0
5395.4			1.0
5396.3			1.0
5397.2			1.0
5398.1			1.0
5399.0			1.0
5399.9			1.0
5400.8			1.0066494179564505
5401.7			1.0302836680091707
5402.6			1.0320285828514422
5403.5			0.9841435081763795
5404.4			0.9192363310586592
5405.3			0.8907114761336021
5406.2			0.918053882923779
5407.1			0.9805447674390045
5408.0			1.0295335571334032
5408.9			1.0271862307845085
5409.8			1.0022464044102197
5410.7			1.0
5411.6			1.0
5412.5			1.0
5413.4			1.0
5414.3			1.0
5415.2			1.0
5416.1			1.0
5417.0			1.0
5417.9			1.0
5418.8			1.0
5419.7			1.0
5420.6			1.0
5421.5			1.0
5422.4			1.0
5423.3			1.0
5424.2			1.0
5425.1			1.0
5426.0			1.0
5426.9			1.0438265544312375
5427.8			1.026325674856334
5428.7			0.9518665750950397
5429.6			0.9066653537061301
5430.5			0.948647358005937
5431.4			1.0014348531937065
5432.3			1.002863322756859
5433.2			1.0
5434.1			1.0
5435.0			1.0
5435.9			1.0
5436.8			1.0
5437.7			1.0
5438.6			1.0
5439.5			1.0
5440.4			1.0
5441.3			1.0
5442.2			1.0
5443.1			1.0
5444.0			0.9786859343348062
5444.9			0.9380595863443122
5445.8			0.8813360433254754
5446.7			0.8517323472467692
5447.6			0.892879964154079
5448.5			0.9634066501215381
5449.4			0.9998988926977036
5450.3			1.0
5451.2			1.0
5452.1			1.0
5453.0			0.9827732871635452
5453.9			0.9430334460079968
5454.8			0.8766540080244948
5455.7			0.8546087490041373
5456.6			0.906508380704556
5457.5			0.9695656387582536
5458.4			0.9955515174662083
5459.3			1.0
5460.2			1.0
5461.1			1.0
5462.0			1.0
5462.9			1.0
5463.8			1.0
5464.7			1.0
5465.6			1.0
5466.5			1.0
5467.4			1.0
5468.3			1.0
5469.2			1.0
5470.1			1.0
5471.0			1.0
5471.9			1.0
5472.8			0.9800463785903507
5473.7			0.9737910893950878
5474.6			0.9866465152976762
5475.5			0.9505259554634112
5476.4			0.8832421374020192
5477.3			0.8872428185682052
5478.2			0.961994999209681
5479.1			1.0163074790746456
5480.0			1.001206512353113
5480.9			1.0
5481.8			1.0
5482.7			1.0
5483.6			1.0
5484.5			1.0
5485.4			1.0
5486.3			1.0
5487.2			1.0
5488.1			1.0
5489.0			1.0
5489.9			1.0
5490.8			1.0
5491.7			1.0
5492.6			1.0
5493.5			1.0
5494.4			1.0
5495.3			1.0
5496.2			1.0
5497.1			1.0
5498.0			1.0
5498.9			1.0
5499.8			1.0
5500.7			1.0
5501.6			1.0
5502.5			1.0
5503.4			1.0
5504.3			1.0
5505.2			1.0
5506.1			1.0
5507.0			0.9990807616138323
5507.9			1.0312048994559733
5508.8			1.0384352275921487
5509.7			1.0204726230607908
5510.6			1.000837116317336
5511.5			0.9679044668397776
5512.4			0.9391731004645478
5513.3			0.9413980951704052
5514.2			0.9646517224016131
5515.1			0.977427212720186
5516.0			0.974595610887417
5516.9			0.9769130211918786
5517.8			0.9973714811822398
5518.7			1.0
5519.6			1.0
5520.5			1.0
5521.4			1.0
5522.3			1.0
5523.2			1.0
5524.1			1.0
5525.0			0.9838422641874951
5525.9			0.9648018484368414
5526.8			0.94338937298972
5527.7			0.9196182790253168
5528.6			0.9185334661131801
5529.5			0.956276471226456
5530.4			0.9967610809806914
5531.3			1.008383843969655
5532.2			0.9990890575676615
5533.1			1.0
5534.0			1.0
5534.9			1.0
5535.8			1.0
5536.7			1.0
5537.6			1.0
5538.5			1.0
5539.4			1.0
5540.3			1.0
5541.2			1.0
5542.1			1.0
5543.0			1.0
5543.9			1.0
5544.8			1.0
5545.7			1.0
5546.6			1.0
5547.5			1.0
5548.4			1.0
5549.3			1.0
5550.200000000001			1.0
5551.1			1.0
5552.0			1.0
5552.9			1.0
5553.8			1.0
5554.700000000001			1.0
5555.6			1.0
5556.5			1.0
5557.4			1.0
5558.3			1.0
5559.200000000001			1.0
5560.1			1.0
5561.0			1.0
5561.9			1.0
5562.8			1.0
5563.700000000001			1.0
5564.6			1.0
5565.5			1.0
5566.4			1.0
5567.3			1.0
5568.200000000001			1.0
5569.1			1.0
5570.0			1.0
5570.9			1.0
5571.8			1.0
5572.700000000001			1.0
5573.6			1.0
5574.5			1.0
5575.4			1.0
5576.3			1.0
5577.200000000001			1.0
5578.1			1.0
5579.0			1.0010833962961192
5579.9			1.0094562588681384
5580.8			1.003089454654686
5581.700000000001			0.989626210114034
5582.6			0.9942028977401378
5583.5			1.0036989015300628
5584.4			0.997991052771496
5585.3			0.9696206947752736
5586.200000000001			0.9177747339409852
5587.1			0.8759787783851503
5588.0			0.8672738148961101
5588.9			0.8820257014861359
5589.8			0.9086886770700469
5590.700000000001			0.9347680771653369
5591.6			0.9501741154155213
5592.5			0.9484942086840564
5593.4			0.930246073947582
5594.3			0.9248011597173457
5595.200000000001			0.9604378378305304
5596.1			1.0045938856667798
5597.0			1.0
5597.9			0.958387196172509
5598.8			0.937679268454095
5599.700000000001			0.9301494929582041
5600.6			0.9113991892897714
5601.5			0.8865685384748054
5602.4			0.8722845629472599
5603.3			0.9019713261639887
5604.200000000001			0.95960644597035
5605.1			0.9991433837402215
5606.0			1.0085663174426995
5606.9			1.0002955715694104
5607.8			1.0
5608.700000000001			1.0
5609.6			1.0
5610.5			1.0
5611.4			1.0
5612.3			1.0173222852174384
5613.200000000001			1.0028126459078908
5614.1			0.9352112175313515
5615.0			0.8681923603772491
5615.9			0.8840475166174466
5616.8			0.9558442117908723
5617.700000000001			1.0016185630588217
5618.6			1.0
5619.5			1.0
5620.4			1.0
5621.3			1.0
5622.200000000001			1.0110055108176552
5623.1			0.9813872738004311
5624.0			0.9312853454461298
5624.9			0.9217075626567433
5625.8			0.9579981504359766
5626.700000000001			0.9881135483260352
5627.6			1.0014035476756327
5628.5			1.0
5629.4			1.0
5630.3			1.0
5631.200000000001			1.0
5632.1			1.0
5633.0			1.0
5633.9			1.0
5634.8			1.0
5635.700000000001			1.0
5636.6			1.0
5637.5			1.0
5638.4			1.0
5639.3			1.0
5640.200000000001			1.0
5641.1			1.0
5642.0			1.0
5642.9			1.0
5643.8			1.0
5644.700000000001			1.0
5645.6			1.0
5646.5			1.0
5647.4			1.0
5648.3			1.0
5649.200000000001			1.0
5650.1			1.0
5651.0			1.0
5651.9			1.0169738256204968
5652.8			1.0156796183886192
5653.700000000001			0.9877948070038768
5654.6			0.961560127946702
5655.5			0.9728907353442109
5656.4			0.9862127066507209
5657.3			0.9406139187123312
5658.200000000001			0.8797567718208615
5659.1			0.8920303455837473
5660.0			0.9458713734514952
5660.9			0.9611543469306322
5661.8			0.9409640200705124
5662.700000000001			0.9367718724827544
5663.6			0.9681685404025225
5664.5			1.0002544833742049
5665.4			1.0
5666.3			1.0
5667.200000000001			1.0
5668.1			1.0
5669.0			1.0
5669.9			1.0
5670.8			1.0
5671.700000000001			1.0
5672.6			1.0
5673.5			1.0
5674.4			1.0
5675.3			1.0
5676.200000000001			1.0
5677.1			1.0
5678.0			1.0
5678.9			1.0
5679.8			1.0
5680.700000000001			1.0
5681.6			1.0
5682.5			1.0
5683.4			1.0
5684.3			1.0
5685.200000000001			1.0
5686.1			1.0
5687.0			1.0
5687.9			1.0
5688.8			1.0
5689.700000000001			1.0
5690.6			1.0
5691.5			1.0
5692.4			1.0
5693.3			1.0
5694.200000000001			1.0
5695.1			1.0
5696.0			1.0
5696.9			1.0
5697.8			1.0
5698.700000000001			1.0
5699.6			1.0
5700.5			0.9864920358961079
5701.4			0.9666212736573381
5702.3			0.9719274335015465
5703.200000000001			0.9956658623407484
5704.1			1.0043302468240354
5705.0			0.9800381214589735
5705.9			0.9473983291038724
5706.8			0.9308708917325061
5707.700000000001			0.9186468440568462
5708.6			0.9026140808653441
5709.5			0.9009652541823503
5710.4			0.9083584937094655
5711.3			0.9077857822973283
5712.200000000001			0.9254506216494205
5713.1			0.9686039940371854
5714.0			0.9933308115637854
5714.9			0.9965896568094703
5715.8			1.0009441105539625
5716.700000000001			0.9998102261830396
5717.6			1.0
5718.5			1.0
5719.4			1.0
5720.3			1.0
5721.200000000001			1.0
5722.1			1.0
5723.0			1.0
5723.9			1.0
5724.8			1.0
5725.700000000001			1.0
5726.6			1.0
5727.5			1.0
5728.4			1.0
5729.3			1.0
5730.200000000001			1.0
5731.1			1.0
5732.0			1.0
5732.9			1.0
5733.8			1.0
5734.700000000001			1.0
5735.6			1.0
5736.5			1.0
5737.4			1.0
5738.3			1.0
5739.200000000001			1.0
5740.1			1.0
5741.0			1.0
5741.9			1.0
5742.8			1.0
5743.700000000001			1.0
5744.6			1.0
5745.5			1.0
5746.4			1.0
5747.3			1.0
5748.200000000001			1.0
5749.1			1.0
5750.0			1.0
5750.9			1.0029098100485936
5751.8			0.97363305560627
5752.700000000001			0.92742430112891
5753.6			0.89872312768072
5754.5			0.917307954376626
5755.4			0.9645893226512802
5756.3			0.9993291144724835
5757.200000000001			1.0
5758.1			1.0
5759.0			1.0
5759.9			1.0
5760.8			1.0
5761.700000000001			1.0
5762.6			1.0
5763.5			1.0
5764.4			1.0
5765.3			1.0
5766.200000000001			1.0
5767.1			1.0
5768.0			1.0
5768.9			1.0
5769.8			1.0
5770.700000000001			1.0
5771.6			1.0
5772.5			1.0
5773.4			1.0
5774.3			0.9946016436470422
5775.200000000001			0.9994020517139208
5776.1			1.0165687210378165
5777.0			1.028688228445039
5777.9			1.023895368832066
5778.8			1.0029517347633987
5779.700000000001			0.9601442988444605
5780.6			0.912679074925892
5781.5			0.8958999386766437
5782.4			0.9132190760630169
5783.3			0.9275877626276007
5784.200000000001			0.9150404402896047
5785.1			0.9044254443881811
5786.0			0.9280679195464798
5786.9			0.964897681166836
5787.8			0.9884813247622378
5788.700000000001			0.9994871446639465
5789.6			1.0
5790.5			1.0
5791.4			1.0
5792.3			1.0
5793.200000000001			1.0
5794.1			1.0
5795.0			1.0
5795.9			1.0
5796.8			1.0
5797.700000000001			1.0
5798.6			1.0
5799.5			1.0
5800.4			1.0
5801.3			1.0
5802.200000000001			1.0
5803.1			1.0
5804.0			1.0
5804.9			1.0
5805.8			1.0
5806.700000000001			1.0
5807.6			1.0
5808.5			1.0
5809.4			1.0
5810.3			1.0
5811.200000000001			1.0
5812.1			1.0
5813.0			1.0
5813.9			1.0
5814.8			1.0
5815.700000000001			1.0
5816.6			1.0
5817.5			1.0
5818.4			1.0
5819.3			1.0
5820.200000000001			1.0
5821.1			1.0
5822.0			1.0
5822.9			1.0
5823.8			1.0
5824.700000000001			1.0
5825.6			1.0
5826.5			1.0
5827.4			1.0
5828.3			1.0
5829.200000000001			1.0
5830.1			1.0
5831.0			1.0
5831.9			1.0
5832.8			1.0
5833.700000000001			1.0
5834.6			1.0
5835.5			1.0
5836.4			1.0
5837.3			1.0
5838.200000000001			1.0
5839.1			1.0
5840.0			1.0
5840.9			1.0
5841.8			1.0
5842.700000000001			1.0
5843.6			1.0
5844.5			1.0
5845.4			1.0
5846.3			1.0
5847.200000000001			1.0
5848.1			1.0
5849.0			1.0
5849.9			1.0
5850.8			1.0
5851.700000000001			1.0
5852.6			1.0
5853.5			1.0
5854.4			1.010653748862148
5855.3			1.0207289067352552
5856.200000000001			0.9980420753685347
5857.1			0.9613735994078638
5858.0			0.9519950378461352
5858.9			0.970571490850913
5859.8			0.9965658061306476
5860.700000000001			1.0109872510727769
5861.6			1.0025619551369966
5862.5			1.0
5863.4			1.0
5864.3			1.0
5865.200000000001			1.0
5866.1			1.0
5867.0			1.0
5867.9			1.0
5868.8			1.0
5869.700000000001			1.0
5870.6			1.0
5871.5			1.0
5872.4			1.0
5873.3			1.0
5874.200000000001			1.0
5875.1			1.0
5876.0			1.0
5876.9			1.0
5877.8			1.0
5878.700000000001			1.0
5879.6			1.0
5880.5			1.0
5881.4			1.0
5882.3			1.0
5883.200000000001			1.0
5884.1			1.0
5885.0			1.0
5885.9			1.0
5886.8			1.0
5887.700000000001			0.972322978948577
5888.6			0.8736141403030176
5889.5			0.7563276624737048
5890.4			0.7524406659582993
5891.3			0.8577119217239529
5892.200000000001			0.948419750858157
5893.1			0.9931071757706633
5894.0			1.0
5894.9			1.0
5895.8			1.0
5896.700000000001			1.0
5897.6			1.0
5898.5			1.0
5899.4			1.0
5900.3			1.0
5901.200000000001			1.0
5902.1			1.0
5903.0			1.0
5903.9			1.0
5904.8			1.0
5905.700000000001			1.0
5906.6			1.0
5907.5			1.0
5908.4			1.0
5909.3			1.0
5910.200000000001			1.0
5911.1			1.0
5912.0			1.0
5912.9			1.0
5913.8			1.0
5914.700000000001			1.0
5915.6			1.0
5916.5			1.0
5917.4			1.0
5918.3			1.0
5919.200000000001			1.0
5920.1			1.0
5921.0			1.0
5921.9			1.0
5922.8			1.0
5923.700000000001			1.0
5924.6			1.0
5925.5			1.0
5926.4			1.0
5927.3			1.0
5928.200000000001			1.0
5929.1			1.0
5930.0			1.0
5930.9			1.0
5931.8			1.0
5932.700000000001			1.0
5933.6			1.0
5934.5			1.0
5935.4			1.0
5936.3			1.0
5937.200000000001			1.0
5938.1			1.0
5939.0			1.0
5939.9			1.0
5940.8			1.0
5941.700000000001			1.0
5942.6			1.0
5943.5			1.0
5944.4			1.0
5945.3			1.0
5946.200000000001			1.0
5947.1			1.0
5948.0			1.0
5948.9			1.0
5949.8			1.0
5950.700000000001			1.0
5951.6			1.0
5952.5			1.0
5953.4			1.0
5954.3			1.0
5955.200000000001			1.0
5956.1			1.0
5957.0			1.0
5957.9			1.0
5958.8			1.0
5959.700000000001			1.0
5960.6			1.0
5961.5			1.0
5962.4			1.0
5963.3			1.0
5964.200000000001			1.0
5965.1			1.0
5966.0			1.0
5966.9			1.0
5967.8			1.0
5968.700000000001			1.0
5969.6			1.0
5970.5			1.0
5971.4			1.0
5972.3			1.0
5973.200000000001			1.0
5974.1			1.0
5975.0			1.0
5975.9			1.0
5976.8			1.0
5977.700000000001			1.0
5978.6			1.0
5979.5			1.0
5980.4			1.0
5981.3			1.0
5982.200000000001			1.0
5983.1			1.0
5984.0			1.0
5984.9			1.0
5985.8			1.0
5986.700000000001			1.0
5987.6			1.0
5988.5			1.0
5989.4			1.0
5990.3			1.0
5991.200000000001			1.0
5992.1			1.0
5993.0			1.0
5993.9			1.0
5994.8			1.0
5995.700000000001			1.0
5996.6			1.0
5997.5			1.0
5998.4			1.0
5999.3			1.0
6000.200000000001			1.0
6001.1			1.0
6002.0			1.0
6002.9			1.0
6003.8			1.0
6004.700000000001			1.0
6005.6			1.0
6006.5			1.0
6007.4			1.0
6008.3			1.0
6009.200000000001			1.0
6010.1			1.0
6011.0			1.0
6011.9			1.0
6012.8			1.0
6013.700000000001			1.0
6014.6			1.0
6015.5			1.0
6016.4			1.0
6017.3			1.0
6018.200000000001			1.0
6019.1			1.0
6020.0			1.0
6020.9			1.0
6021.8			1.0
6022.700000000001			1.0
6023.6			1.0
6024.5			1.0
6025.4			1.0
6026.3			1.0
6027.200000000001			1.0
6028.1			1.0
6029.0			1.0
6029.9			1.0
6030.8			1.0
6031.700000000001			1.0
6032.6			1.0
6033.5			1.0
6034.4			1.0
6035.3			1.0
6036.200000000001			1.0
6037.1			1.0
6038.0			1.0
6038.9			1.0
6039.8			1.0
6040.700000000001			1.0
6041.6			1.0
6042.5			1.0
6043.4			1.0
6044.3			1.0
6045.200000000001			1.0
6046.1			1.0
6047.0			1.0
6047.9			1.0
6048.8			1.0
6049.700000000001			1.0
6050.6			1.0
6051.5			1.0
6052.4			1.0
6053.3			1.0
6054.200000000001			1.0
6055.1			1.0
6056.0			1.0
6056.9			1.0
6057.8			1.0
6058.700000000001			1.0
6059.6			1.0
6060.5			1.0
6061.4			1.0
6062.3			1.0
6063.200000000001			1.0
6064.1			1.0
6065.0			1.0
6065.9			1.0
6066.8			1.0
6067.700000000001			1.0
6068.6			1.0
6069.5			1.0
6070.4			1.0
6071.3			1.0
6072.200000000001			1.0
6073.1			1.0
6074.0			1.0
6074.9			1.0
6075.8			1.0
6076.700000000001			1.0
6077.6			1.0
6078.5			1.0
6079.4			1.0
6080.3			1.0
6081.200000000001			1.0
6082.1			1.0
6083.0			1.0
6083.9			1.0
6084.8			1.0
6085.700000000001			1.0
6086.6			1.0
6087.5			1.0
6088.4			1.0
6089.3			1.0
6090.200000000001			1.0
6091.1			1.0
6092.0			1.0
6092.9			1.0
6093.8			1.0
6094.700000000001			1.0
6095.6			1.0
6096.5			1.0
6097.4			1.0
6098.3			1.0
6099.200000000001			1.0
6100.1			1.0
6101.0			0.9740653666616379
6101.9			0.914671391664855
6102.8			0.889437831788356
6103.700000000001			0.9336973902567055
6104.6			0.9952789565538963
6105.5			1.0
6106.4			1.0
6107.3			1.0
6108.200000000001			1.0
6109.1			1.0
6110.0			1.0
6110.9			1.0
6111.8			1.0
6112.700000000001			1.0
6113.6			1.0
6114.5			1.0
6115.4			1.0
6116.3			1.0
6117.200000000001			1.0
6118.1			1.0
6119.0			1.0
6119.9			1.0
6120.8			1.0
6121.700000000001			1.0
6122.6			1.0
6123.5			1.0
6124.4			1.0
6125.3			1.0
6126.200000000001			1.0
6127.1			1.0
6128.0			1.0
6128.9			1.0
6129.8			1.0
6130.700000000001			1.0
6131.6			1.0
6132.5			1.0
6133.4			1.0
6134.3			0.9918218997906196
6135.200000000001			0.9532104045954226
6136.1			0.8789717714147981
6137.0			0.8282196790538565
6137.9			0.8642197582583399
6138.8			0.9514829642355859
6139.700000000001			1.000767889834378
6140.6			1.0
6141.5			1.0
6142.4			1.0
6143.3			1.0
6144.200000000001			1.0
6145.1			1.0
6146.0			1.0
6146.9			1.0
6147.8			1.0
6148.700000000001			1.0
6149.6			1.0
6150.5			1.0
6151.4			1.0
6152.3			1.0
6153.200000000001			1.0
6154.1			1.0
6155.0			1.0
6155.9			1.0
6156.8			1.0
6157.700000000001			1.0
6158.6			1.0101833695696634
6159.5			1.0042351851055575
6160.4			0.958699310452548
6161.3			0.9004844594933273
6162.200000000001			0.8780048083202491
6163.1			0.9032911895805024
6164.0			0.9514760188850206
6164.9			0.9876247667698249
6165.8			1.001643199255607
6166.700000000001			1.0
6167.6			1.0
6168.5			1.0
6169.4			1.0
6170.3			1.0
6171.200000000001			1.0
6172.1			1.0
6173.0			1.0
6173.9			1.0
6174.8			1.0
6175.700000000001			1.0
6176.6			1.0
6177.5			1.0
6178.4			1.0
6179.3			1.0
6180.200000000001			1.0
6181.1			1.0
6182.0			1.0
6182.9			1.0
6183.8			1.0
6184.700000000001			1.0
6185.6			1.0
6186.5			1.0
6187.4			1.0
6188.3			1.0035144721870324
6189.200000000001			1.0071094963351597
6190.1			0.9747685187064978
6191.0			0.9252879707830111
6191.9			0.9251326287616677
6192.8			0.9700225898320324
6193.700000000001			0.997166926095225
6194.6			1.0
6195.5			1.0
6196.4			1.0
6197.3			1.0
6198.200000000001			1.0
6199.1			1.0
6200.0			1.0
6200.9			1.0
6201.8			1.0
6202.700000000001			1.0
6203.6			1.0
6204.5			1.0
6205.4			1.0
6206.3			1.0
6207.200000000001			1.0
6208.1			1.0
6209.0			1.0
6209.9			1.0
6210.8			1.0
6211.700000000001			1.0
6212.6			1.0
6213.5			1.0
6214.4			1.0
6215.3			1.0
6216.200000000001			1.0
6217.1			1.0
6218.0			1.0
6218.9			1.0
6219.8			1.0
6220.700000000001			1.0
6221.6			1.0
6222.5			1.0
6223.4			1.0
6224.3			1.0
6225.200000000001			1.0
6226.1			1.0
6227.0			0.9984570655208428
6227.9			0.9926210852986124
6228.8			0.9701423612238457
6229.700000000001			0.9285156120881077
6230.6			0.9014106358064784
6231.5			0.9152502105604735
6232.4			0.9459381808740176
6233.3			0.9743600726171369
6234.200000000001			1.000241603117492
6235.1			1.0
6236.0			1.0
6236.9			1.0
6237.8			1.0
6238.700000000001			1.0
6239.6			1.0
6240.5			1.0
6241.4			1.0
6242.3			1.0
6243.200000000001			1.0
6244.1			1.0
6245.0			1.0
6245.9			1.0
6246.8			1.0
6247.700000000001			1.0
6248.6			1.0
6249.5			1.0
6250.4			1.0
6251.3			1.0
6252.200000000001			1.0
6253.1			1.0
6254.0			1.0
6254.9			1.0
6255.8			1.0
6256.700000000001			1.0
6257.6			1.0
6258.5			1.0
6259.4			1.0
6260.3			1.0
6261.200000000001			1.0
6262.1			1.0
6263.0			1.0
6263.9			1.0
6264.8			1.0
6265.700000000001			1.0
6266.6			1.0
6267.5			1.0
6268.4			1.0
6269.3			1.0
6270.200000000001			1.0
6271.1			1.0
6272.0			1.0
6272.9			1.0
6273.8			1.0
6274.700000000001			1.0
6275.6			1.0
6276.5			1.0
6277.4			1.0
6278.3			1.0
6279.200000000001			1.0
6280.1			1.0
6281.0			1.0
6281.9			1.0
6282.8			1.0
6283.700000000001			1.0
6284.6			1.0
6285.5			1.0
6286.4			1.0
6287.3			1.0
6288.200000000001			1.0
6289.1			1.0
6290.0			1.0
6290.9			1.0
6291.8			1.0
6292.700000000001			1.0
6293.6			1.0
6294.5			1.0
6295.4			1.0
6296.3			1.0
6297.200000000001			1.0
6298.1			1.0
6299.0			1.0
6299.9			1.0
6300.8			1.0
6301.700000000001			1.0
6302.6			1.0
6303.5			1.0
6304.4			1.0
6305.3			1.0
6306.200000000001			1.0
6307.1			1.0
6308.0			1.0
6308.9			1.0
6309.8			1.0
6310.700000000001			1.0
6311.6			1.0
6312.5			1.0
6313.4			1.0
6314.3			1.0
6315.200000000001			1.0
6316.1			1.0
6317.0			1.0
6317.9			1.0
6318.8			1.0
6319.700000000001			1.0
6320.6			1.0
6321.5			1.0
6322.4			1.0
6323.3			1.0
6324.200000000001			1.0
6325.1			1.0
6326.0			1.0
6326.9			1.0
6327.8			1.0
6328.700000000001			1.0
6329.6			1.0
6330.5			1.0
6331.4			1.0
6332.3			1.0
6333.200000000001			1.0
6334.1			1.0
6335.0			1.0
6335.9			1.0
6336.8			1.0
6337.700000000001			1.0
6338.6			1.0
6339.5			1.0
6340.4			1.0
6341.3			1.0
6342.200000000001			1.0
6343.1			1.0
6344.0			1.0
6344.9			1.0
6345.8			1.0
6346.700000000001			1.0
6347.6			1.0
6348.5			1.0
6349.4			1.0
6350.3			1.0
6351.200000000001			1.0
6352.1			1.0
6353.0			1.0
6353.9			1.0
6354.8			1.0
6355.700000000001			1.0
6356.6			1.0
6357.5			1.0
6358.4			1.0
6359.3			1.0
6360.200000000001			1.0
6361.1			1.0
6362.0			1.0
6362.9			1.0
6363.8			1.0
6364.700000000001			1.0
6365.6			1.0
6366.5			1.0
6367.4			1.0
6368.3			1.0
6369.200000000001			1.0
6370.1			1.0
6371.0			1.0
6371.9			1.0
6372.8			1.0
6373.700000000001			1.0
6374.6			1.0
6375.5			1.0
6376.4			1.0
6377.3			1.0
6378.200000000001			1.0
6379.1			1.0
6380.0			1.0
6380.9			1.0
6381.8			1.0
6382.700000000001			1.0
6383.6			1.0
6384.5			1.0
6385.4			1.0
6386.3			1.0
6387.200000000001			1.0
6388.1			1.0
6389.0			1.0
6389.9			1.0
6390.8			1.0
6391.700000000001			1.0
6392.6			1.0
6393.5			1.0
6394.4			1.0
6395.3			1.0
6396.200000000001			1.0
6397.1			1.0
6398.0			0.9871734831238699
6398.9			0.9405322239376874
6399.8			0.903573940993245
6400.700000000001			0.9310892663945212
6401.6			0.9933432453885203
6402.5			1.0
6403.4			1.0
6404.3			1.0
6405.200000000001			1.0
6406.1			1.0
6407.0			1.0
6407.9			1.0
6408.8			1.0
6409.700000000001			1.0
6410.6			1.0
6411.5			1.0
6412.4			1.0
6413.3			1.0
6414.200000000001			1.0
6415.1			1.0
6416.0			1.0
6416.9			1.0
6417.8			1.0
6418.700000000001			1.0
6419.6			1.0
6420.5			1.0
6421.4			1.0
6422.3			1.0
6423.200000000001			1.0
6424.1			1.0
6425.0			1.0
6425.9			1.0
6426.8			1.0
6427.700000000001			1.0
6428.6			1.0
6429.5			1.0
6430.4			1.0
6431.3			1.0
6432.200000000001			1.0
6433.1			1.0
6434.0			1.0
6434.9			1.0
6435.8			1.0
6436.700000000001			1.0
6437.6			1.0
6438.5			1.0
6439.4			1.0
6440.3			1.0
6441.200000000001			1.0
6442.1			1.0
6443.0			1.0
6443.9			1.0
6444.8			1.0
6445.700000000001			1.0
6446.6			1.0
6447.5			0.9848091216218201
6448.4			0.9348150628170939
6449.3			0.8799577785974213
6450.200000000001			0.8800642097980872
6451.1			0.9338905361650242
6452.0			0.9843647444619685
6452.9			1.001989529613224
6453.8			1.0
6454.700000000001			1.0
6455.6			1.0
6456.5			1.0
6457.4			1.0
6458.3			1.0
6459.200000000001			1.0
6460.1			1.0
6461.0			1.0
6461.9			1.0
6462.8			1.0
6463.700000000001			1.0
6464.6			1.0
6465.5			1.0
6466.4			1.0
6467.3			1.0
6468.200000000001			1.0
6469.1			1.0
6470.0			1.0
6470.9			1.0
6471.8			1.0
6472.700000000001			1.0
6473.6			1.0
6474.5			1.0
6475.4			1.0
6476.3			1.0
6477.200000000001			1.0
6478.1			1.0
6479.0			1.0
6479.9			1.0
6480.8			1.0
6481.700000000001			1.0
6482.6			1.0
6483.5			1.0
6484.4			1.0
6485.3			1.0
6486.200000000001			1.0
6487.1			1.0
6488.0			1.0
6488.9			1.0
6489.8			0.9872514844461038
6490.700000000001			0.9746191206862167
6491.6			0.9687861517554732
6492.5			0.9490453446791374
6493.4			0.899852741646884
6494.3			0.8513613945770391
6495.200000000001			0.840098664739306
6496.1			0.8633909914360726
6497.0			0.9037518370144049
6497.9			0.9409700249388507
6498.8			0.9584836284491189
6499.700000000001			0.976051501245525
6500.6			1.0041202047043716
6501.5			1.0
6502.4			1.0
6503.3			1.0
6504.200000000001			1.0
6505.1			1.0
6506.0			1.0
6506.9			1.0
6507.8			1.0
6508.700000000001			1.0
6509.6			1.0
6510.5			1.0
6511.4			1.0
6512.3			1.0
6513.200000000001			1.0
6514.1			1.0
6515.0			1.0
6515.9			1.0
6516.8			1.0
6517.700000000001			1.0
6518.6			1.0
6519.5			1.0
6520.4			1.0
6521.3			1.0
6522.200000000001			1.0
6523.1			1.0
6524.0			1.0
6524.9			1.0
6525.8			1.0
6526.700000000001			1.0
6527.6			1.0
6528.5			1.0
6529.4			1.0
6530.3			1.0
6531.200000000001			1.0
6532.1			1.0
6533.0			1.0
6533.9			1.0
6534.8			1.0
6535.700000000001			1.0
6536.6			1.0
6537.5			1.0
6538.4			1.0
6539.3			1.0
6540.200000000001			1.0
6541.1			1.0
6542.0			1.0
6542.9			1.0
6543.8			1.0
6544.700000000001			1.0
6545.6			1.0
6546.5			1.0
6547.4			1.0
6548.3			1.0
6549.200000000001			1.0
6550.1			1.0
6551.0			1.0
6551.9			1.0
6552.8			1.0
6553.700000000001			1.0
6554.6			1.0
6555.5			1.0
6556.4			1.0
6557.3			1.0
6558.200000000001			1.0
6559.1			1.0
6560.0			0.9625768130014262
6560.9			0.8531567816224099
6561.8			0.6782108532363774
6562.700000000001			0.5909147426733807
6563.6			0.7004611877757413
6564.5			0.8867664500532058
6565.4			0.9999044072685808
6566.3			1.0
6567.200000000001			1.0
6568.1			1.0
6569.0			1.0
6569.9			1.0
6570.8			1.0
6571.700000000001			1.0
6572.6			1.0
6573.5			1.0
6574.4			1.0
6575.3			1.0
6576.200000000001			1.0
6577.1			1.0
6578.0			1.0
6578.9			1.0
6579.8			1.0
6580.700000000001			1.0
6581.6			1.0
6582.5			1.0
6583.4			1.0
6584.3			1.0
6585.200000000001			1.0
6586.1			1.0
6587.0			1.0
6587.9			1.0
6588.8			1.0
6589.700000000001			1.0
6590.6			0.986411218170269
6591.5			0.9507416837546198
6592.4			0.9079777980802133
6593.3			0.9008045214888566
6594.200000000001			0.9390623482582796
6595.1			0.9833616238858792
6596.0			0.9994285264240469
6596.9			1.0
6597.8			1.0
6598.700000000001			1.0
6599.6			1.0
6600.5			1.0
6601.4			1.0
6602.3			1.0
6603.200000000001			1.0
6604.1			1.0
6605.0			1.0
6605.9			1.0
6606.8			1.0
6607.700000000001			1.0
6608.6			1.0
6609.5			1.0
6610.4			1.0
6611.3			1.0
6612.200000000001			1.0
6613.1			1.0
6614.0			1.0
6614.9			1.0
6615.8			1.0
6616.700000000001			1.0
6617.6			1.0
6618.5			1.0
6619.4			1.0
6620.3			1.0
6621.200000000001			1.0
6622.1			1.0
6623.0			1.0
6623.9			1.0
6624.8			1.0
6625.700000000001			1.0
6626.6			1.0
6627.5			1.0
6628.4			1.0
6629.3			1.0
6630.200000000001			1.0
6631.1			1.0
6632.0			1.0
6632.9			1.0
6633.8			1.0
6634.700000000001			1.0
6635.6			1.0
6636.5			1.0
6637.4			1.0
6638.3			1.0
6639.200000000001			1.0
6640.1			1.0
6641.0			1.0
6641.9			1.0
6642.8			1.0
6643.700000000001			1.0
6644.6			1.0
6645.5			1.0
6646.4			1.0
6647.3			1.0
6648.200000000001			1.0
6649.1			1.0
6650.0			1.0
6650.9			1.0
6651.8			1.0
6652.700000000001			1.0
6653.6			1.0
6654.5			1.0
6655.4			1.0
6656.3			1.0
6657.200000000001			1.0
6658.1			1.0
6659.0			1.0
6659.9			1.0
6660.8			1.0
6661.700000000001			1.0
6662.6			1.0
6663.5			1.0
6664.4			1.0
6665.3			1.0
6666.200000000001			1.0
6667.1			1.0
6668.0			1.0
6668.9			1.0
6669.8			1.0
6670.700000000001			1.0
6671.6			1.0
6672.5			1.0
6673.4			1.0
6674.3			1.0
6675.200000000001			1.0
6676.1			1.0
6677.0			1.0
6677.9			1.0
6678.8			1.0
6679.700000000001			1.0
6680.6			1.0
6681.5			1.0
6682.4			1.0
6683.3			1.0
6684.200000000001			1.0
6685.1			1.0
6686.0			1.0
6686.9			1.0
6687.8			1.0
6688.700000000001			1.0
6689.6			1.0
6690.5			1.0
6691.4			1.0
6692.3			1.0
6693.200000000001			1.0
6694.1			1.0
6695.0			1.0
6695.9			1.0
6696.8			1.0
6697.700000000001			1.0
6698.6			1.0
6699.5			1.0
6700.4			1.0
6701.3			1.0
6702.200000000001			1.0
6703.1			1.0
6704.0			1.0
6704.9			1.0
6705.8			1.0
6706.700000000001			1.0
6707.6			1.0
6708.5			1.0
6709.4			1.0
6710.3			1.0
6711.200000000001			1.0
6712.1			1.0
6713.0			1.0
6713.9			1.0
6714.8			1.0
6715.700000000001			1.0
6716.6			1.0
6717.5			1.0
6718.4			1.0
6719.3			1.0
6720.200000000001			1.0
6721.1			1.0
6722.0			1.0
6722.9			1.0
6723.8			1.0
6724.700000000001			1.0
6725.6			1.0
6726.5			1.0
6727.4			1.0
6728.3			1.0
6729.200000000001			1.0
6730.1			1.0
6731.0			1.0
6731.9			1.0
6732.8			1.0
6733.700000000001			1.0
6734.6			1.0
6735.5			1.0
6736.4			1.0
6737.3			1.0
6738.200000000001			1.0
6739.1			1.0
6740.0			1.0
6740.9			1.0
6741.8			1.0
6742.700000000001			1.0
6743.6			1.0
6744.5			1.0
6745.4			1.0
6746.3			1.0
6747.200000000001			1.0
6748.1			1.0
6749.0			1.0
6749.9			1.0
6750.8			1.0
6751.700000000001			1.0
6752.6			1.0
6753.5			1.0
6754.4			1.0
6755.3			1.0
6756.200000000001			1.0
6757.1			1.0
6758.0			1.0
6758.9			1.0
6759.8			1.0
6760.700000000001			1.0
6761.6			1.0
6762.5			1.0
6763.4			1.0
6764.3			1.0
6765.200000000001			1.0
6766.1			1.0
6767.0			1.0
6767.9			1.0
6768.8			1.0
6769.700000000001			1.0
6770.6			1.0
6771.5			1.0
6772.4			1.0
6773.3			1.0
6774.200000000001			1.0
6775.1			1.0
6776.0			1.0
6776.9			1.0
6777.8			1.0
6778.700000000001			1.0
6779.6			1.0
6780.5			1.0
6781.4			1.0
6782.3			1.0
6783.200000000001			1.0
6784.1			1.0
6785.0			1.0
6785.9			1.0
6786.8			1.0
6787.700000000001			1.0
6788.6			1.0
6789.5			1.0
6790.4			1.0
6791.3			1.0
6792.200000000001			1.0
6793.1			1.0
6794.0			1.0
6794.9			1.0
6795.8			1.0
6796.700000000001			1.0
6797.6			1.0
6798.5			1.0
6799.4			1.0
6800.3			1.0
6801.200000000001			1.0
6802.1			1.0
6803.0			1.0
6803.9			1.0
6804.8			1.0
6805.700000000001			1.0
6806.6			1.0
6807.5			1.0
6808.4			1.0
6809.3			1.0
6810.200000000001			1.0
6811.1			1.0
6812.0			1.0
6812.9			1.0
6813.8			1.0
6814.700000000001			1.0
6815.6			1.0
6816.5			1.0
6817.4			1.0
6818.3			1.0
6819.200000000001			1.0
6820.1			1.0
6821.0			1.0
6821.9			1.0
6822.8			1.0
6823.700000000001			1.0
6824.6			1.0
6825.5			1.0
6826.4			1.0
6827.3			1.0
6828.200000000001			1.0
6829.1			1.0
6830.0			1.0
6830.9			1.0
6831.8			1.0
6832.700000000001			1.0
6833.6			1.0
6834.5			1.0
6835.4			1.0
6836.3			1.0
6837.200000000001			1.0
6838.1			1.0
6839.0			1.0
6839.9			1.0
6840.8			1.0
6841.700000000001			1.0
6842.6			1.0
6843.5			1.0
6844.4			1.0
6845.3			1.0
6846.200000000001			1.0
6847.1			1.0
6848.0			1.0
6848.9			1.0
6849.8			1.0
6850.700000000001			1.0
6851.6			1.0
6852.5			1.0
6853.4			1.0
6854.3			1.0
6855.200000000001			1.0
6856.1			1.0
6857.0			1.0
6857.9			1.0
6858.8			1.0
6859.700000000001			1.0
6860.6			1.0
6861.5			1.0
6862.4			1.0
6863.3			1.0
6864.200000000001			1.0
6865.1			1.0
6866.0			1.0
6866.9			1.0
6867.8			1.0
6868.700000000001			1.0
6869.6			1.0
6870.5			1.0
6871.4			1.0
6872.3			1.0
6873.200000000001			1.0
6874.1			1.0
6875.0			1.0
6875.9			1.0
6876.8			1.0
6877.700000000001			1.0
6878.6			1.0
6879.5			1.0
6880.4			1.0
6881.3			1.0
6882.200000000001			1.0
6883.1			1.0
6884.0			1.0
6884.9			1.0
6885.8			1.0
6886.700000000001			1.0
6887.6			1.0
6888.5			1.0
6889.4			1.0
6890.3			1.0
6891.200000000001			1.0
6892.1			1.0
6893.0			1.0
6893.9			1.0
6894.8			1.0
6895.700000000001			1.0
6896.6			1.0
6897.5			1.0
6898.4			1.0
6899.3			1.0
6900.200000000001			1.0
6901.1			1.0
6902.0			1.0
6902.9			1.0
6903.8			1.0
6904.700000000001			1.0
6905.6			1.0
6906.5			1.0
6907.4			1.0
6908.3			1.0
6909.200000000001			1.0
6910.1			1.0
6911.0			1.0
6911.9			1.0
6912.8			1.0
6913.700000000001			1.0
6914.6			1.0
6915.5			1.0
6916.4			1.0
6917.3			1.0
6918.200000000001			1.0
6919.1			1.0
6920.0			1.0
6920.9			1.0
6921.8			1.0
6922.700000000001			1.0
6923.6			1.0
6924.5			1.0
6925.4			1.0
6926.3			1.0
6927.200000000001			1.0
6928.1			1.0
6929.0			1.0
6929.9			1.0
6930.8			1.0
6931.700000000001			1.0
6932.6			1.0
6933.5			1.0
6934.4			1.0
6935.3			1.0
6936.200000000001			1.0
6937.1			1.0
6938.0			1.0
6938.9			1.0
6939.8			1.0
6940.700000000001			1.0
6941.6			1.0
6942.5			1.0
6943.4			1.0
6944.3			1.0
6945.200000000001			1.0
6946.1			1.0
6947.0			1.0
6947.9			1.0
6948.8			1.0
6949.700000000001			1.0
6950.6			1.0
6951.5			1.0
6952.4			1.0
6953.3			1.0
6954.200000000001			1.0
6955.1			1.0
6956.0			1.0
6956.9			1.0
6957.8			1.0
6958.700000000001			1.0
6959.6			1.0
6960.5			1.0
6961.4			1.0
6962.3			1.0
6963.200000000001			1.0
6964.1			1.0
6965.0			1.0
6965.9			1.0
6966.8			1.0
6967.700000000001			1.0
6968.6			1.0
6969.5			1.0
6970.4			1.0
6971.3			1.0
6972.200000000001			1.0
6973.1			1.0
6974.0			0.9829089436822316
6974.9			0.9627735643833772
6975.8			0.9472037149741883
6976.700000000001			0.9273659805957947
6977.6			0.8999861227378996
6978.5			0.8895207437248692
6979.4			0.9137711398503572
6980.3			0.9521980557196968
6981.200000000001			0.9789022823847204
6982.1			0.9938495814332114
6983.0			0.999333627637118
6983.9			1.0
6984.8			1.0
6985.700000000001			1.0
6986.6			1.0
6987.5			1.0
6988.4			1.0
6989.3			1.0
6990.200000000001			1.0
6991.1			1.0
6992.0			1.0
6992.9			1.0
6993.8			1.0
6994.700000000001			1.0
6995.6			1.0
6996.5			1.0
6997.4			1.0
6998.3			1.0
6999.200000000001			1.0
7000.1			1.0
7001.0			1.0
7001.9			1.0
7002.8			1.0
7003.700000000001			1.0
7004.6			1.0
7005.5			1.0
7006.4			1.0
7007.3			1.0
7008.200000000001			1.0
7009.1			1.0
7010.0			1.0
7010.9			1.0
7011.8			1.0
7012.700000000001			1.0
7013.6			1.0
7014.5			1.0
7015.4			1.0
7016.3			1.0
7017.200000000001			1.0
7018.1			1.0
7019.0			1.0
7019.9			1.0
7020.8			1.0
7021.700000000001			1.0
7022.6			1.0
7023.5			1.0
7024.4			1.0
7025.3			1.0
7026.200000000001			1.0
7027.1			1.0
7028.0			1.0
7028.9			1.0
7029.8			1.0
7030.700000000001			1.0
7031.6			1.0
7032.5			1.0
7033.4			1.0
7034.3			1.0
7035.200000000001			1.0
7036.1			1.0
7037.0			1.0
7037.9			1.0
7038.8			1.0
7039.700000000001			1.0
7040.6			1.0
7041.5			1.0
7042.4			1.0
7043.3			1.0
7044.200000000001			1.0
7045.1			1.0
7046.0			1.0
7046.9			1.0
7047.8			1.0
7048.700000000001			1.0
7049.6			1.0
7050.5			1.0
7051.4			1.0
7052.3			1.0
7053.200000000001			1.0
7054.1			1.0
7055.0			1.0
7055.9			1.0
7056.8			1.0
7057.700000000001			1.0
7058.6			1.0
7059.5			1.0
7060.4			1.0
7061.3			1.0
7062.200000000001			1.0
7063.1			1.0
7064.0			1.0
7064.9			1.0
7065.8			1.0
7066.700000000001			1.0
7067.6			1.0
7068.5			1.0
7069.4			1.0
7070.3			1.0
7071.200000000001			1.0
7072.1			1.0
7073.0			1.0
7073.9			1.0
7074.8			1.0
7075.700000000001			1.0
7076.6			1.0
7077.5			1.0
7078.4			1.0
7079.3			1.0
7080.200000000001			1.0
7081.1			1.0
7082.0			1.0
7082.9			1.0
7083.8			1.0
7084.700000000001			1.0
7085.6			1.0
7086.5			1.0
7087.4			1.0
7088.3			1.0
7089.200000000001			1.0
7090.1			1.0
7091.0			1.0
7091.9			1.0
7092.8			1.0
7093.700000000001			1.0
7094.6			1.0
7095.5			1.0
7096.4			1.0
7097.3			1.0
7098.200000000001			1.0
7099.1			1.0
7100.0			1.0
7100.9			1.0
7101.8			1.0
7102.700000000001			1.0
7103.6			1.0
7104.5			1.0
7105.4			1.0
7106.3			1.0
7107.200000000001			1.0
7108.1			1.0
7109.0			1.0
7109.9			1.0
7110.8			1.0
7111.700000000001			1.0
7112.6			1.0
7113.5			1.0
7114.4			1.0
7115.3			1.0
7116.200000000001			1.0
7117.1			1.0
7118.0			1.0
7118.9			1.0
7119.8			1.0
7120.700000000001			1.0
7121.6			1.0
7122.5			1.0
7123.4			1.0
7124.3			1.0
7125.200000000001			1.0
7126.1			1.0
7127.0			1.0
7127.9			1.0
7128.8			1.0
7129.700000000001			1.0
7130.6			1.0
7131.5			1.0
7132.4			1.0
7133.3			1.0
7134.200000000001			1.0
7135.1			1.0
7136.0			1.0
7136.9			1.0
7137.8			1.0
7138.700000000001			1.0
7139.6			1.0
7140.5			1.0
7141.4			1.0
7142.3			1.0
7143.200000000001			1.0
7144.1			1.0
7145.0			1.0
7145.9			1.0
7146.8			1.0
7147.700000000001			1.0
7148.6			1.0
7149.5			1.0
7150.4			1.0
7151.3			1.0
7152.200000000001			1.0
7153.1			1.0
7154.0			1.0
7154.9			1.0
7155.8			1.0
7156.700000000001			1.0
7157.6			1.0
7158.5			1.0
7159.4			1.0
7160.3			1.0
7161.200000000001			1.0
7162.1			1.0
7163.0			1.0
7163.9			1.0
7164.8			1.0
7165.700000000001			1.0
7166.6			1.0
7167.5			1.0
7168.4			1.0
7169.3			1.0
7170.200000000001			1.0
7171.1			1.0
7172.0			1.0
7172.9			1.0
7173.8			1.0
7174.700000000001			1.0
7175.6			1.0
7176.5			1.0
7177.4			1.0
7178.3			1.0
7179.200000000001			1.0
7180.1			1.0
7181.0			1.0
7181.9			1.0
7182.8			1.0
7183.700000000001			1.0
7184.6			1.0
7185.5			1.0
7186.4			1.0
7187.3			1.0
7188.200000000001			1.0
7189.1			1.0
7190.0			1.0
7190.9			1.0
7191.8			1.0
7192.700000000001			1.0
7193.6			1.0
7194.5			1.0
7195.4			1.0
7196.3			1.0
7197.200000000001			1.0
7198.1			1.0
7199.0			1.0
7199.9			1.0
7200.8			1.0
7201.700000000001			1.0
7202.6			1.0
7203.5			1.0
7204.4			1.0
7205.3			1.0
7206.200000000001			1.0
7207.1			1.0
7208.0			1.0
7208.9			1.0
7209.8			1.0
7210.700000000001			1.0
7211.6			1.0
7212.5			1.0
7213.4			1.0
7214.3			1.0
7215.200000000001			1.0
7216.1			1.0
7217.0			1.0
7217.9			1.0
7218.8			1.0
7219.700000000001			1.0
7220.6			1.0
7221.5			1.0
7222.4			1.0
7223.3			1.0
7224.200000000001			1.0
7225.1			1.0
7226.0			1.0
7226.9			1.0
7227.8			1.0
7228.700000000001			1.0
7229.6			1.0
7230.5			1.0
7231.4			1.0
7232.3			1.0
7233.200000000001			1.0
7234.1			1.0
7235.0			1.0
7235.9			1.0
7236.8			1.0
7237.700000000001			1.0
7238.6			1.0
7239.5			1.0
7240.4			1.0
7241.3			1.0
7242.200000000001			1.0
7243.1			1.0
7244.0			1.0
7244.9			1.0
7245.8			1.0
7246.700000000001			1.0
7247.6			1.0
7248.5			1.0
7249.4			1.0
7250.3			1.0
7251.200000000001			1.0
7252.1			1.0
7253.0			1.0
7253.9			1.0
7254.8			1.0
7255.700000000001			1.0
7256.6			1.0
7257.5			1.0
7258.4			1.0
7259.3			1.0
7260.200000000001			1.0
7261.1			1.0
7262.0			1.0
7262.9			1.0
7263.8			1.0
7264.700000000001			1.0
7265.6			1.0
7266.5			1.0
7267.4			1.0
7268.3			1.0
7269.200000000001			1.0
7270.1			1.0
7271.0			1.0
7271.9			1.0
7272.8			1.0
7273.700000000001			1.0
7274.6			1.0
7275.5			1.0
7276.4			1.0
7277.3			1.0
7278.200000000001			1.0
7279.1			1.0
7280.0			1.0
7280.9			1.0
7281.8			1.0
7282.700000000001			1.0
7283.6			1.0
7284.5			1.0
7285.4			1.0
7286.3			1.0
7287.200000000001			1.0
7288.1			1.0
7289.0			1.0
7289.9			1.0
7290.8			1.0
7291.700000000001			1.0
7292.6			1.0
7293.5			1.0
7294.4			1.0
7295.3			1.0
7296.200000000001			1.0
7297.1			1.0
7298.0			1.0
7298.9			1.0
7299.8			1.0
7300.700000000001			1.0
7301.6			1.0
7302.5			1.0
7303.4			1.0
7304.3			1.0
7305.200000000001			1.0
7306.1			1.0
7307.0			1.0
7307.9			1.0
7308.8			1.0
7309.700000000001			1.0
7310.6			1.0
7311.5			1.0
7312.4			1.0
7313.3			1.0
7314.200000000001			1.0
7315.1			1.0
7316.0			1.0
7316.9			1.0
7317.8			1.0
7318.700000000001			1.0
7319.6			1.0
7320.5			1.0
7321.4			1.0
7322.3			1.0
7323.200000000001			1.0
7324.1			1.0
7325.0			1.0
7325.9			1.0
7326.8			1.0
7327.700000000001			1.0
7328.6			1.0
7329.5			1.0
7330.4			1.0
7331.3			1.0
7332.200000000001			1.0
7333.1			1.0
7334.0			1.0
7334.9			1.0
7335.8			1.0
7336.700000000001			1.0
7337.6			1.0
7338.5			1.0
7339.4			1.0
7340.3			1.0
7341.200000000001			1.0
7342.1			1.0
7343.0			1.0
7343.9			1.0
7344.8			1.0
7345.700000000001			1.0
7346.6			1.0
7347.5			1.0
7348.4			1.0
7349.3			1.0
7350.200000000001			1.0
7351.1			1.0
7352.0			1.0
7352.9			1.0
7353.8			1.0
7354.700000000001			1.0
7355.6			1.0
7356.5			1.0
7357.4			1.0
7358.3			1.0
7359.200000000001			1.0
7360.1			1.0
7361.0			1.0
7361.9			1.0
7362.8			1.0
7363.700000000001			1.0
7364.6			1.0
7365.5			1.0
7366.4			1.0
7367.3			1.0
7368.200000000001			1.0
7369.1			1.0
7370.0			1.0
7370.9			1.0
7371.8			1.0
7372.700000000001			1.0
7373.6			1.0
7374.5			1.0
7375.4			1.0
7376.3			1.0
7377.200000000001			1.0
7378.1			1.0
7379.0			1.0
7379.9			1.0
7380.8			1.0
7381.700000000001			1.0
7382.6			1.0
7383.5			1.0
7384.4			1.0
7385.3			1.0
7386.200000000001			1.0
7387.1			1.0
7388.0			1.0
7388.9			1.0
7389.8			1.0
7390.700000000001			1.0
7391.6			1.0
7392.5			1.0
7393.4			1.0
7394.3			1.0
7395.200000000001			1.0
7396.1			1.0
7397.0			1.0
7397.9			1.0
7398.8			1.0
7399.700000000001			1.0
7400.6			1.0
7401.5			1.0
7402.4			1.0
7403.3			1.0
7404.200000000001			1.0
7405.1			1.0
7406.0			1.0
7406.9			1.0
7407.8			1.0
7408.700000000001			1.0
7409.6			1.0
7410.5			1.0
7411.4			1.0
7412.3			1.0
7413.200000000001			1.0
7414.1			1.0
7415.0			1.0
7415.9			1.0
7416.8			1.0
7417.700000000001			1.0
7418.6			1.0
7419.5			1.0
7420.4			1.0
7421.3			1.0
7422.200000000001			1.0
7423.1			1.0
7424.0			1.0
7424.9			1.0
7425.8			1.0
7426.700000000001			1.0
7427.6			1.0
7428.5			1.0
7429.4			1.0
