3500.0			1.0
3500.9			1.0
3501.8			1.0
3502.7			1.0
3503.6			1.0
3504.5			1.0
3505.4			1.0
3506.3			1.0
3507.2			1.0
3508.1			1.0
3509.0			1.0
3509.9			1.0
3510.8			1.0
3511.7			1.0
3512.6			1.0
3513.5			1.0
3514.4			1.0
3515.3			1.0
3516.2			1.0
3517.1			1.0
3518.0			1.0
3518.9			1.0
3519.8			1.0
3520.7			1.0
3521.6			1.0
3522.5			1.0
3523.4			1.0
3524.3			1.0
3525.2			1.0
3526.1			1.0
3527.0			1.0
3527.9			1.0
3528.8			1.0
3529.7			1.0
3530.6			1.0
3531.5			1.0
3532.4			1.0
3533.3			1.0
3534.2			1.0
3535.1			1.0
3536.0			1.0
3536.9			1.0
3537.8			1.0
3538.7			1.0
3539.6			1.0
3540.5			1.0
3541.4			1.0
3542.3			1.0
3543.2			1.0
3544.1			1.0
3545.0			1.0
3545.9			1.0
3546.8			1.0
3547.7			1.0
3548.6			1.0
3549.5			1.0
3550.4			1.0
3551.3			1.0
3552.2			1.0
3553.1			1.0
3554.0			1.0
3554.9			1.0
3555.8			1.0
3556.7			1.0
3557.6			1.0
3558.5			1.0
3559.4			1.0
3560.3			1.0
3561.2			1.0
3562.1			1.0
3563.0			1.0
3563.9			1.0
3564.8			1.0
3565.7			1.0
3566.6			1.0
3567.5			1.0
3568.4			1.0
3569.3			1.0
3570.2			1.0
3571.1			1.0
3572.0			1.0
3572.9			1.0
3573.8			1.0
3574.7			1.0
3575.6			1.0
3576.5			1.0
3577.4			1.0
3578.3			1.0
3579.2			1.0
3580.1			1.0
3581.0			1.0
3581.9			1.0
3582.8			1.0
3583.7			1.0
3584.6			1.0
3585.5			1.0
3586.4			1.0
3587.3			1.0
3588.2			1.0
3589.1			1.0
3590.0			1.0
3590.9			1.0
3591.8			1.0
3592.7			1.0
3593.6			1.0
3594.5			1.0
3595.4			1.0
3596.3			1.0
3597.2			1.0
3598.1			1.0
3599.0			1.0
3599.9			1.0
3600.8			1.0
3601.7			1.0
3602.6			1.0
3603.5			1.0
3604.4			1.0
3605.3			1.0
3606.2			1.0
3607.1			1.0
3608.0			1.0
3608.9			1.0
3609.8			1.0
3610.7			1.0
3611.6			1.0
3612.5			1.0
3613.4			1.0
3614.3			1.0
3615.2			1.0
3616.1			1.0
3617.0			1.0
3617.9			1.0
3618.8			1.0
3619.7			1.0
3620.6			1.0
3621.5			1.0
3622.4			1.0
3623.3			1.0
3624.2			1.0
3625.1			1.0
3626.0			1.0
3626.9			1.0
3627.8			1.0
3628.7			1.0
3629.6			1.0
3630.5			1.0
3631.4			1.0
3632.3			1.0
3633.2			1.0
3634.1			1.0
3635.0			1.0
3635.9			1.0
3636.8			1.0
3637.7			1.0
3638.6			1.0
3639.5			1.0
3640.4			1.0
3641.3			1.0
3642.2			1.0
3643.1			1.0
3644.0			1.0
3644.9			1.0
3645.8			1.0
3646.7			1.0
3647.6			1.0
3648.5			1.0
3649.4			1.0
3650.3			1.0
3651.2			1.0
3652.1			1.0
3653.0			1.0
3653.9			1.0
3654.8			1.0
3655.7			1.0
3656.6			1.0
3657.5			1.0
3658.4			1.0
3659.3			1.0
3660.2			1.0
3661.1			1.0
3662.0			1.0
3662.9			1.0
3663.8			1.0
3664.7			1.0
3665.6			1.0
3666.5			1.0
3667.4			1.0
3668.3			1.0
3669.2			1.0
3670.1			1.0
3671.0			1.0
3671.9			1.0
3672.8			1.0
3673.7			1.0
3674.6			1.0
3675.5			1.0
3676.4			1.0
3677.3			1.0
3678.2			1.0
3679.1			1.0
3680.0			1.0
3680.9			1.0
3681.8			1.0
3682.7			1.0
3683.6			1.0
3684.5			1.0
3685.4			1.0
3686.3			1.0
3687.2			1.0
3688.1			1.0
3689.0			1.0
3689.9			1.0
3690.8			1.0
3691.7			1.0
3692.6			1.0
3693.5			1.0
3694.4			1.0
3695.3			1.0
3696.2			1.0
3697.1			1.0
3698.0			1.0
3698.9			1.0
3699.8			1.0
3700.7			1.0
3701.6			1.0
3702.5			1.0
3703.4			1.0
3704.3			1.0
3705.2			1.0
3706.1			1.0
3707.0			1.0
3707.9			1.0
3708.8			1.0
3709.7			1.0
3710.6			1.0
3711.5			1.0
3712.4			1.0
3713.3			1.0
3714.2			1.0
3715.1			1.0
3716.0			1.0
3716.9			1.0
3717.8			1.0
3718.7			1.0
3719.6			1.0
3720.5			1.0
3721.4			1.0
3722.3			1.0
3723.2			1.0
3724.1			1.0
3725.0			1.0
3725.9			1.0
3726.8			1.0
3727.7			1.0
3728.6			1.0
3729.5			1.0
3730.4			1.0
3731.3			1.0
3732.2			1.0
3733.1			1.0
3734.0			1.0
3734.9			1.0
3735.8			1.0
3736.7			1.0
3737.6			1.0
3738.5			1.0
3739.4			1.0
3740.3			1.0
3741.2			1.0
3742.1			1.0
3743.0			1.0
3743.9			1.0
3744.8			1.0
3745.7			1.0
3746.6			1.0
3747.5			1.0
3748.4			1.0
3749.3			1.0
3750.2			1.0
3751.1			1.0
3752.0			1.0
3752.9			1.0
3753.8			1.0
3754.7			1.0
3755.6			1.0
3756.5			1.0
3757.4			1.0
3758.3			1.0
3759.2			1.0
3760.1			1.0
3761.0			1.0
3761.9			1.0
3762.8			1.0
3763.7			1.0
3764.6			1.0
3765.5			1.0
3766.4			1.0
3767.3			1.0
3768.2			1.0
3769.1			1.0
3770.0			1.0
3770.9			1.0
3771.8			1.0
3772.7			1.0
3773.6			1.0
3774.5			1.0
3775.4			1.0
3776.3			1.0
3777.2			1.0
3778.1			1.0
3779.0			1.0
3779.9			1.0
3780.8			1.0
3781.7			1.0
3782.6			1.0
3783.5			1.0
3784.4			1.0
3785.3			1.0
3786.2			1.0
3787.1			1.0
3788.0			1.0
3788.9			1.0
3789.8			1.0
3790.7			1.0
3791.6			1.0
3792.5			1.0
3793.4			1.0
3794.3			1.0
3795.2			1.0
3796.1			1.0
3797.0			1.0
3797.9			1.0
3798.8			1.0
3799.7			1.0
3800.6			1.0
3801.5			1.0
3802.4			1.0
3803.3			1.0
3804.2			1.0
3805.1			1.0
3806.0			1.0
3806.9			1.0
3807.8			1.0
3808.7			1.0
3809.6			1.0
3810.5			1.0
3811.4			1.0
3812.3			1.0
3813.2			1.0
3814.1			1.0
3815.0			1.0
3815.9			1.0
3816.8			1.0
3817.7			1.0
3818.6			1.0
3819.5			1.0
3820.4			1.0
3821.3			1.0
3822.2			1.0
3823.1			1.0
3824.0			1.0
3824.9			1.0
3825.8			1.0
3826.7			1.0
3827.6			1.0
3828.5			1.0
3829.4			1.0
3830.3			1.0
3831.2			1.0
3832.1			1.0
3833.0			1.0
3833.9			1.0
3834.8			1.0
3835.7			1.0
3836.6			1.0
3837.5			1.0
3838.4			1.0
3839.3			1.0
3840.2			1.0
3841.1			1.0
3842.0			1.0
3842.9			1.0
3843.8			1.0
3844.7			1.0
3845.6			1.0
3846.5			1.0
3847.4			1.0
3848.3			1.0
3849.2			1.0
3850.1			1.0
3851.0			1.0
3851.9			1.0
3852.8			1.0
3853.7			1.0
3854.6			1.0
3855.5			1.0
3856.4			1.0
3857.3			1.0
3858.2			1.0
3859.1			1.0
3860.0			1.0
3860.9			1.0
3861.8			1.0
3862.7			1.0
3863.6			1.0
3864.5			1.0
3865.4			1.0
3866.3			1.0
3867.2			1.0
3868.1			1.0
3869.0			1.0
3869.9			1.0
3870.8			1.0
3871.7			1.0
3872.6			1.0
3873.5			1.0
3874.4			1.0
3875.3			1.0
3876.2			1.0
3877.1			1.0
3878.0			1.0
3878.9			1.0
3879.8			1.0
3880.7			1.0
3881.6			1.0
3882.5			1.0
3883.4			1.0
3884.3			1.0
3885.2			1.0
3886.1			1.0
3887.0			1.0
3887.9			1.0
3888.8			1.0
3889.7			1.0
3890.6			1.0
3891.5			1.0
3892.4			1.0
3893.3			1.0
3894.2			1.0
3895.1			1.0
3896.0			1.0
3896.9			1.0
3897.8			1.0
3898.7			1.0
3899.6			1.0
3900.5			1.0
3901.4			1.0
3902.3			1.0
3903.2			1.0
3904.1			1.0
3905.0			1.0
3905.9			1.0
3906.8			1.0
3907.7			1.0
3908.6			1.0
3909.5			1.0
3910.4			1.0
3911.3			1.0
3912.2			1.0
3913.1			1.0
3914.0			1.0
3914.9			1.0
3915.8			1.0
3916.7			1.0
3917.6			1.0
3918.5			1.0
3919.4			1.0
3920.3			1.0
3921.2			1.0
3922.1			1.0
3923.0			1.0
3923.9			1.0
3924.8			1.0
3925.7			1.0
3926.6			1.0
3927.5			1.0
3928.4			1.0
3929.3			1.0
3930.2			1.0
3931.1			1.0
3932.0			1.0
3932.9			1.0
3933.8			1.0
3934.7			1.0
3935.6			1.0
3936.5			1.0
3937.4			1.0
3938.3			1.0
3939.2			1.0
3940.1			1.0
3941.0			1.0
3941.9			1.0
3942.8			1.0
3943.7			1.0
3944.6			1.0
3945.5			1.0
3946.4			1.0
3947.3			1.0
3948.2			1.0
3949.1			1.0
3950.0			1.0
3950.9			1.0
3951.8			1.0
3952.7			1.0
3953.6			1.0
3954.5			1.0
3955.4			1.0
3956.3			1.0
3957.2			1.0
3958.1			1.0
3959.0			1.0
3959.9			1.0
3960.8			1.0
3961.7			1.0
3962.6			1.0
3963.5			1.0
3964.4			1.0
3965.3			1.0
3966.2			1.0
3967.1			1.0
3968.0			1.0
3968.9			1.0
3969.8			1.0
3970.7			1.0
3971.6			1.0
3972.5			1.0
3973.4			1.0
3974.3			1.0
3975.2			1.0
3976.1			1.0
3977.0			1.0
3977.9			1.0
3978.8			1.0
3979.7			1.0
3980.6			1.0
3981.5			1.0
3982.4			1.0
3983.3			1.0
3984.2			1.0
3985.1			1.0
3986.0			1.0
3986.9			1.0
3987.8			1.0
3988.7			1.0
3989.6			1.0
3990.5			1.0
3991.4			1.0
3992.3			1.0
3993.2			1.0
3994.1			1.0
3995.0			1.0
3995.9			1.0
3996.8			1.0
3997.7			1.0
3998.6			1.0
3999.5			1.0
4000.4			1.0
4001.3			1.0
4002.2			1.0
4003.1			1.0
4004.0			1.0
4004.9			1.0
4005.8			1.0
4006.7			1.0
4007.6			1.0
4008.5			1.0
4009.4			1.0
4010.3			1.0
4011.2			1.0
4012.1			1.0
4013.0			1.0
4013.9			1.0
4014.8			1.0
4015.7			1.0
4016.6			1.0
4017.5			1.0
4018.4			1.0
4019.3			1.0
4020.2			1.0
4021.1			1.0
4022.0			1.0
4022.9			1.0
4023.8			1.0
4024.7			1.0
4025.6			1.0
4026.5			1.0
4027.4			1.0
4028.3			1.0
4029.2			1.0
4030.1			1.0
4031.0			1.0
4031.9			1.0
4032.8			1.0
4033.7			1.0
4034.6			1.0
4035.5			1.0
4036.4			1.0
4037.3			1.0
4038.2			1.0
4039.1			1.0
4040.0			1.0
4040.9			1.0
4041.8			1.0
4042.7			1.0
4043.6			1.0
4044.5			1.0
4045.4			1.0
4046.3			1.0
4047.2			1.0
4048.1			1.0
4049.0			1.0
4049.9			1.0
4050.8			1.0
4051.7			1.0
4052.6			1.0
4053.5			1.0
4054.4			1.0
4055.3			1.0
4056.2			1.0
4057.1			1.0
4058.0			1.0
4058.9			1.0
4059.8			1.0
4060.7			1.0
4061.6			1.0
4062.5			1.0
4063.4			1.0
4064.3			1.0
4065.2			1.0
4066.1			1.0
4067.0			1.0
4067.9			1.0
4068.8			1.0
4069.7			1.0
4070.6			1.0
4071.5			1.0
4072.4			1.0
4073.3			1.0
4074.2			1.0
4075.1			1.0
4076.0			1.0
4076.9			1.0
4077.8			1.0
4078.7			1.0
4079.6			1.0
4080.5			1.0
4081.4			1.0
4082.3			1.0
4083.2			1.0
4084.1			1.0
4085.0			1.0
4085.9			1.0
4086.8			1.0
4087.7			1.0
4088.6			1.0
4089.5			1.0
4090.4			1.0
4091.3			1.0
4092.2			1.0
4093.1			1.0
4094.0			1.0
4094.9			1.0
4095.8			1.0
4096.7			1.0
4097.6			1.0
4098.5			1.0
4099.4			0.9920966661542431
4100.3			0.9152785466562601
4101.2			0.7637428741049535
4102.1			0.6726245451456541
4103.0			0.6959895041478782
4103.9			0.7575746873167839
4104.8			0.7954462740446259
4105.7			0.8510702587645869
4106.6			0.8872835955055932
4107.5			0.8730264115132318
4108.4			0.8289200195099705
4109.3			0.7663036103641985
4110.2			0.7558268730608418
4111.1			0.819483373117552
4112.0			0.8759801225471134
4112.9			0.8918921385094664
4113.8			0.8894155211108219
4114.7			0.9026516658970049
4115.6			0.9169250029469995
4116.5			0.8999664388375518
4117.4			0.8354949611413569
4118.3			0.7200548779931453
4119.2			0.6740478084017396
4120.1			0.6903428881384712
4121.0			0.7048645698440097
4121.9			0.712601871067086
4122.8			0.6795107512254209
4123.7			0.625510934133783
4124.6			0.6355199616400582
4125.5			0.6760430918885676
4126.4			0.695101768579526
4127.3			0.701052241496145
4128.2			0.6902129887724409
4129.1			0.6811477836993978
4130.0			0.6854349279417485
4130.9			0.7332272177993946
4131.8			0.7269587027202807
4132.7			0.6587837894600035
4133.6			0.6282726341834681
4134.5			0.6084848580979525
4135.4			0.6237815190092074
4136.3			0.634574361169025
4137.2			0.6030297707637324
4138.1			0.5849721974507863
4139.0			0.6003969756774011
4139.9			0.6340535123123215
4140.8			0.6208714625187474
4141.7			0.5799326427231704
4142.6			0.5148995075629285
4143.5			0.4749943812428919
4144.4			0.4759799262313472
4145.3			0.4922186977927963
4146.2			0.516819994795282
4147.1			0.5355301727358989
4148.0			0.513633370711229
4148.9			0.48689383032126954
4149.8			0.4421766607090714
4150.7			0.41153603625137675
4151.6			0.4092151849231746
4152.5			0.4213166063324425
4153.4			0.4324620042811777
4154.3			0.47509452510885253
4155.2			0.481391967276236
4156.1			0.4487782612648964
4157.0			0.438225277872467
4157.9			0.4677136830230241
4158.8			0.5106047014922092
4159.7			0.5492899845807577
4160.6			0.538226000968368
4161.5			0.5126998692561228
4162.4			0.5086444891690931
4163.3			0.5000355134241798
4164.2			0.47836672727430435
4165.1			0.43642878004115343
4166.0			0.4141081591938965
4166.9			0.4073144888804927
4167.8			0.43561473416336594
4168.7			0.4962173205875848
4169.6			0.5313328235616446
4170.5			0.5535941788861407
4171.4			0.5589898595378925
4172.3			0.49505008266413747
4173.2			0.4587115968913617
4174.1			0.5061762237000723
4175.0			0.5434618416981263
4175.9			0.4994947200278931
4176.8			0.4470636682850256
4177.7			0.42835811759289705
4178.6			0.3970637894250855
4179.5			0.3730724025487817
4180.4			0.3961911464531858
4181.3			0.5023850276210289
4182.2			0.609377576921845
4183.1			0.628302882450649
4184.0			0.6276097839956777
4184.9			0.6434023408055014
4185.8			0.6197939077085586
4186.7			0.5432825284309621
4187.6			0.47551346663286587
4188.5			0.43775378438122825
4189.4			0.45680302065200684
4190.3			0.5506432583057841
4191.2			0.6212927347428743
4192.1			0.6149727894965559
4193.0			0.5813046504556214
4193.9			0.5506853623472502
4194.8			0.4925264639796723
4195.7			0.42293054989524315
4196.6			0.4262923484467195
4197.5			0.5216327057716598
4198.4			0.6105645856080825
4199.3			0.6685346465389316
4200.2			0.7115235867417746
4201.1			0.7336266985922848
4202.0			0.7396516300650596
4202.9			0.6843152064143753
4203.8			0.6054413074801116
4204.7			0.5265161071905078
4205.6			0.46738651602069414
4206.5			0.4649430734864771
4207.4			0.49858727723235874
4208.3			0.5973166702892856
4209.2			0.6920388860171506
4210.1			1.0
4211.0			0.8300080876472224
4211.9			0.6827438305668594
4212.8			0.5599587833589531
4213.7			0.46471984357244445
4214.6			0.3720342767326556
4215.5			0.42110319110415156
4216.4			0.6596873910107531
4217.3			1.0
4218.2			1.141251110255799
4219.1			1.2287742613669808
4220.0			1.306092223592652
4220.9			1.3046659632708968
4221.8			1.1434517663215569
4222.7			0.946146282471252
4223.6			0.8514177871177961
4224.5			0.8765443148168681
4225.4			0.9012967631259249
4226.3			0.8495801416587407
4227.2			0.8108136161106861
4228.1			0.9001186201805345
4229.0			0.9971069581622546
4229.9			1.2893441380858277
4230.8			1.1837245581184812
4231.7			1.108069802338762
4232.6			1.0
4233.5			1.1111174795615242
4234.4			1.2473055360014473
4235.3			1.1699510341645714
4236.2			0.8884503946838465
4237.1			0.7318108055131886
4238.0			0.7755830851571865
4238.9			0.8815800377060815
4239.8			0.944669831612658
4240.7			1.0012971140061968
4241.6			1.1053222594402359
4242.5			0.9081321135507358
4243.4			0.8291678034995458
4244.3			1.0056864691322485
4245.2			1.0
4246.1			1.0648326987038188
4247.0			0.9572326164157533
4247.9			0.7488349762636831
4248.8			0.6235655173205683
4249.7			0.6855343662281135
4250.6			0.8753299762727458
4251.5			0.9997949322350252
4252.4			1.1364865976493672
4253.3			0.9327245254729745
4254.2			0.813557607588188
4255.1			0.7759659961436248
4256.0			0.9012036757692687
4256.9			1.205004965976556
4257.8			1.2852298756492226
4258.7			1.0732078809578225
4259.6			1.0017634309725658
4260.5			1.0
4261.4			1.0
4262.3			1.0
4263.2			1.0
4264.1			1.0
4265.0			1.0
4265.9			1.0
4266.8			1.0
4267.7			1.0
4268.6			1.0
4269.5			1.0
4270.4			1.0
4271.3			1.0
4272.2			1.0
4273.1			1.0
4274.0			1.0
4274.9			1.0
4275.8			1.0
4276.7			1.0
4277.6			1.0572414434498303
4278.5			1.002629199323185
4279.4			0.790152973355339
4280.3			0.6027849696716068
4281.2			0.6770848587700562
4282.1			0.8749803624178591
4283.0			0.982042163941239
4283.9			1.0
4284.8			1.0
4285.7			1.0
4286.6			1.0
4287.5			1.0
4288.4			1.0
4289.3			1.0
4290.2			1.0
4291.1			1.0
4292.0			1.0
4292.9			1.1311127516972286
4293.8			1.1699251958245633
4294.7			1.0474378544988636
4295.6			0.8951471939321974
4296.5			0.7354605783190986
4297.4			0.5713734849431839
4298.3			0.5137558988073561
4299.2			0.4642016761512167
4300.1			0.41527189300157963
4301.0			1.0
4301.9			1.060530200310337
4302.8			0.9658670344519525
4303.7			0.8674126820030607
4304.6			0.8140817155148267
4305.5			0.8729506482586168
4306.4			1.0643335553498932
4307.3			1.097125679376066
4308.2			0.8621733976948638
4309.1			0.6413759847304696
4310.0			0.5590943511667964
4310.9			0.5233889409888528
4311.8			0.5259647057052016
4312.7			0.6500862628262233
4313.6			0.8972467085680612
4314.5			1.2320144065670158
4315.4			1.7147634799573037
4316.3			2.292850358486457
4317.2			2.580122024658052
4318.1			2.523043220548165
4319.0			2.5191670252191973
4319.9			2.507061655924378
4320.8			2.2364609343030653
4321.7			1.8282426153561595
4322.6			1.362860497693978
4323.5			0.928080435459068
4324.4			0.7854938821280777
4325.3			0.9004063500283501
4326.2			1.0905719756821006
4327.1			1.171276955569848
4328.0			1.1233906204281427
4328.9			1.0795561484301106
4329.8			1.1452369977852352
4330.7			1.3085760116066436
4331.6			1.3875022372967885
4332.5			1.2701237606625995
4333.4			1.087122632277772
4334.3			1.0
4335.2			1.1371445325008425
4336.1			1.0
4337.0			0.9023998163839215
4337.9			0.7466056302345296
4338.8			0.6686723440153854
4339.7			0.6462351590143535
4340.6			0.633464743737585
4341.5			0.6839709772610457
4342.4			0.7661109822125942
4343.3			0.8175695736333665
4344.2			0.9506280239125424
4345.1			1.0881520764994326
4346.0			1.0433866085031385
4346.9			0.893872814792748
4347.8			0.8263696608786745
4348.7			0.9672999820988033
4349.6			1.0679021350209765
4350.5			0.9010201950996012
4351.4			0.6834557867799687
4352.3			0.59414431064097
4353.2			0.6337259926177364
4354.1			0.6611647445784907
4355.0			0.6382205356059335
4355.9			0.6325524454533191
4356.8			0.7115327179058583
4357.7			0.7850380224511233
4358.6			0.7277669726655348
4359.5			0.6633252211939439
4360.4			0.6778217450919609
4361.3			0.7543025511326733
4362.2			0.7122666478441948
4363.1			0.6098012667814622
4364.0			0.579960250113848
4364.9			0.6654953126722577
4365.8			0.7785125132342438
4366.7			0.7590487322801296
4367.6			0.7090177439801847
4368.5			0.764860559677598
4369.4			0.7739397865822291
4370.3			0.6588553470000786
4371.2			0.6071227670430939
4372.1			0.6835895972225949
4373.0			0.8002568764982984
4373.9			0.8112886347705809
4374.8			0.7317368426271336
4375.7			0.7079511927557136
4376.6			0.7558821554311699
4377.5			0.8483022020389567
4378.4			0.9539845245776787
4379.3			0.9310473132559979
4380.2			0.8060938276755022
4381.1			0.7014148333910039
4382.0			0.6920697314348587
4382.9			0.7903270327742383
4383.8			0.9386711552264435
4384.7			1.0371330612961283
4385.6			1.0314068406439827
4386.5			1.0637358056697381
4387.4			1.1120868423419734
4388.3			1.2353135271802527
4389.2			1.201205572216194
4390.1			1.0481441249583965
4391.0			1.001992321371967
4391.9			1.0
4392.8			1.0
4393.7			1.0
4394.6			1.0
4395.5			1.0
4396.4			1.0
4397.3			1.0
4398.2			1.0
4399.1			1.0
4400.0			0.977072991687788
4400.9			1.1121188620864058
4401.8			1.2889814199911813
4402.7			1.2997610892192943
4403.6			1.1130857556982072
4404.5			0.9526062469259116
4405.4			0.890675869124557
4406.3			0.9366956705545372
4407.2			0.9629064244890003
4408.1			0.9212683589069954
4409.0			0.8913135331151948
4409.9			0.9431967490954352
4410.8			1.014131079066984
4411.7			1.0
4412.6			1.0
4413.5			1.0
4414.4			1.0
4415.3			1.0
4416.2			1.0
4417.1			1.0
4418.0			1.0
4418.9			1.0
4419.8			1.0
4420.7			1.0
4421.6			1.0
4422.5			1.0
4423.4			1.0
4424.3			1.0023789194935988
4425.2			0.9261849725529806
4426.1			0.8750487232322687
4427.0			0.8184356407434545
4427.9			0.7739454215166456
4428.8			0.7714787959286689
4429.7			0.772308490522429
4430.6			0.8544470276709177
4431.5			1.0025766111252084
4432.4			1.0626405737759366
4433.3			0.999395455908571
4434.2			1.0
4435.1			1.0
4436.0			1.0
4436.9			1.0
4437.8			1.0
4438.7			1.0
4439.6			1.0
4440.5			1.0
4441.4			1.0
4442.3			1.0
4443.2			1.0
4444.1			1.0
4445.0			1.0
4445.9			1.040985379606159
4446.8			0.99436903782281
4447.7			0.9475820678732173
4448.6			0.9306939166092328
4449.5			0.88081714780699
4450.4			0.8873855997869742
4451.3			0.9898550050989074
4452.2			1.0649220880415575
4453.1			1.078282940821919
4454.0			1.0534557871011996
4454.9			1.0089796041220602
4455.8			1.0
4456.7			1.0
4457.6			1.0
4458.5			1.0
4459.4			1.0
4460.3			1.0
4461.2			1.0
4462.1			1.0
4463.0			1.0
4463.9			1.0773186830579498
4464.8			1.0618415423490493
4465.7			1.052148845218952
4466.6			1.0522330436782599
4467.5			0.9593897916466216
4468.4			0.8393430202999649
4469.3			0.8096072087683684
4470.2			0.8398598728189222
4471.1			0.8617291119355862
4472.0			0.9034680123841774
4472.9			0.9421350053561028
4473.8			0.9735675842436906
4474.7			1.0032675926217116
4475.6			1.0
4476.5			1.0
4477.4			1.0
4478.3			1.0
4479.2			1.0
4480.1			1.0
4481.0			1.0
4481.9			1.0
4482.8			1.0
4483.7			1.0
4484.6			1.0
4485.5			1.0
4486.4			1.0
4487.3			0.9775954438047738
4488.2			1.0153909003993555
4489.1			1.0391385695366646
4490.0			1.0256940679079882
4490.9			1.0384713556058185
4491.8			1.0001462980468052
4492.7			0.9121788364599995
4493.6			0.8186476232809885
4494.5			0.7610657458886829
4495.4			0.7280187630434238
4496.3			0.7044745487939658
4497.2			0.7378055365322759
4498.1			0.8091289152507111
4499.0			0.8443386212827295
4499.9			0.8493003055853412
4500.8			0.8524159361575159
4501.7			0.8218875609025997
4502.6			0.9011349568586312
4503.5			0.9948936835625823
4504.4			1.03443626593134
4505.3			1.0023437443369756
4506.2			1.0
4507.1			1.0
4508.0			1.0
4508.9			1.0
4509.8			0.9600648105539764
4510.7			0.9430015322409135
4511.6			0.8966608116318942
4512.5			0.838289668426256
4513.4			0.8053015723471318
4514.3			0.784123063962687
4515.2			0.7975316429369316
4516.1			0.838450124342962
4517.0			0.8975441775073607
4517.9			0.9419720696763767
4518.8			0.9990973466041646
4519.7			1.0
4520.6			1.0
4521.5			1.0
4522.4			1.0
4523.3			0.9585934641196006
4524.2			1.012369527417758
4525.1			1.02187471026565
4526.0			1.002780527102737
4526.9			0.9563090142187605
4527.8			0.8691137687624689
4528.7			0.8498449667734251
4529.6			0.8496472021635223
4530.5			0.7837228140791749
4531.4			0.7375129879158017
4532.3			0.7721675543855211
4533.2			0.8232390841599061
4534.1			0.8339870403940961
4535.0			0.8786649974774745
4535.9			0.9203209898694458
4536.8			0.9607353216704604
4537.7			1.0224764913612754
4538.6			1.0421830014027393
4539.5			0.9970216166091145
4540.4			1.0
4541.3			1.0
4542.2			1.0
4543.1			1.0
4544.0			1.0
4544.9			1.0
4545.8			1.0
4546.7			1.0461805775376156
4547.6			1.0571252235265396
4548.5			0.9605887508632143
4549.4			0.8277227756160909
4550.3			0.78079815559016
4551.2			0.7927278319045054
4552.1			0.740046790462507
4553.0			0.6704880451568591
4553.9			0.6926370749443453
4554.8			0.8264695631939889
4555.7			0.9746861445343634
4556.6			1.0269167011288771
4557.5			1.035399735180679
4558.4			1.0517315953681894
4559.3			1.0027753576727918
4560.2			1.0
4561.1			1.0
4562.0			1.0
4562.9			1.0
4563.8			1.0
4564.7			1.0
4565.6			1.0
4566.5			1.0
4567.4			1.0
4568.3			1.0
4569.2			1.0
4570.1			0.9728347057091011
4571.0			0.9110083478262935
4571.9			0.8318378123152647
4572.8			0.8147484498439888
4573.7			0.8430076020880265
4574.6			0.8291725708932894
4575.5			0.7955541981754086
4576.4			0.7572571385396603
4577.3			0.7358389065362952
4578.2			0.8009234050163042
4579.1			0.9154960877700656
4580.0			0.9937280872726544
4580.9			1.0378090768781627
4581.8			1.0470478958119473
4582.7			1.020859592067788
4583.6			1.0092875651419106
4584.5			1.003707702404147
4585.4			1.0
4586.3			1.0
4587.2			1.0
4588.1			1.0
4589.0			1.0
4589.9			1.0
4590.8			1.0
4591.7			1.0
4592.6			1.0
4593.5			1.0
4594.4			1.0
4595.3			1.0
4596.2			1.0
4597.1			1.0
4598.0			1.0
4598.9			1.0
4599.8			0.9560019303921856
4600.7			0.873343427325762
4601.6			0.8388522240012583
4602.5			0.8202042995733189
4603.4			0.8227609658929577
4604.3			0.8449105629984223
4605.2			0.8067239183403293
4606.1			0.7639766555937993
4607.0			0.8438948177344574
4607.9			0.9443650541920322
4608.8			0.9841492894908127
4609.7			0.9952355847881642
4610.6			0.9925359477107667
4611.5			1.0026430508000275
4612.4			0.9968472824231916
4613.3			1.0
4614.2			1.0
4615.1			1.0
4616.0			1.0
4616.9			1.0
4617.8			1.0
4618.7			1.0
4619.6			1.0
4620.5			1.0
4621.4			1.0
4622.3			1.0
4623.2			1.0
4624.1			1.0
4625.0			1.0
4625.9			1.0
4626.8			1.0
4627.7			1.0
4628.6			1.0
4629.5			1.0
4630.4			1.0
4631.3			1.0
4632.2			1.0
4633.1			1.0
4634.0			0.9716528193544202
4634.9			0.9548168180561439
4635.8			0.9584160255131438
4636.7			0.9206533644504482
4637.6			0.9238902874023764
4638.5			0.9910342053762503
4639.4			0.9477683764533096
4640.3			0.8890198289858418
4641.2			0.9681123732259351
4642.1			1.0500509480627664
4643.0			1.0411257023364209
4643.9			0.9655537269382453
4644.8			0.8223539711451089
4645.7			0.7412159210006399
4646.6			0.7194563647646228
4647.5			0.7115005017348855
4648.4			0.7145360295924649
4649.3			0.7315856619231021
4650.2			0.7449746066228734
4651.1			0.7558818449852961
4652.0			0.7800778486467959
4652.9			0.7635899041681006
4653.8			0.6879456828285364
4654.7			0.6684982960924978
4655.6			0.6489173867106743
4656.5			0.6430803800320933
4657.4			0.6507313313806984
4658.3			0.6362617365187143
4659.2			0.6470318083812371
4660.1			0.688394167785371
4661.0			0.6825207978354985
4661.9			0.6429868029234377
4662.8			0.5950863644102109
4663.7			0.5750895539880889
4664.6			0.6078108600365012
4665.5			0.621979389140792
4666.4			0.5938790272625092
4667.3			0.5606160435174039
4668.2			0.5051713254645638
4669.1			0.48399077886604686
4670.0			0.46812192834606364
4670.9			0.45565902474597303
4671.8			0.46243414407746664
4672.7			0.4771549654628112
4673.6			0.48148224283139546
4674.5			0.49619942337668227
4675.4			0.4978263142081878
4676.3			0.4654083082424446
4677.2			0.41677461659881077
4678.1			0.3809072997951945
4679.0			0.37953343607566836
4679.9			0.3847562554772592
4680.8			0.38804319665973513
4681.7			0.38840803952764025
4682.6			0.36499183076129144
4683.5			0.3484057029272386
4684.4			0.3507535246244124
4685.3			0.3809329983381975
4686.2			0.41948235227427844
4687.1			0.44585059263560134
4688.0			0.4531611179810498
4688.9			0.4303496615521498
4689.8			0.41507277142101173
4690.7			0.4002095221220028
4691.6			0.388699353263594
4692.5			0.3840260565110843
4693.4			0.3745912444748892
4694.3			0.35174891210663717
4695.2			0.3307032573098286
4696.1			0.30800336206106943
4697.0			0.30412433434095515
4697.9			0.35707585403023445
4698.8			0.42911529973159396
4699.7			0.4726071554163262
4700.6			0.49548080947722034
4701.5			0.5079479821387578
4702.4			0.49967199220046354
4703.3			0.4485234466249219
4704.2			0.4046467468501846
4705.1			0.4308233477616618
4706.0			0.49680075973209376
4706.9			0.5130910429388632
4707.8			0.5096291479068116
4708.7			0.5262363115943304
4709.6			0.5316797414963097
4710.5			0.47167696042746754
4711.4			0.4031453397228992
4712.3			0.34416661733256876
4713.2			0.2895375798971916
4714.1			0.25970230613435386
4715.0			0.2951105946660244
4715.9			0.4080266082312652
4716.8			0.5165409513577263
4717.7			0.5634593585743267
4718.6			0.5709528813363846
4719.5			0.542711915217483
4720.4			0.475688028452459
4721.3			0.40746574834659033
4722.2			0.3744691331176525
4723.1			0.42313624857190413
4724.0			0.5323858500168333
4724.9			0.6059687518649851
4725.8			0.6161342601235119
4726.7			0.5844769997939333
4727.6			0.532383599247651
4728.5			0.500607203003789
4729.4			0.49979400458720374
4730.3			0.5162419065872896
4731.2			0.5561711685228836
4732.1			1.0
4733.0			0.8643710218391728
4733.9			0.7041038038017952
4734.8			0.5365080065117142
4735.7			0.414979370110666
4736.6			0.47100185717084264
4737.5			0.7335921999041004
4738.4			0.9891653259371084
4739.3			0.859656630291389
4740.2			0.8100061962764854
4741.1			0.7448343165604356
4742.0			0.6450740679162692
4742.9			0.5244476397019959
4743.8			0.5090903088293458
4744.7			0.6916326441651007
4745.6			0.9790043037500816
4746.5			1.1763990585048525
4747.4			1.0
4748.3			0.9734743921932106
4749.2			0.9215600999459481
4750.1			0.8953886421534253
4751.0			0.8805740540814609
4751.9			0.8692583435073497
4752.8			0.9170190004601554
4753.7			0.9865086768108239
4754.6			1.0129991032724321
4755.5			0.9986251973733854
4756.4			1.2154478112541842
4757.3			1.1980824248341466
4758.2			1.1848398459880891
4759.1			1.0
4760.0			1.0018228129986952
4760.9			0.9825255903347813
4761.8			0.9470625865749757
4762.7			0.9190521493540457
4763.6			0.9024875833936102
4764.5			0.9092502317475238
4765.4			0.9390865465612558
4766.3			0.9778223429817282
4767.2			1.0004533549968373
4768.1			1.0
4769.0			0.9856178370899888
4769.9			0.9727756753616355
4770.8			0.9372943643685256
4771.7			0.8955334732364953
4772.6			0.8716172731179769
4773.5			0.8908416841257627
4774.4			0.9534378985132804
4775.3			0.9976625297297023
4776.2			0.9994088716139694
4777.1			1.1169837056020528
4778.0			1.1027221015986475
4778.9			1.0825228943596341
4779.8			1.0549203227019939
4780.7			1.0495354967948949
4781.6			1.0690042421989625
4782.5			1.0572398169562174
4783.4			1.0133485506685436
4784.3			1.0
4785.2			1.0360109624238325
4786.1			1.0184510628407195
4787.0			0.9756715651147628
4787.9			0.9515523812181426
4788.8			0.9282552118730885
4789.7			0.9416080203887187
4790.6			1.0
4791.5			1.0389616925723768
4792.4			1.0157972786456178
4793.3			0.9848455241714424
4794.2			0.9775133810862114
4795.1			0.9819246376009098
4796.0			0.9797433880123669
4796.9			0.9640135248758874
4797.8			0.9529934202796606
4798.7			0.9726700733049704
4799.6			1.013715168628063
4800.5			1.0507401549882565
4801.4			1.0867626425473684
4802.3			1.1010334941129654
4803.2			1.0636466766912704
4804.1			1.001319836794892
4805.0			1.0
4805.9			1.0
4806.8			1.0
4807.7			1.0
4808.6			1.0
4809.5			1.0
4810.4			1.0
4811.3			1.0
4812.2			1.0127028687518067
4813.1			1.0305194922879473
4814.0			0.9821715636336523
4814.9			0.9178048230461432
4815.8			0.9209794132177306
4816.7			0.9620727524778554
4817.6			1.0013206121744376
4818.5			1.0
4819.4			1.0
4820.3			1.0
4821.2			0.9828695634682967
4822.1			0.939106271595159
4823.0			0.893063965648636
4823.9			0.8825416867452842
4824.8			0.9342827106781627
4825.7			0.9918973785145976
4826.6			0.994389403816717
4827.5			1.0
4828.4			1.0
4829.3			1.0
4830.2			1.0
4831.1			1.0
4832.0			1.0
4832.9			1.0
4833.8			1.0
4834.7			1.0
4835.6			1.0
4836.5			1.0
4837.4			1.0184712561841545
4838.3			1.0123051654696373
4839.2			0.9792555291205376
4840.1			0.9713505452025504
4841.0			0.9844070183174073
4841.9			0.9742608819967213
4842.8			0.9440443241598916
4843.7			0.9710614081547985
4844.6			1.0632665068976097
4845.5			1.0924819139321638
4846.4			1.0535787158999657
4847.3			1.017191798660674
4848.2			0.9999051952530629
4849.1			1.0
4850.0			1.0
4850.9			1.0
4851.8			1.0
4852.7			1.0
4853.6			1.0
4854.5			1.0
4855.4			1.0
4856.3			1.0
4857.2			1.0
4858.1			1.0
4859.0			0.9411656416866637
4859.9			0.8262975193649683
4860.8			0.6637985924202768
4861.7			0.6113411094849062
4862.6			0.7712060217217226
4863.5			0.9439817454334738
4864.4			1.0008376876074752
4865.3			1.0
4866.2			1.0
4867.1			1.0
4868.0			1.0
4868.9			1.0
4869.8			0.9864800055885019
4870.7			0.9085640645966809
4871.6			0.8727426328396956
4872.5			0.9287681226382861
4873.4			1.0005946755698425
4874.3			1.0
4875.2			1.0
4876.1			1.0
4877.0			1.0
4877.9			0.9904039677328605
4878.8			1.013077088530267
4879.7			1.05161530961079
4880.6			1.0056206327925499
4881.5			0.9173899116435899
4882.4			0.9258244841857786
4883.3			0.9668919846967955
4884.2			0.9401422012489636
4885.1			0.8958048563997549
4886.0			0.8667250548280331
4886.9			0.8847594728182245
4887.8			0.9300615611266045
4888.7			0.9217013749056028
4889.6			0.8945779734283662
4890.5			0.8572598005456594
4891.4			0.8656901297479948
4892.3			0.9490827237761992
4893.2			1.005891750056198
4894.1			0.9982705962268251
4895.0			1.0
4895.9			1.0
4896.8			1.0
4897.7			1.0
4898.6			1.0
4899.5			0.9734607929701479
4900.4			0.8996543841250753
4901.3			0.8684229291473876
4902.2			0.9185887189882973
4903.1			0.9988149974025987
4904.0			1.0
4904.9			1.0
4905.8			1.0
4906.7			0.9854606471698496
4907.6			1.030134408945873
4908.5			1.0288496922984356
4909.4			0.9422636465891312
4910.3			0.8535987579926457
4911.2			0.8486311205358639
4912.1			0.8922501648292736
4913.0			0.9202400378435698
4913.9			0.921206753741251
4914.8			0.9437156701407869
4915.7			1.0
4916.6			1.0291611924730104
4917.5			1.0304996670311182
4918.4			0.991286272204932
4919.3			0.9032435916640519
4920.2			0.838109243272477
4921.1			0.8166762037594855
4922.0			0.8491461983447997
4922.9			0.8990339830262857
4923.8			0.9293600474885266
4924.7			1.0
4925.6			1.034694584589492
4926.5			1.0228583753847218
4927.4			0.9987167866700688
4928.3			1.0301857193907402
4929.2			1.0817904695420177
4930.1			1.0530154349089635
4931.0			0.9668170611793566
4931.9			0.9238595726484402
4932.8			0.8806738260039468
4933.7			0.7853057609323841
4934.6			0.747575237485293
4935.5			0.7702973711026423
4936.4			0.7790959854124546
4937.3			0.7846141123000013
4938.2			0.7755532721460388
4939.1			0.7506319326831817
4940.0			0.7736440054440186
4940.9			0.8436957283995582
4941.8			0.9062403004598193
4942.7			0.9651036401084273
4943.6			1.0008710921461799
4944.5			1.0
4945.4			1.0
4946.3			1.0
4947.2			1.0
4948.1			1.0
4949.0			1.0
4949.9			1.0
4950.8			1.0
4951.7			1.0
4952.6			1.0
4953.5			1.0
4954.4			1.0
4955.3			1.0
4956.2			0.9727689806822645
4957.1			0.9163100131010066
4958.0			0.8824636144193998
4958.9			0.9272233967468009
4959.8			1.001886456391892
4960.7			1.0
4961.6			1.0
4962.5			1.0
4963.4			1.0
4964.3			1.0
4965.2			1.0
4966.1			1.0
4967.0			1.0
4967.9			1.0
4968.8			1.0
4969.7			1.0
4970.6			1.0
4971.5			1.0
4972.4			1.0
4973.3			1.0
4974.2			1.0
4975.1			1.0
4976.0			1.0
4976.9			1.0
4977.8			1.0
4978.7			1.0
4979.6			1.0
4980.5			1.0
4981.4			1.0
4982.3			1.0
4983.2			1.0
4984.1			0.9932418050251618
4985.0			0.958769116899127
4985.9			0.8766032675362955
4986.8			0.8467166349063633
4987.7			0.9047892223881461
4988.6			0.955232825571067
4989.5			0.9220428577086949
4990.4			0.86029506497565
4991.3			0.8631515603090631
4992.2			0.9307572105190742
4993.1			1.000658861157091
4994.0			1.009833030559806
4994.9			1.0152279367520674
4995.8			1.0891853596546008
4996.7			1.0
4997.6			0.9960479386579133
4998.5			0.8956977401694439
4999.4			0.7808209684040592
5000.3			0.7860244612339828
5001.2			0.8800991257188169
5002.1			0.9634463215768483
5003.0			1.0127049285591725
5003.9			1.0
5004.8			1.0
5005.7			1.0
5006.6			1.0
5007.5			1.0
5008.4			1.0
5009.3			1.0
5010.2			1.0
5011.1			1.0
5012.0			1.0
5012.9			1.0
5013.8			1.0
5014.7			1.0
5015.6			1.0
5016.5			1.0
5017.4			1.0
5018.3			1.0
5019.2			1.0
5020.1			1.0
5021.0			1.0
5021.9			1.0
5022.8			1.0
5023.7			1.0
5024.6			1.0
5025.5			1.0
5026.4			1.0
5027.3			1.0
5028.2			1.0
5029.1			1.0
5030.0			1.0
5030.9			1.0
5031.8			1.0
5032.7			1.0
5033.6			1.0
5034.5			1.0
5035.4			1.0
5036.3			1.0
5037.2			1.0
5038.1			1.0
5039.0			1.0
5039.9			1.0
5040.8			1.0
5041.7			1.0
5042.6			1.0
5043.5			1.0
5044.4			1.0
5045.3			1.0
5046.2			1.0
5047.1			1.0
5048.0			1.0
5048.9			1.0
5049.8			1.0
5050.7			1.0
5051.6			1.0
5052.5			1.0
5053.4			1.0
5054.3			1.0
5055.2			1.0
5056.1			1.0
5057.0			1.0
5057.9			1.0965653064028018
5058.8			1.0452188195496261
5059.7			0.9308515432712425
5060.6			0.9236505767836642
5061.5			0.9476573884144716
5062.4			0.9223593298697715
5063.3			0.9028510845395555
5064.2			0.920878794770804
5065.1			1.0155835388706544
5066.0			1.1209794774594353
5066.9			1.0697397108872262
5067.8			0.9803409550728817
5068.7			1.0012983672810218
5069.6			1.0
5070.5			1.0
5071.4			1.0
5072.3			1.0
5073.2			1.0
5074.1			1.0
5075.0			1.0552672733968234
5075.9			1.0250183280131815
5076.8			0.9210639889123164
5077.7			0.8582762846809028
5078.6			0.9262850690021971
5079.5			0.9927547193470806
5080.4			0.9959660737684196
5081.3			1.0
5082.2			1.0
5083.1			1.0
5084.0			1.0
5084.9			1.0
5085.8			1.0
5086.7			1.0
5087.6			1.0
5088.5			1.0
5089.4			1.0
5090.3			0.9531647842265587
5091.2			0.8537844961699022
5092.1			0.7697141550036254
5093.0			0.7608266242132848
5093.9			0.7834271661873788
5094.8			0.7640398541245594
5095.7			0.6852358399731152
5096.6			0.6031960468623538
5097.5			0.5916102129683045
5098.4			0.7236408402722866
5099.3			1.0
5100.2			1.170701530325995
5101.1			1.2174006205968655
5102.0			1.1850738111239032
5102.9			1.089514382937329
5103.8			1.0082518272502246
5104.7			0.9801807805855615
5105.6			0.9355563443831088
5106.5			0.8809494000539148
5107.4			0.8102732838771519
5108.3			0.7082914732691765
5109.2			0.638245478303373
5110.1			0.6331133589644965
5111.0			0.6808484023033425
5111.9			0.7869389344536208
5112.8			0.8683886937829082
5113.7			0.8518290953651662
5114.6			0.8003656587936029
5115.5			0.738974908963946
5116.4			0.6591888374570521
5117.3			0.6095524854693544
5118.2			0.5878864490363961
5119.1			0.5668147756670532
5120.0			0.5544343170736914
5120.9			0.5653150860921194
5121.8			0.5935084749081446
5122.7			0.588959440425151
5123.6			0.5498008569243211
5124.5			0.5134219038901789
5125.4			0.46555651804806697
5126.3			0.40699423029943116
5127.2			0.35683616703871907
5128.1			0.32560679966343586
5129.0			0.33881491169603867
5129.9			0.42939651718874483
5130.8			0.5753743996124443
5131.7			0.6953061062887623
5132.6			0.768604232463046
5133.5			0.8024945376717908
5134.4			0.7930518341370655
5135.3			0.7689054789537415
5136.2			0.7272819458671307
5137.1			0.678337291464491
5138.0			0.6559177346646115
5138.9			0.65799145467795
5139.8			0.6532372466795819
5140.7			0.6196608241523721
5141.6			0.5750608623409669
5142.5			0.55178574430053
5143.4			0.5714473273826891
5144.3			0.5962973388826637
5145.2			0.5887803858592292
5146.1			0.5744019971978047
5147.0			0.5780884390066163
5147.9			0.6004361201551686
5148.8			0.6337437896430813
5149.7			0.6412724688083957
5150.6			0.6024384544309656
5151.5			0.565941018895329
5152.4			0.5557544709033585
5153.3			0.5362212646394433
5154.2			0.504388247578396
5155.1			0.4879401765413359
5156.0			0.48376087608879276
5156.9			0.4703292691574362
5157.8			0.4386284976374135
5158.7			0.4157482496976699
5159.6			0.4083755450407579
5160.5			0.382243733469281
5161.4			0.32914756165806214
5162.3			0.27539134455551384
5163.2			0.2438710871601896
5164.1			0.2785218142977312
5165.0			0.46366313540160414
5165.9			0.7709291554262553
5166.8			1.0290999644783532
5167.7			1.1872138187397867
5168.6			1.3009204079788217
5169.5			1.4101133342811352
5170.4			1.0
5171.3			0.9825413661488495
5172.2			0.9150445285031801
5173.1			0.8835176925993061
5174.0			0.9294177393485394
5174.9			1.0000633322348198
5175.8			1.5148034996352613
5176.7			1.5417634298415048
5177.6			1.5618694366283492
5178.5			1.5615050938507615
5179.4			1.527249804156846
5180.3			1.4887341825455591
5181.2			1.0
5182.1			0.9481017708087651
5183.0			0.8618159408293954
5183.9			0.8350077534224468
5184.8			0.9116623682769114
5185.7			0.9977880296479612
5186.6			1.432519340624875
5187.5			1.0
5188.4			0.9683481297183151
5189.3			0.9805381848935608
5190.2			1.0037539093204417
5191.1			0.9558647819005078
5192.0			0.8649683524579473
5192.9			0.8340191587919028
5193.8			0.8748317348709977
5194.7			0.9152391619214465
5195.6			0.9430212995931124
5196.5			0.9818201386060045
5197.4			1.0004553215193897
5198.3			1.3059221104445324
5199.2			1.293011045257234
5200.1			1.2915399170567292
5201.0			1.3005201810421536
5201.9			1.2953540167666502
5202.8			1.0
5203.7			0.9918730602603629
5204.6			0.9441027595459167
5205.5			0.8817686624390763
5206.4			0.8795869002678594
5207.3			0.929532915210206
5208.2			0.9673973013538822
5209.1			0.9968086856231045
5210.0			1.2140132954121352
5210.9			1.2098819911219583
5211.8			1.2166882462586144
5212.7			1.0
5213.6			1.0439335259240827
5214.5			1.0504122966760934
5215.4			0.9960335837551384
5216.3			0.9428924432147259
5217.2			0.9465601978636319
5218.1			0.9845414044482456
5219.0			0.9998852314473234
5219.9			1.2061609740933859
5220.8			1.2219343446638593
5221.7			1.2520495065862387
5222.6			1.0
5223.5			0.9906542774899814
5224.4			0.9374589654646622
5225.3			0.8659983581006139
5226.2			0.8115500009371561
5227.1			0.8079730477535715
5228.0			0.8724015028295607
5228.9			0.9521610020040041
5229.8			0.9911214550324073
5230.7			1.0025755972491661
5231.6			1.0
5232.5			1.0
5233.4			1.0
5234.3			1.0
5235.2			1.0
5236.1			1.0
5237.0			1.0
5237.9			1.0
5238.8			1.0
5239.7			1.0
5240.6			1.0
5241.5			1.0
5242.4			1.0
5243.3			1.0
5244.2			1.0
5245.1			1.0
5246.0			1.0
5246.9			1.0
5247.8			0.9923966840799099
5248.7			0.9992046342345798
5249.6			0.9624467071592275
5250.5			0.9096875053030953
5251.4			0.9117787344815261
5252.3			0.9543579169429338
5253.2			0.9942700122293728
5254.1			1.0080506986922306
5255.0			1.0051492119048147
5255.9			1.0
5256.8			1.0
5257.7			1.0
5258.6			1.0
5259.5			1.0
5260.4			1.0
5261.3			1.0
5262.2			1.0
5263.1			1.0
5264.0			0.970677998597733
5264.9			0.9638500675584459
5265.8			0.9645204152494665
5266.7			1.0025279611547382
5267.6			1.0520133458521286
5268.5			1.0285125914057223
5269.4			0.9314758490982827
5270.3			0.8734746066618689
5271.2			0.9151749963531698
5272.1			0.9752712031739101
5273.0			0.9679393738543479
5273.9			0.9397292980506143
5274.8			0.9549516533937433
5275.7			0.9858893726581472
5276.6			0.9980255390079968
5277.5			1.0
5278.4			1.0
5279.3			1.0
5280.2			1.0
5281.1			1.0
5282.0			1.0
5282.9			1.0
5283.8			1.0
5284.7			1.0
5285.6			1.0
5286.5			1.0
5287.4			1.0
5288.3			1.0
5289.2			1.0
5290.1			1.0
5291.0			1.0
5291.9			0.9971293078279602
5292.8			0.9634944074735811
5293.7			0.9315425666245847
5294.6			0.9547960843210695
5295.5			1.0006960176395858
5296.4			1.0
5297.3			1.0
5298.2			1.0
5299.1			1.0
5300.0			1.0302630030636089
5300.9			0.9962785711112601
5301.8			0.9185817770558468
5302.7			0.8912672110688615
5303.6			0.941887446016713
5304.5			0.9973914013530805
5305.4			0.995862308247339
5306.3			1.0
5307.2			1.0
5308.1			1.0
5309.0			1.0
5309.9			1.0
5310.8			1.0
5311.7			1.0
5312.6			1.0
5313.5			0.992133222268041
5314.4			0.9297118424318868
5315.3			0.907926601389182
5316.2			0.9482254773333921
5317.1			0.9996271296718338
5318.0			1.0
5318.9			1.0
5319.8			1.0
5320.7			1.0
5321.6			1.0
5322.5			1.0
5323.4			1.0
5324.3			1.0
5325.2			0.9968029261857815
5326.1			0.9873720965861019
5327.0			0.9421737762306975
5327.9			0.8742651701279242
5328.8			0.8803456561562586
5329.7			0.9544330475811574
5330.6			0.9993919417582768
5331.5			1.0
5332.4			1.0
5333.3			1.0
5334.2			1.0
5335.1			1.0
5336.0			1.0
5336.9			1.0
5337.8			1.0
5338.7			1.0
5339.6			0.9749748176351763
5340.5			0.892738055976746
5341.4			0.868105629111254
5342.3			0.9222827166869539
5343.2			0.9951632772169778
5344.1			1.0
5345.0			1.0
5345.9			1.0
5346.8			1.0
5347.7			1.0
5348.6			1.0
5349.5			1.0
5350.4			1.0
5351.3			1.0
5352.2			1.0
5353.1			1.0
5354.0			1.0
5354.9			1.0
5355.8			1.0
5356.7			1.0
5357.6			1.0
5358.5			1.0
5359.4			0.9904433848306531
5360.3			0.9608098050443804
5361.2			0.9247866075865478
5362.1			0.9236018804094432
5363.0			0.9803019889867809
5363.9			1.0325665578404952
5364.8			1.0016556450323417
5365.7			1.0
5366.6			1.0
5367.5			1.0
5368.4			1.0
5369.3			1.0031369643992163
5370.2			0.929829382274847
5371.1			0.8273068386340399
5372.0			0.7822312878259042
5372.9			0.8455466603620192
5373.8			0.9513619899455931
5374.7			0.9979675268686805
5375.6			1.0
5376.5			1.0
5377.4			1.0
5378.3			1.0
5379.2			1.0
5380.1			1.0
5381.0			1.0
5381.9			1.0
5382.8			1.0
5383.7			1.0
5384.6			1.0
5385.5			1.0
5386.4			1.0
5387.3			1.0
5388.2			1.0
5389.1			1.0
5390.0			1.0
5390.9			1.0
5391.8			1.0
5392.7			1.0
5393.6			1.0
5394.5			1.0043650784967693
5395.4			1.0096709619710431
5396.3			0.9750896782548455
5397.2			0.9381190786659177
5398.1			0.924906422466753
5399.0			0.9251191076778531
5399.9			0.9524286739257198
5400.8			0.9941176108853664
5401.7			1.0002386206785732
5402.6			1.0
5403.5			1.0
5404.4			1.0
5405.3			1.0
5406.2			1.0
5407.1			1.0
5408.0			1.0
5408.9			1.0
5409.8			1.0
5410.7			1.00255262529833
5411.6			1.020782023429323
5412.5			0.9721568813408402
5413.4			0.8992236007130401
5414.3			0.901467847450772
5415.2			0.9555456011439197
5416.1			0.9939844533777827
5417.0			1.0
5417.9			1.0
5418.8			1.0
5419.7			1.0
5420.6			1.0
5421.5			1.0
5422.4			1.0
5423.3			1.0
5424.2			1.0
5425.1			1.0
5426.0			1.0
5426.9			1.0
5427.8			0.9941585777518593
5428.7			0.9276931679873143
5429.6			0.8571329747611284
5430.5			0.8823215254014983
5431.4			0.9957027770313137
5432.3			1.0
5433.2			1.0
5434.1			1.0
5435.0			1.0
5435.9			1.0
5436.8			1.0
5437.7			1.0
5438.6			1.0
5439.5			1.0
5440.4			1.0
5441.3			1.0
5442.2			1.0
5443.1			1.0003660585378826
5444.0			0.982841573235546
5444.9			0.9305088804164485
5445.8			0.8612885462713106
5446.7			1.0
5447.6			1.0165407272942026
5448.5			1.077843429716882
5449.4			1.1597062178625261
5450.3			1.2104989467962743
5451.2			1.1739485919451491
5452.1			1.130597380487676
5453.0			1.1551599310326819
5453.9			1.178407008206142
5454.8			1.1282591860041393
5455.7			1.0269576325802532
5456.6			0.9814801483754308
5457.5			1.0424124347892763
5458.4			1.099514514496227
5459.3			1.0838967029627624
5460.2			1.0580651842745392
5461.1			1.0594373306687115
5462.0			1.0550340223001977
5462.9			1.037889503194178
5463.8			1.0332964003249203
5464.7			1.0108796393218122
5465.6			0.9635606756529436
5466.5			0.9417580452487396
5467.4			0.9360786241132836
5468.3			0.9229767411772158
5469.2			0.9166322245422629
5470.1			0.9735795378815817
5471.0			1.080459540843762
5471.9			1.0936404096037025
5472.8			1.0080872458806627
5473.7			0.9765581279394295
5474.6			1.0382390172446643
5475.5			1.083298677762931
5476.4			1.0485896261542598
5477.3			0.9936702875178526
5478.2			0.9794335155364927
5479.1			0.9957747943163263
5480.0			1.0274603731367202
5480.9			1.0509853043441344
5481.8			1.0095205314783449
5482.7			0.9486899454490942
5483.6			0.9335210074696493
5484.5			0.9405807406376538
5485.4			0.9653675290100711
5486.3			0.9880255216466035
5487.2			0.9444447808287642
5488.1			0.8774183872352519
5489.0			0.8786127845876682
5489.9			0.915793710737087
5490.8			0.9253663596340035
5491.7			0.8972698143921576
5492.6			0.8417000180571327
5493.5			0.8117521416192556
5494.4			0.8469808621955747
5495.3			0.8716497137840916
5496.2			0.8116774929689307
5497.1			0.739097884099205
5498.0			0.741589341889037
5498.9			0.7875975681560569
5499.8			0.8023146662184799
5500.7			0.772477931524696
5501.6			0.7693380609563708
5502.5			0.8466421708484405
5503.4			0.9424815975269448
5504.3			0.98538216273616
5505.2			0.9649545089023317
5506.1			0.9322236038156555
5507.0			0.9669245871259657
5507.9			1.0094192134486273
5508.8			0.9748807789395909
5509.7			0.9005448920234673
5510.6			0.8357758927384974
5511.5			0.8195847871090838
5512.4			0.8526462033364285
5513.3			0.8931878286138437
5514.2			0.8836515072291259
5515.1			0.8565726419796994
5516.0			0.8990350882689013
5516.9			0.9578828846939293
5517.8			0.9403515093485572
5518.7			0.8754289662049828
5519.6			0.8472026091857565
5520.5			0.8758065433304559
5521.4			0.8962973632641789
5522.3			0.8553436637964417
5523.2			0.7727753090662289
5524.1			0.7237124953699945
5525.0			0.7493814488685858
5525.9			0.7770027418526108
5526.8			0.7389704344567666
5527.7			0.6917072490993753
5528.6			0.7073192094567359
5529.5			0.7461499257313244
5530.4			0.7468859581317338
5531.3			0.7137821354550329
5532.2			0.6727114727101849
5533.1			0.6726669387224943
5534.0			0.731021001228522
5534.9			0.7841220935087369
5535.8			0.7823043002779826
5536.7			0.746554739376661
5537.6			0.6971049469469625
5538.5			0.6335827855906778
5539.4			0.5871104763541711
5540.3			0.6194264412289352
5541.2			0.7289281906738976
5542.1			0.8385987707638028
5543.0			0.8918053783713704
5543.9			0.8700514730548221
5544.8			0.8351445246308301
5545.7			0.8297552829610251
5546.6			0.813544427836225
5547.5			0.7854371622497551
5548.4			0.7765574728228232
5549.3			0.8003606678809895
5550.200000000001			0.8245243164213861
5551.1			0.8003725081792621
5552.0			0.7746341512118077
5552.9			0.8136570365196236
5553.8			0.8565053196872963
5554.700000000001			0.820516653542719
5555.6			0.7593632878041181
5556.5			0.7701354766248691
5557.4			0.8152088452995365
5558.3			0.8093034247095007
5559.200000000001			0.786316705800168
5560.1			0.7952604825616324
5561.0			0.7918211739905622
5561.9			0.7581986231887153
5562.8			0.7553936211462304
5563.700000000001			0.7975706095323905
5564.6			0.8057711803145892
5565.5			0.746047255575468
5566.4			0.6925298509805344
5567.3			0.692451874348707
5568.200000000001			0.7008994790619568
5569.1			0.6887398901887483
5570.0			0.6984331699847944
5570.9			0.7280085945461263
5571.8			0.7145043396269538
5572.700000000001			0.6738813882048625
5573.6			0.6571995994148636
5574.5			0.6403855625570072
5575.4			0.5974405555491573
5576.3			0.5677647402474909
5577.200000000001			0.5875767336376896
5578.1			0.6292989640718204
5579.0			0.6605536788446003
5579.9			0.6722154085784503
5580.8			0.6472252482220305
5581.700000000001			0.5850827781065956
5582.6			0.5157734157028385
5583.5			0.4739204644679264
5584.4			0.4938807668749985
5585.3			0.6084624620515813
5586.200000000001			0.7740141852047333
5587.1			0.8699255407950759
5588.0			0.8823446101663034
5588.9			0.9054747978161832
5589.8			0.9476973251125936
5590.700000000001			0.9706137617756775
5591.6			0.976625654176285
5592.5			0.9488039097096562
5593.4			0.8903771003813373
5594.3			0.8498710927130462
5595.200000000001			0.840132903855308
5596.1			0.847137400210501
5597.0			0.8561498712297048
5597.9			0.8406955759264017
5598.8			0.814101901912189
5599.700000000001			0.8119385371145138
5600.6			0.8165672137445015
5601.5			0.8140778306841362
5602.4			0.8188965565204149
5603.3			0.8335685012393496
5604.200000000001			0.8573792497122404
5605.1			0.8734377877043941
5606.0			0.8669709079461388
5606.9			0.8420984369301738
5607.8			0.800223931138239
5608.700000000001			0.7556661301994994
5609.6			0.7286948899604244
5610.5			0.7321113767766196
5611.4			0.7621159333118658
5612.3			0.7888597300795256
5613.200000000001			0.7793356803740165
5614.1			0.7298127715798346
5615.0			0.6767465798981851
5615.9			0.6643020702455255
5616.8			0.6873444450897567
5617.700000000001			1.0
5618.6			0.9771677015335727
5619.5			0.9572108436663486
5620.4			0.933933081700736
5621.3			0.8853623137272996
5622.200000000001			0.8195438208722161
5623.1			0.7554132662807415
5624.0			0.7146285226873349
5624.9			0.7290089085940205
5625.8			0.8161466264446707
5626.700000000001			0.9366071130141927
5627.6			1.0136169846269418
5628.5			1.0
5629.4			0.9469815406150643
5630.3			0.8742928732170198
5631.200000000001			0.7784228286993066
5632.1			0.6673498411112
5633.0			0.5553172844914328
5633.9			0.48096851464348245
5634.8			0.5122627307689115
5635.700000000001			0.6639737679823753
5636.6			0.8441527887840905
5637.5			0.955430536691561
5638.4			0.9827644352526684
5639.3			1.07180620986564
5640.200000000001			1.0766313100466194
5641.1			1.0802832406724938
5642.0			1.0786996807282518
5642.9			1.0821631383884018
5643.8			1.0921540698853889
5644.700000000001			1.101698742407152
5645.6			1.1058045784650041
5646.5			1.112080293883193
5647.4			1.1260522204253087
5648.3			1.1339172883006206
5649.200000000001			1.1298739803656712
5650.1			1.1250506347937124
5651.0			1.1269298680749968
5651.9			1.0
5652.8			0.9882034325105429
5653.700000000001			0.987786794355382
5654.6			1.0034084921881339
5655.5			1.0085776415954926
5656.4			0.9855467037121846
5657.3			0.9507892869530241
5658.200000000001			0.9345849709512397
5659.1			0.9489721027668233
5660.0			0.9734493731338054
5660.9			0.980050985111112
5661.8			0.9752011960789837
5662.700000000001			0.9815094234133893
5663.6			0.9991637234414423
5664.5			1.0826579774954936
5665.4			1.0770644024380507
5666.3			1.0668325469535382
5667.200000000001			1.0637617191711446
5668.1			1.061047718042386
5669.0			1.047852819500657
5669.9			1.0396254798450604
5670.8			1.0488739244051144
5671.700000000001			1.066065639733213
5672.6			1.0858000363353832
5673.5			1.0914053751204686
5674.4			1.065457275716471
5675.3			1.036088409789255
5676.200000000001			1.034283786330836
5677.1			1.0512657367816225
5678.0			1.0640120839633498
5678.9			1.0560473950300644
5679.8			1.0376077209507837
5680.700000000001			1.0412699684804894
5681.6			1.0608031994083842
5682.5			1.06591147786396
5683.4			1.0502493629802852
5684.3			1.021019864262266
5685.200000000001			1.0014434281226343
5686.1			1.0013040665365438
5687.0			1.0123164436444474
5687.9			1.0265680476015053
5688.8			1.0242415226297383
5689.700000000001			1.0144674015271304
5690.6			1.022092446463566
5691.5			1.0483446280585815
5692.4			1.0795870274487986
5693.3			1.091273690659997
5694.200000000001			1.074609006867317
5695.1			1.0362209169791397
5696.0			1.0050842347207491
5696.9			1.0140539445144976
5697.8			1.0491888082651042
5698.700000000001			1.0
5699.6			0.9965685923994491
5700.5			0.9708939206570332
5701.4			0.9387967236667683
5702.3			0.929347473588947
5703.200000000001			0.9551160122259815
5704.1			1.0
5705.0			1.0096429544462628
5705.9			0.9886520093291098
5706.8			0.9680797677433544
5707.700000000001			0.9627505793930615
5708.6			0.9600616301629635
5709.5			0.953829201003476
5710.4			0.9454648396114202
5711.3			0.9321236632692534
5712.200000000001			0.9306666007335855
5713.1			0.954009018596659
5714.0			0.9905062249809543
5714.9			1.0231439960462454
5715.8			1.0506922463673392
5716.700000000001			1.066702616272979
5717.6			1.0551311182412415
5718.5			1.0242902292513238
5719.4			1.001155840064232
5720.3			1.0
5721.200000000001			1.0
5722.1			1.0
5723.0			1.0
5723.9			1.0
5724.8			1.0
5725.700000000001			0.9959433471116973
5726.6			0.9848856697389174
5727.5			0.9747734733409639
5728.4			0.9716915970388359
5729.3			0.9579948414016408
5730.200000000001			0.9354246257120327
5731.1			0.9199774375308376
5732.0			0.9192444207241455
5732.9			0.9344037479078717
5733.8			0.9548115784786148
5734.700000000001			0.9759820231930654
5735.6			0.9916304385772416
5736.5			1.0015128111196112
5737.4			1.0075105779238318
5738.3			1.0113851866687165
5739.200000000001			1.0161311241490296
5740.1			1.0092874143013861
5741.0			0.9820610856313294
5741.9			0.9387436097286604
5742.8			0.898270311114555
5743.700000000001			0.8843218823426882
5744.6			0.9067331063922881
5745.5			0.9487973273938161
5746.4			0.9678142373355095
5747.3			0.9419718544393842
5748.200000000001			0.9085881238681148
5749.1			0.9108862907566743
5750.0			0.9388520274004724
5750.9			0.9636500376153114
5751.8			0.9749121633000133
5752.700000000001			0.9748904630017469
5753.6			0.9579494442207536
5754.5			0.9413371548609472
5755.4			0.9603492613784343
5756.3			1.0028377024663648
5757.200000000001			1.0224467088023814
5758.1			1.020802081456142
5759.0			1.0330799382936302
5759.9			1.0483618600886635
5760.8			1.030874657606795
5761.700000000001			1.0037770750148343
5762.6			1.0
5763.5			1.0
5764.4			1.0
5765.3			1.0
5766.200000000001			1.0
5767.1			1.0
5768.0			0.984207817214876
5768.9			0.9496048498744271
5769.8			0.9153257837869899
5770.700000000001			0.9067415600528838
5771.6			0.9331299835753688
5772.5			0.9763777617023006
5773.4			0.999574609318545
5774.3			1.0
5775.200000000001			1.0
5776.1			1.0
5777.0			1.0
5777.9			1.0
5778.8			1.0
5779.700000000001			1.0
5780.6			0.985007130403032
5781.5			0.9398348997193381
5782.4			0.923207486422178
5783.3			0.9378387895331028
5784.200000000001			0.9389170053062329
5785.1			0.9211520166009847
5786.0			0.9198769618156046
5786.9			0.9555149482489471
5787.8			0.9923710081578458
5788.700000000001			0.9853971853202211
5789.6			0.9573802806640316
5790.5			0.9655400115246716
5791.4			1.0
5792.3			1.0083563003084766
5793.200000000001			0.9803101904331702
5794.1			0.9594020428391716
5795.0			0.9680499054902459
5795.9			0.9797664676951637
5796.8			0.9656451987112444
5797.700000000001			0.9433874454565557
5798.6			0.9559441171680825
5799.5			1.0026663470989052
5800.4			1.03733638009679
5801.3			1.0353084177939278
5802.200000000001			1.0137936764447164
5803.1			0.9985408775499528
5804.0			1.0
5804.9			1.0
5805.8			1.0
5806.700000000001			1.0
5807.6			1.0
5808.5			1.0
5809.4			1.0
5810.3			1.0
5811.200000000001			1.0
5812.1			1.0
5813.0			1.0
5813.9			1.0
5814.8			1.0
5815.700000000001			0.9820506838688936
5816.6			0.9463518645921019
5817.5			0.9311836442084472
5818.4			0.956847649854989
5819.3			0.9993055018347872
5820.200000000001			1.0
5821.1			1.0
5822.0			1.0
5822.9			1.0
5823.8			1.0
5824.700000000001			1.0
5825.6			1.0
5826.5			1.0
5827.4			1.0
5828.3			1.0
5829.200000000001			1.0
5830.1			1.0
5831.0			1.0
5831.9			1.0
5832.8			1.0
5833.700000000001			1.0
5834.6			1.0
5835.5			1.0
5836.4			1.0
5837.3			1.0
5838.200000000001			1.0
5839.1			1.0
5840.0			1.0
5840.9			1.0
5841.8			1.0
5842.700000000001			1.0
5843.6			1.0
5844.5			1.0
5845.4			1.0
5846.3			1.0
5847.200000000001			1.0
5848.1			1.0
5849.0			1.0
5849.9			1.0
5850.8			1.0
5851.700000000001			1.0
5852.6			1.0
5853.5			1.0
5854.4			1.0
5855.3			1.0
5856.200000000001			1.0
5857.1			1.0
5858.0			1.0
5858.9			1.0
5859.8			1.0
5860.700000000001			1.0
5861.6			1.0
5862.5			1.0
5863.4			1.0
5864.3			1.0
5865.200000000001			1.0
5866.1			1.0
5867.0			1.0
5867.9			1.0
5868.8			1.004413652595383
5869.700000000001			0.9867385767779515
5870.6			0.9594764450390113
5871.5			0.9340790966671122
5872.4			0.9191116124973593
5873.3			0.9176772065594168
5874.200000000001			0.936211909642259
5875.1			0.973050235530764
5876.0			1.004394100805512
5876.9			0.9987691949292132
5877.8			0.9501445697024421
5878.700000000001			0.8984838617670995
5879.6			0.8763750904845536
5880.5			0.8790445824751297
5881.4			0.9045931773699935
5882.3			0.9396557491817613
5883.200000000001			0.9452878154092486
5884.1			0.9184869280273503
5885.0			0.9177040024495767
5885.9			0.9634982440712231
5886.8			1.0041164196273065
5887.700000000001			0.9886706198665033
5888.6			0.9211121889586648
5889.5			0.8436533846604563
5890.4			0.7879208868705266
5891.3			0.7668178321193053
5892.200000000001			0.7858198032572196
5893.1			0.8324059212279998
5894.0			0.8780771541746404
5894.9			0.8935678747712166
5895.8			0.8784911712989677
5896.700000000001			0.8677926903944221
5897.6			0.8742520651986283
5898.5			0.8921323052877684
5899.4			0.9232545676576878
5900.3			0.9416305964510022
5901.200000000001			0.9237079457845081
5902.1			0.9078253086157122
5903.0			0.9339601464933641
5903.9			0.9739594169639514
5904.8			0.996059849257795
5905.700000000001			1.009716867756508
5906.6			1.001765667431793
5907.5			0.9696538456285243
5908.4			0.9626189482748817
5909.3			1.0012374187010031
5910.200000000001			1.0292365654786269
5911.1			1.0067741402289763
5912.0			0.9731932297178945
5912.9			0.9744603527939862
5913.8			1.0006656443322572
5914.700000000001			1.0
5915.6			1.0
5916.5			1.0
5917.4			1.0
5918.3			1.0
5919.200000000001			1.0
5920.1			1.0
5921.0			1.0
5921.9			1.0
5922.8			1.0
5923.700000000001			1.0
5924.6			1.0
5925.5			1.0
5926.4			1.0
5927.3			1.0
5928.200000000001			1.0
5929.1			1.0
5930.0			1.0
5930.9			1.0
5931.8			1.0
5932.700000000001			1.0
5933.6			1.0
5934.5			1.0
5935.4			1.0
5936.3			1.0
5937.200000000001			1.0
5938.1			1.0
5939.0			1.0
5939.9			1.0
5940.8			1.0
5941.700000000001			1.0
5942.6			1.0
5943.5			1.0
5944.4			1.0
5945.3			1.0
5946.200000000001			1.0
5947.1			1.0
5948.0			1.0
5948.9			1.0
5949.8			1.0
5950.700000000001			1.0195117490682097
5951.6			1.021575198497522
5952.5			1.0149149188037616
5953.4			0.9923911058837364
5954.3			0.9503508078552702
5955.200000000001			0.9225401688152138
5956.1			0.9146840701717842
5957.0			0.9012650936273362
5957.9			0.8951263426256163
5958.8			0.911234631252858
5959.700000000001			0.9225299461370389
5960.6			0.9222826561527147
5961.5			0.9370231350627606
5962.4			0.9665392549078432
5963.3			0.9906059459163286
5964.200000000001			1.0057838898310822
5965.1			0.996663625582378
5966.0			1.0
5966.9			1.0
5967.8			1.0
5968.700000000001			1.0
5969.6			1.0
5970.5			1.0
5971.4			1.0
5972.3			1.0
5973.200000000001			1.0
5974.1			1.0
5975.0			1.0
5975.9			1.0
5976.8			1.0
5977.700000000001			1.0
5978.6			1.0
5979.5			1.0
5980.4			1.0
5981.3			1.0
5982.200000000001			1.0
5983.1			1.0
5984.0			1.0
5984.9			1.0
5985.8			1.0
5986.700000000001			1.0
5987.6			1.0
5988.5			1.0
5989.4			1.0
5990.3			1.0
5991.200000000001			1.0
5992.1			1.0
5993.0			0.9806686932945637
5993.9			0.9273569331479422
5994.8			0.900255499781009
5995.700000000001			0.938746942664609
5996.6			0.9882846709846379
5997.5			0.9894709385274796
5998.4			0.9636245408266008
5999.3			0.94880409072269
6000.200000000001			0.9387872783034081
6001.1			0.9328303355826566
6002.0			0.9438937310330785
6002.9			0.9419229266426633
6003.8			0.9096341205720565
6004.700000000001			0.8884347204417321
6005.6			0.9122198822957996
6006.5			0.9505192301930344
6007.4			0.9558978046887089
6008.3			0.9389281877323897
6009.200000000001			0.9503986762579887
6010.1			0.980719864845072
6011.0			0.9936720588488052
6011.9			0.9937491237773385
6012.8			0.9878465390988141
6013.700000000001			0.9698131503006924
6014.6			0.9489547417741213
6015.5			0.96109956905849
6016.4			1.0012542482488687
6017.3			1.0
6018.200000000001			1.0
6019.1			1.0
6020.0			1.0
6020.9			1.0
6021.8			1.0
6022.700000000001			1.0
6023.6			1.0
6024.5			1.0
6025.4			1.0
6026.3			1.0
6027.200000000001			1.0
6028.1			1.0
6029.0			1.0
6029.9			1.0
6030.8			1.0
6031.700000000001			1.0
6032.6			1.0
6033.5			1.0
6034.4			1.0
6035.3			1.0
6036.200000000001			1.0
6037.1			1.0
6038.0			1.0
6038.9			1.0
6039.8			1.0
6040.700000000001			1.0
6041.6			1.0
6042.5			1.0
6043.4			1.0
6044.3			1.0
6045.200000000001			1.0
6046.1			1.0
6047.0			1.0191576780009026
6047.9			0.9737756470606049
6048.8			0.9177863142771997
6049.700000000001			0.9298945793403612
6050.6			0.9994591622791352
6051.5			1.0
6052.4			1.0
6053.3			1.0
6054.200000000001			0.9861164181742583
6055.1			0.9928983130220479
6056.0			0.9714869827284691
6056.9			0.9069164927388982
6057.8			0.8472767749581416
6058.700000000001			0.826125379616285
6059.6			0.8363034113758796
6060.5			0.868413922983063
6061.4			0.9167237020963165
6062.3			0.9750322784119683
6063.200000000001			1.0002346030646194
6064.1			1.0
6065.0			1.0
6065.9			1.0
6066.8			1.0
6067.700000000001			1.0
6068.6			1.0
6069.5			1.0
6070.4			1.0
6071.3			1.0
6072.200000000001			1.0
6073.1			1.0
6074.0			1.0
6074.9			1.0
6075.8			1.0
6076.700000000001			1.0
6077.6			1.0
6078.5			1.0
6079.4			1.0
6080.3			1.0
6081.200000000001			1.0
6082.1			1.0
6083.0			1.0
6083.9			1.0
6084.8			1.0
6085.700000000001			1.0
6086.6			1.0
6087.5			1.0
6088.4			1.0
6089.3			1.0
6090.200000000001			1.0
6091.1			1.0
6092.0			1.0
6092.9			1.0
6093.8			1.0
6094.700000000001			1.0
6095.6			1.014315273662079
6096.5			1.021147241929917
6097.4			0.9933481014111089
6098.3			0.9315507542468083
6099.200000000001			0.8815613368204692
6100.1			0.8885839704023046
6101.0			0.9438741810436354
6101.9			0.994335065200568
6102.8			1.0006384541008735
6103.700000000001			1.0
6104.6			1.0
6105.5			1.0
6106.4			1.0
6107.3			1.0
6108.200000000001			1.0
6109.1			1.0
6110.0			1.0
6110.9			1.0
6111.8			1.0
6112.700000000001			1.0
6113.6			1.0
6114.5			1.0
6115.4			1.0
6116.3			0.9898357661871295
6117.200000000001			0.9618611300028341
6118.1			0.9183893467576691
6119.0			0.8785312044879534
6119.9			0.8392148572404905
6120.8			0.8016564968266648
6121.700000000001			0.8040802973164614
6122.6			0.8750198116012422
6123.5			0.9658201680793443
6124.4			1.0040279805487573
6125.3			0.9982489515200202
6126.200000000001			1.0
6127.1			1.0
6128.0			1.0
6128.9			1.0
6129.8			1.0
6130.700000000001			1.0
6131.6			1.0
6132.5			1.0
6133.4			1.0
6134.3			1.0
6135.200000000001			1.0
6136.1			1.0
6137.0			1.0
6137.9			1.0
6138.8			1.0
6139.700000000001			1.0006483219025497
6140.6			0.961108256476205
6141.5			0.9051865747886846
6142.4			0.8944324425372554
6143.3			0.9402119568206292
6144.200000000001			0.9902970781615499
6145.1			1.0039787795646735
6146.0			1.0
6146.9			1.0
6147.8			1.0
6148.700000000001			1.0
6149.6			1.0
6150.5			1.0
6151.4			1.0
6152.3			1.0
6153.200000000001			0.9962842508998436
6154.1			0.9859882422972682
6155.0			0.9878250483402392
6155.9			0.9998913299732963
6156.8			0.996617219234239
6157.700000000001			0.9823441263280129
6158.6			0.9811771478510061
6159.5			0.9952003929256367
6160.4			0.9898456369436756
6161.3			0.9464374106252079
6162.200000000001			0.9135521416318255
6163.1			0.9260643400344694
6164.0			0.9450701686710724
6164.9			0.9392815173003243
6165.8			0.9217710781071641
6166.700000000001			0.9193204143679242
6167.6			0.9352125876644675
6168.5			0.9538732630740819
6169.4			0.9633471701432527
6170.3			0.9757219576896394
6171.200000000001			0.9999705827742187
6172.1			1.0
6173.0			1.0
6173.9			1.0
6174.8			1.0
6175.700000000001			1.0
6176.6			1.0
6177.5			1.0
6178.4			1.0
6179.3			1.0
6180.200000000001			1.0
6181.1			1.0
6182.0			1.0
6182.9			1.0
6183.8			1.0
6184.700000000001			1.0
6185.6			1.0
6186.5			1.0
6187.4			0.978118929798037
6188.3			0.9549640793130527
6189.200000000001			0.915423062927295
6190.1			0.8485207095711479
6191.0			0.7866382622978153
6191.9			0.7813186637232995
6192.8			0.8493589819736029
6193.700000000001			1.0
6194.6			1.065268236391227
6195.5			1.060507652799457
6196.4			1.0490560420324513
6197.3			1.0771430939108517
6198.200000000001			1.118069424266349
6199.1			1.1206921907993936
6200.0			1.0752641185915874
6200.9			1.0380859136098837
6201.8			1.043795905958263
6202.700000000001			1.0696365538445765
6203.6			1.0848760181272001
6204.5			1.0757290930712913
6205.4			1.0392633244443037
6206.3			0.9783158654544402
6207.200000000001			0.9222899467352852
6208.1			0.9137314130000223
6209.0			0.9426991224236968
6209.9			0.9673730720386797
6210.8			0.9813174783426873
6211.700000000001			0.9921609786778604
6212.6			0.9839982531529187
6213.5			0.9420207298358795
6214.4			0.9026955381794353
6215.3			0.9211022420040557
6216.200000000001			0.9747307581517644
6217.1			0.9960504727581224
6218.0			0.9891464606679551
6218.9			0.9826407419426787
6219.8			0.9711390697870745
6220.700000000001			0.958472236420463
6221.6			0.9623190087861281
6222.5			0.9789494570280568
6223.4			0.9860531408213279
6224.3			0.9759044210366612
6225.200000000001			0.9652392030292575
6226.1			0.988693371141997
6227.0			1.0
6227.9			1.0145562873940084
6228.8			0.9843060165793933
6229.700000000001			0.941051054333935
6230.6			0.9059800591769055
6231.5			0.8827887216866761
6232.4			0.8836732658313066
6233.3			0.9178911494913966
6234.200000000001			0.9674702568689151
6235.1			1.0001187579781357
6236.0			1.0
6236.9			1.0
6237.8			1.0
6238.700000000001			1.0
6239.6			1.0
6240.5			1.0
6241.4			1.0
6242.3			0.9675864224420563
6243.200000000001			0.9552151489517091
6244.1			0.94814375584169
6245.0			0.9366538109109218
6245.9			0.9355047812310113
6246.8			0.965614798213295
6247.700000000001			1.0
6248.6			1.011120751353506
6249.5			0.9798840285476232
6250.4			0.9456129613898745
6251.3			0.9445487175644023
6252.200000000001			0.9670857772646048
6253.1			0.9766753546120511
6254.0			0.9627488631744654
6254.9			0.9501544836029417
6255.8			0.959492293168497
6256.700000000001			0.9760616179364625
6257.6			0.976465206469917
6258.5			0.9578823607967231
6259.4			0.9420429102989122
6260.3			0.9420897717499932
6261.200000000001			0.9490376416379606
6262.1			0.960556564984116
6263.0			0.9758048498985092
6263.9			0.9684208653552925
6264.8			0.9361875498636603
6265.700000000001			0.9353765156579815
6266.6			0.9882053561529218
6267.5			1.0552021589323781
6268.4			1.084291464789327
6269.3			1.0574209090479019
6270.200000000001			1.018581338263697
6271.1			1.006658863278345
6272.0			1.0100199416840934
6272.9			1.0254397322275812
6273.8			1.039507366280971
6274.700000000001			1.016888217119059
6275.6			0.980563477986416
6276.5			0.9965963172147718
6277.4			1.0
6278.3			1.016272706493685
6279.200000000001			0.9717401621602333
6280.1			0.9003651448598043
6281.0			0.8497062353386747
6281.9			0.8628453692057602
6282.8			0.933386131451243
6283.700000000001			1.0005597077670378
6284.6			1.0
6285.5			1.0
6286.4			1.0
6287.3			1.0
6288.200000000001			1.0
6289.1			1.0
6290.0			1.0
6290.9			1.0
6291.8			1.0
6292.700000000001			1.0
6293.6			1.0
6294.5			1.0
6295.4			1.0428020943516652
6296.3			1.043670699464754
6297.200000000001			0.9867292431724897
6298.1			0.914548539240533
6299.0			0.8886567343241456
6299.9			0.9185744206576502
6300.8			0.9665910973754716
6301.700000000001			0.9954176689426109
6302.6			1.0008511951984285
6303.5			1.0
6304.4			1.0
6305.3			1.0
6306.200000000001			1.0
6307.1			1.0
6308.0			1.0
6308.9			1.0299368988157873
6309.8			0.9933649496207947
6310.700000000001			0.9332631514806998
6311.6			0.9066718445129884
6312.5			0.9172055451946929
6313.4			0.9408245606824998
6314.3			0.9695852227158993
6315.200000000001			0.9958036770064026
6316.1			0.9949893584426999
6317.0			0.9468687939576591
6317.9			0.8769878489788353
6318.8			0.8403924198949784
6319.700000000001			0.8422227886058473
6320.6			0.85310717061466
6321.5			0.8736551216957077
6322.4			0.9072489358106344
6323.3			0.9204250713508157
6324.200000000001			0.9086638090937251
6325.1			0.9104979829426031
6326.0			0.9332125202053662
6326.9			0.9404433859735615
6327.8			0.9497878845813276
6328.700000000001			1.0
6329.6			1.0614072540400514
6330.5			1.0588443742313325
6331.4			0.9896106559899359
6332.3			0.9132820968935248
6333.200000000001			0.8896493837663509
6334.1			0.9072732662754552
6335.0			0.9340213545507413
6335.9			0.9659937179253737
6336.8			1.0041810020248163
6337.700000000001			1.0
6338.6			1.0
6339.5			1.0
6340.4			1.0
6341.3			1.038547173645914
6342.200000000001			1.043754341148088
6343.1			1.0302726767789359
6344.0			1.0367862099436043
6344.9			1.0483218008952508
6345.8			1.0250690557129754
6346.700000000001			0.9588643009295048
6347.6			0.8939512480239744
6348.5			0.8787904033574652
6349.4			0.8948036298993858
6350.3			0.9051900302313902
6351.200000000001			0.9393281518677667
6352.1			1.0116249733139218
6353.0			1.0650225432505442
6353.9			1.0472887684140881
6354.8			0.9778984636156217
6355.700000000001			0.9161295278165998
6356.6			0.8827778158026368
6357.5			0.8596366745920411
6358.4			0.8458637967979796
6359.3			0.8685133914514293
6360.200000000001			0.9262957265946952
6361.1			0.9566638583421702
6362.0			0.930481298859633
6362.9			0.9159775695983304
6363.8			0.9579975649780955
6364.700000000001			1.0082872562489844
6365.6			1.0288580069534814
6366.5			1.0238930369224934
6367.4			1.0153134211438608
6368.3			1.0253519855885995
6369.200000000001			1.0305737204587464
6370.1			1.0020212530648427
6371.0			0.9859667153143136
6371.9			1.0371686101435154
6372.8			1.1063640642148924
6373.700000000001			1.105276489936593
6374.6			1.0404138495596424
6375.5			0.9990300138890863
6376.4			1.0
6377.3			1.0
6378.200000000001			1.0
6379.1			1.0
6380.0			1.0
6380.9			1.0
6381.8			1.0
6382.700000000001			1.0
6383.6			1.0
6384.5			1.0
6385.4			1.0
6386.3			1.0253044930633743
6387.200000000001			0.9906401335758759
6388.1			0.9253693872886208
6389.0			0.8974769102072421
6389.9			0.9289538737254126
6390.8			0.9793120593841111
6391.700000000001			1.000990328887188
6392.6			1.0
6393.5			1.0
6394.4			1.0
6395.3			1.0
6396.200000000001			0.9950369628077195
6397.1			0.9580838748312066
6398.0			0.9352603645022043
6398.9			0.9355694777053298
6399.8			0.9359918042411165
6400.700000000001			0.9405461431926224
6401.6			0.9593919953825029
6402.5			0.9585610380418951
6403.4			0.9355819048373222
6404.3			0.94821185803495
6405.200000000001			1.0133674221963573
6406.1			1.0767271345156875
6407.0			1.0706516751056256
6407.9			1.0035595423317065
6408.8			0.9612850291894213
6409.700000000001			0.9751438761755209
6410.6			0.9997276715114686
6411.5			1.0
6412.4			1.0071411235160026
6413.3			0.9693212229019473
6414.200000000001			0.9105159073739525
6415.1			0.8979434715795964
6416.0			0.9409525398704062
6416.9			0.9946340232086366
6417.8			0.9986804100850964
6418.700000000001			1.0
6419.6			1.0
6420.5			1.0
6421.4			1.0
6422.3			1.0
6423.200000000001			1.0020418316505755
6424.1			0.9513376381553166
6425.0			0.8749396354482887
6425.9			0.8495482612008779
6426.8			0.9038405412943803
6427.700000000001			0.9779644662812434
6428.6			0.9993375813781539
6429.5			1.0
6430.4			1.0
6431.3			1.0
6432.200000000001			1.0
6433.1			1.0
6434.0			1.0
6434.9			1.0
6435.8			1.0
6436.700000000001			1.0
6437.6			1.0
6438.5			1.0
6439.4			1.0
6440.3			1.0
6441.200000000001			1.0
6442.1			0.9932777441350645
6443.0			0.9408754921195269
6443.9			0.8777422236552666
6444.8			0.8862880744506048
6445.700000000001			0.9969337604256931
6446.6			1.0
6447.5			1.0
6448.4			1.0
6449.3			1.0
6450.200000000001			1.0
6451.1			1.0
6452.0			1.0
6452.9			1.0
6453.8			1.0
6454.700000000001			1.0
6455.6			1.0
6456.5			1.0
6457.4			1.0
6458.3			1.0
6459.200000000001			1.0
6460.1			1.0
6461.0			1.0191029577205686
6461.9			0.999883797539384
6462.8			0.9418835569238835
6463.700000000001			0.8788927854565687
6464.6			0.8517490388159632
6465.5			0.8679800658327639
6466.4			0.904550266912526
6467.3			0.9546803689212926
6468.200000000001			1.0011486171803228
6469.1			1.0
6470.0			1.0
6470.9			1.0
6471.8			1.0
6472.700000000001			1.0
6473.6			1.0
6474.5			1.0
6475.4			0.9922372197645336
6476.3			1.0122062275634283
6477.200000000001			1.0179654796706021
6478.1			0.9758749222622032
6479.0			0.9220296598837764
6479.9			0.9064909588998452
6480.8			0.911976645804899
6481.700000000001			0.9183876259114657
6482.6			1.0
6483.5			1.0403210089076718
6484.4			1.0554301354553128
6485.3			1.0282697483974552
6486.200000000001			0.9886601647323088
6487.1			0.9787021263306099
6488.0			1.0031148149929057
6488.9			1.025503119533977
6489.8			1.0419060510418794
6490.700000000001			1.0685113645351658
6491.6			1.0802328741065315
6492.5			1.0332460741789016
6493.4			0.9412262704101031
6494.3			0.8692948288377013
6495.200000000001			0.8655178911732629
6496.1			0.8910625463099798
6497.0			0.8856423009347436
6497.9			0.8733349639776412
6498.8			0.8943037069007215
6499.700000000001			0.9330581041908984
6500.6			0.9605548651199255
6501.5			0.9636148275492279
6502.4			0.9451001259320592
6503.3			0.948686327924122
6504.200000000001			0.9915885824626356
6505.1			1.0189633857096423
6506.0			1.0112440225142896
6506.9			1.0
6507.8			1.0022353012239664
6508.700000000001			0.9947107829258433
6509.6			0.9631977057476263
6510.5			0.9395698839945745
6511.4			0.948065466967751
6512.3			0.9742474824413327
6513.200000000001			0.999729128018588
6514.1			1.0
6515.0			1.0
6515.9			1.0
6516.8			1.0
6517.700000000001			1.0
6518.6			1.0
6519.5			1.0
6520.4			1.0
6521.3			1.0
6522.200000000001			1.0
6523.1			1.0
6524.0			1.0
6524.9			1.0316963722749746
6525.8			1.0167865305750612
6526.700000000001			0.9420954406566683
6527.6			0.8765901638902666
6528.5			0.8710751649256258
6529.4			0.9050145586586118
6530.3			0.9638215597101302
6531.200000000001			1.0132553101322959
6532.1			1.0005466547069233
6533.0			1.0
6533.9			1.0
6534.8			1.0
6535.700000000001			1.0
6536.6			1.0
6537.5			1.0
6538.4			1.0
6539.3			1.0616681068123834
6540.200000000001			1.0905735920815856
6541.1			1.0483592152230876
6542.0			0.979468782653976
6542.9			0.9563471613777803
6543.8			0.9723338093550935
6544.700000000001			0.9734962778352646
6545.6			0.9497761855541229
6546.5			0.9370712836379976
6547.4			0.9444973257658019
6548.3			0.9688359385293597
6549.200000000001			1.0164433275207658
6550.1			1.071119892142363
6551.0			1.1134829247989875
6551.9			1.1170650320541582
6552.8			1.0628368832186523
6553.700000000001			1.00240458779086
6554.6			1.0
6555.5			1.0
6556.4			1.0
6557.3			1.0
6558.200000000001			1.0
6559.1			0.9647782133585591
6560.0			0.9830913121066184
6560.9			0.9788572194502188
6561.8			0.873471608440551
6562.700000000001			0.7173818780197757
6563.6			0.6736613517654227
6564.5			0.7719206808512948
6565.4			0.8750709864086301
6566.3			0.9256162001797273
6567.200000000001			0.9709202784607973
6568.1			1.0041656353652089
6569.0			1.0
6569.9			1.0
6570.8			1.0
6571.700000000001			1.0
6572.6			1.0
6573.5			1.0111968093066264
6574.4			0.9735172501701121
6575.3			0.9242177625208303
6576.200000000001			0.8994822412654724
6577.1			0.9161350034511401
6578.0			0.9597367264722381
6578.9			0.9959499463033393
6579.8			1.0
6580.700000000001			1.0
6581.6			1.0
6582.5			1.0
6583.4			1.0
6584.3			1.0
6585.200000000001			1.0
6586.1			1.0
6587.0			1.0
6587.9			1.0
6588.8			1.0
6589.700000000001			1.0
6590.6			1.0
6591.5			1.013569156595332
6592.4			0.9836712633007979
6593.3			0.9446961537744555
6594.200000000001			0.9324148876741619
6595.1			0.9209943310882575
6596.0			0.8945736555243273
6596.9			0.8940854601097952
6597.8			0.9429014264461569
6598.700000000001			1.0020646543636111
6599.6			1.0204405958853695
6600.5			0.999779412324175
6601.4			1.0
6602.3			1.0
6603.200000000001			1.0
6604.1			1.0
6605.0			1.0
6605.9			1.0
6606.8			1.0
6607.700000000001			1.0
6608.6			1.0326407514240978
6609.5			1.0144241153955498
6610.4			0.962124974893501
6611.3			0.9366033894556371
6612.200000000001			0.9563664463675366
6613.1			0.9865180413631328
6614.0			1.0005809099677643
6614.9			1.0
6615.8			1.0
6616.700000000001			1.0
6617.6			1.0
6618.5			1.0
6619.4			1.0
6620.3			1.0
6621.200000000001			1.0
6622.1			0.9967150016737865
6623.0			0.9680174365243395
6623.9			0.9277424352371558
6624.8			0.9107495681399217
6625.700000000001			0.9388646180760964
6626.6			0.9835748295223593
6627.5			1.0002782167464983
6628.4			1.0
6629.3			1.0
6630.200000000001			1.0
6631.1			1.0
6632.0			1.0
6632.9			1.0
6633.8			1.0
6634.700000000001			1.0
6635.6			1.0
6636.5			1.0
6637.4			1.0
6638.3			1.0
6639.200000000001			1.0
6640.1			1.0
6641.0			1.0
6641.9			1.0
6642.8			1.0
6643.700000000001			1.0
6644.6			1.0
6645.5			1.0
6646.4			1.001861399596434
6647.3			0.9861299331872014
6648.200000000001			1.0
6649.1			0.9741647061567552
6650.0			0.9598782821822989
6650.9			0.9465953966665265
6651.8			0.9399627493484467
6652.700000000001			0.9553000117094634
6653.6			0.9934063826707934
6654.5			1.0330898056622724
6655.4			1.0407412030385605
6656.3			1.0096642332410461
6657.200000000001			0.9799663908882841
6658.1			0.9691918302222681
6659.0			0.9506764746867621
6659.9			0.9309396532595607
6660.8			0.9393776054841517
6661.700000000001			0.9580738074943443
6662.6			0.9509056102938185
6663.5			0.9301134440368606
6664.4			0.9248799477673668
6665.3			0.9302150251628668
6666.200000000001			0.9363937294519709
6667.1			0.9467802070193402
6668.0			0.9500708705322437
6668.9			0.93680044255224
6669.8			0.922231080660928
6670.700000000001			0.9130122841099324
6671.6			0.8962285156202645
6672.5			0.8821785886635676
6673.4			0.8865143413480953
6674.3			0.8957871100055603
6675.200000000001			0.9044414305223154
6676.1			0.9237765641513882
6677.0			0.9405293697553863
6677.9			0.9330921101192866
6678.8			0.9298812702355589
6679.700000000001			0.9607183506100084
6680.6			0.9853381218605985
6681.5			0.968420096082032
6682.4			0.9434703048323072
6683.3			0.947567919183457
6684.200000000001			0.967679874247265
6685.1			0.9762226972497411
6686.0			0.9742847795995114
6686.9			0.9701787787351335
6687.8			0.9581339471437778
6688.700000000001			0.9475857130635584
6689.6			0.9607612579482423
6690.5			0.9998430953434112
6691.4			1.0418811051391432
6692.3			1.0552927922737452
6693.200000000001			1.033812380481827
6694.1			1.0033451670918547
6695.0			1.0
6695.9			1.011831728978966
6696.8			0.9997903835428412
6697.700000000001			0.9600804171338284
6698.6			0.9491280024958783
6699.5			0.9859524398558174
6700.4			1.0131899975607785
6701.3			0.9984864479619437
6702.200000000001			1.0
6703.1			1.0
6704.0			1.0
6704.9			1.0
6705.8			1.0
6706.700000000001			1.0
6707.6			1.0
6708.5			1.0
6709.4			1.0
6710.3			1.0
6711.200000000001			1.0
6712.1			1.0
6713.0			1.01762443368765
6713.9			0.9888165392974338
6714.8			0.9278357091164326
6715.700000000001			0.89881355105285
6716.6			0.925496271888768
6717.5			0.9680975877844499
6718.4			0.9997019016208178
6719.3			1.0
6720.200000000001			1.0
6721.1			1.0
6722.0			1.0
6722.9			1.0
6723.8			1.0
6724.700000000001			1.0417991671353635
6725.6			1.019740301208645
6726.5			0.962178063190178
6727.4			0.9114994372696366
6728.3			0.8876473788537487
6729.200000000001			0.9072249017495978
6730.1			0.9549671506235866
6731.0			0.9895953243159629
6731.9			0.9991103256173018
6732.8			1.0
6733.700000000001			1.0
6734.6			1.0
6735.5			1.0
6736.4			1.0
6737.3			1.0
6738.200000000001			1.0
6739.1			0.9905514506522856
6740.0			0.9702629220820154
6740.9			0.9423742927176145
6741.8			0.9297335627885892
6742.700000000001			0.9451830133534451
6743.6			0.9736993164082013
6744.5			0.9998108056099122
6745.4			1.0
6746.3			1.0
6747.200000000001			1.0
6748.1			1.0
6749.0			1.0
6749.9			1.0
6750.8			1.0
6751.700000000001			1.0
6752.6			1.0078737553091153
6753.5			0.9943097735981091
6754.4			0.947122869685585
6755.3			0.9056354206867002
6756.200000000001			0.9108766113935272
6757.1			0.9542169598327559
6758.0			1.0003341621015192
6758.9			1.0
6759.8			1.0
6760.700000000001			1.0
6761.6			1.0
6762.5			1.0
6763.4			1.0
6764.3			1.0
6765.200000000001			1.0
6766.1			0.9936767481654222
6767.0			0.9812177518035275
6767.9			0.9714893371398092
6768.8			0.9573055743403893
6769.700000000001			0.9415578442377011
6770.6			0.9474102384067865
6771.5			0.9794006194707562
6772.4			1.0054447199305137
6773.3			0.9993559421989374
6774.200000000001			1.0
6775.1			1.0
6776.0			1.0
6776.9			1.0
6777.8			1.0
6778.700000000001			1.0
6779.6			1.0
6780.5			1.0
6781.4			1.0
6782.3			1.0
6783.200000000001			1.0
6784.1			1.0
6785.0			1.0
6785.9			1.0
6786.8			1.0
6787.700000000001			1.0417970641283754
6788.6			1.0437849468633478
6789.5			0.9997293976579484
6790.4			0.9592180547115803
6791.3			0.942426279434972
6792.200000000001			0.9294602003201686
6793.1			0.9146938750158817
6794.0			0.9101143800954307
6794.9			1.0
6795.8			1.0181112203587817
6796.700000000001			1.0485933318876903
6797.6			1.0806220280770502
6798.5			1.104426365055745
6799.4			1.1043968578243082
6800.3			1.0704783201980614
6801.200000000001			1.0376698637679944
6802.1			1.0421491618822476
6803.0			1.0684469742140175
6803.9			1.0933526438479513
6804.8			1.1120988376401828
6805.700000000001			1.1106876500953846
6806.6			1.0757414163134678
6807.5			1.0221557650600275
6808.4			0.9717546715022578
6809.3			0.9368356115752733
6810.200000000001			0.9259580816246274
6811.1			0.9328701818232089
6812.0			0.9445811869719072
6812.9			0.9564491660315271
6813.8			0.9599479249049404
6814.700000000001			0.9488809489372135
6815.6			0.9402218569433445
6816.5			0.9543002970467784
6817.4			0.9690448643154701
6818.3			0.9599528798676856
6819.200000000001			0.9434812853742656
6820.1			0.9296354372510676
6821.0			0.9206258578825242
6821.9			0.9382053408840987
6822.8			0.9811811452920404
6823.700000000001			1.0111978203999672
6824.6			1.0011772035791324
6825.5			1.0
6826.4			1.0
6827.3			1.0
6828.200000000001			1.0
6829.1			1.0
6830.0			1.0
6830.9			1.0
6831.8			1.0
6832.700000000001			1.0
6833.6			1.0
6834.5			1.0
6835.4			1.0
6836.3			1.0
6837.200000000001			1.0
6838.1			1.0
6839.0			1.0
6839.9			1.0
6840.8			1.0
6841.700000000001			1.0
6842.6			1.0
6843.5			1.0176349695813425
6844.4			1.0098650311291395
6845.3			0.9764356271842026
6846.200000000001			0.9370627440761541
6847.1			0.9235150358943615
6848.0			0.9472263776893901
6848.9			0.979309046859184
6849.8			0.9958976364704261
6850.700000000001			0.9997992668261658
6851.6			1.0
6852.5			1.0
6853.4			1.0
6854.3			1.0
6855.200000000001			1.0
6856.1			1.0
6857.0			1.0
6857.9			1.0
6858.8			1.0
6859.700000000001			1.0
6860.6			1.0
6861.5			1.0
6862.4			1.0
6863.3			1.0
6864.200000000001			1.0
6865.1			1.0
6866.0			1.0
6866.9			1.0
6867.8			1.0
6868.700000000001			1.0
6869.6			1.0
6870.5			1.0
6871.4			1.0
6872.3			1.033931531997037
6873.200000000001			1.0144977262815777
6874.1			0.953069209251488
6875.0			0.9260563376928158
6875.9			0.9506482166101899
6876.8			0.9854539623732463
6877.700000000001			1.0009184159291673
6878.6			1.0
6879.5			1.0
6880.4			1.0
6881.3			1.0
6882.200000000001			1.0
6883.1			1.0
6884.0			1.0
6884.9			0.9951495812567022
6885.8			0.9660733964553835
6886.700000000001			0.9259754172552707
6887.6			0.9086889548522217
6888.5			0.9372139707232292
6889.4			0.9834635790826006
6890.3			1.0001215667486802
6891.200000000001			1.0
6892.1			1.0
6893.0			1.0
6893.9			1.0
6894.8			1.0
6895.700000000001			1.0234602531674306
6896.6			1.057856999534962
6897.5			1.0544656398636394
6898.4			1.005540316163993
6899.3			0.9566557203942069
6900.200000000001			0.9399309208788041
6901.1			0.9391620586506486
6902.0			0.9313900875242662
6902.9			0.9319954570596615
6903.8			0.9648741245064737
6904.700000000001			1.0028246808694155
6905.6			1.0
6906.5			1.0
6907.4			0.9577008112862562
6908.3			0.9595188994853647
6909.200000000001			0.9518410206768421
6910.1			0.8955485043353306
6911.0			0.8360012624395761
6911.9			0.8334211822616092
6912.8			0.8800060037489867
6913.700000000001			0.9238542751607016
6914.6			0.9523097919395727
6915.5			0.9763764128654601
6916.4			0.9980958215940547
6917.3			1.0
6918.200000000001			1.0
6919.1			1.0
6920.0			1.0
6920.9			1.0
6921.8			1.0
6922.700000000001			1.0
6923.6			1.0
6924.5			1.007424679026632
6925.4			0.9623685607477198
6926.3			0.8918432633682515
6927.200000000001			0.8617589031106613
6928.1			0.9016831699238316
6929.0			0.9711427983407482
6929.9			1.0247609992955167
6930.8			1.0
6931.700000000001			1.0
6932.6			1.0
6933.5			1.0
6934.4			1.0
6935.3			1.0
6936.200000000001			1.0
6937.1			0.9822362502585683
6938.0			0.979797627804808
6938.9			1.0105620301323597
6939.8			1.0381842751383543
6940.700000000001			1.0360938025884374
6941.6			1.0150192552086095
6942.5			0.9616643709103071
6943.4			0.8680212218476452
6944.3			0.7869298934507294
6945.200000000001			0.7709126313015388
6946.1			0.8129185159788086
6947.0			0.8770566584680881
6947.9			0.9266725960055214
6948.8			0.9454163153412417
6949.700000000001			0.958133619190654
6950.6			0.9915781989380071
6951.5			1.0
6952.4			1.0009738138703306
6953.3			0.9603886294432662
6954.200000000001			0.9125361894958827
6955.1			0.9048887824750709
6956.0			0.9519496358837773
6956.9			1.0039084442431843
6957.8			1.0027209395486247
6958.700000000001			1.0
6959.6			1.0
6960.5			1.0
6961.4			1.0
6962.3			1.0
6963.200000000001			1.0
6964.1			1.0
6965.0			1.0467437550402683
6965.9			1.0050527539750838
6966.8			0.9321531389171832
6967.700000000001			0.9352507780341125
6968.6			1.0
6969.5			1.0265823728053138
6970.4			0.9801301434994554
6971.3			0.9342523527934001
6972.200000000001			0.991590786232805
6973.1			1.1041395667371425
6974.0			1.1243496572305283
6974.9			1.0441664944118807
6975.8			0.9853674651066102
6976.700000000001			0.9765009959512462
6977.6			0.9439087208435526
6978.5			0.8796711793676324
6979.4			0.8485719716052065
6980.3			0.8684647702329502
6981.200000000001			0.8919879289983854
6982.1			0.8967633636634021
6983.0			0.908367563724328
6983.9			0.9250149480847174
6984.8			0.9157853292031927
6985.700000000001			0.8836641996041527
6986.6			0.8713626547522783
6987.5			0.9147807236200679
6988.4			0.9833150668003223
6989.3			1.0008255137697433
6990.200000000001			1.0
6991.1			1.0
6992.0			1.0
6992.9			1.0
6993.8			0.9671082649986054
6994.700000000001			0.8996713322552644
6995.6			0.8742951396487643
6996.5			0.9323007615251593
6997.4			1.006387689354963
6998.3			1.0
6999.200000000001			1.0
7000.1			1.0
7001.0			1.0
7001.9			1.0
7002.8			1.0
7003.700000000001			1.0
7004.6			1.0
7005.5			1.0
7006.4			1.0
7007.3			1.0
7008.200000000001			1.0
7009.1			1.0
7010.0			1.0
7010.9			1.0
7011.8			1.0
7012.700000000001			1.0
7013.6			1.0
7014.5			1.0
7015.4			1.0
7016.3			1.0
7017.200000000001			1.0
7018.1			1.0
7019.0			1.0
7019.9			1.0
7020.8			1.0
7021.700000000001			1.0
7022.6			1.0
7023.5			1.0
7024.4			1.0
7025.3			1.0
7026.200000000001			1.0
7027.1			1.0
7028.0			1.0
7028.9			1.0
7029.8			1.0
7030.700000000001			1.0
7031.6			1.0
7032.5			1.0
7033.4			1.0
7034.3			1.0
7035.200000000001			1.0
7036.1			1.0
7037.0			1.0
7037.9			1.0
7038.8			1.0
7039.700000000001			1.0
7040.6			1.0
7041.5			1.0
7042.4			1.0
7043.3			1.0
7044.200000000001			1.0
7045.1			1.0
7046.0			1.0
7046.9			1.0
7047.8			1.0
7048.700000000001			1.0
7049.6			1.0
7050.5			1.0
7051.4			1.0
7052.3			1.0
7053.200000000001			1.0
7054.1			1.0
7055.0			1.0
7055.9			1.0
7056.8			1.0
7057.700000000001			1.0
7058.6			1.0
7059.5			1.0
7060.4			1.0
7061.3			1.0
7062.200000000001			1.0
7063.1			1.0
7064.0			1.0
7064.9			1.0
7065.8			1.0
7066.700000000001			1.0
7067.6			1.0
7068.5			1.0
7069.4			1.0
7070.3			1.0
7071.200000000001			1.0
7072.1			1.0
7073.0			1.0
7073.9			1.0
7074.8			1.0
7075.700000000001			1.0
7076.6			1.0
7077.5			1.0
7078.4			1.0
7079.3			1.0
7080.200000000001			1.0
7081.1			1.0
7082.0			1.0
7082.9			1.0
7083.8			1.0
7084.700000000001			1.0
7085.6			1.0
7086.5			1.0
7087.4			1.0
7088.3			1.0
7089.200000000001			1.0
7090.1			1.0
7091.0			1.0
7091.9			1.0
7092.8			1.0
7093.700000000001			1.0
7094.6			1.0
7095.5			1.0
7096.4			1.0
7097.3			1.0
7098.200000000001			1.0
7099.1			1.0
7100.0			1.0
7100.9			1.0
7101.8			1.0
7102.700000000001			1.0
7103.6			1.0
7104.5			1.0
7105.4			1.0
7106.3			1.0
7107.200000000001			1.0
7108.1			1.0
7109.0			1.0
7109.9			1.0
7110.8			1.0
7111.700000000001			1.0
7112.6			1.0
7113.5			1.0
7114.4			1.0
7115.3			1.0
7116.200000000001			1.0
7117.1			1.0
7118.0			1.0
7118.9			1.0
7119.8			1.0
7120.700000000001			1.0
7121.6			1.0
7122.5			1.0
7123.4			1.0
7124.3			1.0
7125.200000000001			1.0
7126.1			1.0
7127.0			1.0
7127.9			1.0
7128.8			1.0
7129.700000000001			1.0
7130.6			1.0
7131.5			1.0
7132.4			1.0
7133.3			1.0
7134.200000000001			1.0
7135.1			1.0
7136.0			1.0
7136.9			1.0
7137.8			1.0
7138.700000000001			1.0
7139.6			1.0
7140.5			1.0
7141.4			1.0
7142.3			1.0
7143.200000000001			1.0
7144.1			1.0
7145.0			1.0
7145.9			1.0
7146.8			1.0
7147.700000000001			1.0
7148.6			1.0
7149.5			1.0
7150.4			1.0
7151.3			1.0
7152.200000000001			1.0
7153.1			1.0
7154.0			1.0
7154.9			1.0
7155.8			1.0
7156.700000000001			1.0
7157.6			1.0
7158.5			1.0
7159.4			1.0
7160.3			1.0
7161.200000000001			1.0
7162.1			1.0
7163.0			1.0
7163.9			1.0
7164.8			1.0
7165.700000000001			1.0
7166.6			1.0
7167.5			1.0
7168.4			1.0
7169.3			1.0
7170.200000000001			1.0
7171.1			1.0
7172.0			1.0
7172.9			1.0
7173.8			1.0
7174.700000000001			1.0
7175.6			1.0
7176.5			1.0
7177.4			1.0
7178.3			1.0
7179.200000000001			1.0
7180.1			1.0
7181.0			1.0
7181.9			1.0
7182.8			1.0
7183.700000000001			1.0
7184.6			1.0
7185.5			1.0
7186.4			1.0
7187.3			1.0
7188.200000000001			1.0
7189.1			1.0
7190.0			1.0
7190.9			1.0
7191.8			1.0
7192.700000000001			1.0
7193.6			1.0
7194.5			1.0
7195.4			1.0
7196.3			1.0
7197.200000000001			1.0
7198.1			1.0
7199.0			1.0
7199.9			1.0
7200.8			1.0
7201.700000000001			1.0
7202.6			1.0
7203.5			1.0
7204.4			1.0
7205.3			1.0
7206.200000000001			1.0
7207.1			1.0
7208.0			1.0
7208.9			1.0
7209.8			1.0
7210.700000000001			1.0
7211.6			1.0
7212.5			1.0
7213.4			1.0
7214.3			1.0
7215.200000000001			1.0
7216.1			1.0
7217.0			1.0
7217.9			1.0
7218.8			1.0
7219.700000000001			1.0
7220.6			1.0
7221.5			1.0
7222.4			1.0
7223.3			1.0
7224.200000000001			1.0
7225.1			1.0
7226.0			1.0
7226.9			1.0
7227.8			1.0
7228.700000000001			1.0
7229.6			1.0
7230.5			1.0
7231.4			1.0
7232.3			1.0
7233.200000000001			1.0
7234.1			1.0
7235.0			1.0
7235.9			1.0
7236.8			1.0
7237.700000000001			1.0
7238.6			1.0
7239.5			1.0
7240.4			1.0
7241.3			1.0
7242.200000000001			1.0
7243.1			1.0
7244.0			1.0
7244.9			1.0
7245.8			1.0
7246.700000000001			1.0
7247.6			1.0
7248.5			1.0
7249.4			1.0
7250.3			1.0
7251.200000000001			1.0
7252.1			1.0
7253.0			1.0
7253.9			1.0
7254.8			1.0
7255.700000000001			1.0
7256.6			1.0
7257.5			1.0
7258.4			1.0
7259.3			1.0
7260.200000000001			1.0
7261.1			1.0
7262.0			1.0
7262.9			1.0
7263.8			1.0
7264.700000000001			1.0
7265.6			1.0
7266.5			1.0
7267.4			1.0
7268.3			1.0
7269.200000000001			1.0
7270.1			1.0
7271.0			1.0
7271.9			1.0
7272.8			1.0
7273.700000000001			1.0
7274.6			1.0
7275.5			1.0
7276.4			1.0
7277.3			1.0
7278.200000000001			1.0
7279.1			1.0
7280.0			1.0
7280.9			1.0
7281.8			1.0
7282.700000000001			1.0
7283.6			1.0
7284.5			1.0
7285.4			1.0
7286.3			1.0
7287.200000000001			1.0
7288.1			1.0
7289.0			1.0
7289.9			1.0
7290.8			1.0
7291.700000000001			1.0
7292.6			1.0
7293.5			1.0
7294.4			1.0
7295.3			1.0
7296.200000000001			1.0
7297.1			1.0
7298.0			1.0
7298.9			1.0
7299.8			1.0
7300.700000000001			1.0
7301.6			1.0
7302.5			1.0
7303.4			1.0
7304.3			1.0
7305.200000000001			1.0
7306.1			1.0
7307.0			1.0
7307.9			1.0
7308.8			1.0
7309.700000000001			1.0
7310.6			1.0
7311.5			1.0
7312.4			1.0
7313.3			1.0
7314.200000000001			1.0
7315.1			1.0
7316.0			1.0
7316.9			1.0
7317.8			1.0
7318.700000000001			1.0
7319.6			1.0
7320.5			1.0
7321.4			1.0
7322.3			1.0
7323.200000000001			1.0
7324.1			1.0
7325.0			1.0
7325.9			1.0
7326.8			1.0
7327.700000000001			1.0
7328.6			1.0
7329.5			1.0
7330.4			1.0
7331.3			1.0
7332.200000000001			1.0
7333.1			1.0
7334.0			1.0
7334.9			1.0
7335.8			1.0
7336.700000000001			1.0
7337.6			1.0
7338.5			1.0
7339.4			1.0
7340.3			1.0
7341.200000000001			1.0
7342.1			1.0
7343.0			1.0
7343.9			1.0
7344.8			1.0
7345.700000000001			1.0
7346.6			1.0
7347.5			1.0
7348.4			1.0
7349.3			1.0
7350.200000000001			1.0
7351.1			1.0
7352.0			1.0
7352.9			1.0
7353.8			1.0
7354.700000000001			1.0
7355.6			1.0
7356.5			1.0
7357.4			1.0
7358.3			1.0
7359.200000000001			1.0
7360.1			1.0
7361.0			1.0
7361.9			1.0
7362.8			1.0
7363.700000000001			1.0
7364.6			1.0
7365.5			1.0
7366.4			1.0
7367.3			1.0
7368.200000000001			1.0
7369.1			1.0
7370.0			1.0
7370.9			1.0
7371.8			1.0
7372.700000000001			1.0
7373.6			1.0
7374.5			1.0
7375.4			1.0
7376.3			1.0
7377.200000000001			1.0
7378.1			1.0
7379.0			1.0
7379.9			1.0
7380.8			1.0
7381.700000000001			1.0
7382.6			1.0
7383.5			1.0
7384.4			1.0
7385.3			1.0
7386.200000000001			1.0
7387.1			1.0
7388.0			1.0
7388.9			1.0
7389.8			1.0
7390.700000000001			1.0
7391.6			1.0
7392.5			1.0
7393.4			1.0
7394.3			1.0
7395.200000000001			1.0
7396.1			1.0
7397.0			1.0
7397.9			1.0
7398.8			1.0
7399.700000000001			1.0
7400.6			1.0
7401.5			1.0
7402.4			1.0
7403.3			1.0
7404.200000000001			1.0
7405.1			1.0
7406.0			1.0
7406.9			1.0
7407.8			1.0
7408.700000000001			1.0
7409.6			1.0
7410.5			1.0
7411.4			1.0
7412.3			1.0
7413.200000000001			1.0
7414.1			1.0
7415.0			1.0
7415.9			1.0
7416.8			1.0
7417.700000000001			1.0
7418.6			1.0
7419.5			1.0
7420.4			1.0
7421.3			1.0
7422.200000000001			1.0
7423.1			1.0
7424.0			1.0
7424.9			1.0
7425.8			1.0
7426.700000000001			1.0
7427.6			1.0
7428.5			1.0
7429.4			1.0
