3500.0			1.0
3500.9			1.0
3501.8			1.0
3502.7			1.0
3503.6			1.0
3504.5			1.0
3505.4			1.0
3506.3			1.0
3507.2			1.0
3508.1			1.0
3509.0			1.0
3509.9			1.0
3510.8			1.0
3511.7			1.0
3512.6			1.0
3513.5			1.0
3514.4			1.0
3515.3			1.0
3516.2			1.0
3517.1			1.0
3518.0			1.0
3518.9			1.0
3519.8			1.0
3520.7			1.0
3521.6			1.0
3522.5			1.0
3523.4			1.0
3524.3			1.0
3525.2			1.0
3526.1			1.0
3527.0			1.0
3527.9			1.0
3528.8			1.0
3529.7			1.0
3530.6			1.0
3531.5			1.0
3532.4			1.0
3533.3			1.0
3534.2			1.0
3535.1			1.0
3536.0			1.0
3536.9			1.0
3537.8			1.0
3538.7			1.0
3539.6			1.0
3540.5			1.0
3541.4			1.0
3542.3			1.0
3543.2			1.0
3544.1			1.0
3545.0			1.0
3545.9			1.0
3546.8			1.0
3547.7			1.0
3548.6			1.0
3549.5			1.0
3550.4			1.0
3551.3			1.0
3552.2			1.0
3553.1			1.0
3554.0			1.0
3554.9			1.0
3555.8			1.0
3556.7			1.0
3557.6			1.0
3558.5			1.0
3559.4			1.0
3560.3			1.0
3561.2			1.0
3562.1			1.0
3563.0			1.0
3563.9			1.0
3564.8			1.0
3565.7			1.0
3566.6			1.0
3567.5			1.0
3568.4			1.0
3569.3			1.0
3570.2			1.0
3571.1			1.0
3572.0			1.0
3572.9			1.0
3573.8			1.0
3574.7			1.0
3575.6			1.0
3576.5			1.0
3577.4			1.0
3578.3			1.0
3579.2			1.0
3580.1			1.0
3581.0			1.0
3581.9			1.0
3582.8			1.0
3583.7			1.0
3584.6			1.0
3585.5			1.0
3586.4			1.0
3587.3			1.0
3588.2			1.0
3589.1			1.0
3590.0			1.0
3590.9			1.0
3591.8			1.0
3592.7			1.0
3593.6			1.0
3594.5			1.0
3595.4			1.0
3596.3			1.0
3597.2			1.0
3598.1			1.0
3599.0			1.0
3599.9			1.0
3600.8			1.0
3601.7			1.0
3602.6			1.0
3603.5			1.0
3604.4			1.0
3605.3			1.0
3606.2			1.0
3607.1			1.0
3608.0			1.0
3608.9			1.0
3609.8			1.0
3610.7			1.0
3611.6			1.0
3612.5			1.0
3613.4			1.0
3614.3			1.0
3615.2			1.0
3616.1			1.0
3617.0			1.0
3617.9			1.0
3618.8			1.0
3619.7			1.0
3620.6			1.0
3621.5			1.0
3622.4			1.0
3623.3			1.0
3624.2			1.0
3625.1			1.0
3626.0			1.0
3626.9			1.0
3627.8			1.0
3628.7			1.0
3629.6			1.0
3630.5			1.0
3631.4			1.0
3632.3			1.0
3633.2			1.0
3634.1			1.0
3635.0			1.0
3635.9			1.0
3636.8			1.0
3637.7			1.0
3638.6			1.0
3639.5			1.0
3640.4			1.0
3641.3			1.0
3642.2			1.0
3643.1			1.0
3644.0			1.0
3644.9			1.0
3645.8			1.0
3646.7			1.0
3647.6			1.0
3648.5			1.0
3649.4			1.0
3650.3			1.0
3651.2			1.0
3652.1			1.0
3653.0			1.0
3653.9			1.0
3654.8			1.0
3655.7			1.0
3656.6			1.0
3657.5			1.0
3658.4			1.0
3659.3			1.0
3660.2			1.0
3661.1			1.0
3662.0			1.0
3662.9			1.0
3663.8			1.0
3664.7			1.0
3665.6			1.0
3666.5			1.0
3667.4			1.0
3668.3			1.0
3669.2			1.0
3670.1			1.0
3671.0			1.0
3671.9			1.0
3672.8			1.0
3673.7			1.0
3674.6			1.0
3675.5			1.0
3676.4			1.0
3677.3			1.0
3678.2			1.0
3679.1			1.0
3680.0			1.0
3680.9			1.0
3681.8			1.0
3682.7			1.0
3683.6			1.0
3684.5			1.0
3685.4			1.0
3686.3			1.0
3687.2			1.0
3688.1			1.0
3689.0			1.0
3689.9			1.0
3690.8			1.0
3691.7			1.0
3692.6			1.0
3693.5			1.0
3694.4			1.0
3695.3			1.0
3696.2			1.0
3697.1			1.0
3698.0			1.0
3698.9			1.0
3699.8			1.0
3700.7			1.0
3701.6			1.0
3702.5			1.0
3703.4			1.0
3704.3			1.0
3705.2			1.0
3706.1			1.0
3707.0			1.0
3707.9			1.0
3708.8			1.0
3709.7			1.0
3710.6			1.0
3711.5			1.0
3712.4			1.0
3713.3			1.0
3714.2			1.0
3715.1			1.0
3716.0			1.0
3716.9			1.0
3717.8			1.0
3718.7			1.0
3719.6			1.0
3720.5			1.0
3721.4			1.0
3722.3			1.0
3723.2			1.0
3724.1			1.0
3725.0			1.0
3725.9			1.0
3726.8			1.0
3727.7			1.0
3728.6			1.0
3729.5			1.0
3730.4			1.0
3731.3			1.0
3732.2			1.0
3733.1			1.0
3734.0			1.0
3734.9			1.0
3735.8			1.0
3736.7			1.0
3737.6			1.0
3738.5			1.0
3739.4			1.0
3740.3			1.0
3741.2			1.0
3742.1			1.0
3743.0			1.0
3743.9			1.0
3744.8			1.0
3745.7			1.0
3746.6			1.0
3747.5			1.0
3748.4			1.0
3749.3			1.0
3750.2			1.0
3751.1			1.0
3752.0			1.0
3752.9			1.0
3753.8			1.0
3754.7			1.0
3755.6			1.0
3756.5			1.0
3757.4			1.0
3758.3			1.0
3759.2			1.0
3760.1			1.0
3761.0			1.0
3761.9			1.0
3762.8			1.0
3763.7			1.0
3764.6			1.0
3765.5			1.0
3766.4			1.0
3767.3			1.0
3768.2			1.0
3769.1			1.0
3770.0			1.0
3770.9			1.0
3771.8			1.0
3772.7			1.0
3773.6			1.0
3774.5			1.0
3775.4			1.0
3776.3			1.0
3777.2			1.0
3778.1			1.0
3779.0			1.0
3779.9			1.0
3780.8			1.0
3781.7			1.0
3782.6			1.0
3783.5			1.0
3784.4			1.0
3785.3			1.0
3786.2			1.0
3787.1			1.0
3788.0			1.0
3788.9			1.0
3789.8			1.0
3790.7			1.0
3791.6			1.0
3792.5			1.0
3793.4			1.0
3794.3			1.0
3795.2			1.0
3796.1			1.0
3797.0			1.0
3797.9			1.0
3798.8			1.0
3799.7			1.0
3800.6			1.0
3801.5			1.0
3802.4			1.0
3803.3			1.0
3804.2			1.0
3805.1			1.0
3806.0			1.0
3806.9			1.0
3807.8			1.0
3808.7			1.0
3809.6			1.0
3810.5			1.0
3811.4			1.0
3812.3			1.0
3813.2			1.0
3814.1			1.0
3815.0			1.0
3815.9			1.0
3816.8			1.0
3817.7			1.0
3818.6			1.0
3819.5			1.0
3820.4			1.0
3821.3			1.0
3822.2			1.0
3823.1			1.0
3824.0			1.0
3824.9			1.0
3825.8			1.0
3826.7			1.0
3827.6			1.0
3828.5			1.0
3829.4			1.0
3830.3			1.0
3831.2			1.0
3832.1			1.0
3833.0			1.0
3833.9			1.0
3834.8			1.0
3835.7			1.0
3836.6			1.0
3837.5			1.0
3838.4			1.0
3839.3			1.0
3840.2			1.0
3841.1			1.0
3842.0			1.0
3842.9			1.0
3843.8			1.0
3844.7			1.0
3845.6			1.0
3846.5			1.0
3847.4			1.0
3848.3			1.0
3849.2			1.0
3850.1			1.0
3851.0			1.0
3851.9			1.0
3852.8			1.0
3853.7			1.0
3854.6			1.0
3855.5			1.0
3856.4			1.0
3857.3			1.0
3858.2			1.0
3859.1			1.0
3860.0			1.0
3860.9			1.0
3861.8			1.0
3862.7			1.0
3863.6			1.0
3864.5			1.0
3865.4			1.0
3866.3			1.0
3867.2			1.0
3868.1			1.0
3869.0			1.0
3869.9			1.0
3870.8			1.0
3871.7			1.0
3872.6			1.0
3873.5			1.0
3874.4			1.0
3875.3			1.0
3876.2			1.0
3877.1			1.0
3878.0			1.0
3878.9			1.0
3879.8			1.0
3880.7			1.0
3881.6			1.0
3882.5			1.0
3883.4			1.0
3884.3			1.0
3885.2			1.0
3886.1			1.0
3887.0			1.0
3887.9			1.0
3888.8			1.0
3889.7			1.0
3890.6			1.0
3891.5			1.0
3892.4			1.0
3893.3			1.0
3894.2			1.0
3895.1			1.0
3896.0			1.0
3896.9			1.0
3897.8			1.0
3898.7			1.0
3899.6			1.0
3900.5			1.0
3901.4			1.0
3902.3			1.0
3903.2			1.0
3904.1			1.0
3905.0			1.0
3905.9			1.0
3906.8			1.0
3907.7			1.0
3908.6			1.0
3909.5			1.0
3910.4			1.0
3911.3			1.0
3912.2			1.0
3913.1			1.0
3914.0			1.0
3914.9			1.0
3915.8			1.0
3916.7			1.0
3917.6			1.0
3918.5			1.0
3919.4			1.0
3920.3			1.0
3921.2			1.0
3922.1			1.0
3923.0			1.0
3923.9			1.0
3924.8			1.0
3925.7			1.0
3926.6			1.0
3927.5			1.0
3928.4			1.0
3929.3			1.0
3930.2			1.0
3931.1			1.0
3932.0			1.0
3932.9			1.0
3933.8			1.0
3934.7			1.0
3935.6			1.0
3936.5			1.0
3937.4			1.0
3938.3			1.0
3939.2			1.0
3940.1			1.0
3941.0			1.0
3941.9			1.0
3942.8			1.0
3943.7			1.0
3944.6			1.0
3945.5			1.0
3946.4			1.0
3947.3			1.0
3948.2			1.0
3949.1			1.0
3950.0			1.0
3950.9			1.0
3951.8			1.0
3952.7			1.0
3953.6			1.0
3954.5			1.0
3955.4			1.0
3956.3			1.0
3957.2			1.0
3958.1			1.0
3959.0			1.0
3959.9			1.0
3960.8			1.0
3961.7			1.0
3962.6			1.0
3963.5			1.0
3964.4			1.0
3965.3			1.0
3966.2			1.0
3967.1			1.0
3968.0			1.0
3968.9			1.0
3969.8			1.0
3970.7			1.0
3971.6			1.0
3972.5			1.0
3973.4			1.0
3974.3			1.0
3975.2			1.0
3976.1			1.0
3977.0			1.0
3977.9			1.0
3978.8			1.0
3979.7			1.0
3980.6			1.0
3981.5			1.0
3982.4			1.0
3983.3			1.0
3984.2			1.0
3985.1			1.0
3986.0			1.0
3986.9			1.0
3987.8			1.0
3988.7			1.0
3989.6			1.0
3990.5			1.0
3991.4			1.0
3992.3			1.0
3993.2			1.0
3994.1			1.0
3995.0			1.0
3995.9			1.0
3996.8			1.0
3997.7			1.0
3998.6			1.0
3999.5			1.0
4000.4			1.0
4001.3			1.0
4002.2			1.0
4003.1			1.0402323326416492
4004.0			0.9758455530396215
4004.9			0.8159661089481082
4005.8			0.7327657356111895
4006.7			0.8066784591994733
4007.6			0.9342714121814253
4008.5			1.0019267043876179
4009.4			1.0
4010.3			1.0
4011.2			1.0
4012.1			1.0
4013.0			1.0
4013.9			1.0
4014.8			1.0
4015.7			1.0
4016.6			1.0
4017.5			1.0
4018.4			1.0
4019.3			1.0
4020.2			1.0
4021.1			1.0
4022.0			1.0
4022.9			1.0
4023.8			1.0
4024.7			1.0
4025.6			1.0
4026.5			1.0
4027.4			1.0
4028.3			1.0164193064457427
4029.2			0.9697341649639704
4030.1			0.8391443600644196
4031.0			0.7251346559837132
4031.9			0.7070963912861066
4032.8			0.7045253219391858
4033.7			0.7003361149139208
4034.6			0.7386753203751742
4035.5			0.8152018491732741
4036.4			0.9164800999282031
4037.3			0.9977256365313123
4038.2			1.0269707603932614
4039.1			1.0000342775670128
4040.0			1.0
4040.9			1.0
4041.8			1.0
4042.7			1.022142600628682
4043.6			0.9153811958332922
4044.5			0.7086693959210882
4045.4			0.5489240967006034
4046.3			0.5791464962297734
4047.2			0.7859917759773052
4048.1			0.9892073877500941
4049.0			1.0
4049.9			1.0
4050.8			1.0
4051.7			1.0
4052.6			1.0
4053.5			1.0
4054.4			1.0
4055.3			1.0
4056.2			1.0
4057.1			1.0
4058.0			1.0
4058.9			1.0
4059.8			1.115064411659681
4060.7			1.184146783542657
4061.6			1.113015080586133
4062.5			0.912840726295422
4063.4			0.7422438846144349
4064.3			0.7683987894996863
4065.2			0.9231024487281317
4066.1			1.0013783167511463
4067.0			0.9998458150076326
4067.9			1.0
4068.8			1.0
4069.7			1.0
4070.6			1.0
4071.5			1.0
4072.4			1.0
4073.3			1.0
4074.2			1.0
4075.1			0.946022891587672
4076.0			0.8347848428821232
4076.9			0.7435910595964894
4077.8			0.7361405796519711
4078.7			0.8104130587101619
4079.6			0.9125596587928763
4080.5			1.002086264426552
4081.4			1.0
4082.3			1.0
4083.2			1.0
4084.1			1.0
4085.0			1.0
4085.9			1.0
4086.8			1.0
4087.7			1.0
4088.6			1.0
4089.5			1.0
4090.4			1.0
4091.3			1.0
4092.2			1.0
4093.1			1.0
4094.0			1.0
4094.9			1.0
4095.8			1.0
4096.7			1.0
4097.6			1.0210913461762026
4098.5			1.0408441323758104
4099.4			1.0148508696825085
4100.3			0.9146372249515424
4101.2			0.8015543224264845
4102.1			0.795657947162758
4103.0			0.8831516860510912
4103.9			0.9587736431054646
4104.8			1.0075232593872285
4105.7			1.0
4106.6			1.0
4107.5			1.0
4108.4			1.0
4109.3			1.0
4110.2			1.0
4111.1			1.0
4112.0			1.0
4112.9			1.0
4113.8			1.0
4114.7			1.0
4115.6			1.0
4116.5			1.0
4117.4			1.0
4118.3			1.0
4119.2			1.0
4120.1			1.0
4121.0			1.0
4121.9			1.0
4122.8			1.0
4123.7			1.0
4124.6			1.0
4125.5			1.0
4126.4			1.0
4127.3			1.0
4128.2			1.0
4129.1			0.9989332172966731
4130.0			0.9987019434450635
4130.9			0.9450092168636693
4131.8			0.8415632418696083
4132.7			0.777017996023559
4133.6			0.791789690135639
4134.5			0.8465717030225944
4135.4			0.9373108862745406
4136.3			1.0029304135470931
4137.2			1.0
4138.1			1.0
4139.0			1.0
4139.9			1.0198464250637902
4140.8			1.000034947926747
4141.7			0.9134114397052244
4142.6			0.7672223034266473
4143.5			0.6766740852043961
4144.4			0.7357813652436251
4145.3			0.8751367086423032
4146.2			0.9667014217764673
4147.1			0.9963406897997236
4148.0			1.0
4148.9			1.0
4149.8			1.0
4150.7			1.0
4151.6			1.0
4152.5			1.0
4153.4			1.0
4154.3			1.0
4155.2			1.0
4156.1			1.0
4157.0			1.0
4157.9			1.0
4158.8			1.0
4159.7			1.0
4160.6			1.0
4161.5			1.0163005555006996
4162.4			1.0541562053966413
4163.3			1.0546016869970827
4164.2			1.0127429639228351
4165.1			0.9780793259966195
4166.0			0.9418927953145141
4166.9			0.8837389841402052
4167.8			0.8714026624808673
4168.7			0.9379450056369008
4169.6			1.001348610436412
4170.5			0.9902777866423021
4171.4			0.9007718938408229
4172.3			0.7951805938476937
4173.2			0.7656481823808758
4174.1			0.8129425862317526
4175.0			0.8613433141537948
4175.9			0.8716986097713548
4176.8			0.850612142407911
4177.7			0.8314692374636504
4178.6			0.8518887026365344
4179.5			0.8884723538607835
4180.4			0.8833522897855672
4181.3			0.8488907432232156
4182.2			0.8431279930959573
4183.1			0.8830664263817876
4184.0			0.947827563376147
4184.9			1.0
4185.8			0.9773074166913881
4186.7			0.8686379421568677
4187.6			0.8161124353692809
4188.5			1.0
4189.4			1.093196525406305
4190.3			1.0922264662451133
4191.2			1.0425880831146395
4192.1			1.05690052416585
4193.0			1.122261992600794
4193.9			1.1115242946425419
4194.8			0.9961381895863229
4195.7			0.8769876405192385
4196.6			0.8247438956072758
4197.5			0.8146140934128394
4198.4			0.8092368265713075
4199.3			0.8410125705524332
4200.2			0.8783143495524453
4201.1			0.8441780573108458
4202.0			0.8061927975430195
4202.9			0.8528828608595789
4203.8			0.9288456216148321
4204.7			0.9660769154908726
4205.6			0.9975064802772744
4206.5			1.0
4207.4			1.0
4208.3			1.0
4209.2			1.0
4210.1			1.0
4211.0			1.0
4211.9			1.0
4212.8			0.9911998172721954
4213.7			0.9188950026159413
4214.6			0.8091177225704227
4215.5			0.7380545679331431
4216.4			0.7966377264267893
4217.3			0.9262840698741568
4218.2			0.996879749446981
4219.1			1.0
4220.0			1.0
4220.9			1.0
4221.8			1.0
4222.7			0.9225600437346994
4223.6			0.8450792150105864
4224.5			0.7455162136759242
4225.4			0.596086538281644
4226.3			0.45902682122594046
4227.2			0.48099037927110877
4228.1			0.6890037672064903
4229.0			1.0
4229.9			1.0999121630505495
4230.8			1.135292178218921
4231.7			1.1158118534078898
4232.6			1.0285570632828653
4233.5			0.9693706924148222
4234.4			0.961891571358769
4235.3			0.9211621801725552
4236.2			0.8621231637166958
4237.1			0.8767899485899652
4238.0			0.9198806065314094
4238.9			0.9224787107432919
4239.8			0.9303503899693808
4240.7			0.9858160624972576
4241.6			1.0255829225669237
4242.5			1.0048866041488034
4243.4			1.0
4244.3			1.0
4245.2			1.0
4246.1			1.0
4247.0			0.9354421333132398
4247.9			0.8823144692570609
4248.8			0.8457683328010603
4249.7			0.8069666533284018
4250.6			0.8259732823277944
4251.5			0.9565216306944789
4252.4			1.083682309168534
4253.3			1.0715321912289841
4254.2			0.9893467437741531
4255.1			1.0
4256.0			1.0
4256.9			1.0
4257.8			0.9815608793304672
4258.7			0.8639866611897545
4259.6			0.7388963835710672
4260.5			0.6807779757829249
4261.4			0.7488624620109525
4262.3			0.8989933021628859
4263.2			1.001181834303113
4264.1			1.0
4265.0			1.0
4265.9			1.0
4266.8			0.9655643407580461
4267.7			0.9036071951188063
4268.6			0.8595663598796272
4269.5			0.8060281058325369
4270.4			0.6953686850401707
4271.3			0.5851650106828695
4272.2			0.5832080671329759
4273.1			0.6561538175058201
4274.0			0.6855179234334394
4274.9			0.7030283695374451
4275.8			0.791021856283298
4276.7			0.9124329101927162
4277.6			0.9980054986093563
4278.5			1.0
4279.4			1.0
4280.3			1.0
4281.2			1.0
4282.1			1.0
4283.0			1.0
4283.9			1.0
4284.8			1.0
4285.7			1.0
4286.6			1.0
4287.5			1.0214704646722421
4288.4			0.9538581532375651
4289.3			0.8249557458964005
4290.2			0.7762455892756963
4291.1			0.8461611247404691
4292.0			1.0
4292.9			1.0616109483313927
4293.8			1.0319019149278155
4294.7			0.9926346021116119
4295.6			0.9973833402906249
4296.5			0.9776340255726684
4297.4			0.9023287512530491
4298.3			0.7901342282212269
4299.2			0.6706487639020271
4300.1			0.6305062709680506
4301.0			0.6868217485685488
4301.9			0.7357969084658028
4302.8			0.7414329958897931
4303.7			0.7578056154495977
4304.6			0.771895974932485
4305.5			0.7553825156407405
4306.4			0.7119164848752436
4307.3			0.6351804522066542
4308.2			0.5767737875012612
4309.1			0.5976820703547159
4310.0			0.6630571105016269
4310.9			0.7287395520720478
4311.8			0.800640019806552
4312.7			0.8899784567053178
4313.6			0.9783980083876407
4314.5			1.0713061872843157
4315.4			1.2329226650273226
4316.3			1.411331935475834
4317.2			1.475574250087653
4318.1			1.4485578737884144
4319.0			1.421636827559023
4319.9			1.3944840249861128
4320.8			1.0
4321.7			0.966304942732743
4322.6			0.8837670637816065
4323.5			0.7325645851285361
4324.4			0.5919967789948769
4325.3			0.5261475039925314
4326.2			0.5850889584614388
4327.1			0.762218056329659
4328.0			0.9333056956656902
4328.9			1.0004973873659573
4329.8			1.0
4330.7			1.0
4331.6			1.0
4332.5			1.0
4333.4			1.0
4334.3			1.0
4335.2			1.0
4336.1			0.9591154782534694
4337.0			0.8474459076368142
4337.9			0.7471799651678751
4338.8			0.6969479463542012
4339.7			0.6517575248378913
4340.6			0.655391381378496
4341.5			0.7654615452142602
4342.4			0.8853049716937395
4343.3			0.9217327037432242
4344.2			0.9413134664730732
4345.1			0.9968470203151587
4346.0			1.0
4346.9			1.0
4347.8			1.0
4348.7			1.0635328462483788
4349.6			1.0798059854976128
4350.5			0.970367163923109
4351.4			0.8145260500265318
4352.3			0.7671858737774702
4353.2			0.8514359660971255
4354.1			0.9387857703743312
4355.0			0.9685207280910353
4355.9			1.0053428961748108
4356.8			1.0
4357.7			1.0
4358.6			1.0
4359.5			1.0
4360.4			1.0
4361.3			1.0
4362.2			1.0
4363.1			1.0
4364.0			1.0
4364.9			1.0
4365.8			1.0
4366.7			1.0
4367.6			1.0
4368.5			1.0
4369.4			1.0
4370.3			1.0
4371.2			1.0
4372.1			0.9964618702943783
4373.0			0.9510956760668848
4373.9			0.8698757195148445
4374.8			0.8144213671950125
4375.7			0.8342570245279689
4376.6			0.9188857194832413
4377.5			1.0011724360543843
4378.4			1.0
4379.3			1.0
4380.2			0.9760418153982483
4381.1			0.9375526418426263
4382.0			0.8176203818712894
4382.9			0.6230556508282666
4383.8			0.5132175107589168
4384.7			0.6031025569433938
4385.6			0.8056155668349639
4386.5			0.9572627301666723
4387.4			0.9959857969834318
4388.3			1.0
4389.2			1.0
4390.1			1.0
4391.0			1.0
4391.9			1.0
4392.8			1.0
4393.7			1.0
4394.6			1.0
4395.5			1.0
4396.4			1.0
4397.3			1.0
4398.2			1.0
4399.1			1.0
4400.0			1.0
4400.9			0.9860002781760322
4401.8			1.0510547576666813
4402.7			1.0602336517658781
4403.6			0.9225703153894529
4404.5			0.778913309828693
4405.4			0.8053546249735506
4406.3			0.936188030813108
4407.2			0.9981372411699
4408.1			1.0013660287738346
4409.0			1.0
4409.9			1.0
4410.8			1.0
4411.7			1.0
4412.6			1.0111317776941646
4413.5			0.9549020801643382
4414.4			0.8359214813519551
4415.3			0.7694597056699289
4416.2			0.8232477733602693
4417.1			0.9197386169466135
4418.0			0.9998647322691704
4418.9			1.0
4419.8			1.0
4420.7			1.0
4421.6			1.0
4422.5			1.0
4423.4			1.0
4424.3			1.0
4425.2			1.0
4426.1			1.0
4427.0			1.0
4427.9			1.0
4428.8			1.0
4429.7			1.0
4430.6			1.0
4431.5			1.0191815151421968
4432.4			1.0240598406264614
4433.3			0.9554817178727305
4434.2			0.8597368591052212
4435.1			0.8070492662123091
4436.0			0.8339301290515525
4436.9			0.9073448045267027
4437.8			0.9667564869386066
4438.7			0.989269206888479
4439.6			1.0
4440.5			1.0
4441.4			1.0
4442.3			1.0
4443.2			1.0
4444.1			1.0
4445.0			1.0950360321514687
4445.9			1.1215821268963986
4446.8			1.0780659432242004
4447.7			1.0553849425800501
4448.6			1.0749918100383868
4449.5			1.0741946480173297
4450.4			1.0498691259442434
4451.3			1.046589467470194
4452.2			1.042857070548504
4453.1			0.9912217129744394
4454.0			0.9010842714631826
4454.9			0.8332317805599028
4455.8			0.8380401232918299
4456.7			0.8810666615132726
4457.6			0.8919357717666103
4458.5			0.870925310414663
4459.4			0.8600388491851649
4460.3			0.851604474908227
4461.2			0.8278658884054073
4462.1			0.8431606110059329
4463.0			0.9277524803796068
4463.9			0.9959059763208039
4464.8			0.9987796021075077
4465.7			1.0
4466.6			1.0
4467.5			1.0
4468.4			1.0
4469.3			1.0
4470.2			1.0
4471.1			1.0
4472.0			1.0
4472.9			1.0
4473.8			1.0
4474.7			1.0
4475.6			1.0
4476.5			1.0
4477.4			1.0369298786435162
4478.3			1.0214655518925029
4479.2			0.9488798695749263
4480.1			0.8609244127172556
4481.0			0.8118775598847077
4481.9			0.8165432710266487
4482.8			0.8736335027432245
4483.7			0.9491074703549485
4484.6			1.0000842525603613
4485.5			1.0
4486.4			1.0
4487.3			1.0
4488.2			1.0
4489.1			1.0
4490.0			1.0
4490.9			1.0
4491.8			1.0448656015723787
4492.7			1.0414158656125836
4493.6			0.9731013994581593
4494.5			0.8936514032785907
4495.4			0.8781639888987275
4496.3			0.9161542845191635
4497.2			0.9628009008787671
4498.1			0.9932062675227488
4499.0			0.9956768360619095
4499.9			1.0
4500.8			1.0
4501.7			1.0
4502.6			1.0
4503.5			1.0
4504.4			1.0
4505.3			1.0
4506.2			1.0
4507.1			1.0
4508.0			1.0
4508.9			1.0
4509.8			1.0
4510.7			1.0
4511.6			1.0
4512.5			1.0
4513.4			1.0
4514.3			1.0
4515.2			1.0
4516.1			1.0
4517.0			1.0
4517.9			0.9781092548195608
4518.8			0.9946254650313963
4519.7			1.039913988253767
4520.6			1.0680035423767351
4521.5			1.0548951537521536
4522.4			1.012638074258353
4523.3			0.9921451642439859
4524.2			0.991607602024577
4525.1			0.9588376408928824
4526.0			0.9010038339768154
4526.9			0.8461485022192449
4527.8			0.809096974020103
4528.7			0.8005095419240013
4529.6			0.8223467633243025
4530.5			0.8576509420506635
4531.4			0.8954567894669002
4532.3			0.9260996722782331
4533.2			0.9109056266198758
4534.1			0.8618901558355336
4535.0			0.8361583177612273
4535.9			0.875984146595638
4536.8			1.0
4537.7			1.0722879964537242
4538.6			1.0592905174978438
4539.5			1.0097677676760253
4540.4			0.9728819745908847
4541.3			0.968428718267593
4542.2			0.9960429412261934
4543.1			1.0126905811120792
4544.0			0.9869871294556133
4544.9			0.949896418468699
4545.8			0.9435554304603196
4546.7			0.9552132388799317
4547.6			0.9504630625020154
4548.5			0.9172311457948833
4549.4			0.8863197530750923
4550.3			0.9040948287578885
4551.2			0.9421880786940556
4552.1			0.9441453353930936
4553.0			0.9223887282605834
4553.9			0.902899263760656
4554.8			0.8920754264848455
4555.7			0.9057364169095289
4556.6			0.948060117278526
4557.5			0.9903615118983029
4558.4			1.0062378919991646
4559.3			1.0011031600028688
4560.2			0.9955022542106139
4561.1			1.0
4562.0			1.0029199602849217
4562.9			0.971237753787524
4563.8			0.9107772040383681
4564.7			0.8684230089008562
4565.6			0.8797967835430838
4566.5			0.9400876825093366
4567.4			1.0003064714034853
4568.3			1.0
4569.2			1.0
4570.1			1.0
4571.0			1.0
4571.9			1.0
4572.8			1.0483736810073174
4573.7			1.0898990218115494
4574.6			1.082037065721544
4575.5			1.0618348078455964
4576.4			1.052634772397078
4577.3			1.0411678772366288
4578.2			1.0091564874087855
4579.1			0.9547763941557896
4580.0			1.0
4580.9			0.9806354616948932
4581.8			1.0103672558946928
4582.7			1.0456013051259974
4583.6			1.045707014582011
4584.5			1.022464643735525
4585.4			0.9993030667834694
4586.3			1.004325962578353
4587.2			1.0523877894220919
4588.1			1.1086851738137724
4589.0			1.1367297818682882
4589.9			1.1231825315640973
4590.8			1.0745611641299384
4591.7			1.0253658915430832
4592.6			1.0092486257086795
4593.5			1.0146715927027943
4594.4			1.00516949663442
4595.3			0.9836415332676287
4596.2			0.9756819064663682
4597.1			0.980767616121331
4598.0			0.9912072349731851
4598.9			1.0028226163435776
4599.8			0.9882938979977738
4600.7			0.9671218399915334
4601.6			0.9791286389674072
4602.5			0.9992244491316802
4603.4			0.9983539732632779
4604.3			0.9815939422418756
4605.2			0.9695587970141333
4606.1			0.9852921262280965
4607.0			1.024253767917785
4607.9			1.0678585610525422
4608.8			1.0934601694084793
4609.7			1.0774008485915596
4610.6			1.0328792940631506
4611.5			0.997900566791984
4612.4			1.0
4613.3			1.0
4614.2			1.0
4615.1			1.0
4616.0			1.0
4616.9			1.0
4617.8			1.0
4618.7			1.0
4619.6			1.0
4620.5			1.0
4621.4			1.0
4622.3			1.0
4623.2			1.0
4624.1			1.0
4625.0			1.0
4625.9			1.0
4626.8			1.0
4627.7			1.0
4628.6			1.0
4629.5			1.0
4630.4			1.0
4631.3			1.0
4632.2			1.0
4633.1			1.0
4634.0			1.0
4634.9			1.0
4635.8			1.0
4636.7			1.0
4637.6			1.0
4638.5			1.0
4639.4			1.0
4640.3			1.0
4641.2			1.039429324072893
4642.1			1.062158331665343
4643.0			1.042303798813205
4643.9			1.00696900882713
4644.8			0.9773465198117591
4645.7			0.931133707668614
4646.6			0.8826525912609139
4647.5			0.8708375937838043
4648.4			0.8990883118478826
4649.3			0.9433085128834251
4650.2			0.9844904527562185
4651.1			1.0104635488718368
4652.0			1.0261947193165484
4652.9			1.0311498750625798
4653.8			0.9981038243566864
4654.7			1.0
4655.6			1.0
4656.5			1.0
4657.4			1.0
4658.3			1.0
4659.2			1.0
4660.1			1.0
4661.0			1.0
4661.9			1.0
4662.8			1.0
4663.7			0.982432917255523
4664.6			0.9810473452207635
4665.5			0.9414781973724572
4666.4			0.8499520475880942
4667.3			0.7797562398647948
4668.2			0.8012034480108715
4669.1			0.8861208928279858
4670.0			0.9639540636972844
4670.9			1.001736345021732
4671.8			1.0
4672.7			1.0
4673.6			1.0
4674.5			1.0
4675.4			1.0
4676.3			1.0294306305799723
4677.2			1.0166826749875615
4678.1			0.9692306064730752
4679.0			0.9306138106984652
4679.9			0.9192077678830842
4680.8			0.9152790296543706
4681.7			0.922679272838903
4682.6			0.9560599960060111
4683.5			0.9902457339924
4684.4			0.9992377751263846
4685.3			0.9996406349734382
4686.2			1.0
4687.1			1.0
4688.0			1.0
4688.9			1.0
4689.8			1.0
4690.7			1.0
4691.6			1.0
4692.5			1.0
4693.4			1.0
4694.3			1.0
4695.2			1.0
4696.1			1.0
4697.0			0.9808212750386913
4697.9			0.9323367321899829
4698.8			0.9018027636407107
4699.7			0.9146704732480475
4700.6			0.9320477480157267
4701.5			0.9180209505328768
4702.4			0.8878558445134493
4703.3			0.890544334120387
4704.2			0.9459113110181365
4705.1			0.9993413251381371
4706.0			1.0057739688847513
4706.9			0.9822500966768094
4707.8			0.9662644886541759
4708.7			0.9727335887740111
4709.6			0.9959993523230173
4710.5			1.0
4711.4			1.0
4712.3			1.0
4713.2			1.0
4714.1			1.0
4715.0			1.0
4715.9			1.0
4716.8			1.0
4717.7			1.0
4718.6			1.0
4719.5			1.0
4720.4			1.0
4721.3			1.0
4722.2			1.0
4723.1			1.0033406536999911
4724.0			1.0289125408730337
4724.9			1.0532587592704001
4725.8			1.0373717321647775
4726.7			0.9732515039854596
4727.6			0.9063124639602665
4728.5			0.8794401286589592
4729.4			0.8844850986325892
4730.3			0.8995435264143548
4731.2			0.9252296168655844
4732.1			0.9627053908995854
4733.0			0.9892876984506204
4733.9			0.9986699879327678
4734.8			1.0
4735.7			1.0
4736.6			1.0
4737.5			1.0
4738.4			1.0
4739.3			1.0
4740.2			1.0
4741.1			1.0
4742.0			1.0
4742.9			1.0
4743.8			1.0
4744.7			1.0
4745.6			1.0
4746.5			1.0
4747.4			1.0
4748.3			1.0
4749.2			1.0
4750.1			1.0
4751.0			1.0
4751.9			1.0
4752.8			1.0
4753.7			1.0
4754.6			1.0
4755.5			1.0
4756.4			1.0
4757.3			1.0
4758.2			1.0
4759.1			1.0
4760.0			1.013575776926286
4760.9			0.9941378162856482
4761.8			0.9525987769286706
4762.7			0.930831274867549
4763.6			0.9315072263000961
4764.5			0.9206349477403825
4765.4			0.894808961735349
4766.3			0.8952276362103276
4767.2			0.9314493798668246
4768.1			0.9788691208377331
4769.0			1.0237512070219077
4769.9			1.0483081458640835
4770.8			1.027938023913976
4771.7			0.9952878081863736
4772.6			1.0021165926038444
4773.5			1.0
4774.4			1.0
4775.3			1.0
4776.2			1.0
4777.1			1.009694919509258
4778.0			1.0260662527037332
4778.9			1.0199757835039844
4779.8			1.0074495667669519
4780.7			1.004038033652806
4781.6			0.992390430807075
4782.5			0.9594035777640126
4783.4			0.9360318511346732
4784.3			0.9513592323709578
4785.2			0.9586572155544921
4786.1			0.9300542890280503
4787.0			0.9182277101399942
4787.9			0.93728656332379
4788.8			0.9397104150090158
4789.7			0.9290786738407417
4790.6			0.9323359216986594
4791.5			0.944101671035699
4792.4			0.9622993692642999
4793.3			0.9953809254984395
4794.2			1.0313852227400315
4795.1			1.0415531254430317
4796.0			1.0
4796.9			0.9779886627395372
4797.8			0.9484956933021311
4798.7			0.9162074973090067
4799.6			0.9000143364940972
4800.5			0.9158290864398483
4801.4			0.9594416540219005
4802.3			0.998648394804808
4803.2			1.0
4804.1			1.0
4805.0			1.0
4805.9			1.0
4806.8			1.0
4807.7			1.0
4808.6			1.0
4809.5			1.0
4810.4			1.0
4811.3			1.0
4812.2			1.0
4813.1			1.0
4814.0			1.0
4814.9			1.0
4815.8			1.0
4816.7			1.0
4817.6			1.0
4818.5			1.0
4819.4			1.0
4820.3			1.0
4821.2			1.0
4822.1			1.0
4823.0			1.0
4823.9			1.0
4824.8			1.0
4825.7			1.0
4826.6			1.0
4827.5			1.0
4828.4			1.0
4829.3			1.0
4830.2			1.0
4831.1			1.0
4832.0			1.0
4832.9			1.0
4833.8			1.0
4834.7			1.0136748228783756
4835.6			1.0140137007583547
4836.5			1.0130366609989623
4837.4			1.006889722394369
4838.3			0.9799696179566079
4839.2			0.9421306955492772
4840.1			0.9240234290276534
4841.0			0.9352523488880164
4841.9			0.946977894511753
4842.8			0.9372110203612556
4843.7			0.9360294884110885
4844.6			0.9685055034348028
4845.5			1.0007858020395233
4846.4			1.0
4847.3			1.0
4848.2			1.0
4849.1			1.0
4850.0			1.0
4850.9			1.0
4851.8			1.0
4852.7			1.0
4853.6			1.0
4854.5			1.0
4855.4			1.0
4856.3			1.0
4857.2			1.035460589091248
4858.1			1.0278590556320242
4859.0			0.9516674172595262
4859.9			0.8290847009632172
4860.8			0.7190807627118231
4861.7			0.7127249203697044
4862.6			0.813139122144844
4863.5			0.9075454326464576
4864.4			0.9503221069437926
4865.3			0.9778162305741674
4866.2			1.0007454233287134
4867.1			1.0
4868.0			1.0
4868.9			1.0020719039179609
4869.8			0.9692082522105104
4870.7			0.8823130036149237
4871.6			0.8230941415763399
4872.5			0.8649681226946536
4873.4			0.9536354668092415
4874.3			1.0024020859563827
4875.2			1.0
4876.1			1.0
4877.0			1.0
4877.9			1.0
4878.8			1.0
4879.7			1.0
4880.6			1.0
4881.5			1.0
4882.4			1.0
4883.3			1.0
4884.2			1.0
4885.1			1.0
4886.0			1.0
4886.9			1.0
4887.8			1.0
4888.7			0.9855811631756025
4889.6			0.9303552318089094
4890.5			0.8354724521113083
4891.4			0.7933382790966244
4892.3			0.8638933744763826
4893.2			0.9630090622216342
4894.1			1.0137059616585544
4895.0			1.0
4895.9			1.0
4896.8			1.0
4897.7			1.0
4898.6			1.0
4899.5			1.0
4900.4			1.0
4901.3			1.0
4902.2			1.0
4903.1			1.0
4904.0			1.0
4904.9			1.0
4905.8			1.0
4906.7			1.0067476107424604
4907.6			0.9788179696362029
4908.5			0.9416182158431646
4909.4			0.9021603730646937
4910.3			0.8777707292448151
4911.2			0.8924601423496568
4912.1			0.9345532216535284
4913.0			0.9725873255268509
4913.9			1.000200452088438
4914.8			1.0
4915.7			1.0
4916.6			0.982707863041337
4917.5			0.9180478923554252
4918.4			0.8241624069989818
4919.3			0.7495456302729167
4920.2			0.7350196065513968
4921.1			0.8003863404155312
4922.0			0.9071551520256099
4922.9			0.9768722583558394
4923.8			0.9875372188126221
4924.7			1.0
4925.6			1.0
4926.5			1.0
4927.4			1.0
4928.3			1.0
4929.2			1.0
4930.1			1.0
4931.0			1.0
4931.9			1.0
4932.8			1.0
4933.7			1.0
4934.6			1.0
4935.5			1.0
4936.4			0.9803373114492046
4937.3			0.9111139631668641
4938.2			0.843832472551349
4939.1			0.8313043835848529
4940.0			0.8929052675119342
4940.9			0.970348452889631
4941.8			1.0037838386771396
4942.7			1.0
4943.6			1.0
4944.5			1.0
4945.4			1.0
4946.3			1.0
4947.2			1.0
4948.1			1.0
4949.0			1.0
4949.9			1.0
4950.8			1.0
4951.7			1.0
4952.6			1.0
4953.5			1.0
4954.4			1.0
4955.3			0.9797927903831143
4956.2			0.8923157986610054
4957.1			0.7631925549248457
4958.0			0.7413411505311676
4958.9			0.8563926427796276
4959.8			0.9671578278905153
4960.7			0.9952445678477136
4961.6			1.0
4962.5			1.0
4963.4			1.0
4964.3			1.0
4965.2			1.0
4966.1			1.0
4967.0			1.0
4967.9			1.0
4968.8			1.0
4969.7			1.0
4970.6			1.0
4971.5			1.0
4972.4			1.0
4973.3			1.0
4974.2			1.0
4975.1			1.0
4976.0			1.0
4976.9			1.0
4977.8			1.0
4978.7			0.9652436252198524
4979.6			0.9610167801609718
4980.5			0.962606826631158
4981.4			0.9212444711986161
4982.3			0.8491756933355038
4983.2			0.8121092831598294
4984.1			0.834729001523002
4985.0			0.879608827620245
4985.9			0.9248647387348808
4986.8			0.973458285649979
4987.7			1.001582628492511
4988.6			1.0
4989.5			1.0
4990.4			1.0
4991.3			1.0
4992.2			1.0
4993.1			1.0
4994.0			1.0
4994.9			1.0
4995.8			1.0
4996.7			1.0
4997.6			1.0
4998.5			1.0
4999.4			1.0
5000.3			1.0
5001.2			1.0
5002.1			1.0
5003.0			1.0038129258588129
5003.9			0.9983138795415043
5004.8			0.9501240876386514
5005.7			0.8780119650689813
5006.6			0.8611813935877114
5007.5			0.9241895063562787
5008.4			0.9977030661998368
5009.3			1.0165436362950715
5010.2			0.9956251654687518
5011.1			1.0
5012.0			1.0
5012.9			1.0
5013.8			1.0
5014.7			1.0
5015.6			1.0
5016.5			1.0
5017.4			1.0
5018.3			1.0
5019.2			1.0
5020.1			1.0
5021.0			1.0
5021.9			1.0
5022.8			1.0
5023.7			1.0
5024.6			1.0
5025.5			1.0
5026.4			1.0
5027.3			1.0
5028.2			1.0
5029.1			1.0
5030.0			1.0
5030.9			1.0
5031.8			1.0
5032.7			1.0
5033.6			1.0
5034.5			1.0
5035.4			1.0
5036.3			1.0
5037.2			1.0159799907973857
5038.1			1.0167293506580928
5039.0			0.9622614897891191
5039.9			0.8784896844196697
5040.8			0.7952633779625705
5041.7			0.7939826073868044
5042.6			0.8884504671535399
5043.5			1.0
5044.4			1.0392204638929579
5045.3			1.067056568936689
5046.2			1.0786353392845616
5047.1			1.044735800914954
5048.0			0.9703313659377177
5048.9			0.9124115902825688
5049.8			0.9024339513336354
5050.7			0.9131417218605989
5051.6			0.9145741986394691
5052.5			0.9247202512109912
5053.4			0.9578758465009954
5054.3			0.9893645269414687
5055.2			1.000133343913499
5056.1			1.0
5057.0			1.0
5057.9			1.0
5058.8			1.0
5059.7			1.0
5060.6			1.0
5061.5			1.0
5062.4			1.0
5063.3			1.0
5064.2			1.0
5065.1			1.0
5066.0			1.0
5066.9			1.0
5067.8			1.0
5068.7			1.0
5069.6			1.0
5070.5			1.0
5071.4			1.0
5072.3			1.0
5073.2			1.0
5074.1			1.0
5075.0			0.9960836530427084
5075.9			0.9947622830770229
5076.8			1.013272402501078
5077.7			1.011841891667077
5078.6			0.940774002933821
5079.5			0.8532203137187246
5080.4			0.8379139441692235
5081.3			0.8869696936923498
5082.2			0.92760178486467
5083.1			0.9318022439954272
5084.0			0.939933158336589
5084.9			0.9728763770815491
5085.8			0.9997082654348273
5086.7			1.0
5087.6			1.0
5088.5			1.0
5089.4			1.0
5090.3			1.0
5091.2			1.0
5092.1			1.0
5093.0			1.0
5093.9			1.0
5094.8			1.0
5095.7			0.9751829836578699
5096.6			0.9400564201489218
5097.5			0.8932679191924381
5098.4			0.8467332866221634
5099.3			0.8418208384300151
5100.2			0.9037972940453599
5101.1			1.0
5102.0			1.0303325692817644
5102.9			1.0171506437542315
5103.8			0.9889258915279064
5104.7			0.9722382517125303
5105.6			0.9661974654693537
5106.5			0.9474850867202533
5107.4			0.919088645655375
5108.3			0.914274589809423
5109.2			0.9185167271330082
5110.1			0.9143628349495083
5111.0			0.9356363294679908
5111.9			0.979689855732783
5112.8			1.0009707809214863
5113.7			1.002276263429654
5114.6			1.000346201691346
5115.5			1.0
5116.4			1.0
5117.3			1.0261137869586807
5118.2			1.0418105171259395
5119.1			1.0368176581225101
5120.0			1.013869320404482
5120.9			0.9827524791611905
5121.8			0.9583645643061468
5122.7			0.9326872404772489
5123.6			0.9010007439213578
5124.5			0.8880204053244074
5125.4			0.9016015602828414
5126.3			0.921328307845572
5127.2			0.9335985432656717
5128.1			0.9381131164428375
5129.0			0.9375199873361519
5129.9			0.9465970475744879
5130.8			0.9733026045295852
5131.7			1.0
5132.6			1.004484495900983
5133.5			0.9975214112567857
5134.4			1.0140890707134378
5135.3			1.0402320187199503
5136.2			1.0239702956036965
5137.1			0.9773762693239553
5138.0			0.9395608567576978
5138.9			0.906912566619535
5139.8			0.9163077881438239
5140.7			0.968060038904305
5141.6			0.9680654121759555
5142.5			0.9292621439852881
5143.4			0.9472787954507553
5144.3			0.9968716401398822
5145.2			0.9989356276497364
5146.1			1.0
5147.0			1.0
5147.9			1.0
5148.8			1.0
5149.7			1.0
5150.6			1.0
5151.5			1.0
5152.4			1.0
5153.3			1.0
5154.2			1.0
5155.1			1.0
5156.0			1.0
5156.9			1.0
5157.8			1.0
5158.7			1.0
5159.6			1.0
5160.5			1.0
5161.4			1.0
5162.3			1.0
5163.2			1.0
5164.1			1.0
5165.0			1.0
5165.9			1.0
5166.8			1.0
5167.7			1.0
5168.6			1.0
5169.5			1.1116178601097246
5170.4			1.1044164416402367
5171.3			0.913026034226192
5172.2			0.6961079089652497
5173.1			0.6556635465110501
5174.0			0.7955757690155772
5174.9			0.9445681207038649
5175.8			0.9902628030072412
5176.7			0.9678623305372948
5177.6			1.0
5178.5			1.0
5179.4			1.0
5180.3			0.964928594151039
5181.2			0.8915453301328613
5182.1			0.753006219838723
5183.0			0.5910741818574805
5183.9			0.5382039783604184
5184.8			0.6605886198231278
5185.7			0.8469132065315677
5186.6			0.9672506602018861
5187.5			0.9997743266936433
5188.4			1.0
5189.3			1.0
5190.2			1.0
5191.1			1.0
5192.0			1.0
5192.9			1.0
5193.8			1.0
5194.7			1.0
5195.6			1.0
5196.5			1.0
5197.4			1.0
5198.3			1.0
5199.2			1.0
5200.1			1.0
5201.0			1.0
5201.9			1.0
5202.8			0.9839109946484785
5203.7			0.9546844822360812
5204.6			0.8883777094478849
5205.5			0.8354595808164132
5206.4			0.8358207447883256
5207.3			0.8394392603478267
5208.2			0.8116676986655604
5209.1			0.8181994229564992
5210.0			0.8773979883160368
5210.9			0.9375542164327518
5211.8			0.9841407133659562
5212.7			1.0105796373699825
5213.6			1.001785279364162
5214.5			1.0
5215.4			1.0
5216.3			1.0
5217.2			1.0
5218.1			1.0
5219.0			1.0
5219.9			1.0
5220.8			1.0
5221.7			1.0
5222.6			1.0
5223.5			0.9673072356823638
5224.4			0.9206190748579641
5225.3			0.8602884238911479
5226.2			0.7915610767317931
5227.1			0.7697390363211412
5228.0			0.8432082577015731
5228.9			0.9417025342029712
5229.8			0.9857753576879007
5230.7			1.0005528409412756
5231.6			1.0
5232.5			1.0
5233.4			1.0
5234.3			1.0
5235.2			1.0
5236.1			1.0
5237.0			1.0
5237.9			1.0
5238.8			1.0
5239.7			1.0
5240.6			1.0
5241.5			0.9940942997799159
5242.4			0.9758307660711649
5243.3			0.9729681718228591
5244.2			0.9990227743186066
5245.1			1.016288698464901
5246.0			0.9865407221170002
5246.9			0.9336060309789517
5247.8			0.9174427848572202
5248.7			0.9288753657440778
5249.6			0.9178123885126035
5250.5			0.8973433372966405
5251.4			0.909513332355529
5252.3			0.9365406184099229
5253.2			0.9409714406965521
5254.1			0.9165005067087785
5255.0			0.8933177597229179
5255.9			0.9163407074223403
5256.8			0.9711849582643534
5257.7			1.007786269924636
5258.6			1.015009129127176
5259.5			1.0014053354112433
5260.4			1.0
5261.3			0.9400093688005787
5262.2			0.8700933616205518
5263.1			0.8156154724384874
5264.0			0.7808745577639381
5264.9			0.7520361590321388
5265.8			0.7354420113040985
5266.7			0.7704547603894707
5267.6			0.8208474959014006
5268.5			0.7794290701054775
5269.4			0.6789464562044446
5270.3			0.6757780281499346
5271.2			0.7912326187358022
5272.1			0.8884378692337818
5273.0			0.9062187448745934
5273.9			0.8943844045410637
5274.8			0.8755450965078931
5275.7			0.8751172604574802
5276.6			0.9278621827595863
5277.5			0.9948628701984675
5278.4			1.0197660756624218
5279.3			1.0
5280.2			0.9573542544960777
5281.1			0.9152064401166017
5282.0			0.883434729053471
5282.9			0.8570317547885814
5283.8			0.8484637178414071
5284.7			0.8924135154552337
5285.6			0.9666703667204622
5286.5			1.0075909440886242
5287.4			1.0027381842096394
5288.3			1.0
5289.2			1.0
5290.1			1.0
5291.0			1.0
5291.9			1.0
5292.8			1.0
5293.7			1.0
5294.6			1.0040494989495827
5295.5			0.9904038380555136
5296.4			0.9414931741291319
5297.3			0.8818755993480994
5298.2			0.8707047143515169
5299.1			0.9297921409469332
5300.0			0.9951876935197734
5300.9			1.0099076419723625
5301.8			1.0048256849696215
5302.7			1.0
5303.6			1.0
5304.5			1.0
5305.4			1.0
5306.3			1.0
5307.2			1.0
5308.1			1.0
5309.0			1.0
5309.9			1.0
5310.8			1.0
5311.7			1.0
5312.6			1.0
5313.5			1.0
5314.4			1.0
5315.3			1.0
5316.2			1.0
5317.1			1.0
5318.0			1.0
5318.9			1.0
5319.8			1.0
5320.7			1.0
5321.6			1.0
5322.5			1.0
5323.4			1.0
5324.3			1.0
5325.2			1.0090176101543546
5326.1			1.0109506478721453
5327.0			0.9197165193261958
5327.9			0.7932451599425437
5328.8			0.777908323748971
5329.7			0.888963074442731
5330.6			0.9955162328179123
5331.5			1.0211846899554593
5332.4			0.9970695409137295
5333.3			1.0
5334.2			1.0
5335.1			1.0
5336.0			1.0
5336.9			1.0
5337.8			0.9947221159959412
5338.7			0.9696519273493392
5339.6			0.9116002475734288
5340.5			0.8694136248722991
5341.4			0.8964843447124348
5342.3			0.9597035775493082
5343.2			1.000247983982269
5344.1			1.0
5345.0			1.0
5345.9			1.0
5346.8			1.0
5347.7			1.0
5348.6			1.0
5349.5			1.0
5350.4			1.0
5351.3			1.0
5352.2			1.0
5353.1			1.0
5354.0			1.0
5354.9			1.0
5355.8			1.0
5356.7			1.0
5357.6			1.0
5358.5			1.0
5359.4			1.0
5360.3			1.0
5361.2			1.0
5362.1			1.0
5363.0			1.0
5363.9			1.0
5364.8			1.0
5365.7			1.0
5366.6			1.0
5367.5			0.9900976527279075
5368.4			0.9701420384741374
5369.3			0.9220610111315517
5370.2			0.8493506470568256
5371.1			0.8084708727246083
5372.0			0.8450290550171983
5372.9			0.9230193054894034
5373.8			0.9760680490707708
5374.7			0.9935249251506634
5375.6			1.0
5376.5			1.0
5377.4			1.0
5378.3			1.0
5379.2			1.0
5380.1			1.0
5381.0			1.0
5381.9			1.0
5382.8			1.0
5383.7			1.0
5384.6			1.0
5385.5			1.0
5386.4			1.0
5387.3			1.0
5388.2			1.0
5389.1			1.0
5390.0			1.0
5390.9			1.0
5391.8			1.0
5392.7			1.0
5393.6			1.0
5394.5			1.0
5395.4			1.0
5396.3			1.0
5397.2			1.0
5398.1			1.0
5399.0			1.0
5399.9			1.0
5400.8			1.00786669948465
5401.7			1.0325748480642487
5402.6			1.0357998809392053
5403.5			0.9825609578821609
5404.4			0.9066817249149692
5405.3			0.8709333110158207
5406.2			0.9026479515779168
5407.1			0.9774913988095257
5408.0			1.034531568971594
5408.9			1.032609368665918
5409.8			1.0034364070593425
5410.7			1.0
5411.6			1.0
5412.5			1.0
5413.4			1.0
5414.3			1.0
5415.2			1.0
5416.1			1.0
5417.0			1.0
5417.9			1.0
5418.8			1.0
5419.7			1.0
5420.6			1.0
5421.5			1.0
5422.4			1.0
5423.3			1.0
5424.2			1.0
5425.1			1.0
5426.0			1.0
5426.9			1.0393917704910025
5427.8			1.016171474062867
5428.7			0.9396388447577573
5429.6			0.8876435462518881
5430.5			0.9257665720773185
5431.4			0.993162293237103
5432.3			1.0035232396766445
5433.2			1.0
5434.1			1.0
5435.0			1.0
5435.9			1.0
5436.8			1.0
5437.7			1.0
5438.6			1.0
5439.5			1.0
5440.4			1.0
5441.3			1.0
5442.2			1.0
5443.1			1.0
5444.0			0.974830891188869
5444.9			0.925243976070965
5445.8			0.863299752999134
5446.7			0.8305980923218659
5447.6			0.8684934395437388
5448.5			0.9477639689239169
5449.4			0.9999697588200542
5450.3			1.0
5451.2			1.0
5452.1			1.0
5453.0			0.9807565150616441
5453.9			0.9381319179568319
5454.8			0.8749886928275991
5455.7			0.8500179578348477
5456.6			0.8983214974677386
5457.5			0.9663413514114911
5458.4			0.9988211812532133
5459.3			1.0
5460.2			1.0
5461.1			1.0
5462.0			1.0
5462.9			1.0
5463.8			1.0
5464.7			1.0
5465.6			1.0
5466.5			1.0
5467.4			1.0
5468.3			1.0
5469.2			1.0
5470.1			1.0
5471.0			1.0
5471.9			1.0
5472.8			0.9908475280411863
5473.7			0.9793894797628516
5474.6			0.9745393153185442
5475.5			0.9378686385833948
5476.4			0.881582682157636
5477.3			0.8854423581661887
5478.2			0.9564536838110217
5479.1			1.0121598311485878
5480.0			1.0016166446950476
5480.9			1.0
5481.8			1.0
5482.7			1.0
5483.6			1.0
5484.5			1.0
5485.4			1.0
5486.3			1.0
5487.2			1.0
5488.1			1.0
5489.0			1.0
5489.9			1.0
5490.8			1.0
5491.7			1.0
5492.6			1.0
5493.5			1.0
5494.4			1.0
5495.3			1.0
5496.2			1.0
5497.1			1.0
5498.0			1.0
5498.9			1.0
5499.8			1.0
5500.7			1.0
5501.6			1.0
5502.5			1.0
5503.4			1.0
5504.3			1.0
5505.2			1.0
5506.1			1.0
5507.0			1.0
5507.9			1.0
5508.8			1.0146721689220484
5509.7			1.0054286878549743
5510.6			0.9866947291510075
5511.5			0.9580253913576725
5512.4			0.9294690515255687
5513.3			0.9263741387423903
5514.2			0.944742180924355
5515.1			0.9646781961117378
5516.0			0.974401585656863
5516.9			0.9826992721020431
5517.8			1.0007394170709119
5518.7			1.0
5519.6			1.0
5520.5			1.0
5521.4			1.0
5522.3			1.0
5523.2			1.0
5524.1			1.0
5525.0			1.0
5525.9			0.9792855841771225
5526.8			0.9430776282686922
5527.7			0.8976880693237997
5528.6			0.8881209977172628
5529.5			0.9343049440045611
5530.4			0.9857047435366397
5531.3			1.000914402658747
5532.2			1.0
5533.1			1.0
5534.0			1.0
5534.9			1.0
5535.8			1.0
5536.7			1.0
5537.6			1.0
5538.5			1.0
5539.4			1.0
5540.3			1.0
5541.2			1.0
5542.1			1.0
5543.0			1.0
5543.9			1.0
5544.8			1.0
5545.7			1.0
5546.6			1.0
5547.5			1.0
5548.4			1.0
5549.3			1.0
5550.200000000001			1.0
5551.1			1.0
5552.0			1.0
5552.9			1.0
5553.8			1.0
5554.700000000001			1.0
5555.6			1.0
5556.5			1.0
5557.4			1.0
5558.3			1.0
5559.200000000001			1.0
5560.1			1.0
5561.0			1.0
5561.9			1.0
5562.8			1.0
5563.700000000001			1.0
5564.6			1.0
5565.5			1.0
5566.4			1.0
5567.3			1.0
5568.200000000001			1.0
5569.1			1.0
5570.0			1.0
5570.9			1.0
5571.8			1.0
5572.700000000001			1.0
5573.6			1.0
5574.5			1.0
5575.4			1.0
5576.3			1.0
5577.200000000001			1.0
5578.1			1.0
5579.0			1.0
5579.9			1.0
5580.8			1.0
5581.700000000001			1.0
5582.6			1.0026253062953547
5583.5			1.0141618555576677
5584.4			1.0039304039363197
5585.3			0.9688030777829405
5586.200000000001			0.9188681464008964
5587.1			0.881677782742187
5588.0			0.8817844150359359
5588.9			0.9063531040881246
5589.8			0.9458312952294448
5590.700000000001			0.9882394468755084
5591.6			1.0099970031236518
5592.5			1.011470401514743
5593.4			0.999645731251765
5594.3			1.0
5595.200000000001			1.0
5596.1			1.0
5597.0			1.0006001327203047
5597.9			0.9559969586075546
5598.8			0.9255811741415592
5599.700000000001			0.9274294474918594
5600.6			0.9173889861396188
5601.5			0.8918361469591053
5602.4			0.8775150167272682
5603.3			0.902689182365972
5604.200000000001			0.9595252331711419
5605.1			1.0007080383271165
5606.0			1.0112072501724674
5606.9			1.0048242251402102
5607.8			0.9979630521233755
5608.700000000001			1.0
5609.6			1.0
5610.5			1.0
5611.4			1.0
5612.3			1.0
5613.200000000001			0.9868997744234831
5614.1			0.9264664763701729
5615.0			0.8483907289603931
5615.9			0.8376056135479175
5616.8			0.9113031091292122
5617.700000000001			0.9788507865538246
5618.6			1.0004006948299897
5619.5			1.0
5620.4			1.0
5621.3			1.0
5622.200000000001			1.0114669308744721
5623.1			0.9833672940059249
5624.0			0.9317480199840492
5624.9			0.9156183532924019
5625.8			0.9509767369874698
5626.700000000001			0.9871896382062317
5627.6			1.0013566616017797
5628.5			1.0
5629.4			1.0
5630.3			1.0
5631.200000000001			1.0
5632.1			1.0
5633.0			1.0
5633.9			1.0
5634.8			1.0
5635.700000000001			1.0
5636.6			1.0
5637.5			1.0
5638.4			1.0
5639.3			1.0
5640.200000000001			1.0
5641.1			1.0
5642.0			1.0
5642.9			1.0
5643.8			1.0
5644.700000000001			1.0
5645.6			1.0
5646.5			1.0
5647.4			1.0
5648.3			1.0
5649.200000000001			1.0
5650.1			1.0
5651.0			1.0
5651.9			1.0
5652.8			1.0
5653.700000000001			1.0
5654.6			1.0
5655.5			1.0026210585257163
5656.4			1.0262920114310867
5657.3			1.001648390246951
5658.200000000001			0.9392467524845417
5659.1			0.9394021967470743
5660.0			0.9978370030956721
5660.9			1.0243410970435185
5661.8			1.0096177524452383
5662.700000000001			1.0005772954998535
5663.6			1.0
5664.5			1.0
5665.4			1.0
5666.3			1.0
5667.200000000001			1.0
5668.1			1.0
5669.0			1.0
5669.9			1.0
5670.8			1.0
5671.700000000001			1.0
5672.6			1.0
5673.5			1.0
5674.4			1.0
5675.3			1.0
5676.200000000001			1.0
5677.1			1.0
5678.0			1.0
5678.9			1.0
5679.8			1.0
5680.700000000001			1.0
5681.6			1.0
5682.5			1.0
5683.4			1.0
5684.3			1.0
5685.200000000001			1.0
5686.1			1.0
5687.0			1.0
5687.9			1.0
5688.8			1.0
5689.700000000001			1.0
5690.6			1.0
5691.5			1.0
5692.4			1.0
5693.3			1.0
5694.200000000001			1.0
5695.1			1.0
5696.0			1.0
5696.9			1.0
5697.8			1.0
5698.700000000001			1.0
5699.6			1.0
5700.5			1.0
5701.4			1.0
5702.3			0.9970122309579262
5703.200000000001			1.0138788905300224
5704.1			1.025256796124866
5705.0			1.0118678542862385
5705.9			0.981262962310933
5706.8			0.9617809849008174
5707.700000000001			0.9489794520831549
5708.6			0.9274148657969602
5709.5			0.9110917226762576
5710.4			0.911377780886534
5711.3			0.9143603587080191
5712.200000000001			0.9336732554484171
5713.1			0.9716435479762139
5714.0			0.9934914146052675
5714.9			0.9931714023756343
5715.8			0.9945770684395749
5716.700000000001			1.0017249028389275
5717.6			1.0
5718.5			1.0
5719.4			1.0
5720.3			1.0
5721.200000000001			1.0
5722.1			1.0
5723.0			1.0
5723.9			1.0
5724.8			1.0
5725.700000000001			1.0
5726.6			1.0
5727.5			1.0
5728.4			1.0
5729.3			1.0
5730.200000000001			1.0
5731.1			1.0
5732.0			1.0
5732.9			1.0
5733.8			1.0
5734.700000000001			1.0
5735.6			1.0
5736.5			1.0
5737.4			1.0
5738.3			1.0
5739.200000000001			1.0
5740.1			1.0
5741.0			1.0
5741.9			1.0
5742.8			1.0
5743.700000000001			1.0
5744.6			1.0
5745.5			1.0
5746.4			1.0
5747.3			1.0
5748.200000000001			1.0
5749.1			1.0
5750.0			1.0
5750.9			0.9963098034873538
5751.8			0.9686874665445426
5752.700000000001			0.9334101805968242
5753.6			0.9107624187345957
5754.5			0.9226160816820193
5755.4			0.9639892900029297
5756.3			0.9993402604071798
5757.200000000001			1.0
5758.1			1.0
5759.0			1.0
5759.9			1.0
5760.8			1.0
5761.700000000001			1.0
5762.6			1.0
5763.5			1.0
5764.4			1.0
5765.3			1.0
5766.200000000001			1.0
5767.1			1.0
5768.0			1.0
5768.9			1.0
5769.8			1.0
5770.700000000001			1.0
5771.6			1.0
5772.5			1.0
5773.4			1.0
5774.3			1.0
5775.200000000001			1.0
5776.1			1.0
5777.0			1.0
5777.9			1.0032256425488444
5778.8			0.9935818889218568
5779.700000000001			0.9628843011790371
5780.6			0.9165121368236759
5781.5			0.8898091148186288
5782.4			0.9028890354469751
5783.3			0.9218056320482418
5784.200000000001			0.912522480438813
5785.1			0.8987107828078635
5786.0			0.9236952895182389
5786.9			0.9702195292195597
5787.8			0.999806117094551
5788.700000000001			1.013479090076141
5789.6			1.0092435404577487
5790.5			0.988872509351204
5791.4			0.9831394972191699
5792.3			1.0022150721710772
5793.200000000001			1.0
5794.1			1.0
5795.0			1.0
5795.9			1.0
5796.8			1.0
5797.700000000001			1.0
5798.6			1.0
5799.5			1.0
5800.4			1.0
5801.3			1.0
5802.200000000001			1.0
5803.1			1.0
5804.0			1.0
5804.9			1.0
5805.8			1.0
5806.700000000001			1.0
5807.6			1.0
5808.5			1.0
5809.4			1.0
5810.3			1.0
5811.200000000001			1.0
5812.1			1.0
5813.0			1.0
5813.9			1.0
5814.8			1.0
5815.700000000001			1.0
5816.6			1.0
5817.5			1.0
5818.4			1.0
5819.3			1.0
5820.200000000001			1.0
5821.1			1.0
5822.0			1.0
5822.9			1.0
5823.8			1.0
5824.700000000001			1.0
5825.6			1.0
5826.5			1.0
5827.4			1.0
5828.3			1.0
5829.200000000001			1.0
5830.1			1.0
5831.0			1.0
5831.9			1.0
5832.8			1.0
5833.700000000001			1.0
5834.6			1.0
5835.5			1.0
5836.4			1.0
5837.3			1.0
5838.200000000001			1.0
5839.1			1.0
5840.0			1.0
5840.9			1.0
5841.8			1.0
5842.700000000001			1.0
5843.6			1.0
5844.5			1.0
5845.4			1.0
5846.3			1.0
5847.200000000001			1.0
5848.1			1.0
5849.0			1.0
5849.9			1.0
5850.8			1.0
5851.700000000001			1.0
5852.6			1.0
5853.5			1.0
5854.4			1.00690433383284
5855.3			1.0097076665502858
5856.200000000001			0.9897911062747539
5857.1			0.9531689727351526
5858.0			0.9407321135991273
5858.9			0.9621438611375727
5859.8			0.98659485871982
5860.700000000001			0.9988428918346073
5861.6			0.9999927619097616
5862.5			1.0
5863.4			1.0
5864.3			1.0
5865.200000000001			1.0
5866.1			1.0
5867.0			1.0
5867.9			1.0
5868.8			1.0
5869.700000000001			1.0
5870.6			1.0
5871.5			1.0
5872.4			1.0
5873.3			1.0
5874.200000000001			1.0
5875.1			1.0
5876.0			1.0
5876.9			1.0
5877.8			1.0
5878.700000000001			1.0
5879.6			1.0
5880.5			1.0
5881.4			1.0
5882.3			1.0
5883.200000000001			1.0
5884.1			1.0
5885.0			1.0
5885.9			1.0
5886.8			1.0
5887.700000000001			0.9560204144767716
5888.6			0.8377734191992235
5889.5			0.7085934337928472
5890.4			0.7021515828939665
5891.3			0.8193814729674009
5892.200000000001			0.9347273271728685
5893.1			0.9908208619528421
5894.0			1.0
5894.9			1.0
5895.8			1.0
5896.700000000001			1.0
5897.6			1.0
5898.5			1.0
5899.4			1.0
5900.3			1.0
5901.200000000001			1.0
5902.1			1.0
5903.0			1.0
5903.9			1.0
5904.8			1.0
5905.700000000001			1.0
5906.6			1.0
5907.5			1.0
5908.4			1.0
5909.3			1.0
5910.200000000001			1.0
5911.1			1.0
5912.0			1.0
5912.9			1.0
5913.8			1.0
5914.700000000001			1.0
5915.6			1.0
5916.5			1.0
5917.4			1.0
5918.3			1.0
5919.200000000001			1.0
5920.1			1.0
5921.0			1.0
5921.9			1.0
5922.8			1.0
5923.700000000001			1.0
5924.6			1.0
5925.5			1.0
5926.4			1.0
5927.3			1.0
5928.200000000001			1.0
5929.1			1.0
5930.0			1.0
5930.9			1.0
5931.8			1.0
5932.700000000001			1.0
5933.6			1.0
5934.5			1.0
5935.4			1.0
5936.3			1.0
5937.200000000001			1.0
5938.1			1.0
5939.0			1.0
5939.9			1.0
5940.8			1.0
5941.700000000001			1.0
5942.6			1.0
5943.5			1.0
5944.4			1.0
5945.3			1.0
5946.200000000001			1.0
5947.1			1.0
5948.0			1.0
5948.9			1.0
5949.8			1.0
5950.700000000001			1.0
5951.6			1.0
5952.5			1.0
5953.4			1.0
5954.3			1.0
5955.200000000001			1.0
5956.1			1.0
5957.0			1.0
5957.9			1.0
5958.8			1.0
5959.700000000001			1.0
5960.6			1.0
5961.5			1.0
5962.4			1.0
5963.3			1.0
5964.200000000001			1.0
5965.1			1.0
5966.0			1.0
5966.9			1.0
5967.8			1.0
5968.700000000001			1.0
5969.6			1.0
5970.5			1.0
5971.4			1.0
5972.3			1.0
5973.200000000001			1.0
5974.1			1.0
5975.0			1.0
5975.9			1.0
5976.8			1.0
5977.700000000001			1.0
5978.6			1.0
5979.5			1.0
5980.4			1.0
5981.3			1.0
5982.200000000001			1.0
5983.1			1.0
5984.0			1.0
5984.9			1.0
5985.8			1.0
5986.700000000001			1.0
5987.6			1.0
5988.5			1.0
5989.4			1.0
5990.3			1.0
5991.200000000001			1.0
5992.1			1.0
5993.0			1.0
5993.9			1.0
5994.8			1.0
5995.700000000001			1.0
5996.6			1.0
5997.5			1.0
5998.4			1.0
5999.3			1.0
6000.200000000001			1.0
6001.1			1.0
6002.0			1.0
6002.9			1.0
6003.8			1.0
6004.700000000001			1.0
6005.6			1.0
6006.5			1.0
6007.4			1.0
6008.3			1.0
6009.200000000001			1.0
6010.1			1.0
6011.0			1.0
6011.9			1.0
6012.8			1.0
6013.700000000001			1.0
6014.6			1.0
6015.5			1.0
6016.4			1.0
6017.3			1.0
6018.200000000001			1.0
6019.1			1.0
6020.0			1.0
6020.9			1.0
6021.8			1.0
6022.700000000001			1.0
6023.6			1.0
6024.5			1.0
6025.4			1.0
6026.3			1.0
6027.200000000001			1.0
6028.1			1.0
6029.0			1.0
6029.9			1.0
6030.8			1.0
6031.700000000001			1.0
6032.6			1.0
6033.5			1.0
6034.4			1.0
6035.3			1.0
6036.200000000001			1.0
6037.1			1.0
6038.0			1.0
6038.9			1.0
6039.8			1.0
6040.700000000001			1.0
6041.6			1.0
6042.5			1.0
6043.4			1.0
6044.3			1.0
6045.200000000001			1.0
6046.1			1.0
6047.0			1.0
6047.9			1.0
6048.8			1.0
6049.700000000001			1.0
6050.6			1.0
6051.5			1.0
6052.4			1.0
6053.3			1.0
6054.200000000001			1.0
6055.1			1.0
6056.0			1.0
6056.9			1.0
6057.8			1.0
6058.700000000001			1.0
6059.6			1.0
6060.5			1.0
6061.4			1.0
6062.3			1.0
6063.200000000001			1.0
6064.1			1.0
6065.0			1.0
6065.9			1.0
6066.8			1.0
6067.700000000001			1.0
6068.6			1.0
6069.5			1.0
6070.4			1.0
6071.3			1.0
6072.200000000001			1.0
6073.1			1.0
6074.0			1.0
6074.9			1.0
6075.8			1.0
6076.700000000001			1.0
6077.6			1.0
6078.5			1.0
6079.4			1.0
6080.3			1.0
6081.200000000001			1.0
6082.1			1.0
6083.0			1.0
6083.9			1.0
6084.8			1.0
6085.700000000001			1.0
6086.6			1.0
6087.5			1.0
6088.4			1.0
6089.3			1.0
6090.200000000001			1.0
6091.1			1.0
6092.0			1.0
6092.9			1.0
6093.8			1.0
6094.700000000001			1.0
6095.6			1.0
6096.5			1.0
6097.4			1.0
6098.3			1.0
6099.200000000001			1.0
6100.1			1.0
6101.0			0.9726711871923354
6101.9			0.9170715420607228
6102.8			0.8890343466539576
6103.700000000001			0.9321173677721328
6104.6			0.994952540926988
6105.5			1.0
6106.4			1.0
6107.3			1.0
6108.200000000001			1.0
6109.1			1.0
6110.0			1.0
6110.9			1.0
6111.8			1.0
6112.700000000001			1.0
6113.6			1.0
6114.5			1.0
6115.4			1.0
6116.3			1.0
6117.200000000001			1.0
6118.1			1.0
6119.0			1.0
6119.9			1.0
6120.8			1.0
6121.700000000001			1.0
6122.6			1.0
6123.5			1.0
6124.4			1.0
6125.3			1.0
6126.200000000001			1.0
6127.1			1.0
6128.0			1.0
6128.9			1.0
6129.8			1.0
6130.700000000001			1.0
6131.6			1.0
6132.5			1.0
6133.4			1.0
6134.3			0.9873345867861063
6135.200000000001			0.9487922455732251
6136.1			0.8839564944260313
6137.0			0.8388823681177969
6137.9			0.8707817030141097
6138.8			0.9497102767408186
6139.700000000001			1.0010892108493572
6140.6			1.0
6141.5			1.0
6142.4			1.0
6143.3			1.0
6144.200000000001			1.0
6145.1			1.0
6146.0			1.0
6146.9			1.0
6147.8			1.0
6148.700000000001			1.0
6149.6			1.0
6150.5			1.0
6151.4			1.0
6152.3			1.0
6153.200000000001			1.0
6154.1			1.0
6155.0			1.0
6155.9			1.0
6156.8			1.0
6157.700000000001			1.0
6158.6			1.0111026035572985
6159.5			1.0021494943383549
6160.4			0.9517648292592016
6161.3			0.8814715909593739
6162.200000000001			0.8490311695852635
6163.1			0.8771243033254874
6164.0			0.9352437197077638
6164.9			0.983434886177603
6165.8			1.0037955649928854
6166.700000000001			1.0
6167.6			1.0
6168.5			1.0
6169.4			1.0
6170.3			1.0
6171.200000000001			1.0
6172.1			1.0
6173.0			1.0
6173.9			1.0
6174.8			1.0
6175.700000000001			1.0
6176.6			1.0
6177.5			1.0
6178.4			1.0
6179.3			1.0
6180.200000000001			1.0
6181.1			1.0
6182.0			1.0
6182.9			1.0
6183.8			1.0
6184.700000000001			1.0
6185.6			1.0
6186.5			1.0
6187.4			1.0
6188.3			1.0
6189.200000000001			1.0
6190.1			1.0
6191.0			1.0
6191.9			1.0
6192.8			1.0
6193.700000000001			1.0
6194.6			1.0
6195.5			1.0
6196.4			1.0
6197.3			1.0
6198.200000000001			1.0
6199.1			1.0
6200.0			1.0
6200.9			1.0
6201.8			1.0
6202.700000000001			1.0
6203.6			1.0
6204.5			1.0
6205.4			1.0
6206.3			1.0
6207.200000000001			1.0
6208.1			1.0
6209.0			1.0
6209.9			1.0
6210.8			1.0
6211.700000000001			1.0
6212.6			1.0
6213.5			1.0
6214.4			1.0
6215.3			1.0
6216.200000000001			1.0
6217.1			1.0
6218.0			1.0
6218.9			1.0
6219.8			1.0
6220.700000000001			1.0
6221.6			1.0
6222.5			1.0
6223.4			1.0
6224.3			1.0
6225.200000000001			1.0
6226.1			1.0
6227.0			0.9973113684604675
6227.9			0.9951489349546945
6228.8			0.9766132432277077
6229.700000000001			0.935658663613083
6230.6			0.9065719320706782
6231.5			0.9200778905301582
6232.4			0.9503769479070305
6233.3			0.974907366681891
6234.200000000001			1.0006546598807486
6235.1			1.0
6236.0			1.0
6236.9			1.0
6237.8			1.0
6238.700000000001			1.0
6239.6			1.0
6240.5			1.0
6241.4			1.0
6242.3			1.0
6243.200000000001			1.0
6244.1			1.0
6245.0			1.0
6245.9			1.0
6246.8			1.0
6247.700000000001			1.0
6248.6			1.0
6249.5			1.0
6250.4			1.0
6251.3			1.0
6252.200000000001			1.0
6253.1			1.0
6254.0			1.0
6254.9			1.0
6255.8			1.0
6256.700000000001			1.0
6257.6			1.0
6258.5			1.0
6259.4			1.0
6260.3			1.0
6261.200000000001			1.0
6262.1			1.0
6263.0			1.0
6263.9			1.0
6264.8			1.0
6265.700000000001			1.0
6266.6			1.0
6267.5			1.0
6268.4			1.0
6269.3			1.0
6270.200000000001			1.0
6271.1			1.0
6272.0			1.0
6272.9			1.0
6273.8			1.0
6274.700000000001			1.0
6275.6			1.0
6276.5			1.0
6277.4			1.0
6278.3			1.0
6279.200000000001			1.0
6280.1			1.0
6281.0			1.0
6281.9			1.0
6282.8			1.0
6283.700000000001			1.0
6284.6			1.0
6285.5			1.0
6286.4			1.0
6287.3			1.0
6288.200000000001			1.0
6289.1			1.0
6290.0			1.0
6290.9			1.0
6291.8			1.0
6292.700000000001			1.0
6293.6			1.0
6294.5			1.0
6295.4			1.0
6296.3			1.0
6297.200000000001			1.0
6298.1			1.0
6299.0			1.0
6299.9			1.0
6300.8			1.0
6301.700000000001			1.0
6302.6			1.0
6303.5			1.0
6304.4			1.0
6305.3			1.0
6306.200000000001			1.0
6307.1			1.0
6308.0			1.0
6308.9			1.0
6309.8			1.0
6310.700000000001			1.0
6311.6			1.0
6312.5			1.0
6313.4			1.0
6314.3			1.0
6315.200000000001			1.0
6316.1			1.0
6317.0			1.0
6317.9			1.0
6318.8			1.0
6319.700000000001			1.0
6320.6			1.0
6321.5			1.0
6322.4			1.0
6323.3			1.0
6324.200000000001			1.0
6325.1			1.0
6326.0			1.0
6326.9			1.0
6327.8			1.0
6328.700000000001			1.0
6329.6			1.0
6330.5			1.0
6331.4			1.0
6332.3			1.0
6333.200000000001			1.0
6334.1			1.0
6335.0			1.0
6335.9			1.0
6336.8			1.0
6337.700000000001			1.0
6338.6			1.0
6339.5			1.0
6340.4			1.0
6341.3			1.0
6342.200000000001			1.0
6343.1			1.0
6344.0			1.0
6344.9			1.0
6345.8			1.0
6346.700000000001			1.0
6347.6			1.0
6348.5			1.0
6349.4			1.0
6350.3			1.0
6351.200000000001			1.0
6352.1			1.0
6353.0			1.0
6353.9			1.0
6354.8			1.0
6355.700000000001			1.0
6356.6			1.0
6357.5			1.0
6358.4			1.0
6359.3			1.0
6360.200000000001			1.0
6361.1			1.0
6362.0			1.0
6362.9			1.0
6363.8			1.0
6364.700000000001			1.0
6365.6			1.0
6366.5			1.0
6367.4			1.0
6368.3			1.0
6369.200000000001			1.0
6370.1			1.0
6371.0			1.0
6371.9			1.0
6372.8			1.0
6373.700000000001			1.0
6374.6			1.0
6375.5			1.0
6376.4			1.0
6377.3			1.0
6378.200000000001			1.0
6379.1			1.0
6380.0			1.0
6380.9			1.0
6381.8			1.0
6382.700000000001			1.0
6383.6			1.0
6384.5			1.0
6385.4			1.0
6386.3			1.0
6387.200000000001			1.0
6388.1			1.0
6389.0			1.0
6389.9			1.0
6390.8			1.0
6391.700000000001			1.0
6392.6			1.0
6393.5			1.0
6394.4			1.0
6395.3			1.0
6396.200000000001			1.0
6397.1			1.0046433653833169
6398.0			0.9903428257907289
6398.9			0.946809247128351
6399.8			0.8984152425426706
6400.700000000001			0.9066487606665705
6401.6			0.9628010344743732
6402.5			1.0026911572907087
6403.4			1.0
6404.3			1.0
6405.200000000001			1.0
6406.1			1.0
6407.0			1.0
6407.9			1.0
6408.8			1.0
6409.700000000001			1.0
6410.6			1.0
6411.5			1.0
6412.4			1.0
6413.3			1.0
6414.200000000001			1.0
6415.1			1.0
6416.0			1.0
6416.9			1.0
6417.8			1.0
6418.700000000001			1.0
6419.6			1.0
6420.5			1.0
6421.4			1.0
6422.3			1.0
6423.200000000001			1.0
6424.1			1.0
6425.0			1.0
6425.9			1.0
6426.8			1.0
6427.700000000001			1.0
6428.6			1.0
6429.5			1.0
6430.4			1.0
6431.3			1.0
6432.200000000001			1.0
6433.1			1.0
6434.0			1.0
6434.9			1.0
6435.8			1.0
6436.700000000001			1.0
6437.6			1.0
6438.5			1.0
6439.4			1.0
6440.3			1.0
6441.200000000001			1.0
6442.1			1.0
6443.0			1.0
6443.9			1.0
6444.8			1.0
6445.700000000001			1.0
6446.6			1.0
6447.5			0.9876723745549177
6448.4			0.950617519520246
6449.3			0.8944407688039698
6450.200000000001			0.8769632474247466
6451.1			0.923513865970193
6452.0			0.9782231145820671
6452.9			1.002000259839007
6453.8			1.0
6454.700000000001			1.0
6455.6			1.0
6456.5			1.0
6457.4			1.0
6458.3			1.0
6459.200000000001			1.0
6460.1			1.0
6461.0			0.9734066513959188
6461.9			0.9263657667395804
6462.8			0.9052953377034546
6463.700000000001			0.945209467865101
6464.6			0.9959726550805713
6465.5			1.0
6466.4			1.0
6467.3			1.0
6468.200000000001			1.0
6469.1			1.0
6470.0			1.0
6470.9			1.0
6471.8			1.0
6472.700000000001			1.0
6473.6			1.0
6474.5			1.0
6475.4			1.0
6476.3			1.0
6477.200000000001			1.0
6478.1			1.0
6479.0			1.0
6479.9			1.0
6480.8			1.0
6481.700000000001			1.0
6482.6			1.0
6483.5			1.0
6484.4			1.0
6485.3			1.0
6486.200000000001			1.0
6487.1			1.0
6488.0			1.0
6488.9			1.0
6489.8			0.9963308410087554
6490.700000000001			0.9895066533407416
6491.6			0.9826679906475246
6492.5			0.9640289864916761
6493.4			0.9157276965636814
6494.3			0.8633013789355363
6495.200000000001			0.8549022377674034
6496.1			0.8816855475912573
6497.0			0.9186704219601712
6497.9			0.9511261739466835
6498.8			0.9601147994062762
6499.700000000001			0.9702795502529336
6500.6			0.9984190023831635
6501.5			1.0
6502.4			1.0
6503.3			1.0
6504.200000000001			1.0
6505.1			1.0
6506.0			1.0
6506.9			1.0
6507.8			1.0
6508.700000000001			1.0
6509.6			1.0
6510.5			1.0
6511.4			1.0
6512.3			1.0
6513.200000000001			1.0
6514.1			1.0
6515.0			1.0
6515.9			1.0
6516.8			1.0
6517.700000000001			1.0
6518.6			1.0
6519.5			1.0
6520.4			1.0
6521.3			1.0
6522.200000000001			1.0
6523.1			1.0
6524.0			1.0
6524.9			1.0
6525.8			1.0
6526.700000000001			1.0
6527.6			1.0
6528.5			1.0
6529.4			1.0
6530.3			1.0
6531.200000000001			1.0
6532.1			1.0
6533.0			1.0
6533.9			1.0
6534.8			1.0
6535.700000000001			1.0
6536.6			1.0
6537.5			1.0
6538.4			1.0
6539.3			1.0
6540.200000000001			1.0
6541.1			1.0
6542.0			1.0
6542.9			1.0
6543.8			1.0
6544.700000000001			1.0
6545.6			1.0
6546.5			1.0
6547.4			1.0
6548.3			1.0
6549.200000000001			1.0
6550.1			1.0
6551.0			1.0
6551.9			1.0
6552.8			1.0
6553.700000000001			1.0
6554.6			1.0
6555.5			1.0
6556.4			1.0
6557.3			1.0
6558.200000000001			1.0
6559.1			1.0
6560.0			0.971024813750492
6560.9			0.8938086305436357
6561.8			0.7493501704774225
6562.700000000001			0.6431641467077421
6563.6			0.7052958850343184
6564.5			0.8734819754815303
6565.4			0.9972802831663315
6566.3			1.0
6567.200000000001			1.0
6568.1			1.0
6569.0			1.0
6569.9			1.0
6570.8			1.0
6571.700000000001			1.0
6572.6			1.0
6573.5			1.0
6574.4			1.0
6575.3			1.0
6576.200000000001			1.0
6577.1			1.0
6578.0			1.0
6578.9			1.0
6579.8			1.0
6580.700000000001			1.0
6581.6			1.0
6582.5			1.0
6583.4			1.0
6584.3			1.0
6585.200000000001			1.0
6586.1			1.0
6587.0			1.0
6587.9			1.0
6588.8			1.0
6589.700000000001			1.0
6590.6			1.0
6591.5			1.0
6592.4			1.0
6593.3			1.0
6594.200000000001			1.0
6595.1			1.0
6596.0			1.0
6596.9			1.0
6597.8			1.0
6598.700000000001			1.0
6599.6			1.0
6600.5			1.0
6601.4			1.0
6602.3			1.0
6603.200000000001			1.0
6604.1			1.0
6605.0			1.0
6605.9			1.0
6606.8			1.0
6607.700000000001			1.0
6608.6			1.0
6609.5			1.0
6610.4			1.0
6611.3			1.0
6612.200000000001			1.0
6613.1			1.0
6614.0			1.0
6614.9			1.0
6615.8			1.0
6616.700000000001			1.0
6617.6			1.0
6618.5			1.0
6619.4			1.0
6620.3			1.0
6621.200000000001			1.0
6622.1			1.0
6623.0			1.0
6623.9			1.0
6624.8			1.0
6625.700000000001			1.0
6626.6			1.0
6627.5			1.0
6628.4			1.0
6629.3			1.0
6630.200000000001			1.0
6631.1			1.0
6632.0			1.0
6632.9			1.0
6633.8			1.0
6634.700000000001			1.0
6635.6			1.0
6636.5			1.0
6637.4			1.0
6638.3			1.0
6639.200000000001			1.0
6640.1			1.0
6641.0			1.0
6641.9			1.0
6642.8			1.0
6643.700000000001			1.0
6644.6			1.0
6645.5			1.0
6646.4			1.0
6647.3			1.0
6648.200000000001			1.0
6649.1			1.0
6650.0			1.0
6650.9			1.0
6651.8			1.0
6652.700000000001			1.0
6653.6			1.0
6654.5			1.0
6655.4			1.0
6656.3			1.0
6657.200000000001			1.0
6658.1			1.0
6659.0			1.0
6659.9			1.0
6660.8			1.0
6661.700000000001			1.0
6662.6			1.0
6663.5			1.0
6664.4			1.0
6665.3			1.0
6666.200000000001			1.0
6667.1			1.0
6668.0			1.0
6668.9			1.0
6669.8			1.0
6670.700000000001			1.0
6671.6			1.0
6672.5			1.0
6673.4			1.0
6674.3			1.0
6675.200000000001			1.0
6676.1			1.0
6677.0			1.0
6677.9			1.0
6678.8			1.0
6679.700000000001			1.0
6680.6			1.0
6681.5			1.0
6682.4			1.0
6683.3			1.0
6684.200000000001			1.0
6685.1			1.0
6686.0			1.0
6686.9			1.0
6687.8			1.0
6688.700000000001			1.0
6689.6			1.0
6690.5			1.0
6691.4			1.0
6692.3			1.0
6693.200000000001			1.0
6694.1			1.0
6695.0			1.0
6695.9			1.0
6696.8			1.0
6697.700000000001			1.0
6698.6			1.0
6699.5			1.0
6700.4			1.0
6701.3			1.0
6702.200000000001			1.0
6703.1			1.0
6704.0			1.0
6704.9			1.0
6705.8			1.0
6706.700000000001			1.0
6707.6			1.0
6708.5			1.0
6709.4			1.0
6710.3			1.0
6711.200000000001			1.0
6712.1			1.0
6713.0			1.0
6713.9			1.0
6714.8			1.0
6715.700000000001			1.0
6716.6			1.0
6717.5			1.0
6718.4			1.0
6719.3			1.0
6720.200000000001			1.0
6721.1			1.0
6722.0			1.0
6722.9			1.0
6723.8			1.0
6724.700000000001			1.0
6725.6			1.0
6726.5			1.0
6727.4			1.0
6728.3			1.0
6729.200000000001			1.0
6730.1			1.0
6731.0			1.0
6731.9			1.0
6732.8			1.0
6733.700000000001			1.0
6734.6			1.0
6735.5			1.0
6736.4			1.0
6737.3			1.0
6738.200000000001			1.0
6739.1			1.0
6740.0			1.0
6740.9			1.0
6741.8			1.0
6742.700000000001			1.0
6743.6			1.0
6744.5			1.0
6745.4			1.0
6746.3			1.0
6747.200000000001			1.0
6748.1			1.0
6749.0			1.0
6749.9			1.0
6750.8			1.0
6751.700000000001			1.0
6752.6			1.0
6753.5			1.0
6754.4			1.0
6755.3			1.0
6756.200000000001			1.0
6757.1			1.0
6758.0			1.0
6758.9			1.0
6759.8			1.0
6760.700000000001			1.0
6761.6			1.0
6762.5			1.0
6763.4			1.0
6764.3			1.0
6765.200000000001			1.0
6766.1			1.0
6767.0			1.0
6767.9			1.0
6768.8			1.0
6769.700000000001			1.0
6770.6			1.0
6771.5			1.0
6772.4			1.0
6773.3			1.0
6774.200000000001			1.0
6775.1			1.0
6776.0			1.0
6776.9			1.0
6777.8			1.0
6778.700000000001			1.0
6779.6			1.0
6780.5			1.0
6781.4			1.0
6782.3			1.0
6783.200000000001			1.0
6784.1			1.0
6785.0			1.0
6785.9			1.0
6786.8			1.0
6787.700000000001			1.0
6788.6			1.0
6789.5			1.0
6790.4			1.0
6791.3			1.0
6792.200000000001			1.0
6793.1			1.0
6794.0			1.0
6794.9			1.0
6795.8			1.0
6796.700000000001			1.0
6797.6			1.0
6798.5			1.0
6799.4			1.0
6800.3			1.0
6801.200000000001			1.0
6802.1			1.0
6803.0			1.0
6803.9			1.0
6804.8			1.0
6805.700000000001			1.0
6806.6			1.0
6807.5			1.0
6808.4			1.0
6809.3			1.0
6810.200000000001			1.0
6811.1			1.0
6812.0			1.0
6812.9			1.0
6813.8			1.0
6814.700000000001			1.0
6815.6			1.0
6816.5			1.0
6817.4			1.0
6818.3			1.0
6819.200000000001			1.0
6820.1			1.0
6821.0			1.0
6821.9			1.0
6822.8			1.0
6823.700000000001			1.0
6824.6			1.0
6825.5			1.0
6826.4			1.0
6827.3			1.0
6828.200000000001			1.0
6829.1			1.0
6830.0			1.0
6830.9			1.0
6831.8			1.0
6832.700000000001			1.0
6833.6			1.0
6834.5			1.0
6835.4			1.0
6836.3			1.0
6837.200000000001			1.0
6838.1			1.0
6839.0			1.0
6839.9			1.0
6840.8			1.0
6841.700000000001			1.0
6842.6			1.0
6843.5			1.0
6844.4			1.0
6845.3			1.0
6846.200000000001			1.0
6847.1			1.0
6848.0			1.0
6848.9			1.0
6849.8			1.0
6850.700000000001			1.0
6851.6			1.0
6852.5			1.0
6853.4			1.0
6854.3			1.0
6855.200000000001			1.0
6856.1			1.0
6857.0			1.0
6857.9			1.0
6858.8			1.0
6859.700000000001			1.0
6860.6			1.0
6861.5			1.0
6862.4			1.0
6863.3			1.0
6864.200000000001			1.0
6865.1			1.0
6866.0			1.0
6866.9			1.0
6867.8			1.0
6868.700000000001			1.0
6869.6			1.0
6870.5			1.0
6871.4			1.0
6872.3			1.0
6873.200000000001			1.0
6874.1			1.0
6875.0			1.0
6875.9			1.0
6876.8			1.0
6877.700000000001			1.0
6878.6			1.0
6879.5			1.0
6880.4			1.0
6881.3			1.0
6882.200000000001			1.0
6883.1			1.0
6884.0			1.0
6884.9			1.0
6885.8			1.0
6886.700000000001			1.0
6887.6			1.0
6888.5			1.0
6889.4			1.0
6890.3			1.0
6891.200000000001			1.0
6892.1			1.0
6893.0			1.0
6893.9			1.0
6894.8			1.0
6895.700000000001			1.0
6896.6			1.0
6897.5			1.0
6898.4			1.0
6899.3			1.0
6900.200000000001			1.0
6901.1			1.0
6902.0			1.0
6902.9			1.0
6903.8			1.0
6904.700000000001			1.0
6905.6			1.0
6906.5			1.0
6907.4			1.0
6908.3			1.0
6909.200000000001			1.0
6910.1			1.0
6911.0			1.0
6911.9			1.0
6912.8			1.0
6913.700000000001			1.0
6914.6			1.0
6915.5			1.0
6916.4			1.0
6917.3			1.0
6918.200000000001			1.0
6919.1			1.0
6920.0			1.0
6920.9			1.0
6921.8			1.0
6922.700000000001			1.0
6923.6			1.0
6924.5			1.0
6925.4			1.0
6926.3			1.0
6927.200000000001			1.0
6928.1			1.0
6929.0			1.0
6929.9			1.0
6930.8			1.0
6931.700000000001			1.0
6932.6			1.0
6933.5			1.0
6934.4			1.0
6935.3			1.0
6936.200000000001			1.0
6937.1			1.0
6938.0			1.0
6938.9			1.0
6939.8			1.0
6940.700000000001			1.0
6941.6			1.0
6942.5			1.0
6943.4			1.0
6944.3			1.0
6945.200000000001			1.0
6946.1			1.0
6947.0			1.0
6947.9			1.0
6948.8			1.0
6949.700000000001			1.0
6950.6			1.0
6951.5			1.0
6952.4			1.0
6953.3			1.0
6954.200000000001			1.0
6955.1			1.0
6956.0			1.0
6956.9			1.0
6957.8			1.0
6958.700000000001			1.0
6959.6			1.0
6960.5			1.0
6961.4			1.0
6962.3			1.0
6963.200000000001			1.0
6964.1			1.0
6965.0			1.0
6965.9			1.0
6966.8			1.0
6967.700000000001			1.0
6968.6			1.0
6969.5			1.0
6970.4			1.0
6971.3			1.0
6972.200000000001			1.0
6973.1			1.0018321583263112
6974.0			0.9945090280591343
6974.9			0.9774129197100638
6975.8			0.9591744857618782
6976.700000000001			0.9425741854640174
6977.6			0.9192302198455016
6978.5			0.9004749565588518
6979.4			0.9119775510753182
6980.3			0.9490178777413398
6981.200000000001			0.9802134229880918
6982.1			0.9928718804037224
6983.0			0.9978437084179219
6983.9			0.99949353309872
6984.8			1.0
6985.700000000001			1.0
6986.6			1.0
6987.5			1.0
6988.4			1.0
6989.3			1.0
6990.200000000001			1.0
6991.1			1.0
6992.0			1.0
6992.9			1.0
6993.8			1.0
6994.700000000001			1.0
6995.6			1.0
6996.5			1.0
6997.4			1.0
6998.3			1.0
6999.200000000001			1.0
7000.1			1.0
7001.0			1.0
7001.9			1.0
7002.8			1.0
7003.700000000001			1.0
7004.6			1.0
7005.5			1.0
7006.4			1.0
7007.3			1.0
7008.200000000001			1.0
7009.1			1.0
7010.0			1.0
7010.9			1.0
7011.8			1.0
7012.700000000001			1.0
7013.6			1.0
7014.5			1.0
7015.4			1.0
7016.3			1.0
7017.200000000001			1.0
7018.1			1.0
7019.0			1.0
7019.9			1.0
7020.8			1.0
7021.700000000001			1.0
7022.6			1.0
7023.5			1.0
7024.4			1.0
7025.3			1.0
7026.200000000001			1.0
7027.1			1.0
7028.0			1.0
7028.9			1.0
7029.8			1.0
7030.700000000001			1.0
7031.6			1.0
7032.5			1.0
7033.4			1.0
7034.3			1.0
7035.200000000001			1.0
7036.1			1.0
7037.0			1.0
7037.9			1.0
7038.8			1.0
7039.700000000001			1.0
7040.6			1.0
7041.5			1.0
7042.4			1.0
7043.3			1.0
7044.200000000001			1.0
7045.1			1.0
7046.0			1.0
7046.9			1.0
7047.8			1.0
7048.700000000001			1.0
7049.6			1.0
7050.5			1.0
7051.4			1.0
7052.3			1.0
7053.200000000001			1.0
7054.1			1.0
7055.0			1.0
7055.9			1.0
7056.8			1.0
7057.700000000001			1.0
7058.6			1.0
7059.5			1.0
7060.4			1.0
7061.3			1.0
7062.200000000001			1.0
7063.1			1.0
7064.0			1.0
7064.9			1.0
7065.8			1.0
7066.700000000001			1.0
7067.6			1.0
7068.5			1.0
7069.4			1.0
7070.3			1.0
7071.200000000001			1.0
7072.1			1.0
7073.0			1.0
7073.9			1.0
7074.8			1.0
7075.700000000001			1.0
7076.6			1.0
7077.5			1.0
7078.4			1.0
7079.3			1.0
7080.200000000001			1.0
7081.1			1.0
7082.0			1.0
7082.9			1.0
7083.8			1.0
7084.700000000001			1.0
7085.6			1.0
7086.5			1.0
7087.4			1.0
7088.3			1.0
7089.200000000001			1.0
7090.1			1.0
7091.0			1.0
7091.9			1.0
7092.8			1.0
7093.700000000001			1.0
7094.6			1.0
7095.5			1.0
7096.4			1.0
7097.3			1.0
7098.200000000001			1.0
7099.1			1.0
7100.0			1.0
7100.9			1.0
7101.8			1.0
7102.700000000001			1.0
7103.6			1.0
7104.5			1.0
7105.4			1.0
7106.3			1.0
7107.200000000001			1.0
7108.1			1.0
7109.0			1.0
7109.9			1.0
7110.8			1.0
7111.700000000001			1.0
7112.6			1.0
7113.5			1.0
7114.4			1.0
7115.3			1.0
7116.200000000001			1.0
7117.1			1.0
7118.0			1.0
7118.9			1.0
7119.8			1.0
7120.700000000001			1.0
7121.6			1.0
7122.5			1.0
7123.4			1.0
7124.3			1.0
7125.200000000001			1.0
7126.1			1.0
7127.0			1.0
7127.9			1.0
7128.8			1.0
7129.700000000001			1.0
7130.6			1.0
7131.5			1.0
7132.4			1.0
7133.3			1.0
7134.200000000001			1.0
7135.1			1.0
7136.0			1.0
7136.9			1.0
7137.8			1.0
7138.700000000001			1.0
7139.6			1.0
7140.5			1.0
7141.4			1.0
7142.3			1.0
7143.200000000001			1.0
7144.1			1.0
7145.0			1.0
7145.9			1.0
7146.8			1.0
7147.700000000001			1.0
7148.6			1.0
7149.5			1.0
7150.4			1.0
7151.3			1.0
7152.200000000001			1.0
7153.1			1.0
7154.0			1.0
7154.9			1.0
7155.8			1.0
7156.700000000001			1.0
7157.6			1.0
7158.5			1.0
7159.4			1.0
7160.3			1.0
7161.200000000001			1.0
7162.1			1.0
7163.0			1.0
7163.9			1.0
7164.8			1.0
7165.700000000001			1.0
7166.6			1.0
7167.5			1.0
7168.4			1.0
7169.3			1.0
7170.200000000001			1.0
7171.1			1.0
7172.0			1.0
7172.9			1.0
7173.8			1.0
7174.700000000001			1.0
7175.6			1.0
7176.5			1.0
7177.4			1.0
7178.3			1.0
7179.200000000001			1.0
7180.1			1.0
7181.0			1.0
7181.9			1.0
7182.8			1.0
7183.700000000001			1.0
7184.6			1.0
7185.5			1.0
7186.4			1.0
7187.3			1.0
7188.200000000001			1.0
7189.1			1.0
7190.0			1.0
7190.9			1.0
7191.8			1.0
7192.700000000001			1.0
7193.6			1.0
7194.5			1.0
7195.4			1.0
7196.3			1.0
7197.200000000001			1.0
7198.1			1.0
7199.0			1.0
7199.9			1.0
7200.8			1.0
7201.700000000001			1.0
7202.6			1.0
7203.5			1.0
7204.4			1.0
7205.3			1.0
7206.200000000001			1.0
7207.1			1.0
7208.0			1.0
7208.9			1.0
7209.8			1.0
7210.700000000001			1.0
7211.6			1.0
7212.5			1.0
7213.4			1.0
7214.3			1.0
7215.200000000001			1.0
7216.1			1.0
7217.0			1.0
7217.9			1.0
7218.8			1.0
7219.700000000001			1.0
7220.6			1.0
7221.5			1.0
7222.4			1.0
7223.3			1.0
7224.200000000001			1.0
7225.1			1.0
7226.0			1.0
7226.9			1.0
7227.8			1.0
7228.700000000001			1.0
7229.6			1.0
7230.5			1.0
7231.4			1.0
7232.3			1.0
7233.200000000001			1.0
7234.1			1.0
7235.0			1.0
7235.9			1.0
7236.8			1.0
7237.700000000001			1.0
7238.6			1.0
7239.5			1.0
7240.4			1.0
7241.3			1.0
7242.200000000001			1.0
7243.1			1.0
7244.0			1.0
7244.9			1.0
7245.8			1.0
7246.700000000001			1.0
7247.6			1.0
7248.5			1.0
7249.4			1.0
7250.3			1.0
7251.200000000001			1.0
7252.1			1.0
7253.0			1.0
7253.9			1.0
7254.8			1.0
7255.700000000001			1.0
7256.6			1.0
7257.5			1.0
7258.4			1.0
7259.3			1.0
7260.200000000001			1.0
7261.1			1.0
7262.0			1.0
7262.9			1.0
7263.8			1.0
7264.700000000001			1.0
7265.6			1.0
7266.5			1.0
7267.4			1.0
7268.3			1.0
7269.200000000001			1.0
7270.1			1.0
7271.0			1.0
7271.9			1.0
7272.8			1.0
7273.700000000001			1.0
7274.6			1.0
7275.5			1.0
7276.4			1.0
7277.3			1.0
7278.200000000001			1.0
7279.1			1.0
7280.0			1.0
7280.9			1.0
7281.8			1.0
7282.700000000001			1.0
7283.6			1.0
7284.5			1.0
7285.4			1.0
7286.3			1.0
7287.200000000001			1.0
7288.1			1.0
7289.0			1.0
7289.9			1.0
7290.8			1.0
7291.700000000001			1.0
7292.6			1.0
7293.5			1.0
7294.4			1.0
7295.3			1.0
7296.200000000001			1.0
7297.1			1.0
7298.0			1.0
7298.9			1.0
7299.8			1.0
7300.700000000001			1.0
7301.6			1.0
7302.5			1.0
7303.4			1.0
7304.3			1.0
7305.200000000001			1.0
7306.1			1.0
7307.0			1.0
7307.9			1.0
7308.8			1.0
7309.700000000001			1.0
7310.6			1.0
7311.5			1.0
7312.4			1.0
7313.3			1.0
7314.200000000001			1.0
7315.1			1.0
7316.0			1.0
7316.9			1.0
7317.8			1.0
7318.700000000001			1.0
7319.6			1.0
7320.5			1.0
7321.4			1.0
7322.3			1.0
7323.200000000001			1.0
7324.1			1.0
7325.0			1.0
7325.9			1.0
7326.8			1.0
7327.700000000001			1.0
7328.6			1.0
7329.5			1.0
7330.4			1.0
7331.3			1.0
7332.200000000001			1.0
7333.1			1.0
7334.0			1.0
7334.9			1.0
7335.8			1.0
7336.700000000001			1.0
7337.6			1.0
7338.5			1.0
7339.4			1.0
7340.3			1.0
7341.200000000001			1.0
7342.1			1.0
7343.0			1.0
7343.9			1.0
7344.8			1.0
7345.700000000001			1.0
7346.6			1.0
7347.5			1.0
7348.4			1.0
7349.3			1.0
7350.200000000001			1.0
7351.1			1.0
7352.0			1.0
7352.9			1.0
7353.8			1.0
7354.700000000001			1.0
7355.6			1.0
7356.5			1.0
7357.4			1.0
7358.3			1.0
7359.200000000001			1.0
7360.1			1.0
7361.0			1.0
7361.9			1.0
7362.8			1.0
7363.700000000001			1.0
7364.6			1.0
7365.5			1.0
7366.4			1.0
7367.3			1.0
7368.200000000001			1.0
7369.1			1.0
7370.0			1.0
7370.9			1.0
7371.8			1.0
7372.700000000001			1.0
7373.6			1.0
7374.5			1.0
7375.4			1.0
7376.3			1.0
7377.200000000001			1.0
7378.1			1.0
7379.0			1.0
7379.9			1.0
7380.8			1.0
7381.700000000001			1.0
7382.6			1.0
7383.5			1.0
7384.4			1.0
7385.3			1.0
7386.200000000001			1.0
7387.1			1.0
7388.0			1.0
7388.9			1.0
7389.8			1.0
7390.700000000001			1.0
7391.6			1.0
7392.5			1.0
7393.4			1.0
7394.3			1.0
7395.200000000001			1.0
7396.1			1.0
7397.0			1.0
7397.9			1.0
7398.8			1.0
7399.700000000001			1.0
7400.6			1.0
7401.5			1.0
7402.4			1.0
7403.3			1.0
7404.200000000001			1.0
7405.1			1.0
7406.0			1.0
7406.9			1.0
7407.8			1.0
7408.700000000001			1.0
7409.6			1.0
7410.5			1.0
7411.4			1.0
7412.3			1.0
7413.200000000001			1.0
7414.1			1.0
7415.0			1.0
7415.9			1.0
7416.8			1.0
7417.700000000001			1.0
7418.6			1.0
7419.5			1.0
7420.4			1.0
7421.3			1.0
7422.200000000001			1.0
7423.1			1.0
7424.0			1.0
7424.9			1.0
7425.8			1.0
7426.700000000001			1.0
7427.6			1.0
7428.5			1.0
7429.4			1.0
