3500.0			1.0
3500.9			1.0
3501.8			1.0
3502.7			1.0
3503.6			1.0
3504.5			1.0
3505.4			1.0
3506.3			1.0
3507.2			1.0
3508.1			1.0
3509.0			1.0
3509.9			1.0
3510.8			1.0
3511.7			1.0
3512.6			1.0
3513.5			1.0
3514.4			1.0
3515.3			1.0
3516.2			1.0
3517.1			1.0
3518.0			1.0
3518.9			1.0
3519.8			1.0
3520.7			1.0
3521.6			1.0
3522.5			1.0
3523.4			1.0
3524.3			1.0
3525.2			1.0
3526.1			1.0
3527.0			1.0
3527.9			1.0
3528.8			1.0
3529.7			1.0
3530.6			1.0
3531.5			1.0
3532.4			1.0
3533.3			1.0
3534.2			1.0
3535.1			1.0
3536.0			1.0
3536.9			1.0
3537.8			1.0
3538.7			1.0
3539.6			1.0
3540.5			1.0
3541.4			1.0
3542.3			1.0
3543.2			1.0
3544.1			1.0
3545.0			1.0
3545.9			1.0
3546.8			1.0
3547.7			1.0
3548.6			1.0
3549.5			1.0
3550.4			1.0
3551.3			1.0
3552.2			1.0
3553.1			1.0
3554.0			1.0
3554.9			1.0
3555.8			1.0
3556.7			1.0
3557.6			1.0
3558.5			1.0
3559.4			1.0
3560.3			1.0
3561.2			1.0
3562.1			1.0
3563.0			1.0
3563.9			1.0
3564.8			1.0
3565.7			1.0
3566.6			1.0
3567.5			1.0
3568.4			1.0
3569.3			1.0
3570.2			1.0
3571.1			1.0
3572.0			1.0
3572.9			1.0
3573.8			1.0
3574.7			1.0
3575.6			1.0
3576.5			1.0
3577.4			1.0
3578.3			1.0
3579.2			1.0
3580.1			1.0
3581.0			1.0
3581.9			1.0
3582.8			1.0
3583.7			1.0
3584.6			1.0
3585.5			1.0
3586.4			1.0
3587.3			1.0
3588.2			1.0
3589.1			1.0
3590.0			1.0
3590.9			1.0
3591.8			1.0
3592.7			1.0
3593.6			1.0
3594.5			1.0
3595.4			1.0
3596.3			1.0
3597.2			1.0
3598.1			1.0
3599.0			1.0
3599.9			1.0
3600.8			1.0
3601.7			1.0
3602.6			1.0
3603.5			1.0
3604.4			1.0
3605.3			1.0
3606.2			1.0
3607.1			1.0
3608.0			1.0
3608.9			1.0
3609.8			1.0
3610.7			1.0
3611.6			1.0
3612.5			1.0
3613.4			1.0
3614.3			1.0
3615.2			1.0
3616.1			1.0
3617.0			1.0
3617.9			1.0
3618.8			1.0
3619.7			1.0
3620.6			1.0
3621.5			1.0
3622.4			1.0
3623.3			1.0
3624.2			1.0
3625.1			1.0
3626.0			1.0
3626.9			1.0
3627.8			1.0
3628.7			1.0
3629.6			1.0
3630.5			1.0
3631.4			1.0
3632.3			1.0
3633.2			1.0
3634.1			1.0
3635.0			1.0
3635.9			1.0
3636.8			1.0
3637.7			1.0
3638.6			1.0
3639.5			1.0
3640.4			1.0
3641.3			1.0
3642.2			1.0
3643.1			1.0
3644.0			1.0
3644.9			1.0
3645.8			1.0
3646.7			1.0
3647.6			1.0
3648.5			1.0
3649.4			1.0
3650.3			1.0
3651.2			1.0
3652.1			1.0
3653.0			1.0
3653.9			1.0
3654.8			1.0
3655.7			1.0
3656.6			1.0
3657.5			1.0
3658.4			1.0
3659.3			1.0
3660.2			1.0
3661.1			1.0
3662.0			1.0
3662.9			1.0
3663.8			1.0
3664.7			1.0
3665.6			1.0
3666.5			1.0
3667.4			1.0
3668.3			1.0
3669.2			1.0
3670.1			1.0
3671.0			1.0
3671.9			1.0
3672.8			1.0
3673.7			1.0
3674.6			1.0
3675.5			1.0
3676.4			1.0
3677.3			1.0
3678.2			1.0
3679.1			1.0
3680.0			1.0
3680.9			1.0
3681.8			1.0
3682.7			1.0
3683.6			1.0
3684.5			1.0
3685.4			1.0
3686.3			1.0
3687.2			1.0
3688.1			1.0
3689.0			1.0
3689.9			1.0
3690.8			1.0
3691.7			1.0
3692.6			1.0
3693.5			1.0
3694.4			1.0
3695.3			1.0
3696.2			1.0
3697.1			1.0
3698.0			1.0
3698.9			1.0
3699.8			1.0
3700.7			1.0
3701.6			1.0
3702.5			1.0
3703.4			1.0
3704.3			1.0
3705.2			1.0
3706.1			1.0
3707.0			1.0
3707.9			1.0
3708.8			1.0
3709.7			1.0
3710.6			1.0
3711.5			1.0
3712.4			1.0
3713.3			1.0
3714.2			1.0
3715.1			1.0
3716.0			1.0
3716.9			1.0
3717.8			1.0
3718.7			1.0
3719.6			1.0
3720.5			1.0
3721.4			1.0
3722.3			1.0
3723.2			1.0
3724.1			1.0
3725.0			1.0
3725.9			1.0
3726.8			1.0
3727.7			1.0
3728.6			1.0
3729.5			1.0
3730.4			1.0
3731.3			1.0
3732.2			1.0
3733.1			1.0
3734.0			1.0
3734.9			1.0
3735.8			1.0
3736.7			1.0
3737.6			1.0
3738.5			1.0
3739.4			1.0
3740.3			1.0
3741.2			1.0
3742.1			1.0
3743.0			1.0
3743.9			1.0
3744.8			1.0
3745.7			1.0
3746.6			1.0
3747.5			1.0
3748.4			1.0
3749.3			1.0
3750.2			1.0
3751.1			1.0
3752.0			1.0
3752.9			1.0
3753.8			1.0
3754.7			1.0
3755.6			1.0
3756.5			1.0
3757.4			1.0
3758.3			1.0
3759.2			1.0
3760.1			1.0
3761.0			1.0
3761.9			1.0
3762.8			1.0
3763.7			1.0
3764.6			1.0
3765.5			1.0
3766.4			1.0
3767.3			1.0
3768.2			1.0
3769.1			1.0
3770.0			1.0
3770.9			1.0
3771.8			1.0
3772.7			1.0
3773.6			1.0
3774.5			1.0
3775.4			1.0
3776.3			1.0
3777.2			1.0
3778.1			1.0
3779.0			1.0
3779.9			1.0
3780.8			1.0
3781.7			1.0
3782.6			1.0
3783.5			1.0
3784.4			1.0
3785.3			1.0
3786.2			1.0
3787.1			1.0
3788.0			1.0
3788.9			1.0
3789.8			1.0
3790.7			1.0
3791.6			1.0
3792.5			1.0
3793.4			1.0
3794.3			1.0
3795.2			1.0
3796.1			1.0
3797.0			1.0
3797.9			1.0
3798.8			1.0
3799.7			1.0
3800.6			1.0
3801.5			1.0
3802.4			1.0
3803.3			1.0
3804.2			1.0
3805.1			1.0
3806.0			1.0
3806.9			1.0
3807.8			1.0
3808.7			1.0
3809.6			1.0
3810.5			1.0
3811.4			1.0
3812.3			1.0
3813.2			1.0
3814.1			1.0
3815.0			1.0
3815.9			1.0
3816.8			1.0
3817.7			1.0
3818.6			1.0
3819.5			1.0
3820.4			1.0
3821.3			1.0
3822.2			1.0
3823.1			1.0
3824.0			1.0
3824.9			1.0
3825.8			1.0
3826.7			1.0
3827.6			1.0
3828.5			1.0
3829.4			1.0
3830.3			1.0
3831.2			1.0
3832.1			1.0
3833.0			1.0
3833.9			1.0
3834.8			1.0
3835.7			1.0
3836.6			1.0
3837.5			1.0
3838.4			1.0
3839.3			1.0
3840.2			1.0
3841.1			1.0
3842.0			1.0
3842.9			1.0
3843.8			1.0
3844.7			1.0
3845.6			1.0
3846.5			1.0
3847.4			1.0
3848.3			1.0
3849.2			1.0
3850.1			1.0
3851.0			1.0
3851.9			1.0
3852.8			1.0
3853.7			1.0
3854.6			1.0
3855.5			1.0
3856.4			1.0
3857.3			1.0
3858.2			1.0
3859.1			1.0
3860.0			1.0
3860.9			1.0
3861.8			1.0
3862.7			1.0
3863.6			1.0
3864.5			1.0
3865.4			1.0
3866.3			1.0
3867.2			1.0
3868.1			1.0
3869.0			1.0
3869.9			1.0
3870.8			1.0
3871.7			1.0
3872.6			1.0
3873.5			1.0
3874.4			1.0
3875.3			1.0
3876.2			1.0
3877.1			1.0
3878.0			1.0
3878.9			1.0
3879.8			1.0
3880.7			1.0
3881.6			1.0
3882.5			1.0
3883.4			1.0
3884.3			1.0
3885.2			1.0
3886.1			1.0
3887.0			1.0
3887.9			1.0
3888.8			1.0
3889.7			1.0
3890.6			1.0
3891.5			1.0
3892.4			1.0
3893.3			1.0
3894.2			1.0
3895.1			1.0
3896.0			1.0
3896.9			1.0
3897.8			1.0
3898.7			1.0
3899.6			1.0
3900.5			1.0
3901.4			1.0
3902.3			1.0
3903.2			1.0
3904.1			1.0
3905.0			1.0
3905.9			1.0
3906.8			1.0
3907.7			1.0
3908.6			1.0
3909.5			1.0
3910.4			1.0
3911.3			1.0
3912.2			1.0
3913.1			1.0
3914.0			1.0
3914.9			1.0
3915.8			1.0
3916.7			1.0
3917.6			1.0
3918.5			1.0
3919.4			1.0
3920.3			1.0
3921.2			1.0
3922.1			1.0
3923.0			1.0
3923.9			1.0
3924.8			1.0
3925.7			1.0
3926.6			1.0
3927.5			1.0
3928.4			1.0
3929.3			1.0
3930.2			1.0
3931.1			1.0
3932.0			1.0
3932.9			1.0
3933.8			1.0
3934.7			1.0
3935.6			1.0
3936.5			1.0
3937.4			1.0
3938.3			1.0
3939.2			1.0
3940.1			1.0
3941.0			1.0
3941.9			1.0
3942.8			1.0
3943.7			1.0
3944.6			1.0
3945.5			1.0
3946.4			1.0
3947.3			1.0
3948.2			1.0
3949.1			1.0
3950.0			1.0
3950.9			1.0
3951.8			1.0
3952.7			1.0
3953.6			1.0
3954.5			1.0
3955.4			1.0
3956.3			1.0
3957.2			1.0
3958.1			1.0
3959.0			1.0
3959.9			1.0
3960.8			1.0
3961.7			1.0
3962.6			1.0
3963.5			1.0
3964.4			1.0
3965.3			1.0
3966.2			1.0
3967.1			1.0
3968.0			1.0
3968.9			1.0
3969.8			1.0
3970.7			1.0
3971.6			1.0
3972.5			1.0
3973.4			1.0
3974.3			1.0
3975.2			1.0
3976.1			1.0
3977.0			1.0
3977.9			1.0
3978.8			1.0
3979.7			1.0
3980.6			1.0
3981.5			1.0
3982.4			1.0
3983.3			1.0
3984.2			1.0
3985.1			1.0
3986.0			1.0
3986.9			1.0
3987.8			1.0
3988.7			1.0
3989.6			1.0
3990.5			1.0
3991.4			1.0
3992.3			1.0
3993.2			1.0
3994.1			1.0
3995.0			1.0
3995.9			1.0
3996.8			1.0
3997.7			1.0
3998.6			1.0
3999.5			1.0
4000.4			1.0
4001.3			1.0
4002.2			1.0
4003.1			1.0365117385614364
4004.0			0.9725395227455347
4004.9			0.8219793094952327
4005.8			0.7458458535722717
4006.7			0.8125213838517956
4007.6			0.926597608018577
4008.5			0.9976746694203321
4009.4			1.0
4010.3			1.0
4011.2			1.0
4012.1			1.0
4013.0			1.0
4013.9			1.0
4014.8			1.0
4015.7			1.0
4016.6			1.0
4017.5			1.0
4018.4			1.0
4019.3			1.0
4020.2			1.0
4021.1			1.0
4022.0			1.0
4022.9			1.0
4023.8			1.0
4024.7			1.0
4025.6			1.0
4026.5			1.082984852347095
4027.4			1.1395830373790694
4028.3			1.152540506081468
4029.2			1.0873883029368026
4030.1			0.9287909452206587
4031.0			0.7803471110783758
4031.9			0.7343305707380579
4032.8			0.7402630887913968
4033.7			0.7471851389777926
4034.6			0.7815545509951335
4035.5			0.8532504984331912
4036.4			0.9349031732259816
4037.3			0.9902716368239101
4038.2			1.0
4039.1			1.0
4040.0			1.0
4040.9			1.0
4041.8			1.0
4042.7			1.028212309047761
4043.6			0.9426601114027314
4044.5			0.7516552783734421
4045.4			0.603358949457905
4046.3			0.6523652626844892
4047.2			0.8511462240205565
4048.1			0.9986312116854074
4049.0			1.0
4049.9			1.0
4050.8			1.0
4051.7			1.0
4052.6			1.0
4053.5			1.0
4054.4			1.0
4055.3			1.0
4056.2			1.0
4057.1			1.0
4058.0			1.0
4058.9			1.0
4059.8			1.0
4060.7			1.0835437670246877
4061.6			1.0471483184756447
4062.5			0.8811938861735048
4063.4			0.736272214155387
4064.3			0.786316068029028
4065.2			0.9513631507236299
4066.1			1.004768286803914
4067.0			1.0
4067.9			1.0
4068.8			1.0
4069.7			1.0
4070.6			1.0
4071.5			1.0
4072.4			1.0
4073.3			1.115234562965981
4074.2			1.1418837298167746
4075.1			1.019752682045919
4076.0			0.8208084511653625
4076.9			0.6569612680134906
4077.8			0.6360948783275421
4078.7			0.7461104229648207
4079.6			0.8776105166310861
4080.5			0.9882128985262122
4081.4			1.043864965035235
4082.3			0.9942410853255906
4083.2			1.0
4084.1			1.0
4085.0			1.0
4085.9			1.0
4086.8			1.0
4087.7			1.0
4088.6			1.0
4089.5			1.0
4090.4			1.0
4091.3			1.0
4092.2			1.0
4093.1			1.0
4094.0			1.0
4094.9			1.0
4095.8			1.0
4096.7			1.0
4097.6			1.0250125304925362
4098.5			1.0506835085018686
4099.4			1.0220650621124319
4100.3			0.9011010603707897
4101.2			0.7754358664151062
4102.1			0.7784022878061195
4103.0			0.8854755628023429
4103.9			0.9684898005659528
4104.8			1.0066997323467677
4105.7			1.0
4106.6			1.0
4107.5			1.0
4108.4			1.0
4109.3			1.0
4110.2			1.0
4111.1			1.0
4112.0			1.0
4112.9			1.0
4113.8			1.0
4114.7			1.0
4115.6			1.0
4116.5			1.0
4117.4			0.970662971236165
4118.3			0.8882475975960001
4119.2			0.8522642627297609
4120.1			0.9152216937917083
4121.0			0.9859710380179084
4121.9			1.0
4122.8			1.0
4123.7			1.0
4124.6			1.0
4125.5			1.0
4126.4			0.9743443007486308
4127.3			0.932084522297392
4128.2			0.902413710341954
4129.1			0.8915534832979063
4130.0			0.8955849485526338
4130.9			0.8897709932049317
4131.8			0.8446521564907297
4132.7			0.7945419593516504
4133.6			0.7875031814136677
4134.5			0.8313834834483281
4135.4			0.9219901847857302
4136.3			0.9876495660158018
4137.2			0.984597700039287
4138.1			0.9878063321043499
4139.0			1.0220085671539567
4139.9			1.0
4140.8			0.982130627660468
4141.7			0.8963801449193638
4142.6			0.7565018897736085
4143.5			0.6734681295100586
4144.4			0.7411322782659826
4145.3			0.892157708512117
4146.2			0.9960528485261594
4147.1			1.0
4148.0			1.0
4148.9			0.9418287519392441
4149.8			0.8673274995351641
4150.7			0.8434225390931273
4151.6			0.8678537458175053
4152.5			0.8938397836662478
4153.4			0.8969773606426628
4154.3			0.8819824022107552
4155.2			0.8655835263751026
4156.1			0.8363046772563261
4157.0			0.8354420842448853
4157.9			0.9152152126254569
4158.8			1.012801451461322
4159.7			1.040402231667339
4160.6			1.0075384437013686
4161.5			1.0
4162.4			1.0616051694902748
4163.3			1.0743046541343435
4164.2			1.0189682192076497
4165.1			0.990676777304155
4166.0			0.972200772803282
4166.9			0.9162467107676862
4167.8			0.9075038388130997
4168.7			0.9850924950015413
4169.6			1.0472799207646113
4170.5			1.039608634796742
4171.4			0.955032994255914
4172.3			0.8150041639417419
4173.2			0.735301128858993
4174.1			0.7779886823173132
4175.0			0.858295554443317
4175.9			0.8797324761237155
4176.8			0.8393198352648973
4177.7			0.7852844195965205
4178.6			0.7757049942341266
4179.5			0.8190211676128892
4180.4			0.8609140531590959
4181.3			0.8709423671835772
4182.2			0.8798977846725783
4183.1			0.9230927240294903
4184.0			1.0001014353449775
4184.9			1.0
4185.8			1.0
4186.7			1.0
4187.6			1.0
4188.5			1.0
4189.4			1.0
4190.3			1.0
4191.2			1.0
4192.1			1.0130854407734693
4193.0			1.0743373019174685
4193.9			1.0869709836555532
4194.8			0.9965325556180351
4195.7			0.8723025257194709
4196.6			0.809698634502505
4197.5			0.832202019985783
4198.4			0.8910768075017264
4199.3			0.9686453403608991
4200.2			1.0301572912765318
4201.1			0.999895498513626
4202.0			1.0
4202.9			1.0
4203.8			1.0
4204.7			1.0
4205.6			1.0
4206.5			1.0
4207.4			1.0
4208.3			1.0
4209.2			1.0
4210.1			1.0
4211.0			1.0
4211.9			1.0
4212.8			0.9505088013941528
4213.7			0.8360221481811586
4214.6			0.6862272482102756
4215.5			0.6082812901953799
4216.4			0.7013742888510731
4217.3			0.8818095636628214
4218.2			0.9794894764574007
4219.1			1.0
4220.0			1.0
4220.9			1.0
4221.8			1.0
4222.7			0.9047812400492099
4223.6			0.8120814468218623
4224.5			0.7401602566004963
4225.4			0.6307293414591346
4226.3			0.505595308516703
4227.2			0.509704601711168
4228.1			1.0
4229.0			1.2616975320440986
4229.9			1.357268292942099
4230.8			1.3530114422117838
4231.7			1.279067865703806
4232.6			1.126630850105016
4233.5			1.0292305668091408
4234.4			1.034659212555077
4235.3			1.0050434445440237
4236.2			0.9250282118102618
4237.1			0.8990394887430212
4238.0			0.9128789240783088
4238.9			0.9050955589615517
4239.8			0.9042377850277968
4240.7			0.9457844964180662
4241.6			0.9758805284984431
4242.5			0.951178159255517
4243.4			0.9433664200076456
4244.3			0.9876964034362504
4245.2			0.9946731538055057
4246.1			1.0
4247.0			0.920460473783537
4247.9			0.8805982362726045
4248.8			0.8830203043955227
4249.7			0.8747783200884528
4250.6			0.8767747530206964
4251.5			0.9422761391186708
4252.4			1.0237630290010216
4253.3			1.0380273207090356
4254.2			0.9905361496882342
4255.1			1.0
4256.0			1.0
4256.9			1.0692780882788289
4257.8			1.0465952882387195
4258.7			0.9192771347690437
4259.6			0.807482196699656
4260.5			0.751237643517897
4261.4			0.7786713552905707
4262.3			0.8896020282088378
4263.2			0.9826928183457765
4264.1			0.9968699863427103
4265.0			1.0
4265.9			1.0
4266.8			0.980414109528123
4267.7			0.9072637027982848
4268.6			0.8590582636667072
4269.5			0.8259723065469551
4270.4			0.7420509285255568
4271.3			0.6286994634074472
4272.2			0.6042467151053442
4273.1			0.687850651014821
4274.0			0.7445149542812048
4274.9			0.7528348019803499
4275.8			0.8180168273073235
4276.7			0.9262187062985968
4277.6			1.0007025323540604
4278.5			1.0
4279.4			1.0
4280.3			1.0
4281.2			1.0
4282.1			1.0
4283.0			1.0
4283.9			1.0
4284.8			1.0
4285.7			1.0
4286.6			1.0
4287.5			1.0403847346660708
4288.4			0.9902202344503099
4289.3			0.8503895431414797
4290.2			0.7581003173004333
4291.1			1.0
4292.0			1.1612527603497054
4292.9			1.2946521529170214
4293.8			1.3000014722761533
4294.7			1.2270752241059013
4295.6			1.1913390911557389
4296.5			1.1600236942544946
4297.4			1.0807184351157217
4298.3			0.9585537793889803
4299.2			0.8069155397963622
4300.1			0.72987678091495
4301.0			0.7895741832099339
4301.9			0.8623368835280979
4302.8			0.8669466165341714
4303.7			0.876481613541668
4304.6			0.8982825335437704
4305.5			0.8934540569451862
4306.4			0.8802813938713279
4307.3			0.8299284647090585
4308.2			0.7474029610389931
4309.1			0.733198451972013
4310.0			0.8024936414203153
4310.9			0.8965975184497138
4311.8			0.990376403299396
4312.7			1.0768937991436884
4313.6			1.1435636934724291
4314.5			1.2231093258352366
4315.4			1.4158124949718849
4316.3			1.672516476462592
4317.2			1.8050911228955024
4318.1			1.7917628176130715
4319.0			1.7463388285129584
4319.9			1.6842531072979343
4320.8			1.0
4321.7			0.9578493987260087
4322.6			0.9056925524695767
4323.5			0.7851773551062258
4324.4			0.6363755774471566
4325.3			0.54532239288999
4326.2			0.5832308200974147
4327.1			0.7526348633310722
4328.0			0.9340761712556919
4328.9			1.0041104333414852
4329.8			1.0
4330.7			1.0
4331.6			1.0
4332.5			1.0
4333.4			1.0
4334.3			1.0
4335.2			1.0
4336.1			0.9826066409376626
4337.0			0.8359568311339243
4337.9			0.6889567077046107
4338.8			0.6307232637427345
4339.7			0.592237795177825
4340.6			0.583389526720968
4341.5			0.6966237783115524
4342.4			0.8580695467799997
4343.3			0.9236709606997149
4344.2			0.9347806234418256
4345.1			0.994262089813898
4346.0			1.0
4346.9			1.0
4347.8			1.0
4348.7			1.0
4349.6			1.0340385842144704
4350.5			0.9226500646119752
4351.4			0.7557211712949176
4352.3			0.7205425395075029
4353.2			0.8377358514206423
4354.1			0.9538529236992043
4355.0			1.0031110699989834
4355.9			1.0
4356.8			1.0
4357.7			1.0
4358.6			1.0
4359.5			1.0
4360.4			1.0
4361.3			1.0
4362.2			1.0
4363.1			1.0
4364.0			1.0
4364.9			1.0
4365.8			1.0
4366.7			1.0
4367.6			1.0
4368.5			1.0
4369.4			1.0
4370.3			1.0
4371.2			1.0
4372.1			1.0014263492637363
4373.0			0.9385008991542455
4373.9			0.8155717642211878
4374.8			0.7319640239556086
4375.7			0.7690551672123582
4376.6			0.8958648607187988
4377.5			1.003324184612926
4378.4			1.0
4379.3			1.0
4380.2			0.9820756106699822
4381.1			0.9804296618467596
4382.0			0.9059208023610167
4382.9			0.7045919247033622
4383.8			0.5364158336298228
4384.7			0.573674814117827
4385.6			0.7717849779827444
4386.5			0.951898532524336
4387.4			1.0097834739376141
4388.3			1.0
4389.2			1.0
4390.1			1.0
4391.0			1.0
4391.9			1.0
4392.8			1.0
4393.7			1.0
4394.6			1.0
4395.5			1.0
4396.4			1.0
4397.3			1.0
4398.2			1.0
4399.1			1.0
4400.0			0.8895417178801324
4400.9			0.8728110472629727
4401.8			0.9927428025463283
4402.7			1.0769232395191537
4403.6			0.9578764226079498
4404.5			0.7769473418455954
4405.4			0.7607818561759317
4406.3			0.8593990895644554
4407.2			0.878715876188406
4408.1			0.8107533251194724
4409.0			0.8051945321499586
4409.9			0.9022274349097573
4410.8			1.0
4411.7			1.060006453534673
4412.6			1.0842569951670262
4413.5			1.036823560539007
4414.4			0.9075599284341292
4415.3			0.8098957226780964
4416.2			0.8260976497127829
4417.1			0.8850841980682147
4418.0			0.9348446402210047
4418.9			1.001669112188762
4419.8			1.0
4420.7			1.0
4421.6			1.0
4422.5			1.0
4423.4			1.0
4424.3			1.0
4425.2			1.0
4426.1			1.0
4427.0			1.0
4427.9			1.0
4428.8			1.0
4429.7			1.0
4430.6			1.0
4431.5			1.022710967959694
4432.4			1.0464430021406494
4433.3			0.9817267554631409
4434.2			0.8695791158045012
4435.1			0.7921734596626745
4436.0			0.8052082961540721
4436.9			0.8899216775029568
4437.8			0.968891515671622
4438.7			0.9937049484823441
4439.6			1.0
4440.5			1.0
4441.4			1.0
4442.3			1.0
4443.2			1.0
4444.1			1.0
4445.0			1.0
4445.9			1.0
4446.8			1.0
4447.7			1.0
4448.6			1.0
4449.5			1.0
4450.4			1.0
4451.3			1.0
4452.2			1.0302823747990562
4453.1			1.0073020390424414
4454.0			0.9337854563697804
4454.9			0.8600630599119643
4455.8			0.8476705168361837
4456.7			0.8853580054746779
4457.6			0.903474652989762
4458.5			0.8852082930055624
4459.4			0.869385594234491
4460.3			0.8523749175946101
4461.2			0.8026765431596428
4462.1			0.7906750104328809
4463.0			0.8798405291629803
4463.9			0.9707372806860755
4464.8			0.9795980892955526
4465.7			0.9600981105542742
4466.6			0.9616009649624412
4467.5			0.9581455211182078
4468.4			0.92439657669182
4469.3			0.8901389177176701
4470.2			0.9030935215815356
4471.1			0.948184198794871
4472.0			0.9998124101259372
4472.9			1.0
4473.8			1.0
4474.7			1.0
4475.6			1.0
4476.5			1.0
4477.4			1.0355583273567042
4478.3			1.007705985326586
4479.2			0.9094019546052792
4480.1			0.808444354246897
4481.0			0.7639911297859309
4481.9			0.7813398001117161
4482.8			0.8481791100720714
4483.7			0.934427085049671
4484.6			0.9982587382920639
4485.5			1.0
4486.4			1.0
4487.3			1.0
4488.2			1.0
4489.1			1.0
4490.0			1.0
4490.9			1.0
4491.8			1.076374055638884
4492.7			1.0815849476605806
4493.6			0.9871815607140756
4494.5			0.8823802934513377
4495.4			0.8547599735262817
4496.3			0.8799124523802384
4497.2			0.9257378576972193
4498.1			0.9817771148325979
4499.0			1.007464238086395
4499.9			1.0
4500.8			1.0
4501.7			1.0
4502.6			1.0
4503.5			1.0
4504.4			1.0
4505.3			1.0
4506.2			1.0
4507.1			1.0
4508.0			0.9714029821513044
4508.9			0.9775562658065889
4509.8			1.0119927015286105
4510.7			1.0403610723794297
4511.6			1.0253858706762289
4512.5			0.9743478166134599
4513.4			0.9207232607904933
4514.3			1.0
4515.2			1.0068508369484102
4516.1			1.0383329238429786
4517.0			1.0361420616352797
4517.9			1.0039405735412554
4518.8			1.0135242723049063
4519.7			1.0726171703268372
4520.6			1.1246809609378292
4521.5			1.120637264141192
4522.4			1.0417043116399294
4523.3			0.9779136031624349
4524.2			0.988780318440297
4525.1			0.9829619346949798
4526.0			0.9313939837465054
4526.9			0.8878985368805171
4527.8			0.8599615215040736
4528.7			0.8459958035535239
4529.6			0.8581606955686387
4530.5			0.887627467146579
4531.4			0.9315666756164902
4532.3			0.9793790166159434
4533.2			0.961572643585463
4534.1			0.8841462498227681
4535.0			0.8458258770528302
4535.9			0.9027651811289772
4536.8			1.0351919079593368
4537.7			1.1249422222507264
4538.6			1.0946809892171065
4539.5			1.017092247751657
4540.4			0.9643406541050373
4541.3			0.9582331870756469
4542.2			1.0004245303789576
4543.1			1.0
4544.0			1.0
4544.9			1.0
4545.8			1.0
4546.7			1.037845542763512
4547.6			1.0470284251465711
4548.5			0.9981016805043257
4549.4			0.9338073230050722
4550.3			0.9416908530390707
4551.2			0.9954880811388559
4552.1			0.9910471027032796
4553.0			0.9394056917562
4553.9			0.8922970494953741
4554.8			0.8707665982797687
4555.7			0.9077054621537106
4556.6			0.9909747721999517
4557.5			1.0564427833863157
4558.4			1.0716979091002006
4559.3			1.0570073077187305
4560.2			1.0390341754831607
4561.1			1.0
4562.0			1.010372376906818
4562.9			0.9691372188149102
4563.8			0.8867555516628547
4564.7			0.8326956260834377
4565.6			0.8433107821826663
4566.5			0.9176665688646579
4567.4			0.9999603999619582
4568.3			1.0
4569.2			1.0
4570.1			1.0
4571.0			1.0
4571.9			1.0
4572.8			1.0688865417781943
4573.7			1.1434581704458995
4574.6			1.120102583736479
4575.5			1.080899700184998
4576.4			1.0820767959332658
4577.3			1.075701307025408
4578.2			1.0283999439511229
4579.1			1.0
4580.0			0.9342622617420111
4580.9			0.9229210669341936
4581.8			0.9521363150110993
4582.7			0.9659060085141964
4583.6			0.9564456707579961
4584.5			0.9585102482766444
4585.4			0.9642664545031675
4586.3			0.9681745090590759
4587.2			1.006248437038426
4588.1			1.0652755380709926
4589.0			1.0972332383339891
4589.9			1.0816580587950078
4590.8			1.0225769644059217
4591.7			0.956109851661366
4592.6			0.923191079729938
4593.5			0.9177595447917168
4594.4			0.9072799059459996
4595.3			0.8932502340629989
4596.2			0.8959995238157669
4597.1			0.9087612845625811
4598.0			0.9285879693690683
4598.9			0.9464161968550713
4599.8			0.9190256184971823
4600.7			0.8794705467239622
4601.6			0.898976962590498
4602.5			0.9359098437336132
4603.4			0.9363955651174692
4604.3			0.9085837109838131
4605.2			0.880949643125845
4606.1			0.8892743882070121
4607.0			0.9411042575986233
4607.9			1.0145813593996953
4608.8			1.0660965456315716
4609.7			1.0541680311259236
4610.6			0.9993148109611655
4611.5			1.0
4612.4			1.0
4613.3			1.0
4614.2			1.0
4615.1			1.0
4616.0			1.0
4616.9			1.0
4617.8			1.0
4618.7			1.0
4619.6			1.0
4620.5			1.0
4621.4			1.0
4622.3			1.0
4623.2			1.0
4624.1			1.0
4625.0			1.0
4625.9			1.0
4626.8			1.0
4627.7			1.0
4628.6			1.0
4629.5			1.0
4630.4			1.0
4631.3			1.0
4632.2			1.0
4633.1			1.0
4634.0			1.0
4634.9			1.0
4635.8			1.0
4636.7			1.0
4637.6			1.0
4638.5			1.0
4639.4			1.0
4640.3			1.0
4641.2			1.0
4642.1			1.0218112383357245
4643.0			0.9920246866186833
4643.9			0.9600035146536151
4644.8			0.9279678161842013
4645.7			0.8682340566422313
4646.6			0.809039158633298
4647.5			0.7998398422326987
4648.4			0.8364816706964067
4649.3			0.8882394347237004
4650.2			0.9398646981967294
4651.1			0.9765264957647302
4652.0			0.9977339956623131
4652.9			1.0012572979970256
4653.8			1.0
4654.7			1.0
4655.6			1.0
4656.5			1.0
4657.4			1.0
4658.3			1.0
4659.2			1.0
4660.1			1.0
4661.0			1.0
4661.9			1.0
4662.8			0.9390865679363084
4663.7			0.9300403567025445
4664.6			0.948892484781381
4665.5			0.9185668631539727
4666.4			0.8135856188626527
4667.3			0.7307782136990508
4668.2			0.751084932871341
4669.1			0.8307454980624752
4670.0			0.907800046828889
4670.9			0.97180969380274
4671.8			1.000414978590153
4672.7			1.0
4673.6			1.0
4674.5			1.0
4675.4			1.0
4676.3			1.0502097601188278
4677.2			1.0471088661566055
4678.1			0.9926053923547153
4679.0			0.9359705068334541
4679.9			0.8984680937080084
4680.8			0.8769392821594835
4681.7			0.879659630064668
4682.6			0.9239951852942988
4683.5			0.9854703255940492
4684.4			1.0094116065360959
4685.3			1.0002067505918488
4686.2			1.0
4687.1			1.0
4688.0			1.0
4688.9			1.0
4689.8			1.0
4690.7			1.0
4691.6			1.0
4692.5			1.0
4693.4			1.0
4694.3			1.0
4695.2			1.0
4696.1			1.020248684958447
4697.0			0.9916833448313498
4697.9			0.9143299230792906
4698.8			0.8566637981681192
4699.7			0.8627930077208468
4700.6			0.885718781160824
4701.5			0.8797041692633888
4702.4			0.8621803077372466
4703.3			0.8610898393142179
4704.2			0.8842549192919791
4705.1			0.9116802648745259
4706.0			0.9100537020601606
4706.9			0.8744941974756028
4707.8			0.8365082789854084
4708.7			0.822230821880422
4709.6			0.842230202430223
4710.5			0.8964604551655014
4711.4			0.9452107634049529
4712.3			0.9439142835597572
4713.2			0.902027913794646
4714.1			0.8569583983420094
4715.0			0.8551221042347
4715.9			0.9128413878187072
4716.8			0.9710752877601946
4717.7			0.9880425444553169
4718.6			0.9922534904253918
4719.5			1.0060983422604615
4720.4			1.014012951193249
4721.3			0.9999194380263887
4722.2			1.0
4723.1			0.9979809942445573
4724.0			1.0287978312582675
4724.9			1.058496723030284
4725.8			1.038159603667493
4726.7			0.9557729165364225
4727.6			0.8653090245592194
4728.5			0.8361785468943947
4729.4			0.8591316554458795
4730.3			0.8847628100779105
4731.2			0.9102130405328334
4732.1			0.9473494002180772
4733.0			0.9782914880341764
4733.9			0.999544325137365
4734.8			1.0
4735.7			1.0
4736.6			1.0
4737.5			1.0
4738.4			1.0
4739.3			1.0
4740.2			1.0
4741.1			1.0
4742.0			1.0
4742.9			1.0
4743.8			1.0
4744.7			1.0
4745.6			1.0
4746.5			1.0
4747.4			1.0
4748.3			1.0
4749.2			1.0
4750.1			1.0
4751.0			1.0
4751.9			1.0
4752.8			1.0
4753.7			1.0
4754.6			1.0
4755.5			1.0
4756.4			1.0
4757.3			1.0
4758.2			1.0
4759.1			1.0314350615739722
4760.0			1.0463493738484568
4760.9			1.0154974586329464
4761.8			0.951557335384747
4762.7			0.912018660408729
4763.6			0.9059181105409807
4764.5			0.8961121150253455
4765.4			0.8795505156189686
4766.3			0.8876388158410877
4767.2			0.9297077947252957
4768.1			0.9812252616227604
4769.0			1.0338130011316526
4769.9			1.0684673691856026
4770.8			1.046534713034082
4771.7			1.0005252383885588
4772.6			1.0
4773.5			1.0
4774.4			1.0
4775.3			1.0
4776.2			1.0
4777.1			1.0
4778.0			1.0
4778.9			1.0
4779.8			0.9776263591613021
4780.7			0.9780219626286832
4781.6			0.9759022015221088
4782.5			0.9425518199926485
4783.4			0.9165866889679266
4784.3			0.9289142688097423
4785.2			0.9205486182973177
4786.1			0.8671173850546209
4787.0			0.8493427824118008
4787.9			0.8757880079318775
4788.8			0.8757697008574561
4789.7			0.8620709516027886
4790.6			0.8723650453575932
4791.5			0.8895071420608752
4792.4			0.9124570143268956
4793.3			0.9572739605131999
4794.2			1.0014653102764777
4795.1			1.0
4796.0			1.0
4796.9			0.9603948493531892
4797.8			0.912116548122471
4798.7			0.8672074888630585
4799.6			0.8557558488601749
4800.5			0.8909979057837508
4801.4			0.9543446632230546
4802.3			1.0
4803.2			0.9975179999143228
4804.1			0.9652071003121855
4805.0			0.9364150562694918
4805.9			0.9343524242440191
4806.8			0.9319045233916589
4807.7			0.9081203469512535
4808.6			0.9049865269147986
4809.5			0.9400002367486533
4810.4			0.9713290658734022
4811.3			0.9800024864935659
4812.2			0.9835552951906144
4813.1			0.9895112055623887
4814.0			0.9981402406569659
4814.9			1.0
4815.8			1.0
4816.7			1.0
4817.6			1.0
4818.5			1.0
4819.4			1.0
4820.3			1.0
4821.2			1.0
4822.1			0.969758895332544
4823.0			0.9077260457172575
4823.9			0.879893848408894
4824.8			0.9320594662774435
4825.7			0.9977696827668185
4826.6			1.0
4827.5			1.0
4828.4			1.0
4829.3			1.0
4830.2			1.0
4831.1			1.0
4832.0			1.0
4832.9			1.0
4833.8			1.0
4834.7			1.0125692467359257
4835.6			0.9990135828984997
4836.5			0.9983907191718084
4837.4			1.0051878842208855
4838.3			0.972574658298486
4839.2			0.913460139009999
4840.1			0.8905385861999918
4841.0			0.9167658635522533
4841.9			0.9399231794366826
4842.8			0.9205267064684531
4843.7			0.9149083471398906
4844.6			0.9606796533091737
4845.5			0.9990390934156095
4846.4			1.0
4847.3			1.0
4848.2			1.0
4849.1			1.0
4850.0			1.0
4850.9			1.0
4851.8			1.0
4852.7			1.0
4853.6			1.0
4854.5			1.0
4855.4			0.9266945942120828
4856.3			0.9585067169086302
4857.2			1.0383185292525468
4858.1			1.0436336939744202
4859.0			0.9565509780660998
4859.9			0.8152704886951901
4860.8			0.6872083690675073
4861.7			0.6903076242757158
4862.6			0.8223650991955724
4863.5			0.9215123333129681
4864.4			0.9420018858460603
4865.3			0.9676848019497767
4866.2			0.9976661356883765
4867.1			1.0
4868.0			1.0
4868.9			1.0
4869.8			0.9900995957933566
4870.7			0.9233175027909976
4871.6			0.8740279718198942
4872.5			0.9166589707715772
4873.4			0.9910816346876982
4874.3			1.0
4875.2			1.0
4876.1			1.0
4877.0			1.0239289326168117
4877.9			1.0508849961046216
4878.8			1.0923742038924353
4879.7			1.1126673940763305
4880.6			1.0484297233165478
4881.5			0.9644246413824576
4882.4			0.9499308719483175
4883.3			0.9661237462901499
4884.2			0.9348918197005258
4885.1			0.8696367753182552
4886.0			0.8362337025198292
4886.9			0.8507134501293075
4887.8			0.8763544229365752
4888.7			0.8800209289857963
4889.6			0.8510958297372824
4890.5			0.8018897717642496
4891.4			0.7914662761270936
4892.3			0.858222214553875
4893.2			0.9349324905312879
4894.1			1.0
4895.0			1.0295794803776273
4895.9			1.0363533883372313
4896.8			1.0231017795906772
4897.7			1.0093993453363603
4898.6			0.9771650105390446
4899.5			0.9261491572176246
4900.4			0.9119763159922163
4901.3			0.9434682583147617
4902.2			0.9496977867948221
4903.1			0.9199869879421391
4904.0			0.9180467974988715
4904.9			0.959072724517155
4905.8			1.0
4906.7			1.006318596489981
4907.6			0.968127976439676
4908.5			0.9179383229750242
4909.4			0.8674370814962873
4910.3			0.8332351593586067
4911.2			0.8534686552324773
4912.1			1.0
4913.0			1.0424311524126502
4913.9			1.0645973548562557
4914.8			1.0957247916504596
4915.7			1.1174787153425736
4916.6			1.0819901777168675
4917.5			0.9866813364777924
4918.4			0.8803578674179205
4919.3			0.809706179891245
4920.2			0.7931096885733788
4921.1			0.8319831688778639
4922.0			0.8966626496542595
4922.9			0.9185564051140732
4923.8			0.8866187750038
4924.7			0.8802122751569414
4925.6			0.9366325625327654
4926.5			0.9904787803869046
4927.4			1.0008149068406509
4928.3			1.0
4929.2			1.0
4930.1			1.0
4931.0			1.0
4931.9			1.0
4932.8			1.0
4933.7			1.0
4934.6			1.0053835443946881
4935.5			1.0438120900156447
4936.4			1.0082745565726599
4937.3			0.913899605663172
4938.2			0.8337014507895044
4939.1			0.8219050233360891
4940.0			0.8877238598155736
4940.9			0.9666810981381508
4941.8			0.9862042307150938
4942.7			1.0
4943.6			1.0
4944.5			1.0
4945.4			1.0
4946.3			1.0
4947.2			1.0
4948.1			1.0
4949.0			1.0
4949.9			1.0
4950.8			1.0
4951.7			1.0
4952.6			1.0
4953.5			1.0
4954.4			1.0
4955.3			1.0
4956.2			0.9259382092165646
4957.1			0.8201293795334733
4958.0			0.8087859069187071
4958.9			0.9130625343151823
4959.8			1.0017547515354324
4960.7			1.0
4961.6			1.0
4962.5			1.0
4963.4			1.0
4964.3			1.0
4965.2			1.0
4966.1			1.0
4967.0			1.0
4967.9			1.0
4968.8			1.0
4969.7			1.0
4970.6			1.0
4971.5			1.0
4972.4			1.0
4973.3			1.0
4974.2			1.0
4975.1			1.0
4976.0			1.0
4976.9			1.0
4977.8			0.9693302603309165
4978.7			0.9480758348151559
4979.6			0.9483264356909518
4980.5			0.9357713573337898
4981.4			0.8798283217057574
4982.3			0.8107765407253424
4983.2			0.7868047599883661
4984.1			0.8158721279328611
4985.0			0.858249789034024
4985.9			0.9028007073355045
4986.8			0.9618322373823506
4987.7			1.0051292601681783
4988.6			0.9994607684074321
4989.5			1.0
4990.4			1.0
4991.3			1.0
4992.2			1.0
4993.1			1.0
4994.0			1.0
4994.9			1.0
4995.8			1.0
4996.7			1.0
4997.6			1.0
4998.5			1.0
4999.4			1.0
5000.3			1.0
5001.2			1.0
5002.1			1.0
5003.0			1.0
5003.9			1.0
5004.8			1.0
5005.7			0.954263187607559
5006.6			0.9753820386472534
5007.5			1.0664202090143229
5008.4			1.1437407482922906
5009.3			1.148426042898467
5010.2			1.1076694928902442
5011.1			1.0501713672517208
5012.0			0.9777553154165697
5012.9			0.9199298917110812
5013.8			0.91125268339587
5014.7			0.9545948574254081
5015.6			1.0110323301532151
5016.5			1.0137846301770208
5017.4			0.9633192068133755
5018.3			0.9408176596099159
5019.2			0.9813084123759479
5020.1			1.0274120295116296
5021.0			1.026724321387587
5021.9			1.0006235545461715
5022.8			1.0
5023.7			1.0
5024.6			1.0
5025.5			1.0
5026.4			1.0
5027.3			1.0
5028.2			1.0
5029.1			1.0
5030.0			1.0
5030.9			1.0
5031.8			1.0
5032.7			1.0
5033.6			1.0
5034.5			1.0
5035.4			1.0
5036.3			1.0
5037.2			1.016654838151227
5038.1			1.0070781043668873
5039.0			0.9287884593219203
5039.9			0.8201983008333407
5040.8			0.7419846974122665
5041.7			0.7707543701483678
5042.6			0.8898890078544897
5043.5			0.9794876058640082
5044.4			1.0122417399444268
5045.3			1.0
5046.2			1.0
5047.1			1.0
5048.0			1.0
5048.9			1.0
5049.8			1.0
5050.7			1.0
5051.6			1.0
5052.5			1.0
5053.4			1.0
5054.3			1.0
5055.2			1.0
5056.1			1.0
5057.0			1.0
5057.9			1.0
5058.8			1.0
5059.7			1.0
5060.6			1.0297314581647656
5061.5			1.0627726079247002
5062.4			1.0622664185188841
5063.3			1.0063141530176158
5064.2			0.9205990683365546
5065.1			0.8828705632516234
5066.0			0.9175223804363648
5066.9			0.9497537859931201
5067.8			0.9439710724504952
5068.7			0.9535010578417245
5069.6			1.0020572298723602
5070.5			1.0
5071.4			1.0
5072.3			1.0
5073.2			1.0
5074.1			1.0
5075.0			1.0
5075.9			1.0050641988669045
5076.8			1.0374344496034267
5077.7			1.0299778269437896
5078.6			0.9303023019615736
5079.5			0.824029731271285
5080.4			0.8333131084384806
5081.3			0.9294595925682487
5082.2			0.9961735674916958
5083.1			1.0018326468971173
5084.0			1.0
5084.9			1.0
5085.8			1.0
5086.7			1.0
5087.6			1.0
5088.5			1.0
5089.4			1.0
5090.3			1.0
5091.2			1.0
5092.1			1.0
5093.0			1.0
5093.9			1.0
5094.8			1.0
5095.7			0.9819146186068145
5096.6			0.9286570208015239
5097.5			0.856292458561752
5098.4			0.8046376457824829
5099.3			0.8170246580247961
5100.2			0.9040588562227035
5101.1			0.9950683333863057
5102.0			1.0
5102.9			0.9663934066511279
5103.8			0.9342990553491298
5104.7			0.9251641305394211
5105.6			0.921946387437862
5106.5			0.9011435689726819
5107.4			0.8764577456290318
5108.3			0.8761770319198533
5109.2			0.876894277103441
5110.1			0.8658352222496906
5111.0			0.8926679039655784
5111.9			0.9437631976433766
5112.8			1.0
5113.7			0.9922576193790141
5114.6			0.9871642169081062
5115.5			0.9991316510109561
5116.4			1.0309400054749784
5117.3			1.0587898813862846
5118.2			1.0616242637334687
5119.1			1.047477577740536
5120.0			1.023321061519389
5120.9			0.9903486526384604
5121.8			0.941853517137343
5122.7			0.8824147922281569
5123.6			0.8518508354172096
5124.5			0.8708646034913501
5125.4			0.9071835801222018
5126.3			0.9242435010562727
5127.2			0.9161075893583822
5128.1			0.9045070483662858
5129.0			0.9053832528125767
5129.9			0.9181025251496189
5130.8			0.9395468373950563
5131.7			0.9558440123684382
5132.6			0.9729089580880379
5133.5			1.0013435966223714
5134.4			1.0
5135.3			1.0157035769117442
5136.2			0.9727147941988835
5137.1			0.9217537634523736
5138.0			0.9066130859313272
5138.9			0.9058743416878121
5139.8			0.9312464346673229
5140.7			0.9644736197854302
5141.6			0.9252283601271307
5142.5			0.8672007183930631
5143.4			0.8971367287054435
5144.3			0.956430619530149
5145.2			0.9533556248067327
5146.1			0.9192541067364342
5147.0			0.9035709470189389
5147.9			0.9203987926262248
5148.8			0.968604351307088
5149.7			0.9973935443876577
5150.6			1.0
5151.5			1.0
5152.4			1.0
5153.3			1.0
5154.2			1.0
5155.1			1.0
5156.0			1.0
5156.9			1.0
5157.8			1.0
5158.7			1.0
5159.6			1.0
5160.5			1.0
5161.4			1.0
5162.3			0.9943375230375505
5163.2			1.0085893285386016
5164.1			1.0031751673680616
5165.0			0.9541365215619828
5165.9			0.8826146364962297
5166.8			0.8105356268103793
5167.7			0.7918300528590049
5168.6			0.8890014920993766
5169.5			1.0731081968513376
5170.4			1.1938891636196818
5171.3			1.1157084806347177
5172.2			0.9702543986463978
5173.1			1.0300882157957412
5174.0			1.0
5174.9			1.0
5175.8			1.0
5176.7			1.0
5177.6			1.0
5178.5			1.0
5179.4			1.0
5180.3			1.0
5181.2			0.976102696626218
5182.1			0.8661835919729823
5183.0			0.7023705822095908
5183.9			0.6545037684966184
5184.8			0.7905836633199913
5185.7			0.9483890426239859
5186.6			1.0018296935542816
5187.5			1.0
5188.4			1.0
5189.3			1.0
5190.2			1.0
5191.1			1.0
5192.0			1.0
5192.9			1.0
5193.8			1.0
5194.7			1.0
5195.6			1.0
5196.5			1.0
5197.4			1.0
5198.3			1.0
5199.2			1.0
5200.1			1.0180523349349464
5201.0			1.0132764666206218
5201.9			1.00978205904195
5202.8			1.0169524527844689
5203.7			0.9975078448957916
5204.6			0.9242477037260735
5205.5			0.8746729269436226
5206.4			0.9006256250525992
5207.3			0.9229520262304591
5208.2			0.9024915416914796
5209.1			0.9166695225100888
5210.0			0.9705359709134878
5210.9			1.001240416298632
5211.8			1.0
5212.7			1.0
5213.6			1.002843213719901
5214.5			0.9587319504246827
5215.4			0.8966353866839905
5216.3			0.8735527254706826
5217.2			0.9038235590918984
5218.1			0.9568127134077415
5219.0			1.000826606471561
5219.9			1.0
5220.8			1.0
5221.7			1.0
5222.6			0.984288281456037
5223.5			0.9454760914627859
5224.4			0.8854583074045514
5225.3			0.8070017584397169
5226.2			0.7383922709346693
5227.1			0.7469836532884195
5228.0			0.8560320373477481
5228.9			0.9638145705101372
5229.8			1.0017079509587479
5230.7			1.0
5231.6			1.0
5232.5			1.0
5233.4			1.0
5234.3			1.0
5235.2			1.0
5236.1			1.0
5237.0			1.0
5237.9			1.0
5238.8			1.0
5239.7			1.0
5240.6			1.0
5241.5			1.0
5242.4			1.0
5243.3			1.0
5244.2			1.0366765966407945
5245.1			1.0526249371889105
5246.0			0.9922664095101297
5246.9			0.9097649861260784
5247.8			0.8940440397431615
5248.7			0.9113354777738718
5249.6			0.8835765662423388
5250.5			0.8571088180953969
5251.4			0.8950333249024659
5252.3			0.9452105251861491
5253.2			0.9498852899886258
5254.1			0.910912847008834
5255.0			0.8751028567321182
5255.9			0.9128792062214034
5256.8			0.9995470953439707
5257.7			1.0
5258.6			1.0
5259.5			0.9832998126348518
5260.4			0.9461503735821302
5261.3			0.8849971431489952
5262.2			0.813718681808523
5263.1			0.758308867465313
5264.0			0.7231082575969094
5264.9			0.6987450336241745
5265.8			0.7048732938795993
5266.7			0.7769551588440068
5267.6			0.8505275748723382
5268.5			0.8074309403660607
5269.4			0.7030359420456179
5270.3			0.7083486780701731
5271.2			0.8260862123442893
5272.1			0.9045057734682042
5273.0			0.8938051150442686
5273.9			0.8620435243619234
5274.8			0.834152177359008
5275.7			0.8387688125821069
5276.6			0.9209831283234442
5277.5			1.0154687952330532
5278.4			1.0
5279.3			0.9629028877487856
5280.2			0.9131547622700934
5281.1			0.888946100079038
5282.0			0.8822465373945393
5282.9			0.859486420915983
5283.8			0.839838236027131
5284.7			0.8856209054659776
5285.6			0.9795121232064232
5286.5			1.031334927131772
5287.4			1.0212245952063117
5288.3			0.9998994130747214
5289.2			1.0
5290.1			1.0
5291.0			1.0
5291.9			1.0
5292.8			1.0
5293.7			1.0
5294.6			1.018214886595118
5295.5			1.0055850897405527
5296.4			0.9393632223729685
5297.3			0.8655050121557342
5298.2			0.8644730237698495
5299.1			0.9524341003909751
5300.0			1.0264457969994174
5300.9			1.0198504547808613
5301.8			1.0034239108047365
5302.7			1.0
5303.6			1.0
5304.5			1.0
5305.4			1.0
5306.3			1.0
5307.2			1.0
5308.1			1.0
5309.0			1.0
5309.9			1.0
5310.8			1.0
5311.7			1.0
5312.6			1.0
5313.5			1.0
5314.4			1.0
5315.3			1.0
5316.2			1.0
5317.1			1.0
5318.0			1.0
5318.9			1.0
5319.8			1.0
5320.7			1.0
5321.6			1.0
5322.5			1.0
5323.4			1.0
5324.3			1.0
5325.2			1.0
5326.1			1.0035636449390037
5327.0			0.9175303449766159
5327.9			0.7882683901595384
5328.8			0.7676024304147374
5329.7			0.8819641138514758
5330.6			0.990213208679446
5331.5			1.0052786778065026
5332.4			1.0
5333.3			1.0
5334.2			1.0
5335.1			1.0
5336.0			1.0
5336.9			1.0
5337.8			0.9964858958414637
5338.7			0.9791251819647013
5339.6			0.9166240836550016
5340.5			0.870251525948348
5341.4			0.9027112315321746
5342.3			0.9674627313981099
5343.2			0.9965554852181744
5344.1			1.0
5345.0			0.9761198784213263
5345.9			0.9477413526918874
5346.8			0.9458502247449389
5347.7			0.9405598898990964
5348.6			0.9062175675128533
5349.5			0.8927903823737325
5350.4			0.9310490095881553
5351.3			0.9789284648033726
5352.2			0.9853996321023198
5353.1			0.9754894780864855
5354.0			0.998953957906944
5354.9			1.0
5355.8			1.0
5356.7			1.0
5357.6			1.0
5358.5			1.0
5359.4			1.0
5360.3			1.0
5361.2			1.0
5362.1			1.0
5363.0			1.0
5363.9			1.0
5364.8			1.0
5365.7			1.0
5366.6			1.0
5367.5			0.9940710275816012
5368.4			0.9673280821274238
5369.3			0.9168105096296647
5370.2			0.8531713836023183
5371.1			0.8316623436371791
5372.0			0.8786455649754892
5372.9			0.9512753453460205
5373.8			0.9913212614671871
5374.7			0.9975979232502434
5375.6			1.0
5376.5			1.0
5377.4			1.0
5378.3			1.0
5379.2			1.0
5380.1			1.0
5381.0			1.0
5381.9			1.0
5382.8			1.0
5383.7			1.0
5384.6			1.0
5385.5			1.0
5386.4			1.0
5387.3			1.0
5388.2			1.0
5389.1			1.0
5390.0			1.0
5390.9			1.0
5391.8			1.0
5392.7			1.0
5393.6			1.0
5394.5			1.0
5395.4			1.0
5396.3			1.0
5397.2			0.9633505541239801
5398.1			1.0053146629190175
5399.0			1.0600370266234562
5399.9			1.0612311194537132
5400.8			1.053714259268525
5401.7			1.0694573964339236
5402.6			1.0521855057093694
5403.5			0.9756755085644596
5404.4			0.8930532132689132
5405.3			0.856761219218256
5406.2			0.8783882044067095
5407.1			0.9349044898782077
5408.0			0.9677849521958564
5408.9			0.9421070412319755
5409.8			0.906259839804279
5410.7			0.9242579611665935
5411.6			0.9806097280872608
5412.5			1.0097307710246495
5413.4			0.9941134778100765
5414.3			1.0
5415.2			1.0
5416.1			1.0
5417.0			1.0
5417.9			1.0
5418.8			1.0
5419.7			1.0
5420.6			1.0
5421.5			1.0
5422.4			1.0
5423.3			1.0
5424.2			1.0
5425.1			1.0
5426.0			1.0
5426.9			1.0481115642978225
5427.8			1.0231594528918952
5428.7			0.9408442581291226
5429.6			0.8957532597315611
5430.5			0.950684899680459
5431.4			1.0157754969849049
5432.3			1.0050583500579295
5433.2			1.0
5434.1			1.0
5435.0			1.0
5435.9			1.0
5436.8			1.0
5437.7			1.0
5438.6			1.0
5439.5			1.0
5440.4			1.0
5441.3			1.0
5442.2			1.0
5443.1			1.0
5444.0			0.9740416782432748
5444.9			0.9183047736790215
5445.8			0.8527383571782547
5446.7			0.8256774086588721
5447.6			0.8797292274901223
5448.5			0.9626918997239385
5449.4			1.0000775950482739
5450.3			1.0
5451.2			1.0
5452.1			1.0
5453.0			0.9768256964408896
5453.9			0.9290965891931787
5454.8			0.8655220269826089
5455.7			0.8475743181129498
5456.6			0.9060438672866291
5457.5			0.9760108835803962
5458.4			0.9989141979648777
5459.3			1.0
5460.2			1.0
5461.1			1.0
5462.0			1.0
5462.9			1.0
5463.8			1.0
5464.7			1.0
5465.6			1.0
5466.5			1.0
5467.4			1.0
5468.3			1.0
5469.2			1.0
5470.1			1.0
5471.0			1.0
5471.9			1.0
5472.8			1.0
5473.7			0.9874661845885226
5474.6			0.9923934507657644
5475.5			0.9371932910646901
5476.4			0.8531705736438358
5477.3			0.862948913212744
5478.2			0.9549503523713222
5479.1			1.0042712417097184
5480.0			1.0
5480.9			1.0
5481.8			1.0
5482.7			1.0
5483.6			1.0
5484.5			1.0
5485.4			1.0
5486.3			1.0
5487.2			1.0
5488.1			1.0
5489.0			1.0
5489.9			1.0
5490.8			1.0
5491.7			1.0
5492.6			1.0
5493.5			1.0
5494.4			1.0
5495.3			1.0
5496.2			1.0
5497.1			1.0
5498.0			1.0
5498.9			1.0
5499.8			1.0
5500.7			1.0
5501.6			1.0
5502.5			1.0
5503.4			1.0
5504.3			1.0
5505.2			1.0
5506.1			1.0
5507.0			1.0
5507.9			1.037775174467533
5508.8			1.044226968468859
5509.7			1.0245022976566922
5510.6			1.000651922041242
5511.5			0.9625151368826177
5512.4			0.9320968407284629
5513.3			0.9450790841198986
5514.2			0.9768933693415959
5515.1			0.9940653872582056
5516.0			0.9954908596892589
5516.9			1.0021414843211784
5517.8			1.0
5518.7			1.0
5519.6			1.0
5520.5			1.0
5521.4			1.0
5522.3			1.0
5523.2			1.0
5524.1			0.991070458378534
5525.0			0.970231002964898
5525.9			0.9490558283717656
5526.8			0.9246330193339046
5527.7			0.9005704260761287
5528.6			0.9097924060664087
5529.5			0.956949729098704
5530.4			0.996155557922295
5531.3			0.9997738752671969
5532.2			1.0
5533.1			1.0
5534.0			1.0
5534.9			1.0
5535.8			1.0
5536.7			1.0
5537.6			1.0
5538.5			1.0
5539.4			1.0
5540.3			1.0
5541.2			1.0
5542.1			1.0
5543.0			1.0
5543.9			1.0
5544.8			1.0
5545.7			1.0
5546.6			1.0
5547.5			1.0
5548.4			1.0
5549.3			1.0
5550.200000000001			1.0
5551.1			1.0
5552.0			1.0
5552.9			1.0
5553.8			1.0
5554.700000000001			1.0
5555.6			1.0
5556.5			1.0
5557.4			1.0
5558.3			1.0
5559.200000000001			1.0
5560.1			1.0
5561.0			1.0
5561.9			1.0
5562.8			1.0
5563.700000000001			1.0
5564.6			1.0
5565.5			1.0
5566.4			1.0
5567.3			1.0
5568.200000000001			1.0
5569.1			1.0
5570.0			1.0
5570.9			1.0
5571.8			1.0
5572.700000000001			1.0
5573.6			1.0
5574.5			1.0
5575.4			1.0
5576.3			1.0
5577.200000000001			1.0
5578.1			1.0
5579.0			0.9982349466971471
5579.9			1.0120385896186614
5580.8			1.0112088756888817
5581.700000000001			0.9975019750722097
5582.6			1.0027091907765406
5583.5			1.0103795019186603
5584.4			0.9939684063359588
5585.3			0.9606667746488188
5586.200000000001			0.9073512427423813
5587.1			0.8546489735460273
5588.0			0.8408046472357696
5588.9			0.8617026644745946
5589.8			0.8934801330459804
5590.700000000001			0.921989256197531
5591.6			0.9328607755843586
5592.5			0.9277466316367005
5593.4			0.9131381910669373
5594.3			0.91290390609265
5595.200000000001			0.9593961240117875
5596.1			1.0
5597.0			0.9876716647147128
5597.9			0.9370704886755719
5598.8			0.9147225836656596
5599.700000000001			0.9141289899341393
5600.6			0.8955732624946209
5601.5			0.8679633170975029
5602.4			0.8607414353853206
5603.3			0.8975438172402171
5604.200000000001			0.968768832915304
5605.1			1.0179789460739805
5606.0			1.0219927293480728
5606.9			1.0093281820696793
5607.8			0.9989605345409671
5608.700000000001			1.0
5609.6			1.0
5610.5			1.0
5611.4			1.0
5612.3			1.016466731109799
5613.200000000001			0.9999645762606881
5614.1			0.9280808474841091
5615.0			0.8572350653280281
5615.9			0.8740326142206657
5616.8			0.954557224308808
5617.700000000001			1.002964173371393
5618.6			1.0
5619.5			1.0
5620.4			1.0
5621.3			1.0
5622.200000000001			1.0111890236963756
5623.1			0.9669890934989468
5624.0			0.9029210874210636
5624.9			0.8924770034546843
5625.8			0.9436761038969804
5626.700000000001			0.9885614084741402
5627.6			1.002271792749583
5628.5			1.0
5629.4			1.0
5630.3			1.0
5631.200000000001			1.0
5632.1			1.0
5633.0			1.0
5633.9			1.0
5634.8			1.0
5635.700000000001			1.0
5636.6			1.0
5637.5			1.0
5638.4			1.0
5639.3			1.0
5640.200000000001			1.0
5641.1			1.0
5642.0			1.0
5642.9			1.0
5643.8			1.0
5644.700000000001			1.0
5645.6			1.0
5646.5			1.0
5647.4			1.0
5648.3			1.0
5649.200000000001			1.0
5650.1			1.0
5651.0			1.0
5651.9			1.0
5652.8			1.0
5653.700000000001			1.0
5654.6			0.9711337175425341
5655.5			0.9926189285716278
5656.4			1.0127586810305462
5657.3			0.9560835293782025
5658.200000000001			0.8859476590865938
5659.1			0.9126000105994648
5660.0			0.9934028849601657
5660.9			1.0207805065273565
5661.8			0.9982036333758378
5662.700000000001			1.0
5663.6			1.0
5664.5			1.0
5665.4			1.0
5666.3			1.0
5667.200000000001			1.0
5668.1			1.0
5669.0			1.0
5669.9			1.0
5670.8			1.0
5671.700000000001			1.0
5672.6			1.0
5673.5			1.0
5674.4			1.0
5675.3			1.0
5676.200000000001			1.0
5677.1			1.0
5678.0			1.0
5678.9			1.0
5679.8			1.0
5680.700000000001			1.0
5681.6			1.0
5682.5			1.0
5683.4			1.0
5684.3			1.0
5685.200000000001			1.0
5686.1			1.0
5687.0			1.0
5687.9			1.0
5688.8			1.0
5689.700000000001			1.0
5690.6			1.0
5691.5			1.0
5692.4			1.0
5693.3			1.0
5694.200000000001			1.0
5695.1			1.0
5696.0			1.0
5696.9			1.0
5697.8			1.0
5698.700000000001			1.0
5699.6			1.0
5700.5			0.9747077518548628
5701.4			0.9481980725905591
5702.3			0.9567224368850348
5703.200000000001			0.9891659318739607
5704.1			1.0040665615590567
5705.0			0.9799368236108584
5705.9			0.9407609468218769
5706.8			0.9167922799681748
5707.700000000001			0.8977310693629833
5708.6			0.8785051015766325
5709.5			0.8819577808833777
5710.4			0.8934121613057632
5711.3			0.8904105270827745
5712.200000000001			0.909168693357338
5713.1			0.9609186459090467
5714.0			0.99225614695974
5714.9			0.9946998938060505
5715.8			0.9991107528297191
5716.700000000001			0.9998914240940964
5717.6			1.0
5718.5			1.0
5719.4			1.0
5720.3			1.0
5721.200000000001			1.0
5722.1			1.0
5723.0			1.0
5723.9			1.0
5724.8			1.0
5725.700000000001			1.0
5726.6			1.0
5727.5			1.0
5728.4			1.0
5729.3			1.0
5730.200000000001			1.0
5731.1			1.0
5732.0			1.0
5732.9			1.0
5733.8			1.0
5734.700000000001			1.0
5735.6			1.0
5736.5			1.0
5737.4			1.0
5738.3			1.0
5739.200000000001			1.0
5740.1			1.0
5741.0			1.0
5741.9			1.0
5742.8			1.0
5743.700000000001			1.0
5744.6			1.0
5745.5			1.0
5746.4			1.0
5747.3			1.0
5748.200000000001			1.0
5749.1			1.0
5750.0			1.0
5750.9			1.0041813233172407
5751.8			0.9677464185338591
5752.700000000001			0.9135147580290565
5753.6			0.8758175157278365
5754.5			0.8903831626378853
5755.4			0.9499349107536699
5756.3			1.0002855285349146
5757.200000000001			1.0
5758.1			1.0
5759.0			0.9763220269576224
5759.9			0.9467063220281217
5760.8			0.9168556688605097
5761.700000000001			0.8934058441748072
5762.6			0.8908847407422631
5763.5			0.9269270574473224
5764.4			0.9775587522326701
5765.3			1.0008796994755746
5766.200000000001			0.9997101637750624
5767.1			1.0
5768.0			1.0
5768.9			1.0
5769.8			1.0
5770.700000000001			1.0
5771.6			1.0
5772.5			1.0
5773.4			1.0
5774.3			1.0
5775.200000000001			1.0018520779756541
5776.1			1.0250638327295214
5777.0			1.0397156041817897
5777.9			1.0305483725259823
5778.8			1.0054876188329396
5779.700000000001			0.9563744043312764
5780.6			0.8934177768245333
5781.5			0.8698727587893933
5782.4			0.8984300685074348
5783.3			0.9204823742715218
5784.200000000001			0.9014280548661443
5785.1			0.8855016387237766
5786.0			0.9169250229193054
5786.9			0.9704206728975615
5787.8			1.0001072773057627
5788.700000000001			1.0
5789.6			1.0
5790.5			1.0
5791.4			1.0
5792.3			1.0
5793.200000000001			1.0
5794.1			1.0
5795.0			1.0
5795.9			1.0
5796.8			1.0
5797.700000000001			1.0
5798.6			1.0
5799.5			1.0
5800.4			1.0252967974021479
5801.3			1.0328503840350425
5802.200000000001			1.030208185744204
5803.1			0.9996554737891776
5804.0			0.9518171398831323
5804.9			0.9308831442735533
5805.8			0.9458499083032733
5806.700000000001			0.9671462877210392
5807.6			0.9809147285028353
5808.5			0.9879293900696335
5809.4			0.9985688944164336
5810.3			1.0
5811.200000000001			1.0
5812.1			1.0
5813.0			1.0
5813.9			1.0
5814.8			1.0
5815.700000000001			1.0
5816.6			1.0
5817.5			1.0
5818.4			1.0
5819.3			1.0
5820.200000000001			1.0
5821.1			1.0
5822.0			1.0
5822.9			1.0
5823.8			1.0
5824.700000000001			1.0
5825.6			1.0
5826.5			1.0
5827.4			1.0
5828.3			1.0
5829.200000000001			1.0
5830.1			1.0
5831.0			1.0
5831.9			1.0
5832.8			1.0
5833.700000000001			1.0
5834.6			1.0
5835.5			1.0
5836.4			1.0
5837.3			1.0
5838.200000000001			1.0
5839.1			1.0
5840.0			1.0
5840.9			1.0
5841.8			1.0
5842.700000000001			1.0
5843.6			1.0
5844.5			1.0
5845.4			1.0
5846.3			1.0
5847.200000000001			1.0
5848.1			1.0
5849.0			1.0
5849.9			1.0
5850.8			1.0
5851.700000000001			1.0
5852.6			1.0
5853.5			1.0
5854.4			1.014667771456291
5855.3			1.0333533306144103
5856.200000000001			1.006661664774146
5857.1			0.9520876703514872
5858.0			0.9320612579805463
5858.9			0.9619542879761162
5859.8			0.9999282187901333
5860.700000000001			1.0135864799050192
5861.6			0.9999445937597461
5862.5			1.0
5863.4			1.0
5864.3			1.0
5865.200000000001			1.0
5866.1			1.0
5867.0			1.0
5867.9			1.0
5868.8			1.0
5869.700000000001			1.0
5870.6			1.0
5871.5			1.0
5872.4			1.0
5873.3			1.0
5874.200000000001			1.0
5875.1			1.0
5876.0			1.0
5876.9			1.0
5877.8			1.0
5878.700000000001			1.0
5879.6			1.0
5880.5			1.0
5881.4			1.0
5882.3			1.0
5883.200000000001			1.0
5884.1			1.0
5885.0			1.0
5885.9			1.0
5886.8			1.0
5887.700000000001			0.9676348261382846
5888.6			0.8646824583098732
5889.5			0.7434441670482841
5890.4			0.7346574363962476
5891.3			0.8489242291345784
5892.200000000001			0.9515818228566375
5893.1			0.993131464036788
5894.0			1.0
5894.9			1.0
5895.8			1.0
5896.700000000001			1.0
5897.6			1.0
5898.5			1.0
5899.4			1.0
5900.3			1.0
5901.200000000001			1.0
5902.1			1.0
5903.0			1.0
5903.9			1.0
5904.8			1.0
5905.700000000001			1.0
5906.6			1.0
5907.5			1.0
5908.4			1.0
5909.3			1.0
5910.200000000001			1.0
5911.1			1.0
5912.0			1.0
5912.9			1.0
5913.8			1.0
5914.700000000001			1.0
5915.6			1.0
5916.5			1.0
5917.4			1.0
5918.3			1.0
5919.200000000001			1.0
5920.1			1.0
5921.0			1.0
5921.9			1.0
5922.8			1.0
5923.700000000001			1.0
5924.6			1.0
5925.5			1.0
5926.4			1.0
5927.3			1.0
5928.200000000001			1.0
5929.1			1.0
5930.0			1.0
5930.9			1.0
5931.8			1.0
5932.700000000001			1.0
5933.6			1.0
5934.5			1.0
5935.4			1.0
5936.3			1.0
5937.200000000001			1.0
5938.1			1.0
5939.0			1.0
5939.9			1.0
5940.8			1.0
5941.700000000001			1.0
5942.6			1.0
5943.5			1.0
5944.4			1.0
5945.3			1.0
5946.200000000001			1.0
5947.1			1.0
5948.0			1.0
5948.9			1.0
5949.8			1.0
5950.700000000001			1.0
5951.6			1.0
5952.5			1.0
5953.4			1.0
5954.3			1.0
5955.200000000001			1.0
5956.1			1.0
5957.0			1.0
5957.9			1.0
5958.8			1.0
5959.700000000001			1.0
5960.6			1.0
5961.5			1.0
5962.4			1.0
5963.3			1.0
5964.200000000001			1.0
5965.1			1.0
5966.0			1.0
5966.9			1.0
5967.8			1.0
5968.700000000001			1.0
5969.6			1.0
5970.5			1.0
5971.4			1.0
5972.3			1.0
5973.200000000001			1.0
5974.1			1.0
5975.0			1.0
5975.9			1.0
5976.8			1.0
5977.700000000001			1.0
5978.6			1.0
5979.5			1.0
5980.4			1.0
5981.3			1.0
5982.200000000001			1.0
5983.1			1.0
5984.0			1.0
5984.9			1.0
5985.8			1.0
5986.700000000001			1.0
5987.6			1.0
5988.5			1.0
5989.4			1.0
5990.3			1.0
5991.200000000001			1.0
5992.1			1.0
5993.0			1.0
5993.9			1.0
5994.8			1.0
5995.700000000001			1.0
5996.6			1.0
5997.5			1.0
5998.4			1.0
5999.3			1.0
6000.200000000001			1.0
6001.1			1.0
6002.0			1.0
6002.9			1.0
6003.8			1.0
6004.700000000001			1.0
6005.6			0.9931582518472525
6006.5			0.963704474846912
6007.4			0.9220740497352148
6008.3			0.9099388475032664
6009.200000000001			0.9493942202525586
6010.1			0.996389196322706
6011.0			1.0029472956595047
6011.9			1.0
6012.8			1.0
6013.700000000001			1.0
6014.6			1.0
6015.5			1.0
6016.4			1.0
6017.3			1.0
6018.200000000001			1.0
6019.1			1.0
6020.0			1.0
6020.9			1.0
6021.8			1.0
6022.700000000001			1.0
6023.6			1.0
6024.5			1.0
6025.4			1.0
6026.3			1.0
6027.200000000001			1.0
6028.1			1.0
6029.0			1.0
6029.9			1.0
6030.8			1.0
6031.700000000001			1.0
6032.6			1.0
6033.5			1.0
6034.4			1.0
6035.3			1.0
6036.200000000001			1.0
6037.1			1.0
6038.0			1.0
6038.9			1.0
6039.8			1.0
6040.700000000001			1.0
6041.6			1.0
6042.5			1.0
6043.4			1.0
6044.3			1.0
6045.200000000001			1.0
6046.1			1.0
6047.0			1.0
6047.9			1.0
6048.8			1.0
6049.700000000001			1.0
6050.6			1.0
6051.5			1.0
6052.4			1.0
6053.3			1.0
6054.200000000001			1.0
6055.1			1.0
6056.0			1.0
6056.9			1.0
6057.8			1.0
6058.700000000001			1.0
6059.6			1.0
6060.5			1.0
6061.4			1.0
6062.3			1.0
6063.200000000001			1.0
6064.1			1.0
6065.0			1.0
6065.9			1.0
6066.8			1.0
6067.700000000001			1.0
6068.6			1.0
6069.5			1.0
6070.4			1.0
6071.3			1.0
6072.200000000001			1.0
6073.1			1.0
6074.0			1.0
6074.9			1.0
6075.8			1.0
6076.700000000001			1.0
6077.6			1.0
6078.5			1.0
6079.4			1.0
6080.3			1.0
6081.200000000001			1.0
6082.1			1.0
6083.0			1.0
6083.9			1.0
6084.8			1.0
6085.700000000001			1.0
6086.6			1.0
6087.5			1.0
6088.4			1.0
6089.3			1.0
6090.200000000001			1.0
6091.1			1.0
6092.0			1.0
6092.9			1.0
6093.8			1.0
6094.700000000001			1.0
6095.6			1.0
6096.5			1.0
6097.4			1.0
6098.3			1.0
6099.200000000001			1.0
6100.1			1.0
6101.0			0.9788084228004883
6101.9			0.9163906865111219
6102.8			0.8742024336549513
6103.700000000001			0.9188359151953643
6104.6			0.9966747726461018
6105.5			1.0
6106.4			1.0
6107.3			1.0
6108.200000000001			1.0
6109.1			1.0
6110.0			1.0
6110.9			1.0
6111.8			1.0
6112.700000000001			1.0
6113.6			1.0
6114.5			1.0
6115.4			1.0
6116.3			1.0
6117.200000000001			1.0
6118.1			1.0
6119.0			1.0
6119.9			1.0
6120.8			1.0
6121.700000000001			1.0
6122.6			1.0
6123.5			1.0
6124.4			1.0
6125.3			1.0
6126.200000000001			1.0
6127.1			1.0
6128.0			1.0
6128.9			1.0
6129.8			1.0
6130.700000000001			1.0
6131.6			1.0
6132.5			1.0
6133.4			1.0
6134.3			0.9932052898717616
6135.200000000001			0.9389908067909379
6136.1			0.839629920215528
6137.0			0.7740869128972416
6137.9			0.8214289672144871
6138.8			0.9361225316048097
6139.700000000001			1.0006118867631313
6140.6			1.0
6141.5			1.0
6142.4			1.0
6143.3			1.0
6144.200000000001			1.0
6145.1			1.0
6146.0			1.0
6146.9			1.0
6147.8			1.0
6148.700000000001			1.0
6149.6			1.0
6150.5			1.0
6151.4			1.0
6152.3			1.0
6153.200000000001			1.0
6154.1			1.0
6155.0			1.0
6155.9			1.0
6156.8			1.0
6157.700000000001			1.0
6158.6			1.018693760691682
6159.5			1.0193030086796278
6160.4			0.9653996580185339
6161.3			0.8954362256294465
6162.200000000001			0.8678654132248786
6163.1			0.8921416124803736
6164.0			0.9420312372173513
6164.9			0.9833692949950004
6165.8			0.9995826835165359
6166.700000000001			1.0
6167.6			1.0
6168.5			1.0
6169.4			1.0
6170.3			1.0
6171.200000000001			1.0
6172.1			1.0
6173.0			1.0
6173.9			1.0
6174.8			1.0
6175.700000000001			1.0
6176.6			1.0
6177.5			1.0
6178.4			1.0
6179.3			1.0
6180.200000000001			1.0
6181.1			1.0
6182.0			1.0
6182.9			1.0
6183.8			1.0
6184.700000000001			1.0
6185.6			1.0
6186.5			1.0
6187.4			1.0
6188.3			1.0
6189.200000000001			1.0
6190.1			0.9653544180245565
6191.0			0.8942287961970617
6191.9			0.8832102062959329
6192.8			0.9538382117933506
6193.700000000001			1.0033742788215783
6194.6			1.0
6195.5			1.0
6196.4			1.0
6197.3			1.0
6198.200000000001			1.0
6199.1			1.0
6200.0			1.0
6200.9			1.0
6201.8			1.0
6202.700000000001			1.0
6203.6			1.0
6204.5			1.0
6205.4			1.0
6206.3			1.0
6207.200000000001			1.0
6208.1			1.0
6209.0			1.0
6209.9			1.0
6210.8			1.0
6211.700000000001			1.0
6212.6			1.0
6213.5			1.0
6214.4			1.0
6215.3			1.0
6216.200000000001			1.0
6217.1			1.0
6218.0			1.0
6218.9			1.0
6219.8			1.0
6220.700000000001			1.0
6221.6			1.0
6222.5			1.0
6223.4			1.0
6224.3			1.0
6225.200000000001			1.0
6226.1			1.0
6227.0			0.994657307549246
6227.9			0.991302672244746
6228.8			0.9672235957053744
6229.700000000001			0.9098486789930347
6230.6			0.8659123430688512
6231.5			0.8786545568091454
6232.4			0.9171884594632137
6233.3			0.9552590851347508
6234.200000000001			0.9981210448163271
6235.1			1.0
6236.0			1.0
6236.9			1.0
6237.8			1.0
6238.700000000001			1.0
6239.6			1.0
6240.5			1.0
6241.4			1.0190045028366779
6242.3			1.0086528646135693
6243.200000000001			0.9676663916209137
6244.1			0.9518847230118757
6245.0			0.9457300401127258
6245.9			0.9271377745285788
6246.8			0.937203489706339
6247.700000000001			0.9821187336356347
6248.6			1.0
6249.5			1.0050863352795736
6250.4			0.9980072104817895
6251.3			0.9645598376035733
6252.200000000001			0.9134904496080618
6253.1			0.8917404617016685
6254.0			0.9000000513679115
6254.9			0.9073036583055212
6255.8			0.90328642225117
6256.700000000001			0.895846270553302
6257.6			0.887354785157657
6258.5			0.883880841069784
6259.4			0.9102776577840315
6260.3			0.9442824019007712
6261.200000000001			0.9512136048909614
6262.1			0.9632253266674812
6263.0			0.9859984062173855
6263.9			0.9783104560881086
6264.8			0.9431477314326437
6265.700000000001			0.9397247804032214
6266.6			0.9759434753825845
6267.5			0.9998743263729898
6268.4			1.0
6269.3			1.0
6270.200000000001			1.0
6271.1			1.0
6272.0			1.0
6272.9			1.0
6273.8			1.0
6274.700000000001			1.0
6275.6			1.0
6276.5			1.0
6277.4			1.0
6278.3			1.0
6279.200000000001			1.0
6280.1			1.0
6281.0			1.0
6281.9			1.0
6282.8			1.0
6283.700000000001			1.0
6284.6			1.0
6285.5			1.0
6286.4			1.0
6287.3			1.0
6288.200000000001			1.0
6289.1			1.0
6290.0			1.0
6290.9			1.0
6291.8			1.0
6292.700000000001			1.0
6293.6			1.0
6294.5			1.0149403232187701
6295.4			1.0109074561106186
6296.3			0.9741947777674551
6297.200000000001			0.9397652986755707
6298.1			0.939039431242417
6299.0			0.9547662323528899
6299.9			0.9504901616590246
6300.8			0.9216852762937601
6301.700000000001			0.8996859237367996
6302.6			0.9091701574453598
6303.5			0.9422296526336451
6304.4			0.9681001190442994
6305.3			0.9749718913208548
6306.200000000001			0.9822524410748411
6307.1			0.9981582766387119
6308.0			1.0
6308.9			0.9975145431848037
6309.8			0.974580901402805
6310.700000000001			0.9495305503197954
6311.6			0.9494163777321051
6312.5			0.9704789287596782
6313.4			0.9756060003100793
6314.3			0.9364106657756164
6315.200000000001			0.9025783128145869
6316.1			0.929075443326781
6317.0			0.9584283053688596
6317.9			0.934192092844012
6318.8			0.9230810379052227
6319.700000000001			0.962568544466809
6320.6			0.9976161323049111
6321.5			0.9990902519734763
6322.4			1.0
6323.3			1.0
6324.200000000001			1.0
6325.1			1.0
6326.0			1.0
6326.9			1.0
6327.8			1.0
6328.700000000001			1.0
6329.6			1.0
6330.5			1.0
6331.4			1.000367439111021
6332.3			1.021163400425259
6333.200000000001			1.0332424548738317
6334.1			1.0103086344119827
6335.0			0.9533186182055389
6335.9			0.9179381731974688
6336.8			0.9365878696505522
6337.700000000001			0.9627680763563798
6338.6			0.9618240893169233
6339.5			0.9684891695145086
6340.4			0.9994662513394185
6341.3			1.0
6342.200000000001			1.0
6343.1			1.0
6344.0			1.0
6344.9			1.0
6345.8			1.0
6346.700000000001			1.0
6347.6			1.0
6348.5			1.0
6349.4			1.0
6350.3			1.0
6351.200000000001			1.0
6352.1			1.0
6353.0			1.0
6353.9			1.0
6354.8			0.9670868493075175
6355.700000000001			0.9769160584654923
6356.6			1.0050996925705078
6357.5			0.9908930442702995
6358.4			0.9525720438052863
6359.3			0.9471657660173329
6360.200000000001			0.9594760421595094
6361.1			0.9464222029223924
6362.0			0.9236097736530072
6362.9			0.9251517571394715
6363.8			0.9451170612333308
6364.700000000001			0.9657334182560107
6365.6			0.9818937449708549
6366.5			0.9990732495994906
6367.4			1.0175641060468197
6368.3			1.021676832681028
6369.200000000001			1.00031821660355
6370.1			1.0
6371.0			1.0
6371.9			1.0
6372.8			1.0
6373.700000000001			1.0
6374.6			1.0
6375.5			1.0
6376.4			1.0
6377.3			1.0
6378.200000000001			1.0
6379.1			1.0
6380.0			1.0
6380.9			1.0
6381.8			1.0
6382.700000000001			1.0
6383.6			1.0
6384.5			1.0
6385.4			1.0
6386.3			1.0
6387.200000000001			1.0
6388.1			1.0
6389.0			1.0
6389.9			1.0
6390.8			1.0
6391.700000000001			1.0
6392.6			1.0
6393.5			1.0
6394.4			1.0
6395.3			1.0
6396.200000000001			1.0
6397.1			1.0038249926408265
6398.0			0.9917528716060032
6398.9			0.9391122635789814
6399.8			0.875293926572953
6400.700000000001			0.882991523353551
6401.6			0.9551858745795905
6402.5			0.9993554751800463
6403.4			1.0
6404.3			1.0
6405.200000000001			1.0
6406.1			1.0
6407.0			1.0
6407.9			1.0
6408.8			1.0
6409.700000000001			1.0
6410.6			1.0
6411.5			1.0
6412.4			1.0
6413.3			1.0
6414.200000000001			1.0
6415.1			1.0
6416.0			1.0
6416.9			1.0
6417.8			0.9922398430878092
6418.700000000001			0.9735817423670634
6419.6			0.9356106917605497
6420.5			0.9070846638663602
6421.4			0.9162708341922675
6422.3			0.9605854374467193
6423.200000000001			1.0015294109796453
6424.1			1.0
6425.0			1.0
6425.9			1.0
6426.8			1.0
6427.700000000001			1.0
6428.6			0.9864197919000001
6429.5			0.9479637848489231
6430.4			0.9044207067587609
6431.3			0.8994350215130207
6432.200000000001			0.9330103794527327
6433.1			0.9666654323968885
6434.0			0.9960436687126427
6434.9			1.0
6435.8			1.0
6436.700000000001			1.0
6437.6			1.0
6438.5			1.0
6439.4			1.0
6440.3			1.0
6441.200000000001			1.0
6442.1			1.0
6443.0			1.0
6443.9			1.0
6444.8			1.0
6445.700000000001			1.0
6446.6			1.0
6447.5			0.9924837402826987
6448.4			0.9425066763803179
6449.3			0.8631484111963228
6450.200000000001			0.8342335821261677
6451.1			0.894047245603145
6452.0			0.9693894434476432
6452.9			1.001261972574892
6453.8			1.0
6454.700000000001			1.0
6455.6			1.0
6456.5			1.0
6457.4			1.0
6458.3			1.0
6459.200000000001			1.0
6460.1			1.0
6461.0			0.9687656620745185
6461.9			0.9094418538519615
6462.8			0.8855540364338836
6463.700000000001			0.9335362503677442
6464.6			0.9951765084117801
6465.5			1.0
6466.4			1.0
6467.3			1.0
6468.200000000001			1.0
6469.1			1.0
6470.0			1.0
6470.9			1.0
6471.8			1.0
6472.700000000001			1.0
6473.6			1.0
6474.5			1.0
6475.4			1.0
6476.3			1.0
6477.200000000001			1.0
6478.1			1.0
6479.0			1.0
6479.9			1.0
6480.8			1.0
6481.700000000001			1.0
6482.6			1.0
6483.5			1.0
6484.4			1.0
6485.3			1.0
6486.200000000001			1.0
6487.1			1.0
6488.0			1.0
6488.9			1.0
6489.8			1.0
6490.700000000001			0.9808255047316682
6491.6			0.974106928730639
6492.5			0.9631007064575741
6493.4			0.9136198773659805
6494.3			0.8507127099171302
6495.200000000001			0.8307851972949183
6496.1			0.851945645789848
6497.0			0.893892164749039
6497.9			0.9457111382063392
6498.8			0.9745037240252524
6499.700000000001			0.9933654998624287
6500.6			1.0
6501.5			1.0
6502.4			1.0
6503.3			1.0
6504.200000000001			1.0
6505.1			1.0
6506.0			1.0
6506.9			1.0
6507.8			1.0
6508.700000000001			1.0
6509.6			1.0
6510.5			1.0
6511.4			1.0
6512.3			1.0
6513.200000000001			1.0
6514.1			1.0
6515.0			1.0
6515.9			1.0
6516.8			1.0
6517.700000000001			1.0
6518.6			1.0
6519.5			1.0
6520.4			1.0
6521.3			1.0
6522.200000000001			1.0
6523.1			1.0
6524.0			1.0
6524.9			1.0
6525.8			1.0
6526.700000000001			1.0
6527.6			1.0
6528.5			1.0
6529.4			1.0
6530.3			1.0
6531.200000000001			1.0
6532.1			1.0
6533.0			1.0
6533.9			1.0
6534.8			1.0
6535.700000000001			1.0
6536.6			1.0
6537.5			1.0
6538.4			1.0
6539.3			1.0
6540.200000000001			1.0
6541.1			1.0
6542.0			1.0
6542.9			1.0
6543.8			1.0
6544.700000000001			1.0
6545.6			1.0
6546.5			1.0
6547.4			1.0
6548.3			1.0
6549.200000000001			1.0
6550.1			1.0
6551.0			1.0
6551.9			1.0
6552.8			1.0
6553.700000000001			1.0
6554.6			1.0
6555.5			1.0
6556.4			1.0
6557.3			1.0
6558.200000000001			1.0
6559.1			1.0
6560.0			0.9668665937667513
6560.9			0.869006641213469
6561.8			0.6801135045347306
6562.700000000001			0.5396533259426357
6563.6			0.6225326545615547
6564.5			0.846579454091993
6565.4			0.9999978480989397
6566.3			1.0
6567.200000000001			1.0
6568.1			1.0
6569.0			1.0
6569.9			1.0
6570.8			1.0
6571.700000000001			1.0
6572.6			1.0
6573.5			1.0
6574.4			1.0
6575.3			1.0
6576.200000000001			1.0
6577.1			1.0
6578.0			1.0
6578.9			1.0
6579.8			1.0
6580.700000000001			1.0
6581.6			1.0
6582.5			1.0
6583.4			1.0
6584.3			1.0
6585.200000000001			1.0
6586.1			1.0
6587.0			1.0
6587.9			1.0
6588.8			1.0
6589.700000000001			1.0
6590.6			0.9937180062766703
6591.5			0.9557171809023038
6592.4			0.8944478193562789
6593.3			0.8670315975663859
6594.200000000001			0.9096560937629694
6595.1			0.9749075614738681
6596.0			0.9998191109849897
6596.9			1.0
6597.8			1.0
6598.700000000001			1.0
6599.6			1.0
6600.5			1.0
6601.4			1.0
6602.3			1.0
6603.200000000001			1.0
6604.1			1.0
6605.0			1.0
6605.9			1.0
6606.8			1.0
6607.700000000001			1.0
6608.6			1.0
6609.5			1.0
6610.4			1.0
6611.3			1.0
6612.200000000001			1.0
6613.1			1.0
6614.0			1.0
6614.9			1.0
6615.8			1.0
6616.700000000001			1.0
6617.6			1.0
6618.5			1.0
6619.4			1.0
6620.3			1.0
6621.200000000001			1.0
6622.1			1.0
6623.0			1.0
6623.9			1.0
6624.8			1.0
6625.700000000001			1.0
6626.6			1.0
6627.5			1.0
6628.4			1.0
6629.3			1.0
6630.200000000001			1.0
6631.1			0.988248421936036
6632.0			0.9654543688688302
6632.9			0.9278216565282393
6633.8			0.9066080429409009
6634.700000000001			0.9310100576868415
6635.6			0.9762977489792667
6636.5			1.0009062916563671
6637.4			1.0
6638.3			1.0
6639.200000000001			1.0
6640.1			1.0
6641.0			1.0
6641.9			1.0
6642.8			1.0
6643.700000000001			1.0
6644.6			1.0
6645.5			1.0
6646.4			1.0
6647.3			1.0
6648.200000000001			1.0
6649.1			1.0
6650.0			1.0
6650.9			1.0
6651.8			1.0
6652.700000000001			1.0
6653.6			1.0
6654.5			1.0
6655.4			1.0
6656.3			1.0
6657.200000000001			1.0
6658.1			1.0
6659.0			1.0
6659.9			1.0
6660.8			1.0
6661.700000000001			1.0
6662.6			1.0
6663.5			1.0
6664.4			1.0
6665.3			1.0
6666.200000000001			1.0
6667.1			1.0
6668.0			1.0
6668.9			1.0
6669.8			1.0
6670.700000000001			1.0
6671.6			1.0
6672.5			1.0
6673.4			1.0
6674.3			1.0
6675.200000000001			1.0
6676.1			1.0
6677.0			1.0
6677.9			1.0
6678.8			1.0
6679.700000000001			1.0
6680.6			1.0
6681.5			1.0
6682.4			0.9978587663327231
6683.3			1.0005120520022137
6684.200000000001			1.0069958535072452
6685.1			1.01417180721308
6686.0			1.0136803112975477
6686.9			1.001829731288536
6687.8			0.9918353815961779
6688.700000000001			0.9927792645982291
6689.6			1.0000333439634213
6690.5			1.0
6691.4			1.0
6692.3			1.0
6693.200000000001			1.0
6694.1			1.0
6695.0			1.0
6695.9			1.0
6696.8			1.0
6697.700000000001			1.0
6698.6			1.0
6699.5			1.0
6700.4			1.0
6701.3			1.0
6702.200000000001			1.0
6703.1			1.0
6704.0			1.0
6704.9			1.0
6705.8			1.0
6706.700000000001			1.0
6707.6			1.0
6708.5			1.0
6709.4			1.0
6710.3			1.0
6711.200000000001			1.0
6712.1			1.0
6713.0			1.0
6713.9			1.0
6714.8			1.0
6715.700000000001			1.0
6716.6			1.0
6717.5			1.0
6718.4			1.0
6719.3			1.0
6720.200000000001			1.0
6721.1			1.0
6722.0			1.0
6722.9			1.0
6723.8			1.0
6724.700000000001			1.0
6725.6			1.0
6726.5			1.0
6727.4			1.0
6728.3			1.0
6729.200000000001			1.0
6730.1			1.0
6731.0			1.0
6731.9			1.0
6732.8			1.0
6733.700000000001			1.0
6734.6			1.0
6735.5			1.0
6736.4			1.0
6737.3			1.0
6738.200000000001			1.0
6739.1			1.0
6740.0			1.0
6740.9			1.0
6741.8			1.0
6742.700000000001			1.0
6743.6			1.0
6744.5			1.0
6745.4			1.0
6746.3			1.0
6747.200000000001			1.0
6748.1			1.0
6749.0			1.0
6749.9			1.0
6750.8			1.0
6751.700000000001			1.0
6752.6			1.0
6753.5			1.0
6754.4			1.0
6755.3			1.0
6756.200000000001			1.0
6757.1			1.0
6758.0			1.0
6758.9			1.0
6759.8			1.0
6760.700000000001			1.0
6761.6			1.0
6762.5			1.0
6763.4			1.0
6764.3			1.0
6765.200000000001			1.0
6766.1			1.0
6767.0			1.0
6767.9			1.0
6768.8			1.0
6769.700000000001			1.0
6770.6			1.0
6771.5			1.0
6772.4			1.0
6773.3			1.0
6774.200000000001			1.0
6775.1			1.0
6776.0			1.0
6776.9			1.0
6777.8			1.0
6778.700000000001			1.0
6779.6			1.0
6780.5			1.0
6781.4			1.0
6782.3			1.0
6783.200000000001			1.0
6784.1			1.0
6785.0			1.0
6785.9			1.0
6786.8			1.0
6787.700000000001			1.0
6788.6			1.0
6789.5			1.0
6790.4			1.0
6791.3			1.0
6792.200000000001			1.0
6793.1			1.0
6794.0			1.0
6794.9			1.0
6795.8			1.0
6796.700000000001			1.0
6797.6			1.0
6798.5			1.0
6799.4			1.0
6800.3			1.0
6801.200000000001			1.0
6802.1			1.0
6803.0			1.0
6803.9			1.0
6804.8			1.0
6805.700000000001			1.0
6806.6			1.0
6807.5			1.0
6808.4			1.0
6809.3			1.0
6810.200000000001			1.0
6811.1			1.0
6812.0			1.0
6812.9			1.0
6813.8			1.0
6814.700000000001			1.0
6815.6			1.0
6816.5			1.0
6817.4			1.0
6818.3			1.0
6819.200000000001			1.0
6820.1			1.0
6821.0			1.0
6821.9			1.0
6822.8			1.0
6823.700000000001			1.0
6824.6			1.0
6825.5			1.0
6826.4			1.0
6827.3			1.0
6828.200000000001			1.0
6829.1			1.0
6830.0			1.0
6830.9			1.0
6831.8			1.0
6832.700000000001			1.0
6833.6			1.0
6834.5			1.0
6835.4			1.0034614454656194
6836.3			0.991903881060647
6837.200000000001			0.9737300854912699
6838.1			0.9569615021490635
6839.0			0.9425850058348516
6839.9			0.9326503853904697
6840.8			0.918435161777053
6841.700000000001			0.9088995003101745
6842.6			0.9200858685016732
6843.5			0.9461834129564969
6844.4			0.9778025969534735
6845.3			0.9981554987297486
6846.200000000001			0.9961110145802988
6847.1			0.991243091182364
6848.0			0.9998964527940666
6848.9			1.0
6849.8			1.0
6850.700000000001			1.0
6851.6			1.0
6852.5			1.0
6853.4			1.0
6854.3			1.0
6855.200000000001			1.0
6856.1			1.0
6857.0			1.0
6857.9			1.0
6858.8			1.0
6859.700000000001			1.0
6860.6			1.0
6861.5			1.0
6862.4			1.0
6863.3			1.0
6864.200000000001			1.0
6865.1			1.0
6866.0			1.0
6866.9			1.0
6867.8			1.0
6868.700000000001			1.0
6869.6			1.0
6870.5			1.0
6871.4			1.0
6872.3			1.0
6873.200000000001			1.0044814134995645
6874.1			1.009833878089845
6875.0			1.0029064764609146
6875.9			0.9980910167014949
6876.8			1.009225949456891
6877.700000000001			1.0194328409189723
6878.6			1.016924772742088
6879.5			1.004332670852051
6880.4			0.9913408557229925
6881.3			0.9845440995737009
6882.200000000001			0.9808874815492651
6883.1			0.9899023226034384
6884.0			1.00374227546728
6884.9			1.003943264630438
6885.8			0.9896501709955231
6886.700000000001			0.987643907999516
6887.6			1.0170342450966312
6888.5			1.0346005395174078
6889.4			1.0188930319616716
6890.3			1.0211251889283677
6891.200000000001			1.0476347393687186
6892.1			1.0429883585865614
6893.0			1.011797452743024
6893.9			1.0088482905000677
6894.8			1.0290772021067633
6895.700000000001			1.0223553987586993
6896.6			1.0011519038524352
6897.5			1.010415664839574
6898.4			1.0393723538471151
6899.3			1.0372318594628398
6900.200000000001			1.0080095914290514
6901.1			1.010512160514871
6902.0			1.0476597877555922
6902.9			1.0653954527755027
6903.8			1.045885858519852
6904.700000000001			1.0150846775118554
6905.6			1.0183633994279795
6906.5			1.0544082917874307
6907.4			1.066038150080409
6908.3			1.047210208536786
6909.200000000001			1.0257541260638192
6910.1			1.0187797777650087
6911.0			1.0254446500284844
6911.9			1.025097394526515
6912.8			0.9995313862401655
6913.700000000001			0.9595438264450411
6914.6			0.9562578362686504
6915.5			0.9825575797283452
6916.4			0.9837570307656983
6917.3			0.9820927442329965
6918.200000000001			0.9968898112811678
6919.1			1.0105153057960563
6920.0			1.0257645958118344
6920.9			1.037457198184388
6921.8			1.0400369560143878
6922.700000000001			1.0301059218872448
6923.6			0.9999075344469859
6924.5			0.9738858364767856
6925.4			0.9760117349093101
6926.3			0.9902974628264057
6927.200000000001			1.0091090577044424
6928.1			1.0269542956621693
6929.0			1.034522758204086
6929.9			1.0368344068885353
6930.8			1.0412976340499338
6931.700000000001			1.029972278580931
6932.6			1.000157552775325
6933.5			1.0
6934.4			1.0
6935.3			1.0
6936.200000000001			1.0
6937.1			1.0
6938.0			1.0
6938.9			1.0
6939.8			1.0
6940.700000000001			1.0
6941.6			1.0
6942.5			1.0
6943.4			1.0
6944.3			1.0
6945.200000000001			1.0
6946.1			1.0
6947.0			1.0
6947.9			1.0
6948.8			1.0
6949.700000000001			1.0
6950.6			1.0
6951.5			1.0
6952.4			1.0
6953.3			1.0
6954.200000000001			1.0
6955.1			1.0
6956.0			1.0
6956.9			1.0
6957.8			1.0
6958.700000000001			1.0
6959.6			1.0
6960.5			1.0
6961.4			1.0
6962.3			1.0
6963.200000000001			1.0
6964.1			1.0
6965.0			1.0
6965.9			1.0
6966.8			1.0
6967.700000000001			1.0
6968.6			1.0
6969.5			1.0
6970.4			1.0
6971.3			1.0
6972.200000000001			1.0
6973.1			1.0
6974.0			1.0
6974.9			0.973026645757009
6975.8			0.9581978255905107
6976.700000000001			0.9308764244837107
6977.6			0.886255684261196
6978.5			0.8682400074142474
6979.4			0.9092821721875176
6980.3			0.962702088472682
6981.200000000001			0.9860334234512439
6982.1			1.0000271886685266
6983.0			1.0
6983.9			1.0
6984.8			1.0
6985.700000000001			1.0
6986.6			1.0
6987.5			1.0
6988.4			1.0
6989.3			1.0
6990.200000000001			1.0
6991.1			1.0
6992.0			1.0
6992.9			1.0
6993.8			1.0
6994.700000000001			1.0
6995.6			1.0
6996.5			1.0
6997.4			1.0
6998.3			1.0
6999.200000000001			1.0
7000.1			1.0
7001.0			1.0
7001.9			1.0
7002.8			1.0
7003.700000000001			1.0
7004.6			1.0
7005.5			1.0
7006.4			1.0
7007.3			1.0
7008.200000000001			1.0
7009.1			1.0
7010.0			1.0
7010.9			1.0
7011.8			1.0
7012.700000000001			1.0
7013.6			1.0
7014.5			1.0
7015.4			1.0
7016.3			1.0
7017.200000000001			1.0
7018.1			1.0
7019.0			1.0
7019.9			1.0
7020.8			1.0
7021.700000000001			1.0
7022.6			1.0
7023.5			1.0
7024.4			1.0
7025.3			1.0
7026.200000000001			1.0
7027.1			1.0
7028.0			1.0
7028.9			1.0
7029.8			1.0
7030.700000000001			1.0
7031.6			1.0
7032.5			1.0
7033.4			1.0
7034.3			1.0
7035.200000000001			1.0
7036.1			1.0
7037.0			1.0
7037.9			1.0
7038.8			1.0
7039.700000000001			1.0
7040.6			1.0
7041.5			1.0
7042.4			1.0
7043.3			1.0
7044.200000000001			1.0
7045.1			1.0
7046.0			1.0
7046.9			1.0
7047.8			1.0
7048.700000000001			1.0
7049.6			1.0
7050.5			1.0
7051.4			1.0
7052.3			1.0
7053.200000000001			1.0
7054.1			1.0
7055.0			1.0
7055.9			1.0
7056.8			1.0
7057.700000000001			1.0
7058.6			1.0
7059.5			1.0
7060.4			1.0
7061.3			1.0
7062.200000000001			1.0
7063.1			1.0
7064.0			1.0
7064.9			1.0
7065.8			1.0
7066.700000000001			1.0
7067.6			1.0
7068.5			1.0
7069.4			1.0
7070.3			1.0
7071.200000000001			1.0
7072.1			1.0
7073.0			1.0
7073.9			1.0
7074.8			1.0
7075.700000000001			1.0
7076.6			1.0
7077.5			1.0
7078.4			1.0
7079.3			1.0
7080.200000000001			1.0
7081.1			1.0
7082.0			1.0
7082.9			1.0
7083.8			1.0
7084.700000000001			1.0
7085.6			1.0
7086.5			1.0
7087.4			1.0
7088.3			1.0
7089.200000000001			1.0
7090.1			1.0
7091.0			1.0
7091.9			1.0
7092.8			1.0
7093.700000000001			1.0
7094.6			1.0
7095.5			1.0
7096.4			1.0
7097.3			1.0
7098.200000000001			1.0
7099.1			1.0
7100.0			1.0
7100.9			1.0
7101.8			1.0
7102.700000000001			1.0
7103.6			1.0
7104.5			1.0
7105.4			1.0
7106.3			1.0
7107.200000000001			1.0
7108.1			1.0
7109.0			1.0
7109.9			1.0
7110.8			1.0
7111.700000000001			1.0
7112.6			1.0
7113.5			1.0
7114.4			1.0
7115.3			1.0
7116.200000000001			1.0
7117.1			1.0
7118.0			1.0
7118.9			1.0
7119.8			1.0
7120.700000000001			1.0
7121.6			1.0
7122.5			1.0
7123.4			1.0
7124.3			1.0
7125.200000000001			1.0
7126.1			1.0
7127.0			1.0
7127.9			1.0
7128.8			1.0
7129.700000000001			1.0
7130.6			1.0
7131.5			1.0
7132.4			1.0
7133.3			1.0
7134.200000000001			1.0
7135.1			1.0
7136.0			1.0
7136.9			1.0
7137.8			1.0
7138.700000000001			1.0
7139.6			1.0
7140.5			1.0
7141.4			1.0
7142.3			1.0
7143.200000000001			1.0
7144.1			1.0
7145.0			1.0
7145.9			1.0
7146.8			1.0
7147.700000000001			1.0
7148.6			1.0
7149.5			1.0
7150.4			1.0
7151.3			1.0
7152.200000000001			1.0
7153.1			1.0
7154.0			1.0
7154.9			1.0
7155.8			1.0
7156.700000000001			1.0
7157.6			1.0
7158.5			1.0
7159.4			1.0
7160.3			1.0
7161.200000000001			1.0
7162.1			1.0
7163.0			1.0
7163.9			1.0
7164.8			1.0
7165.700000000001			1.0
7166.6			1.0
7167.5			1.0
7168.4			1.0
7169.3			1.0
7170.200000000001			1.0
7171.1			1.0
7172.0			1.0
7172.9			1.0
7173.8			1.0
7174.700000000001			1.0
7175.6			1.0
7176.5			1.0
7177.4			1.0
7178.3			1.0
7179.200000000001			1.0
7180.1			1.0
7181.0			1.0
7181.9			1.0
7182.8			1.0
7183.700000000001			1.0
7184.6			1.0
7185.5			1.0
7186.4			1.0
7187.3			1.0
7188.200000000001			1.0
7189.1			1.0
7190.0			1.0
7190.9			1.0
7191.8			1.0
7192.700000000001			1.0
7193.6			1.0
7194.5			1.0
7195.4			1.0
7196.3			1.0
7197.200000000001			1.0
7198.1			1.0
7199.0			1.0
7199.9			1.0
7200.8			1.0
7201.700000000001			1.0
7202.6			1.0
7203.5			1.0
7204.4			1.0
7205.3			1.0
7206.200000000001			1.0
7207.1			1.0
7208.0			1.0
7208.9			1.0
7209.8			1.0
7210.700000000001			1.0
7211.6			1.0
7212.5			1.0
7213.4			1.0
7214.3			1.0
7215.200000000001			1.0
7216.1			1.0
7217.0			1.0
7217.9			1.0
7218.8			1.0
7219.700000000001			1.0
7220.6			1.0
7221.5			1.0
7222.4			1.0
7223.3			1.0
7224.200000000001			1.0
7225.1			1.0
7226.0			1.0
7226.9			1.0
7227.8			1.0
7228.700000000001			1.0
7229.6			1.0
7230.5			1.0
7231.4			1.0
7232.3			1.0
7233.200000000001			1.0
7234.1			1.0
7235.0			1.0
7235.9			1.0
7236.8			1.0
7237.700000000001			1.0
7238.6			1.0
7239.5			1.0
7240.4			1.0
7241.3			1.0
7242.200000000001			1.0
7243.1			1.0
7244.0			1.0
7244.9			1.0
7245.8			1.0
7246.700000000001			1.0
7247.6			1.0
7248.5			1.0
7249.4			1.0
7250.3			1.0
7251.200000000001			1.0
7252.1			1.0
7253.0			1.0
7253.9			1.0
7254.8			1.0
7255.700000000001			1.0
7256.6			1.0
7257.5			1.0
7258.4			1.0
7259.3			1.0
7260.200000000001			1.0
7261.1			1.0
7262.0			1.0
7262.9			1.0
7263.8			1.0
7264.700000000001			1.0
7265.6			1.0
7266.5			1.0
7267.4			1.0
7268.3			1.0
7269.200000000001			1.0
7270.1			1.0
7271.0			1.0
7271.9			1.0
7272.8			1.0
7273.700000000001			1.0
7274.6			1.0
7275.5			1.0
7276.4			1.0
7277.3			1.0
7278.200000000001			1.0
7279.1			1.0
7280.0			1.0
7280.9			1.0
7281.8			1.0
7282.700000000001			1.0
7283.6			1.0
7284.5			1.0
7285.4			1.0
7286.3			1.0
7287.200000000001			1.0
7288.1			1.0
7289.0			1.0
7289.9			1.0
7290.8			1.0
7291.700000000001			1.0
7292.6			1.0
7293.5			1.0
7294.4			1.0
7295.3			1.0
7296.200000000001			1.0
7297.1			1.0
7298.0			1.0
7298.9			1.0
7299.8			1.0
7300.700000000001			1.0
7301.6			1.0
7302.5			1.0
7303.4			1.0
7304.3			1.0
7305.200000000001			1.0
7306.1			1.0
7307.0			1.0
7307.9			1.0
7308.8			1.0
7309.700000000001			1.0
7310.6			1.0
7311.5			1.0
7312.4			1.0
7313.3			1.0
7314.200000000001			1.0
7315.1			1.0
7316.0			1.0
7316.9			1.0
7317.8			1.0
7318.700000000001			1.0
7319.6			1.0
7320.5			1.0
7321.4			1.0
7322.3			1.0
7323.200000000001			1.0
7324.1			1.0
7325.0			1.0
7325.9			1.0
7326.8			1.0
7327.700000000001			1.0
7328.6			1.0
7329.5			1.0
7330.4			1.0
7331.3			1.0
7332.200000000001			1.0
7333.1			1.0
7334.0			1.0
7334.9			1.0
7335.8			1.0
7336.700000000001			1.0
7337.6			1.0
7338.5			1.0
7339.4			1.0
7340.3			1.0
7341.200000000001			1.0
7342.1			1.0
7343.0			1.0
7343.9			1.0
7344.8			1.0
7345.700000000001			1.0
7346.6			1.0
7347.5			1.0
7348.4			1.0
7349.3			1.0
7350.200000000001			1.0
7351.1			1.0
7352.0			1.0
7352.9			1.0
7353.8			1.0
7354.700000000001			1.0
7355.6			1.0
7356.5			1.0
7357.4			1.0
7358.3			1.0
7359.200000000001			1.0
7360.1			1.0
7361.0			1.0
7361.9			1.0
7362.8			1.0
7363.700000000001			1.0
7364.6			1.0
7365.5			1.0
7366.4			1.0
7367.3			1.0
7368.200000000001			1.0
7369.1			1.0
7370.0			1.0
7370.9			1.0
7371.8			1.0
7372.700000000001			1.0
7373.6			1.0
7374.5			1.0
7375.4			1.0
7376.3			1.0
7377.200000000001			1.0
7378.1			1.0
7379.0			1.0
7379.9			1.0
7380.8			1.0
7381.700000000001			1.0
7382.6			1.0
7383.5			1.0
7384.4			1.0
7385.3			1.0
7386.200000000001			1.0
7387.1			1.0
7388.0			1.0
7388.9			1.0
7389.8			1.0
7390.700000000001			1.0
7391.6			1.0
7392.5			1.0
7393.4			1.0
7394.3			1.0
7395.200000000001			1.0
7396.1			1.0
7397.0			1.0
7397.9			1.0
7398.8			1.0
7399.700000000001			1.0
7400.6			1.0
7401.5			1.0
7402.4			1.0
7403.3			1.0
7404.200000000001			1.0
7405.1			1.0
7406.0			1.0
7406.9			1.0
7407.8			1.0
7408.700000000001			1.0
7409.6			1.0
7410.5			1.0
7411.4			1.0
7412.3			1.0
7413.200000000001			1.0
7414.1			1.0
7415.0			1.0
7415.9			1.0
7416.8			1.0
7417.700000000001			1.0
7418.6			1.0
7419.5			1.0
7420.4			1.0
7421.3			1.0
7422.200000000001			1.0
7423.1			1.0
7424.0			1.0
7424.9			1.0
7425.8			1.0
7426.700000000001			1.0
7427.6			1.0
7428.5			1.0
7429.4			1.0
