3500.0			1.0
3500.9			1.0
3501.8			1.0
3502.7			1.0
3503.6			1.0
3504.5			1.0
3505.4			1.0
3506.3			1.0
3507.2			1.0
3508.1			1.0
3509.0			1.0
3509.9			1.0
3510.8			1.0
3511.7			1.0
3512.6			1.0
3513.5			1.0
3514.4			1.0
3515.3			1.0
3516.2			1.0
3517.1			1.0
3518.0			1.0
3518.9			1.0
3519.8			1.0
3520.7			1.0
3521.6			1.0
3522.5			1.0
3523.4			1.0
3524.3			1.0
3525.2			1.0
3526.1			1.0
3527.0			1.0
3527.9			1.0
3528.8			1.0
3529.7			1.0
3530.6			1.0
3531.5			1.0
3532.4			1.0
3533.3			1.0
3534.2			1.0
3535.1			1.0
3536.0			1.0
3536.9			1.0
3537.8			1.0
3538.7			1.0
3539.6			1.0
3540.5			1.0
3541.4			1.0
3542.3			1.0
3543.2			1.0
3544.1			1.0
3545.0			1.0
3545.9			1.0
3546.8			1.0
3547.7			1.0
3548.6			1.0
3549.5			1.0
3550.4			1.0
3551.3			1.0
3552.2			1.0
3553.1			1.0
3554.0			1.0
3554.9			1.0
3555.8			1.0
3556.7			1.0
3557.6			1.0
3558.5			1.0
3559.4			1.0
3560.3			1.0
3561.2			1.0
3562.1			1.0
3563.0			1.0
3563.9			1.0
3564.8			1.0
3565.7			1.0
3566.6			1.0
3567.5			1.0
3568.4			1.0
3569.3			1.0
3570.2			1.0
3571.1			1.0
3572.0			1.0
3572.9			1.0
3573.8			1.0
3574.7			1.0
3575.6			1.0
3576.5			1.0
3577.4			1.0
3578.3			1.0
3579.2			1.0
3580.1			1.0
3581.0			1.0
3581.9			1.0
3582.8			1.0
3583.7			1.0
3584.6			1.0
3585.5			1.0
3586.4			1.0
3587.3			1.0
3588.2			1.0
3589.1			1.0
3590.0			1.0
3590.9			1.0
3591.8			1.0
3592.7			1.0
3593.6			1.0
3594.5			1.0
3595.4			1.0
3596.3			1.0
3597.2			1.0
3598.1			1.0
3599.0			1.0
3599.9			1.0
3600.8			1.0
3601.7			1.0
3602.6			1.0
3603.5			1.0
3604.4			1.0
3605.3			1.0
3606.2			1.0
3607.1			1.0
3608.0			1.0
3608.9			1.0
3609.8			1.0
3610.7			1.0
3611.6			1.0
3612.5			1.0
3613.4			1.0
3614.3			1.0
3615.2			1.0
3616.1			1.0
3617.0			1.0
3617.9			1.0
3618.8			1.0
3619.7			1.0
3620.6			1.0
3621.5			1.0
3622.4			1.0
3623.3			1.0
3624.2			1.0
3625.1			1.0
3626.0			1.0
3626.9			1.0
3627.8			1.0
3628.7			1.0
3629.6			1.0
3630.5			1.0
3631.4			1.0
3632.3			1.0
3633.2			1.0
3634.1			1.0
3635.0			1.0
3635.9			1.0
3636.8			1.0
3637.7			1.0
3638.6			1.0
3639.5			1.0
3640.4			1.0
3641.3			1.0
3642.2			1.0
3643.1			1.0
3644.0			1.0
3644.9			1.0
3645.8			1.0
3646.7			1.0
3647.6			1.0
3648.5			1.0
3649.4			1.0
3650.3			1.0
3651.2			1.0
3652.1			1.0
3653.0			1.0
3653.9			1.0
3654.8			1.0
3655.7			1.0
3656.6			1.0
3657.5			1.0
3658.4			1.0
3659.3			1.0
3660.2			1.0
3661.1			1.0
3662.0			1.0
3662.9			1.0
3663.8			1.0
3664.7			1.0
3665.6			1.0
3666.5			1.0
3667.4			1.0
3668.3			1.0
3669.2			1.0
3670.1			1.0
3671.0			1.0
3671.9			1.0
3672.8			1.0
3673.7			1.0
3674.6			1.0
3675.5			1.0
3676.4			1.0
3677.3			1.0
3678.2			1.0
3679.1			1.0
3680.0			1.0
3680.9			1.0
3681.8			1.0
3682.7			1.0
3683.6			1.0
3684.5			1.0
3685.4			1.0
3686.3			1.0
3687.2			1.0
3688.1			1.0
3689.0			1.0
3689.9			1.0
3690.8			1.0
3691.7			1.0
3692.6			1.0
3693.5			1.0
3694.4			1.0
3695.3			1.0
3696.2			1.0
3697.1			1.0
3698.0			1.0
3698.9			1.0
3699.8			1.0
3700.7			1.0
3701.6			1.0
3702.5			1.0
3703.4			1.0
3704.3			1.0
3705.2			1.0
3706.1			1.0
3707.0			1.0
3707.9			1.0
3708.8			1.0
3709.7			1.0
3710.6			1.0
3711.5			1.0
3712.4			1.0
3713.3			1.0
3714.2			1.0
3715.1			1.0
3716.0			1.0
3716.9			1.0
3717.8			1.0
3718.7			1.0
3719.6			1.0
3720.5			1.0
3721.4			1.0
3722.3			1.0
3723.2			1.0
3724.1			1.0
3725.0			1.0
3725.9			1.0
3726.8			1.0
3727.7			1.0
3728.6			1.0
3729.5			1.0
3730.4			1.0
3731.3			1.0
3732.2			1.0
3733.1			1.0
3734.0			1.0
3734.9			1.0
3735.8			1.0
3736.7			1.0
3737.6			1.0
3738.5			1.0
3739.4			1.0
3740.3			1.0
3741.2			1.0
3742.1			1.0
3743.0			1.0
3743.9			1.0
3744.8			1.0
3745.7			1.0
3746.6			1.0
3747.5			1.0
3748.4			1.0
3749.3			1.0
3750.2			1.0
3751.1			1.0
3752.0			1.0
3752.9			1.0
3753.8			1.0
3754.7			1.0
3755.6			1.0
3756.5			1.0
3757.4			1.0
3758.3			1.0
3759.2			1.0
3760.1			1.0
3761.0			1.0
3761.9			1.0
3762.8			1.0
3763.7			1.0
3764.6			1.0
3765.5			1.0
3766.4			1.0
3767.3			1.0
3768.2			1.0
3769.1			1.0
3770.0			1.0
3770.9			1.0
3771.8			1.0
3772.7			1.0
3773.6			1.0
3774.5			1.0
3775.4			1.0
3776.3			1.0
3777.2			1.0
3778.1			1.0
3779.0			1.0
3779.9			1.0
3780.8			1.0
3781.7			1.0
3782.6			1.0
3783.5			1.0
3784.4			1.0
3785.3			1.0
3786.2			1.0
3787.1			1.0
3788.0			1.0
3788.9			1.0
3789.8			1.0
3790.7			1.0
3791.6			1.0
3792.5			1.0
3793.4			1.0
3794.3			1.0
3795.2			1.0
3796.1			1.0
3797.0			1.0
3797.9			1.0
3798.8			1.0
3799.7			1.0
3800.6			1.0
3801.5			1.0
3802.4			1.0
3803.3			1.0
3804.2			1.0
3805.1			1.0
3806.0			1.0
3806.9			1.0
3807.8			1.0
3808.7			1.0
3809.6			1.0
3810.5			1.0
3811.4			1.0
3812.3			1.0
3813.2			1.0
3814.1			1.0
3815.0			1.0
3815.9			1.0
3816.8			1.0
3817.7			1.0
3818.6			1.0
3819.5			1.0
3820.4			1.0
3821.3			1.0
3822.2			1.0
3823.1			1.0
3824.0			1.0
3824.9			1.0
3825.8			1.0
3826.7			1.0
3827.6			1.0
3828.5			1.0
3829.4			1.0
3830.3			1.0
3831.2			1.0
3832.1			1.0
3833.0			1.0
3833.9			1.0
3834.8			1.0
3835.7			1.0
3836.6			1.0
3837.5			1.0
3838.4			1.0
3839.3			1.0
3840.2			1.0
3841.1			1.0
3842.0			1.0
3842.9			1.0
3843.8			1.0
3844.7			1.0
3845.6			1.0
3846.5			1.0
3847.4			1.0
3848.3			1.0
3849.2			1.0
3850.1			1.0
3851.0			1.0
3851.9			1.0
3852.8			1.0
3853.7			1.0
3854.6			1.0
3855.5			1.0
3856.4			1.0
3857.3			1.0
3858.2			1.0
3859.1			1.0
3860.0			1.0
3860.9			1.0
3861.8			1.0
3862.7			1.0
3863.6			1.0
3864.5			1.0
3865.4			1.0
3866.3			1.0
3867.2			1.0
3868.1			1.0
3869.0			1.0
3869.9			1.0
3870.8			1.0
3871.7			1.0
3872.6			1.0
3873.5			1.0
3874.4			1.0
3875.3			1.0
3876.2			1.0
3877.1			1.0
3878.0			1.0
3878.9			1.0
3879.8			1.0
3880.7			1.0
3881.6			1.0
3882.5			1.0
3883.4			1.0
3884.3			1.0
3885.2			1.0
3886.1			1.0
3887.0			1.0
3887.9			1.0
3888.8			1.0
3889.7			1.0
3890.6			1.0
3891.5			1.0
3892.4			1.0
3893.3			1.0
3894.2			1.0
3895.1			1.0
3896.0			1.0
3896.9			1.0
3897.8			1.0
3898.7			1.0
3899.6			1.0
3900.5			1.0
3901.4			1.0
3902.3			1.0
3903.2			1.0
3904.1			1.0
3905.0			1.0
3905.9			1.0
3906.8			1.0
3907.7			1.0
3908.6			1.0
3909.5			1.0
3910.4			1.0
3911.3			1.0
3912.2			1.0
3913.1			1.0
3914.0			1.0
3914.9			1.0
3915.8			1.0
3916.7			1.0
3917.6			1.0
3918.5			1.0
3919.4			1.0
3920.3			1.0
3921.2			1.0
3922.1			1.0
3923.0			1.0
3923.9			1.0
3924.8			1.0
3925.7			1.0
3926.6			1.0
3927.5			1.0
3928.4			1.0
3929.3			1.0
3930.2			1.0
3931.1			1.0
3932.0			1.0
3932.9			1.0
3933.8			1.0
3934.7			1.0
3935.6			1.0
3936.5			1.0
3937.4			1.0
3938.3			1.0
3939.2			1.0
3940.1			1.0
3941.0			1.0
3941.9			1.0
3942.8			1.0
3943.7			1.0
3944.6			1.0
3945.5			1.0
3946.4			1.0
3947.3			1.0
3948.2			1.0
3949.1			1.0
3950.0			1.0
3950.9			1.0
3951.8			1.0
3952.7			1.0
3953.6			1.0
3954.5			1.0
3955.4			1.0
3956.3			1.0
3957.2			1.0
3958.1			1.0
3959.0			1.0
3959.9			1.0
3960.8			1.0
3961.7			1.0
3962.6			1.0
3963.5			1.0
3964.4			1.0
3965.3			1.0
3966.2			1.0
3967.1			1.0
3968.0			1.0
3968.9			1.0
3969.8			1.0
3970.7			1.0
3971.6			1.0
3972.5			1.0
3973.4			1.0
3974.3			1.0
3975.2			1.0
3976.1			1.0
3977.0			1.0
3977.9			1.0
3978.8			1.0
3979.7			1.0
3980.6			1.0
3981.5			1.0
3982.4			1.0
3983.3			1.0
3984.2			1.0
3985.1			1.0
3986.0			1.0
3986.9			1.0
3987.8			1.0
3988.7			1.0
3989.6			1.0
3990.5			1.0
3991.4			1.0
3992.3			1.0
3993.2			1.0
3994.1			1.0
3995.0			1.0
3995.9			1.0
3996.8			1.0
3997.7			1.0
3998.6			1.0
3999.5			1.0
4000.4			1.0
4001.3			1.0
4002.2			1.0
4003.1			1.044469137181665
4004.0			0.986065406614826
4004.9			0.8367225010106277
4005.8			0.7551373163566777
4006.7			0.8155152063003915
4007.6			0.9297308864115245
4008.5			1.0004788310431894
4009.4			1.0
4010.3			1.0
4011.2			1.0
4012.1			1.0
4013.0			1.0
4013.9			1.0
4014.8			1.0
4015.7			1.0
4016.6			1.0
4017.5			1.0
4018.4			1.0
4019.3			1.0
4020.2			1.0
4021.1			1.0
4022.0			1.0
4022.9			1.0
4023.8			1.0
4024.7			1.0
4025.6			1.0
4026.5			1.0
4027.4			1.0483972960281909
4028.3			1.0733790376223757
4029.2			1.0252652155381536
4030.1			0.883868982209537
4031.0			0.7742845601074102
4031.9			0.7483591713496801
4032.8			0.7349983184533517
4033.7			0.7405298339344732
4034.6			0.7776203554133594
4035.5			0.833710091005919
4036.4			0.9106948867475774
4037.3			0.9821677689071575
4038.2			1.0010293680628357
4039.1			1.0
4040.0			1.0
4040.9			1.0
4041.8			1.0
4042.7			1.0411339818096172
4043.6			0.9479319443988952
4044.5			0.7569574131099622
4045.4			0.5968916305424038
4046.3			0.6262941115297088
4047.2			0.8359669011290971
4048.1			0.9978592628536297
4049.0			1.0
4049.9			1.0
4050.8			1.0
4051.7			1.0
4052.6			1.0
4053.5			1.0
4054.4			1.0
4055.3			1.0
4056.2			1.0
4057.1			1.0
4058.0			1.0
4058.9			1.0
4059.8			1.0
4060.7			1.0774613031801892
4061.6			1.0490224472240153
4062.5			0.8966601958591094
4063.4			0.7458795986951241
4064.3			0.778491818386796
4065.2			0.939243746616706
4066.1			0.9996826007736576
4067.0			1.0
4067.9			1.0
4068.8			1.0
4069.7			1.0
4070.6			1.0
4071.5			1.0
4072.4			1.0
4073.3			1.0
4074.2			1.0493735083180216
4075.1			0.9647105722158406
4076.0			0.8130039828672065
4076.9			0.6884335273808059
4077.8			0.6702990937803196
4078.7			0.7501360467150305
4079.6			0.8519767621240709
4080.5			0.9412476591460894
4081.4			0.988389150198218
4082.3			1.0
4083.2			1.0
4084.1			1.0
4085.0			1.0
4085.9			1.0
4086.8			1.0
4087.7			1.0
4088.6			1.0
4089.5			1.0
4090.4			1.0
4091.3			1.0
4092.2			1.0
4093.1			1.0
4094.0			1.0
4094.9			1.0
4095.8			1.0
4096.7			1.0
4097.6			1.0
4098.5			1.0275124317155704
4099.4			1.003683499115562
4100.3			0.8945096275700962
4101.2			0.7715351848139874
4102.1			0.7587664486562845
4103.0			0.8460014274542653
4103.9			0.9186986962650159
4104.8			0.957628940716444
4105.7			1.000780567076628
4106.6			1.0
4107.5			1.0
4108.4			1.0
4109.3			1.0
4110.2			1.0
4111.1			1.0
4112.0			1.0
4112.9			1.0
4113.8			1.0
4114.7			1.0
4115.6			1.0
4116.5			1.0
4117.4			1.0
4118.3			1.0
4119.2			1.0
4120.1			1.0
4121.0			1.0
4121.9			1.0
4122.8			1.0
4123.7			1.0
4124.6			1.0
4125.5			1.009033685238765
4126.4			0.9726142087948952
4127.3			0.9334715685039934
4128.2			0.9118991061763719
4129.1			0.9092118739559444
4130.0			0.9055236039862
4130.9			0.8914011827411633
4131.8			0.8207027537372704
4132.7			0.76726640973864
4133.6			0.7730042436981531
4134.5			0.8017982203305121
4135.4			0.8957099653503323
4136.3			0.971406697371986
4137.2			0.9637110921615979
4138.1			0.963396877375108
4139.0			1.0
4139.9			1.0155519015328085
4140.8			0.9974933773565307
4141.7			0.9162141381278974
4142.6			0.7717210600452986
4143.5			0.6827667896436589
4144.4			0.7425024269881813
4145.3			0.8855837837851664
4146.2			0.9809837419184424
4147.1			1.0026919857154553
4148.0			1.0
4148.9			1.0
4149.8			1.0
4150.7			1.0
4151.6			1.0
4152.5			1.0
4153.4			1.0
4154.3			1.0
4155.2			1.0
4156.1			1.0
4157.0			1.0
4157.9			1.0
4158.8			1.0
4159.7			1.0
4160.6			1.0
4161.5			1.0
4162.4			1.056331477204906
4163.3			1.0733392773308421
4164.2			1.0316716912322845
4165.1			1.0028744820625672
4166.0			0.9762786114160973
4166.9			0.9171927287687988
4167.8			0.8986006586128112
4168.7			0.9632652969061957
4169.6			1.021037683654319
4170.5			1.018913546831797
4171.4			0.9436809902671716
4172.3			0.8263574184477639
4173.2			0.7766513029052017
4174.1			0.8235454321475292
4175.0			0.8845000472265947
4175.9			0.9063699004520034
4176.8			0.8849759486009926
4177.7			0.8477627031911108
4178.6			0.8534736231615513
4179.5			0.8953194791856688
4180.4			0.9089620404913427
4181.3			0.8919528849854313
4182.2			0.8934747084601291
4183.1			0.9344188226995198
4184.0			0.9995621424248595
4184.9			1.0
4185.8			0.9973024666375446
4186.7			0.9092217894979482
4187.6			1.0
4188.5			1.0504200351532238
4189.4			1.1251398732822386
4190.3			1.1262115883973742
4191.2			1.08380670483651
4192.1			1.0979732655059897
4193.0			1.1535925134497529
4193.9			1.1488084657288369
4194.8			1.0536028281064698
4195.7			0.9331139144536732
4196.6			0.8775767097337422
4197.5			0.8800717689856068
4198.4			0.8976702739089489
4199.3			0.9516430183757767
4200.2			0.9941509947539915
4201.1			0.9607093169418436
4202.0			0.9115698694850398
4202.9			0.9400988896024011
4203.8			0.9873364864362377
4204.7			1.0007807510904114
4205.6			1.0
4206.5			1.0
4207.4			1.0
4208.3			1.0
4209.2			1.0
4210.1			1.0
4211.0			1.0
4211.9			1.0
4212.8			1.0
4213.7			0.9406831427443086
4214.6			0.8215402161823596
4215.5			0.7398849757237841
4216.4			0.8282245690757202
4217.3			0.9998108306566026
4218.2			1.0
4219.1			1.0
4220.0			1.0
4220.9			1.0
4221.8			1.0
4222.7			0.9232577650996032
4223.6			0.8495487609702908
4224.5			0.7732708136464498
4225.4			0.6510440031478784
4226.3			0.5115597806036366
4227.2			0.5223792425547695
4228.1			0.7368722303852683
4229.0			0.9317363480028964
4229.9			1.0
4230.8			1.028502888194497
4231.7			1.0160736095938512
4232.6			0.9390230587914227
4233.5			0.9042963737230413
4234.4			0.9291457396449756
4235.3			0.888989108130701
4236.2			0.8163666795626844
4237.1			0.828121975243747
4238.0			0.8658342153226367
4238.9			0.8687929349327179
4239.8			0.8776603336974167
4240.7			0.9441025835009265
4241.6			0.9998996817459354
4242.5			1.0
4243.4			1.0
4244.3			1.0
4245.2			1.0
4246.1			1.0
4247.0			0.9329833759322941
4247.9			0.889136838058285
4248.8			0.8779136518554544
4249.7			0.8555189239756129
4250.6			0.8632026402953061
4251.5			0.9637282279379717
4252.4			1.0619359943922384
4253.3			1.0564762906316796
4254.2			0.9930973193414311
4255.1			1.0
4256.0			1.0
4256.9			1.0
4257.8			0.9839407266059479
4258.7			0.8783211972906642
4259.6			0.7766473279767983
4260.5			0.7198674652121652
4261.4			0.7701210185102817
4262.3			0.9055715497647826
4263.2			1.0061676551729375
4264.1			1.0
4265.0			1.0
4265.9			1.0
4266.8			0.978552438923896
4267.7			0.9187139223598934
4268.6			0.882722915809274
4269.5			0.8470578245162274
4270.4			0.7561263684540064
4271.3			0.6468913799419986
4272.2			0.6372425291235664
4273.1			0.7134622748901591
4274.0			0.7383570818102232
4274.9			0.7402628411478456
4275.8			0.8156470973078791
4276.7			0.926656847382962
4277.6			1.000497575055627
4278.5			1.0
4279.4			1.0
4280.3			1.0
4281.2			1.0
4282.1			1.0
4283.0			1.0
4283.9			1.0
4284.8			1.0
4285.7			1.0
4286.6			1.0
4287.5			1.0298728706519165
4288.4			0.974508318799791
4289.3			0.8487516224601365
4290.2			1.0
4291.1			1.0730808968226448
4292.0			1.2208807299863669
4292.9			1.3304189997643798
4293.8			1.314029732373575
4294.7			1.2557745637379856
4295.6			1.2323538001137704
4296.5			1.183904319571654
4297.4			1.1094325870554997
4298.3			1.0077834540878468
4299.2			0.8657657325552043
4300.1			0.8012474232573564
4301.0			0.8663534040583186
4301.9			0.928062704842034
4302.8			0.9331054046015954
4303.7			0.9478020979594349
4304.6			0.961659042905264
4305.5			0.956240362535769
4306.4			0.9381699938208681
4307.3			0.8569757930412722
4308.2			0.7680498582230721
4309.1			0.7754549499642241
4310.0			0.8444072380215203
4310.9			0.9176272054437912
4311.8			1.0041559883993811
4312.7			1.120403996606292
4313.6			1.2348204063772596
4314.5			1.3544265874217738
4315.4			1.5799876304459004
4316.3			1.822464431316906
4317.2			1.9157233511876797
4318.1			1.8982981551276947
4319.0			1.869159306185833
4319.9			1.8080187855500043
4320.8			1.0
4321.7			0.9730678771320208
4322.6			0.8922792820726575
4323.5			0.749997717010173
4324.4			0.6248002282357147
4325.3			0.5560567989198385
4326.2			0.6105571754841987
4327.1			0.7821513170686236
4328.0			0.9401631358941556
4328.9			1.0023969709309979
4329.8			1.0
4330.7			1.0
4331.6			1.0
4332.5			1.0
4333.4			1.0
4334.3			1.0
4335.2			1.0
4336.1			0.972169121336398
4337.0			0.8462825072440189
4337.9			0.7380838595638742
4338.8			0.6898328925348897
4339.7			0.6369761254993699
4340.6			0.6277871845532177
4341.5			0.7419651202006151
4342.4			0.8794858502733153
4343.3			0.9155391648074732
4344.2			0.9350827733766985
4345.1			1.001040853135241
4346.0			1.0
4346.9			1.0
4347.8			1.0
4348.7			1.0
4349.6			1.0352291356611996
4350.5			0.9402639496066869
4351.4			0.7960668733419397
4352.3			0.7685141342530455
4353.2			0.8761358451175852
4354.1			0.9727362356726178
4355.0			0.9989029412268908
4355.9			1.0
4356.8			1.0
4357.7			1.0
4358.6			1.0
4359.5			1.0
4360.4			1.0
4361.3			1.0
4362.2			1.0
4363.1			1.0
4364.0			1.0
4364.9			1.0
4365.8			1.0
4366.7			1.0
4367.6			1.0
4368.5			1.0
4369.4			1.0
4370.3			1.0
4371.2			1.0
4372.1			1.0026151748637504
4373.0			0.9534077897502393
4373.9			0.8615237454986537
4374.8			0.798631089881377
4375.7			0.8231612206865994
4376.6			0.9197065878743326
4377.5			1.000664782659774
4378.4			1.0
4379.3			1.0
4380.2			0.9832087112052887
4381.1			0.9674586792229267
4382.0			0.8852568591922884
4382.9			0.6883464148394747
4383.8			0.5499840668728861
4384.7			0.6178514248142131
4385.6			0.812854542967237
4386.5			0.969116515160759
4387.4			1.0070348827659874
4388.3			1.0
4389.2			1.0
4390.1			1.0
4391.0			1.0
4391.9			1.0
4392.8			1.0
4393.7			1.0
4394.6			1.0
4395.5			1.0
4396.4			1.0
4397.3			1.0
4398.2			1.0
4399.1			0.9426589369148126
4400.0			0.8704467177411107
4400.9			0.8573976224833518
4401.8			0.9372689767872362
4402.7			0.983607317156242
4403.6			0.879302043892594
4404.5			0.741565303444306
4405.4			0.759627863428038
4406.3			0.8754116374358193
4407.2			0.9086401132211636
4408.1			0.8749313334203979
4409.0			0.9037182062919243
4409.9			1.002504340525411
4410.8			1.0
4411.7			1.0
4412.6			1.0240927678050715
4413.5			0.9894294425464584
4414.4			0.8835816092081941
4415.3			0.8172894510835857
4416.2			0.8611278313882456
4417.1			0.9351017591998457
4418.0			0.9960881257669955
4418.9			1.0
4419.8			1.0
4420.7			1.0
4421.6			1.0
4422.5			1.0
4423.4			1.0
4424.3			1.0
4425.2			1.0
4426.1			1.0
4427.0			1.0
4427.9			1.0
4428.8			1.0
4429.7			1.0
4430.6			1.0
4431.5			1.0
4432.4			1.0227670189068163
4433.3			0.9814533727994242
4434.2			0.8982609054285732
4435.1			0.8392553822510281
4436.0			0.8623539986639425
4436.9			0.9432497991633387
4437.8			1.0086957414266315
4438.7			1.0
4439.6			1.0
4440.5			1.0
4441.4			1.0
4442.3			1.0
4443.2			1.0
4444.1			1.0
4445.0			1.0
4445.9			1.0
4446.8			1.0
4447.7			1.0
4448.6			1.0
4449.5			1.0
4450.4			1.0
4451.3			1.0
4452.2			1.0166486970759057
4453.1			0.9939176358108699
4454.0			0.9262398281402013
4454.9			0.8560270306889257
4455.8			0.8554764227733519
4456.7			0.8952529076284342
4457.6			0.9090618689032445
4458.5			0.8892863867668072
4459.4			0.8778642447558832
4460.3			0.8700586122069122
4461.2			0.8390722984206654
4462.1			0.8493407566782023
4463.0			0.9340819219173998
4463.9			0.996912925202733
4464.8			1.0030417355950971
4465.7			1.0063771133526824
4466.6			1.0178055562021786
4467.5			1.0280284106359847
4468.4			1.003716809765108
4469.3			0.9783270094356131
4470.2			0.9967340881939718
4471.1			1.0
4472.0			1.0
4472.9			1.0
4473.8			1.0
4474.7			1.0
4475.6			1.0
4476.5			1.0
4477.4			1.0
4478.3			0.9844056613509945
4479.2			0.9151993597852213
4480.1			0.8422206783904377
4481.0			0.8060517467150189
4481.9			0.8056625758560808
4482.8			0.8585922125960922
4483.7			0.9288382687705822
4484.6			0.9754443492394069
4485.5			0.9996570525318985
4486.4			1.0
4487.3			1.0
4488.2			1.0
4489.1			1.0
4490.0			1.0
4490.9			1.0
4491.8			1.0444663066993305
4492.7			1.048637095346892
4493.6			0.9782338920880924
4494.5			0.9030079037519879
4495.4			0.8892493830156696
4496.3			0.9068691845695389
4497.2			0.9486872036148786
4498.1			0.985550693329679
4499.0			0.99871735584243
4499.9			1.0
4500.8			1.0
4501.7			1.0
4502.6			1.0
4503.5			1.0
4504.4			1.0
4505.3			1.0
4506.2			1.0
4507.1			1.0
4508.0			1.0
4508.9			1.0
4509.8			1.0
4510.7			1.0
4511.6			1.0
4512.5			1.0
4513.4			1.0
4514.3			1.0
4515.2			1.0
4516.1			1.0
4517.0			0.995046310739348
4517.9			0.9700820232743801
4518.8			0.9919298790261674
4519.7			1.0281931275205964
4520.6			1.0552928172365
4521.5			1.0541791583554423
4522.4			0.9998786929219738
4523.3			0.9816165752557561
4524.2			0.9876241803467009
4525.1			0.9614360894715571
4526.0			0.9162040440360711
4526.9			0.8796521529334924
4527.8			0.8544845800117782
4528.7			0.8400832279519246
4529.6			0.8602945634527733
4530.5			0.8867327120743435
4531.4			0.9234099731833525
4532.3			0.9656405721582761
4533.2			0.9446824617112233
4534.1			0.8963039573634097
4535.0			0.8687066700366478
4535.9			0.9087062632938532
4536.8			1.0
4537.7			1.0670206694197821
4538.6			1.0415849781674038
4539.5			0.990739706524547
4540.4			0.9505865864337941
4541.3			0.947197901428983
4542.2			0.9801238390686164
4543.1			0.9984872770003097
4544.0			0.9677095032283686
4544.9			0.9295366962034887
4545.8			0.9347714855455507
4546.7			0.9518542211929645
4547.6			0.9538839891072218
4548.5			0.9184942254637315
4549.4			0.8667058431400835
4550.3			0.8890501000002805
4551.2			0.9336437698828411
4552.1			0.9205804618078886
4553.0			0.8923559966577366
4553.9			0.867318665955698
4554.8			0.8575987513375319
4555.7			0.8876283816963277
4556.6			0.9448236623820928
4557.5			0.9893366668550336
4558.4			0.9974128065527861
4559.3			0.9925988789670042
4560.2			0.9916706811087511
4561.1			1.0
4562.0			1.0067448994548152
4562.9			0.9725982366372317
4563.8			0.9110950951361141
4564.7			0.868551782050626
4565.6			0.8746181613510341
4566.5			0.9355235606044214
4567.4			0.9996238238314521
4568.3			1.0
4569.2			1.0
4570.1			1.0
4571.0			1.0
4571.9			1.0
4572.8			1.060653543005525
4573.7			1.102800877199616
4574.6			1.0784413221010196
4575.5			1.0582451574257756
4576.4			1.0571156114498008
4577.3			1.051753906333127
4578.2			1.024081863751363
4579.1			1.0
4580.0			0.9410505977992492
4580.9			0.9267697963215118
4581.8			0.9507946832596175
4582.7			0.9689984521978224
4583.6			0.9639879874383362
4584.5			0.9581071866331641
4585.4			0.9507057814098487
4586.3			0.9549108573667919
4587.2			0.9986363631292947
4588.1			1.0492508780355645
4589.0			1.069625644541503
4589.9			1.055336092066547
4590.8			1.0152515372475508
4591.7			0.9677460727176493
4592.6			0.9487697184265282
4593.5			0.9547078578350944
4594.4			0.9467497395583961
4595.3			0.9281417298369813
4596.2			0.9268488985099835
4597.1			0.9340573894551081
4598.0			0.9499325831588715
4598.9			0.9679616396653228
4599.8			0.9409899351891529
4600.7			0.913169337650537
4601.6			0.9338638456789953
4602.5			0.9560932258878175
4603.4			0.9576366317372901
4604.3			0.9410852277672307
4605.2			0.9262838409173605
4606.1			0.9419087514476752
4607.0			0.9765694128134932
4607.9			1.016857931860571
4608.8			1.0468410361388205
4609.7			1.0379274549540929
4610.6			0.997292764739074
4611.5			1.0
4612.4			1.0
4613.3			1.0
4614.2			1.0
4615.1			1.0
4616.0			1.0
4616.9			1.0
4617.8			1.0
4618.7			1.0
4619.6			1.0
4620.5			1.0
4621.4			1.0
4622.3			1.0
4623.2			1.0
4624.1			1.0
4625.0			1.0
4625.9			1.0
4626.8			1.0
4627.7			1.0
4628.6			1.0
4629.5			1.0
4630.4			1.0
4631.3			1.0
4632.2			1.0
4633.1			1.0
4634.0			1.0
4634.9			1.0
4635.8			1.0
4636.7			1.0
4637.6			1.0
4638.5			1.0
4639.4			1.0
4640.3			1.0
4641.2			1.0
4642.1			1.0186470751973766
4643.0			0.9960198628170449
4643.9			0.9719573252061807
4644.8			0.9504019387227832
4645.7			0.9001689156315912
4646.6			0.8527723952098729
4647.5			0.8469711892425041
4648.4			0.873071508845911
4649.3			0.9147826250190951
4650.2			0.9555291626392783
4651.1			0.9760082344012615
4652.0			0.9932305930181802
4652.9			0.99963037434857
4653.8			1.0
4654.7			1.0
4655.6			1.0
4656.5			1.0
4657.4			1.0
4658.3			1.0
4659.2			1.0
4660.1			1.0
4661.0			1.0
4661.9			1.0
4662.8			1.0
4663.7			0.9871710504958532
4664.6			0.9985385201514168
4665.5			0.9594642922961315
4666.4			0.8588353155244467
4667.3			0.7905713450282341
4668.2			0.8179375122861293
4669.1			0.887713210964674
4670.0			0.9544288757152682
4670.9			1.0029058514868379
4671.8			1.0
4672.7			1.0
4673.6			1.0
4674.5			1.0
4675.4			1.0
4676.3			1.0313999599838537
4677.2			1.017603090778889
4678.1			0.9753169867872831
4679.0			0.9445372997965931
4679.9			0.9201815364591682
4680.8			0.9103279502208106
4681.7			0.9123924733848324
4682.6			0.943852838544856
4683.5			0.987603445791424
4684.4			1.0028779482250467
4685.3			0.9999579868499079
4686.2			1.0
4687.1			1.0
4688.0			1.0
4688.9			1.0
4689.8			1.0
4690.7			1.0
4691.6			1.0
4692.5			1.0
4693.4			1.0
4694.3			1.0
4695.2			1.0
4696.1			1.0160809817926812
4697.0			0.9924000137717491
4697.9			0.9275472623704134
4698.8			0.8812403755153986
4699.7			0.8932177622195027
4700.6			0.9050857566118975
4701.5			0.8987781576044964
4702.4			0.8762533188391813
4703.3			0.871371822210366
4704.2			0.9052093383249507
4705.1			0.930175461262581
4706.0			0.9278266003189805
4706.9			0.8981402484741388
4707.8			0.8738776724060111
4708.7			0.8642581084976028
4709.6			0.8743816155971477
4710.5			0.9217719290641629
4711.4			0.9594688697596119
4712.3			0.9547253998783164
4713.2			0.9247954187660847
4714.1			0.8882290239948214
4715.0			0.8921067433116149
4715.9			0.9475240661747454
4716.8			0.9865942581858297
4717.7			0.9852087867715549
4718.6			0.9931129146737775
4719.5			1.0107289564692723
4720.4			1.0131304349518253
4721.3			0.9998725052910035
4722.2			1.0
4723.1			1.001275595965646
4724.0			1.0263906695777003
4724.9			1.0481827324374688
4725.8			1.0383180599771134
4726.7			0.9676078762994214
4727.6			0.8965826364313284
4728.5			0.8846000644933665
4729.4			0.8958925557997808
4730.3			0.9080961655849514
4731.2			0.928172752429419
4732.1			0.9673224938429257
4733.0			0.988135872933204
4733.9			0.997517530721287
4734.8			1.0
4735.7			1.0
4736.6			1.0
4737.5			1.0
4738.4			1.0
4739.3			1.0
4740.2			1.0
4741.1			1.0
4742.0			1.0
4742.9			1.0
4743.8			1.0
4744.7			1.0
4745.6			1.0
4746.5			1.0
4747.4			1.0
4748.3			1.0
4749.2			1.0
4750.1			1.0
4751.0			1.0
4751.9			1.0
4752.8			1.0
4753.7			1.0
4754.6			1.0
4755.5			1.0
4756.4			1.0
4757.3			1.0
4758.2			1.0
4759.1			1.0222390890034534
4760.0			1.0374840622055803
4760.9			1.0059740255913252
4761.8			0.9543266635866834
4762.7			0.9369297198823823
4763.6			0.9367376490182803
4764.5			0.9239375381864199
4765.4			0.903785601371724
4766.3			0.9070159714858758
4767.2			0.9472448226409941
4768.1			0.9831288839716054
4769.0			1.024760500024402
4769.9			1.054655935875154
4770.8			1.031580834651333
4771.7			1.0001079654026868
4772.6			1.0
4773.5			1.0
4774.4			1.0
4775.3			1.0
4776.2			1.0
4777.1			1.0206797536890893
4778.0			1.0336130029429482
4778.9			1.0156826389439113
4779.8			0.9966687894810892
4780.7			1.000866736795416
4781.6			0.9992655324528664
4782.5			0.9668712662446294
4783.4			0.9413055556741473
4784.3			0.9605810220048933
4785.2			0.9618299937163242
4786.1			0.9136175522647852
4787.0			0.9081123616646601
4787.9			0.9314387791998556
4788.8			0.9242095966464662
4789.7			0.9136148000417492
4790.6			0.9259795943014978
4791.5			0.9396150722952044
4792.4			0.953214442999142
4793.3			0.9940990705597686
4794.2			1.033150161856562
4795.1			1.0
4796.0			0.9900249192242749
4796.9			0.9681758611173151
4797.8			0.9301258860221314
4798.7			0.8995925549406586
4799.6			0.891854563735271
4800.5			0.9129127566642582
4801.4			0.96222113634013
4802.3			0.9984178868594487
4803.2			1.0030205376270318
4804.1			1.0
4805.0			1.0
4805.9			1.0
4806.8			1.0
4807.7			1.0
4808.6			1.0
4809.5			1.0
4810.4			1.0
4811.3			1.0
4812.2			1.0
4813.1			1.0
4814.0			1.0
4814.9			1.0
4815.8			1.0
4816.7			1.0
4817.6			1.0
4818.5			1.0
4819.4			1.0
4820.3			1.0
4821.2			1.0
4822.1			0.9787234918111716
4823.0			0.9247516643008791
4823.9			0.9062130162943337
4824.8			0.9486418070031497
4825.7			0.9983172864238068
4826.6			1.0
4827.5			1.0
4828.4			1.0
4829.3			1.0
4830.2			1.0
4831.1			1.0
4832.0			1.0
4832.9			1.0
4833.8			1.0
4834.7			1.006598269728231
4835.6			0.9946792391489546
4836.5			0.9914266115557342
4837.4			0.9914953098924786
4838.3			0.9635567348330916
4839.2			0.9260215125692028
4840.1			0.9090710512201974
4841.0			0.9270125029974108
4841.9			0.9419722119846327
4842.8			0.929532948495429
4843.7			0.934055736326749
4844.6			0.9735965368696304
4845.5			0.9999930019633076
4846.4			1.0
4847.3			1.0
4848.2			1.0
4849.1			1.0
4850.0			1.0
4850.9			1.0
4851.8			1.0
4852.7			1.0
4853.6			1.0
4854.5			1.0
4855.4			1.0
4856.3			1.0215311784576626
4857.2			1.0690730539625157
4858.1			1.05635845428682
4859.0			0.9774923337693845
4859.9			0.8472482384882651
4860.8			0.717255492813518
4861.7			0.7203737539472687
4862.6			0.8506219794074587
4863.5			0.9374419646956259
4864.4			0.9653905911953723
4865.3			0.9956061233219398
4866.2			1.0
4867.1			1.0
4868.0			1.0
4868.9			1.0
4869.8			0.982967989201754
4870.7			0.9076389885116521
4871.6			0.8664330597737475
4872.5			0.9165761790441171
4873.4			0.9922553995385373
4874.3			1.0
4875.2			1.0
4876.1			1.0
4877.0			1.0
4877.9			1.0
4878.8			1.0
4879.7			1.0
4880.6			1.0
4881.5			1.0
4882.4			1.0
4883.3			1.0
4884.2			0.9717073696082605
4885.1			0.9190098978313536
4886.0			0.8873783296332888
4886.9			0.897810040269156
4887.8			0.9165128656987597
4888.7			0.9190552577602176
4889.6			0.894681136767806
4890.5			0.8308647223510102
4891.4			0.8177660922138557
4892.3			0.9009704608070888
4893.2			0.9846012487109898
4894.1			1.029012296724196
4895.0			1.0492161371900548
4895.9			1.0413862938402223
4896.8			1.026516596950096
4897.7			1.023248924652568
4898.6			1.0020921043405442
4899.5			1.0
4900.4			1.0
4901.3			1.0
4902.2			1.0
4903.1			1.0
4904.0			1.0
4904.9			1.0
4905.8			1.0
4906.7			0.9999173031707969
4907.6			0.9726752789263512
4908.5			0.9397225913223947
4909.4			0.8978989609010166
4910.3			0.872077196980311
4911.2			0.8904478596963429
4912.1			0.9348337565500799
4913.0			0.969488377811773
4913.9			0.9971657164956367
4914.8			1.0
4915.7			1.0300929852533915
4916.6			1.0174586086934476
4917.5			0.9518947257153858
4918.4			0.870153788442243
4919.3			0.8149097944636223
4920.2			0.8050695477552304
4921.1			0.8666326299165265
4922.0			0.9584806866885955
4922.9			1.0046185444523998
4923.8			0.9980649656738677
4924.7			1.0090908722454426
4925.6			1.0
4926.5			1.0
4927.4			1.0
4928.3			1.0
4929.2			1.0
4930.1			1.0
4931.0			1.0
4931.9			1.0
4932.8			1.0
4933.7			1.0
4934.6			1.0
4935.5			1.0
4936.4			0.9811533648771171
4937.3			0.9188938221980775
4938.2			0.8582337604442607
4939.1			0.8522716354971779
4940.0			0.917976393288684
4940.9			0.9914090138289562
4941.8			1.0062813968591147
4942.7			1.0
4943.6			1.0
4944.5			1.0
4945.4			1.0
4946.3			1.0
4947.2			1.0
4948.1			1.0
4949.0			1.0
4949.9			1.0
4950.8			1.0
4951.7			1.0
4952.6			1.0
4953.5			1.0
4954.4			1.0
4955.3			1.014238254908858
4956.2			0.9513176999456313
4957.1			0.840114231798054
4958.0			0.8545017548743057
4958.9			0.9907342620841568
4959.8			1.0
4960.7			1.0
4961.6			1.0
4962.5			1.0
4963.4			1.0
4964.3			1.0
4965.2			1.0
4966.1			1.0
4967.0			1.0
4967.9			1.0
4968.8			1.0
4969.7			1.0
4970.6			1.0
4971.5			1.0
4972.4			1.0
4973.3			1.0
4974.2			1.0
4975.1			1.0
4976.0			1.0
4976.9			1.0
4977.8			1.0
4978.7			0.9738935720035613
4979.6			0.9796104834361578
4980.5			0.9785651223255611
4981.4			0.93401896229057
4982.3			0.8771142061401342
4983.2			0.850843444090786
4984.1			0.8603320228033323
4985.0			0.8767728785245009
4985.9			0.9121061151374047
4986.8			0.9695361373294586
4987.7			0.9990327960936958
4988.6			1.0
4989.5			1.0
4990.4			1.0
4991.3			1.0
4992.2			1.0
4993.1			1.0
4994.0			1.0
4994.9			1.0
4995.8			1.0
4996.7			1.0
4997.6			1.0
4998.5			1.0
4999.4			1.0
5000.3			1.0
5001.2			0.9966215710358878
5002.1			0.99707036360465
5003.0			1.0048632926350292
5003.9			1.0027205504860055
5004.8			0.9605569233910359
5005.7			0.9075463144709737
5006.6			0.9165864183884616
5007.5			0.9926283378956431
5008.4			1.060147765501266
5009.3			1.0677431018016348
5010.2			1.0473931583238647
5011.1			1.0052489278058268
5012.0			0.9452702030699267
5012.9			0.9080779649933656
5013.8			0.8970683808100995
5014.7			0.9253995161121461
5015.6			0.9715132396811177
5016.5			0.9751520105848226
5017.4			0.9340354828858936
5018.3			0.9222772428145873
5019.2			0.9587875435124015
5020.1			0.9941615177675165
5021.0			0.9884462208052748
5021.9			0.9629735369816721
5022.8			0.9753957018078993
5023.7			1.010655284956726
5024.6			1.023051139002132
5025.5			1.0282420001924995
5026.4			0.999549628911493
5027.3			1.0
5028.2			1.0
5029.1			1.0
5030.0			1.0
5030.9			1.0
5031.8			1.0
5032.7			1.0
5033.6			1.0
5034.5			1.0
5035.4			1.0
5036.3			1.0
5037.2			1.0266083798403598
5038.1			1.0122058398975047
5039.0			0.9527400350220615
5039.9			0.8702379826464091
5040.8			0.7857053545080989
5041.7			0.8031443988475805
5042.6			0.9079709456402658
5043.5			0.9748134442802145
5044.4			0.9976725643917322
5045.3			1.0
5046.2			1.0
5047.1			1.0
5048.0			1.0
5048.9			1.0
5049.8			1.0
5050.7			1.0
5051.6			1.0
5052.5			1.0
5053.4			1.0
5054.3			1.0
5055.2			1.0
5056.1			1.0
5057.0			1.0
5057.9			1.0
5058.8			1.0
5059.7			1.0
5060.6			1.0
5061.5			1.0
5062.4			1.0
5063.3			0.982514374944761
5064.2			0.9225516187262683
5065.1			0.8987974621365271
5066.0			0.9468301966013378
5066.9			0.9864634144768878
5067.8			1.0
5068.7			1.0
5069.6			1.0
5070.5			1.0
5071.4			1.0
5072.3			1.0
5073.2			1.0
5074.1			1.0
5075.0			1.0
5075.9			1.0064250696473407
5076.8			1.0374040207875774
5077.7			1.0381425383273741
5078.6			0.9575964932319196
5079.5			0.8731301693849869
5080.4			0.8806099027073017
5081.3			0.9567601835427796
5082.2			1.0028298237361999
5083.1			1.0017440145372292
5084.0			1.0
5084.9			1.0
5085.8			1.0
5086.7			1.0
5087.6			1.0
5088.5			1.0
5089.4			1.0
5090.3			1.0
5091.2			1.0
5092.1			1.0
5093.0			1.0
5093.9			1.0
5094.8			0.9947745811284538
5095.7			0.975032750364933
5096.6			0.9310254736820373
5097.5			0.882270343252808
5098.4			0.8337740124834463
5099.3			0.8366764473998424
5100.2			1.0
5101.1			1.0724539358888723
5102.0			1.0887770326755706
5102.9			1.0614613984037515
5103.8			1.0300717713361531
5104.7			1.01493288835409
5105.6			1.0103539601428952
5106.5			0.9832307576159013
5107.4			0.9475445923910669
5108.3			0.9556969055561839
5109.2			0.9558139358665562
5110.1			0.9397702480296309
5111.0			0.9659952334155738
5111.9			1.0037998745850365
5112.8			1.0099658260173463
5113.7			1.000986972138081
5114.6			1.0
5115.5			1.0022622282929003
5116.4			1.0260727796044589
5117.3			1.0477011374349812
5118.2			1.0557126670769184
5119.1			1.050957441379379
5120.0			1.0295711971685086
5120.9			1.0001765713017767
5121.8			0.9767743043837722
5122.7			0.9358229815450684
5123.6			0.9068752543760499
5124.5			0.9144322282521942
5125.4			0.9384761263261285
5126.3			0.9573740341399107
5127.2			0.9583768380419962
5128.1			0.9620309934179093
5129.0			0.9559654750934875
5129.9			0.9676754105461821
5130.8			0.9847717545522677
5131.7			0.9990714700830837
5132.6			1.0
5133.5			1.0
5134.4			1.0
5135.3			1.0
5136.2			1.0
5137.1			1.0
5138.0			1.0
5138.9			1.0
5139.8			1.0164483603630066
5140.7			1.0614975146346477
5141.6			1.020307221244838
5142.5			0.9563846243913886
5143.4			0.9817218936935745
5144.3			1.017647013282787
5145.2			0.9997717625427267
5146.1			1.0
5147.0			1.0
5147.9			1.0
5148.8			1.0
5149.7			1.0
5150.6			1.0
5151.5			1.0
5152.4			1.0
5153.3			1.0
5154.2			1.0
5155.1			1.0
5156.0			1.0
5156.9			1.0
5157.8			1.0
5158.7			1.0
5159.6			1.0
5160.5			1.0
5161.4			1.0
5162.3			1.0
5163.2			1.0
5164.1			1.0
5165.0			1.0
5165.9			1.0
5166.8			1.0
5167.7			1.0
5168.6			1.0
5169.5			1.1062045548363384
5170.4			1.1239079286656042
5171.3			0.9578258744785414
5172.2			0.7607480813050097
5173.1			0.7463299624444921
5174.0			0.8922665624384212
5174.9			1.0052689133730162
5175.8			1.0
5176.7			1.0
5177.6			1.0
5178.5			1.0
5179.4			1.0
5180.3			1.0
5181.2			0.9627507861983398
5182.1			0.8503130575871493
5183.0			0.6753460413486752
5183.9			0.6301198412226529
5184.8			0.7739439779828844
5185.7			0.9275603045640256
5186.6			0.9999829735429902
5187.5			1.0
5188.4			1.0
5189.3			1.0
5190.2			1.0
5191.1			1.0
5192.0			1.0
5192.9			1.0
5193.8			1.0
5194.7			1.0
5195.6			1.0
5196.5			1.0
5197.4			1.0
5198.3			1.0
5199.2			1.0
5200.1			1.010682209207799
5201.0			1.009081513241713
5201.9			0.9934619687239618
5202.8			0.9948052167606005
5203.7			0.9748271720244588
5204.6			0.917240324491669
5205.5			0.874884963127165
5206.4			0.8937633130692877
5207.3			0.9118303178325149
5208.2			0.8843963692169602
5209.1			0.9078211899055868
5210.0			0.9600841803627904
5210.9			1.0004275222145553
5211.8			1.0
5212.7			1.0
5213.6			1.0004619034886453
5214.5			0.9549067773628486
5215.4			0.9051007765385272
5216.3			0.8967832647094314
5217.2			0.9178136758001078
5218.1			0.9592029692924937
5219.0			0.9987885007906817
5219.9			1.0
5220.8			1.0
5221.7			1.0
5222.6			1.0
5223.5			0.9673336378688998
5224.4			0.9166515584171159
5225.3			0.8629064081976052
5226.2			0.7983092270573606
5227.1			0.7856654474992292
5228.0			0.8744654332546098
5228.9			0.9636276834896883
5229.8			0.9870154266235719
5230.7			0.9989217945200533
5231.6			1.0
5232.5			1.0
5233.4			1.0
5234.3			1.0
5235.2			1.0
5236.1			1.0
5237.0			1.0
5237.9			1.0
5238.8			1.0
5239.7			1.0
5240.6			1.0
5241.5			0.9993196623316104
5242.4			0.9783937873938507
5243.3			0.9727089226479118
5244.2			0.999461024226242
5245.1			1.0138452659781305
5246.0			0.9741429480347671
5246.9			0.9176461444002527
5247.8			0.9118184589810835
5248.7			0.9236033249804877
5249.6			0.8991589214282613
5250.5			0.8833838266259959
5251.4			0.9105444807602836
5252.3			0.9395213571120065
5253.2			0.9429441072320701
5254.1			0.9162361300852752
5255.0			0.8828771582242557
5255.9			0.9146330139525864
5256.8			0.9764521342925107
5257.7			1.009214120167235
5258.6			1.014601579925026
5259.5			1.0
5260.4			0.9704255799772176
5261.3			0.9160489281643743
5262.2			0.8528132508062226
5263.1			0.8062824328979596
5264.0			0.7767882185002812
5264.9			0.7538395760984647
5265.8			0.7456959825673026
5266.7			0.79739497124607
5267.6			0.8565007203819577
5268.5			0.808624720685782
5269.4			0.7039986236082784
5270.3			0.7133767279260492
5271.2			0.8272746512551691
5272.1			0.8962165492418182
5273.0			0.8920442526573946
5273.9			0.8782222092785815
5274.8			0.8536909499178574
5275.7			0.8493122940752952
5276.6			0.913052788418468
5277.5			0.9811251660772261
5278.4			1.0
5279.3			0.9760047690047049
5280.2			0.9365069099558508
5281.1			0.9072535707349072
5282.0			0.8953839432044937
5282.9			0.8782871919839408
5283.8			0.8646499900833459
5284.7			0.9076756884079002
5285.6			0.9831231892106821
5286.5			1.022552623986722
5287.4			1.0162164807715488
5288.3			0.99973347189058
5289.2			1.0
5290.1			1.0
5291.0			1.0
5291.9			1.0
5292.8			1.0
5293.7			1.0
5294.6			1.0091418713868934
5295.5			0.9976255067034304
5296.4			0.949927762823693
5297.3			0.8884099242803849
5298.2			0.8787525751103519
5299.1			0.9473035937704897
5300.0			1.0055257435170957
5300.9			1.0070765600008547
5301.8			1.0033922437584732
5302.7			1.0
5303.6			1.0
5304.5			1.0
5305.4			1.0
5306.3			1.0
5307.2			1.0
5308.1			1.0
5309.0			1.0
5309.9			1.0
5310.8			1.0
5311.7			1.0
5312.6			1.0
5313.5			1.0
5314.4			1.0
5315.3			1.0
5316.2			1.0
5317.1			1.0
5318.0			1.0
5318.9			1.0
5319.8			1.0
5320.7			1.0
5321.6			1.0
5322.5			1.0
5323.4			1.0
5324.3			1.0
5325.2			1.0
5326.1			1.0062268347567938
5327.0			0.9281506167642318
5327.9			0.8023861453960422
5328.8			0.7910635789621633
5329.7			0.894151978519091
5330.6			0.9860688329512842
5331.5			1.0055766716118626
5332.4			1.0
5333.3			1.0
5334.2			1.0
5335.1			1.0
5336.0			1.0
5336.9			1.0
5337.8			0.9989820208063093
5338.7			0.9822191393840706
5339.6			0.9272233182273557
5340.5			0.8829435301144951
5341.4			0.9097025052216146
5342.3			0.9704846688219418
5343.2			1.000113077396877
5344.1			1.0
5345.0			1.0
5345.9			1.0
5346.8			1.0
5347.7			1.0
5348.6			1.0
5349.5			1.0
5350.4			1.0
5351.3			1.0
5352.2			1.0
5353.1			1.0
5354.0			1.0
5354.9			1.0
5355.8			1.0
5356.7			1.0
5357.6			1.0
5358.5			1.0
5359.4			1.0
5360.3			1.0
5361.2			1.0
5362.1			1.0
5363.0			1.0
5363.9			1.0
5364.8			1.0
5365.7			1.0
5366.6			1.0
5367.5			1.0
5368.4			0.9871676294565934
5369.3			0.9436038702857672
5370.2			0.884673561523836
5371.1			0.853799950584797
5372.0			0.8920416246377268
5372.9			0.9627680984296262
5373.8			1.0039228337746717
5374.7			1.0
5375.6			1.0
5376.5			1.0
5377.4			1.0
5378.3			1.0
5379.2			1.0
5380.1			1.0
5381.0			1.0
5381.9			1.0
5382.8			1.0
5383.7			1.0
5384.6			1.0
5385.5			1.0
5386.4			1.0
5387.3			1.0
5388.2			1.0
5389.1			1.0
5390.0			1.0
5390.9			1.0
5391.8			1.0
5392.7			1.0
5393.6			1.0
5394.5			1.0
5395.4			1.0
5396.3			1.0
5397.2			1.0
5398.1			1.0256660687509966
5399.0			1.0667018761818432
5399.9			1.0647263890986645
5400.8			1.0575723836396227
5401.7			1.0749787135482667
5402.6			1.0682683366452965
5403.5			1.004072763521866
5404.4			0.9286932224620962
5405.3			0.8853993899731742
5406.2			0.8978422389978304
5407.1			0.9472736002146899
5408.0			0.982110698155969
5408.9			0.965920441787806
5409.8			0.9281965412857494
5410.7			0.9314057545546646
5411.6			0.9757069921716609
5412.5			1.005376123492138
5413.4			1.0
5414.3			1.0
5415.2			1.0
5416.1			1.0
5417.0			1.0
5417.9			1.0
5418.8			1.0
5419.7			1.0
5420.6			1.0
5421.5			1.0
5422.4			1.0
5423.3			1.0
5424.2			1.0
5425.1			1.0
5426.0			1.0
5426.9			1.0391117680936197
5427.8			1.0273596734434285
5428.7			0.957296090096548
5429.6			0.9019467521019311
5430.5			0.941743892041993
5431.4			1.0026438947412273
5432.3			1.0058807642069412
5433.2			1.0
5434.1			1.0
5435.0			1.0
5435.9			1.0
5436.8			1.0
5437.7			1.0
5438.6			1.0
5439.5			1.0
5440.4			1.0
5441.3			1.0
5442.2			1.0
5443.1			1.0
5444.0			0.9837393249457649
5444.9			0.9408211126933463
5445.8			0.8826691115732368
5446.7			0.8467190771593125
5447.6			0.8865802482974429
5448.5			0.959596184250764
5449.4			1.0004895210949092
5450.3			1.0
5451.2			1.0
5452.1			1.0
5453.0			0.9842736828859089
5453.9			0.9487385685162365
5454.8			0.8877452412765188
5455.7			0.8594423953099976
5456.6			0.9040277309363511
5457.5			0.9669576546740305
5458.4			0.9979996318674255
5459.3			1.0
5460.2			1.0
5461.1			1.0
5462.0			1.0
5462.9			1.0
5463.8			1.0
5464.7			1.0
5465.6			1.0
5466.5			1.0
5467.4			1.0
5468.3			1.0
5469.2			1.0
5470.1			1.0
5471.0			1.0
5471.9			1.0
5472.8			1.0
5473.7			0.9955698247209013
5474.6			1.0023244946490544
5475.5			0.9732100878838268
5476.4			0.9134063050126959
5477.3			0.9185079269233312
5478.2			0.9952531926924041
5479.1			1.054949662510331
5480.0			1.0438382936204618
5480.9			1.0029668099748508
5481.8			1.0
5482.7			1.0
5483.6			1.0
5484.5			1.0
5485.4			1.0
5486.3			1.0
5487.2			1.0
5488.1			1.0
5489.0			1.0
5489.9			1.0
5490.8			1.0
5491.7			1.0
5492.6			1.0
5493.5			1.0
5494.4			1.0
5495.3			1.0
5496.2			1.0
5497.1			1.0
5498.0			1.0
5498.9			1.0
5499.8			1.0
5500.7			1.0
5501.6			1.0
5502.5			1.0
5503.4			1.0
5504.3			1.0
5505.2			1.0
5506.1			1.0
5507.0			1.0
5507.9			1.0
5508.8			1.0108635536585144
5509.7			1.0011533622331705
5510.6			0.9891012616130604
5511.5			0.9653284033959806
5512.4			0.9365339139933148
5513.3			0.9343450648894831
5514.2			0.9516709997265729
5515.1			0.97191917799252
5516.0			0.9814856395415844
5516.9			0.9859657187876688
5517.8			1.002090970953492
5518.7			1.0
5519.6			1.0
5520.5			1.0
5521.4			1.0
5522.3			1.0
5523.2			1.0
5524.1			1.0
5525.0			0.9876714784352378
5525.9			0.9699617972809921
5526.8			0.9482028778728557
5527.7			0.9198715488230794
5528.6			0.9155641466121516
5529.5			0.9564078587818278
5530.4			0.9995325041297218
5531.3			1.0100528791244388
5532.2			1.0015713133598276
5533.1			1.0
5534.0			1.0
5534.9			1.0
5535.8			1.0
5536.7			1.0
5537.6			1.0
5538.5			1.0
5539.4			1.0
5540.3			1.0
5541.2			1.0
5542.1			1.0
5543.0			1.0
5543.9			1.0
5544.8			1.0
5545.7			1.0
5546.6			1.0
5547.5			1.0
5548.4			1.0
5549.3			1.0
5550.200000000001			1.0
5551.1			1.0
5552.0			1.0
5552.9			1.0
5553.8			1.0
5554.700000000001			1.0
5555.6			1.0
5556.5			1.0
5557.4			1.0
5558.3			1.0
5559.200000000001			1.0
5560.1			1.0
5561.0			1.0
5561.9			1.0
5562.8			1.0
5563.700000000001			1.0
5564.6			1.0
5565.5			1.0
5566.4			1.0
5567.3			1.0
5568.200000000001			1.0
5569.1			1.0
5570.0			1.0
5570.9			1.0
5571.8			1.0
5572.700000000001			1.0
5573.6			1.0
5574.5			1.0
5575.4			1.0
5576.3			1.0
5577.200000000001			1.0
5578.1			1.0061881579130305
5579.0			1.0087710011119473
5579.9			1.0223021807658708
5580.8			1.0276060643274774
5581.700000000001			1.0246819165849317
5582.6			1.0223756672976578
5583.5			1.0235783280002124
5584.4			1.009116592379916
5585.3			0.9730640702383972
5586.200000000001			0.9377418378163717
5587.1			0.9159772212026179
5588.0			0.9096114555788342
5588.9			0.929545201849408
5589.8			0.9640240672245707
5590.700000000001			0.9930806805122598
5591.6			1.0024915172656867
5592.5			0.9993146670335831
5593.4			0.9857229659195041
5594.3			0.9874342468638547
5595.200000000001			1.0288870012750624
5596.1			1.0
5597.0			0.9757465749775245
5597.9			0.9375125466484167
5598.8			0.9212872187866439
5599.700000000001			0.918068442267603
5600.6			0.90663619360672
5601.5			0.8845163383774174
5602.4			0.8771018112604694
5603.3			0.913142564315301
5604.200000000001			0.9667353282701953
5605.1			0.9905138947023449
5606.0			0.9936248840454982
5606.9			0.9998768712903024
5607.8			0.998982661782156
5608.700000000001			1.0
5609.6			1.0
5610.5			1.0
5611.4			1.0
5612.3			0.9974822869299182
5613.200000000001			0.9710882847391115
5614.1			0.913932349902057
5615.0			0.8663472377165363
5615.9			0.8827657594942413
5616.8			0.9448940106593396
5617.700000000001			0.9958112268883289
5618.6			1.0
5619.5			1.0
5620.4			1.0
5621.3			1.0
5622.200000000001			1.0
5623.1			1.0
5624.0			1.0
5624.9			1.0
5625.8			1.0
5626.700000000001			1.0
5627.6			1.0
5628.5			1.0
5629.4			1.0
5630.3			1.0
5631.200000000001			1.0
5632.1			1.0
5633.0			1.0
5633.9			1.0
5634.8			1.0
5635.700000000001			1.0
5636.6			1.0
5637.5			1.0
5638.4			1.0
5639.3			1.0
5640.200000000001			1.0
5641.1			1.0
5642.0			1.0
5642.9			1.0
5643.8			1.0
5644.700000000001			1.0
5645.6			1.0
5646.5			1.0
5647.4			1.0
5648.3			1.0
5649.200000000001			1.0
5650.1			1.0
5651.0			1.0
5651.9			1.0205441154163848
5652.8			1.029770173936422
5653.700000000001			0.9999010335038346
5654.6			0.975001081279905
5655.5			0.9812693789463875
5656.4			0.9751555549058655
5657.3			0.923814085219505
5658.200000000001			0.8821312126243651
5659.1			0.8975541719727058
5660.0			0.9346633758893031
5660.9			0.9482934299972976
5661.8			0.942169543530048
5662.700000000001			0.9492287655787158
5663.6			0.9747509588036816
5664.5			1.0000670020196873
5665.4			1.0
5666.3			1.0
5667.200000000001			1.0
5668.1			1.0
5669.0			1.0
5669.9			1.0
5670.8			1.0
5671.700000000001			1.0
5672.6			1.0
5673.5			1.0
5674.4			1.0
5675.3			1.0
5676.200000000001			1.0
5677.1			1.0
5678.0			1.0
5678.9			1.0
5679.8			1.0
5680.700000000001			1.0
5681.6			1.0
5682.5			1.0
5683.4			1.0
5684.3			1.0
5685.200000000001			1.0
5686.1			1.0
5687.0			1.0
5687.9			1.0
5688.8			1.0
5689.700000000001			1.0
5690.6			1.0
5691.5			1.0
5692.4			1.0
5693.3			1.0
5694.200000000001			1.0
5695.1			1.0
5696.0			1.0
5696.9			1.0
5697.8			1.0
5698.700000000001			1.0
5699.6			1.0
5700.5			0.9903065269491124
5701.4			0.981020283860148
5702.3			0.9873943536167108
5703.200000000001			0.9966276615135887
5704.1			0.9953907148684987
5705.0			0.9776333475150273
5705.9			0.9530294214262004
5706.8			0.9318153273080867
5707.700000000001			0.9174873205907983
5708.6			0.906420730787226
5709.5			0.908951569359644
5710.4			0.9093746334828374
5711.3			0.907480101732551
5712.200000000001			0.9361368969394569
5713.1			0.9756130684952946
5714.0			0.9846965191226489
5714.9			0.989989162777158
5715.8			1.00389007203651
5716.700000000001			0.9995807563277321
5717.6			1.0
5718.5			1.0
5719.4			1.0
5720.3			1.0
5721.200000000001			1.0
5722.1			1.0
5723.0			1.0
5723.9			1.0
5724.8			1.0
5725.700000000001			1.0
5726.6			1.0
5727.5			1.0
5728.4			1.0
5729.3			1.0
5730.200000000001			1.0
5731.1			1.0
5732.0			1.0
5732.9			1.0
5733.8			1.0
5734.700000000001			1.0
5735.6			1.0
5736.5			1.0
5737.4			1.0
5738.3			1.0
5739.200000000001			1.0
5740.1			1.0
5741.0			1.0
5741.9			1.0
5742.8			1.0
5743.700000000001			1.0
5744.6			1.0
5745.5			1.0
5746.4			1.0
5747.3			1.0
5748.200000000001			1.0
5749.1			1.0
5750.0			1.0202824168806635
5750.9			1.0035254044822777
5751.8			0.963938014119511
5752.700000000001			0.9300027680521583
5753.6			0.9124555079142374
5754.5			0.9263962672030628
5755.4			0.960937244460387
5756.3			0.9857656079753505
5757.200000000001			1.0000891507860847
5758.1			1.0
5759.0			1.0
5759.9			1.0
5760.8			1.0
5761.700000000001			1.0
5762.6			1.0
5763.5			1.0
5764.4			1.0
5765.3			1.0
5766.200000000001			1.0
5767.1			1.0
5768.0			1.0
5768.9			1.0
5769.8			1.0
5770.700000000001			1.0
5771.6			1.0
5772.5			1.0
5773.4			1.0
5774.3			1.0
5775.200000000001			1.0
5776.1			1.0
5777.0			1.0
5777.9			0.9915338491865303
5778.8			0.9710623932633008
5779.700000000001			0.9393530008364657
5780.6			0.9047220674534953
5781.5			0.895066574940799
5782.4			0.9066308600957607
5783.3			0.9145538057476252
5784.200000000001			0.9019498713219242
5785.1			0.881554618297549
5786.0			0.9012557836813968
5786.9			0.9491219909341879
5787.8			0.9873509474873016
5788.700000000001			1.0058754254275275
5789.6			0.9968568150087986
5790.5			0.978011316312191
5791.4			0.9846480097514276
5792.3			0.9992997512299389
5793.200000000001			1.0
5794.1			1.0
5795.0			1.0
5795.9			1.0
5796.8			1.0
5797.700000000001			1.0
5798.6			1.0
5799.5			1.0
5800.4			1.0
5801.3			1.0
5802.200000000001			1.0
5803.1			1.0
5804.0			1.0
5804.9			1.0
5805.8			1.0
5806.700000000001			1.0
5807.6			1.0
5808.5			1.0
5809.4			1.0
5810.3			1.0
5811.200000000001			1.0
5812.1			1.0
5813.0			1.0
5813.9			1.0
5814.8			1.0
5815.700000000001			1.0
5816.6			1.0
5817.5			1.0
5818.4			1.0
5819.3			1.0
5820.200000000001			1.0
5821.1			1.0
5822.0			1.0
5822.9			1.0
5823.8			1.0
5824.700000000001			1.0
5825.6			1.0
5826.5			1.0
5827.4			1.0
5828.3			1.0
5829.200000000001			1.0
5830.1			1.0
5831.0			1.0
5831.9			1.0
5832.8			1.0
5833.700000000001			1.0
5834.6			1.0
5835.5			1.0
5836.4			1.0
5837.3			1.0
5838.200000000001			1.0
5839.1			1.0
5840.0			1.0
5840.9			1.0
5841.8			1.0
5842.700000000001			1.0
5843.6			1.0
5844.5			1.0
5845.4			1.0
5846.3			1.0
5847.200000000001			1.0
5848.1			1.0
5849.0			1.0
5849.9			1.0
5850.8			1.0
5851.700000000001			1.0
5852.6			1.0
5853.5			1.0
5854.4			1.0158597583423137
5855.3			1.015137346930405
5856.200000000001			0.9839389796146966
5857.1			0.9483420337621086
5858.0			0.9413457999127891
5858.9			0.965351730840305
5859.8			1.0002433660282832
5860.700000000001			1.0165727969417289
5861.6			0.9999939012246486
5862.5			1.0
5863.4			1.0
5864.3			1.0
5865.200000000001			1.0
5866.1			1.0
5867.0			1.0
5867.9			1.0
5868.8			1.0
5869.700000000001			1.0
5870.6			1.0
5871.5			1.0
5872.4			1.0
5873.3			1.0
5874.200000000001			1.0
5875.1			1.0
5876.0			1.0
5876.9			1.0
5877.8			1.0
5878.700000000001			1.0
5879.6			1.0
5880.5			1.0
5881.4			1.0
5882.3			1.0
5883.200000000001			1.0
5884.1			1.0
5885.0			1.0
5885.9			1.0
5886.8			1.0
5887.700000000001			0.9754551735460371
5888.6			0.8795049744360095
5889.5			0.7764497996820297
5890.4			0.7727126157323112
5891.3			0.8610231302186414
5892.200000000001			0.9485884215265561
5893.1			0.9924553318933232
5894.0			1.0
5894.9			1.0
5895.8			1.0
5896.700000000001			1.0
5897.6			1.0
5898.5			1.0
5899.4			1.0
5900.3			1.0
5901.200000000001			1.0
5902.1			1.0
5903.0			1.0
5903.9			1.0
5904.8			1.0
5905.700000000001			1.0
5906.6			1.0
5907.5			1.0
5908.4			1.0
5909.3			1.0
5910.200000000001			1.0
5911.1			1.0
5912.0			1.0
5912.9			1.0
5913.8			1.0
5914.700000000001			1.0
5915.6			1.0
5916.5			1.0
5917.4			1.0
5918.3			1.0
5919.200000000001			1.0
5920.1			1.0
5921.0			1.0
5921.9			1.0
5922.8			1.0
5923.700000000001			1.0
5924.6			1.0
5925.5			1.0
5926.4			1.0
5927.3			1.0
5928.200000000001			1.0
5929.1			1.0
5930.0			1.0
5930.9			1.0
5931.8			1.0
5932.700000000001			1.0
5933.6			1.0
5934.5			1.0
5935.4			1.0
5936.3			1.0
5937.200000000001			1.0
5938.1			1.0
5939.0			1.0
5939.9			1.0
5940.8			1.0
5941.700000000001			1.0
5942.6			1.0
5943.5			1.0
5944.4			1.0
5945.3			1.0
5946.200000000001			1.0
5947.1			1.0
5948.0			1.0
5948.9			1.0
5949.8			1.0
5950.700000000001			1.0
5951.6			1.0
5952.5			1.0
5953.4			1.0
5954.3			1.0
5955.200000000001			1.0
5956.1			1.0
5957.0			1.0
5957.9			1.0
5958.8			1.0
5959.700000000001			1.0
5960.6			1.0
5961.5			1.0
5962.4			1.0
5963.3			1.0
5964.200000000001			1.0
5965.1			1.0
5966.0			1.0
5966.9			1.0
5967.8			1.0
5968.700000000001			1.0
5969.6			1.0
5970.5			1.0
5971.4			1.0
5972.3			1.0
5973.200000000001			1.0
5974.1			1.0
5975.0			1.0
5975.9			1.0
5976.8			1.0
5977.700000000001			1.0
5978.6			1.0
5979.5			1.0
5980.4			1.0
5981.3			1.0
5982.200000000001			1.0
5983.1			1.0
5984.0			1.0
5984.9			1.0
5985.8			1.0
5986.700000000001			1.0
5987.6			1.0
5988.5			1.0
5989.4			1.0
5990.3			1.0
5991.200000000001			1.0
5992.1			1.0
5993.0			1.0
5993.9			1.0
5994.8			1.0
5995.700000000001			1.0
5996.6			1.0
5997.5			1.0
5998.4			1.0
5999.3			1.0
6000.200000000001			1.0
6001.1			1.0
6002.0			1.0
6002.9			1.0
6003.8			1.0
6004.700000000001			1.0
6005.6			1.0
6006.5			1.0
6007.4			1.0
6008.3			1.0
6009.200000000001			1.0
6010.1			1.0
6011.0			1.0
6011.9			1.0
6012.8			1.0
6013.700000000001			1.0
6014.6			1.0
6015.5			1.0
6016.4			1.0
6017.3			1.0
6018.200000000001			1.0
6019.1			1.0
6020.0			1.0
6020.9			1.0
6021.8			1.0
6022.700000000001			1.0
6023.6			1.0
6024.5			1.0
6025.4			1.0
6026.3			1.0
6027.200000000001			1.0
6028.1			1.0
6029.0			1.0
6029.9			1.0
6030.8			1.0
6031.700000000001			1.0
6032.6			1.0
6033.5			1.0
6034.4			1.0
6035.3			1.0
6036.200000000001			1.0
6037.1			1.0
6038.0			1.0
6038.9			1.0
6039.8			1.0
6040.700000000001			1.0
6041.6			1.0
6042.5			1.0
6043.4			1.0
6044.3			1.0
6045.200000000001			1.0
6046.1			1.0
6047.0			1.0
6047.9			1.0
6048.8			1.0
6049.700000000001			1.0
6050.6			1.0
6051.5			1.0
6052.4			1.0
6053.3			1.0
6054.200000000001			1.0
6055.1			1.0
6056.0			1.0
6056.9			1.0
6057.8			1.0
6058.700000000001			1.0
6059.6			1.0
6060.5			1.0
6061.4			1.0
6062.3			1.0
6063.200000000001			1.0
6064.1			1.0
6065.0			1.0
6065.9			1.0
6066.8			1.0
6067.700000000001			1.0
6068.6			1.0
6069.5			1.0
6070.4			1.0
6071.3			1.0
6072.200000000001			1.0
6073.1			1.0
6074.0			1.0
6074.9			1.0
6075.8			1.0
6076.700000000001			1.0
6077.6			1.0
6078.5			1.0
6079.4			1.0
6080.3			1.0
6081.200000000001			1.0
6082.1			1.0
6083.0			1.0
6083.9			1.0
6084.8			1.0
6085.700000000001			1.0
6086.6			1.0
6087.5			1.0
6088.4			1.0
6089.3			1.0
6090.200000000001			1.0
6091.1			1.0
6092.0			1.0
6092.9			1.0
6093.8			1.0
6094.700000000001			1.0
6095.6			1.0
6096.5			1.0
6097.4			1.0
6098.3			1.0
6099.200000000001			1.0
6100.1			0.9944787961935422
6101.0			0.9621432269396551
6101.9			0.9082382277080021
6102.8			0.8805412772364317
6103.700000000001			0.9134905895178133
6104.6			0.969241039051655
6105.5			1.001718708790103
6106.4			1.0
6107.3			1.0
6108.200000000001			1.0
6109.1			1.0
6110.0			1.0
6110.9			1.0
6111.8			1.0
6112.700000000001			1.0
6113.6			1.0
6114.5			1.0
6115.4			1.0
6116.3			1.0
6117.200000000001			1.0
6118.1			1.0
6119.0			1.0
6119.9			1.0
6120.8			1.0
6121.700000000001			1.0
6122.6			1.0
6123.5			1.0
6124.4			1.0
6125.3			1.0
6126.200000000001			1.0
6127.1			1.0
6128.0			1.0
6128.9			1.0
6129.8			1.0
6130.700000000001			1.0
6131.6			1.0
6132.5			1.0
6133.4			1.0
6134.3			0.9898311385114974
6135.200000000001			0.9606070228480641
6136.1			0.9060221941328107
6137.0			0.8620866179355567
6137.9			0.8863403545287591
6138.8			0.9572181662002699
6139.700000000001			0.9996905815058588
6140.6			1.0
6141.5			1.0
6142.4			1.0
6143.3			1.0
6144.200000000001			1.0
6145.1			1.0
6146.0			1.0
6146.9			1.0
6147.8			1.0
6148.700000000001			1.0
6149.6			1.0
6150.5			1.0
6151.4			1.0
6152.3			1.0
6153.200000000001			1.0
6154.1			1.0
6155.0			1.0
6155.9			1.0
6156.8			1.0
6157.700000000001			1.0
6158.6			1.0102894721300542
6159.5			1.0048293384533094
6160.4			0.9687060187604505
6161.3			0.9192930325158254
6162.200000000001			0.8936022858112841
6163.1			0.9108007848649868
6164.0			0.951617379786753
6164.9			0.9844076087390783
6165.8			0.9992093186812244
6166.700000000001			1.0
6167.6			1.0
6168.5			1.0
6169.4			1.0
6170.3			1.0
6171.200000000001			1.0
6172.1			1.0
6173.0			1.0
6173.9			1.0
6174.8			1.0
6175.700000000001			1.0
6176.6			1.0
6177.5			1.0
6178.4			1.0
6179.3			1.0
6180.200000000001			1.0
6181.1			1.0
6182.0			1.0
6182.9			1.0
6183.8			1.0
6184.700000000001			1.0
6185.6			1.0
6186.5			1.0
6187.4			1.0
6188.3			1.0
6189.200000000001			0.9976962138859329
6190.1			0.9684530957956135
6191.0			0.9263858623581742
6191.9			0.918124765502761
6192.8			0.9493144203929321
6193.700000000001			0.9824769907696536
6194.6			1.0003356790145608
6195.5			1.0
6196.4			1.0
6197.3			1.0
6198.200000000001			1.0
6199.1			1.0
6200.0			1.0
6200.9			1.0
6201.8			1.0
6202.700000000001			1.0
6203.6			1.0
6204.5			1.0
6205.4			1.0
6206.3			1.0
6207.200000000001			1.0
6208.1			1.0
6209.0			1.0
6209.9			1.0
6210.8			1.0
6211.700000000001			1.0
6212.6			1.0
6213.5			1.0
6214.4			1.0
6215.3			1.0
6216.200000000001			1.0
6217.1			1.0
6218.0			1.0
6218.9			1.0
6219.8			1.0
6220.700000000001			1.0
6221.6			1.0
6222.5			1.0
6223.4			1.0
6224.3			1.0
6225.200000000001			1.0
6226.1			1.0
6227.0			1.0
6227.9			1.0
6228.8			1.0
6229.700000000001			1.0
6230.6			1.0
6231.5			1.0
6232.4			1.0
6233.3			1.0
6234.200000000001			1.0
6235.1			1.0
6236.0			1.0
6236.9			1.0
6237.8			1.0
6238.700000000001			1.0
6239.6			1.0
6240.5			1.0
6241.4			1.0
6242.3			1.0
6243.200000000001			1.0
6244.1			1.0
6245.0			1.0026805203046367
6245.9			1.0027195602196963
6246.8			1.0059072170469736
6247.700000000001			1.019367376969899
6248.6			1.0350493965137604
6249.5			1.0408423791415569
6250.4			1.033648575653414
6251.3			1.0117220288890836
6252.200000000001			0.9817525974837306
6253.1			0.9532817925405507
6254.0			0.9380109014442296
6254.9			0.9417269443170058
6255.8			0.9498711044968927
6256.700000000001			0.9470161968699359
6257.6			0.9363310335110455
6258.5			0.9295955454194791
6259.4			0.9395702746263673
6260.3			0.9564882850316327
6261.200000000001			0.9714904788365808
6262.1			0.9908680656215618
6263.0			0.9984485811218444
6263.9			1.0
6264.8			1.0
6265.700000000001			1.0
6266.6			1.0
6267.5			1.0
6268.4			1.0
6269.3			1.0
6270.200000000001			1.0
6271.1			1.0
6272.0			1.0
6272.9			1.0
6273.8			1.0
6274.700000000001			1.0
6275.6			1.0
6276.5			1.0
6277.4			1.0
6278.3			1.0
6279.200000000001			1.0
6280.1			1.0
6281.0			1.0
6281.9			1.0
6282.8			1.0
6283.700000000001			1.0
6284.6			1.0
6285.5			1.0
6286.4			1.0
6287.3			1.0
6288.200000000001			1.0
6289.1			1.0
6290.0			1.0
6290.9			1.0
6291.8			1.0
6292.700000000001			1.0
6293.6			1.0
6294.5			1.0
6295.4			1.0
6296.3			1.0
6297.200000000001			1.0
6298.1			1.0
6299.0			1.0
6299.9			1.0
6300.8			1.0
6301.700000000001			1.0
6302.6			1.0
6303.5			1.0
6304.4			1.0
6305.3			1.0
6306.200000000001			1.0
6307.1			1.0
6308.0			1.0
6308.9			1.0
6309.8			1.0
6310.700000000001			1.0
6311.6			1.0
6312.5			1.0
6313.4			1.0
6314.3			1.0
6315.200000000001			1.0
6316.1			1.0
6317.0			1.0
6317.9			1.0
6318.8			1.0
6319.700000000001			1.0
6320.6			1.0
6321.5			1.0
6322.4			1.0
6323.3			1.0
6324.200000000001			1.0
6325.1			1.0
6326.0			1.0
6326.9			1.0
6327.8			1.0
6328.700000000001			1.0
6329.6			1.0
6330.5			1.0
6331.4			1.0
6332.3			1.0
6333.200000000001			1.0
6334.1			1.0
6335.0			1.0
6335.9			1.0
6336.8			1.0
6337.700000000001			1.0
6338.6			1.0
6339.5			1.0
6340.4			1.0
6341.3			1.0
6342.200000000001			1.0
6343.1			1.0
6344.0			1.0
6344.9			1.0
6345.8			1.0
6346.700000000001			1.0
6347.6			1.0
6348.5			1.0
6349.4			1.0
6350.3			1.0
6351.200000000001			1.0
6352.1			1.0
6353.0			1.0
6353.9			1.0
6354.8			1.0
6355.700000000001			1.0
6356.6			1.0
6357.5			1.0
6358.4			1.0
6359.3			1.0
6360.200000000001			1.0
6361.1			1.0
6362.0			1.0
6362.9			1.0
6363.8			1.0
6364.700000000001			1.0
6365.6			1.0
6366.5			1.0
6367.4			1.0
6368.3			1.0
6369.200000000001			1.0
6370.1			1.0
6371.0			1.0
6371.9			1.0
6372.8			1.0
6373.700000000001			1.0
6374.6			1.0
6375.5			1.0
6376.4			1.0
6377.3			1.0
6378.200000000001			1.0
6379.1			1.0
6380.0			1.0
6380.9			1.0
6381.8			1.0
6382.700000000001			1.0
6383.6			1.0
6384.5			1.0
6385.4			1.0
6386.3			1.0
6387.200000000001			1.0
6388.1			1.0
6389.0			1.0
6389.9			1.0
6390.8			1.0
6391.700000000001			1.0
6392.6			1.0
6393.5			1.0
6394.4			1.0
6395.3			1.0
6396.200000000001			1.0
6397.1			1.0001265910107964
6398.0			0.9857043116091773
6398.9			0.9542161439012602
6399.8			0.9225766369468643
6400.700000000001			0.9305996727121629
6401.6			0.969055828922024
6402.5			0.9984513609809339
6403.4			1.0
6404.3			1.0
6405.200000000001			1.0
6406.1			1.0
6407.0			1.0
6407.9			1.0
6408.8			1.0
6409.700000000001			1.0
6410.6			1.0
6411.5			1.0
6412.4			1.0
6413.3			1.0
6414.200000000001			1.0
6415.1			1.0
6416.0			1.0
6416.9			1.0
6417.8			1.0
6418.700000000001			1.0
6419.6			1.0
6420.5			1.0
6421.4			1.0
6422.3			1.0
6423.200000000001			1.0
6424.1			1.0
6425.0			1.0
6425.9			1.0
6426.8			1.0
6427.700000000001			1.0
6428.6			1.0
6429.5			1.0
6430.4			1.0
6431.3			1.0
6432.200000000001			1.0
6433.1			1.0
6434.0			1.0
6434.9			1.0
6435.8			1.0
6436.700000000001			1.0
6437.6			1.0
6438.5			1.0
6439.4			1.0
6440.3			1.0
6441.200000000001			1.0
6442.1			1.0
6443.0			1.0
6443.9			1.0
6444.8			1.0
6445.700000000001			1.0
6446.6			1.0
6447.5			0.9937996303986609
6448.4			0.9544322405412422
6449.3			0.9017058773617621
6450.200000000001			0.8897892984939633
6451.1			0.9306648647017227
6452.0			0.9778641378715134
6452.9			1.0027952709064425
6453.8			1.0
6454.700000000001			1.0
6455.6			1.0
6456.5			1.0
6457.4			1.0
6458.3			1.0
6459.200000000001			1.0
6460.1			1.0
6461.0			1.0
6461.9			1.0
6462.8			1.0
6463.700000000001			1.0
6464.6			1.0
6465.5			1.0
6466.4			1.0
6467.3			1.0
6468.200000000001			1.0
6469.1			1.0
6470.0			1.0
6470.9			1.0
6471.8			1.0
6472.700000000001			1.0
6473.6			1.0
6474.5			1.0
6475.4			1.0
6476.3			1.0
6477.200000000001			1.0
6478.1			1.0
6479.0			1.0
6479.9			1.0
6480.8			1.0
6481.700000000001			1.0
6482.6			1.0
6483.5			1.0
6484.4			1.0
6485.3			1.0
6486.200000000001			1.0
6487.1			1.0
6488.0			1.0
6488.9			0.9962349304825566
6489.8			0.9917800534086675
6490.700000000001			0.9845767517165622
6491.6			0.9730068310619331
6492.5			0.9493587634823629
6493.4			0.9028739431924125
6494.3			0.8532573006258563
6495.200000000001			0.8412799926090523
6496.1			0.8675936583789997
6497.0			0.9047214370860152
6497.9			0.9324487663183396
6498.8			0.9457392992342583
6499.700000000001			0.9574082290427918
6500.6			0.9782776207634885
6501.5			1.000848126314979
6502.4			1.0
6503.3			1.0
6504.200000000001			1.0
6505.1			1.0
6506.0			1.0
6506.9			1.0
6507.8			1.0
6508.700000000001			1.0
6509.6			1.0
6510.5			1.0
6511.4			1.0
6512.3			1.0
6513.200000000001			1.0
6514.1			1.0
6515.0			1.0
6515.9			1.0
6516.8			1.0
6517.700000000001			1.0
6518.6			1.0
6519.5			1.0
6520.4			1.0
6521.3			1.0
6522.200000000001			1.0
6523.1			1.0
6524.0			1.0
6524.9			1.0
6525.8			1.0
6526.700000000001			1.0
6527.6			1.0
6528.5			1.0
6529.4			1.0
6530.3			1.0
6531.200000000001			1.0
6532.1			1.0
6533.0			1.0
6533.9			1.0
6534.8			1.0
6535.700000000001			1.0
6536.6			1.0
6537.5			1.0
6538.4			1.0
6539.3			1.0
6540.200000000001			1.0
6541.1			1.0
6542.0			1.0
6542.9			1.0
6543.8			1.0
6544.700000000001			1.0
6545.6			1.0
6546.5			1.0
6547.4			1.0
6548.3			1.0
6549.200000000001			1.0
6550.1			1.0
6551.0			1.0
6551.9			1.0
6552.8			1.0
6553.700000000001			1.0
6554.6			1.0
6555.5			1.0
6556.4			1.0
6557.3			1.0
6558.200000000001			1.0
6559.1			1.0
6560.0			0.9707206351818877
6560.9			0.8918141395498826
6561.8			0.7521578128614926
6562.700000000001			0.6475302924383451
6563.6			0.6985812312119276
6564.5			0.8619643275336903
6565.4			0.9960713659258081
6566.3			1.0
6567.200000000001			1.0
6568.1			1.0
6569.0			1.0
6569.9			1.0
6570.8			1.0
6571.700000000001			1.0
6572.6			1.0
6573.5			1.0
6574.4			1.0
6575.3			1.0
6576.200000000001			1.0
6577.1			1.0
6578.0			1.0
6578.9			1.0
6579.8			1.0
6580.700000000001			1.0
6581.6			1.0
6582.5			1.0
6583.4			1.0
6584.3			1.0
6585.200000000001			1.0
6586.1			1.0
6587.0			1.0
6587.9			1.0
6588.8			1.0
6589.700000000001			1.0
6590.6			1.0
6591.5			1.0
6592.4			1.0
6593.3			1.0
6594.200000000001			1.0
6595.1			1.0
6596.0			1.0
6596.9			1.0
6597.8			1.0
6598.700000000001			1.0
6599.6			1.0
6600.5			1.0
6601.4			1.0
6602.3			1.0
6603.200000000001			1.0
6604.1			1.0
6605.0			1.0
6605.9			1.0
6606.8			1.0
6607.700000000001			1.0
6608.6			1.0
6609.5			1.0
6610.4			1.0
6611.3			1.0
6612.200000000001			1.0
6613.1			1.0
6614.0			1.0
6614.9			1.0
6615.8			1.0
6616.700000000001			1.0
6617.6			1.0
6618.5			1.0
6619.4			1.0
6620.3			1.0
6621.200000000001			1.0
6622.1			1.0
6623.0			1.0
6623.9			1.0
6624.8			1.0
6625.700000000001			1.0
6626.6			1.0
6627.5			1.0
6628.4			1.0
6629.3			1.0
6630.200000000001			1.0
6631.1			1.0
6632.0			1.0
6632.9			1.0
6633.8			1.0
6634.700000000001			1.0
6635.6			1.0
6636.5			1.0
6637.4			1.0
6638.3			1.0
6639.200000000001			1.0
6640.1			1.0
6641.0			1.0
6641.9			1.0
6642.8			1.0
6643.700000000001			1.0
6644.6			1.0
6645.5			1.0
6646.4			1.0
6647.3			1.0
6648.200000000001			1.0
6649.1			1.0
6650.0			1.0
6650.9			1.0
6651.8			1.0
6652.700000000001			1.0
6653.6			1.0
6654.5			1.0
6655.4			1.0
6656.3			1.0
6657.200000000001			1.0
6658.1			1.0
6659.0			1.0
6659.9			1.0
6660.8			1.0
6661.700000000001			1.0
6662.6			1.0
6663.5			1.0
6664.4			1.0
6665.3			1.0
6666.200000000001			1.0
6667.1			1.0
6668.0			1.0
6668.9			1.0
6669.8			1.0
6670.700000000001			1.0
6671.6			1.0
6672.5			1.0
6673.4			1.0
6674.3			1.0
6675.200000000001			1.0
6676.1			1.0
6677.0			1.0
6677.9			1.0
6678.8			1.0
6679.700000000001			1.0
6680.6			1.0185161294196607
6681.5			1.0207920129037458
6682.4			1.0258273132507139
6683.3			1.0323397743518188
6684.200000000001			1.0298081792537654
6685.1			1.0244368732670583
6686.0			1.0183571532578846
6686.9			1.0081772217196867
6687.8			1.0006797294082794
6688.700000000001			1.0
6689.6			1.0
6690.5			1.0
6691.4			1.0
6692.3			1.0
6693.200000000001			1.0
6694.1			1.0
6695.0			1.0
6695.9			1.0
6696.8			1.0
6697.700000000001			1.0
6698.6			1.0
6699.5			1.0
6700.4			1.0
6701.3			1.0
6702.200000000001			1.0
6703.1			1.0
6704.0			1.0
6704.9			1.0
6705.8			1.0
6706.700000000001			1.0
6707.6			1.0
6708.5			1.0
6709.4			1.0
6710.3			1.0
6711.200000000001			1.0
6712.1			1.0
6713.0			1.0
6713.9			1.0
6714.8			1.0
6715.700000000001			1.0
6716.6			1.0
6717.5			1.0
6718.4			1.0
6719.3			1.0
6720.200000000001			1.0
6721.1			1.0
6722.0			1.0
6722.9			1.0
6723.8			1.0
6724.700000000001			1.0
6725.6			1.0
6726.5			1.0
6727.4			1.0
6728.3			1.0
6729.200000000001			1.0
6730.1			1.0
6731.0			1.0
6731.9			1.0
6732.8			1.0
6733.700000000001			1.0
6734.6			1.0
6735.5			1.0
6736.4			1.0
6737.3			1.0
6738.200000000001			1.0
6739.1			1.0
6740.0			1.0
6740.9			1.0
6741.8			1.0
6742.700000000001			1.0
6743.6			1.0
6744.5			1.0
6745.4			1.0
6746.3			1.0
6747.200000000001			1.0
6748.1			1.0
6749.0			1.0
6749.9			1.0
6750.8			1.0
6751.700000000001			1.0
6752.6			1.0
6753.5			1.0
6754.4			1.0
6755.3			1.0
6756.200000000001			1.0
6757.1			1.0
6758.0			1.0
6758.9			1.0
6759.8			1.0
6760.700000000001			1.0
6761.6			1.0
6762.5			1.0
6763.4			1.0
6764.3			1.0
6765.200000000001			1.0
6766.1			1.0
6767.0			1.0
6767.9			1.0
6768.8			1.0
6769.700000000001			1.0
6770.6			1.0
6771.5			1.0
6772.4			1.0
6773.3			1.0
6774.200000000001			1.0
6775.1			1.0
6776.0			1.0
6776.9			1.0
6777.8			1.0
6778.700000000001			1.0
6779.6			1.0
6780.5			1.0
6781.4			1.0
6782.3			1.0
6783.200000000001			1.0
6784.1			1.0
6785.0			1.0
6785.9			1.0
6786.8			1.0
6787.700000000001			1.0
6788.6			1.0
6789.5			1.0
6790.4			1.0
6791.3			1.0
6792.200000000001			1.0
6793.1			1.0
6794.0			1.0
6794.9			1.0
6795.8			1.0
6796.700000000001			1.0
6797.6			1.0
6798.5			1.0
6799.4			1.0
6800.3			1.0
6801.200000000001			1.0
6802.1			1.0
6803.0			1.0
6803.9			1.0
6804.8			1.0
6805.700000000001			1.0
6806.6			1.0
6807.5			1.0
6808.4			1.0
6809.3			1.0
6810.200000000001			1.0
6811.1			1.0
6812.0			1.0
6812.9			1.0
6813.8			1.0
6814.700000000001			1.0
6815.6			1.0
6816.5			1.0
6817.4			1.0
6818.3			1.0
6819.200000000001			1.0
6820.1			1.0
6821.0			1.0
6821.9			1.0
6822.8			1.0
6823.700000000001			1.0
6824.6			1.0
6825.5			1.0
6826.4			1.0
6827.3			1.0
6828.200000000001			1.0
6829.1			1.0
6830.0			1.0
6830.9			1.0
6831.8			1.0
6832.700000000001			1.0
6833.6			1.0
6834.5			1.0
6835.4			1.0
6836.3			1.0
6837.200000000001			1.0
6838.1			1.0
6839.0			1.0
6839.9			1.0
6840.8			1.0
6841.700000000001			1.0
6842.6			1.0
6843.5			1.0
6844.4			1.0
6845.3			1.0
6846.200000000001			1.0
6847.1			1.0
6848.0			1.0
6848.9			1.0
6849.8			1.0
6850.700000000001			1.0
6851.6			1.0
6852.5			1.0
6853.4			1.0
6854.3			1.0
6855.200000000001			1.0
6856.1			1.0
6857.0			1.0
6857.9			1.0
6858.8			1.0
6859.700000000001			1.0
6860.6			1.0
6861.5			1.0
6862.4			1.0
6863.3			1.0
6864.200000000001			1.0
6865.1			1.0
6866.0			1.0
6866.9			1.0
6867.8			1.0
6868.700000000001			1.0
6869.6			1.0
6870.5			1.0
6871.4			1.0
6872.3			1.0
6873.200000000001			1.0
6874.1			1.0
6875.0			1.0
6875.9			1.0
6876.8			1.0
6877.700000000001			1.0
6878.6			1.0
6879.5			1.0
6880.4			1.0
6881.3			1.0
6882.200000000001			1.0
6883.1			1.0
6884.0			1.0
6884.9			1.0
6885.8			1.0
6886.700000000001			1.0
6887.6			1.0
6888.5			1.0
6889.4			1.0
6890.3			1.0
6891.200000000001			1.0
6892.1			1.0
6893.0			1.0
6893.9			1.0
6894.8			1.0
6895.700000000001			1.0
6896.6			1.0
6897.5			1.0
6898.4			1.0
6899.3			1.0
6900.200000000001			1.0
6901.1			1.0
6902.0			1.0
6902.9			1.0
6903.8			1.0
6904.700000000001			1.0
6905.6			1.0
6906.5			1.0
6907.4			1.0
6908.3			1.0
6909.200000000001			1.0
6910.1			1.0
6911.0			1.0
6911.9			1.0
6912.8			1.0
6913.700000000001			1.0
6914.6			1.0
6915.5			1.0
6916.4			1.0
6917.3			1.0
6918.200000000001			1.0
6919.1			1.0
6920.0			1.0
6920.9			1.0
6921.8			1.0
6922.700000000001			1.0
6923.6			1.0
6924.5			1.0
6925.4			1.0
6926.3			1.0
6927.200000000001			1.0
6928.1			1.0
6929.0			1.0
6929.9			1.0
6930.8			1.0
6931.700000000001			1.0
6932.6			1.0
6933.5			1.0
6934.4			1.0
6935.3			1.0
6936.200000000001			1.0
6937.1			1.0
6938.0			1.0
6938.9			1.0
6939.8			1.0
6940.700000000001			1.0
6941.6			1.0
6942.5			1.0
6943.4			1.0
6944.3			1.0
6945.200000000001			1.0
6946.1			1.0
6947.0			1.0
6947.9			1.0
6948.8			1.0
6949.700000000001			1.0
6950.6			1.0
6951.5			1.0
6952.4			1.0
6953.3			1.0
6954.200000000001			1.0
6955.1			1.0
6956.0			1.0
6956.9			1.0
6957.8			1.0
6958.700000000001			1.0
6959.6			1.0
6960.5			1.0
6961.4			1.0
6962.3			1.0
6963.200000000001			1.0
6964.1			1.0
6965.0			1.0
6965.9			1.0
6966.8			1.0
6967.700000000001			1.0
6968.6			1.0
6969.5			1.0
6970.4			1.0
6971.3			1.0
6972.200000000001			1.0
6973.1			1.0
6974.0			1.0
6974.9			1.0
6975.8			1.0
6976.700000000001			1.0
6977.6			1.0
6978.5			1.0
6979.4			1.0
6980.3			1.0
6981.200000000001			1.0
6982.1			1.0
6983.0			1.0
6983.9			1.0
6984.8			1.0
6985.700000000001			1.0
6986.6			1.0
6987.5			1.0
6988.4			1.0
6989.3			1.0
6990.200000000001			1.0
6991.1			1.0
6992.0			1.0
6992.9			1.0
6993.8			1.0
6994.700000000001			1.0
6995.6			1.0
6996.5			1.0
6997.4			1.0
6998.3			1.0
6999.200000000001			1.0
7000.1			1.0
7001.0			1.0
7001.9			1.0
7002.8			1.0
7003.700000000001			1.0
7004.6			1.0
7005.5			1.0
7006.4			1.0
7007.3			1.0
7008.200000000001			1.0
7009.1			1.0
7010.0			1.0
7010.9			1.0
7011.8			1.0
7012.700000000001			1.0
7013.6			1.0
7014.5			1.0
7015.4			1.0
7016.3			1.0
7017.200000000001			1.0
7018.1			1.0
7019.0			1.0
7019.9			1.0
7020.8			1.0
7021.700000000001			1.0
7022.6			1.0
7023.5			1.0
7024.4			1.0
7025.3			1.0
7026.200000000001			1.0
7027.1			1.0
7028.0			1.0
7028.9			1.0
7029.8			1.0
7030.700000000001			1.0
7031.6			1.0
7032.5			1.0
7033.4			1.0
7034.3			1.0
7035.200000000001			1.0
7036.1			1.0
7037.0			1.0
7037.9			1.0
7038.8			1.0
7039.700000000001			1.0
7040.6			1.0
7041.5			1.0
7042.4			1.0
7043.3			1.0
7044.200000000001			1.0
7045.1			1.0
7046.0			1.0
7046.9			1.0
7047.8			1.0
7048.700000000001			1.0
7049.6			1.0
7050.5			1.0
7051.4			1.0
7052.3			1.0
7053.200000000001			1.0
7054.1			1.0
7055.0			1.0
7055.9			1.0
7056.8			1.0
7057.700000000001			1.0
7058.6			1.0
7059.5			1.0
7060.4			1.0
7061.3			1.0
7062.200000000001			1.0
7063.1			1.0
7064.0			1.0
7064.9			1.0
7065.8			1.0
7066.700000000001			1.0
7067.6			1.0
7068.5			1.0
7069.4			1.0
7070.3			1.0
7071.200000000001			1.0
7072.1			1.0
7073.0			1.0
7073.9			1.0
7074.8			1.0
7075.700000000001			1.0
7076.6			1.0
7077.5			1.0
7078.4			1.0
7079.3			1.0
7080.200000000001			1.0
7081.1			1.0
7082.0			1.0
7082.9			1.0
7083.8			1.0
7084.700000000001			1.0
7085.6			1.0
7086.5			1.0
7087.4			1.0
7088.3			1.0
7089.200000000001			1.0
7090.1			1.0
7091.0			1.0
7091.9			1.0
7092.8			1.0
7093.700000000001			1.0
7094.6			1.0
7095.5			1.0
7096.4			1.0
7097.3			1.0
7098.200000000001			1.0
7099.1			1.0
7100.0			1.0
7100.9			1.0
7101.8			1.0
7102.700000000001			1.0
7103.6			1.0
7104.5			1.0
7105.4			1.0
7106.3			1.0
7107.200000000001			1.0
7108.1			1.0
7109.0			1.0
7109.9			1.0
7110.8			1.0
7111.700000000001			1.0
7112.6			1.0
7113.5			1.0
7114.4			1.0
7115.3			1.0
7116.200000000001			1.0
7117.1			1.0
7118.0			1.0
7118.9			1.0
7119.8			1.0
7120.700000000001			1.0
7121.6			1.0
7122.5			1.0
7123.4			1.0
7124.3			1.0
7125.200000000001			1.0
7126.1			1.0
7127.0			1.0
7127.9			1.0
7128.8			1.0
7129.700000000001			1.0
7130.6			1.0
7131.5			1.0
7132.4			1.0
7133.3			1.0
7134.200000000001			1.0
7135.1			1.0
7136.0			1.0
7136.9			1.0
7137.8			1.0
7138.700000000001			1.0
7139.6			1.0
7140.5			1.0
7141.4			1.0
7142.3			1.0
7143.200000000001			1.0
7144.1			1.0
7145.0			1.0
7145.9			1.0
7146.8			1.0
7147.700000000001			1.0
7148.6			1.0
7149.5			1.0
7150.4			1.0
7151.3			1.0
7152.200000000001			1.0
7153.1			1.0
7154.0			1.0
7154.9			1.0
7155.8			1.0
7156.700000000001			1.0
7157.6			1.0
7158.5			1.0
7159.4			1.0
7160.3			1.0
7161.200000000001			1.0
7162.1			1.0
7163.0			1.0
7163.9			1.0
7164.8			1.0
7165.700000000001			1.0
7166.6			1.0
7167.5			1.0
7168.4			1.0
7169.3			1.0
7170.200000000001			1.0
7171.1			1.0
7172.0			1.0
7172.9			1.0
7173.8			1.0
7174.700000000001			1.0
7175.6			1.0
7176.5			1.0
7177.4			1.0
7178.3			1.0
7179.200000000001			1.0
7180.1			1.0
7181.0			1.0
7181.9			1.0
7182.8			1.0
7183.700000000001			1.0
7184.6			1.0
7185.5			1.0
7186.4			1.0
7187.3			1.0
7188.200000000001			1.0
7189.1			1.0
7190.0			1.0
7190.9			1.0
7191.8			1.0
7192.700000000001			1.0
7193.6			1.0
7194.5			1.0
7195.4			1.0
7196.3			1.0
7197.200000000001			1.0
7198.1			1.0
7199.0			1.0
7199.9			1.0
7200.8			1.0
7201.700000000001			1.0
7202.6			1.0
7203.5			1.0
7204.4			1.0
7205.3			1.0
7206.200000000001			1.0
7207.1			1.0
7208.0			1.0
7208.9			1.0
7209.8			1.0
7210.700000000001			1.0
7211.6			1.0
7212.5			1.0
7213.4			1.0
7214.3			1.0
7215.200000000001			1.0
7216.1			1.0
7217.0			1.0
7217.9			1.0
7218.8			1.0
7219.700000000001			1.0
7220.6			1.0
7221.5			1.0
7222.4			1.0
7223.3			1.0
7224.200000000001			1.0
7225.1			1.0
7226.0			1.0
7226.9			1.0
7227.8			1.0
7228.700000000001			1.0
7229.6			1.0
7230.5			1.0
7231.4			1.0
7232.3			1.0
7233.200000000001			1.0
7234.1			1.0
7235.0			1.0
7235.9			1.0
7236.8			1.0
7237.700000000001			1.0
7238.6			1.0
7239.5			1.0
7240.4			1.0
7241.3			1.0
7242.200000000001			1.0
7243.1			1.0
7244.0			1.0
7244.9			1.0
7245.8			1.0
7246.700000000001			1.0
7247.6			1.0
7248.5			1.0
7249.4			1.0
7250.3			1.0
7251.200000000001			1.0
7252.1			1.0
7253.0			1.0
7253.9			1.0
7254.8			1.0
7255.700000000001			1.0
7256.6			1.0
7257.5			1.0
7258.4			1.0
7259.3			1.0
7260.200000000001			1.0
7261.1			1.0
7262.0			1.0
7262.9			1.0
7263.8			1.0
7264.700000000001			1.0
7265.6			1.0
7266.5			1.0
7267.4			1.0
7268.3			1.0
7269.200000000001			1.0
7270.1			1.0
7271.0			1.0
7271.9			1.0
7272.8			1.0
7273.700000000001			1.0
7274.6			1.0
7275.5			1.0
7276.4			1.0
7277.3			1.0
7278.200000000001			1.0
7279.1			1.0
7280.0			1.0
7280.9			1.0
7281.8			1.0
7282.700000000001			1.0
7283.6			1.0
7284.5			1.0
7285.4			1.0
7286.3			1.0
7287.200000000001			1.0
7288.1			1.0
7289.0			1.0
7289.9			1.0
7290.8			1.0
7291.700000000001			1.0
7292.6			1.0
7293.5			1.0
7294.4			1.0
7295.3			1.0
7296.200000000001			1.0
7297.1			1.0
7298.0			1.0
7298.9			1.0
7299.8			1.0
7300.700000000001			1.0
7301.6			1.0
7302.5			1.0
7303.4			1.0
7304.3			1.0
7305.200000000001			1.0
7306.1			1.0
7307.0			1.0
7307.9			1.0
7308.8			1.0
7309.700000000001			1.0
7310.6			1.0
7311.5			1.0
7312.4			1.0
7313.3			1.0
7314.200000000001			1.0
7315.1			1.0
7316.0			1.0
7316.9			1.0
7317.8			1.0
7318.700000000001			1.0
7319.6			1.0
7320.5			1.0
7321.4			1.0
7322.3			1.0
7323.200000000001			1.0
7324.1			1.0
7325.0			1.0
7325.9			1.0
7326.8			1.0
7327.700000000001			1.0
7328.6			1.0
7329.5			1.0
7330.4			1.0
7331.3			1.0
7332.200000000001			1.0
7333.1			1.0
7334.0			1.0
7334.9			1.0
7335.8			1.0
7336.700000000001			1.0
7337.6			1.0
7338.5			1.0
7339.4			1.0
7340.3			1.0
7341.200000000001			1.0
7342.1			1.0
7343.0			1.0
7343.9			1.0
7344.8			1.0
7345.700000000001			1.0
7346.6			1.0
7347.5			1.0
7348.4			1.0
7349.3			1.0
7350.200000000001			1.0
7351.1			1.0
7352.0			1.0
7352.9			1.0
7353.8			1.0
7354.700000000001			1.0
7355.6			1.0
7356.5			1.0
7357.4			1.0
7358.3			1.0
7359.200000000001			1.0
7360.1			1.0
7361.0			1.0
7361.9			1.0
7362.8			1.0
7363.700000000001			1.0
7364.6			1.0
7365.5			1.0
7366.4			1.0
7367.3			1.0
7368.200000000001			1.0
7369.1			1.0
7370.0			1.0
7370.9			1.0
7371.8			1.0
7372.700000000001			1.0
7373.6			1.0
7374.5			1.0
7375.4			1.0
7376.3			1.0
7377.200000000001			1.0
7378.1			1.0
7379.0			1.0
7379.9			1.0
7380.8			1.0
7381.700000000001			1.0
7382.6			1.0
7383.5			1.0
7384.4			1.0
7385.3			1.0
7386.200000000001			1.0
7387.1			1.0
7388.0			1.0
7388.9			1.0
7389.8			1.0
7390.700000000001			1.0
7391.6			1.0
7392.5			1.0
7393.4			1.0
7394.3			1.0
7395.200000000001			1.0
7396.1			1.0
7397.0			1.0
7397.9			1.0
7398.8			1.0
7399.700000000001			1.0
7400.6			1.0
7401.5			1.0
7402.4			1.0
7403.3			1.0
7404.200000000001			1.0
7405.1			1.0
7406.0			1.0
7406.9			1.0
7407.8			1.0
7408.700000000001			1.0
7409.6			1.0
7410.5			1.0
7411.4			1.0
7412.3			1.0
7413.200000000001			1.0
7414.1			1.0
7415.0			1.0
7415.9			1.0
7416.8			1.0
7417.700000000001			1.0
7418.6			1.0
7419.5			1.0
7420.4			1.0
7421.3			1.0
7422.200000000001			1.0
7423.1			1.0
7424.0			1.0
7424.9			1.0
7425.8			1.0
7426.700000000001			1.0
7427.6			1.0
7428.5			1.0
7429.4			1.0
