3500.0			1.0
3500.9			1.0
3501.8			1.0
3502.7			1.0
3503.6			1.0
3504.5			1.0
3505.4			1.0
3506.3			1.0
3507.2			1.0
3508.1			1.0
3509.0			1.0
3509.9			1.0
3510.8			1.0
3511.7			1.0
3512.6			1.0
3513.5			1.0
3514.4			1.0
3515.3			1.0
3516.2			1.0
3517.1			1.0
3518.0			1.0
3518.9			1.0
3519.8			1.0
3520.7			1.0
3521.6			1.0
3522.5			1.0
3523.4			1.0
3524.3			1.0
3525.2			1.0
3526.1			1.0
3527.0			1.0
3527.9			1.0
3528.8			1.0
3529.7			1.0
3530.6			1.0
3531.5			1.0
3532.4			1.0
3533.3			1.0
3534.2			1.0
3535.1			1.0
3536.0			1.0
3536.9			1.0
3537.8			1.0
3538.7			1.0
3539.6			1.0
3540.5			1.0
3541.4			1.0
3542.3			1.0
3543.2			1.0
3544.1			1.0
3545.0			1.0
3545.9			1.0
3546.8			1.0
3547.7			1.0
3548.6			1.0
3549.5			1.0
3550.4			1.0
3551.3			1.0
3552.2			1.0
3553.1			1.0
3554.0			1.0
3554.9			1.0
3555.8			1.0
3556.7			1.0
3557.6			1.0
3558.5			1.0
3559.4			1.0
3560.3			1.0
3561.2			1.0
3562.1			1.0
3563.0			1.0
3563.9			1.0
3564.8			1.0
3565.7			1.0
3566.6			1.0
3567.5			1.0
3568.4			1.0
3569.3			1.0
3570.2			1.0
3571.1			1.0
3572.0			1.0
3572.9			1.0
3573.8			1.0
3574.7			1.0
3575.6			1.0
3576.5			1.0
3577.4			1.0
3578.3			1.0
3579.2			1.0
3580.1			1.0
3581.0			1.0
3581.9			1.0
3582.8			1.0
3583.7			1.0
3584.6			1.0
3585.5			1.0
3586.4			1.0
3587.3			1.0
3588.2			1.0
3589.1			1.0
3590.0			1.0
3590.9			1.0
3591.8			1.0
3592.7			1.0
3593.6			1.0
3594.5			1.0
3595.4			1.0
3596.3			1.0
3597.2			1.0
3598.1			1.0
3599.0			1.0
3599.9			1.0
3600.8			1.0
3601.7			1.0
3602.6			1.0
3603.5			1.0
3604.4			1.0
3605.3			1.0
3606.2			1.0
3607.1			1.0
3608.0			1.0
3608.9			1.0
3609.8			1.0
3610.7			1.0
3611.6			1.0
3612.5			1.0
3613.4			1.0
3614.3			1.0
3615.2			1.0
3616.1			1.0
3617.0			1.0
3617.9			1.0
3618.8			1.0
3619.7			1.0
3620.6			1.0
3621.5			1.0
3622.4			1.0
3623.3			1.0
3624.2			1.0
3625.1			1.0
3626.0			1.0
3626.9			1.0
3627.8			1.0
3628.7			1.0
3629.6			1.0
3630.5			1.0
3631.4			1.0
3632.3			1.0
3633.2			1.0
3634.1			1.0
3635.0			1.0
3635.9			1.0
3636.8			1.0
3637.7			1.0
3638.6			1.0
3639.5			1.0
3640.4			1.0
3641.3			1.0
3642.2			1.0
3643.1			1.0
3644.0			1.0
3644.9			1.0
3645.8			1.0
3646.7			1.0
3647.6			1.0
3648.5			1.0
3649.4			1.0
3650.3			1.0
3651.2			1.0
3652.1			1.0
3653.0			1.0
3653.9			1.0
3654.8			1.0
3655.7			1.0
3656.6			1.0
3657.5			1.0
3658.4			1.0
3659.3			1.0
3660.2			1.0
3661.1			1.0
3662.0			1.0
3662.9			1.0
3663.8			1.0
3664.7			1.0
3665.6			1.0
3666.5			1.0
3667.4			1.0
3668.3			1.0
3669.2			1.0
3670.1			1.0
3671.0			1.0
3671.9			1.0
3672.8			1.0
3673.7			1.0
3674.6			1.0
3675.5			1.0
3676.4			1.0
3677.3			1.0
3678.2			1.0
3679.1			1.0
3680.0			1.0
3680.9			1.0
3681.8			1.0
3682.7			1.0
3683.6			1.0
3684.5			1.0
3685.4			1.0
3686.3			1.0
3687.2			1.0
3688.1			1.0
3689.0			1.0
3689.9			1.0
3690.8			1.0
3691.7			1.0
3692.6			1.0
3693.5			1.0
3694.4			1.0
3695.3			1.0
3696.2			1.0
3697.1			1.0
3698.0			1.0
3698.9			1.0
3699.8			1.0
3700.7			1.0
3701.6			1.0
3702.5			1.0
3703.4			1.0
3704.3			1.0
3705.2			1.0
3706.1			1.0
3707.0			1.0
3707.9			1.0
3708.8			1.0
3709.7			1.0
3710.6			1.0
3711.5			1.0
3712.4			1.0
3713.3			1.0
3714.2			1.0
3715.1			1.0
3716.0			1.0
3716.9			1.0
3717.8			1.0
3718.7			1.0
3719.6			1.0
3720.5			1.0
3721.4			1.0
3722.3			1.0
3723.2			1.0
3724.1			1.0
3725.0			1.0
3725.9			1.0
3726.8			1.0
3727.7			1.0
3728.6			1.0
3729.5			1.0
3730.4			1.0
3731.3			1.0
3732.2			1.0
3733.1			1.0
3734.0			1.0
3734.9			1.0
3735.8			1.0
3736.7			1.0
3737.6			1.0
3738.5			1.0
3739.4			1.0
3740.3			1.0
3741.2			1.0
3742.1			1.0
3743.0			1.0
3743.9			1.0
3744.8			1.0
3745.7			1.0
3746.6			1.0
3747.5			1.0
3748.4			1.0
3749.3			1.0
3750.2			1.0
3751.1			1.0
3752.0			1.0
3752.9			1.0
3753.8			1.0
3754.7			1.0
3755.6			1.0
3756.5			1.0
3757.4			1.0
3758.3			1.0
3759.2			1.0
3760.1			1.0
3761.0			1.0
3761.9			1.0
3762.8			1.0
3763.7			1.0
3764.6			1.0
3765.5			1.0
3766.4			1.0
3767.3			1.0
3768.2			1.0
3769.1			1.0
3770.0			1.0
3770.9			1.0
3771.8			1.0
3772.7			1.0
3773.6			1.0
3774.5			1.0
3775.4			1.0
3776.3			1.0
3777.2			1.0
3778.1			1.0
3779.0			1.0
3779.9			1.0
3780.8			1.0
3781.7			1.0
3782.6			1.0
3783.5			1.0
3784.4			1.0
3785.3			1.0
3786.2			1.0
3787.1			1.0
3788.0			1.0
3788.9			1.0
3789.8			1.0
3790.7			1.0
3791.6			1.0
3792.5			1.0
3793.4			1.0
3794.3			1.0
3795.2			1.0
3796.1			1.0
3797.0			1.0
3797.9			1.0
3798.8			1.0
3799.7			1.0
3800.6			1.0
3801.5			1.0
3802.4			1.0
3803.3			1.0
3804.2			1.0
3805.1			1.0
3806.0			1.0
3806.9			1.0
3807.8			1.0
3808.7			1.0
3809.6			1.0
3810.5			1.0
3811.4			1.0
3812.3			1.0
3813.2			1.0
3814.1			1.0
3815.0			1.0
3815.9			1.0
3816.8			1.0
3817.7			1.0
3818.6			1.0
3819.5			1.0
3820.4			1.0
3821.3			1.0
3822.2			1.0
3823.1			1.0
3824.0			1.0
3824.9			1.0
3825.8			1.0
3826.7			1.0
3827.6			1.0
3828.5			1.0
3829.4			1.0
3830.3			1.0
3831.2			1.0
3832.1			1.0
3833.0			1.0
3833.9			1.0
3834.8			1.0
3835.7			1.0
3836.6			1.0
3837.5			1.0
3838.4			1.0
3839.3			1.0
3840.2			1.0
3841.1			1.0
3842.0			1.0
3842.9			1.0
3843.8			1.0
3844.7			1.0
3845.6			1.0
3846.5			1.0
3847.4			1.0
3848.3			1.0
3849.2			1.0
3850.1			1.0
3851.0			1.0
3851.9			1.0
3852.8			1.0
3853.7			1.0
3854.6			1.0
3855.5			1.0
3856.4			1.0
3857.3			1.0
3858.2			1.0
3859.1			1.0
3860.0			1.0
3860.9			1.0
3861.8			1.0
3862.7			1.0
3863.6			1.0
3864.5			1.0
3865.4			1.0
3866.3			1.0
3867.2			1.0
3868.1			1.0
3869.0			1.0
3869.9			1.0
3870.8			1.0
3871.7			1.0
3872.6			1.0
3873.5			1.0
3874.4			1.0
3875.3			1.0
3876.2			1.0
3877.1			1.0
3878.0			1.0
3878.9			1.0
3879.8			1.0
3880.7			1.0
3881.6			1.0
3882.5			1.0
3883.4			1.0
3884.3			1.0
3885.2			1.0
3886.1			1.0
3887.0			1.0
3887.9			1.0
3888.8			1.0
3889.7			1.0
3890.6			1.0
3891.5			1.0
3892.4			1.0
3893.3			1.0
3894.2			1.0
3895.1			1.0
3896.0			1.0
3896.9			1.0
3897.8			1.0
3898.7			1.0
3899.6			1.0
3900.5			1.0
3901.4			1.0
3902.3			1.0
3903.2			1.0
3904.1			1.0
3905.0			1.0
3905.9			1.0
3906.8			1.0
3907.7			1.0
3908.6			1.0
3909.5			1.0
3910.4			1.0
3911.3			1.0
3912.2			1.0
3913.1			1.0
3914.0			1.0
3914.9			1.0
3915.8			1.0
3916.7			1.0
3917.6			1.0
3918.5			1.0
3919.4			1.0
3920.3			1.0
3921.2			1.0
3922.1			1.0
3923.0			1.0
3923.9			1.0
3924.8			1.0
3925.7			1.0
3926.6			1.0
3927.5			1.0
3928.4			1.0
3929.3			1.0
3930.2			1.0
3931.1			1.0
3932.0			1.0
3932.9			1.0
3933.8			1.0
3934.7			1.0
3935.6			1.0
3936.5			1.0
3937.4			1.0
3938.3			1.0
3939.2			1.0
3940.1			1.0
3941.0			1.0
3941.9			1.0
3942.8			1.0
3943.7			1.0
3944.6			1.0
3945.5			1.0
3946.4			1.0
3947.3			1.0
3948.2			1.0
3949.1			1.0
3950.0			1.0
3950.9			1.0
3951.8			1.0
3952.7			1.0
3953.6			1.0
3954.5			1.0
3955.4			1.0
3956.3			1.0
3957.2			1.0
3958.1			1.0
3959.0			1.0
3959.9			1.0
3960.8			1.0
3961.7			1.0
3962.6			1.0
3963.5			1.0
3964.4			1.0
3965.3			1.0
3966.2			1.0
3967.1			1.0
3968.0			1.0
3968.9			1.0
3969.8			1.0
3970.7			1.0
3971.6			1.0
3972.5			1.0
3973.4			1.0
3974.3			1.0
3975.2			1.0
3976.1			1.0
3977.0			1.0
3977.9			1.0
3978.8			1.0
3979.7			1.0
3980.6			1.0
3981.5			1.0
3982.4			1.0
3983.3			1.0
3984.2			1.0
3985.1			1.0
3986.0			1.0
3986.9			1.0
3987.8			1.0
3988.7			1.0
3989.6			1.0
3990.5			1.0
3991.4			1.0
3992.3			1.0
3993.2			1.0
3994.1			1.0
3995.0			1.0
3995.9			1.0
3996.8			1.0
3997.7			1.0
3998.6			1.0
3999.5			1.0
4000.4			1.0
4001.3			1.0
4002.2			1.0
4003.1			1.0279454409580695
4004.0			0.9532149662490526
4004.9			0.7920069406351887
4005.8			0.7090021920167587
4006.7			0.7768252013041395
4007.6			0.9023755814565221
4008.5			0.9994954450339506
4009.4			1.0
4010.3			1.0
4011.2			1.0
4012.1			1.0
4013.0			1.0
4013.9			1.0
4014.8			1.0
4015.7			1.0
4016.6			1.0
4017.5			1.0
4018.4			1.0
4019.3			1.0
4020.2			1.0
4021.1			1.0
4022.0			1.0
4022.9			1.0
4023.8			1.0
4024.7			1.0
4025.6			1.0
4026.5			1.0
4027.4			1.0
4028.3			1.0420632349020784
4029.2			0.9806310415216072
4030.1			0.8168211757493061
4031.0			0.677745823971354
4031.9			0.6248071750040542
4032.8			0.6037154949767943
4033.7			0.5991425175120533
4034.6			0.6477835961453451
4035.5			0.7598500729960999
4036.4			0.8989878778375023
4037.3			1.003986323013795
4038.2			1.035111123348093
4039.1			0.9999967268651346
4040.0			1.0
4040.9			1.0
4041.8			1.0319831978272602
4042.7			1.0364966491906937
4043.6			0.9089134091363591
4044.5			0.6702454728402505
4045.4			0.48428216031058685
4046.3			0.5112900781111726
4047.2			0.7132090320192079
4048.1			0.9030477226757909
4049.0			0.9989380456695722
4049.9			1.0
4050.8			1.0
4051.7			1.0
4052.6			1.0
4053.5			1.0
4054.4			1.0
4055.3			1.0
4056.2			1.0
4057.1			1.0
4058.0			1.0
4058.9			1.0
4059.8			1.1285828858974474
4060.7			1.2086061792897065
4061.6			1.124495825738142
4062.5			0.8891480191451475
4063.4			0.6973333342167731
4064.3			0.7437060995199646
4065.2			0.9283236270863194
4066.1			1.009203616667004
4067.0			0.9992156119531825
4067.9			1.0
4068.8			1.0
4069.7			1.0
4070.6			1.0
4071.5			1.0
4072.4			1.0
4073.3			1.0
4074.2			1.0866410972870353
4075.1			1.0059451856936055
4076.0			0.8382843584638503
4076.9			0.7040524402693807
4077.8			0.7113544777025284
4078.7			0.8431972680229453
4079.6			1.001676955461477
4080.5			1.0
4081.4			1.0
4082.3			1.0
4083.2			1.0
4084.1			1.0
4085.0			1.0
4085.9			1.0
4086.8			1.0
4087.7			1.0
4088.6			1.0
4089.5			1.0
4090.4			1.0
4091.3			1.0
4092.2			1.0
4093.1			1.0
4094.0			1.0
4094.9			1.0
4095.8			1.0
4096.7			0.9359661200259565
4097.6			0.9652812605742314
4098.5			1.0093261074712299
4099.4			0.9902062986230429
4100.3			0.885530909415126
4101.2			0.791318167689058
4102.1			0.8005293452167928
4103.0			0.8589494037305766
4103.9			0.8905177684239162
4104.8			0.9296729296306405
4105.7			1.0032118456330452
4106.6			1.0
4107.5			1.0
4108.4			1.0
4109.3			1.0
4110.2			1.0
4111.1			1.0
4112.0			1.0
4112.9			1.0
4113.8			1.0
4114.7			1.0
4115.6			1.0
4116.5			1.0
4117.4			1.0
4118.3			1.0
4119.2			1.0
4120.1			1.0
4121.0			1.0
4121.9			1.0
4122.8			1.0
4123.7			1.0
4124.6			1.0
4125.5			1.0368538300364538
4126.4			1.0089698208122775
4127.3			0.9650573139777284
4128.2			0.9396922046272909
4129.1			0.9224717447601645
4130.0			0.8963687429403803
4130.9			0.8485712255260084
4131.8			0.7856758467000723
4132.7			0.7509387624195368
4133.6			0.7600200132962545
4134.5			0.8179892152346513
4135.4			0.9252389159482616
4136.3			1.0053947267631274
4137.2			1.007128743439288
4138.1			0.9870828517831486
4139.0			0.99638399187199
4139.9			1.0241546901727567
4140.8			1.0163220876385086
4141.7			0.9066844040157525
4142.6			0.7183019947879211
4143.5			0.5929567504832405
4144.4			0.6403756922075141
4145.3			0.7918016031457412
4146.2			0.8966326072932239
4147.1			0.9164350337978203
4148.0			0.896772952338011
4148.9			0.8510878278187746
4149.8			0.7902570708236171
4150.7			0.749285840805069
4151.6			0.7464708628541952
4152.5			0.7755438886299623
4153.4			0.806294520712133
4154.3			0.8109002508034333
4155.2			0.7874656484405881
4156.1			0.7517652181009171
4157.0			0.7547275798926124
4157.9			0.8417856376637374
4158.8			0.9620380422081455
4159.7			1.0126978761324144
4160.6			0.993742056654109
4161.5			1.0015520918677865
4162.4			1.0
4163.3			1.0093426123114815
4164.2			0.9590870509330945
4165.1			0.9109691279725937
4166.0			0.8663396972281743
4166.9			0.8148359761874009
4167.8			0.8290634503662555
4168.7			0.9230191382820785
4169.6			1.009626155232007
4170.5			1.0328875697240893
4171.4			0.9599719648212784
4172.3			0.818614615700682
4173.2			0.7423164343800137
4174.1			0.7936382629224445
4175.0			0.8771670033941398
4175.9			0.9010127668912482
4176.8			0.8647702076483906
4177.7			0.8282174040864081
4178.6			0.8409806951304536
4179.5			0.8654107934275771
4180.4			0.861330574546144
4181.3			0.8650864209699125
4182.2			0.9098645271216617
4183.1			0.9951011295358405
4184.0			1.0
4184.9			1.0
4185.8			1.0
4186.7			1.0
4187.6			1.0
4188.5			1.0417786778462161
4189.4			1.1210682014295028
4190.3			1.116421758251824
4191.2			1.0688146101160263
4192.1			1.0735735395331985
4193.0			1.1182564670225636
4193.9			1.111172378272208
4194.8			1.016760954674718
4195.7			0.8881198326585056
4196.6			0.8064354815064646
4197.5			0.796924170065065
4198.4			0.8314735967643304
4199.3			0.8891190524273644
4200.2			0.9213591694170846
4201.1			0.8788553452443525
4202.0			0.8203238560571773
4202.9			0.8318518488989398
4203.8			0.8851934665872535
4204.7			0.922284943119585
4205.6			0.9572308881885095
4206.5			0.9972403436917935
4207.4			1.0
4208.3			1.0
4209.2			1.0
4210.1			1.0
4211.0			1.0
4211.9			1.0
4212.8			1.0
4213.7			0.8670298900073262
4214.6			0.7033172340310627
4215.5			0.6530808377595894
4216.4			0.8030790758316645
4217.3			1.0246045422322478
4218.2			1.0
4219.1			1.0
4220.0			1.0
4220.9			1.0
4221.8			1.0
4222.7			0.9149257391821222
4223.6			0.8125755622407171
4224.5			0.6901174939356789
4225.4			0.5191831388792894
4226.3			0.3608065444061179
4227.2			0.3663164459686717
4228.1			1.0
4229.0			1.350303713569149
4229.9			1.5453032906051125
4230.8			1.6130391667156216
4231.7			1.5365905349424245
4232.6			1.33329408437205
4233.5			1.1732174625354042
4234.4			1.1173232742247463
4235.3			1.0481322128910913
4236.2			0.9679263245374558
4237.1			0.9512256107995702
4238.0			0.9577475292460867
4238.9			0.9446529954796717
4239.8			0.9444604028158975
4240.7			0.9799477625920694
4241.6			1.0013256963744637
4242.5			0.9813448757536912
4243.4			0.9912093041543171
4244.3			1.0
4245.2			1.0
4246.1			1.0
4247.0			1.0
4247.9			0.9386679105228619
4248.8			0.8818685322374836
4249.7			0.8034285268127137
4250.6			0.770786302978406
4251.5			0.858532287138271
4252.4			0.9799299545273625
4253.3			0.9812552677668328
4254.2			1.0
4255.1			1.0
4256.0			1.0
4256.9			1.1172183048972573
4257.8			1.0836569766528177
4258.7			0.9205012142541443
4259.6			0.7541320037101487
4260.5			0.663376500397054
4261.4			0.7006641482148622
4262.3			0.839596423230576
4263.2			0.9560247900667304
4264.1			0.9855572607606169
4265.0			1.0
4265.9			1.0063111976628498
4266.8			0.9617181127872416
4267.7			0.8710878382889423
4268.6			0.7993572613775661
4269.5			0.746914619017142
4270.4			0.6418170506620992
4271.3			0.5127234240505649
4272.2			0.48916636252512263
4273.1			0.5625051706451236
4274.0			0.6003524473565246
4274.9			0.6176280551828637
4275.8			0.7081503482701317
4276.7			0.8450168778885816
4277.6			0.9610858854576525
4278.5			1.0036079636954773
4279.4			1.0
4280.3			1.0
4281.2			1.0
4282.1			1.0
4283.0			1.0
4283.9			1.0
4284.8			1.0
4285.7			1.0
4286.6			1.0
4287.5			1.040060455749584
4288.4			0.9649891735543874
4289.3			0.8110188266558631
4290.2			0.7313457679481186
4291.1			0.7800735942460177
4292.0			1.0
4292.9			1.1068786639967834
4293.8			1.0941269014382742
4294.7			1.0380476523610762
4295.6			1.0377024625294062
4296.5			1.0370146581916093
4297.4			0.9637702703622256
4298.3			0.8249420846769291
4299.2			0.6808714230378596
4300.1			0.6320476056200575
4301.0			0.6936802505871025
4301.9			0.7516414699781424
4302.8			0.7542147557487774
4303.7			0.7546059487323975
4304.6			0.7528050436955174
4305.5			0.7122618552266692
4306.4			0.6413821980120998
4307.3			0.5589418932083947
4308.2			0.5043741410132477
4309.1			0.5255934908430074
4310.0			0.6082814049039856
4310.9			0.7034704325637888
4311.8			0.7989139460238818
4312.7			0.8971411848712457
4313.6			0.9726165130319724
4314.5			1.059793060299924
4315.4			1.2419104052171581
4316.3			1.4534496549475489
4317.2			1.5474862801459073
4318.1			1.5220502016042696
4319.0			1.4615114825690234
4319.9			1.3887400012048168
4320.8			1.0
4321.7			0.9656740105302623
4322.6			0.8950177665822646
4323.5			0.7429759373930828
4324.4			0.5602084701299965
4325.3			0.4408548875984176
4326.2			0.47937347713340855
4327.1			0.6784041137316076
4328.0			0.9015602869866672
4328.9			1.002959081983513
4329.8			1.0
4330.7			1.0
4331.6			1.0
4332.5			1.0
4333.4			1.0
4334.3			1.0477440076166067
4335.2			1.0997942865064883
4336.1			1.0592797314715383
4337.0			0.9055753569045157
4337.9			0.7693902053995606
4338.8			0.7112743044938337
4339.7			0.675582777674677
4340.6			0.6786430518058337
4341.5			0.7777319742076401
4342.4			0.8984196280548393
4343.3			0.9366360279418944
4344.2			0.9495971397164976
4345.1			1.0024211160684866
4346.0			1.0
4346.9			1.0
4347.8			1.0
4348.7			1.1045146521035403
4349.6			1.1349273674586657
4350.5			0.9916707870026078
4351.4			0.7945587635620954
4352.3			0.728955927979983
4353.2			0.8114341128916496
4354.1			0.9043922462295934
4355.0			0.9460455690466254
4355.9			0.9952673823735706
4356.8			1.0
4357.7			1.0
4358.6			1.0
4359.5			1.0
4360.4			1.0
4361.3			1.0
4362.2			1.0
4363.1			1.0
4364.0			1.0
4364.9			1.0
4365.8			1.0
4366.7			1.0
4367.6			1.0
4368.5			1.0
4369.4			1.0
4370.3			1.0
4371.2			1.0
4372.1			0.995378940764309
4373.0			0.9378748203845946
4373.9			0.8305064305735408
4374.8			0.748964078408737
4375.7			0.7687417005051685
4376.6			0.8848384231617955
4377.5			1.0018529208511515
4378.4			1.0
4379.3			1.0
4380.2			0.9611493869437743
4381.1			0.9138559089977336
4382.0			0.7870369614709944
4382.9			0.5685464461950206
4383.8			0.41641076427074475
4384.7			0.4889932660743345
4385.6			0.7304070759603513
4386.5			0.9331579248372583
4387.4			0.9925119612816008
4388.3			1.0
4389.2			1.0
4390.1			1.0
4391.0			1.0
4391.9			1.0
4392.8			1.0
4393.7			1.0
4394.6			1.0
4395.5			1.0
4396.4			1.0
4397.3			1.0
4398.2			1.0
4399.1			1.0
4400.0			1.0
4400.9			0.9717325992917539
4401.8			1.0520772155930174
4402.7			1.0668171174279484
4403.6			0.8865774655233153
4404.5			0.6673833987797941
4405.4			0.6361363984610094
4406.3			0.7549678471730737
4407.2			0.8267575808855556
4408.1			0.827828586559291
4409.0			0.8828926216418844
4409.9			1.0050531655601835
4410.8			1.0
4411.7			1.0
4412.6			1.0221251083218288
4413.5			0.9627821784277316
4414.4			0.8159244878318649
4415.3			0.7197431906377285
4416.2			0.7684938713590576
4417.1			0.887987799387926
4418.0			0.9967711472558546
4418.9			1.0
4419.8			1.0
4420.7			1.0
4421.6			1.0
4422.5			1.0
4423.4			1.0
4424.3			1.0
4425.2			1.0
4426.1			1.0
4427.0			1.0
4427.9			1.0
4428.8			1.0
4429.7			1.0
4430.6			1.0
4431.5			1.0
4432.4			1.0577169834257065
4433.3			1.00390896704369
4434.2			0.875592540476965
4435.1			0.7869794298079232
4436.0			0.802325448383526
4436.9			0.9002072841572316
4437.8			1.01116042863215
4438.7			1.0
4439.6			1.0
4440.5			1.0
4441.4			1.0
4442.3			1.0
4443.2			1.0
4444.1			1.0
4445.0			1.0
4445.9			1.0
4446.8			1.0
4447.7			1.0
4448.6			1.0
4449.5			1.0
4450.4			1.0
4451.3			1.0
4452.2			1.011945080545331
4453.1			0.9796782390043514
4454.0			0.9005726849953167
4454.9			0.8272593325638745
4455.8			0.8207060129114777
4456.7			0.8641624875535656
4457.6			0.8789366521634336
4458.5			0.8509030785572507
4459.4			0.830878695445343
4460.3			0.8103448023708947
4461.2			0.7661772513531043
4462.1			0.7841823346368952
4463.0			0.9105756336939466
4463.9			1.0203071975320088
4464.8			1.0271503370321762
4465.7			1.0041409548779405
4466.6			1.0152990844754322
4467.5			1.0369739648785918
4468.4			1.0241985620640373
4469.3			0.9918834878802324
4470.2			0.9983775905169525
4471.1			1.0
4472.0			1.0
4472.9			1.0
4473.8			1.0
4474.7			1.0
4475.6			1.0
4476.5			1.0
4477.4			1.0541150533216719
4478.3			1.0399815107897157
4479.2			0.9430166189122099
4480.1			0.8266724529093664
4481.0			0.7638181615618667
4481.9			0.7707345760663332
4482.8			0.8357214449416416
4483.7			0.9249567888654189
4484.6			0.9999312323203791
4485.5			1.0
4486.4			1.0
4487.3			1.0
4488.2			1.0
4489.1			1.0
4490.0			1.0
4490.9			1.0
4491.8			1.0700173277026686
4492.7			1.0690714629575253
4493.6			0.9601225378931088
4494.5			0.8344874951194764
4495.4			0.7995918759450182
4496.3			0.8471512667056238
4497.2			0.9215043409402947
4498.1			0.9830292294323287
4499.0			1.0058750950629223
4499.9			1.0
4500.8			1.0
4501.7			1.0
4502.6			1.0
4503.5			1.0
4504.4			1.0
4505.3			1.0
4506.2			1.0
4507.1			1.0
4508.0			0.9862870885879226
4508.9			1.001356067348109
4509.8			1.032713008074181
4510.7			1.0430098590445298
4511.6			1.0049794747931973
4512.5			0.9431544955695936
4513.4			0.8916682910736258
4514.3			0.8687513924182463
4515.2			0.886468905552291
4516.1			1.0
4517.0			0.9948702617350182
4517.9			0.971816372687669
4518.8			0.9964341383532342
4519.7			1.0639177383318263
4520.6			1.1261860593901765
4521.5			1.1282668559407758
4522.4			1.0660877805575788
4523.3			1.017770635903766
4524.2			1.0064733054544652
4525.1			0.9766771535263987
4526.0			0.915416727779182
4526.9			0.8463294157145212
4527.8			0.7904728332263916
4528.7			0.7786719417650293
4529.6			0.8110639981943067
4530.5			0.8545776957780761
4531.4			0.9136306479866418
4532.3			0.9771467530125487
4533.2			0.9854698126041977
4534.1			0.928123888602761
4535.0			0.8736509735839375
4535.9			0.9208224562249039
4536.8			1.0643880575635654
4537.7			1.0
4538.6			0.9890066403420417
4539.5			0.9265463163127127
4540.4			0.8799834246893539
4541.3			0.8883915826123423
4542.2			0.950506667701138
4543.1			1.0033237342157926
4544.0			0.9908444933162674
4544.9			1.0
4545.8			1.0
4546.7			1.0
4547.6			1.0
4548.5			1.0
4549.4			1.0
4550.3			1.0
4551.2			1.0
4552.1			1.0
4553.0			1.0
4553.9			1.0
4554.8			1.0
4555.7			1.0
4556.6			1.0
4557.5			1.0
4558.4			1.0
4559.3			1.0
4560.2			1.0
4561.1			1.0
4562.0			1.0051969771252165
4562.9			0.9579768029596096
4563.8			0.8711524754983148
4564.7			0.8076268407570856
4565.6			0.8198230998416975
4566.5			0.9085507558801108
4567.4			0.9997389472884548
4568.3			1.0
4569.2			1.0
4570.1			1.0
4571.0			1.0
4571.9			1.0
4572.8			1.0
4573.7			1.0
4574.6			1.0
4575.5			1.0
4576.4			1.0071974717890666
4577.3			1.0180755472897207
4578.2			0.997956131674579
4579.1			0.9380017058570481
4580.0			0.8802051350254332
4580.9			1.0
4581.8			1.0620507175099783
4582.7			1.1112256213931755
4583.6			1.1047067968531683
4584.5			1.0680328743382252
4585.4			1.0265273526319656
4586.3			1.019515388758929
4587.2			1.0723726070561885
4588.1			1.150875445154243
4589.0			1.197538577489329
4589.9			1.1811304640328864
4590.8			1.1112497718002408
4591.7			1.0404754427316922
4592.6			1.0107031801560284
4593.5			0.99400722248452
4594.4			0.957450866699013
4595.3			0.9246659811322913
4596.2			0.9165411308473169
4597.1			0.9209579239699771
4598.0			0.9431706294233788
4598.9			0.9668203138054933
4599.8			0.9459415612395548
4600.7			0.9207411883254084
4601.6			0.9378825514149897
4602.5			0.9556995930213972
4603.4			0.9420862666414935
4604.3			0.9024436264895193
4605.2			0.8721224686859335
4606.1			0.8980403494597722
4607.0			0.9748155132250157
4607.9			1.059860889747658
4608.8			1.1048731401259348
4609.7			1.0765289891315604
4610.6			1.0051451349940228
4611.5			1.0
4612.4			1.0
4613.3			1.0
4614.2			1.0
4615.1			1.0
4616.0			1.0
4616.9			1.0
4617.8			1.0
4618.7			1.0
4619.6			1.0
4620.5			1.0
4621.4			1.0
4622.3			1.0
4623.2			1.0
4624.1			1.0
4625.0			1.0
4625.9			1.0
4626.8			1.0
4627.7			1.0
4628.6			1.0
4629.5			1.0
4630.4			1.0
4631.3			1.0
4632.2			1.0
4633.1			1.0
4634.0			1.0
4634.9			1.0
4635.8			1.0
4636.7			1.0
4637.6			1.0
4638.5			1.0
4639.4			0.9730463796095641
4640.3			0.9757651698230666
4641.2			1.0287902606906838
4642.1			1.0643838412883426
4643.0			1.0323080866703953
4643.9			0.9789032102653129
4644.8			0.9332346000846672
4645.7			0.8687054312763296
4646.6			0.8081591506120392
4647.5			0.8044428537603253
4648.4			0.8492748478163803
4649.3			0.9096325048401798
4650.2			0.9683573188934258
4651.1			1.0174639586586096
4652.0			1.0
4652.9			1.000596034875749
4653.8			0.9474588851595375
4654.7			0.8810056333630769
4655.6			0.8472942672733971
4656.5			0.8591144829440943
4657.4			0.9170145411387018
4658.3			1.0005567826119885
4659.2			1.0
4660.1			1.0
4661.0			1.0
4661.9			1.0
4662.8			0.9363566386434471
4663.7			0.9249458985813928
4664.6			0.933176334361911
4665.5			0.8832075885269617
4666.4			0.769481643784094
4667.3			0.6930764952050913
4668.2			0.7253266425304886
4669.1			0.8261657415099183
4670.0			0.9278042169117195
4670.9			0.9926403946894643
4671.8			0.9997190879266015
4672.7			1.0
4673.6			1.0
4674.5			1.0
4675.4			1.0
4676.3			1.0
4677.2			1.0014289525199496
4678.1			0.9610467853975261
4679.0			0.9194193373844362
4679.9			0.8900174268763927
4680.8			0.8738429460395165
4681.7			0.8883255929892401
4682.6			0.9398319740783966
4683.5			0.9877752079373185
4684.4			0.9990720933253622
4685.3			1.0
4686.2			1.0
4687.1			1.0
4688.0			1.0
4688.9			1.0
4689.8			1.0
4690.7			1.0
4691.6			0.9808492099618218
4692.5			0.9787141545243471
4693.4			0.9928550741777863
4694.3			1.0266933007594228
4695.2			1.0752064200054918
4696.1			1.0997666556400008
4697.0			1.0554446666324688
4697.9			0.9632991286646054
4698.8			0.9086884934737803
4699.7			0.9220328411846153
4700.6			0.9465559406068483
4701.5			0.9453564494008081
4702.4			0.933890641345881
4703.3			0.9441563810635565
4704.2			0.9812312771635247
4705.1			1.0073704922519626
4706.0			0.9996779073275535
4706.9			1.0
4707.8			1.0
4708.7			1.0
4709.6			1.0
4710.5			1.0
4711.4			1.0
4712.3			1.0
4713.2			1.0
4714.1			1.0
4715.0			1.0
4715.9			1.0
4716.8			1.0
4717.7			1.0
4718.6			1.0
4719.5			1.0
4720.4			1.0
4721.3			1.0
4722.2			1.0
4723.1			1.0006103192943299
4724.0			1.0417104319707975
4724.9			1.081065103631158
4725.8			1.0589189495082079
4726.7			0.9609809514462931
4727.6			0.8525392534627162
4728.5			0.8072465577421544
4729.4			0.8200257352213626
4730.3			0.8534150272907354
4731.2			0.9050196174919001
4732.1			0.9611593060132196
4733.0			0.9893729449391323
4733.9			1.0028377136683861
4734.8			1.0
4735.7			1.0
4736.6			1.0
4737.5			1.0
4738.4			1.0
4739.3			1.0
4740.2			1.0
4741.1			1.0
4742.0			1.0
4742.9			1.0
4743.8			1.0
4744.7			1.0
4745.6			1.0
4746.5			1.0
4747.4			1.0
4748.3			1.0
4749.2			1.0
4750.1			1.0
4751.0			1.0
4751.9			1.0
4752.8			1.0
4753.7			1.0
4754.6			1.0
4755.5			1.0
4756.4			1.0
4757.3			1.0
4758.2			1.0
4759.1			1.0
4760.0			1.0
4760.9			0.9709561823460852
4761.8			0.9295871236066653
4762.7			0.9173897560465334
4763.6			0.9119657142592148
4764.5			0.8802280732207358
4765.4			0.842712763655654
4766.3			0.8451891207543193
4767.2			0.8951737281634015
4768.1			0.9671871204480578
4769.0			1.0402685788147794
4769.9			1.0735859967434533
4770.8			1.0412234667934812
4771.7			0.9969983886136602
4772.6			1.0
4773.5			1.0
4774.4			1.0
4775.3			1.0
4776.2			0.9850613134446288
4777.1			1.0066945594426893
4778.0			1.030079324457315
4778.9			1.0222133041425614
4779.8			1.0026005170479704
4780.7			0.9882521044186209
4781.6			0.9648329238910912
4782.5			0.9244076210422147
4783.4			0.9078071229107657
4784.3			0.9356584394268045
4785.2			0.942193454796536
4786.1			0.910862326868323
4787.0			0.9125449272742601
4787.9			0.942501676400193
4788.8			0.9417811746925513
4789.7			0.922493412782034
4790.6			0.9266271804843531
4791.5			0.9526085575823814
4792.4			0.9931660043879114
4793.3			1.0516967288700585
4794.2			1.1056484580259966
4795.1			1.0
4796.0			0.9735824797892411
4796.9			0.9383226694465013
4797.8			0.8989633301370935
4798.7			0.8591455477392009
4799.6			0.8433020381344696
4800.5			0.8771911398475931
4801.4			0.9431703706631548
4802.3			0.9950767216181925
4803.2			1.0009117194159058
4804.1			1.0
4805.0			1.0
4805.9			1.0
4806.8			1.0
4807.7			1.0
4808.6			1.0
4809.5			1.0
4810.4			1.0
4811.3			1.0
4812.2			1.0
4813.1			1.0
4814.0			1.0
4814.9			1.0
4815.8			1.0
4816.7			1.0
4817.6			1.0
4818.5			1.0
4819.4			1.0
4820.3			1.0
4821.2			1.0
4822.1			1.0
4823.0			1.0
4823.9			1.0
4824.8			1.0
4825.7			1.0
4826.6			1.0
4827.5			1.0
4828.4			1.0
4829.3			1.0085769505016393
4830.2			1.0116712522035747
4831.1			0.9583953388720844
4832.0			0.9075471208126645
4832.9			0.9260576895862448
4833.8			0.9768526680667353
4834.7			0.9976087924270405
4835.6			1.0
4836.5			1.0
4837.4			1.0
4838.3			1.0
4839.2			1.0
4840.1			1.0
4841.0			1.0
4841.9			1.0
4842.8			1.0
4843.7			1.0
4844.6			1.0
4845.5			1.0
4846.4			1.0
4847.3			1.0
4848.2			1.0
4849.1			1.0
4850.0			1.0
4850.9			1.0
4851.8			1.0
4852.7			1.0
4853.6			1.0
4854.5			1.0
4855.4			0.9407879780690245
4856.3			0.979241257142828
4857.2			1.044011045055332
4858.1			1.046711112520841
4859.0			0.9785734492104856
4859.9			0.8665708408326142
4860.8			0.7734196331587836
4861.7			0.7862266824308364
4862.6			0.873977757640212
4863.5			0.9278457010711176
4864.4			0.944264196459699
4865.3			0.9758811649109594
4866.2			1.0038786257353176
4867.1			1.0
4868.0			1.0
4868.9			1.0085828885585
4869.8			0.9710207425644716
4870.7			0.8705190890976715
4871.6			0.8184572096777063
4872.5			0.8779509385899477
4873.4			0.966921373321313
4874.3			1.0028191692514279
4875.2			1.0
4876.1			1.0
4877.0			1.0
4877.9			1.0
4878.8			1.0
4879.7			1.0
4880.6			1.0
4881.5			1.0
4882.4			1.0
4883.3			1.0
4884.2			0.9551980318435369
4885.1			0.8762562105381649
4886.0			0.8387675692517051
4886.9			0.856404103763852
4887.8			0.889079393961599
4888.7			0.9016340440873704
4889.6			0.8630670584521697
4890.5			0.7887622511054382
4891.4			0.7819977987763216
4892.3			0.8782189020277233
4893.2			0.9894075870154404
4894.1			1.0597199628925744
4895.0			1.086801345286654
4895.9			1.0771264066790482
4896.8			1.0572518749453341
4897.7			1.040341542417107
4898.6			1.0023440603764742
4899.5			1.0
4900.4			1.0
4901.3			1.0
4902.2			1.0
4903.1			1.0
4904.0			1.0
4904.9			1.0
4905.8			1.0454017238749922
4906.7			1.0344341534701842
4907.6			0.9793321850202259
4908.5			0.9165811307316374
4909.4			0.8653637893097496
4910.3			0.844651174510915
4911.2			0.8638658823701324
4912.1			0.9029453539567962
4913.0			0.9362957558119915
4913.9			0.9664022830118277
4914.8			1.0
4915.7			1.0290463082523809
4916.6			1.008509786940263
4917.5			0.9301932242888842
4918.4			0.8216560180925884
4919.3			0.7382217509677665
4920.2			0.7339726874096467
4921.1			0.8195616566077
4922.0			0.9371185536204615
4922.9			1.0022783235593171
4923.8			1.0001686134789345
4924.7			1.0067898962444215
4925.6			1.0
4926.5			1.0
4927.4			1.0
4928.3			1.0
4929.2			1.0
4930.1			1.0
4931.0			1.0
4931.9			1.0
4932.8			1.0
4933.7			1.0
4934.6			1.024169713336606
4935.5			1.047412770639435
4936.4			0.9872090319670211
4937.3			0.8751940437288747
4938.2			0.7941896050800107
4939.1			0.7981526269563514
4940.0			0.8774514040033794
4940.9			0.9579073075115999
4941.8			0.9910929329257969
4942.7			1.0
4943.6			1.0
4944.5			1.0
4945.4			1.0
4946.3			1.0
4947.2			1.0
4948.1			1.0
4949.0			1.0
4949.9			1.0
4950.8			1.0
4951.7			1.0
4952.6			1.0
4953.5			1.0
4954.4			1.0083668413917342
4955.3			0.996360555350784
4956.2			0.8902833336354367
4957.1			0.7584666064671515
4958.0			0.7582197640746268
4958.9			1.0
4959.8			1.118693460319363
4960.7			1.1314943150870078
4961.6			1.1013930104183263
4962.5			1.0999869532434552
4963.4			1.095295797367667
4964.3			1.0315127385813287
4965.2			0.9480062215158755
4966.1			0.9153084798138867
4967.0			0.9190343443612655
4967.9			0.9222869857363377
4968.8			0.9284813932986022
4969.7			0.9328600261647638
4970.6			0.9398434198258481
4971.5			0.9646908290620545
4972.4			0.9935841437451438
4973.3			1.0
4974.2			1.0
4975.1			1.0
4976.0			1.0
4976.9			1.0
4977.8			1.0
4978.7			0.9665292352081718
4979.6			0.9674911501552269
4980.5			0.9621758864783986
4981.4			0.9070971516006792
4982.3			0.8329852553377068
4983.2			0.8074185268046535
4984.1			0.8328228709957697
4985.0			0.8695816975937228
4985.9			0.9141545164956721
4986.8			0.9671802747611357
4987.7			0.9965560984263403
4988.6			1.0
4989.5			1.0
4990.4			1.0
4991.3			1.0
4992.2			1.0
4993.1			1.0
4994.0			1.0
4994.9			1.0
4995.8			1.0
4996.7			1.0
4997.6			1.0
4998.5			1.0
4999.4			1.0
5000.3			0.9803100564537706
5001.2			0.9818501675655803
5002.1			0.9861533352224261
5003.0			0.9866037980817237
5003.9			0.9678114329382859
5004.8			0.9149543334665878
5005.7			0.865867085898307
5006.6			0.8931237618373665
5007.5			0.9955212159285993
5008.4			1.0738472764510547
5009.3			1.0792741772947079
5010.2			1.0528194688511228
5011.1			1.0074716347800114
5012.0			0.9449359138037111
5012.9			0.8919391029566052
5013.8			0.8759732685667289
5014.7			0.9163895237898798
5015.6			0.9793934425485924
5016.5			0.9938656033931565
5017.4			0.9644107196966163
5018.3			0.9588476623770855
5019.2			0.9918684114224136
5020.1			1.0148655250367102
5021.0			0.9949097419277503
5021.9			0.969157810981933
5022.8			0.992545717900508
5023.7			1.0459829230549407
5024.6			1.084230144092877
5025.5			1.0910521203779728
5026.4			1.0470251807007684
5027.3			1.000755844005918
5028.2			1.0
5029.1			1.0
5030.0			1.0
5030.9			1.0
5031.8			1.0
5032.7			1.0
5033.6			1.0
5034.5			1.0
5035.4			1.0
5036.3			1.0
5037.2			1.0168421861793056
5038.1			0.9956358706614917
5039.0			0.9134044324965785
5039.9			0.7945556929966311
5040.8			0.7143494567250607
5041.7			0.7599212480272334
5042.6			0.8819760942003474
5043.5			0.9688229046457061
5044.4			1.007938729160295
5045.3			1.0
5046.2			1.0
5047.1			1.0
5048.0			1.0
5048.9			1.0
5049.8			1.0
5050.7			1.0
5051.6			1.0
5052.5			1.0
5053.4			1.0
5054.3			1.0
5055.2			1.0
5056.1			1.0
5057.0			1.0
5057.9			1.0
5058.8			1.0
5059.7			1.0
5060.6			1.0348148565810353
5061.5			1.063469589120568
5062.4			1.0594336073020072
5063.3			0.9939915517022386
5064.2			0.9017433120385376
5065.1			0.8762318755679219
5066.0			0.9187919667558555
5066.9			0.9422220730098977
5067.8			0.9306341068653968
5068.7			0.94580455106141
5069.6			1.0006947723123765
5070.5			1.0
5071.4			1.0
5072.3			1.0
5073.2			1.0
5074.1			1.03356736790211
5075.0			1.025194083205514
5075.9			1.0204841304676524
5076.8			1.046118713748286
5077.7			1.028820508805757
5078.6			0.9204960566992404
5079.5			0.8152866870212798
5080.4			0.8177540053737428
5081.3			0.8943882875525206
5082.2			0.9427887606644993
5083.1			0.9500803641616817
5084.0			0.9675770139196952
5084.9			0.9999941738112641
5085.8			1.0
5086.7			1.0
5087.6			1.0
5088.5			1.0
5089.4			1.0
5090.3			1.0
5091.2			1.0
5092.1			1.0
5093.0			1.0
5093.9			1.0
5094.8			0.9803463789015847
5095.7			0.948904674948497
5096.6			0.906839751899345
5097.5			0.8459264515644724
5098.4			0.7884763356520139
5099.3			0.8053926129504679
5100.2			0.8956449158019205
5101.1			0.9794276935101391
5102.0			1.003507962188703
5102.9			1.0
5103.8			1.0
5104.7			0.9900174271549765
5105.6			0.9872223484012153
5106.5			0.955528188213905
5107.4			0.9190904227411906
5108.3			0.9089733631241101
5109.2			0.897241580448872
5110.1			0.891664286609373
5111.0			0.9275628666390234
5111.9			0.9700256313115998
5112.8			0.9854532305379163
5113.7			0.9912954982915376
5114.6			1.0
5115.5			1.012819748384132
5116.4			1.0407515384964765
5117.3			1.0689592681785443
5118.2			1.0776571452980581
5119.1			1.059300298899757
5120.0			1.0216738732565578
5120.9			0.9845470455053434
5121.8			0.9469470323585975
5122.7			0.8904087037879794
5123.6			0.8483063207620597
5124.5			0.8570229613195721
5125.4			0.8899318379099831
5126.3			0.9061376924959506
5127.2			0.9039530835692444
5128.1			0.8989647786988123
5129.0			0.9011673286937949
5129.9			0.9270746711910599
5130.8			0.9666660447098308
5131.7			0.9993458567265947
5132.6			1.0
5133.5			1.0
5134.4			1.0
5135.3			1.0
5136.2			0.963273124505172
5137.1			0.9163680018039231
5138.0			0.8740234692162395
5138.9			0.8497283666753151
5139.8			0.8953075624974867
5140.7			0.9399762893650219
5141.6			0.8952573883570052
5142.5			0.85034163554677
5143.4			0.8843148288111405
5144.3			0.922352028837891
5145.2			0.9032691550218807
5146.1			0.8665671673119205
5147.0			0.8488780167805909
5147.9			0.8610355082733853
5148.8			0.8929849515470558
5149.7			0.9027137217605902
5150.6			0.8826508836289855
5151.5			0.8711754617866441
5152.4			0.8755949637362688
5153.3			0.8799489916294994
5154.2			0.8910749320900662
5155.1			0.9159657050917491
5156.0			0.9517845834171529
5156.9			0.9877548264844322
5157.8			1.0001602766587299
5158.7			1.0
5159.6			1.0
5160.5			1.0
5161.4			1.0
5162.3			0.9655424235374415
5163.2			0.9515234874248654
5164.1			0.9156527200234156
5165.0			0.841610870167022
5165.9			0.7372382087061159
5166.8			0.6442491428259733
5167.7			0.6409065519588558
5168.6			0.764841075693711
5169.5			0.9338709395400696
5170.4			0.9662924172429637
5171.3			0.8087222401854902
5172.2			0.6471126836833404
5173.1			0.7021622624676505
5174.0			0.9460785529825968
5174.9			1.1494917252943835
5175.8			1.21160185176405
5176.7			1.237194980231458
5177.6			1.2894802036172892
5178.5			1.3257626227866448
5179.4			1.0
5180.3			0.9774939300543979
5181.2			0.9070284255973529
5182.1			0.7490018808605622
5183.0			0.5799420783140444
5183.9			0.587631579718683
5184.8			0.7853218429708938
5185.7			0.9965388980485185
5186.6			1.0
5187.5			1.0076363914354098
5188.4			1.008397393420496
5189.3			1.0596473219192686
5190.2			1.0653196881008171
5191.1			0.9501409310483679
5192.0			0.8489524671064299
5192.9			0.8804600487250039
5193.8			0.9525650656768837
5194.7			0.9661386827178461
5195.6			0.9647022585333132
5196.5			0.9997647503768119
5197.4			1.0
5198.3			1.0
5199.2			1.0
5200.1			1.0
5201.0			1.0
5201.9			0.9949818765532913
5202.8			0.9899254682936948
5203.7			0.9417334945950824
5204.6			0.8538113205886928
5205.5			0.8078315330029487
5206.4			0.8239131226553527
5207.3			0.8144509559495097
5208.2			0.7867863596163008
5209.1			0.8199260211561799
5210.0			0.8929079741199336
5210.9			0.9616114385524894
5211.8			1.0171832204040407
5212.7			1.0575220165507815
5213.6			1.056309917745056
5214.5			1.0031721358623513
5215.4			1.0
5216.3			1.0
5217.2			1.0
5218.1			1.0
5219.0			1.0
5219.9			1.0
5220.8			1.0
5221.7			1.0
5222.6			0.9610140931379757
5223.5			0.9028914725677459
5224.4			0.8410550346941471
5225.3			0.7762787203245257
5226.2			0.7168682036398777
5227.1			0.7358524323603516
5228.0			0.8561299595367713
5228.9			0.9626941577606214
5229.8			0.9995314832526273
5230.7			1.0
5231.6			1.0
5232.5			1.0
5233.4			1.0
5234.3			1.0
5235.2			1.0
5236.1			1.0
5237.0			1.0
5237.9			1.0
5238.8			1.0
5239.7			1.0
5240.6			1.0139513554278277
5241.5			1.0210976166084738
5242.4			1.0058207629008018
5243.3			1.0131450986584962
5244.2			1.0537391927476
5245.1			1.0490086888701737
5246.0			0.9620191992975571
5246.9			0.8810566642950709
5247.8			0.8850266300711758
5248.7			0.9105370367559324
5249.6			0.8812294120464099
5250.5			0.8567748803195809
5251.4			0.893597448276223
5252.3			0.9449579015622781
5253.2			0.9526625751762869
5254.1			0.9055057278928531
5255.0			0.872253837099808
5255.9			0.9282983237658389
5256.8			1.0208714454651333
5257.7			1.0711392451342403
5258.6			1.0737349632145259
5259.5			1.0
5260.4			0.951720380781889
5261.3			0.8821280500823817
5262.2			0.8044328114627759
5263.1			0.7421635154754028
5264.0			0.7017744363974595
5264.9			0.6635729279860195
5265.8			0.6592912085048235
5266.7			0.7292224455321753
5267.6			0.7782967806070067
5268.5			0.6920670856882215
5269.4			0.5790628534647423
5270.3			0.6184031014360769
5271.2			0.7653330819827873
5272.1			0.858475355497931
5273.0			0.8699557699558965
5273.9			0.8503638560951572
5274.8			0.8168025067413904
5275.7			0.8282736964486935
5276.6			0.9127216724586567
5277.5			0.9886325465924981
5278.4			1.0
5279.3			0.9612884899618318
5280.2			0.907719422965683
5281.1			0.8763930550105017
5282.0			0.8619789632833708
5282.9			0.8365927067272466
5283.8			0.831119451369222
5284.7			0.900498389037815
5285.6			1.002283414519399
5286.5			1.0456787240748473
5287.4			1.0236258054034797
5288.3			1.0003917394222999
5289.2			1.0
5290.1			1.0
5291.0			1.0
5291.9			0.9799565254534712
5292.8			0.9495058918441304
5293.7			0.9460617200982947
5294.6			0.956839223907611
5295.5			0.9297672388508585
5296.4			0.8520456426435106
5297.3			0.7758591960996433
5298.2			0.7864075516111266
5299.1			0.8775317064201423
5300.0			0.9358098447514039
5300.9			0.9328018136536597
5301.8			0.9400227339149947
5302.7			0.9918842642397947
5303.6			1.0
5304.5			1.0
5305.4			1.0
5306.3			1.0
5307.2			1.0
5308.1			1.0
5309.0			1.0
5309.9			1.0
5310.8			1.0
5311.7			1.0
5312.6			1.0
5313.5			1.0
5314.4			1.0
5315.3			1.0
5316.2			1.0
5317.1			1.0
5318.0			1.0
5318.9			1.0
5319.8			1.0
5320.7			1.0
5321.6			1.0
5322.5			1.0
5323.4			1.0
5324.3			0.9649737288289931
5325.2			0.9862375918677733
5326.1			0.9648807104846525
5327.0			0.829382615484357
5327.9			0.6960522189778989
5328.8			0.7263996081164206
5329.7			0.8779396000258544
5330.6			0.9886142255226072
5331.5			0.9943362360950101
5332.4			1.0
5333.3			1.0
5334.2			1.0
5335.1			1.0
5336.0			1.0
5336.9			1.0
5337.8			0.9966247146871953
5338.7			0.9558722748781316
5339.6			0.8699838796559775
5340.5			0.8327957700854797
5341.4			0.8886263333590799
5342.3			0.9645685219324706
5343.2			1.0003603133192016
5344.1			1.0
5345.0			1.0
5345.9			1.0
5346.8			1.0
5347.7			1.0
5348.6			1.0
5349.5			1.0
5350.4			1.0
5351.3			1.0
5352.2			1.0
5353.1			1.0
5354.0			1.0
5354.9			1.0
5355.8			1.0
5356.7			1.0
5357.6			1.0
5358.5			1.0
5359.4			1.0
5360.3			1.0
5361.2			1.0
5362.1			1.0
5363.0			1.0
5363.9			1.0
5364.8			1.0
5365.7			1.0
5366.6			1.0
5367.5			0.9874125274995665
5368.4			0.9603120453411297
5369.3			0.8908906318196138
5370.2			0.8023647395490661
5371.1			0.7742173953078952
5372.0			0.8412028141343363
5372.9			0.9319706902465186
5373.8			0.9823011968120138
5374.7			0.9912455853712033
5375.6			1.0
5376.5			1.0
5377.4			1.0
5378.3			1.0
5379.2			1.0
5380.1			1.0
5381.0			1.0
5381.9			1.0
5382.8			1.0
5383.7			1.0
5384.6			1.0
5385.5			1.0
5386.4			1.0
5387.3			1.0
5388.2			1.0
5389.1			1.0
5390.0			1.0
5390.9			1.0
5391.8			1.0
5392.7			1.0
5393.6			1.0
5394.5			1.0
5395.4			1.0
5396.3			1.0
5397.2			0.9614042850085929
5398.1			1.017049046684874
5399.0			1.0724758553303868
5399.9			1.0725775827494204
5400.8			1.0667104998398746
5401.7			1.082926544659973
5402.6			1.067701025160029
5403.5			0.9845291692808096
5404.4			0.8780040685807399
5405.3			0.8158053421573606
5406.2			0.8348883901750196
5407.1			0.9049954286081607
5408.0			0.9455535460025043
5408.9			0.9192526051369355
5409.8			0.8874839558493607
5410.7			0.9143582017026475
5411.6			0.9713951857619118
5412.5			1.0015158011342051
5413.4			0.9922833739179516
5414.3			1.0
5415.2			1.0
5416.1			1.0
5417.0			1.0
5417.9			1.0
5418.8			1.0
5419.7			1.0
5420.6			1.0
5421.5			1.0
5422.4			1.0
5423.3			1.0
5424.2			1.0
5425.1			1.0
5426.0			1.0
5426.9			1.046501356715577
5427.8			1.010012763968063
5428.7			0.9050588966150674
5429.6			0.8627753143863996
5430.5			0.9377632800923486
5431.4			1.0083680900361582
5432.3			1.0039438390343514
5433.2			1.0
5434.1			1.0
5435.0			1.0
5435.9			1.0
5436.8			1.0
5437.7			1.0
5438.6			1.0
5439.5			1.0
5440.4			1.0
5441.3			1.0
5442.2			1.0
5443.1			1.0
5444.0			0.968889678025203
5444.9			0.9097784222200784
5445.8			0.8321302181467877
5446.7			0.7988545922797948
5447.6			0.854079563021773
5448.5			0.9442555102987465
5449.4			1.000006170790244
5450.3			1.0
5451.2			1.0
5452.1			1.0
5453.0			0.9650005817457852
5453.9			0.9095317597457195
5454.8			0.8394368723199279
5455.7			0.8229721986617379
5456.6			0.8854062447334279
5457.5			0.9655262627267838
5458.4			1.0030624887064297
5459.3			1.0
5460.2			1.0
5461.1			1.0
5462.0			1.0
5462.9			1.0
5463.8			1.0
5464.7			1.0
5465.6			1.0
5466.5			1.0
5467.4			1.0
5468.3			1.0
5469.2			1.0
5470.1			1.0
5471.0			1.0152645277755477
5471.9			1.0280887766760696
5472.8			1.0065986714700474
5473.7			1.0055070813263773
5474.6			1.019471892331124
5475.5			0.9673135694612183
5476.4			0.8988340313836601
5477.3			0.9334866795669611
5478.2			1.0459850622317783
5479.1			1.1080567685932472
5480.0			1.0622393854891052
5480.9			0.9983908105679564
5481.8			1.0035033109856124
5482.7			1.0
5483.6			1.0
5484.5			1.053095558176225
5485.4			1.0637396466706082
5486.3			1.0067290575123524
5487.2			0.9440488200405424
5488.1			0.9407406129148557
5489.0			0.9622075658834696
5489.9			0.9758923851990526
5490.8			0.9953572124004205
5491.7			1.0011333931850572
5492.6			1.0
5493.5			1.0
5494.4			1.0
5495.3			1.0
5496.2			1.0
5497.1			1.0
5498.0			1.0
5498.9			1.0
5499.8			1.0
5500.7			1.0
5501.6			1.0
5502.5			1.0
5503.4			1.0
5504.3			1.0
5505.2			1.0
5506.1			0.9656128232656515
5507.0			0.9876485163058386
5507.9			1.029623820887557
5508.8			1.0333513489632846
5509.7			1.0132357474016571
5510.6			0.9812477093352924
5511.5			0.9314742155869312
5512.4			0.8996489559829294
5513.3			0.8978558701597185
5514.2			0.9129250750426822
5515.1			0.9246307126912884
5516.0			0.9258318079582502
5516.9			0.9440841755321192
5517.8			0.9801227560370679
5518.7			0.9974866658155345
5519.6			1.0
5520.5			1.0
5521.4			1.0
5522.3			1.0
5523.2			1.0
5524.1			0.9965989946702531
5525.0			0.9864770457938932
5525.9			0.973850367939423
5526.8			0.940430670709107
5527.7			0.8995052350093418
5528.6			0.903976690233406
5529.5			0.9538794057206962
5530.4			0.9978562168347241
5531.3			1.001230023151979
5532.2			1.0
5533.1			1.0
5534.0			1.0
5534.9			1.0
5535.8			1.0
5536.7			1.0
5537.6			1.0
5538.5			1.0
5539.4			1.0
5540.3			1.0
5541.2			1.0
5542.1			1.0
5543.0			1.0
5543.9			1.0
5544.8			1.0
5545.7			1.0
5546.6			1.0
5547.5			1.0
5548.4			1.0
5549.3			1.0
5550.200000000001			1.0
5551.1			1.0
5552.0			1.0
5552.9			1.0
5553.8			1.0
5554.700000000001			1.0
5555.6			1.0
5556.5			1.0
5557.4			1.0
5558.3			1.0
5559.200000000001			1.0
5560.1			1.0
5561.0			1.0
5561.9			1.0
5562.8			1.0
5563.700000000001			1.0
5564.6			1.0
5565.5			1.0
5566.4			1.0
5567.3			1.0
5568.200000000001			1.0
5569.1			1.0
5570.0			1.0
5570.9			1.0
5571.8			1.0
5572.700000000001			1.0
5573.6			1.0
5574.5			1.0
5575.4			1.0
5576.3			1.0
5577.200000000001			1.0
5578.1			1.0
5579.0			0.9937926281288711
5579.9			1.0021864453402842
5580.8			1.0042986767842386
5581.700000000001			0.9933487631906648
5582.6			0.9846706018056991
5583.5			0.9767936606073104
5584.4			0.9586921787657693
5585.3			0.9245475135084718
5586.200000000001			0.8775188977277276
5587.1			0.836750512117536
5588.0			0.8249187429053761
5588.9			0.8394078079662182
5589.8			0.8656134429741862
5590.700000000001			0.892472255702275
5591.6			0.9070095903167804
5592.5			0.9110177608399601
5593.4			0.907284534766194
5594.3			0.9090465814057087
5595.200000000001			0.9466893521803594
5596.1			0.9976418704377142
5597.0			1.0
5597.9			0.9582432278971879
5598.8			0.9255585717967136
5599.700000000001			0.9057314626072992
5600.6			0.8808546073905413
5601.5			0.8557014910482323
5602.4			0.8452300372434003
5603.3			0.8729299631477311
5604.200000000001			0.9316431710392712
5605.1			0.9817754576226041
5606.0			1.002566967528762
5606.9			1.0004001583558428
5607.8			1.0
5608.700000000001			1.0
5609.6			1.0
5610.5			1.0
5611.4			1.0
5612.3			1.0200778966062285
5613.200000000001			1.0113412540270863
5614.1			0.9459716675825931
5615.0			0.8654353385740455
5615.9			0.8593482379725352
5616.8			0.9276821206809577
5617.700000000001			0.9860216154746607
5618.6			0.9988773133513391
5619.5			0.9993492472905714
5620.4			1.0
5621.3			1.0
5622.200000000001			1.0167761605315266
5623.1			0.9835599001142427
5624.0			0.9217858992286219
5624.9			0.8908651211665334
5625.8			0.9204069904240332
5626.700000000001			0.9660193726125502
5627.6			0.9968224880617452
5628.5			1.0
5629.4			1.0
5630.3			1.0
5631.200000000001			1.0
5632.1			1.0
5633.0			1.0
5633.9			1.0
5634.8			1.0
5635.700000000001			1.0
5636.6			1.0
5637.5			1.0
5638.4			1.0
5639.3			1.0
5640.200000000001			1.0
5641.1			1.0
5642.0			1.0
5642.9			1.0
5643.8			1.0
5644.700000000001			1.0
5645.6			1.0
5646.5			1.0
5647.4			1.0
5648.3			1.0
5649.200000000001			1.0
5650.1			1.0
5651.0			1.0
5651.9			1.0
5652.8			1.002518716128909
5653.700000000001			0.9719114977137282
5654.6			0.9387060472820246
5655.5			0.9461662558499296
5656.4			0.9659326368202984
5657.3			0.9315522130391178
5658.200000000001			0.8684888801424925
5659.1			0.8634487638519736
5660.0			0.9103809900148017
5660.9			0.935417952429852
5661.8			0.9235355306726069
5662.700000000001			0.9200441210508781
5663.6			0.9495095151707337
5664.5			0.9858765904445669
5665.4			0.9997091056251939
5666.3			1.0
5667.200000000001			1.0
5668.1			1.0
5669.0			1.0
5669.9			1.0
5670.8			1.0
5671.700000000001			1.0
5672.6			1.0
5673.5			1.0
5674.4			1.0
5675.3			1.0
5676.200000000001			1.0
5677.1			1.0
5678.0			1.0
5678.9			1.0
5679.8			0.9964509507319775
5680.700000000001			0.9929086355306791
5681.6			0.9668234408078646
5682.5			0.9351233304312327
5683.4			0.9369364820745444
5684.3			0.9604544688882171
5685.200000000001			0.9673237720052289
5686.1			0.9491479775861399
5687.0			0.9289423616477485
5687.9			0.9256687590571631
5688.8			0.9437811262630252
5689.700000000001			0.9703280725301372
5690.6			0.9882680313108972
5691.5			1.0008793897791055
5692.4			1.0154884750197493
5693.3			1.0177329564695679
5694.200000000001			1.0038198416043993
5695.1			0.9939383674229002
5696.0			1.0000057136155875
5696.9			1.0
5697.8			1.0
5698.700000000001			1.0
5699.6			1.0
5700.5			0.976562577013405
5701.4			0.9501064278767754
5702.3			0.9501645560065347
5703.200000000001			0.9791571478599953
5704.1			1.0040044565297188
5705.0			0.9929347755714896
5705.9			0.9527127693555648
5706.8			0.9182860809029679
5707.700000000001			0.895903478770768
5708.6			0.8774039878665132
5709.5			0.8788976094706292
5710.4			0.8891281394209826
5711.3			0.8878705049924496
5712.200000000001			0.9021910416013477
5713.1			0.9414443018365122
5714.0			0.9715428697800775
5714.9			0.9821463173992411
5715.8			0.9923810556741914
5716.700000000001			0.9985289539750525
5717.6			1.0
5718.5			1.0
5719.4			1.0
5720.3			1.0
5721.200000000001			1.0
5722.1			1.0
5723.0			1.0
5723.9			1.0
5724.8			1.0
5725.700000000001			1.0
5726.6			1.0
5727.5			1.0
5728.4			1.0
5729.3			1.0
5730.200000000001			1.0
5731.1			1.0
5732.0			1.0
5732.9			1.0
5733.8			1.0
5734.700000000001			1.0
5735.6			1.0
5736.5			1.0
5737.4			1.0
5738.3			1.0
5739.200000000001			1.0
5740.1			1.0
5741.0			1.0
5741.9			1.0
5742.8			1.0
5743.700000000001			1.0
5744.6			1.0
5745.5			1.0
5746.4			1.0
5747.3			1.0
5748.200000000001			1.0
5749.1			1.0
5750.0			1.0359241137622435
5750.9			1.0390228117703626
5751.8			1.0033125577796178
5752.700000000001			0.9451381961096651
5753.6			0.8965621648086668
5754.5			0.8956335127129825
5755.4			0.9385468248611368
5756.3			0.9795187846861803
5757.200000000001			0.9969774578724159
5758.1			1.0
5759.0			0.9788909884965697
5759.9			0.9444410835519927
5760.8			0.9080744103885775
5761.700000000001			0.8760198358109761
5762.6			0.8701357488837789
5763.5			0.9085797196703991
5764.4			0.962787722435982
5765.3			0.9916302309114342
5766.200000000001			0.9968437410537211
5767.1			1.0
5768.0			1.0
5768.9			1.0
5769.8			1.0
5770.700000000001			1.0
5771.6			1.0
5772.5			1.0
5773.4			1.0
5774.3			0.9918137839625714
5775.200000000001			0.9972940633467875
5776.1			1.0181771064870961
5777.0			1.0338840124181115
5777.9			1.0328221279321221
5778.8			1.0070957980074091
5779.700000000001			0.9510229103741181
5780.6			0.8818533079918808
5781.5			0.8479003184618635
5782.4			0.8666597975070818
5783.3			0.8947008669628057
5784.200000000001			0.8846961509658321
5785.1			0.8596526721056161
5786.0			0.8794549232058243
5786.9			0.9352302614684163
5787.8			0.9787643708389345
5788.700000000001			0.9999546324213787
5789.6			1.0
5790.5			1.0
5791.4			1.0
5792.3			1.0
5793.200000000001			1.0
5794.1			1.0
5795.0			1.0
5795.9			1.0
5796.8			1.0
5797.700000000001			1.0
5798.6			1.0
5799.5			1.0
5800.4			1.0
5801.3			1.0
5802.200000000001			1.0
5803.1			1.0
5804.0			1.0
5804.9			1.0
5805.8			1.0
5806.700000000001			1.0
5807.6			1.0
5808.5			1.0
5809.4			1.0
5810.3			1.0
5811.200000000001			1.0
5812.1			1.0
5813.0			0.9966310493491559
5813.9			0.9821073580721648
5814.8			0.9539916199835625
5815.700000000001			0.9224699051718895
5816.6			0.9223681084036932
5817.5			0.9613335767558288
5818.4			1.0012207835744977
5819.3			1.0
5820.200000000001			1.0
5821.1			1.0
5822.0			1.0
5822.9			1.0
5823.8			1.0
5824.700000000001			1.0
5825.6			1.0
5826.5			1.0
5827.4			1.0
5828.3			1.0
5829.200000000001			1.0
5830.1			1.0
5831.0			1.0
5831.9			1.0
5832.8			1.0
5833.700000000001			1.0
5834.6			1.0
5835.5			1.0
5836.4			1.0
5837.3			1.0
5838.200000000001			1.0
5839.1			1.0
5840.0			1.0
5840.9			1.0
5841.8			1.0
5842.700000000001			1.0
5843.6			1.0
5844.5			1.0
5845.4			1.0
5846.3			1.0
5847.200000000001			1.0
5848.1			1.0
5849.0			1.0
5849.9			1.0
5850.8			1.0
5851.700000000001			1.0
5852.6			1.0
5853.5			1.0
5854.4			1.0079016006705266
5855.3			1.014792690787787
5856.200000000001			0.9857596559784734
5857.1			0.9355445383376272
5858.0			0.9136444998135772
5858.9			0.9362786532855838
5859.8			0.9744100870750622
5860.700000000001			1.0012011237627325
5861.6			0.9989886341717388
5862.5			1.0
5863.4			1.0
5864.3			1.0
5865.200000000001			1.0
5866.1			1.0
5867.0			1.0
5867.9			1.0
5868.8			1.0
5869.700000000001			1.0
5870.6			1.0
5871.5			1.0
5872.4			1.0
5873.3			1.0
5874.200000000001			1.0
5875.1			1.0
5876.0			1.0
5876.9			1.0
5877.8			1.0
5878.700000000001			1.0
5879.6			1.0
5880.5			1.0
5881.4			1.0
5882.3			1.0
5883.200000000001			1.0
5884.1			1.0
5885.0			1.0
5885.9			1.0
5886.8			1.0048454313489594
5887.700000000001			0.9482575450254276
5888.6			0.8077442426258037
5889.5			0.6497095439662206
5890.4			0.6298677153861142
5891.3			0.7627429015329117
5892.200000000001			0.9066620806886757
5893.1			0.9919662601625652
5894.0			1.002543860523845
5894.9			1.0
5895.8			1.0
5896.700000000001			1.0
5897.6			1.0
5898.5			1.0
5899.4			1.0
5900.3			1.0
5901.200000000001			1.0
5902.1			1.0
5903.0			1.0
5903.9			1.0
5904.8			1.0
5905.700000000001			1.0
5906.6			1.0
5907.5			1.0
5908.4			1.0
5909.3			1.0
5910.200000000001			1.0
5911.1			1.0
5912.0			1.0
5912.9			1.0
5913.8			1.0
5914.700000000001			1.0
5915.6			1.0
5916.5			1.0
5917.4			1.0
5918.3			1.0
5919.200000000001			1.0
5920.1			1.0
5921.0			1.0
5921.9			1.0
5922.8			1.0
5923.700000000001			1.0
5924.6			1.0
5925.5			1.0
5926.4			1.0
5927.3			1.0
5928.200000000001			1.0
5929.1			1.0
5930.0			1.0
5930.9			1.0
5931.8			1.0
5932.700000000001			1.0
5933.6			1.0
5934.5			1.0
5935.4			1.0
5936.3			1.0
5937.200000000001			1.0
5938.1			1.0
5939.0			1.0
5939.9			1.0
5940.8			1.0
5941.700000000001			1.0
5942.6			1.0
5943.5			1.0
5944.4			1.0
5945.3			1.0
5946.200000000001			1.0
5947.1			1.0
5948.0			1.0
5948.9			1.0
5949.8			1.0
5950.700000000001			1.0
5951.6			1.0
5952.5			1.0
5953.4			1.0
5954.3			1.0
5955.200000000001			1.0
5956.1			1.0
5957.0			1.0
5957.9			1.0
5958.8			1.0
5959.700000000001			1.0
5960.6			1.0
5961.5			1.0
5962.4			1.0
5963.3			1.0
5964.200000000001			1.0
5965.1			1.0
5966.0			1.0
5966.9			1.0
5967.8			1.0
5968.700000000001			1.0
5969.6			1.0
5970.5			1.0
5971.4			1.0
5972.3			1.0
5973.200000000001			1.0
5974.1			1.0
5975.0			1.0
5975.9			1.0
5976.8			1.0
5977.700000000001			1.0
5978.6			1.0
5979.5			1.0
5980.4			1.0235528024750142
5981.3			1.026030491840034
5982.200000000001			1.0053207974109024
5983.1			0.9615063934382814
5984.0			0.9253631822924663
5984.9			0.9327491131559615
5985.8			0.9694149362669041
5986.700000000001			0.9922371873588828
5987.6			1.000633825039297
5988.5			1.0
5989.4			1.0
5990.3			1.0
5991.200000000001			1.0
5992.1			1.0
5993.0			1.0
5993.9			1.0
5994.8			1.0
5995.700000000001			1.0
5996.6			1.0
5997.5			1.0
5998.4			1.0
5999.3			1.0
6000.200000000001			1.0
6001.1			1.0
6002.0			1.0
6002.9			1.0
6003.8			1.0
6004.700000000001			1.0126304010693716
6005.6			1.006354084368318
6006.5			0.97967771303118
6007.4			0.9411949108610098
6008.3			0.9327432024933003
6009.200000000001			0.9734484540853019
6010.1			1.0233559775697045
6011.0			1.0334147861727905
6011.9			1.0000534692914478
6012.8			1.0
6013.700000000001			1.0
6014.6			1.0
6015.5			1.0
6016.4			1.0
6017.3			1.0
6018.200000000001			1.0
6019.1			1.0
6020.0			1.0
6020.9			1.0
6021.8			1.0
6022.700000000001			1.0
6023.6			1.0
6024.5			1.0
6025.4			1.0
6026.3			1.0
6027.200000000001			1.0
6028.1			1.0
6029.0			1.0
6029.9			1.0
6030.8			1.0
6031.700000000001			1.0
6032.6			1.0
6033.5			1.0
6034.4			1.0
6035.3			1.0
6036.200000000001			1.0
6037.1			1.0
6038.0			1.0
6038.9			1.0
6039.8			1.0
6040.700000000001			1.0
6041.6			1.0
6042.5			1.0
6043.4			1.0
6044.3			1.0
6045.200000000001			1.0
6046.1			1.0
6047.0			1.0
6047.9			1.0
6048.8			1.0
6049.700000000001			1.0
6050.6			1.0
6051.5			1.0
6052.4			1.0
6053.3			1.0
6054.200000000001			1.0
6055.1			1.0
6056.0			1.0
6056.9			1.0
6057.8			1.0
6058.700000000001			1.0
6059.6			1.0
6060.5			1.0
6061.4			0.9853903594307133
6062.3			0.9691146421197725
6063.200000000001			0.953895950197303
6064.1			0.9299142043931912
6065.0			0.9028975406145772
6065.9			0.9122882440896835
6066.8			0.9530325309392956
6067.700000000001			0.9853127960940882
6068.6			0.9968294532516978
6069.5			1.0
6070.4			1.0
6071.3			1.0
6072.200000000001			1.0
6073.1			1.0
6074.0			1.0
6074.9			1.0
6075.8			1.0
6076.700000000001			1.0
6077.6			1.0
6078.5			1.0
6079.4			1.0
6080.3			1.0
6081.200000000001			1.0
6082.1			1.0
6083.0			1.0
6083.9			1.0
6084.8			1.0
6085.700000000001			1.0
6086.6			1.0
6087.5			1.0
6088.4			1.0
6089.3			1.0
6090.200000000001			1.0
6091.1			1.0
6092.0			1.0
6092.9			1.0
6093.8			1.0
6094.700000000001			1.0
6095.6			1.0
6096.5			1.0
6097.4			1.0
6098.3			1.0
6099.200000000001			1.0
6100.1			1.0
6101.0			0.9811945641180275
6101.9			0.9153001765394242
6102.8			0.8809776521625059
6103.700000000001			0.9271561433810442
6104.6			0.9914973581653094
6105.5			1.0
6106.4			1.0
6107.3			1.0
6108.200000000001			1.0
6109.1			1.0
6110.0			1.0
6110.9			1.0
6111.8			1.0
6112.700000000001			1.0
6113.6			1.0
6114.5			1.0
6115.4			1.0
6116.3			1.0
6117.200000000001			1.0
6118.1			1.0064481895826662
6119.0			0.9893951507928102
6119.9			0.964526430023534
6120.8			0.9421863286208617
6121.700000000001			0.9185437830323405
6122.6			0.926235675896208
6123.5			0.9721819135731019
6124.4			1.0026746865948268
6125.3			0.9988895833687007
6126.200000000001			1.0
6127.1			1.0
6128.0			1.0
6128.9			1.0
6129.8			1.0
6130.700000000001			1.0
6131.6			1.0
6132.5			1.0
6133.4			1.0
6134.3			0.9739088969406566
6135.200000000001			0.9121515629947328
6136.1			0.8252864810629431
6137.0			0.774087373990504
6137.9			0.8206971593628616
6138.8			0.9271014627346912
6139.700000000001			0.9996993427407802
6140.6			1.0
6141.5			1.0
6142.4			1.0
6143.3			1.0
6144.200000000001			1.0
6145.1			1.0
6146.0			1.0
6146.9			1.0
6147.8			1.0
6148.700000000001			1.0
6149.6			1.0
6150.5			1.0
6151.4			1.0
6152.3			1.0
6153.200000000001			1.0
6154.1			1.0
6155.0			1.0
6155.9			1.0
6156.8			1.0
6157.700000000001			1.0
6158.6			1.0190797804775489
6159.5			1.0141059192880943
6160.4			0.9518453178555408
6161.3			0.870473187907631
6162.200000000001			0.8384721988455205
6163.1			0.8665804648397512
6164.0			0.9244070925883868
6164.9			0.975477801292009
6165.8			1.0010609660863716
6166.700000000001			1.0
6167.6			1.0
6168.5			1.0
6169.4			1.0
6170.3			1.0
6171.200000000001			1.0
6172.1			1.0
6173.0			1.0
6173.9			1.0
6174.8			1.0
6175.700000000001			1.0
6176.6			1.0
6177.5			1.0
6178.4			1.0
6179.3			1.0
6180.200000000001			1.0
6181.1			1.0
6182.0			1.0
6182.9			1.0
6183.8			1.0
6184.700000000001			1.0
6185.6			1.0
6186.5			1.0
6187.4			1.0
6188.3			0.9932767707190983
6189.200000000001			0.9942012176334238
6190.1			0.9630191274665789
6191.0			0.9040952396141626
6191.9			0.9013046241318143
6192.8			0.9591675623522286
6193.700000000001			1.002365436361722
6194.6			1.0
6195.5			1.0
6196.4			1.0
6197.3			1.0
6198.200000000001			0.9744340760761226
6199.1			0.929695758873027
6200.0			0.9151945083617221
6200.9			0.949230209565415
6201.8			0.9955977005532022
6202.700000000001			1.0
6203.6			1.0
6204.5			1.0
6205.4			1.0
6206.3			1.0
6207.200000000001			1.0
6208.1			1.0
6209.0			1.0
6209.9			1.0
6210.8			0.9951213995831318
6211.700000000001			0.9832489084685988
6212.6			0.9505375690158712
6213.5			0.910589598140247
6214.4			0.8901691779039032
6215.3			0.8981782540795095
6216.200000000001			0.93400483788569
6217.1			0.9817802063812364
6218.0			1.0015159843935866
6218.9			1.0
6219.8			1.0
6220.700000000001			1.0
6221.6			1.0
6222.5			1.0
6223.4			1.0
6224.3			1.0
6225.200000000001			1.0
6226.1			1.0
6227.0			1.0075981136498184
6227.9			1.0049805018233917
6228.8			0.9726513348973246
6229.700000000001			0.9037331475519532
6230.6			0.8580352316704745
6231.5			0.8718994328045487
6232.4			0.9065421298072485
6233.3			0.9498140893786092
6234.200000000001			1.0003399326997209
6235.1			1.0
6236.0			1.0087446338533308
6236.9			0.9886726239672612
6237.8			0.9632139765643555
6238.700000000001			0.9401149129775331
6239.6			0.9191167614596925
6240.5			0.9234399354434792
6241.4			0.9368933268909819
6242.3			0.914481727869968
6243.200000000001			0.8856840533364444
6244.1			0.898178201534057
6245.0			0.9217972341815996
6245.9			0.9350601695256525
6246.8			0.9627651148145736
6247.700000000001			1.003340140852346
6248.6			1.0
6249.5			0.9916070348023793
6250.4			0.9727471215672654
6251.3			0.9392190673758508
6252.200000000001			0.9005024979046957
6253.1			0.8816427447333548
6254.0			0.8880753566134754
6254.9			0.902225152106943
6255.8			0.8942887646871477
6256.700000000001			0.8724246792688785
6257.6			0.8475598680482629
6258.5			0.8464919931713974
6259.4			0.8866753229737536
6260.3			0.929151233317075
6261.200000000001			0.9563508561800564
6262.1			0.9914899871522866
6263.0			1.021213712887578
6263.9			1.007419558461032
6264.8			0.9644210450268008
6265.700000000001			0.9510505296056011
6266.6			0.9784385639537571
6267.5			1.0000746988550566
6268.4			1.0
6269.3			1.0
6270.200000000001			1.0
6271.1			1.0
6272.0			1.0
6272.9			1.0
6273.8			1.0
6274.700000000001			1.0
6275.6			1.0
6276.5			1.0
6277.4			1.0
6278.3			1.0
6279.200000000001			1.0
6280.1			1.0
6281.0			1.0
6281.9			1.0
6282.8			1.0
6283.700000000001			1.0
6284.6			1.0
6285.5			1.0
6286.4			1.0
6287.3			1.0
6288.200000000001			1.0
6289.1			1.0
6290.0			1.0
6290.9			1.0
6291.8			0.9903840064286195
6292.700000000001			0.988861249588854
6293.6			1.0029248511639328
6294.5			1.0213632651967266
6295.4			1.006956044010606
6296.3			0.9707537878208715
6297.200000000001			0.9522332171022894
6298.1			0.9619655544169823
6299.0			0.9820230304215486
6299.9			0.9880204778171362
6300.8			0.9710411871778587
6301.700000000001			0.9521850814854299
6302.6			0.958697490440168
6303.5			0.9876049126521613
6304.4			1.0068345665036398
6305.3			1.0063075229430147
6306.200000000001			1.022419658099945
6307.1			1.0550659769633581
6308.0			1.073697176891129
6308.9			1.0634361517298707
6309.8			1.0332170765224817
6310.700000000001			1.0
6311.6			0.9902722749367319
6312.5			1.0038132201921002
6313.4			1.002657619170931
6314.3			0.9659736244265489
6315.200000000001			0.9350784030309408
6316.1			0.9387681143130387
6317.0			0.9307738114388991
6317.9			0.899540388011309
6318.8			0.8991135944807302
6319.700000000001			0.9384876685459952
6320.6			0.9725083867619068
6321.5			0.9720003897829291
6322.4			0.9671959958743599
6323.3			0.9788354424099508
6324.200000000001			0.9975561982211048
6325.1			1.0
6326.0			1.0
6326.9			1.0
6327.8			1.0
6328.700000000001			1.0
6329.6			1.0
6330.5			1.0
6331.4			1.0
6332.3			1.0
6333.200000000001			1.017870847422927
6334.1			0.9957512122271951
6335.0			0.9446840193477072
6335.9			0.9181304182477212
6336.8			0.9460074184257131
6337.700000000001			0.9820279204414574
6338.6			0.993438912906134
6339.5			1.0
6340.4			1.0
6341.3			1.0
6342.200000000001			1.0
6343.1			1.0
6344.0			1.0
6344.9			1.0
6345.8			1.0
6346.700000000001			1.0
6347.6			1.0
6348.5			1.0
6349.4			1.0
6350.3			1.0
6351.200000000001			1.0
6352.1			1.0
6353.0			0.9928370718848518
6353.9			0.9643146321999372
6354.8			0.9440649783041525
6355.700000000001			0.9567152825569342
6356.6			0.9709479746372106
6357.5			0.9512828260170327
6358.4			0.9161814666721142
6359.3			0.9025234624581792
6360.200000000001			0.9009920811203775
6361.1			0.8889523477549999
6362.0			0.8726162001024464
6362.9			0.8756320036295764
6363.8			0.8973680527898504
6364.700000000001			0.9298696002624602
6365.6			0.9531473859587182
6366.5			0.9680590778133709
6367.4			0.990849908543081
6368.3			1.008533507968045
6369.200000000001			1.0059019304713768
6370.1			0.9940869307072159
6371.0			0.9999091890195447
6371.9			1.0
6372.8			1.0
6373.700000000001			1.0
6374.6			1.0
6375.5			1.0
6376.4			1.0
6377.3			1.0
6378.200000000001			1.0
6379.1			1.0
6380.0			1.0
6380.9			1.0
6381.8			1.0
6382.700000000001			1.0
6383.6			1.0
6384.5			1.0
6385.4			1.0
6386.3			1.0
6387.200000000001			1.0
6388.1			1.0
6389.0			1.0
6389.9			1.0
6390.8			1.0
6391.700000000001			1.0
6392.6			1.0
6393.5			1.0
6394.4			1.0
6395.3			1.0
6396.200000000001			1.0
6397.1			1.0074126118838211
6398.0			0.9904605069969366
6398.9			0.936753955529564
6399.8			0.881227444103811
6400.700000000001			0.8953094796096852
6401.6			0.9575589648374784
6402.5			1.0017120753704143
6403.4			1.0
6404.3			1.0
6405.200000000001			1.0
6406.1			1.0
6407.0			1.0
6407.9			1.0
6408.8			1.0
6409.700000000001			1.0
6410.6			1.0
6411.5			1.0
6412.4			1.0
6413.3			1.0
6414.200000000001			1.0
6415.1			1.0
6416.0			1.0
6416.9			1.0
6417.8			0.9865045490851585
6418.700000000001			0.9590076656830895
6419.6			0.9245751481252756
6420.5			0.9054124750259165
6421.4			0.921589592017829
6422.3			0.9689975323654465
6423.200000000001			1.0005914187696068
6424.1			1.0
6425.0			1.0
6425.9			1.0
6426.8			1.0
6427.700000000001			1.0
6428.6			0.9925387597225847
6429.5			0.9483574182970794
6430.4			0.8976408308185917
6431.3			0.8945025244467318
6432.200000000001			0.9320288104899026
6433.1			0.9708074944396753
6434.0			0.9953579935212594
6434.9			1.0
6435.8			1.0
6436.700000000001			1.0
6437.6			1.0
6438.5			1.0
6439.4			1.0
6440.3			1.0
6441.200000000001			1.0
6442.1			1.0
6443.0			1.0
6443.9			1.0
6444.8			1.0
6445.700000000001			1.0
6446.6			1.0
6447.5			0.9890152686765962
6448.4			0.9240556723348644
6449.3			0.8379594138295735
6450.200000000001			0.8171497091690183
6451.1			0.8774877863835662
6452.0			0.9513927071900394
6452.9			1.00028846137405
6453.8			1.0
6454.700000000001			1.0
6455.6			1.0
6456.5			1.0
6457.4			1.0
6458.3			1.0
6459.200000000001			1.0
6460.1			1.0052681196311477
6461.0			0.9730678569012636
6461.9			0.9142628630018316
6462.8			0.889480273688797
6463.700000000001			0.9227750815248199
6464.6			0.9716469421226018
6465.5			1.004268439391801
6466.4			1.0
6467.3			1.0
6468.200000000001			1.0
6469.1			1.0
6470.0			1.0
6470.9			1.0
6471.8			1.0
6472.700000000001			1.0
6473.6			1.0
6474.5			1.0
6475.4			1.0
6476.3			1.0
6477.200000000001			1.0
6478.1			1.0
6479.0			1.0
6479.9			1.0
6480.8			1.0
6481.700000000001			1.0
6482.6			1.0
6483.5			1.0
6484.4			1.0
6485.3			1.0
6486.200000000001			1.0
6487.1			1.0
6488.0			1.0
6488.9			1.0
6489.8			0.9835018712934993
6490.700000000001			0.9692891210860535
6491.6			0.9666670836113196
6492.5			0.9523754297395115
6493.4			0.8896715835241957
6494.3			0.8201555889469999
6495.200000000001			0.8107595403899022
6496.1			0.8523251554204935
6497.0			0.9039200916169247
6497.9			0.9362756819440649
6498.8			0.948459086447305
6499.700000000001			0.9701421757786373
6500.6			1.0005042333047067
6501.5			1.0
6502.4			1.0
6503.3			1.0
6504.200000000001			1.0
6505.1			1.0
6506.0			1.0
6506.9			1.0
6507.8			1.0
6508.700000000001			1.0
6509.6			1.0
6510.5			1.0
6511.4			1.0
6512.3			1.0
6513.200000000001			1.0
6514.1			1.0
6515.0			1.0
6515.9			1.0
6516.8			1.0
6517.700000000001			1.0
6518.6			1.0
6519.5			1.0
6520.4			1.0
6521.3			1.0
6522.200000000001			1.0
6523.1			1.0
6524.0			1.0
6524.9			1.0
6525.8			1.0
6526.700000000001			1.0
6527.6			1.0
6528.5			1.0
6529.4			1.0
6530.3			1.0
6531.200000000001			1.0
6532.1			1.0
6533.0			1.0
6533.9			1.0
6534.8			1.0
6535.700000000001			1.0
6536.6			1.0
6537.5			1.0
6538.4			1.0
6539.3			1.0
6540.200000000001			1.0
6541.1			1.0
6542.0			1.0
6542.9			1.0
6543.8			1.0
6544.700000000001			1.0
6545.6			1.0
6546.5			1.0
6547.4			1.0
6548.3			1.0
6549.200000000001			1.0
6550.1			1.0
6551.0			1.0
6551.9			1.0
6552.8			1.0
6553.700000000001			1.0
6554.6			1.0
6555.5			1.0
6556.4			1.0
6557.3			1.0
6558.200000000001			1.0
6559.1			1.0
6560.0			0.9837432445911805
6560.9			0.9106986689521528
6561.8			0.7588733661098511
6562.700000000001			0.6538009411755678
6563.6			0.7251937167440103
6564.5			0.8872906766498291
6565.4			1.0000087860260627
6566.3			1.0
6567.200000000001			1.0
6568.1			1.0
6569.0			1.0
6569.9			1.0
6570.8			1.0
6571.700000000001			1.0
6572.6			1.0
6573.5			1.0
6574.4			1.0
6575.3			1.0
6576.200000000001			1.0
6577.1			1.0
6578.0			1.0
6578.9			1.0
6579.8			1.0
6580.700000000001			1.0
6581.6			1.0
6582.5			1.0
6583.4			1.0
6584.3			1.0
6585.200000000001			1.0
6586.1			1.0
6587.0			1.0
6587.9			1.0
6588.8			1.0
6589.700000000001			1.0
6590.6			0.9931615277745524
6591.5			0.9551393214555483
6592.4			0.8997007840680352
6593.3			0.8831143872141326
6594.200000000001			0.923802153348852
6595.1			0.9734017069024895
6596.0			0.9975461622249701
6596.9			1.0
6597.8			1.0
6598.700000000001			1.0
6599.6			1.0
6600.5			1.0
6601.4			1.0
6602.3			1.0
6603.200000000001			1.0
6604.1			0.9851687937160669
6605.0			0.969912702719297
6605.9			0.958793969885309
6606.8			0.9499200038982902
6607.700000000001			0.9337465042798396
6608.6			0.9157023212625051
6609.5			0.927787155578872
6610.4			0.9767754579946589
6611.3			1.0147872093012544
6612.200000000001			1.0147390262692673
6613.1			1.0013675960640434
6614.0			1.0
6614.9			1.0
6615.8			1.0
6616.700000000001			1.0
6617.6			1.0
6618.5			1.0
6619.4			1.0
6620.3			1.0
6621.200000000001			1.0
6622.1			1.0
6623.0			1.0
6623.9			1.0
6624.8			1.0
6625.700000000001			1.0
6626.6			1.0
6627.5			1.0
6628.4			1.0
6629.3			1.0
6630.200000000001			0.9883649512273764
6631.1			0.9673354900364904
6632.0			0.9403072924693722
6632.9			0.9128687958524656
6633.8			0.9057599623425986
6634.700000000001			0.933058821036584
6635.6			0.9724714468524296
6636.5			0.9955368536685659
6637.4			1.0009211532472
6638.3			1.0
6639.200000000001			1.0
6640.1			1.0
6641.0			1.0
6641.9			1.0
6642.8			1.0
6643.700000000001			1.0
6644.6			1.0
6645.5			1.0
6646.4			1.0
6647.3			1.0
6648.200000000001			1.0
6649.1			1.0
6650.0			1.0
6650.9			1.0
6651.8			1.0
6652.700000000001			1.0
6653.6			1.0
6654.5			1.0
6655.4			1.0
6656.3			1.0
6657.200000000001			1.0
6658.1			1.0
6659.0			1.0
6659.9			1.0
6660.8			1.0
6661.700000000001			1.0
6662.6			1.0
6663.5			1.0
6664.4			1.0
6665.3			1.0
6666.200000000001			1.0
6667.1			1.0
6668.0			1.0
6668.9			1.0
6669.8			1.0
6670.700000000001			1.0
6671.6			1.0
6672.5			1.0
6673.4			1.0
6674.3			1.0
6675.200000000001			1.0000894685074098
6676.1			0.9766488097326993
6677.0			0.9270913527535173
6677.9			0.892625786376005
6678.8			0.9184617103162261
6679.700000000001			0.9730646938100682
6680.6			1.0003220465559781
6681.5			1.0
6682.4			1.0
6683.3			1.0
6684.200000000001			1.0
6685.1			1.0
6686.0			1.0
6686.9			1.0
6687.8			1.0
6688.700000000001			1.0
6689.6			1.0
6690.5			1.0
6691.4			1.0
6692.3			1.0
6693.200000000001			1.0
6694.1			1.0
6695.0			1.0
6695.9			1.0
6696.8			1.0
6697.700000000001			1.0
6698.6			1.0
6699.5			1.0
6700.4			1.0
6701.3			1.0
6702.200000000001			1.0
6703.1			1.0
6704.0			1.0
6704.9			1.0
6705.8			1.0
6706.700000000001			1.0
6707.6			1.0
6708.5			1.0
6709.4			1.0
6710.3			1.0
6711.200000000001			1.0
6712.1			0.9987586876592135
6713.0			0.9869015202579434
6713.9			0.9774557992841186
6714.8			0.9670414834329608
6715.700000000001			0.9465345675326892
6716.6			0.923483632786308
6717.5			0.9204028732895788
6718.4			0.9565603892792084
6719.3			0.995028270461503
6720.200000000001			1.004364552554039
6721.1			0.9910183563384024
6722.0			0.9843810690616368
6722.9			0.9979305743370513
6723.8			1.0
6724.700000000001			1.0
6725.6			1.0
6726.5			1.0
6727.4			1.005664768426232
6728.3			1.0137975896826004
6729.200000000001			1.0186174055563813
6730.1			1.0302224923538008
6731.0			1.0366042614702882
6731.9			1.0255007571738826
6732.8			1.0053675522266927
6733.700000000001			0.9946071134226224
6734.6			1.0000814912008216
6735.5			1.0
6736.4			1.0
6737.3			1.0
6738.200000000001			1.0
6739.1			1.0
6740.0			1.0
6740.9			1.0
6741.8			1.0
6742.700000000001			1.0
6743.6			1.0
6744.5			1.0
6745.4			1.0
6746.3			1.0
6747.200000000001			1.0
6748.1			1.0
6749.0			1.0
6749.9			1.0
6750.8			1.0
6751.700000000001			1.0
6752.6			1.0
6753.5			1.0
6754.4			1.0
6755.3			1.0
6756.200000000001			1.0
6757.1			1.0
6758.0			1.0
6758.9			1.0
6759.8			1.0
6760.700000000001			1.0
6761.6			1.0
6762.5			1.0
6763.4			1.0
6764.3			1.0
6765.200000000001			1.0
6766.1			1.0
6767.0			1.0
6767.9			1.0
6768.8			1.0
6769.700000000001			1.0
6770.6			1.0
6771.5			1.0
6772.4			1.0
6773.3			1.0
6774.200000000001			1.0
6775.1			1.0
6776.0			1.0
6776.9			1.0
6777.8			1.0
6778.700000000001			1.0
6779.6			1.0
6780.5			1.0
6781.4			1.0
6782.3			1.0
6783.200000000001			1.0
6784.1			1.0
6785.0			1.0
6785.9			1.0
6786.8			1.0
6787.700000000001			1.0
6788.6			1.0
6789.5			1.0
6790.4			1.0
6791.3			1.0
6792.200000000001			1.0
6793.1			1.0
6794.0			1.0
6794.9			1.0
6795.8			1.0
6796.700000000001			1.0
6797.6			1.0
6798.5			1.0
6799.4			1.0
6800.3			1.0
6801.200000000001			1.0
6802.1			1.0
6803.0			1.0
6803.9			1.0
6804.8			1.0
6805.700000000001			1.0
6806.6			1.0
6807.5			1.0
6808.4			1.0
6809.3			1.0
6810.200000000001			1.0
6811.1			1.0
6812.0			1.0
6812.9			1.0
6813.8			1.0
6814.700000000001			1.0
6815.6			1.0
6816.5			1.0
6817.4			1.0
6818.3			1.0
6819.200000000001			1.0
6820.1			1.0
6821.0			1.0
6821.9			1.0
6822.8			1.0
6823.700000000001			1.0
6824.6			1.0
6825.5			1.0
6826.4			1.0
6827.3			1.0
6828.200000000001			1.0
6829.1			1.0
6830.0			1.0
6830.9			1.0
6831.8			1.0
6832.700000000001			1.0
6833.6			1.0
6834.5			1.0
6835.4			1.0
6836.3			0.9903734932493987
6837.200000000001			0.9772168794355585
6838.1			0.9599798675644111
6839.0			0.9383179709546866
6839.9			0.918796314099397
6840.8			0.900578729059036
6841.700000000001			0.8927307036258151
6842.6			0.9043698513319127
6843.5			0.9336687636909767
6844.4			0.9665628585731543
6845.3			0.9839742531849625
6846.200000000001			0.986635308201235
6847.1			0.9865180725045772
6848.0			0.9857377762166295
6848.9			0.9873262105363213
6849.8			0.9878489929384945
6850.700000000001			0.9882722843464357
6851.6			0.9975667629238579
6852.5			1.0108947317369776
6853.4			1.0040425229914987
6854.3			0.9677831534613678
6855.200000000001			0.9413942347498625
6856.1			0.9473789602025839
6857.0			0.9610337851108922
6857.9			0.9739757736082106
6858.8			0.9828563101010568
6859.700000000001			0.9726988875357979
6860.6			0.9471822152132552
6861.5			0.9310627306944524
6862.4			0.9507767650444592
6863.3			0.9927906790220373
6864.200000000001			1.0174548481352395
6865.1			1.0200417803436592
6866.0			1.0112355369989845
6866.9			0.9844101993358412
6867.8			0.9382379362976642
6868.700000000001			0.9138564141994104
6869.6			0.9514632932768516
6870.5			0.9955682062638688
6871.4			0.9848227568101737
6872.3			0.967906307482451
6873.200000000001			0.9712198730440728
6874.1			0.9671693510738336
6875.0			0.9517828908232471
6875.9			0.9539858508457248
6876.8			1.0
6877.700000000001			1.0143686839308885
6878.6			1.0171939552430054
6879.5			1.0060081990429688
6880.4			0.9877388222411487
6881.3			0.9724200878494101
6882.200000000001			0.9630413961587638
6883.1			0.9712881858909259
6884.0			0.9930467059065734
6884.9			1.0048035268573154
6885.8			0.9943684019925554
6886.700000000001			0.9868411453713818
6887.6			1.016810324560647
6888.5			1.047136201848731
6889.4			1.036136361269682
6890.3			1.0340290962181216
6891.200000000001			1.0594325319583477
6892.1			1.0530346107319468
6893.0			1.0228831737404387
6893.9			1.0190774282898676
6894.8			1.0337308095195532
6895.700000000001			1.025487916620799
6896.6			1.0058581472613133
6897.5			1.0126600521155615
6898.4			1.038358306522179
6899.3			1.0401021287747163
6900.200000000001			1.0141311418553551
6901.1			1.004825590135516
6902.0			1.032630487755701
6902.9			1.0502700054230512
6903.8			1.0258335782611927
6904.700000000001			0.9878700294986343
6905.6			0.9833834288172478
6906.5			1.0161489623877402
6907.4			1.0334242254004726
6908.3			1.0193311035496335
6909.200000000001			1.0023170082509405
6910.1			1.0023522885513705
6911.0			1.0141072074174753
6911.9			1.0143457757240446
6912.8			0.9915620993273089
6913.700000000001			0.9576811028597713
6914.6			0.9569458723346665
6915.5			0.9876860968357838
6916.4			1.0010963765602205
6917.3			0.9963288618902535
6918.200000000001			0.9972446674071827
6919.1			1.0136083308650117
6920.0			1.0385835329747362
6920.9			1.05526586675018
6921.8			1.0535528207188225
6922.700000000001			1.034494588313255
6923.6			1.0001426281720778
6924.5			0.9705271463186413
6925.4			0.9649474742881586
6926.3			0.9780567149950844
6927.200000000001			0.9897145325684092
6928.1			0.9917955404794834
6929.0			0.9862100723721605
6929.9			0.9815076151957851
6930.8			0.978952903226209
6931.700000000001			0.9644589385352031
6932.6			0.9421234672838698
6933.5			0.9395461080146457
6934.4			0.9621482272356794
6935.3			0.9773508061539801
6936.200000000001			0.9744045850127382
6937.1			0.9696785083504987
6938.0			0.9726121815022877
6938.9			0.9832279872883248
6939.8			0.9935050254897004
6940.700000000001			0.9953308225193207
6941.6			0.986513802839646
6942.5			0.964782469691757
6943.4			0.939706160273801
6944.3			0.9185663363782449
6945.200000000001			0.9131291393219315
6946.1			0.9345249844757547
6947.0			0.9590776383300945
6947.9			0.9750114295725408
6948.8			0.9864606920948163
6949.700000000001			0.9785397389041893
6950.6			0.9491376489771699
6951.5			0.9323043589244119
6952.4			0.9389231479924641
6953.3			0.9475578095936745
6954.200000000001			0.9545453459942975
6955.1			0.9682901379833522
6956.0			0.9847952388813375
6956.9			0.9906611034908135
6957.8			0.9880616764866937
6958.700000000001			0.9862426289488148
6959.6			0.9799228033484653
6960.5			0.9744000737256082
6961.4			0.9776799324637232
6962.3			0.986359391738432
6963.200000000001			0.9975769063058159
6964.1			0.9999665548264561
6965.0			1.0
6965.9			1.0
6966.8			1.0
6967.700000000001			1.0
6968.6			1.0
6969.5			1.0
6970.4			1.0
6971.3			1.0
6972.200000000001			1.0
6973.1			1.0
6974.0			1.0
6974.9			0.9725750853673277
6975.8			0.9542661304200253
6976.700000000001			0.9327419766268727
6977.6			0.8919794916032705
6978.5			0.8620299139164452
6979.4			0.8889075615991083
6980.3			0.9441768195418123
6981.200000000001			0.9780724564261162
6982.1			1.0012011884847913
6983.0			1.0
6983.9			1.0
6984.8			1.0
6985.700000000001			1.0
6986.6			1.0
6987.5			1.0
6988.4			1.0
6989.3			1.0
6990.200000000001			1.0
6991.1			1.0
6992.0			1.0
6992.9			1.0
6993.8			1.0
6994.700000000001			1.0
6995.6			1.0
6996.5			1.0
6997.4			1.0
6998.3			1.0
6999.200000000001			1.0
7000.1			1.0
7001.0			1.0
7001.9			1.0
7002.8			1.0
7003.700000000001			1.0
7004.6			1.0
7005.5			1.0
7006.4			1.0
7007.3			1.0
7008.200000000001			1.0
7009.1			1.0
7010.0			1.0
7010.9			1.0
7011.8			1.0
7012.700000000001			1.0
7013.6			1.0
7014.5			1.0
7015.4			1.0
7016.3			1.0
7017.200000000001			1.0
7018.1			1.0
7019.0			1.0
7019.9			1.0
7020.8			1.0
7021.700000000001			1.0
7022.6			1.0
7023.5			1.0
7024.4			1.0
7025.3			1.0
7026.200000000001			1.0
7027.1			1.0
7028.0			1.0
7028.9			1.0
7029.8			1.0
7030.700000000001			1.0
7031.6			1.0
7032.5			1.0
7033.4			1.0
7034.3			1.0
7035.200000000001			1.0
7036.1			1.0
7037.0			1.0
7037.9			1.0
7038.8			1.0
7039.700000000001			1.0
7040.6			1.0
7041.5			1.0
7042.4			1.0
7043.3			1.0
7044.200000000001			1.0
7045.1			1.0
7046.0			1.0
7046.9			1.0
7047.8			1.0
7048.700000000001			1.0
7049.6			1.0
7050.5			1.0
7051.4			1.0
7052.3			1.0
7053.200000000001			1.0
7054.1			1.0
7055.0			1.0
7055.9			1.0
7056.8			1.0
7057.700000000001			1.0
7058.6			1.0
7059.5			1.0
7060.4			1.0
7061.3			1.0
7062.200000000001			1.0
7063.1			1.0
7064.0			1.0
7064.9			1.0
7065.8			1.0
7066.700000000001			1.0
7067.6			1.0
7068.5			1.0
7069.4			1.0
7070.3			1.0
7071.200000000001			1.0
7072.1			1.0
7073.0			1.0
7073.9			1.0
7074.8			1.0
7075.700000000001			1.0
7076.6			1.0
7077.5			1.0
7078.4			1.0
7079.3			1.0
7080.200000000001			1.0
7081.1			1.0
7082.0			1.0
7082.9			1.0
7083.8			1.0
7084.700000000001			1.0
7085.6			1.0
7086.5			1.0
7087.4			1.0
7088.3			1.0
7089.200000000001			1.0
7090.1			1.0
7091.0			1.0
7091.9			1.0
7092.8			1.0
7093.700000000001			1.0
7094.6			1.0
7095.5			1.0
7096.4			1.0
7097.3			1.0
7098.200000000001			1.0
7099.1			1.0
7100.0			1.0
7100.9			1.0
7101.8			1.0
7102.700000000001			1.0
7103.6			1.0
7104.5			1.0
7105.4			1.0
7106.3			1.0
7107.200000000001			1.0
7108.1			1.0
7109.0			1.0
7109.9			1.0
7110.8			1.0
7111.700000000001			1.0
7112.6			1.0
7113.5			1.0
7114.4			1.0
7115.3			1.0
7116.200000000001			1.0
7117.1			1.0
7118.0			1.0
7118.9			1.0
7119.8			1.0
7120.700000000001			1.0
7121.6			1.0
7122.5			1.0
7123.4			1.0
7124.3			1.0
7125.200000000001			1.0
7126.1			1.0
7127.0			1.0
7127.9			1.0
7128.8			1.0
7129.700000000001			1.0
7130.6			1.0
7131.5			1.0
7132.4			1.0
7133.3			1.0
7134.200000000001			1.0
7135.1			1.0
7136.0			1.0
7136.9			1.0
7137.8			1.0
7138.700000000001			1.0
7139.6			1.0
7140.5			1.0
7141.4			1.0
7142.3			1.0
7143.200000000001			1.0
7144.1			1.0
7145.0			1.0
7145.9			1.0
7146.8			1.0
7147.700000000001			1.0
7148.6			1.0
7149.5			1.0
7150.4			1.0
7151.3			1.0
7152.200000000001			1.0
7153.1			1.0
7154.0			1.0
7154.9			1.0
7155.8			1.0
7156.700000000001			1.0
7157.6			1.0
7158.5			1.0
7159.4			1.0
7160.3			1.0
7161.200000000001			1.0
7162.1			1.0
7163.0			1.0
7163.9			1.0
7164.8			1.0
7165.700000000001			1.0
7166.6			1.0
7167.5			1.0
7168.4			1.0
7169.3			1.0
7170.200000000001			1.0
7171.1			1.0
7172.0			1.0
7172.9			1.0
7173.8			1.0
7174.700000000001			1.0
7175.6			1.0
7176.5			1.0
7177.4			1.0
7178.3			1.0
7179.200000000001			1.0
7180.1			1.0
7181.0			1.0
7181.9			1.0
7182.8			1.0
7183.700000000001			1.0
7184.6			1.0
7185.5			1.0
7186.4			1.0
7187.3			1.0
7188.200000000001			1.0
7189.1			1.0
7190.0			1.0
7190.9			1.0
7191.8			1.0
7192.700000000001			1.0
7193.6			1.0
7194.5			1.0
7195.4			1.0
7196.3			1.0
7197.200000000001			1.0
7198.1			1.0
7199.0			1.0
7199.9			1.0
7200.8			1.0
7201.700000000001			1.0
7202.6			1.0
7203.5			1.0
7204.4			1.0
7205.3			1.0
7206.200000000001			1.0
7207.1			1.0
7208.0			1.0
7208.9			1.0
7209.8			1.0
7210.700000000001			1.0
7211.6			1.0
7212.5			1.0
7213.4			1.0
7214.3			1.0
7215.200000000001			1.0
7216.1			1.0
7217.0			1.0
7217.9			1.0
7218.8			1.0
7219.700000000001			1.0
7220.6			1.0
7221.5			1.0
7222.4			1.0
7223.3			1.0
7224.200000000001			1.0
7225.1			1.0
7226.0			1.0
7226.9			1.0
7227.8			1.0
7228.700000000001			1.0
7229.6			1.0
7230.5			1.0
7231.4			1.0
7232.3			1.0
7233.200000000001			1.0
7234.1			1.0
7235.0			1.0
7235.9			1.0
7236.8			1.0
7237.700000000001			1.0
7238.6			1.0
7239.5			1.0
7240.4			1.0
7241.3			1.0
7242.200000000001			1.0
7243.1			1.0
7244.0			1.0
7244.9			1.0
7245.8			1.0
7246.700000000001			1.0
7247.6			1.0
7248.5			1.0
7249.4			1.0
7250.3			1.0
7251.200000000001			1.0
7252.1			1.0
7253.0			1.0
7253.9			1.0
7254.8			1.0
7255.700000000001			1.0
7256.6			1.0
7257.5			1.0
7258.4			1.0
7259.3			1.0
7260.200000000001			1.0
7261.1			1.0
7262.0			1.0
7262.9			1.0
7263.8			1.0
7264.700000000001			1.0
7265.6			1.0
7266.5			1.0
7267.4			1.0
7268.3			1.0
7269.200000000001			1.0
7270.1			1.0
7271.0			1.0
7271.9			1.0
7272.8			1.0
7273.700000000001			1.0
7274.6			1.0
7275.5			1.0
7276.4			1.0
7277.3			1.0
7278.200000000001			1.0
7279.1			1.0
7280.0			1.0
7280.9			1.0
7281.8			1.0
7282.700000000001			1.0
7283.6			1.0
7284.5			1.0
7285.4			1.0
7286.3			1.0
7287.200000000001			1.0
7288.1			1.0
7289.0			1.0
7289.9			1.0
7290.8			1.0
7291.700000000001			1.0
7292.6			1.0
7293.5			1.0
7294.4			1.0
7295.3			1.0
7296.200000000001			1.0
7297.1			1.0
7298.0			1.0
7298.9			1.0
7299.8			1.0
7300.700000000001			1.0
7301.6			1.0
7302.5			1.0
7303.4			1.0
7304.3			1.0
7305.200000000001			1.0
7306.1			1.0
7307.0			1.0
7307.9			1.0
7308.8			1.0
7309.700000000001			1.0
7310.6			1.0
7311.5			1.0
7312.4			1.0
7313.3			1.0
7314.200000000001			1.0
7315.1			1.0
7316.0			1.0
7316.9			1.0
7317.8			1.0
7318.700000000001			1.0
7319.6			1.0
7320.5			1.0
7321.4			1.0
7322.3			1.0
7323.200000000001			1.0
7324.1			1.0
7325.0			1.0
7325.9			1.0
7326.8			1.0
7327.700000000001			1.0
7328.6			1.0
7329.5			1.0
7330.4			1.0
7331.3			1.0
7332.200000000001			1.0
7333.1			1.0
7334.0			1.0
7334.9			1.0
7335.8			1.0
7336.700000000001			1.0
7337.6			1.0
7338.5			1.0
7339.4			1.0
7340.3			1.0
7341.200000000001			1.0
7342.1			1.0
7343.0			1.0
7343.9			1.0
7344.8			1.0
7345.700000000001			1.0
7346.6			1.0
7347.5			1.0
7348.4			1.0
7349.3			1.0
7350.200000000001			1.0
7351.1			1.0
7352.0			1.0
7352.9			1.0
7353.8			1.0
7354.700000000001			1.0
7355.6			1.0
7356.5			1.0
7357.4			1.0
7358.3			1.0
7359.200000000001			1.0
7360.1			1.0
7361.0			1.0
7361.9			1.0
7362.8			1.0
7363.700000000001			1.0
7364.6			1.0
7365.5			1.0
7366.4			1.0
7367.3			1.0
7368.200000000001			1.0
7369.1			1.0
7370.0			1.0
7370.9			1.0
7371.8			1.0
7372.700000000001			1.0
7373.6			1.0
7374.5			1.0
7375.4			1.0
7376.3			1.0
7377.200000000001			1.0
7378.1			1.0
7379.0			1.0
7379.9			1.0
7380.8			1.0
7381.700000000001			1.0
7382.6			1.0
7383.5			1.0
7384.4			1.0
7385.3			1.0
7386.200000000001			1.0
7387.1			1.0
7388.0			1.0
7388.9			1.0
7389.8			1.0
7390.700000000001			1.0
7391.6			1.0
7392.5			1.0
7393.4			1.0
7394.3			1.0
7395.200000000001			1.0
7396.1			1.0
7397.0			1.0
7397.9			1.0
7398.8			1.0
7399.700000000001			1.0
7400.6			1.0
7401.5			1.0
7402.4			1.0
7403.3			1.0
7404.200000000001			1.0
7405.1			1.0
7406.0			1.0
7406.9			1.0
7407.8			1.0
7408.700000000001			1.0
7409.6			1.0
7410.5			1.0
7411.4			1.0
7412.3			1.0
7413.200000000001			1.0
7414.1			1.0
7415.0			1.0
7415.9			1.0
7416.8			1.0
7417.700000000001			1.0
7418.6			1.0
7419.5			1.0
7420.4			1.0
7421.3			1.0
7422.200000000001			1.0
7423.1			1.0
7424.0			1.0
7424.9			1.0
7425.8			1.0
7426.700000000001			1.0
7427.6			1.0
7428.5			1.0
7429.4			1.0
