3500.0			1.0
3500.9			1.0
3501.8			1.0
3502.7			1.0
3503.6			1.0
3504.5			1.0
3505.4			1.0
3506.3			1.0
3507.2			1.0
3508.1			1.0
3509.0			1.0
3509.9			1.0
3510.8			1.0
3511.7			1.0
3512.6			1.0
3513.5			1.0
3514.4			1.0
3515.3			1.0
3516.2			1.0
3517.1			1.0
3518.0			1.0
3518.9			1.0
3519.8			1.0
3520.7			1.0
3521.6			1.0
3522.5			1.0
3523.4			1.0
3524.3			1.0
3525.2			1.0
3526.1			1.0
3527.0			1.0
3527.9			1.0
3528.8			1.0
3529.7			1.0
3530.6			1.0
3531.5			1.0
3532.4			1.0
3533.3			1.0
3534.2			1.0
3535.1			1.0
3536.0			1.0
3536.9			1.0
3537.8			1.0
3538.7			1.0
3539.6			1.0
3540.5			1.0
3541.4			1.0
3542.3			1.0
3543.2			1.0
3544.1			1.0
3545.0			1.0
3545.9			1.0
3546.8			1.0
3547.7			1.0
3548.6			1.0
3549.5			1.0
3550.4			1.0
3551.3			1.0
3552.2			1.0
3553.1			1.0
3554.0			1.0
3554.9			1.0
3555.8			1.0
3556.7			1.0
3557.6			1.0
3558.5			1.0
3559.4			1.0
3560.3			1.0
3561.2			1.0
3562.1			1.0
3563.0			1.0
3563.9			1.0
3564.8			1.0
3565.7			1.0
3566.6			1.0
3567.5			1.0
3568.4			1.0
3569.3			1.0
3570.2			1.0
3571.1			1.0
3572.0			1.0
3572.9			1.0
3573.8			1.0
3574.7			1.0
3575.6			1.0
3576.5			1.0
3577.4			1.0
3578.3			1.0
3579.2			1.0
3580.1			1.0
3581.0			1.0
3581.9			1.0
3582.8			1.0
3583.7			1.0
3584.6			1.0
3585.5			1.0
3586.4			1.0
3587.3			1.0
3588.2			1.0
3589.1			1.0
3590.0			1.0
3590.9			1.0
3591.8			1.0
3592.7			1.0
3593.6			1.0
3594.5			1.0
3595.4			1.0
3596.3			1.0
3597.2			1.0
3598.1			1.0
3599.0			1.0
3599.9			1.0
3600.8			1.0
3601.7			1.0
3602.6			1.0
3603.5			1.0
3604.4			1.0
3605.3			1.0
3606.2			1.0
3607.1			1.0
3608.0			1.0
3608.9			1.0
3609.8			1.0
3610.7			1.0
3611.6			1.0
3612.5			1.0
3613.4			1.0
3614.3			1.0
3615.2			1.0
3616.1			1.0
3617.0			1.0
3617.9			1.0
3618.8			1.0
3619.7			1.0
3620.6			1.0
3621.5			1.0
3622.4			1.0
3623.3			1.0
3624.2			1.0
3625.1			1.0
3626.0			1.0
3626.9			1.0
3627.8			1.0
3628.7			1.0
3629.6			1.0
3630.5			1.0
3631.4			1.0
3632.3			1.0
3633.2			1.0
3634.1			1.0
3635.0			1.0
3635.9			1.0
3636.8			1.0
3637.7			1.0
3638.6			1.0
3639.5			1.0
3640.4			1.0
3641.3			1.0
3642.2			1.0
3643.1			1.0
3644.0			1.0
3644.9			1.0
3645.8			1.0
3646.7			1.0
3647.6			1.0
3648.5			1.0
3649.4			1.0
3650.3			1.0
3651.2			1.0
3652.1			1.0
3653.0			1.0
3653.9			1.0
3654.8			1.0
3655.7			1.0
3656.6			1.0
3657.5			1.0
3658.4			1.0
3659.3			1.0
3660.2			1.0
3661.1			1.0
3662.0			1.0
3662.9			1.0
3663.8			1.0
3664.7			1.0
3665.6			1.0
3666.5			1.0
3667.4			1.0
3668.3			1.0
3669.2			1.0
3670.1			1.0
3671.0			1.0
3671.9			1.0
3672.8			1.0
3673.7			1.0
3674.6			1.0
3675.5			1.0
3676.4			1.0
3677.3			1.0
3678.2			1.0
3679.1			1.0
3680.0			1.0
3680.9			1.0
3681.8			1.0
3682.7			1.0
3683.6			1.0
3684.5			1.0
3685.4			1.0
3686.3			1.0
3687.2			1.0
3688.1			1.0
3689.0			1.0
3689.9			1.0
3690.8			1.0
3691.7			1.0
3692.6			1.0
3693.5			1.0
3694.4			1.0
3695.3			1.0
3696.2			1.0
3697.1			1.0
3698.0			1.0
3698.9			1.0
3699.8			1.0
3700.7			1.0
3701.6			1.0
3702.5			1.0
3703.4			1.0
3704.3			1.0
3705.2			1.0
3706.1			1.0
3707.0			1.0
3707.9			1.0
3708.8			1.0
3709.7			1.0
3710.6			1.0
3711.5			1.0
3712.4			1.0
3713.3			1.0
3714.2			1.0
3715.1			1.0
3716.0			1.0
3716.9			1.0
3717.8			1.0
3718.7			1.0
3719.6			1.0
3720.5			1.0
3721.4			1.0
3722.3			1.0
3723.2			1.0
3724.1			1.0
3725.0			1.0
3725.9			1.0
3726.8			1.0
3727.7			1.0
3728.6			1.0
3729.5			1.0
3730.4			1.0
3731.3			1.0
3732.2			1.0
3733.1			1.0
3734.0			1.0
3734.9			1.0
3735.8			1.0
3736.7			1.0
3737.6			1.0
3738.5			1.0
3739.4			1.0
3740.3			1.0
3741.2			1.0
3742.1			1.0
3743.0			1.0
3743.9			1.0
3744.8			1.0
3745.7			1.0
3746.6			1.0
3747.5			1.0
3748.4			1.0
3749.3			1.0
3750.2			1.0
3751.1			1.0
3752.0			1.0
3752.9			1.0
3753.8			1.0
3754.7			1.0
3755.6			1.0
3756.5			1.0
3757.4			1.0
3758.3			1.0
3759.2			1.0
3760.1			1.0
3761.0			1.0
3761.9			1.0
3762.8			1.0
3763.7			1.0
3764.6			1.0
3765.5			1.0
3766.4			1.0
3767.3			1.0
3768.2			1.0
3769.1			1.0
3770.0			1.0
3770.9			1.0
3771.8			1.0
3772.7			1.0
3773.6			1.0
3774.5			1.0
3775.4			1.0
3776.3			1.0
3777.2			1.0
3778.1			1.0
3779.0			1.0
3779.9			1.0
3780.8			1.0
3781.7			1.0
3782.6			1.0
3783.5			1.0
3784.4			1.0
3785.3			1.0
3786.2			1.0
3787.1			1.0
3788.0			1.0
3788.9			1.0
3789.8			1.0
3790.7			1.0
3791.6			1.0
3792.5			1.0
3793.4			1.0
3794.3			1.0
3795.2			1.0
3796.1			1.0
3797.0			1.0
3797.9			1.0
3798.8			1.0
3799.7			1.0
3800.6			1.0
3801.5			1.0
3802.4			1.0
3803.3			1.0
3804.2			1.0
3805.1			1.0
3806.0			1.0
3806.9			1.0
3807.8			1.0
3808.7			1.0
3809.6			1.0
3810.5			1.0
3811.4			1.0
3812.3			1.0
3813.2			1.0
3814.1			1.0
3815.0			1.0
3815.9			1.0
3816.8			1.0
3817.7			1.0
3818.6			1.0
3819.5			1.0
3820.4			1.0
3821.3			1.0
3822.2			1.0
3823.1			1.0
3824.0			1.0
3824.9			1.0
3825.8			1.0
3826.7			1.0
3827.6			1.0
3828.5			1.0
3829.4			1.0
3830.3			1.0
3831.2			1.0
3832.1			1.0
3833.0			1.0
3833.9			1.0
3834.8			1.0
3835.7			1.0
3836.6			1.0
3837.5			1.0
3838.4			1.0
3839.3			1.0
3840.2			1.0
3841.1			1.0
3842.0			1.0
3842.9			1.0
3843.8			1.0
3844.7			1.0
3845.6			1.0
3846.5			1.0
3847.4			1.0
3848.3			1.0
3849.2			1.0
3850.1			1.0
3851.0			1.0
3851.9			1.0
3852.8			1.0
3853.7			1.0
3854.6			1.0
3855.5			1.0
3856.4			1.0
3857.3			1.0
3858.2			1.0
3859.1			1.0
3860.0			1.0
3860.9			1.0
3861.8			1.0
3862.7			1.0
3863.6			1.0
3864.5			1.0
3865.4			1.0
3866.3			1.0
3867.2			1.0
3868.1			1.0
3869.0			1.0
3869.9			1.0
3870.8			1.0
3871.7			1.0
3872.6			1.0
3873.5			1.0
3874.4			1.0
3875.3			1.0
3876.2			1.0
3877.1			1.0
3878.0			1.0
3878.9			1.0
3879.8			1.0
3880.7			1.0
3881.6			1.0
3882.5			1.0
3883.4			1.0
3884.3			1.0
3885.2			1.0
3886.1			1.0
3887.0			1.0
3887.9			1.0
3888.8			1.0
3889.7			1.0
3890.6			1.0
3891.5			1.0
3892.4			1.0
3893.3			1.0
3894.2			1.0
3895.1			1.0
3896.0			1.0
3896.9			1.0
3897.8			1.0
3898.7			1.0
3899.6			1.0
3900.5			1.0
3901.4			1.0
3902.3			1.0
3903.2			1.0
3904.1			1.0
3905.0			1.0
3905.9			1.0
3906.8			1.0
3907.7			1.0
3908.6			1.0
3909.5			1.0
3910.4			1.0
3911.3			1.0
3912.2			1.0
3913.1			1.0
3914.0			1.0
3914.9			1.0
3915.8			1.0
3916.7			1.0
3917.6			1.0
3918.5			1.0
3919.4			1.0
3920.3			1.0
3921.2			1.0
3922.1			1.0
3923.0			1.0
3923.9			1.0
3924.8			1.0
3925.7			1.0
3926.6			1.0
3927.5			1.0
3928.4			1.0
3929.3			1.0
3930.2			1.0
3931.1			1.0
3932.0			1.0
3932.9			1.0
3933.8			1.0
3934.7			1.0
3935.6			1.0
3936.5			1.0
3937.4			1.0
3938.3			1.0
3939.2			1.0
3940.1			1.0
3941.0			1.0
3941.9			1.0
3942.8			1.0
3943.7			1.0
3944.6			1.0
3945.5			1.0
3946.4			1.0
3947.3			1.0
3948.2			1.0
3949.1			1.0
3950.0			1.0
3950.9			1.0
3951.8			1.0
3952.7			1.0
3953.6			1.0
3954.5			1.0
3955.4			1.0
3956.3			1.0
3957.2			1.0
3958.1			1.0
3959.0			1.0
3959.9			1.0
3960.8			1.0
3961.7			1.0
3962.6			1.0
3963.5			1.0
3964.4			1.0
3965.3			1.0
3966.2			1.0
3967.1			1.0
3968.0			1.0
3968.9			1.0
3969.8			1.0
3970.7			1.0
3971.6			1.0
3972.5			1.0
3973.4			1.0
3974.3			1.0
3975.2			1.0
3976.1			1.0
3977.0			1.0
3977.9			1.0
3978.8			1.0
3979.7			1.0
3980.6			1.0
3981.5			1.0
3982.4			1.0
3983.3			1.0
3984.2			1.0
3985.1			1.0
3986.0			1.0
3986.9			1.0
3987.8			1.0
3988.7			1.0
3989.6			1.0
3990.5			1.0
3991.4			1.0
3992.3			1.0
3993.2			1.0
3994.1			1.0
3995.0			1.0
3995.9			1.0
3996.8			1.0
3997.7			1.0
3998.6			1.0
3999.5			1.0
4000.4			1.0
4001.3			1.0
4002.2			1.0
4003.1			1.0092994042628212
4004.0			0.9403370494896885
4004.9			0.7896234068293987
4005.8			0.7100053450083641
4006.7			0.7879899097704421
4007.6			0.9201367180483689
4008.5			0.9990902312779193
4009.4			1.0
4010.3			1.0
4011.2			1.0
4012.1			1.0
4013.0			1.0
4013.9			1.0
4014.8			1.0
4015.7			1.0
4016.6			1.0
4017.5			1.0
4018.4			1.0
4019.3			1.0
4020.2			1.0
4021.1			1.0
4022.0			1.0
4022.9			1.0
4023.8			1.0
4024.7			1.0
4025.6			1.0
4026.5			1.0
4027.4			1.0
4028.3			1.063601618997158
4029.2			1.004372897986486
4030.1			0.7971955678502027
4031.0			0.601478924975798
4031.9			0.5280375020535505
4032.8			0.5148305165065366
4033.7			0.5233310007846936
4034.6			0.5990350149193823
4035.5			0.7517355168056579
4036.4			0.9150679023253636
4037.3			1.0017329845458116
4038.2			1.0
4039.1			1.0
4040.0			1.0
4040.9			1.0
4041.8			1.0
4042.7			1.0427055208068652
4043.6			0.9584668550434635
4044.5			0.7339431006753296
4045.4			0.5387045346935578
4046.3			0.5626897291820612
4047.2			0.7887541245922578
4048.1			1.000842610480216
4049.0			1.0
4049.9			1.0
4050.8			1.0
4051.7			1.0
4052.6			1.0
4053.5			1.0
4054.4			1.0
4055.3			1.0
4056.2			1.0
4057.1			1.0
4058.0			1.0
4058.9			1.0
4059.8			1.0
4060.7			1.0894653250890134
4061.6			1.034714032208599
4062.5			0.8269621726488001
4063.4			0.6339217832678139
4064.3			0.6767525527008114
4065.2			0.9006046195760135
4066.1			0.9998854906911235
4067.0			1.0
4067.9			1.0
4068.8			1.0
4069.7			1.0
4070.6			1.0
4071.5			1.0
4072.4			1.0
4073.3			1.161069240819265
4074.2			1.2432247596315726
4075.1			1.0929081498771485
4076.0			0.8191572825683002
4076.9			0.5966868710462769
4077.8			0.5442925173267883
4078.7			0.6504176744800267
4079.6			0.812913308498471
4080.5			0.962088975908341
4081.4			1.0341508658701695
4082.3			0.9719536639203151
4083.2			1.0
4084.1			1.0
4085.0			1.0
4085.9			1.0
4086.8			1.0
4087.7			1.0
4088.6			1.0
4089.5			1.0
4090.4			1.0
4091.3			1.0
4092.2			1.0
4093.1			1.0
4094.0			1.0
4094.9			1.0
4095.8			1.0
4096.7			1.0
4097.6			1.0
4098.5			1.0192251619237944
4099.4			0.9486276630757253
4100.3			0.769720152811796
4101.2			0.5930899499438234
4102.1			0.5758414850867918
4103.0			0.7029802817694786
4103.9			0.8347354090879808
4104.8			0.9258602801942885
4105.7			1.0004943642384014
4106.6			1.0
4107.5			1.0
4108.4			1.0
4109.3			1.0
4110.2			1.0
4111.1			1.0
4112.0			1.0
4112.9			1.0
4113.8			1.0
4114.7			1.0
4115.6			1.0
4116.5			1.0
4117.4			1.0
4118.3			1.0
4119.2			1.0
4120.1			1.0
4121.0			1.0
4121.9			1.0
4122.8			1.0
4123.7			1.0
4124.6			1.0
4125.5			1.0
4126.4			1.0
4127.3			1.0
4128.2			1.0
4129.1			1.0
4130.0			1.0
4130.9			1.0
4131.8			1.0
4132.7			1.0
4133.6			1.0
4134.5			1.0
4135.4			1.0
4136.3			1.0
4137.2			1.0
4138.1			1.0
4139.0			1.0188944092272125
4139.9			1.028665820711546
4140.8			1.0216885893000138
4141.7			0.9460270114508997
4142.6			0.7682658386412234
4143.5			0.6306502717974999
4144.4			0.695100862062821
4145.3			0.894444040776235
4146.2			1.030513628065785
4147.1			1.044214887873434
4148.0			1.000167318761785
4148.9			1.0
4149.8			1.0
4150.7			1.0
4151.6			1.0
4152.5			1.0
4153.4			1.0
4154.3			1.0
4155.2			1.0
4156.1			1.0
4157.0			1.0
4157.9			1.0
4158.8			1.0
4159.7			1.0
4160.6			1.0
4161.5			1.0
4162.4			1.0
4163.3			1.0065385755901812
4164.2			0.9305063869351613
4165.1			0.8826323978234608
4166.0			0.8889473186634941
4166.9			0.8854453969435777
4167.8			0.8899808364426508
4168.7			0.9373822206359916
4169.6			0.9913825110208178
4170.5			1.0072820892079128
4171.4			0.9285401279911545
4172.3			0.7584331951392954
4173.2			0.6404071194096383
4174.1			0.668072164565504
4175.0			0.7612413738082343
4175.9			0.8144958165182167
4176.8			0.802787357969186
4177.7			0.778101171836707
4178.6			0.8102249753311738
4179.5			0.8826924560073156
4180.4			0.9172624326774906
4181.3			0.9019384147895964
4182.2			0.9079550166917268
4183.1			0.9933214723375634
4184.0			1.0
4184.9			1.0
4185.8			0.9934373215066404
4186.7			0.86452079792655
4187.6			0.7773692724813607
4188.5			0.8194124130213031
4189.4			0.8751822145066145
4190.3			0.8542756625101471
4191.2			0.825773604324568
4192.1			0.877965936907104
4193.0			0.9750419887408159
4193.9			1.0062855322585873
4194.8			0.9206985661944012
4195.7			0.7856649845957179
4196.6			0.712946458205784
4197.5			0.7222622606741458
4198.4			0.754376943687903
4199.3			0.7913976303222559
4200.2			0.8214620013155359
4201.1			0.8009855445063508
4202.0			0.7616075656863505
4202.9			0.7753465561075567
4203.8			0.810860770416451
4204.7			0.8174894124670871
4205.6			0.8359671572668473
4206.5			0.9010396143459907
4207.4			0.9969958960804998
4208.3			1.0
4209.2			1.0
4210.1			1.0
4211.0			1.0
4211.9			1.0
4212.8			1.0
4213.7			0.8360305647354951
4214.6			0.6476448457344891
4215.5			0.5870216302867163
4216.4			0.7588025490716267
4217.3			1.0224511401903755
4218.2			1.0
4219.1			1.0
4220.0			1.0
4220.9			1.0
4221.8			0.9441094081657971
4222.7			0.8036011614391557
4223.6			0.6719087928710001
4224.5			0.5724361778654758
4225.4			0.44167385611923904
4226.3			0.3072594351386597
4227.2			0.3096098888642025
4228.1			0.49770950858057555
4229.0			0.723066509610468
4229.9			0.8836081082782871
4230.8			0.9958823511037511
4231.7			1.0
4232.6			1.0
4233.5			1.0
4234.4			1.0
4235.3			1.0
4236.2			1.0
4237.1			1.0
4238.0			1.0
4238.9			1.0
4239.8			1.0300399887576817
4240.7			1.1132554167341593
4241.6			1.2114427706415014
4242.5			1.2880968762866412
4243.4			1.408285839332738
4244.3			1.551267065859019
4245.2			1.536700018157924
4246.1			1.3383041615506692
4247.0			1.1483259869323192
4247.9			1.1024407126435758
4248.8			1.1304780332385151
4249.7			1.0726695671388489
4250.6			0.9621249408243329
4251.5			0.9794229824222643
4252.4			1.0993169517975665
4253.3			1.115711752365959
4254.2			0.9954271912759199
4255.1			0.9438996998322827
4256.0			1.0842952581090963
4256.9			1.2644356610071488
4257.8			1.2717445696048282
4258.7			1.124498748101929
4259.6			0.9975984226708651
4260.5			0.9691870641709671
4261.4			1.0771034302807159
4262.3			1.3064494194470206
4263.2			1.5046607863338795
4264.1			1.5899140883977294
4265.0			1.6474137447105637
4265.9			1.0
4266.8			0.9756773358399149
4267.7			0.883717740384488
4268.6			0.7969371227081252
4269.5			0.7233313850033848
4270.4			0.6000679783520926
4271.3			0.4635641085877867
4272.2			0.43948653606169086
4273.1			0.5229870585624573
4274.0			0.5818304075252068
4274.9			0.6087848191520222
4275.8			0.7080927171677396
4276.7			0.8663031395082913
4277.6			0.99302409138124
4278.5			1.0
4279.4			1.0
4280.3			1.0
4281.2			1.0
4282.1			1.0
4283.0			1.0
4283.9			1.0
4284.8			1.0
4285.7			1.0
4286.6			1.0
4287.5			1.022690119392808
4288.4			0.925310384249537
4289.3			0.7248025605682203
4290.2			0.5940058319404118
4291.1			0.6492907616361158
4292.0			0.8385605488277
4292.9			0.9996268359383834
4293.8			1.0
4294.7			0.9469815793859682
4295.6			0.9630403189928489
4296.5			0.99245928858575
4297.4			0.9405326768036146
4298.3			0.7908628292752612
4299.2			0.6046416214117015
4300.1			0.519606370146529
4301.0			0.5735968664998179
4301.9			0.6349761051115699
4302.8			0.6528231848052726
4303.7			0.6867381736672332
4304.6			0.7051930064787599
4305.5			0.6558273959439364
4306.4			0.5792960545996109
4307.3			0.5110119267605805
4308.2			0.4689776394605465
4309.1			0.49982722125377066
4310.0			0.6207278812667658
4310.9			0.7787323580355995
4311.8			0.888716703251622
4312.7			0.8994794711931327
4313.6			0.8239831178286742
4314.5			0.7903264595869405
4315.4			0.9596764229496552
4316.3			1.2414051865017164
4317.2			1.3813627771064485
4318.1			1.3340281455894962
4319.0			1.2324609981997912
4319.9			1.1276802484191377
4320.8			1.0261317406736097
4321.7			1.0
4322.6			0.9961202022714918
4323.5			0.8998186626799002
4324.4			0.6962954536282182
4325.3			0.5016297223795688
4326.2			0.4824693466273806
4327.1			0.6952807239425296
4328.0			0.9767338393327112
4328.9			1.097101102959912
4329.8			0.9991962917029965
4330.7			1.0
4331.6			1.0
4332.5			1.0
4333.4			1.0
4334.3			1.0
4335.2			1.0
4336.1			0.972924881075453
4337.0			0.7578224282263842
4337.9			0.5594400303139714
4338.8			0.49540542704160323
4339.7			0.44007856035933424
4340.6			0.41611552721914213
4341.5			0.5878518897860856
4342.4			0.841424601649036
4343.3			0.9309219137019342
4344.2			0.9225315929857224
4345.1			0.9927006926066488
4346.0			1.0
4346.9			1.0
4347.8			1.0
4348.7			1.0
4349.6			1.0699283007370541
4350.5			0.8935166383512106
4351.4			0.655897407898692
4352.3			0.6238784796702203
4353.2			0.783519655657589
4354.1			0.9246836651560284
4355.0			0.9947864153822947
4355.9			1.0
4356.8			1.0
4357.7			1.0
4358.6			1.0
4359.5			1.0
4360.4			1.0
4361.3			1.0
4362.2			1.0
4363.1			1.0
4364.0			1.0
4364.9			1.0
4365.8			1.0
4366.7			1.0
4367.6			1.0
4368.5			1.0
4369.4			1.0
4370.3			1.0
4371.2			1.0
4372.1			0.985272177266104
4373.0			0.8773343885032596
4373.9			0.7007800322679054
4374.8			0.5826832981107429
4375.7			0.6302114561125242
4376.6			0.8178146408972046
4377.5			1.0033599379592535
4378.4			1.0
4379.3			0.9761041175504356
4380.2			0.9201909046240149
4381.1			0.878861475411808
4382.0			0.7721374269073327
4382.9			0.5583910797690337
4383.8			0.3880461308361808
4384.7			0.4356183317243685
4385.6			0.6791569922883879
4386.5			0.9144795878144427
4387.4			0.996748127354397
4388.3			0.979609889144998
4389.2			1.0
4390.1			1.0
4391.0			1.0
4391.9			1.0
4392.8			1.0
4393.7			1.0
4394.6			1.0
4395.5			1.0
4396.4			1.0
4397.3			1.0
4398.2			1.0
4399.1			1.0
4400.0			0.8404849886605651
4400.9			0.853849869961848
4401.8			1.051594536962884
4402.7			1.1443706767435557
4403.6			0.9305253574406439
4404.5			0.6382449664186547
4405.4			0.5653983372704994
4406.3			0.6579663426679363
4407.2			0.6836690581007719
4408.1			0.630492675366762
4409.0			0.6800681058575733
4409.9			0.8561165481223844
4410.8			1.0023392649180956
4411.7			1.0
4412.6			1.0454450680934606
4413.5			0.989840282369024
4414.4			0.8161099613070182
4415.3			0.6954122624106797
4416.2			0.7401770386665307
4417.1			0.8584236414179756
4418.0			0.9826811761274324
4418.9			1.0
4419.8			1.0
4420.7			1.0
4421.6			1.0
4422.5			1.0
4423.4			1.0
4424.3			1.0
4425.2			1.0
4426.1			1.0
4427.0			1.0
4427.9			1.0
4428.8			1.0
4429.7			1.0
4430.6			1.0
4431.5			1.0
4432.4			1.039736532012361
4433.3			0.9469474393358245
4434.2			0.7821473869219636
4435.1			0.6695804329260414
4436.0			0.7078961373994042
4436.9			0.8645756012903789
4437.8			1.0172194997895683
4438.7			1.0
4439.6			1.0
4440.5			1.0
4441.4			1.0
4442.3			1.0
4443.2			1.0
4444.1			1.0
4445.0			1.0
4445.9			1.0
4446.8			1.0
4447.7			1.0
4448.6			1.0
4449.5			1.0
4450.4			1.0
4451.3			1.0
4452.2			1.0431535967943775
4453.1			0.983508179640896
4454.0			0.8696219977829124
4454.9			0.7686899379888281
4455.8			0.7536405885023938
4456.7			0.8081980351575837
4457.6			0.8240253563252021
4458.5			0.7882000054961468
4459.4			0.7684638029890626
4460.3			0.7527974215977271
4461.2			0.6873870864256894
4462.1			0.681527730285721
4463.0			0.8457830225282765
4463.9			1.0034048825611033
4464.8			0.9844292238182532
4465.7			0.9039133466601345
4466.6			0.8879132193399204
4467.5			0.8921085904951362
4468.4			0.8568709988636874
4469.3			0.8259118515104453
4470.2			0.8479014663601742
4471.1			0.9008085559142031
4472.0			1.0006198725959066
4472.9			1.0
4473.8			1.0
4474.7			1.0
4475.6			1.0
4476.5			1.0
4477.4			1.0600465479762176
4478.3			1.0192658014981395
4479.2			0.8877215152975916
4480.1			0.7536761296238393
4481.0			0.6849069520030835
4481.9			0.6917727820731627
4482.8			0.7778885689711634
4483.7			0.9026028484052541
4484.6			0.9989740290313984
4485.5			1.0
4486.4			1.0
4487.3			1.0
4488.2			1.0
4489.1			1.0
4490.0			1.0
4490.9			1.0930812664912013
4491.8			1.2171052316720412
4492.7			1.2059724128564955
4493.6			1.04411956692946
4494.5			0.8579553292450681
4495.4			0.7613107355950182
4496.3			0.7604136218649961
4497.2			0.8373479900867179
4498.1			0.9479970138986014
4499.0			1.0167421307036257
4499.9			0.9906267049228396
4500.8			1.0
4501.7			1.0
4502.6			1.0
4503.5			1.0
4504.4			1.0
4505.3			1.0
4506.2			1.0
4507.1			1.0
4508.0			1.0
4508.9			1.0
4509.8			1.0
4510.7			1.0386557309179563
4511.6			1.0199898189947167
4512.5			0.9439397740047559
4513.4			1.0
4514.3			0.9827484872473029
4515.2			1.0227720565699012
4516.1			1.0709093046861418
4517.0			1.05177239024885
4517.9			0.9975861856818585
4518.8			1.022671268934877
4519.7			1.1434242572637598
4520.6			1.2777763499472339
4521.5			1.292606053775697
4522.4			1.1476687991867405
4523.3			1.0240664384507865
4524.2			1.0240854448402015
4525.1			1.017322125575892
4526.0			0.9334498298195218
4526.9			0.8393321420066385
4527.8			0.788939992166524
4528.7			0.798103667617756
4529.6			0.8427419809819173
4530.5			0.887094249570417
4531.4			0.9652390735905684
4532.3			1.0501659695668135
4533.2			1.0203844354186522
4534.1			0.8916549776850677
4535.0			0.8249443829755576
4535.9			0.9542097883076238
4536.8			1.2140942411083193
4537.7			1.35944109314007
4538.6			1.0
4539.5			0.8862525364884455
4540.4			0.7937389185279914
4541.3			0.7897978794225524
4542.2			0.8921441835629373
4543.1			0.9947049937562071
4544.0			1.0
4544.9			1.0
4545.8			1.0
4546.7			1.0
4547.6			1.0
4548.5			1.0
4549.4			1.0
4550.3			1.0241685878777957
4551.2			1.069228106992325
4552.1			0.9999403402236038
4553.0			0.873317250309177
4553.9			0.7742097524622473
4554.8			0.7407636209068278
4555.7			0.8052878206955535
4556.6			0.9354480588666108
4557.5			1.0307288688939895
4558.4			1.038687281482862
4559.3			0.9772987270204158
4560.2			1.0
4561.1			0.9815884998757176
4562.0			0.9761605202468396
4562.9			0.8869010416922054
4563.8			0.7712069334135484
4564.7			0.721068283714082
4565.6			0.7491820546546663
4566.5			0.8470971979425476
4567.4			0.9520481618605251
4568.3			0.9863317906039134
4569.2			1.0
4570.1			1.0
4571.0			1.0
4571.9			0.9361852373892061
4572.8			1.0916941831250917
4573.7			1.2007361617570302
4574.6			1.1295319312704155
4575.5			1.052724911505976
4576.4			1.046442704647673
4577.3			1.0311140499855214
4578.2			0.9617800482990099
4579.1			0.8524748784254824
4580.0			0.78398753779458
4580.9			0.8263022861804495
4581.8			0.9124414675201585
4582.7			0.9202669292527201
4583.6			0.8724025856201859
4584.5			0.8640272514209787
4585.4			0.8758099968762408
4586.3			0.8833919885068284
4587.2			0.9310749037303356
4588.1			0.9997871942358785
4589.0			1.0
4589.9			0.9727401928009751
4590.8			0.894740539217055
4591.7			0.8179692211226205
4592.6			0.785454242124309
4593.5			0.7693922763752876
4594.4			0.7441545524055152
4595.3			0.7434939448416208
4596.2			0.7677476443039939
4597.1			0.7815591447015371
4598.0			0.8098707466033788
4598.9			0.8527925819334877
4599.8			0.8275748575470223
4600.7			0.7693517179523296
4601.6			0.7782838304681899
4602.5			0.8075744046078445
4603.4			0.8041065010001381
4604.3			0.7777004799084363
4605.2			0.7386229672039545
4606.1			0.7483036580445138
4607.0			0.8640925405985369
4607.9			1.042146176871423
4608.8			1.16261237253419
4609.7			1.1582147452122535
4610.6			1.0792884785483454
4611.5			0.9991127439614207
4612.4			0.9409952455896856
4613.3			0.9194258186300845
4614.2			0.9621803755509758
4615.1			1.0094151572833399
4616.0			1.009718284556669
4616.9			1.0
4617.8			1.0252900346111464
4618.7			0.9593961991112342
4619.6			0.8901417594619289
4620.5			0.9340536693774506
4621.4			0.9932215512086019
4622.3			1.0
4623.2			1.0
4624.1			1.0
4625.0			1.0
4625.9			1.0
4626.8			1.0
4627.7			1.0
4628.6			1.0
4629.5			1.0
4630.4			1.0
4631.3			1.0
4632.2			1.0
4633.1			1.0
4634.0			1.0
4634.9			1.0
4635.8			1.0
4636.7			1.0
4637.6			1.0
4638.5			1.0
4639.4			1.0
4640.3			1.0
4641.2			1.1074964903789062
4642.1			1.1735211656038056
4643.0			1.1251717002661725
4643.9			1.0511978374323405
4644.8			0.9725069300767326
4645.7			0.8452162363911225
4646.6			0.7398675104749107
4647.5			0.7413117509017526
4648.4			0.8174863892883188
4649.3			0.9007246420079473
4650.2			0.9558168105791773
4651.1			0.984567378057657
4652.0			1.0
4652.9			1.0011273195880657
4653.8			0.9264291637253148
4654.7			0.8137175827803056
4655.6			0.7403831587461221
4656.5			0.7418786901642476
4657.4			0.8421641924153057
4658.3			0.9983652427706046
4659.2			1.0
4660.1			1.0
4661.0			1.0
4661.9			1.0
4662.8			0.9091146612094135
4663.7			0.9110869803161555
4664.6			0.9581611817827891
4665.5			0.93016865338639
4666.4			0.7903587915292344
4667.3			0.6613731007885982
4668.2			0.6637326862001218
4669.1			0.7727887267385909
4670.0			0.9057673580179909
4670.9			1.0167030986153465
4671.8			1.0674491545888924
4672.7			1.0481833939686316
4673.6			0.9994952396771067
4674.5			1.0
4675.4			1.0
4676.3			1.0
4677.2			1.007244039652013
4678.1			0.942946825971995
4679.0			0.874570838317848
4679.9			0.8170150857052301
4680.8			0.7738555283162435
4681.7			0.7816493663857345
4682.6			0.8667067704780635
4683.5			0.9640766066308444
4684.4			0.9964657052034526
4685.3			1.0
4686.2			1.0
4687.1			1.0
4688.0			1.0
4688.9			1.0
4689.8			1.0
4690.7			1.0
4691.6			1.0
4692.5			1.0
4693.4			1.0
4694.3			1.0
4695.2			1.0
4696.1			1.0397170190866192
4697.0			0.9867591691574908
4697.9			0.8612455333984521
4698.8			0.7701088811096942
4699.7			0.7667135510860721
4700.6			0.7956228424965522
4701.5			0.8072339857859724
4702.4			0.7960510909509343
4703.3			0.793032364409549
4704.2			0.8261515276173246
4705.1			0.8552903783555696
4706.0			0.831014814456741
4706.9			0.7741590812763379
4707.8			0.7315763822542741
4708.7			0.7101023921474077
4709.6			0.7370654676084217
4710.5			0.8366527777252654
4711.4			0.9206838856530033
4712.3			0.9179322000687081
4713.2			0.8553794032821682
4714.1			0.775055609097552
4715.0			0.7559422831215593
4715.9			0.8331168645723502
4716.8			0.9156464184518257
4717.7			0.9499155194016647
4718.6			0.9762336421387562
4719.5			1.0095041818464956
4720.4			1.026112318923731
4721.3			1.0
4722.2			0.9514443484569294
4723.1			0.9517789042792527
4724.0			1.0159711365976587
4724.9			1.0679819712234486
4725.8			1.0357248022776324
4726.7			0.892558796246547
4727.6			0.7308781327786577
4728.5			0.6848388625879633
4729.4			0.7391022628449534
4730.3			0.7856528948464505
4731.2			0.8106349243696334
4732.1			0.8559732515744762
4733.0			0.8952022950192825
4733.9			0.9365416154642688
4734.8			1.0
4735.7			0.9831826038947119
4736.6			0.9151157548995937
4737.5			0.9531507409653022
4738.4			1.046326316364096
4739.3			1.0362755576508318
4740.2			0.9523914107973135
4741.1			0.8979779165394917
4742.0			0.9067282845521366
4742.9			0.9526057721382509
4743.8			0.956851508288492
4744.7			0.9119484418811514
4745.6			0.9254434876668058
4746.5			1.000455447304602
4747.4			1.0
4748.3			1.0
4749.2			1.0
4750.1			1.0
4751.0			1.0
4751.9			1.0
4752.8			1.0
4753.7			1.0
4754.6			1.0
4755.5			1.0
4756.4			1.0
4757.3			1.0
4758.2			1.0
4759.1			1.0
4760.0			1.0508414409220606
4760.9			1.034035402598913
4761.8			0.9515594800331474
4762.7			0.8929580464362289
4763.6			0.8716168893487763
4764.5			0.8377742537448496
4765.4			0.7925621690378051
4766.3			0.7930232851189659
4767.2			0.8489669341427952
4768.1			0.916730272783781
4769.0			0.9992558073545108
4769.9			1.0554608424592054
4770.8			1.0036779196368766
4771.7			1.0
4772.6			1.0
4773.5			1.0
4774.4			1.0
4775.3			1.0
4776.2			1.0
4777.1			1.0209782794841067
4778.0			1.037196511430522
4778.9			1.0122273690367205
4779.8			0.9874518326882745
4780.7			0.9782047423862245
4781.6			0.9475643624805415
4782.5			0.8854258267685187
4783.4			0.8522144342719724
4784.3			0.8869800578054599
4785.2			0.89380643789196
4786.1			0.8305493215191594
4787.0			0.821494514939541
4787.9			0.8696462715361207
4788.8			0.862364780387491
4789.7			0.8348232807888212
4790.6			0.8607395086427361
4791.5			0.9120625737774459
4792.4			0.9747692918718958
4793.3			1.0626428549571596
4794.2			1.135221081778866
4795.1			1.0
4796.0			0.9456312658189836
4796.9			0.8778194900012363
4797.8			0.8136087889994772
4798.7			0.7601350585308349
4799.6			0.7529009040655519
4800.5			0.8177604326815486
4801.4			0.9251230007833486
4802.3			1.0014714280806654
4803.2			0.9995155461916287
4804.1			1.0
4805.0			1.0
4805.9			1.0
4806.8			1.0
4807.7			1.0
4808.6			1.0
4809.5			1.0
4810.4			1.0
4811.3			1.0
4812.2			1.0
4813.1			1.0
4814.0			1.0
4814.9			1.0
4815.8			1.0
4816.7			1.0
4817.6			1.0
4818.5			1.0
4819.4			1.0
4820.3			1.0
4821.2			1.0
4822.1			1.0
4823.0			1.0
4823.9			1.0
4824.8			1.0
4825.7			1.0
4826.6			1.0
4827.5			1.0
4828.4			1.0
4829.3			1.0
4830.2			1.0168795529195727
4831.1			0.9347496710665658
4832.0			0.8485483137911672
4832.9			0.8954719771292298
4833.8			1.0047157529673136
4834.7			1.0
4835.6			1.0
4836.5			1.0
4837.4			1.0
4838.3			1.0
4839.2			1.0
4840.1			1.0
4841.0			1.0
4841.9			1.0
4842.8			1.0
4843.7			1.0
4844.6			1.0
4845.5			1.0
4846.4			1.0089201566600197
4847.3			0.9331884300329252
4848.2			0.854020639017847
4849.1			0.8800256552588642
4850.0			0.9924683759286688
4850.9			1.0
4851.8			1.0
4852.7			1.0
4853.6			1.0
4854.5			1.0
4855.4			1.0
4856.3			1.0
4857.2			1.1437718224321192
4858.1			1.1384276832195974
4859.0			0.9843756591643168
4859.9			0.7521007819015927
4860.8			0.5755908326276618
4861.7			0.6358063359160595
4862.6			0.8615015679902736
4863.5			0.9880114650915847
4864.4			0.9983483944518965
4865.3			1.0
4866.2			1.0
4867.1			1.0
4868.0			1.0
4868.9			1.0425031996467822
4869.8			1.029667694201632
4870.7			0.9124846999261979
4871.6			0.8385031709189013
4872.5			0.9073684120682569
4873.4			1.0025594939596805
4874.3			1.011407780106102
4875.2			1.0
4876.1			1.0
4877.0			1.0
4877.9			1.0
4878.8			1.0
4879.7			1.0
4880.6			1.0
4881.5			1.0
4882.4			1.0203296672557127
4883.3			1.0752008469607748
4884.2			1.0164269464754174
4885.1			0.8891666903859324
4886.0			0.8300358320466228
4886.9			0.8760629904816801
4887.8			0.9347695105777944
4888.7			0.9364209707946641
4889.6			0.8697456530589317
4890.5			0.771639043596816
4891.4			0.7727728955086205
4892.3			0.8931885552780544
4893.2			1.0059895948424418
4894.1			1.0
4895.0			1.060759407800408
4895.9			1.0763208533371336
4896.8			1.0670256240960327
4897.7			1.0516287330236347
4898.6			0.9783419809331441
4899.5			0.8673624458374724
4900.4			0.8352526104949841
4901.3			0.8752002186310751
4902.2			0.8752099912346362
4903.1			0.8341862773471527
4904.0			0.8404464645497842
4904.9			1.0
4905.8			1.089889515600942
4906.7			1.0775618383985672
4907.6			0.9801883307597521
4908.5			0.8737787349248552
4909.4			0.7928757045620143
4910.3			0.7654003480619568
4911.2			1.0
4912.1			1.0580639036265211
4913.0			1.0792243178410057
4913.9			1.0997002934644315
4914.8			1.1681074928561457
4915.7			1.221516872237236
4916.6			1.1730694023059245
4917.5			1.0224765426136866
4918.4			0.8471803256542716
4919.3			0.722789040032284
4920.2			0.6808696856558519
4921.1			0.7395185712559852
4922.0			0.844954815655105
4922.9			0.8760315007710834
4923.8			0.8090780419033738
4924.7			0.7715554844136397
4925.6			0.8474424120838383
4926.5			0.9351195478978096
4927.4			0.9595915510100596
4928.3			0.9898949389367426
4929.2			1.0
4930.1			1.0
4931.0			1.0
4931.9			1.0
4932.8			1.0
4933.7			1.0
4934.6			1.0
4935.5			1.0859480671074087
4936.4			1.0424562513702518
4937.3			0.8844810063577713
4938.2			0.7327882518563923
4939.1			0.7155742159626205
4940.0			0.8510820077862573
4940.9			0.9868861832173413
4941.8			1.0078955795413826
4942.7			0.9845978351364553
4943.6			1.0
4944.5			1.0
4945.4			1.0
4946.3			1.0
4947.2			1.0
4948.1			1.0
4949.0			1.0
4949.9			1.0
4950.8			1.0
4951.7			1.0
4952.6			1.0
4953.5			1.0
4954.4			1.0
4955.3			1.0
4956.2			0.9007521284752599
4957.1			0.7315593444431164
4958.0			0.7095804177681242
4958.9			0.861051142699283
4959.8			0.9988147431394514
4960.7			1.0
4961.6			1.0
4962.5			1.0
4963.4			1.0
4964.3			1.0
4965.2			1.0
4966.1			1.0
4967.0			1.0
4967.9			1.0
4968.8			1.0
4969.7			1.0
4970.6			1.0
4971.5			1.0
4972.4			1.0
4973.3			1.0
4974.2			1.0
4975.1			1.0
4976.0			1.0
4976.9			1.0
4977.8			0.9456663993913793
4978.7			0.9216221164252074
4979.6			0.9444035166224256
4980.5			0.9304832633434332
4981.4			0.8239377371444663
4982.3			0.7177892584616475
4983.2			0.7257798833318414
4984.1			0.8038423175322299
4985.0			0.8520776052374336
4985.9			0.8987055996541794
4986.8			0.9990328044713896
4987.7			1.0
4988.6			1.0
4989.5			1.0
4990.4			1.0
4991.3			1.0
4992.2			1.0
4993.1			1.0
4994.0			1.0
4994.9			1.0
4995.8			1.0
4996.7			1.0
4997.6			1.0
4998.5			1.0
4999.4			1.0
5000.3			0.9798418358253045
5001.2			1.0088509515058948
5002.1			1.025706300189715
5003.0			1.018175349010105
5003.9			0.9833910805986394
5004.8			0.9145459376584043
5005.7			0.8499372540486897
5006.6			0.8979404861095723
5007.5			1.069440889976085
5008.4			1.1894915647154498
5009.3			1.1592482918619238
5010.2			1.086796104739781
5011.1			1.0045854366091531
5012.0			0.8858214836295288
5012.9			0.7959634940068482
5013.8			0.7687509240988412
5014.7			0.8323296973007862
5015.6			0.9438132448012737
5016.5			0.9821674554774416
5017.4			0.9375172920589764
5018.3			0.9061809248164866
5019.2			0.9382751250813712
5020.1			0.9840921592607249
5021.0			0.9739476129333418
5021.9			0.9174239894957726
5022.8			0.935616659082574
5023.7			1.0278996878646693
5024.6			1.0751770664125675
5025.5			1.0954719481328934
5026.4			1.0744914703327586
5027.3			0.999433827568964
5028.2			1.0
5029.1			1.0
5030.0			1.0
5030.9			1.0
5031.8			1.0
5032.7			1.0
5033.6			1.0
5034.5			1.0
5035.4			1.0
5036.3			0.9017832609400268
5037.2			0.9447796692646484
5038.1			0.9219277533656086
5039.0			0.7883195209614797
5039.9			0.6293097918190239
5040.8			0.5335928055270932
5041.7			0.6066172082981173
5042.6			0.7807476402880831
5043.5			0.88165381322638
5044.4			0.923597284381799
5045.3			1.0
5046.2			1.0448392873904426
5047.1			0.9782699477424736
5048.0			0.8444562067023021
5048.9			0.7676077719551823
5049.8			0.7765777853848519
5050.7			0.7864836939347358
5051.6			0.7728910682771719
5052.5			0.8115211303572443
5053.4			0.9044289867230279
5054.3			0.9896792486032481
5055.2			1.0299173385868652
5056.1			1.0193181353812013
5057.0			0.9984377948434723
5057.9			1.0
5058.8			1.0
5059.7			1.0
5060.6			1.0
5061.5			1.0
5062.4			1.0276748155856892
5063.3			0.9563308712657523
5064.2			0.8361093662692685
5065.1			0.8247446002508663
5066.0			0.9494730032057541
5066.9			1.0404327878507522
5067.8			1.0492262489685833
5068.7			1.0
5069.6			1.0
5070.5			1.0
5071.4			1.0
5072.3			1.0
5073.2			1.0
5074.1			1.0579272198746392
5075.0			1.0178955115112738
5075.9			0.988206902656062
5076.8			1.0383252944860193
5077.7			1.0329505325864832
5078.6			0.8573572595201532
5079.5			0.6743338028018573
5080.4			0.6879351670804748
5081.3			0.8302526453121273
5082.2			0.9076577588404766
5083.1			0.8970150974904899
5084.0			0.9234601763160754
5084.9			1.0000538954537868
5085.8			1.0
5086.7			1.0
5087.6			1.0
5088.5			1.0
5089.4			1.0
5090.3			1.0
5091.2			1.0
5092.1			1.0
5093.0			1.0
5093.9			1.0
5094.8			0.9912869834491944
5095.7			0.9542557435677663
5096.6			0.8917715748826779
5097.5			0.8130072620736533
5098.4			0.7400138810243535
5099.3			0.7496612700197589
5100.2			0.8705459282285428
5101.1			0.9875305897605998
5102.0			1.006172064771686
5102.9			1.0
5103.8			1.0
5104.7			0.9871460611389982
5105.6			0.9835497020181582
5106.5			0.9422771994555923
5107.4			0.8897245744296816
5108.3			0.8811105842214342
5109.2			0.8538438944234802
5110.1			0.8176629262382363
5111.0			0.8703697469155661
5111.9			0.9458921191460472
5112.8			0.958598753245447
5113.7			1.0
5114.6			1.0218900840128997
5115.5			1.054729357591128
5116.4			1.1113993227258339
5117.3			1.1610493072739203
5118.2			1.1628893429324192
5119.1			1.1285136253047994
5120.0			1.0841357752883016
5120.9			1.0282640107185814
5121.8			0.9362665385346941
5122.7			0.8129136868754372
5123.6			0.7532354552201183
5124.5			0.8169783085250937
5125.4			0.8985394814270724
5126.3			0.8943075073628207
5127.2			0.8463525568489176
5128.1			1.0
5129.0			1.0337506606276707
5129.9			1.0638836084484593
5130.8			1.089701555631257
5131.7			1.113598921438402
5132.6			1.138280135412811
5133.5			1.1789184792063487
5134.4			1.2476696867686352
5135.3			1.263180754761621
5136.2			1.1618991167930268
5137.1			1.058835795504712
5138.0			1.0223461085415801
5138.9			1.0141266590864118
5139.8			1.0671397264289741
5140.7			1.1064884089846088
5141.6			0.9909293832237137
5142.5			0.8586567444731728
5143.4			0.8889774100484186
5144.3			0.9654166996234366
5145.2			0.9485130525168568
5146.1			0.8929286010652153
5147.0			0.8593361204977285
5147.9			1.0
5148.8			1.0629795335988068
5149.7			1.0699170601185324
5150.6			0.9835089070475163
5151.5			0.9120885501452062
5152.4			0.9168232775788546
5153.3			0.9542995422431048
5154.2			0.991037752680802
5155.1			0.9448268744906341
5156.0			0.9945185682294558
5156.9			1.0
5157.8			1.0202892089148383
5158.7			1.001691416556611
5159.6			1.0035454051859547
5160.5			1.0207581201860327
5161.4			0.9922790011834031
5162.3			0.9518000842428438
5163.2			0.939207272239172
5164.1			0.8866859421198032
5165.0			0.7588194996282956
5165.9			0.6122738067235214
5166.8			0.508546541712513
5167.7			0.4914430734605799
5168.6			0.5886737672633144
5169.5			0.7558925617217647
5170.4			0.821126777668312
5171.3			0.6802066694448591
5172.2			0.5056910667373606
5173.1			0.5361731810065439
5174.0			0.7529777967521938
5174.9			0.9208346398570745
5175.8			0.9430615939634446
5176.7			0.9493584615618195
5177.6			1.001175869239721
5178.5			1.0
5179.4			1.0
5180.3			1.0
5181.2			0.9572501547341076
5182.1			0.8003336191658966
5183.0			0.5915059717781348
5183.9			0.5572519463474773
5184.8			0.7395196883720251
5185.7			0.9306620020963634
5186.6			0.9967620639830618
5187.5			1.0
5188.4			0.990425975178486
5189.3			1.0780087454063438
5190.2			1.115393531471116
5191.1			0.9485964481635687
5192.0			0.7482735259702286
5192.9			0.7462723758711016
5193.8			0.8487931116204313
5194.7			0.8741281536028311
5195.6			0.8773924784635916
5196.5			0.9362150116697017
5197.4			0.9998991417025918
5198.3			1.0
5199.2			1.0359532353350247
5200.1			1.0497872603814646
5201.0			1.0430842706740653
5201.9			1.039222980868848
5202.8			1.0349833643960131
5203.7			0.9534774122991129
5204.6			0.7955304462362792
5205.5			0.717079996983228
5206.4			0.7714502787894587
5207.3			0.8043043098264643
5208.2			0.7687223267362622
5209.1			0.7822099921828665
5210.0			0.8479507416917847
5210.9			0.9191232032970944
5211.8			0.9998392610772744
5212.7			1.0
5213.6			1.0
5214.5			0.9496941733228532
5215.4			0.8636426764705611
5216.3			0.8432980266116541
5217.2			0.9058265763771374
5218.1			0.989492881277488
5219.0			1.0
5219.9			1.0
5220.8			1.0
5221.7			1.0
5222.6			0.9519186129095871
5223.5			0.8507271842690468
5224.4			0.7264327369673158
5225.3			0.62344101940724
5226.2			0.569278345565586
5227.1			0.6293010087663055
5228.0			0.8111398419478676
5228.9			0.9588822034602639
5229.8			1.0005372531568981
5230.7			1.0
5231.6			1.0
5232.5			1.0
5233.4			1.0
5234.3			1.0
5235.2			1.0
5236.1			1.0
5237.0			1.0
5237.9			1.0
5238.8			1.0
5239.7			1.0
5240.6			1.035725393861615
5241.5			1.0533189695667962
5242.4			1.0313103049586876
5243.3			1.0486260756650958
5244.2			1.1185505861303031
5245.1			1.0955391251121636
5246.0			0.8964654953093131
5246.9			0.7134813265511923
5247.8			0.7405091238004786
5248.7			0.8170550246144412
5249.6			0.7560226834142907
5250.5			0.6963546522461258
5251.4			0.7631266017986356
5252.3			0.8656924327467115
5253.2			0.9044659011483286
5254.1			0.8465133692047293
5255.0			0.7926948337839357
5255.9			0.880891051377255
5256.8			1.0338042258745956
5257.7			1.1172897624768783
5258.6			1.1126285058065255
5259.5			1.0609400051258178
5260.4			0.9999962783554732
5261.3			1.0
5262.2			1.0
5263.1			1.0
5264.0			1.0
5264.9			1.0
5265.8			0.9688654046709397
5266.7			1.1099732987805933
5267.6			1.1955331190694185
5268.5			0.9784301389558672
5269.4			0.6917346136421743
5270.3			0.6986197624633198
5271.2			0.90977763096034
5272.1			1.0143390348231807
5273.0			0.9757237166829826
5273.9			1.0
5274.8			1.0
5275.7			1.0
5276.6			1.0
5277.5			1.0
5278.4			1.0
5279.3			0.9536113604179892
5280.2			0.8828382778076271
5281.1			0.8390322512045466
5282.0			0.8220546599369049
5282.9			0.790114278190788
5283.8			0.775870117046144
5284.7			0.8705819522946107
5285.6			1.0197513244704617
5286.5			1.0862153288178893
5287.4			1.051654113667498
5288.3			1.0020817732028067
5289.2			1.0
5290.1			1.0
5291.0			1.0
5291.9			1.0
5292.8			1.0
5293.7			1.0056266616307292
5294.6			1.0318637671087314
5295.5			0.9804302484202326
5296.4			0.8476481743151303
5297.3			0.7439709103514605
5298.2			0.8003310722122753
5299.1			0.968587106078629
5300.0			1.0408779623745565
5300.9			0.9974841249633314
5301.8			1.0
5302.7			1.0
5303.6			1.0
5304.5			1.0
5305.4			1.0116640421458272
5306.3			0.9541922428268513
5307.2			0.9098802062950231
5308.1			0.939783118159685
5309.0			0.9998022726388353
5309.9			1.0
5310.8			1.0
5311.7			1.0
5312.6			1.0
5313.5			1.0
5314.4			1.0
5315.3			1.0
5316.2			1.0
5317.1			1.0
5318.0			1.0
5318.9			1.0
5319.8			1.0
5320.7			1.0
5321.6			1.0
5322.5			1.0
5323.4			1.0
5324.3			0.9713969292538679
5325.2			1.0074035598203406
5326.1			1.00308066080625
5327.0			0.8437642857012926
5327.9			0.6371342825995393
5328.8			0.6366499916573775
5329.7			0.8175343952386973
5330.6			0.9695034953874264
5331.5			0.9956994473849893
5332.4			1.0
5333.3			1.0
5334.2			1.0
5335.1			1.0
5336.0			1.0
5336.9			1.0
5337.8			1.0
5338.7			0.9838469326206205
5339.6			0.8625760190277213
5340.5			0.7762831024353515
5341.4			0.8619297358646624
5342.3			0.9933567818641338
5343.2			1.0
5344.1			1.0
5345.0			1.0
5345.9			1.0
5346.8			1.0107730662016063
5347.7			0.9605249087809349
5348.6			0.8644120545433666
5349.5			0.840262720535304
5350.4			0.9078098574037365
5351.3			0.9798478601172317
5352.2			0.9846309169140083
5353.1			1.0
5354.0			1.0
5354.9			1.0
5355.8			1.0
5356.7			1.0
5357.6			1.0
5358.5			1.0
5359.4			1.0
5360.3			1.0
5361.2			1.0
5362.1			1.0
5363.0			1.0
5363.9			1.0
5364.8			1.0
5365.7			1.0
5366.6			1.0
5367.5			0.9947084853488103
5368.4			0.9648562544310485
5369.3			0.863548872017133
5370.2			0.7443163968898155
5371.1			0.6948086007298833
5372.0			0.782228064683062
5372.9			0.9118119446689331
5373.8			0.9730474255386448
5374.7			0.98520806424377
5375.6			1.0
5376.5			1.0
5377.4			1.0
5378.3			1.0
5379.2			1.0
5380.1			1.0
5381.0			1.0
5381.9			1.0
5382.8			1.0
5383.7			1.0
5384.6			1.0
5385.5			1.0
5386.4			1.0
5387.3			1.0
5388.2			1.0
5389.1			1.0
5390.0			1.0
5390.9			1.0
5391.8			1.0
5392.7			1.0
5393.6			1.0
5394.5			1.0
5395.4			1.0
5396.3			1.0
5397.2			1.0
5398.1			1.1550539442117904
5399.0			1.2797379117368657
5399.9			1.2442848732492366
5400.8			1.2004615145310018
5401.7			1.2191964401049544
5402.6			1.190997180274737
5403.5			1.0545636237458458
5404.4			0.8842496513982574
5405.3			0.772947981770745
5406.2			0.7955327558034279
5407.1			0.900672103376575
5408.0			0.9424521000045475
5408.9			0.8629888188838469
5409.8			0.7972304657276832
5410.7			0.8580085171549156
5411.6			0.9705363257118026
5412.5			1.0126686900329127
5413.4			1.0
5414.3			1.0
5415.2			1.0
5416.1			1.0
5417.0			1.0
5417.9			1.0
5418.8			1.0
5419.7			1.0
5420.6			1.0
5421.5			1.030456205228959
5422.4			1.0459804504989594
5423.3			0.9570887933024426
5424.2			0.8679140614761498
5425.1			0.8821191084904297
5426.0			0.9423912158021096
5426.9			0.9778174091084004
5427.8			1.0
5428.7			1.0
5429.6			0.8826307541511053
5430.5			0.966836928314367
5431.4			1.0089854880036662
5432.3			0.9259223433118107
5433.2			0.8472352756682796
5434.1			0.7953826595089564
5435.0			0.7698482833703892
5435.9			0.7748160098961764
5436.8			0.8282750244321259
5437.7			0.9249346800209524
5438.6			0.9956335208850711
5439.5			1.0158054409989017
5440.4			0.9978578869516586
5441.3			1.0
5442.2			1.0
5443.1			1.0
5444.0			0.9739210169345944
5444.9			0.8932495311659917
5445.8			0.7735274823883527
5446.7			0.7105194577722062
5447.6			0.796420155399536
5448.5			0.9288686392263426
5449.4			1.0009298470663246
5450.3			1.0
5451.2			1.0
5452.1			1.0
5453.0			0.9527552403515014
5453.9			0.8702412785394928
5454.8			0.7714286619152724
5455.7			0.7534541888550069
5456.6			0.8502529446717059
5457.5			0.960256581173185
5458.4			1.0007656680224337
5459.3			1.0
5460.2			1.0
5461.1			1.0
5462.0			1.0
5462.9			1.0
5463.8			1.0
5464.7			1.0
5465.6			1.0
5466.5			1.0
5467.4			1.0
5468.3			1.0
5469.2			1.0
5470.1			1.0
5471.0			1.0199436721771689
5471.9			1.027734460614169
5472.8			0.9634372936212928
5473.7			0.9539779298672575
5474.6			1.017412233477287
5475.5			0.973765603428567
5476.4			0.8614401694058731
5477.3			0.9228406274140607
5478.2			1.122776139340308
5479.1			1.2247061131434738
5480.0			1.1328603772507353
5480.9			0.9952600542686926
5481.8			0.9949375274685324
5482.7			1.0
5483.6			1.0799203079749944
5484.5			1.1523212518307286
5485.4			1.160053744118925
5486.3			1.0715013491273013
5487.2			0.9817627681635838
5488.1			0.9953938500816452
5489.0			1.0186268391596682
5489.9			0.9875815128529705
5490.8			1.0046322726656733
5491.7			1.0
5492.6			1.0
5493.5			1.0
5494.4			1.0
5495.3			1.0
5496.2			1.0
5497.1			1.0
5498.0			1.0
5498.9			1.0
5499.8			1.0
5500.7			1.0
5501.6			1.0
5502.5			1.0
5503.4			1.0
5504.3			1.0
5505.2			1.0
5506.1			1.0
5507.0			1.0329648679016916
5507.9			1.1237283077049978
5508.8			1.1299857209504962
5509.7			1.093065728263497
5510.6			1.03741686176086
5511.5			0.9350121129940593
5512.4			0.8699773441678937
5513.3			0.88002831405155
5514.2			0.9004170891175033
5515.1			0.9180447022192264
5516.0			0.9229951896804841
5516.9			0.94722261388901
5517.8			1.0129946338533988
5518.7			1.0
5519.6			1.0
5520.5			1.0
5521.4			1.0
5522.3			1.0
5523.2			1.0
5524.1			1.0022463196391198
5525.0			0.9733513555162194
5525.9			0.9383451156439789
5526.8			0.8956552825692236
5527.7			0.856063878248132
5528.6			0.8764809908902451
5529.5			0.9515750834416895
5530.4			1.0046018646290389
5531.3			0.9996820333548845
5532.2			1.0
5533.1			1.0
5534.0			1.0
5534.9			1.0
5535.8			1.0
5536.7			1.0
5537.6			1.0
5538.5			1.0
5539.4			1.0
5540.3			1.0
5541.2			1.0
5542.1			1.0
5543.0			1.0
5543.9			1.0
5544.8			1.0
5545.7			1.0
5546.6			1.0
5547.5			1.0
5548.4			1.0
5549.3			1.0
5550.200000000001			1.0
5551.1			1.0
5552.0			1.0
5552.9			1.0
5553.8			1.0
5554.700000000001			1.0
5555.6			1.0
5556.5			1.0
5557.4			1.0
5558.3			1.002638344029729
5559.200000000001			1.013423592346136
5560.1			1.010923172402321
5561.0			0.9936890871993009
5561.9			0.9607051790416913
5562.8			0.9432303846280565
5563.700000000001			0.9601235016458003
5564.6			0.9606252777423634
5565.5			0.9218009677531066
5566.4			0.9015739737677516
5567.3			0.9202136139797794
5568.200000000001			0.9215760851355154
5569.1			0.9019601348430343
5570.0			0.9383707662539204
5570.9			0.9906865454374751
5571.8			0.9546297407954698
5572.700000000001			0.9103813193164899
5573.6			0.9567563269473246
5574.5			1.0011115499647825
5575.4			1.0
5576.3			1.0
5577.200000000001			1.0
5578.1			1.0
5579.0			1.0
5579.9			1.0330812908117273
5580.8			1.0233356493505572
5581.700000000001			0.9902620681452867
5582.6			0.984859676237283
5583.5			0.974348868521649
5584.4			0.9488452654826474
5585.3			0.9093088167189783
5586.200000000001			0.8349748482589594
5587.1			0.7604985450993936
5588.0			0.7351689817458162
5588.9			0.7538444287389429
5589.8			0.7973434509705333
5590.700000000001			0.838036644361149
5591.6			0.8499364237641461
5592.5			0.8450598383893008
5593.4			0.8350543055571853
5594.3			0.8560681246995432
5595.200000000001			0.938081119591624
5596.1			1.0
5597.0			0.9675536794819498
5597.9			0.897997622919378
5598.8			0.8712160281855135
5599.700000000001			0.859174965266221
5600.6			0.8314630126501852
5601.5			0.8047138533154158
5602.4			0.7992443456066332
5603.3			0.8421265519547363
5604.200000000001			0.9198494884575831
5605.1			0.9864819422945782
5606.0			1.0188769540820126
5606.9			1.017371771937537
5607.8			1.0002029032909652
5608.700000000001			1.0
5609.6			1.0
5610.5			1.0
5611.4			1.0
5612.3			1.0
5613.200000000001			0.9915876225808185
5614.1			0.886485261716765
5615.0			0.7976851941122715
5615.9			0.8609149438340957
5616.8			0.995698591878197
5617.700000000001			1.0
5618.6			1.0
5619.5			1.0
5620.4			1.0
5621.3			1.055761948156296
5622.200000000001			1.0560251108882326
5623.1			0.9636935726381091
5624.0			0.8401569957224978
5624.9			0.8100632844485985
5625.8			0.8793439707422605
5626.700000000001			0.9323124725586142
5627.6			0.9529295483672279
5628.5			1.000887508178618
5629.4			1.0
5630.3			1.0
5631.200000000001			1.0
5632.1			1.0
5633.0			0.985125560266318
5633.9			0.9725526701797348
5634.8			0.958268145350633
5635.700000000001			0.9214249155427862
5636.6			0.879761370509183
5637.5			0.8731821821239572
5638.4			0.9061986725262936
5639.3			0.9343641329201553
5640.200000000001			0.9121462994082047
5641.1			0.8867143773650715
5642.0			0.9140247485038677
5642.9			0.9559683308417184
5643.8			0.9801523435506504
5644.700000000001			0.9942664789667132
5645.6			1.00129574581797
5646.5			1.0140931542553033
5647.4			1.0293731412871443
5648.3			1.02111661864581
5649.200000000001			1.004700211863269
5650.1			1.0
5651.0			1.0
5651.9			1.037127792891124
5652.8			1.0356172522691198
5653.700000000001			0.9814573007353794
5654.6			0.9394449037127629
5655.5			0.9662850631682828
5656.4			0.9654101862707928
5657.3			0.841881842509569
5658.200000000001			0.7419445413369977
5659.1			0.8109731195050769
5660.0			0.9206030236424841
5660.9			0.9210889303227004
5661.8			0.8594531959157184
5662.700000000001			0.8586768746477659
5663.6			1.0
5664.5			1.064842578689211
5665.4			1.068578719008402
5666.3			1.0092740835814644
5667.200000000001			0.9414660625782011
5668.1			0.9203044485898952
5669.0			0.9381154184076846
5669.9			0.9520819991729298
5670.8			0.9603262296259183
5671.700000000001			1.0046038346512813
5672.6			1.0
5673.5			1.0
5674.4			1.0
5675.3			1.0
5676.200000000001			1.0
5677.1			1.0
5678.0			1.0
5678.9			1.0
5679.8			1.0064771160136015
5680.700000000001			1.0092335470179892
5681.6			0.9644348164650326
5682.5			0.9218332522539093
5683.4			0.9336445971677414
5684.3			0.9715788434937109
5685.200000000001			0.9775613571835877
5686.1			0.9376427984669664
5687.0			0.8960717543233278
5687.9			0.8903285230120339
5688.8			0.9241377845871941
5689.700000000001			0.9710513085138097
5690.6			1.0023440169930098
5691.5			1.0344718009848293
5692.4			1.0642802176773491
5693.3			1.0578760504769966
5694.200000000001			1.0249384318011379
5695.1			1.00201246874997
5696.0			1.0003930846099136
5696.9			1.0
5697.8			1.0
5698.700000000001			1.0
5699.6			1.0
5700.5			0.9478016587309448
5701.4			0.8921195057943189
5702.3			0.900405131752626
5703.200000000001			0.9636519142358436
5704.1			1.013240896489064
5705.0			0.9881077559848069
5705.9			0.922436684429658
5706.8			0.8736874650409765
5707.700000000001			0.8267926982725204
5708.6			0.7919825035102308
5709.5			0.8176833269894943
5710.4			0.8416194861208995
5711.3			0.8168111513070169
5712.200000000001			0.8355913413586321
5713.1			0.9187649770723756
5714.0			0.9705453271165106
5714.9			0.98302033159828
5715.8			0.9974774001003829
5716.700000000001			0.9961722364617512
5717.6			1.0
5718.5			1.0
5719.4			1.0
5720.3			1.0
5721.200000000001			1.0
5722.1			1.0
5723.0			1.0
5723.9			1.0
5724.8			1.0
5725.700000000001			1.0
5726.6			1.0
5727.5			1.0
5728.4			1.0
5729.3			1.0436154143865668
5730.200000000001			0.9929228919645945
5731.1			0.9233123848686329
5732.0			0.9344730749319773
5732.9			1.000928907412338
5733.8			1.0
5734.700000000001			1.0
5735.6			1.0
5736.5			1.0
5737.4			1.0
5738.3			1.0
5739.200000000001			0.9943441664077095
5740.1			0.982873506476524
5741.0			0.9653691844117642
5741.9			0.9348544887797761
5742.8			0.9127225671231233
5743.700000000001			0.9346289832463726
5744.6			0.994723874416663
5745.5			1.0340795069625717
5746.4			0.9986169794238293
5747.3			1.0
5748.200000000001			1.0
5749.1			1.0
5750.0			1.0
5750.9			1.0061646047991903
5751.8			0.9404229994739445
5752.700000000001			0.8496826771244732
5753.6			0.794240229457835
5754.5			0.8306598318560964
5755.4			0.9285351744339629
5756.3			1.0006926979160267
5757.200000000001			1.0
5758.1			1.0
5759.0			1.0
5759.9			1.0
5760.8			1.0
5761.700000000001			1.0
5762.6			1.0
5763.5			1.0
5764.4			1.0
5765.3			1.0
5766.200000000001			1.0
5767.1			1.0
5768.0			1.0
5768.9			1.0
5769.8			1.0
5770.700000000001			1.0
5771.6			1.0
5772.5			1.0
5773.4			1.0
5774.3			0.9874233105127401
5775.200000000001			0.9962244572564192
5776.1			1.0232816659388524
5777.0			1.0337510774992058
5777.9			1.0315456303296586
5778.8			1.0119544268518952
5779.700000000001			0.9296771638335302
5780.6			0.8159646793203329
5781.5			0.7733936039563439
5782.4			0.8133876854658864
5783.3			0.8442498651581577
5784.200000000001			0.8124151461285561
5785.1			0.7890163930637157
5786.0			0.8462879708687727
5786.9			0.9269432852499583
5787.8			0.9745010566711768
5788.700000000001			1.0002328987637563
5789.6			1.0
5790.5			1.0
5791.4			1.0
5792.3			1.0
5793.200000000001			1.0
5794.1			1.0
5795.0			1.0
5795.9			0.9681144350800736
5796.8			0.8822570888466744
5797.700000000001			0.8361810132000226
5798.6			0.9020239687334471
5799.5			0.9996929072239069
5800.4			1.0
5801.3			1.0
5802.200000000001			1.0
5803.1			1.0
5804.0			1.0
5804.9			1.0
5805.8			1.0
5806.700000000001			1.0
5807.6			1.0
5808.5			1.0
5809.4			1.0
5810.3			1.0
5811.200000000001			1.0
5812.1			1.0
5813.0			1.0
5813.9			0.9854179307800448
5814.8			0.9436162540428915
5815.700000000001			0.9093126806164318
5816.6			0.9300416227084888
5817.5			0.9969545546546916
5818.4			1.0
5819.3			1.0
5820.200000000001			1.0
5821.1			1.0
5822.0			1.0
5822.9			1.0
5823.8			1.0
5824.700000000001			1.0
5825.6			1.0
5826.5			1.0
5827.4			1.0
5828.3			1.0
5829.200000000001			1.0
5830.1			1.0
5831.0			1.0
5831.9			0.9992379744896934
5832.8			0.9911439121187768
5833.700000000001			0.949636678171055
5834.6			0.9248877309633884
5835.5			0.9655925664870625
5836.4			1.014712801267753
5837.3			1.0014784598030533
5838.200000000001			1.0
5839.1			1.0
5840.0			1.0
5840.9			1.0
5841.8			1.0
5842.700000000001			1.0
5843.6			1.0
5844.5			1.0
5845.4			1.0
5846.3			1.0
5847.200000000001			1.0
5848.1			1.0
5849.0			1.0
5849.9			1.0
5850.8			1.0
5851.700000000001			1.0
5852.6			1.0
5853.5			1.0
5854.4			1.0597576220562284
5855.3			1.1026690971157633
5856.200000000001			1.044753017263096
5857.1			0.9452203642489029
5858.0			0.9095080726711126
5858.9			0.9366935852337682
5859.8			0.985018733489464
5860.700000000001			1.021411915624566
5861.6			1.0016626409066327
5862.5			1.0
5863.4			1.0
5864.3			1.0
5865.200000000001			1.0
5866.1			1.0
5867.0			1.0
5867.9			1.0
5868.8			1.0
5869.700000000001			1.0
5870.6			1.0
5871.5			1.0
5872.4			1.0
5873.3			1.0
5874.200000000001			1.0
5875.1			1.0
5876.0			1.0
5876.9			1.0
5877.8			1.0
5878.700000000001			0.9594666237684729
5879.6			0.9011918145241362
5880.5			0.8923933828308741
5881.4			0.9547233095551176
5882.3			0.998026950476818
5883.200000000001			1.0
5884.1			1.0
5885.0			1.0
5885.9			1.053160050990122
5886.8			1.051561980776931
5887.700000000001			0.9300216864172062
5888.6			0.6745329980150677
5889.5			0.46310966019164795
5890.4			0.5230205641016203
5891.3			0.7650896785700462
5892.200000000001			0.9359204737320845
5893.1			1.0058982506664025
5894.0			1.0
5894.9			1.0
5895.8			1.0
5896.700000000001			1.0
5897.6			1.0
5898.5			1.0
5899.4			1.0
5900.3			1.0
5901.200000000001			1.0
5902.1			1.0
5903.0			1.0
5903.9			1.0
5904.8			1.0
5905.700000000001			1.0
5906.6			1.0
5907.5			1.0
5908.4			1.0
5909.3			1.0
5910.200000000001			1.0
5911.1			1.0
5912.0			1.000948968768623
5912.9			0.9567023744187442
5913.8			0.9062723675139834
5914.700000000001			0.8803289874856208
5915.6			0.8684305554414906
5916.5			0.8944709089859748
5917.4			0.9491019839833793
5918.3			0.97940785054589
5919.200000000001			0.9987626750624098
5920.1			1.0
5921.0			1.0
5921.9			1.0
5922.8			1.0
5923.700000000001			1.0
5924.6			1.0
5925.5			1.0
5926.4			1.0
5927.3			1.0
5928.200000000001			1.0
5929.1			1.0
5930.0			1.0
5930.9			1.0
5931.8			1.0488940256855845
5932.700000000001			1.0362627274278087
5933.6			0.9700007683335803
5934.5			0.9125626615966193
5935.4			0.9286929441057702
5936.3			0.9775628189068465
5937.200000000001			1.0000468730964278
5938.1			1.0
5939.0			1.0
5939.9			1.0
5940.8			1.0
5941.700000000001			1.0
5942.6			1.0
5943.5			1.0
5944.4			1.0
5945.3			1.0
5946.200000000001			1.0
5947.1			1.0
5948.0			1.0
5948.9			1.0
5949.8			1.0
5950.700000000001			1.0
5951.6			1.0
5952.5			1.0
5953.4			1.0
5954.3			1.0453780099667724
5955.200000000001			1.0374869457103235
5956.1			0.9678864579322645
5957.0			0.9298701767786108
5957.9			0.9497741090965648
5958.8			0.9823372313678095
5959.700000000001			1.0082311272997935
5960.6			1.0
5961.5			1.0
5962.4			1.0
5963.3			0.9918257024318415
5964.200000000001			0.9747170438315227
5965.1			0.9403983264048341
5966.0			0.9302659557940778
5966.9			0.9627780642482914
5967.8			0.9914133812008054
5968.700000000001			1.0012866515402656
5969.6			1.0
5970.5			1.0
5971.4			1.0
5972.3			1.0
5973.200000000001			1.0
5974.1			1.0
5975.0			1.0
5975.9			1.0
5976.8			1.0
5977.700000000001			1.0
5978.6			1.0
5979.5			1.0
5980.4			1.0
5981.3			1.0043005482079672
5982.200000000001			0.9768044835992001
5983.1			0.9103798208742312
5984.0			0.8569921496223721
5984.9			0.8934965246575475
5985.8			0.9713036010675026
5986.700000000001			1.0029903106979103
5987.6			1.0
5988.5			1.0
5989.4			1.0
5990.3			1.0
5991.200000000001			1.0
5992.1			1.0
5993.0			1.0
5993.9			1.0
5994.8			1.0
5995.700000000001			1.0
5996.6			1.0
5997.5			1.0
5998.4			1.0
5999.3			1.0
6000.200000000001			1.0
6001.1			1.0
6002.0			1.0
6002.9			1.0
6003.8			1.0
6004.700000000001			1.018259707574793
6005.6			0.9926359968987513
6006.5			0.942240810865203
6007.4			1.0
6008.3			0.9901069670938386
6009.200000000001			1.0803491384499435
6010.1			1.170613912182214
6011.0			1.1670656947422755
6011.9			1.0894714624853112
6012.8			1.0234293500693115
6013.700000000001			1.027984636155329
6014.6			1.062750692455044
6015.5			1.0501004172024178
6016.4			1.0111280895315349
6017.3			1.0114513971834873
6018.200000000001			1.0273282603939624
6019.1			1.0074603364354697
6020.0			0.9766649426190755
6020.9			0.975995582690692
6021.8			0.9979960252674567
6022.700000000001			1.0078253582986947
6023.6			1.0001838036281157
6024.5			1.0149942046885638
6025.4			1.0325317919600243
6026.3			1.0110000073343128
6027.200000000001			0.9942294195424086
6028.1			1.0191892939938647
6029.0			1.042550033575776
6029.9			1.0293603731770173
6030.8			1.0011735474287204
6031.700000000001			1.0033670634047493
6032.6			1.0
6033.5			1.0
6034.4			1.0
6035.3			1.0
6036.200000000001			1.0
6037.1			1.0
6038.0			1.0
6038.9			1.0
6039.8			1.0
6040.700000000001			1.0
6041.6			1.0
6042.5			1.0
6043.4			1.0
6044.3			1.0
6045.200000000001			1.0
6046.1			1.0
6047.0			1.0
6047.9			1.0
6048.8			1.0
6049.700000000001			1.0
6050.6			1.0
6051.5			1.0
6052.4			1.0
6053.3			1.0
6054.200000000001			1.0
6055.1			1.0
6056.0			1.0
6056.9			1.0
6057.8			1.0
6058.700000000001			1.0
6059.6			1.0
6060.5			1.0
6061.4			1.0
6062.3			0.9658458067713162
6063.200000000001			0.9343029033229879
6064.1			0.8856371080003386
6065.0			0.8368729348691117
6065.9			0.8679604440498306
6066.8			0.9552963630207025
6067.700000000001			1.005739914809074
6068.6			1.0
6069.5			1.0
6070.4			1.0
6071.3			1.0
6072.200000000001			1.0
6073.1			1.0
6074.0			1.0
6074.9			1.0
6075.8			1.0
6076.700000000001			0.9839911862729835
6077.6			0.9515942936306971
6078.5			0.9263606608677584
6079.4			0.9490707384913114
6080.3			0.963943303495029
6081.200000000001			0.9179643112233865
6082.1			0.8813450395714073
6083.0			0.9087750856964043
6083.9			0.9440212709479257
6084.8			0.9411104487157165
6085.700000000001			0.9343250287776735
6086.6			0.9567769420494308
6087.5			0.9967738420334006
6088.4			1.0
6089.3			1.0
6090.200000000001			1.0
6091.1			1.0
6092.0			1.0
6092.9			1.0
6093.8			1.0
6094.700000000001			1.0
6095.6			1.0
6096.5			1.0
6097.4			1.0
6098.3			1.0
6099.200000000001			1.0
6100.1			1.0
6101.0			0.9702892764032636
6101.9			0.8623634371836757
6102.8			0.8070739991090304
6103.700000000001			0.8877517720786484
6104.6			0.9914947018222195
6105.5			1.0
6106.4			1.0
6107.3			1.0
6108.200000000001			1.0
6109.1			1.0
6110.0			1.0
6110.9			1.0
6111.8			1.0
6112.700000000001			1.0
6113.6			1.0
6114.5			1.0
6115.4			1.0
6116.3			1.0
6117.200000000001			1.0
6118.1			1.0192918315631605
6119.0			0.9789128348884757
6119.9			0.9246106612123022
6120.8			0.8933623022935588
6121.700000000001			0.8762023191197762
6122.6			0.9157841457567455
6123.5			1.0018282774464873
6124.4			1.0359218428501422
6125.3			1.0003716834516292
6126.200000000001			1.0
6127.1			1.0
6128.0			1.0
6128.9			1.0
6129.8			1.0
6130.700000000001			1.0
6131.6			1.0
6132.5			1.0
6133.4			1.0
6134.3			0.9369276158664669
6135.200000000001			0.8352123284227168
6136.1			0.7014643882670183
6137.0			0.6306716791899122
6137.9			0.7263515086895357
6138.8			0.9083642397969537
6139.700000000001			0.9994682432759656
6140.6			1.0
6141.5			1.0
6142.4			1.0
6143.3			1.0
6144.200000000001			1.0
6145.1			1.0
6146.0			1.0
6146.9			1.0
6147.8			0.9787224558132323
6148.700000000001			0.9517743764603592
6149.6			0.9247090188467934
6150.5			0.9165312961695368
6151.4			0.9421270293994926
6152.3			0.9883468203187719
6153.200000000001			1.0012046750108137
6154.1			1.0
6155.0			1.0
6155.9			1.0
6156.8			1.0
6157.700000000001			1.0
6158.6			1.0281924251126284
6159.5			1.0213794832724519
6160.4			0.9254858598119893
6161.3			0.8158137316959229
6162.200000000001			0.7850981637330997
6163.1			0.8378321969842302
6164.0			0.9232163951445922
6164.9			0.9772767131730503
6165.8			0.999840042123119
6166.700000000001			1.0
6167.6			1.0
6168.5			1.0
6169.4			1.0
6170.3			1.0
6171.200000000001			1.0
6172.1			1.0
6173.0			1.0
6173.9			1.0
6174.8			1.0
6175.700000000001			1.0
6176.6			1.0
6177.5			1.0
6178.4			1.0
6179.3			1.0
6180.200000000001			1.0
6181.1			1.0
6182.0			1.0
6182.9			1.0
6183.8			1.0
6184.700000000001			1.0
6185.6			1.0
6186.5			1.0
6187.4			1.0
6188.3			1.0
6189.200000000001			0.9976042226415954
6190.1			0.9393077172815865
6191.0			0.8262504020178362
6191.9			0.8108219566226628
6192.8			0.9120605192531516
6193.700000000001			0.9925931974895925
6194.6			1.0022450947639112
6195.5			1.0
6196.4			1.0
6197.3			1.0
6198.200000000001			1.0
6199.1			1.0
6200.0			1.0
6200.9			1.0
6201.8			1.0
6202.700000000001			1.0
6203.6			1.0
6204.5			1.0
6205.4			1.0
6206.3			1.0
6207.200000000001			1.0
6208.1			1.0
6209.0			1.0
6209.9			1.0
6210.8			0.9969632487887885
6211.700000000001			0.9913008572215019
6212.6			0.922334957166312
6213.5			0.8374340942549611
6214.4			0.8278950340690587
6215.3			0.8647114264290789
6216.200000000001			0.9184003515864732
6217.1			0.9885932122433674
6218.0			1.0068318511772363
6218.9			1.0
6219.8			1.0
6220.700000000001			1.0
6221.6			1.0
6222.5			1.0
6223.4			1.0
6224.3			1.0
6225.200000000001			1.0
6226.1			1.0
6227.0			1.0087482791117197
6227.9			0.9972706235121876
6228.8			0.9402608848532399
6229.700000000001			0.8374317643151422
6230.6			0.7804475160000157
6231.5			0.80933043563
6232.4			0.8540184038558781
6233.3			0.9126018230433611
6234.200000000001			1.0019935700519569
6235.1			1.0
6236.0			1.000639446525463
6236.9			0.966560828535631
6237.8			0.9266995975208351
6238.700000000001			0.8695537712080699
6239.6			0.8046477665046107
6240.5			0.8122747051801558
6241.4			0.8636638295521291
6242.3			0.8418712564082301
6243.200000000001			0.8017076522961297
6244.1			0.8321683220915818
6245.0			0.8604217225865652
6245.9			0.8662506450253312
6246.8			0.92187082425093
6247.700000000001			1.0
6248.6			1.0252187966326975
6249.5			1.0123641000300512
6250.4			0.9815105610155321
6251.3			0.9088714298380124
6252.200000000001			0.8372636292131833
6253.1			0.825045262613223
6254.0			0.8511572658196868
6254.9			0.869953932031185
6255.8			0.8452711700122196
6256.700000000001			0.7885561248470258
6257.6			0.7341356051945594
6258.5			0.7514670554128525
6259.4			0.8615722105941818
6260.3			0.942692284537892
6261.200000000001			0.9495208087326658
6262.1			0.9874936940942902
6263.0			1.0617351766535843
6263.9			1.0488741250523705
6264.8			0.9565153404995137
6265.700000000001			0.9305800502663986
6266.6			1.0009251015342917
6267.5			1.0
6268.4			1.0
6269.3			1.0
6270.200000000001			1.0
6271.1			1.0
6272.0			1.0
6272.9			1.0
6273.8			1.0
6274.700000000001			1.0
6275.6			1.0
6276.5			1.0
6277.4			1.0
6278.3			0.9966943164372375
6279.200000000001			0.9458684019445833
6280.1			0.868924674526202
6281.0			0.8512376364224195
6281.9			0.894369739989645
6282.8			0.9564723589133108
6283.700000000001			0.9977204296781135
6284.6			1.0
6285.5			1.0
6286.4			1.0
6287.3			1.033889012272611
6288.200000000001			1.0716521012499187
6289.1			1.0797143436100758
6290.0			1.0363578731021001
6290.9			0.9881011450875784
6291.8			0.9574850192234812
6292.700000000001			0.9344776468818349
6293.6			0.9589131116876667
6294.5			1.0019511550848175
6295.4			0.970779894934328
6296.3			0.8829191262409252
6297.200000000001			0.8414268685536231
6298.1			0.8728636595155874
6299.0			0.9171321754560622
6299.9			0.9203316028678907
6300.8			0.8859025280309837
6301.700000000001			0.8606808531264906
6302.6			0.8746266359426277
6303.5			0.9160506105119046
6304.4			0.931527534244659
6305.3			0.9118156724787335
6306.200000000001			0.93201373966544
6307.1			1.0008203970433902
6308.0			1.0
6308.9			1.0
6309.8			1.0
6310.700000000001			0.9429269375459645
6311.6			0.9173563438294691
6312.5			0.9425491186114228
6313.4			0.964526969872386
6314.3			0.9242409385096837
6315.200000000001			0.8955811025606722
6316.1			0.9317070287952687
6317.0			0.9286781178005609
6317.9			0.8702113212289916
6318.8			0.8648444657087317
6319.700000000001			0.9156427199389581
6320.6			0.9544664249735101
6321.5			0.9571813109638515
6322.4			0.9575240340810127
6323.3			0.9900506974806668
6324.200000000001			1.0242065611128544
6325.1			1.0380159168382264
6326.0			1.0274827657859
6326.9			0.9996090650699287
6327.8			1.0
6328.700000000001			1.0
6329.6			1.0
6330.5			1.0
6331.4			1.0039781350136072
6332.3			1.0375756907302156
6333.200000000001			1.05398781942013
6334.1			0.9911744108860374
6335.0			0.8753227504338974
6335.9			0.8265868451431788
6336.8			0.883243588814239
6337.700000000001			0.9436120834406412
6338.6			0.9458635046194517
6339.5			0.9579338856256221
6340.4			0.9987595289935284
6341.3			1.0
6342.200000000001			1.0
6343.1			1.0
6344.0			1.0
6344.9			1.0
6345.8			1.0
6346.700000000001			1.0
6347.6			1.0
6348.5			1.0
6349.4			1.0
6350.3			1.0
6351.200000000001			1.0209847620645127
6352.1			1.032746164358056
6353.0			1.0004667519618355
6353.9			0.9335032357375401
6354.8			0.893413060770318
6355.700000000001			0.9237157869451733
6356.6			0.9547178735262968
6357.5			0.9046699100854264
6358.4			0.8285787502884714
6359.3			0.8253470212897589
6360.200000000001			0.8681159250550224
6361.1			0.8705146284259102
6362.0			0.8423092993861783
6362.9			0.8414201017375823
6363.8			0.870640313805418
6364.700000000001			0.9031196130815592
6365.6			0.9272166608921559
6366.5			0.9554635630640704
6367.4			0.9995954456611252
6368.3			1.0
6369.200000000001			1.0
6370.1			1.0
6371.0			1.0
6371.9			1.0
6372.8			1.0
6373.700000000001			1.0
6374.6			1.0
6375.5			1.0
6376.4			1.0
6377.3			1.0
6378.200000000001			1.0
6379.1			1.0
6380.0			1.0
6380.9			1.0
6381.8			1.0
6382.700000000001			1.0
6383.6			1.0
6384.5			1.0
6385.4			1.0
6386.3			1.0
6387.200000000001			1.0
6388.1			1.0
6389.0			1.0
6389.9			1.0
6390.8			1.0
6391.700000000001			1.0
6392.6			1.0
6393.5			1.0
6394.4			1.0
6395.3			1.0
6396.200000000001			1.0
6397.1			1.0
6398.0			0.9970675793904661
6398.9			0.9182724785062815
6399.8			0.8203400415828119
6400.700000000001			0.8555526483633823
6401.6			0.9884513087018557
6402.5			1.0
6403.4			1.0
6404.3			1.0
6405.200000000001			1.0
6406.1			1.0
6407.0			1.0
6407.9			1.0
6408.8			1.0
6409.700000000001			1.0
6410.6			1.0
6411.5			1.0
6412.4			1.0
6413.3			1.0
6414.200000000001			1.0
6415.1			1.0
6416.0			1.0
6416.9			1.0
6417.8			0.9735531694413271
6418.700000000001			0.9248314684158324
6419.6			0.8647677521624598
6420.5			0.8256367095846538
6421.4			0.85111231435979
6422.3			0.939126860621664
6423.200000000001			1.0010071927849968
6424.1			1.0
6425.0			1.0
6425.9			1.0
6426.8			1.0
6427.700000000001			1.0
6428.6			0.9779890142548914
6429.5			0.8973461419141284
6430.4			0.8051222354163081
6431.3			0.7972878784133826
6432.200000000001			0.8769202463535118
6433.1			0.9576389222125696
6434.0			0.9985989266505545
6434.9			1.0
6435.8			1.0
6436.700000000001			1.0
6437.6			1.0
6438.5			1.0
6439.4			1.0
6440.3			1.0
6441.200000000001			1.0
6442.1			1.0
6443.0			1.0
6443.9			1.0
6444.8			1.0
6445.700000000001			1.0
6446.6			1.0
6447.5			0.992677830555336
6448.4			0.8992007194351869
6449.3			0.7663583141643151
6450.200000000001			0.7266052952535056
6451.1			0.8120615481724032
6452.0			0.9228465711818263
6452.9			1.000967474138975
6453.8			1.0
6454.700000000001			1.0
6455.6			1.0
6456.5			1.0
6457.4			1.0
6458.3			1.0
6459.200000000001			1.0
6460.1			1.0219539457003848
6461.0			0.9903735122265528
6461.9			0.9004980974434945
6462.8			0.8463530995202719
6463.700000000001			0.8851638198023195
6464.6			0.9580125976930522
6465.5			1.0089315509599204
6466.4			1.0
6467.3			1.0
6468.200000000001			1.0
6469.1			1.0
6470.0			1.0
6470.9			1.0
6471.8			1.0
6472.700000000001			1.0
6473.6			1.0
6474.5			1.0
6475.4			1.0
6476.3			1.0
6477.200000000001			1.0
6478.1			1.0
6479.0			1.0
6479.9			1.0052215685293875
6480.8			0.9476561677242648
6481.700000000001			0.8585511022660506
6482.6			0.8372396881853038
6483.5			0.8981032885039476
6484.4			0.9685402537941981
6485.3			1.0012888884563116
6486.200000000001			1.0
6487.1			1.0
6488.0			1.0
6488.9			0.9882669697963196
6489.8			0.9596384249317185
6490.700000000001			0.9458034176306636
6491.6			0.9561137862669402
6492.5			0.9340211627050387
6493.4			0.823702547364156
6494.3			0.7060814071031177
6495.200000000001			0.6822123059732816
6496.1			0.715070734127447
6497.0			0.7585936544514085
6497.9			0.8030527455655119
6498.8			0.8357463365703954
6499.700000000001			0.8915531011556862
6500.6			0.9614123637220944
6501.5			0.9953692689676094
6502.4			1.0
6503.3			1.0
6504.200000000001			1.0
6505.1			1.0
6506.0			1.0
6506.9			1.0
6507.8			1.0
6508.700000000001			1.0
6509.6			1.0
6510.5			1.0
6511.4			1.0
6512.3			1.0
6513.200000000001			1.0
6514.1			0.9812973076539773
6515.0			0.9455023017226362
6515.9			0.9327054633968227
6516.8			0.9334314821371263
6517.700000000001			0.9117166444687376
6518.6			0.9019464664298985
6519.5			0.9412562163975947
6520.4			0.9944225569297098
6521.3			1.0184380178062116
6522.200000000001			1.0082950861024278
6523.1			1.0000739346096934
6524.0			1.0
6524.9			1.0
6525.8			1.0
6526.700000000001			1.0
6527.6			1.0
6528.5			1.0
6529.4			1.0
6530.3			1.0029135043684991
6531.200000000001			0.9637103666278559
6532.1			0.910560074863269
6533.0			0.8945780024904961
6533.9			0.9318920140760307
6534.8			0.9870349291719317
6535.700000000001			1.0005791556644905
6536.6			1.0
6537.5			1.0
6538.4			1.0
6539.3			1.0
6540.200000000001			1.0
6541.1			1.0
6542.0			1.0
6542.9			1.0
6543.8			1.0
6544.700000000001			0.9767104412826345
6545.6			0.9143445279744861
6546.5			0.8877878947961887
6547.4			0.9331526487922379
6548.3			0.9974252110322959
6549.200000000001			1.0
6550.1			1.0
6551.0			1.0
6551.9			1.0
6552.8			1.0
6553.700000000001			1.0
6554.6			1.0
6555.5			1.0
6556.4			1.0
6557.3			1.0
6558.200000000001			1.0
6559.1			1.0
6560.0			0.9657743787497728
6560.9			0.8203149620732639
6561.8			0.5570900295144944
6562.700000000001			0.39979328780578466
6563.6			0.5351666142395812
6564.5			0.8134286264353463
6565.4			0.9997100957262648
6566.3			1.0
6567.200000000001			1.0
6568.1			1.0
6569.0			1.0
6569.9			1.0
6570.8			1.0111899894887049
6571.700000000001			0.997547801981409
6572.6			0.9324437903579054
6573.5			0.8555515074662835
6574.4			0.8111859427461131
6575.3			0.8385592970762223
6576.200000000001			0.9147052298023782
6577.1			0.9746737779367234
6578.0			0.9947366129823644
6578.9			1.0
6579.8			1.0
6580.700000000001			1.0
6581.6			1.0
6582.5			1.0
6583.4			1.0
6584.3			1.0
6585.200000000001			1.0
6586.1			1.0
6587.0			1.0
6587.9			1.0
6588.8			1.0
6589.700000000001			1.0
6590.6			1.0034754091575577
6591.5			0.9483776770520889
6592.4			0.8382634440342429
6593.3			0.7839147364531189
6594.200000000001			0.8551720242636461
6595.1			0.9574973832025574
6596.0			1.0007026588708123
6596.9			1.0
6597.8			1.0
6598.700000000001			1.0
6599.6			1.0
6600.5			1.0
6601.4			1.0
6602.3			1.0
6603.200000000001			1.0
6604.1			1.0
6605.0			0.9735631623573792
6605.9			0.9546668442129416
6606.8			0.935225523404253
6607.700000000001			0.8965202778953103
6608.6			0.8420192703739984
6609.5			0.8434671058248997
6610.4			0.9292445407072578
6611.3			1.0062611456679784
6612.200000000001			1.0036545560520458
6613.1			1.0
6614.0			1.0
6614.9			1.0
6615.8			1.0
6616.700000000001			1.0
6617.6			1.0
6618.5			1.0
6619.4			1.0
6620.3			1.0
6621.200000000001			1.0
6622.1			1.0
6623.0			0.9579150081580534
6623.9			0.8943048196421887
6624.8			0.8725495264288503
6625.700000000001			0.9326903875894615
6626.6			0.9982557660585292
6627.5			1.0
6628.4			1.0
6629.3			1.0
6630.200000000001			1.0
6631.1			0.9820409247604873
6632.0			0.9492646049391108
6632.9			0.899663621497521
6633.8			0.8774489585006154
6634.700000000001			0.9161335896287346
6635.6			0.9737576809883933
6636.5			1.0048175288198018
6637.4			1.0
6638.3			1.0
6639.200000000001			1.0
6640.1			1.0
6641.0			1.0
6641.9			1.0067030163480957
6642.8			0.9390254880808608
6643.700000000001			0.8973554831665328
6644.6			0.9430036271708196
6645.5			0.9987802150911296
6646.4			1.0
6647.3			1.0
6648.200000000001			1.0
6649.1			1.0
6650.0			1.0
6650.9			1.0
6651.8			1.0
6652.700000000001			1.0
6653.6			1.0
6654.5			1.0
6655.4			1.0
6656.3			1.0
6657.200000000001			1.0
6658.1			1.0124381743778328
6659.0			1.0056520709323966
6659.9			0.9927682249488098
6660.8			0.9927943190210465
6661.700000000001			0.9774900644850063
6662.6			0.9193224060072503
6663.5			0.8846834346383783
6664.4			0.9211457893753341
6665.3			0.9570630917331122
6666.200000000001			0.9542488586586283
6667.1			0.9454064041361399
6668.0			0.960316796375935
6668.9			0.9982824989290604
6669.8			1.0
6670.700000000001			1.0
6671.6			1.0
6672.5			1.0
6673.4			1.0
6674.3			1.0
6675.200000000001			1.007142740359755
6676.1			0.9839245085078279
6677.0			0.8924454029526884
6677.9			0.808556167486577
6678.8			0.8503497928412643
6679.700000000001			0.955950663631124
6680.6			0.9991714934743143
6681.5			1.0
6682.4			1.0
6683.3			1.0
6684.200000000001			1.0
6685.1			1.0
6686.0			1.0
6686.9			1.0
6687.8			1.0
6688.700000000001			1.0
6689.6			1.0
6690.5			1.0
6691.4			1.0
6692.3			1.0
6693.200000000001			1.0
6694.1			1.0
6695.0			1.0
6695.9			1.0
6696.8			1.0
6697.700000000001			1.0
6698.6			1.0
6699.5			1.0
6700.4			1.0
6701.3			0.9941612351383177
6702.200000000001			0.9650451102400819
6703.1			0.9239727835437996
6704.0			0.9047053894411837
6704.9			0.9317833693106478
6705.8			0.977604064861
6706.700000000001			1.0021774594952542
6707.6			1.0
6708.5			1.0
6709.4			1.0
6710.3			1.0
6711.200000000001			1.0134858067945705
6712.1			1.0287130710271601
6713.0			1.0139883040417372
6713.9			0.9998911653269505
6714.8			0.9809228937555596
6715.700000000001			0.9542694244839299
6716.6			0.9261353524594159
6717.5			0.9259411286033022
6718.4			0.9897440355964453
6719.3			1.0534715017186398
6720.200000000001			1.0535904546772132
6721.1			1.0
6722.0			0.990467123255036
6722.9			1.018652904466075
6723.8			1.0431952331593886
6724.700000000001			1.0199835129979407
6725.6			0.9699979704745254
6726.5			0.9508628417238129
6727.4			0.9681060322125478
6728.3			0.9865068303027298
6729.200000000001			1.012268191865453
6730.1			1.0402202654092263
6731.0			1.0423860910259886
6731.9			1.0208270151865564
6732.8			0.9955864816233008
6733.700000000001			0.9832023324552907
6734.6			0.9945916151724913
6735.5			1.0196667543283313
6736.4			1.0252496790764514
6737.3			0.9928774031356853
6738.200000000001			0.941003405118119
6739.1			0.9037910269114149
6740.0			0.9142758275466832
6740.9			0.9553842132678311
6741.8			0.9593870045338087
6742.700000000001			0.9310799076890495
6743.6			0.9393081126697783
6744.5			0.9712052109258229
6745.4			0.9750501713225892
6746.3			0.9620332235678632
6747.200000000001			0.9612321139444645
6748.1			0.9716924692923316
6749.0			0.9586328849353607
6749.9			0.9346740208583881
6750.8			0.9579154516537506
6751.700000000001			0.9749306161513942
6752.6			0.9442719061912669
6753.5			0.9359669363874379
6754.4			0.9558282711328101
6755.3			0.9714738424062271
6756.200000000001			0.9997472788514847
6757.1			1.0
6758.0			1.0
6758.9			1.0
6759.8			1.0
6760.700000000001			0.98784128033595
6761.6			0.959300269498036
6762.5			0.9540759525782276
6763.4			0.9765016024910949
6764.3			0.9885776948664043
6765.200000000001			0.9672039842267797
6766.1			0.9195657175277532
6767.0			0.8720782445471805
6767.9			0.8701793916297687
6768.8			0.9134697269922121
6769.700000000001			0.9284710523036589
6770.6			0.9023342590011522
6771.5			0.8977595690202085
6772.4			0.9296412430382186
6773.3			0.9599232803129566
6774.200000000001			0.977684978242308
6775.1			1.0023950633455256
6776.0			1.0
6776.9			1.0
6777.8			1.0
6778.700000000001			1.0
6779.6			1.0180694532021737
6780.5			1.0175100767015284
6781.4			1.0044545560363394
6782.3			0.9663379633224216
6783.200000000001			0.9171038822830295
6784.1			0.8975294829711448
6785.0			0.9041752562051275
6785.9			0.9186913539800855
6786.8			0.9526407199776507
6787.700000000001			0.9957094131302233
6788.6			1.0014084221156223
6789.5			1.0
6790.4			1.0
6791.3			1.0
6792.200000000001			1.0
6793.1			1.0
6794.0			1.0
6794.9			1.0
6795.8			1.0
6796.700000000001			1.0
6797.6			1.0
6798.5			1.0
6799.4			1.0
6800.3			1.0
6801.200000000001			1.0
6802.1			1.0
6803.0			1.0
6803.9			1.0
6804.8			1.0
6805.700000000001			1.0
6806.6			1.0
6807.5			1.0
6808.4			1.0
6809.3			1.0
6810.200000000001			1.0
6811.1			1.0
6812.0			1.0042283650721768
6812.9			0.993792782733187
6813.8			0.9591690838617029
6814.700000000001			0.9222099012986537
6815.6			0.9382430346492372
6816.5			0.9840214359039265
6817.4			0.9974866029600976
6818.3			1.0
6819.200000000001			1.0
6820.1			1.0
6821.0			1.0
6821.9			1.0338066493576696
6822.8			1.0630709598741763
6823.700000000001			1.070467029860606
6824.6			1.0627374638267963
6825.5			1.0539054167720037
6826.4			1.0368369124973624
6827.3			0.99899523063565
6828.200000000001			0.9666883516020501
6829.1			0.977488732929047
6830.0			1.0187360389541242
6830.9			1.0512787700557868
6831.8			1.046466474829076
6832.700000000001			1.0167734250863776
6833.6			1.0113013619164761
6834.5			1.0371194425326098
6835.4			1.0509427446078556
6836.3			1.0326178493545672
6837.200000000001			1.0098512689626042
6838.1			0.9925271339018805
6839.0			0.9609426094028958
6839.9			0.9232862098220423
6840.8			0.8989822638493815
6841.700000000001			0.8937380496453455
6842.6			0.9102538270716395
6843.5			0.9466171950282233
6844.4			0.9915290231370149
6845.3			1.012842490996739
6846.200000000001			1.0027079781300627
6847.1			1.0022529526933828
6848.0			1.0213161299515652
6848.9			1.0337224852563047
6849.8			1.031837892150348
6850.700000000001			1.0226398541845108
6851.6			1.0258450230513596
6852.5			1.0467127223705115
6853.4			1.0392993681917424
6854.3			0.9758828860785739
6855.200000000001			0.9236421733058339
6856.1			0.9388387942334088
6857.0			0.9712843199816851
6857.9			0.9867325771576988
6858.8			1.0017001960404701
6859.700000000001			0.9870886954483197
6860.6			0.9294916613335888
6861.5			0.8946987027381545
6862.4			0.9384125887321751
6863.3			1.0187131701057583
6864.200000000001			1.0602115199141666
6865.1			1.060547290147625
6866.0			1.0469933151508632
6866.9			1.0032113587336227
6867.8			0.9248319267484876
6868.700000000001			0.8879276387171969
6869.6			0.9571805407622601
6870.5			1.0322633048994287
6871.4			1.0029704951724392
6872.3			0.9433803600560845
6873.200000000001			0.9469947694502936
6874.1			0.9796554585094482
6875.0			0.9825101829389938
6875.9			0.9814631847838619
6876.8			1.0118465847987694
6877.700000000001			1.0442794331527971
6878.6			1.0478246264107203
6879.5			1.0286532817454246
6880.4			1.0083584909893655
6881.3			0.9892831285089301
6882.200000000001			0.9708372268969258
6883.1			0.9806693841717368
6884.0			1.0179335401416336
6884.9			1.0355357281729771
6885.8			1.0127886452364325
6886.700000000001			1.000037968058579
6887.6			1.047560404863524
6888.5			1.0915852738079457
6889.4			1.0709214368878148
6890.3			1.0615935954960127
6891.200000000001			1.098039742914552
6892.1			1.0897118556241971
6893.0			1.0358395085835135
6893.9			1.0370611523075355
6894.8			1.077797625374513
6895.700000000001			1.065480068816861
6896.6			1.0190355842667733
6897.5			1.0251653749868934
6898.4			1.0720131020457762
6899.3			1.0662769943226826
6900.200000000001			1.0057691995006672
6901.1			1.0025584118282926
6902.0			1.0831940562905744
6902.9			1.1373985357832155
6903.8			1.1094790571396211
6904.700000000001			1.0570213274988116
6905.6			1.0521599261824424
6906.5			1.097970742596399
6907.4			1.1224312410196056
6908.3			1.0911636818877064
6909.200000000001			1.0483071580878924
6910.1			1.0306921172166903
6911.0			1.0307442203909956
6911.9			1.0268019983947259
6912.8			0.9943608091378727
6913.700000000001			0.9355020506150612
6914.6			0.9264192034687747
6915.5			0.9807600701914883
6916.4			1.007997891594132
6917.3			1.002555125519442
6918.200000000001			1.0152113388380952
6919.1			1.0440887365784273
6920.0			1.074571435080504
6920.9			1.0933010358816428
6921.8			1.0940581876710394
6922.700000000001			1.0741717782311515
6923.6			1.0203455615325647
6924.5			0.9555749235703451
6925.4			0.9269017296697536
6926.3			0.9480494372917184
6927.200000000001			0.9907628627381946
6928.1			1.0194537361890998
6929.0			1.0259649903772787
6929.9			1.0312516477740823
6930.8			1.041689311272548
6931.700000000001			1.0312150047253539
6932.6			0.9919717341919678
6933.5			0.9769670927978835
6934.4			1.0107014069835196
6935.3			1.0394005899369663
6936.200000000001			1.03182310913358
6937.1			1.0170284678605155
6938.0			1.0186498090954137
6938.9			1.0343522322548915
6939.8			1.0500497441441858
6940.700000000001			1.0522744839779943
6941.6			1.0319037994084204
6942.5			0.986984355589383
6943.4			0.9318443257683132
6944.3			0.8851154796189915
6945.200000000001			0.8744808509151575
6946.1			0.916802209890449
6947.0			0.9630160906836188
6947.9			0.979070343866275
6948.8			0.9962521515082807
6949.700000000001			1.0052525723994803
6950.6			0.9749000322635594
6951.5			0.9409658416145691
6952.4			0.9356251765388518
6953.3			0.9265866371956789
6954.200000000001			0.9102841546749104
6955.1			0.9284007517760938
6956.0			0.9739805115850035
6956.9			0.9971549911710331
6957.8			0.994086571968524
6958.700000000001			0.9912756511443637
6959.6			0.9869448031779718
6960.5			0.9853280397200533
6961.4			0.9921816092287904
6962.3			0.998124298776864
6963.200000000001			1.0128443352626062
6964.1			1.03463093981099
6965.0			1.0210403416796352
6965.9			0.9785893758456421
6966.8			0.9769487109813879
6967.700000000001			1.0153300857286083
6968.6			1.036933989587891
6969.5			1.0129623705122286
6970.4			0.9524525522758784
6971.3			0.9291524532803919
6972.200000000001			0.9894630186014426
6973.1			1.046780306478017
6974.0			1.0173562435388785
6974.9			0.9578123269971933
6975.8			0.9384224359221461
6976.700000000001			0.9179363243629999
6977.6			0.837053726020317
6978.5			0.7554978584133283
6979.4			0.7863353553021417
6980.3			0.8959371695729516
6981.200000000001			0.9627081467245554
6982.1			0.9897704386563067
6983.0			1.022282158088793
6983.9			1.0319195406809258
6984.8			1.0128515134212488
6985.700000000001			1.0025782391001041
6986.6			1.012534849908798
6987.5			1.020921523430316
6988.4			1.00166139380661
6989.3			0.9689484885524975
6990.200000000001			0.9743445357646211
6991.1			1.0213096884008093
6992.0			1.0616470740526331
6992.9			1.0689425622440634
6993.8			1.0370930523581257
6994.700000000001			1.0030460474643907
6995.6			1.019369132556716
6996.5			1.052433164655129
6997.4			1.055722653645608
6998.3			1.017578342913696
6999.200000000001			0.9451344084285387
7000.1			1.0
7001.0			1.0
7001.9			1.0
7002.8			1.0
7003.700000000001			1.0
7004.6			1.0
7005.5			1.0
7006.4			1.0
7007.3			1.0
7008.200000000001			1.0
7009.1			1.0
7010.0			1.0
7010.9			1.0
7011.8			1.0
7012.700000000001			1.0
7013.6			1.0
7014.5			1.0
7015.4			1.0
7016.3			1.0
7017.200000000001			1.0
7018.1			1.0
7019.0			1.0
7019.9			1.0
7020.8			1.0
7021.700000000001			1.0
7022.6			1.0
7023.5			1.0
7024.4			1.0
7025.3			1.0
7026.200000000001			1.0
7027.1			1.0
7028.0			1.0
7028.9			1.0
7029.8			1.0
7030.700000000001			1.0
7031.6			1.0
7032.5			1.0
7033.4			1.0
7034.3			1.0
7035.200000000001			1.0
7036.1			1.0
7037.0			1.0
7037.9			1.0
7038.8			1.0
7039.700000000001			1.0
7040.6			1.0
7041.5			1.0
7042.4			1.0
7043.3			1.0
7044.200000000001			1.0
7045.1			1.0
7046.0			1.0
7046.9			1.0
7047.8			1.0
7048.700000000001			1.0
7049.6			1.0
7050.5			1.0
7051.4			1.0
7052.3			1.0
7053.200000000001			1.0
7054.1			1.0
7055.0			1.0
7055.9			1.0
7056.8			1.0
7057.700000000001			1.0
7058.6			1.0
7059.5			1.0
7060.4			1.0
7061.3			1.0
7062.200000000001			1.0
7063.1			1.0
7064.0			1.0
7064.9			1.0
7065.8			1.0
7066.700000000001			1.0
7067.6			1.0
7068.5			1.0
7069.4			1.0
7070.3			1.0
7071.200000000001			1.0
7072.1			1.0
7073.0			1.0
7073.9			1.0
7074.8			1.0
7075.700000000001			1.0
7076.6			1.0
7077.5			1.0
7078.4			1.0
7079.3			1.0
7080.200000000001			1.0
7081.1			1.0
7082.0			1.0
7082.9			1.0
7083.8			1.0
7084.700000000001			1.0
7085.6			1.0
7086.5			1.0
7087.4			1.0
7088.3			1.0
7089.200000000001			1.0
7090.1			1.0
7091.0			1.0
7091.9			1.0
7092.8			1.0
7093.700000000001			1.0
7094.6			1.0
7095.5			1.0
7096.4			1.0
7097.3			1.0
7098.200000000001			1.0
7099.1			1.0
7100.0			1.0
7100.9			1.0
7101.8			1.0
7102.700000000001			1.0
7103.6			1.0
7104.5			1.0
7105.4			1.0
7106.3			1.0
7107.200000000001			1.0
7108.1			1.0
7109.0			1.0
7109.9			1.0
7110.8			1.0
7111.700000000001			1.0
7112.6			1.0
7113.5			1.0
7114.4			1.0
7115.3			1.0
7116.200000000001			1.0
7117.1			1.0
7118.0			1.0
7118.9			1.0
7119.8			1.0
7120.700000000001			1.0
7121.6			1.0
7122.5			1.0
7123.4			1.0
7124.3			1.0
7125.200000000001			1.0
7126.1			1.0
7127.0			1.0
7127.9			1.0
7128.8			1.0
7129.700000000001			1.0
7130.6			1.0
7131.5			1.0
7132.4			1.0
7133.3			1.0
7134.200000000001			1.0
7135.1			1.0
7136.0			1.0
7136.9			1.0
7137.8			1.0
7138.700000000001			1.0
7139.6			1.0
7140.5			1.0
7141.4			1.0
7142.3			1.0
7143.200000000001			1.0
7144.1			1.0
7145.0			1.0
7145.9			1.0
7146.8			1.0
7147.700000000001			1.0
7148.6			1.0
7149.5			1.0
7150.4			1.0
7151.3			1.0
7152.200000000001			1.0
7153.1			1.0
7154.0			1.0
7154.9			1.0
7155.8			1.0
7156.700000000001			1.0
7157.6			1.0
7158.5			1.0
7159.4			1.0
7160.3			1.0
7161.200000000001			1.0
7162.1			1.0
7163.0			1.0
7163.9			1.0
7164.8			1.0
7165.700000000001			1.0
7166.6			1.0
7167.5			1.0
7168.4			1.0
7169.3			1.0
7170.200000000001			1.0
7171.1			1.0
7172.0			1.0
7172.9			1.0
7173.8			1.0
7174.700000000001			1.0
7175.6			1.0
7176.5			1.0
7177.4			1.0
7178.3			1.0
7179.200000000001			1.0
7180.1			1.0
7181.0			1.0
7181.9			1.0
7182.8			1.0
7183.700000000001			1.0
7184.6			1.0
7185.5			1.0
7186.4			1.0
7187.3			1.0
7188.200000000001			1.0
7189.1			1.0
7190.0			1.0
7190.9			1.0
7191.8			1.0
7192.700000000001			1.0
7193.6			1.0
7194.5			1.0
7195.4			1.0
7196.3			1.0
7197.200000000001			1.0
7198.1			1.0
7199.0			1.0
7199.9			1.0
7200.8			1.0
7201.700000000001			1.0
7202.6			1.0
7203.5			1.0
7204.4			1.0
7205.3			1.0
7206.200000000001			1.0
7207.1			1.0
7208.0			1.0
7208.9			1.0
7209.8			1.0
7210.700000000001			1.0
7211.6			1.0
7212.5			1.0
7213.4			1.0
7214.3			1.0
7215.200000000001			1.0
7216.1			1.0
7217.0			1.0
7217.9			1.0
7218.8			1.0
7219.700000000001			1.0
7220.6			1.0
7221.5			1.0
7222.4			1.0
7223.3			1.0
7224.200000000001			1.0
7225.1			1.0
7226.0			1.0
7226.9			1.0
7227.8			1.0
7228.700000000001			1.0
7229.6			1.0
7230.5			1.0
7231.4			1.0
7232.3			1.0
7233.200000000001			1.0
7234.1			1.0
7235.0			1.0
7235.9			1.0
7236.8			1.0
7237.700000000001			1.0
7238.6			1.0
7239.5			1.0
7240.4			1.0
7241.3			1.0
7242.200000000001			1.0
7243.1			1.0
7244.0			1.0
7244.9			1.0
7245.8			1.0
7246.700000000001			1.0
7247.6			1.0
7248.5			1.0
7249.4			1.0
7250.3			1.0
7251.200000000001			1.0
7252.1			1.0
7253.0			1.0
7253.9			1.0
7254.8			1.0
7255.700000000001			1.0
7256.6			1.0
7257.5			1.0
7258.4			1.0
7259.3			1.0
7260.200000000001			1.0
7261.1			1.0
7262.0			1.0
7262.9			1.0
7263.8			1.0
7264.700000000001			1.0
7265.6			1.0
7266.5			1.0
7267.4			1.0
7268.3			1.0
7269.200000000001			1.0
7270.1			1.0
7271.0			1.0
7271.9			1.0
7272.8			1.0
7273.700000000001			1.0
7274.6			1.0
7275.5			1.0
7276.4			1.0
7277.3			1.0
7278.200000000001			1.0
7279.1			1.0
7280.0			1.0
7280.9			1.0
7281.8			1.0
7282.700000000001			1.0
7283.6			1.0
7284.5			1.0
7285.4			1.0
7286.3			1.0
7287.200000000001			1.0
7288.1			1.0
7289.0			1.0
7289.9			1.0
7290.8			1.0
7291.700000000001			1.0
7292.6			1.0
7293.5			1.0
7294.4			1.0
7295.3			1.0
7296.200000000001			1.0
7297.1			1.0
7298.0			1.0
7298.9			1.0
7299.8			1.0
7300.700000000001			1.0
7301.6			1.0
7302.5			1.0
7303.4			1.0
7304.3			1.0
7305.200000000001			1.0
7306.1			1.0
7307.0			1.0
7307.9			1.0
7308.8			1.0
7309.700000000001			1.0
7310.6			1.0
7311.5			1.0
7312.4			1.0
7313.3			1.0
7314.200000000001			1.0
7315.1			1.0
7316.0			1.0
7316.9			1.0
7317.8			1.0
7318.700000000001			1.0
7319.6			1.0
7320.5			1.0
7321.4			1.0
7322.3			1.0
7323.200000000001			1.0
7324.1			1.0
7325.0			1.0
7325.9			1.0
7326.8			1.0
7327.700000000001			1.0
7328.6			1.0
7329.5			1.0
7330.4			1.0
7331.3			1.0
7332.200000000001			1.0
7333.1			1.0
7334.0			1.0
7334.9			1.0
7335.8			1.0
7336.700000000001			1.0
7337.6			1.0
7338.5			1.0
7339.4			1.0
7340.3			1.0
7341.200000000001			1.0
7342.1			1.0
7343.0			1.0
7343.9			1.0
7344.8			1.0
7345.700000000001			1.0
7346.6			1.0
7347.5			1.0
7348.4			1.0
7349.3			1.0
7350.200000000001			1.0
7351.1			1.0
7352.0			1.0
7352.9			1.0
7353.8			1.0
7354.700000000001			1.0
7355.6			1.0
7356.5			1.0
7357.4			1.0
7358.3			1.0
7359.200000000001			1.0
7360.1			1.0
7361.0			1.0
7361.9			1.0
7362.8			1.0
7363.700000000001			1.0
7364.6			1.0
7365.5			1.0
7366.4			1.0
7367.3			1.0
7368.200000000001			1.0
7369.1			1.0
7370.0			1.0
7370.9			1.0
7371.8			1.0
7372.700000000001			1.0
7373.6			1.0
7374.5			1.0
7375.4			1.0
7376.3			1.0
7377.200000000001			1.0
7378.1			1.0
7379.0			1.0
7379.9			1.0
7380.8			1.0
7381.700000000001			1.0
7382.6			1.0
7383.5			1.0
7384.4			1.0
7385.3			1.0
7386.200000000001			1.0
7387.1			1.0
7388.0			1.0
7388.9			1.0
7389.8			1.0
7390.700000000001			1.0
7391.6			1.0
7392.5			1.0
7393.4			1.0
7394.3			1.0
7395.200000000001			1.0
7396.1			1.0
7397.0			1.0
7397.9			1.0
7398.8			1.0
7399.700000000001			1.0
7400.6			1.0
7401.5			1.0
7402.4			1.0
7403.3			1.0
7404.200000000001			1.0
7405.1			1.0
7406.0			1.0
7406.9			1.0
7407.8			1.0
7408.700000000001			1.0
7409.6			1.0
7410.5			1.0
7411.4			1.0
7412.3			1.0
7413.200000000001			1.0
7414.1			1.0
7415.0			1.0
7415.9			1.0
7416.8			1.0
7417.700000000001			1.0
7418.6			1.0
7419.5			1.0
7420.4			1.0
7421.3			1.0
7422.200000000001			1.0
7423.1			1.0
7424.0			1.0
7424.9			1.0
7425.8			1.0
7426.700000000001			1.0
7427.6			1.0
7428.5			1.0
7429.4			1.0
