3500.0			1.0
3500.9			1.0
3501.8			1.0
3502.7			1.0
3503.6			1.0
3504.5			1.0
3505.4			1.0
3506.3			1.0
3507.2			1.0
3508.1			1.0
3509.0			1.0
3509.9			1.0
3510.8			1.0
3511.7			1.0
3512.6			1.0
3513.5			1.0
3514.4			1.0
3515.3			1.0
3516.2			1.0
3517.1			1.0
3518.0			1.0
3518.9			1.0
3519.8			1.0
3520.7			1.0
3521.6			1.0
3522.5			1.0
3523.4			1.0
3524.3			1.0
3525.2			1.0
3526.1			1.0
3527.0			1.0
3527.9			1.0
3528.8			1.0
3529.7			1.0
3530.6			1.0
3531.5			1.0
3532.4			1.0
3533.3			1.0
3534.2			1.0
3535.1			1.0
3536.0			1.0
3536.9			1.0
3537.8			1.0
3538.7			1.0
3539.6			1.0
3540.5			1.0
3541.4			1.0
3542.3			1.0
3543.2			1.0
3544.1			1.0
3545.0			1.0
3545.9			1.0
3546.8			1.0
3547.7			1.0
3548.6			1.0
3549.5			1.0
3550.4			1.0
3551.3			1.0
3552.2			1.0
3553.1			1.0
3554.0			1.0
3554.9			1.0
3555.8			1.0
3556.7			1.0
3557.6			1.0
3558.5			1.0
3559.4			1.0
3560.3			1.0
3561.2			1.0
3562.1			1.0
3563.0			1.0
3563.9			1.0
3564.8			1.0
3565.7			1.0
3566.6			1.0
3567.5			1.0
3568.4			1.0
3569.3			1.0
3570.2			1.0
3571.1			1.0
3572.0			1.0
3572.9			1.0
3573.8			1.0
3574.7			1.0
3575.6			1.0
3576.5			1.0
3577.4			1.0
3578.3			1.0
3579.2			1.0
3580.1			1.0
3581.0			1.0
3581.9			1.0
3582.8			1.0
3583.7			1.0
3584.6			1.0
3585.5			1.0
3586.4			1.0
3587.3			1.0
3588.2			1.0
3589.1			1.0
3590.0			1.0
3590.9			1.0
3591.8			1.0
3592.7			1.0
3593.6			1.0
3594.5			1.0
3595.4			1.0
3596.3			1.0
3597.2			1.0
3598.1			1.0
3599.0			1.0
3599.9			1.0
3600.8			1.0
3601.7			1.0
3602.6			1.0
3603.5			1.0
3604.4			1.0
3605.3			1.0
3606.2			1.0
3607.1			1.0
3608.0			1.0
3608.9			1.0
3609.8			1.0
3610.7			1.0
3611.6			1.0
3612.5			1.0
3613.4			1.0
3614.3			1.0
3615.2			1.0
3616.1			1.0
3617.0			1.0
3617.9			1.0
3618.8			1.0
3619.7			1.0
3620.6			1.0
3621.5			1.0
3622.4			1.0
3623.3			1.0
3624.2			1.0
3625.1			1.0
3626.0			1.0
3626.9			1.0
3627.8			1.0
3628.7			1.0
3629.6			1.0
3630.5			1.0
3631.4			1.0
3632.3			1.0
3633.2			1.0
3634.1			1.0
3635.0			1.0
3635.9			1.0
3636.8			1.0
3637.7			1.0
3638.6			1.0
3639.5			1.0
3640.4			1.0
3641.3			1.0
3642.2			1.0
3643.1			1.0
3644.0			1.0
3644.9			1.0
3645.8			1.0
3646.7			1.0
3647.6			1.0
3648.5			1.0
3649.4			1.0
3650.3			1.0
3651.2			1.0
3652.1			1.0
3653.0			1.0
3653.9			1.0
3654.8			1.0
3655.7			1.0
3656.6			1.0
3657.5			1.0
3658.4			1.0
3659.3			1.0
3660.2			1.0
3661.1			1.0
3662.0			1.0
3662.9			1.0
3663.8			1.0
3664.7			1.0
3665.6			1.0
3666.5			1.0
3667.4			1.0
3668.3			1.0
3669.2			1.0
3670.1			1.0
3671.0			1.0
3671.9			1.0
3672.8			1.0
3673.7			1.0
3674.6			1.0
3675.5			1.0
3676.4			1.0
3677.3			1.0
3678.2			1.0
3679.1			1.0
3680.0			1.0
3680.9			1.0
3681.8			1.0
3682.7			1.0
3683.6			1.0
3684.5			1.0
3685.4			1.0
3686.3			1.0
3687.2			1.0
3688.1			1.0
3689.0			1.0
3689.9			1.0
3690.8			1.0
3691.7			1.0
3692.6			1.0
3693.5			1.0
3694.4			1.0
3695.3			1.0
3696.2			1.0
3697.1			1.0
3698.0			1.0
3698.9			1.0
3699.8			1.0
3700.7			1.0
3701.6			1.0
3702.5			1.0
3703.4			1.0
3704.3			1.0
3705.2			1.0
3706.1			1.0
3707.0			1.0
3707.9			1.0
3708.8			1.0
3709.7			1.0
3710.6			1.0
3711.5			1.0
3712.4			1.0
3713.3			1.0
3714.2			1.0
3715.1			1.0
3716.0			1.0
3716.9			1.0
3717.8			1.0
3718.7			1.0
3719.6			1.0
3720.5			1.0
3721.4			1.0
3722.3			1.0
3723.2			1.0
3724.1			1.0
3725.0			1.0
3725.9			1.0
3726.8			1.0
3727.7			1.0
3728.6			1.0
3729.5			1.0
3730.4			1.0
3731.3			1.0
3732.2			1.0
3733.1			1.0
3734.0			1.0
3734.9			1.0
3735.8			1.0
3736.7			1.0
3737.6			1.0
3738.5			1.0
3739.4			1.0
3740.3			1.0
3741.2			1.0
3742.1			1.0
3743.0			1.0
3743.9			1.0
3744.8			1.0
3745.7			1.0
3746.6			1.0
3747.5			1.0
3748.4			1.0
3749.3			1.0
3750.2			1.0
3751.1			1.0
3752.0			1.0
3752.9			1.0
3753.8			1.0
3754.7			1.0
3755.6			1.0
3756.5			1.0
3757.4			1.0
3758.3			1.0
3759.2			1.0
3760.1			1.0
3761.0			1.0
3761.9			1.0
3762.8			1.0
3763.7			1.0
3764.6			1.0
3765.5			1.0
3766.4			1.0
3767.3			1.0
3768.2			1.0
3769.1			1.0
3770.0			1.0
3770.9			1.0
3771.8			1.0
3772.7			1.0
3773.6			1.0
3774.5			1.0
3775.4			1.0
3776.3			1.0
3777.2			1.0
3778.1			1.0
3779.0			1.0
3779.9			1.0
3780.8			1.0
3781.7			1.0
3782.6			1.0
3783.5			1.0
3784.4			1.0
3785.3			1.0
3786.2			1.0
3787.1			1.0
3788.0			1.0
3788.9			1.0
3789.8			1.0
3790.7			1.0
3791.6			1.0
3792.5			1.0
3793.4			1.0
3794.3			1.0
3795.2			1.0
3796.1			1.0
3797.0			1.0
3797.9			1.0
3798.8			1.0
3799.7			1.0
3800.6			1.0
3801.5			1.0
3802.4			1.0
3803.3			1.0
3804.2			1.0
3805.1			1.0
3806.0			1.0
3806.9			1.0
3807.8			1.0
3808.7			1.0
3809.6			1.0
3810.5			1.0
3811.4			1.0
3812.3			1.0
3813.2			1.0
3814.1			1.0
3815.0			1.0
3815.9			1.0
3816.8			1.0
3817.7			1.0
3818.6			1.0
3819.5			1.0
3820.4			1.0
3821.3			1.0
3822.2			1.0
3823.1			1.0
3824.0			1.0
3824.9			1.0
3825.8			1.0
3826.7			1.0
3827.6			1.0
3828.5			1.0
3829.4			1.0
3830.3			1.0
3831.2			1.0
3832.1			1.0
3833.0			1.0
3833.9			1.0
3834.8			1.0
3835.7			1.0
3836.6			1.0
3837.5			1.0
3838.4			1.0
3839.3			1.0
3840.2			1.0
3841.1			1.0
3842.0			1.0
3842.9			1.0
3843.8			1.0
3844.7			1.0
3845.6			1.0
3846.5			1.0
3847.4			1.0
3848.3			1.0
3849.2			1.0
3850.1			1.0
3851.0			1.0
3851.9			1.0
3852.8			1.0
3853.7			1.0
3854.6			1.0
3855.5			1.0
3856.4			1.0
3857.3			1.0
3858.2			1.0
3859.1			1.0
3860.0			1.0
3860.9			1.0
3861.8			1.0
3862.7			1.0
3863.6			1.0
3864.5			1.0
3865.4			1.0
3866.3			1.0
3867.2			1.0
3868.1			1.0
3869.0			1.0
3869.9			1.0
3870.8			1.0
3871.7			1.0
3872.6			1.0
3873.5			1.0
3874.4			1.0
3875.3			1.0
3876.2			1.0
3877.1			1.0
3878.0			1.0
3878.9			1.0
3879.8			1.0
3880.7			1.0
3881.6			1.0
3882.5			1.0
3883.4			1.0
3884.3			1.0
3885.2			1.0
3886.1			1.0
3887.0			1.0
3887.9			1.0
3888.8			1.0
3889.7			1.0
3890.6			1.0
3891.5			1.0
3892.4			1.0
3893.3			1.0
3894.2			1.0
3895.1			1.0
3896.0			1.0
3896.9			1.0
3897.8			1.0
3898.7			1.0
3899.6			1.0
3900.5			1.0
3901.4			1.0
3902.3			1.0
3903.2			1.0
3904.1			1.0
3905.0			1.0
3905.9			1.0
3906.8			1.0
3907.7			1.0
3908.6			1.0
3909.5			1.0
3910.4			1.0
3911.3			1.0
3912.2			1.0
3913.1			1.0
3914.0			1.0
3914.9			1.0
3915.8			1.0
3916.7			1.0
3917.6			1.0
3918.5			1.0
3919.4			1.0
3920.3			1.0
3921.2			1.0
3922.1			1.0
3923.0			1.0
3923.9			1.0
3924.8			1.0
3925.7			1.0
3926.6			1.0
3927.5			1.0
3928.4			1.0
3929.3			1.0
3930.2			1.0
3931.1			1.0
3932.0			1.0
3932.9			1.0
3933.8			1.0
3934.7			1.0
3935.6			1.0
3936.5			1.0
3937.4			1.0
3938.3			1.0
3939.2			1.0
3940.1			1.0
3941.0			1.0
3941.9			1.0
3942.8			1.0
3943.7			1.0
3944.6			1.0
3945.5			1.0
3946.4			1.0
3947.3			1.0
3948.2			1.0
3949.1			1.0
3950.0			1.0
3950.9			1.0
3951.8			1.0
3952.7			1.0
3953.6			1.0
3954.5			1.0
3955.4			1.0
3956.3			1.0
3957.2			1.0
3958.1			1.0
3959.0			1.0
3959.9			1.0
3960.8			1.0
3961.7			1.0
3962.6			1.0
3963.5			1.0
3964.4			1.0
3965.3			1.0
3966.2			1.0
3967.1			1.0
3968.0			1.0
3968.9			1.0
3969.8			1.0
3970.7			1.0
3971.6			1.0
3972.5			1.0
3973.4			1.0
3974.3			1.0
3975.2			1.0
3976.1			1.0
3977.0			1.0
3977.9			1.0
3978.8			1.0
3979.7			1.0
3980.6			1.0
3981.5			1.0
3982.4			1.0
3983.3			1.0
3984.2			1.0
3985.1			1.0
3986.0			1.0
3986.9			1.0
3987.8			1.0
3988.7			1.0
3989.6			1.0
3990.5			1.0
3991.4			1.0
3992.3			1.0
3993.2			1.0
3994.1			1.0
3995.0			1.0
3995.9			1.0
3996.8			1.0
3997.7			1.0
3998.6			1.0
3999.5			1.0
4000.4			1.0
4001.3			1.0
4002.2			1.0
4003.1			1.0370204090941162
4004.0			0.9675809114553062
4004.9			0.8069842969151159
4005.8			0.7235393336561345
4006.7			0.8015404288697207
4007.6			0.9287036905728281
4008.5			1.0023346998393337
4009.4			1.0
4010.3			1.0
4011.2			1.0
4012.1			1.0
4013.0			1.0
4013.9			1.0
4014.8			1.0
4015.7			1.0
4016.6			1.0
4017.5			1.0
4018.4			1.0
4019.3			1.0
4020.2			1.0
4021.1			1.0
4022.0			1.0
4022.9			1.0
4023.8			1.0
4024.7			1.0
4025.6			1.0
4026.5			1.0
4027.4			1.061098037244299
4028.3			1.1048356141208575
4029.2			1.0566881158827441
4030.1			0.897095852425075
4031.0			0.7542528968799102
4031.9			0.7096945564420097
4032.8			0.7002253141982493
4033.7			0.6998612184815108
4034.6			0.7379332580865121
4035.5			0.811383875548829
4036.4			0.9050359822375766
4037.3			0.9832099885040502
4038.2			0.9986738634295577
4039.1			1.0
4040.0			1.0
4040.9			1.0
4041.8			1.0
4042.7			1.026391383498499
4043.6			0.9242566120182395
4044.5			0.7234661442502349
4045.4			0.5714352616728935
4046.3			0.6116903715319375
4047.2			0.8193193228098372
4048.1			0.9922012131590854
4049.0			1.0
4049.9			1.0
4050.8			1.0
4051.7			1.0
4052.6			1.0
4053.5			1.0
4054.4			1.0
4055.3			1.0
4056.2			1.0
4057.1			1.0
4058.0			1.0
4058.9			1.0
4059.8			1.0
4060.7			1.1038132425748401
4061.6			1.0714716016017962
4062.5			0.8854956011165047
4063.4			0.7052160556710944
4064.3			0.7236512233708479
4065.2			0.9050286051392905
4066.1			1.0002393036893347
4067.0			1.0
4067.9			1.0
4068.8			1.0
4069.7			1.0
4070.6			1.0
4071.5			1.0
4072.4			1.0
4073.3			1.132028484857283
4074.2			1.160112415914199
4075.1			1.0263953487577995
4076.0			0.8291810446624858
4076.9			0.6932077274392469
4077.8			0.683277312149209
4078.7			0.7742528170733517
4079.6			0.8848400925894805
4080.5			0.9805234838178158
4081.4			1.0
4082.3			1.0
4083.2			1.0
4084.1			1.0
4085.0			1.0
4085.9			1.0
4086.8			1.0
4087.7			1.0
4088.6			1.0
4089.5			1.0
4090.4			1.0
4091.3			1.0
4092.2			1.0
4093.1			1.0
4094.0			1.0
4094.9			1.0
4095.8			1.0
4096.7			1.0
4097.6			1.0424759128513306
4098.5			1.0783592468496024
4099.4			1.0315605442059304
4100.3			0.9070363841178913
4101.2			0.805238034637354
4102.1			0.8312148297503532
4103.0			0.9235947556931128
4103.9			0.9719894166542488
4104.8			1.002338407298216
4105.7			1.0
4106.6			1.0
4107.5			1.0
4108.4			1.0
4109.3			1.0
4110.2			1.0
4111.1			1.0
4112.0			1.0
4112.9			1.0
4113.8			1.0
4114.7			1.0
4115.6			1.0
4116.5			1.0
4117.4			1.0
4118.3			1.0
4119.2			1.0
4120.1			1.0
4121.0			1.0
4121.9			1.0
4122.8			1.0
4123.7			1.0
4124.6			1.0
4125.5			1.0
4126.4			1.0
4127.3			0.9464623155230375
4128.2			0.9003292054341266
4129.1			0.8732414651484913
4130.0			0.8612046296851106
4130.9			0.8467636862267942
4131.8			0.7889135538340112
4132.7			0.7414695476808324
4133.6			0.7528267673653477
4134.5			0.8057554254805687
4135.4			0.9122653640528146
4136.3			0.9939918953398313
4137.2			0.9949000530413908
4138.1			1.0
4139.0			1.0261512398726795
4139.9			1.026174589436336
4140.8			0.987370214011475
4141.7			0.86371669171641
4142.6			0.6725470408345137
4143.5			0.5799649292355313
4144.4			0.6762519960700424
4145.3			0.8485992477355068
4146.2			0.9591835665016765
4147.1			1.0055981085369725
4148.0			1.0042391323198105
4148.9			1.0
4149.8			1.0
4150.7			1.0
4151.6			1.0
4152.5			1.0
4153.4			1.0
4154.3			1.0
4155.2			1.0
4156.1			1.0
4157.0			1.0
4157.9			1.0
4158.8			1.0
4159.7			1.0
4160.6			1.0
4161.5			1.0
4162.4			1.0
4163.3			1.0
4164.2			1.0
4165.1			1.0
4166.0			1.0
4166.9			1.0
4167.8			1.0
4168.7			1.0
4169.6			1.0606760834755136
4170.5			1.0700632075425822
4171.4			0.9765234317686219
4172.3			0.825762131730983
4173.2			0.7753587289039519
4174.1			0.8489009383489483
4175.0			0.9410053195270404
4175.9			0.9951937709714745
4176.8			0.9967912936364131
4177.7			1.0
4178.6			1.0
4179.5			1.0
4180.4			1.0
4181.3			1.0
4182.2			1.0
4183.1			1.0
4184.0			1.0
4184.9			1.0
4185.8			1.0
4186.7			1.0
4187.6			1.0
4188.5			1.0362935222239704
4189.4			1.0588647076808158
4190.3			1.011922224726637
4191.2			0.9860271182449959
4192.1			1.0447424689565568
4193.0			1.133377429581814
4193.9			1.1329346351216192
4194.8			1.027716868632129
4195.7			0.9082729865855196
4196.6			0.8389985287926132
4197.5			0.8133068483827286
4198.4			0.8030473638735085
4199.3			0.815050463839853
4200.2			0.8274052730463717
4201.1			0.798683198395156
4202.0			0.7773603996270659
4202.9			0.8133900455600745
4203.8			0.8493967698200144
4204.7			0.8467616959397629
4205.6			0.8634535546715333
4206.5			0.9206018156660102
4207.4			0.980052449970499
4208.3			1.0038163243185043
4209.2			1.0
4210.1			1.0
4211.0			1.0
4211.9			1.0
4212.8			0.965110531370951
4213.7			0.8794818511565861
4214.6			0.7649310621022912
4215.5			0.7039121395643639
4216.4			0.778009284008142
4217.3			0.9140684019976145
4218.2			0.9839147559902648
4219.1			1.0
4220.0			1.0
4220.9			1.0
4221.8			1.0
4222.7			0.8967867972272356
4223.6			0.7855559080374204
4224.5			0.6649293803031797
4225.4			0.4996266132897589
4226.3			0.35819381475591866
4227.2			0.397309454429287
4228.1			0.6341061863044585
4229.0			0.8733208946130696
4229.9			1.0
4230.8			1.0451401118417891
4231.7			1.0292226434363478
4232.6			0.9504510788212205
4233.5			0.9022772285801565
4234.4			0.9129327100164293
4235.3			0.884736964623279
4236.2			0.8175686183033013
4237.1			0.814960601357407
4238.0			0.8616457775235321
4238.9			0.8899513164973691
4239.8			0.9067949448482018
4240.7			0.951426483476705
4241.6			0.9903175587666997
4242.5			0.979309772483987
4243.4			1.001166797713825
4244.3			1.0
4245.2			1.0
4246.1			0.9677749971027987
4247.0			0.9029947535343621
4247.9			0.8565060308002798
4248.8			0.8476468738424291
4249.7			0.8330035321710051
4250.6			0.8401909483698192
4251.5			0.9402276233531007
4252.4			1.059408679588698
4253.3			1.0699349717169047
4254.2			1.0133268433929437
4255.1			1.0343131987535779
4256.0			1.0
4256.9			1.0959736489706748
4257.8			1.0542082515304982
4258.7			0.8999391946714581
4259.6			0.7812161870473756
4260.5			0.7246777973883587
4261.4			0.7595234671903722
4262.3			0.8792751719588326
4263.2			0.9726064154133841
4264.1			0.9942855243807188
4265.0			1.0
4265.9			1.0
4266.8			0.9637785529379399
4267.7			0.8880082712437579
4268.6			0.8447452490088094
4269.5			0.8103679019986025
4270.4			0.7104297223177409
4271.3			0.5878544885007493
4272.2			0.5700373938418479
4273.1			0.6492360846506162
4274.0			0.6788608978503115
4274.9			0.685151223120863
4275.8			0.7811965497669333
4276.7			0.9169218753774296
4277.6			0.9994401324982254
4278.5			1.0
4279.4			1.0
4280.3			1.0
4281.2			1.0
4282.1			1.0
4283.0			1.0
4283.9			1.0
4284.8			1.0
4285.7			1.0
4286.6			1.0
4287.5			1.029118384298165
4288.4			0.9541091238754623
4289.3			0.8124832119180487
4290.2			0.7488363004329988
4291.1			0.8092787405465506
4292.0			1.0
4292.9			1.100340662746143
4293.8			1.0861817128781273
4294.7			1.025238243147159
4295.6			1.015775220397223
4296.5			0.9955423666857506
4297.4			0.9171851677752516
4298.3			0.8002990371396257
4299.2			0.6717201321598033
4300.1			0.6275131072144752
4301.0			0.6893527170466316
4301.9			0.7383902118355462
4302.8			0.7335206017936197
4303.7			0.7419624650992933
4304.6			0.7522948278181921
4305.5			0.7260997365967626
4306.4			0.6838038860569994
4307.3			0.6206140292465605
4308.2			0.5643713322699044
4309.1			0.5817778741972148
4310.0			0.6531777995130327
4310.9			0.7305144240063168
4311.8			0.8077441865722575
4312.7			0.8859450837439973
4313.6			0.9524216548243243
4314.5			1.0480658453862035
4315.4			1.2601284419394085
4316.3			1.499238111791517
4317.2			1.586144261739658
4318.1			1.54647467815497
4319.0			1.4910460277564577
4319.9			1.4340000384666312
4320.8			1.0
4321.7			0.9463598542900834
4322.6			0.8653112782742824
4323.5			0.7298906488543092
4324.4			0.5982719332128587
4325.3			0.5248304410053074
4326.2			0.5798465833347072
4327.1			0.7678794838494308
4328.0			0.9472081612329991
4328.9			1.0022510611224797
4329.8			1.0
4330.7			1.0
4331.6			1.0
4332.5			1.0
4333.4			1.0
4334.3			1.0
4335.2			1.0559929312557812
4336.1			1.03099725222997
4337.0			0.8869189381721017
4337.9			0.7566096952632929
4338.8			0.7121001855190002
4339.7			0.6803412734897955
4340.6			0.6883388244047649
4341.5			0.808531381395125
4342.4			0.9428922068847397
4343.3			0.9791159217920623
4344.2			0.9975029680404512
4345.1			1.0
4346.0			1.0
4346.9			1.0
4347.8			1.0
4348.7			1.0980133523499545
4349.6			1.118313787903665
4350.5			0.9630704147781685
4351.4			0.7733286084532134
4352.3			0.7387299992370072
4353.2			0.8427470332933563
4354.1			0.9257210560712524
4355.0			0.9481463914711461
4355.9			0.9969600003444902
4356.8			1.0
4357.7			1.0
4358.6			1.0
4359.5			1.0
4360.4			1.0
4361.3			1.0
4362.2			1.0
4363.1			1.0
4364.0			1.0
4364.9			1.0
4365.8			1.0
4366.7			1.0
4367.6			1.0
4368.5			1.0
4369.4			1.0
4370.3			1.0
4371.2			1.0
4372.1			0.9805037106707345
4373.0			0.9168248698921309
4373.9			0.8159605014986469
4374.8			0.7544753021129416
4375.7			0.7891180873489931
4376.6			0.9068927385969668
4377.5			1.0074746782235406
4378.4			1.0
4379.3			1.0
4380.2			0.9739016095453582
4381.1			0.9606123215907041
4382.0			0.8509929756015443
4382.9			0.6292968621057045
4383.8			0.4886394649294856
4384.7			0.5790362769517966
4385.6			0.8031650852456172
4386.5			0.9714760043287117
4387.4			1.0003316365344832
4388.3			1.0
4389.2			1.0
4390.1			1.0
4391.0			1.0
4391.9			1.0
4392.8			1.0
4393.7			1.0
4394.6			1.0
4395.5			1.0
4396.4			1.0
4397.3			1.0
4398.2			1.0
4399.1			0.922344329504044
4400.0			0.842518666916758
4400.9			0.8466510648089011
4401.8			0.9547736671373049
4402.7			0.999857465707849
4403.6			0.8590819926352983
4404.5			0.6926894444043133
4405.4			0.7028518942807386
4406.3			0.8272738385607569
4407.2			0.8655122033689963
4408.1			0.8275052191024131
4409.0			0.8651245350039358
4409.9			1.0007744883070868
4410.8			1.0
4411.7			1.0
4412.6			1.018042264296934
4413.5			0.9793496735461169
4414.4			0.865773921847421
4415.3			0.7886380346237034
4416.2			0.8352411531215369
4417.1			0.9238797325758235
4418.0			1.0003624102935125
4418.9			1.0
4419.8			1.0
4420.7			1.0
4421.6			1.0
4422.5			1.0
4423.4			1.0
4424.3			1.0
4425.2			1.0
4426.1			1.0
4427.0			1.0
4427.9			1.0
4428.8			1.0
4429.7			1.0
4430.6			1.0
4431.5			1.0
4432.4			1.035702772969983
4433.3			0.9634076286600133
4434.2			0.8463750276487829
4435.1			0.7780708171087636
4436.0			0.807383511448338
4436.9			0.9085885788239383
4437.8			1.004399439540345
4438.7			1.0
4439.6			1.0
4440.5			1.0
4441.4			1.0
4442.3			1.0
4443.2			1.0
4444.1			1.0
4445.0			1.0
4445.9			1.0
4446.8			1.0
4447.7			1.0
4448.6			1.0
4449.5			1.0
4450.4			1.0
4451.3			1.0
4452.2			1.021377436577411
4453.1			0.9913290077183237
4454.0			0.9234325368086124
4454.9			0.8680119627625575
4455.8			0.8736537491839446
4456.7			0.9136870034158492
4457.6			0.9263685469645163
4458.5			0.9035961042135227
4459.4			0.87984909127152
4460.3			0.8610704118186867
4461.2			0.8255980258976645
4462.1			0.8327318119961852
4463.0			0.9353833417119142
4463.9			1.0305361347871056
4464.8			1.0468070252691477
4465.7			1.03915400223744
4466.6			1.0427351071273403
4467.5			1.0399978316003844
4468.4			1.0102361133719615
4469.3			0.9811244688794756
4470.2			0.9980393362362798
4471.1			1.0
4472.0			1.0
4472.9			1.0
4473.8			1.0
4474.7			1.0
4475.6			1.0
4476.5			1.0
4477.4			1.0341284630590402
4478.3			1.0045977211078707
4479.2			0.9192042285926244
4480.1			0.8381042850060579
4481.0			0.8051152012117712
4481.9			0.8124666307402615
4482.8			0.8674041240038275
4483.7			0.9464839953186702
4484.6			1.0000563197079981
4485.5			1.0
4486.4			1.0
4487.3			1.0
4488.2			1.0
4489.1			1.0
4490.0			1.0
4490.9			1.0
4491.8			1.059725931546295
4492.7			1.0537733227379857
4493.6			0.9716004802333558
4494.5			0.8730944160443908
4495.4			0.8311806487207916
4496.3			0.8474324331244901
4497.2			0.9091741819482126
4498.1			0.977750988198471
4499.0			1.005642567734929
4499.9			1.0
4500.8			1.0
4501.7			1.0
4502.6			1.0
4503.5			1.0
4504.4			1.0
4505.3			1.0
4506.2			1.0
4507.1			1.0
4508.0			1.0
4508.9			1.0
4509.8			1.0
4510.7			1.0
4511.6			0.9769783769177892
4512.5			0.9416848906182256
4513.4			0.9238241134757165
4514.3			0.9221067962301218
4515.2			0.9419318892001415
4516.1			0.9709723936030956
4517.0			0.9578295251638147
4517.9			0.9189851253928438
4518.8			0.9426365385522918
4519.7			1.0231885542451358
4520.6			1.0
4521.5			1.0007137687912622
4522.4			0.9241113418983934
4523.3			0.8762170024507386
4524.2			0.8940852396727542
4525.1			0.8835826581067084
4526.0			0.8346479960773936
4526.9			0.7918036352730354
4527.8			0.7684196452739354
4528.7			0.7642748683792383
4529.6			0.7880824201363724
4530.5			0.8224802833328787
4531.4			0.8652112562788655
4532.3			0.9136782524719774
4533.2			0.890420320623683
4534.1			0.8215897651563445
4535.0			0.7815338378566696
4535.9			0.824011408502986
4536.8			0.9642205905538432
4537.7			1.0715395944834258
4538.6			1.0615866553923192
4539.5			1.0058294895520352
4540.4			0.9581619312241487
4541.3			0.9559963779135289
4542.2			1.0051997587671195
4543.1			1.0405689714204815
4544.0			1.0084521365942465
4544.9			0.9592135191241107
4545.8			0.9741272407809873
4546.7			1.018815785011121
4547.6			1.0287881467005517
4548.5			0.9988081171684169
4549.4			1.0
4550.3			1.0168008986203827
4551.2			1.0545635447827484
4552.1			1.0191796293454374
4553.0			0.9664678860769446
4553.9			0.9293011429325755
4554.8			0.89835189453361
4555.7			0.9149305819468131
4556.6			0.9768856191163704
4557.5			1.0271981922326456
4558.4			1.0246325161907524
4559.3			0.9923302614286291
4560.2			1.0
4561.1			1.0
4562.0			0.9971739517952808
4562.9			0.945231250164756
4563.8			0.8748682555638831
4564.7			0.8422526815603476
4565.6			0.8620650698424722
4566.5			0.9297747884541842
4567.4			1.001443065688298
4568.3			1.0
4569.2			1.0
4570.1			1.0
4571.0			1.0
4571.9			0.9666085996756222
4572.8			1.0459598758970383
4573.7			1.1118408675021882
4574.6			1.0889997251243708
4575.5			1.0567593893309262
4576.4			1.0569555520076548
4577.3			1.0495561047508746
4578.2			1.0089504957199187
4579.1			1.0
4580.0			0.9326951127829631
4580.9			0.9304114275368138
4581.8			0.9831586741423097
4582.7			1.0213466681018857
4583.6			1.0130949738320958
4584.5			0.9921512469432442
4585.4			0.9752087904095335
4586.3			0.9694548643126657
4587.2			1.0177771438675434
4588.1			1.0844899249118156
4589.0			1.1069899165088788
4589.9			1.0854414379093287
4590.8			1.0345011263751118
4591.7			0.9826307172646715
4592.6			0.957149720368958
4593.5			0.9462437036175065
4594.4			0.9261791880633901
4595.3			0.9156742869981007
4596.2			0.9250152869446989
4597.1			0.9341904359902155
4598.0			0.9467807204039683
4598.9			0.9597068838164722
4599.8			0.9367174226162877
4600.7			0.9003013470959342
4601.6			0.9124079764303265
4602.5			0.9408071613745626
4603.4			0.9423841240016994
4604.3			0.9279316134716108
4605.2			0.9106092344438499
4606.1			0.9135246291535106
4607.0			0.951356579994636
4607.9			1.0054472515087316
4608.8			1.0431573117413224
4609.7			1.0365553997161012
4610.6			0.9970740568594625
4611.5			1.0
4612.4			1.0
4613.3			1.0
4614.2			1.0
4615.1			1.0
4616.0			1.0
4616.9			1.0
4617.8			1.0
4618.7			1.0
4619.6			1.0
4620.5			1.0
4621.4			1.0
4622.3			1.0
4623.2			1.0
4624.1			1.0
4625.0			1.0
4625.9			1.0
4626.8			1.0
4627.7			1.0
4628.6			1.0
4629.5			1.0
4630.4			1.0
4631.3			1.0
4632.2			1.0
4633.1			1.0
4634.0			1.0
4634.9			1.0
4635.8			1.0
4636.7			1.0
4637.6			1.0
4638.5			1.0
4639.4			1.0
4640.3			1.0
4641.2			1.0
4642.1			1.0517642343184856
4643.0			1.0416676065771304
4643.9			1.012828155974322
4644.8			0.9755152593309158
4645.7			0.9061008979071354
4646.6			0.8466089793109957
4647.5			0.8484080064640409
4648.4			0.8916719226047911
4649.3			0.9380790052986554
4650.2			0.9755336674643506
4651.1			1.0002249626670412
4652.0			1.0
4652.9			0.9947263258861492
4653.8			0.9528234198457537
4654.7			0.8910554549514541
4655.6			0.8584608142150641
4656.5			0.864886808363912
4657.4			0.9182498924237894
4658.3			0.9986899042028649
4659.2			1.0
4660.1			1.0
4661.0			1.0
4661.9			1.0
4662.8			1.0
4663.7			0.9828953806117852
4664.6			1.0003901848624352
4665.5			0.9797991432547591
4666.4			0.8875795853836005
4667.3			0.7933840094997844
4668.2			0.7858477311551749
4669.1			0.8552748654744343
4670.0			0.930566476199826
4670.9			0.9901564155978663
4671.8			1.0165682312102753
4672.7			0.9988077866048727
4673.6			1.0
4674.5			1.0
4675.4			1.0
4676.3			1.0
4677.2			1.0
4678.1			0.9703656385784398
4679.0			0.9330749967038712
4679.9			0.8978243437620202
4680.8			0.869839409892293
4681.7			0.8737889049873024
4682.6			0.9164702342389834
4683.5			0.9776031264628559
4684.4			1.0024946353866806
4685.3			0.9980294224308893
4686.2			1.0
4687.1			1.0
4688.0			1.0
4688.9			1.0
4689.8			1.0
4690.7			1.0
4691.6			1.0
4692.5			1.0
4693.4			1.0
4694.3			1.0
4695.2			1.0
4696.1			1.0
4697.0			1.0
4697.9			1.0
4698.8			1.0
4699.7			1.0
4700.6			1.0
4701.5			1.0
4702.4			1.0
4703.3			1.0
4704.2			1.0246982017776418
4705.1			1.0539049076848361
4706.0			1.0453676504591185
4706.9			1.0031862767146265
4707.8			0.9579400350042542
4708.7			0.9281076198781425
4709.6			0.9223074440110813
4710.5			0.9689123333231411
4711.4			1.0300910385837196
4712.3			1.0393571670566852
4713.2			0.9999754029856629
4714.1			1.0
4715.0			1.0
4715.9			1.0
4716.8			1.0
4717.7			1.0
4718.6			1.0
4719.5			1.0
4720.4			1.0
4721.3			1.0
4722.2			0.9683840855343203
4723.1			0.9648247387306511
4724.0			1.007151913335379
4724.9			1.0479059109194593
4725.8			1.0386051876402684
4726.7			0.9585851453266051
4727.6			0.8623628097084118
4728.5			0.8354778963161201
4729.4			0.8661514745781081
4730.3			0.8922938090177331
4731.2			0.906876892843405
4732.1			0.9314622534203029
4733.0			0.957860981261491
4733.9			0.9723993152208678
4734.8			1.0018526896033386
4735.7			1.0
4736.6			1.0
4737.5			1.0
4738.4			1.0
4739.3			1.0
4740.2			1.0
4741.1			1.0
4742.0			1.0
4742.9			1.0
4743.8			1.0
4744.7			1.0
4745.6			1.0
4746.5			1.0
4747.4			1.0
4748.3			1.0
4749.2			1.0
4750.1			1.0
4751.0			1.0
4751.9			1.0
4752.8			1.0
4753.7			1.0
4754.6			1.0
4755.5			1.0
4756.4			1.0
4757.3			1.0
4758.2			1.0
4759.1			1.0
4760.0			1.036225846003108
4760.9			1.0409718593808297
4761.8			0.9935884458282405
4762.7			0.9512602413978463
4763.6			0.9466762937839843
4764.5			0.9477680016766917
4765.4			0.9276873797298827
4766.3			0.9177267559389609
4767.2			0.9476595061734613
4768.1			0.9925978671606159
4769.0			1.0347491364982033
4769.9			1.069918820662727
4770.8			1.0505944126864244
4771.7			1.0044729404214614
4772.6			1.0006687281461215
4773.5			1.0
4774.4			1.0
4775.3			1.0089129330835755
4776.2			0.9882839865318538
4777.1			0.9905335594675381
4778.0			1.0005250161817234
4778.9			0.9869863909459436
4779.8			0.9714688033004889
4780.7			0.9670163562155742
4781.6			0.960871090359909
4782.5			0.9414448520083479
4783.4			0.9290288409934868
4784.3			0.951969734433427
4785.2			0.9722515953879861
4786.1			0.9415282365927554
4787.0			0.9281067425317056
4787.9			0.9589085852576562
4788.8			0.9601923616914408
4789.7			0.9440563715258571
4790.6			0.9593246741316864
4791.5			0.9823676269237809
4792.4			1.0027632652523493
4793.3			1.0510352038763446
4794.2			1.1101304365139983
4795.1			1.0
4796.0			0.9791861164789829
4796.9			0.9455876945908949
4797.8			0.9124006600514435
4798.7			0.8781645716438446
4799.6			0.8635637369062632
4800.5			0.8889211142345113
4801.4			0.9412349229839111
4802.3			0.9877337624483852
4803.2			1.000568308621685
4804.1			1.0
4805.0			1.0
4805.9			1.0
4806.8			1.0
4807.7			1.0
4808.6			1.0
4809.5			1.0
4810.4			1.0
4811.3			1.0
4812.2			1.0
4813.1			1.0
4814.0			1.0
4814.9			1.0
4815.8			1.0
4816.7			1.0
4817.6			1.0
4818.5			1.0
4819.4			1.0
4820.3			1.0
4821.2			1.0
4822.1			1.0
4823.0			1.0
4823.9			1.0
4824.8			1.0
4825.7			1.0
4826.6			1.0
4827.5			1.0
4828.4			1.0
4829.3			0.9968833554453009
4830.2			1.001516002421988
4831.1			0.9669207016675399
4832.0			0.9136800290445354
4832.9			0.924096486323125
4833.8			0.9765246977788467
4834.7			0.9983424070694797
4835.6			1.0
4836.5			1.0
4837.4			1.0
4838.3			1.0
4839.2			1.0
4840.1			1.0
4841.0			1.0
4841.9			1.0
4842.8			1.0
4843.7			1.0
4844.6			1.0
4845.5			1.0
4846.4			1.0
4847.3			1.0
4848.2			1.0
4849.1			1.0
4850.0			1.0
4850.9			1.0
4851.8			1.0
4852.7			1.0
4853.6			1.0
4854.5			1.0
4855.4			1.0
4856.3			1.0
4857.2			1.0
4858.1			1.0297748584373323
4859.0			0.9830071390776806
4859.9			0.8847978821354496
4860.8			0.7753125114457282
4861.7			0.7530246044662999
4862.6			0.8578954436056386
4863.5			0.953679771219283
4864.4			0.9740479776920464
4865.3			1.000953450737804
4866.2			1.0
4867.1			1.0
4868.0			1.0
4868.9			1.0
4869.8			0.9999174336419769
4870.7			0.9453079166637889
4871.6			0.8961214721430598
4872.5			0.926405161318118
4873.4			0.9953492732067362
4874.3			1.0
4875.2			1.0
4876.1			1.0
4877.0			1.0
4877.9			1.0
4878.8			1.0
4879.7			1.0
4880.6			1.0
4881.5			1.0
4882.4			1.0
4883.3			1.0
4884.2			0.9941465900244306
4885.1			0.936674433285815
4886.0			0.8953241717126807
4886.9			0.9036112675802321
4887.8			0.9267441757846402
4888.7			0.927371855386681
4889.6			0.9050178694591138
4890.5			0.8579009124022274
4891.4			0.8355473874624231
4892.3			0.8990268701060086
4893.2			0.9856884399121244
4894.1			1.0344748418616667
4895.0			1.0594525937500747
4895.9			1.0621851663701805
4896.8			1.0516448893913513
4897.7			1.0396677732887154
4898.6			1.0019347635882498
4899.5			1.0
4900.4			1.0
4901.3			1.0
4902.2			1.0
4903.1			1.0
4904.0			1.0
4904.9			1.0
4905.8			1.0485786364418537
4906.7			1.0572080775917128
4907.6			1.0154546197465049
4908.5			0.9602481166469696
4909.4			0.9115631911696969
4910.3			0.884077754394314
4911.2			0.8950063201837511
4912.1			0.9274730412406647
4913.0			0.9509839999825902
4913.9			0.9683333972877225
4914.8			1.000056306416256
4915.7			1.0
4916.6			1.0048520020972724
4917.5			0.954938306536535
4918.4			0.8740650107860657
4919.3			0.8036603916689274
4920.2			0.7754088370873572
4921.1			0.81647510984341
4922.0			0.9140280222185322
4922.9			0.9886768747308472
4923.8			0.9896282847817431
4924.7			1.0
4925.6			1.0
4926.5			1.0
4927.4			1.0
4928.3			1.0
4929.2			1.0
4930.1			1.0
4931.0			1.0
4931.9			1.0
4932.8			1.0
4933.7			1.0
4934.6			1.0
4935.5			1.0451602655168033
4936.4			1.0305226602296358
4937.3			0.9515474749722105
4938.2			0.8688850876295823
4939.1			0.8445919325474779
4940.0			0.897228231546098
4940.9			0.9702269712121633
4941.8			0.9948660166087546
4942.7			0.9916580400947556
4943.6			1.0
4944.5			1.0
4945.4			1.0
4946.3			1.0
4947.2			1.0
4948.1			1.0
4949.0			1.0
4949.9			1.0
4950.8			1.0
4951.7			1.0
4952.6			1.0
4953.5			1.0
4954.4			1.0
4955.3			1.0
4956.2			0.9538089561708343
4957.1			0.8416670047767083
4958.0			0.7975997840355454
4958.9			0.8908671666196842
4959.8			0.9985034350258598
4960.7			1.0
4961.6			1.0
4962.5			1.0
4963.4			1.0
4964.3			1.0
4965.2			1.0
4966.1			1.0
4967.0			1.0
4967.9			1.0
4968.8			1.0
4969.7			1.0
4970.6			1.0
4971.5			1.0
4972.4			1.0
4973.3			1.0
4974.2			1.0
4975.1			1.0
4976.0			1.0
4976.9			1.0
4977.8			1.0
4978.7			0.9686702487890605
4979.6			0.9686670481364726
4980.5			0.9650940745500222
4981.4			0.9191504399361612
4982.3			0.8519792569130918
4983.2			0.8275187215267507
4984.1			0.8536917598834203
4985.0			0.8864200153245735
4985.9			0.9161197971021304
4986.8			0.96791984074362
4987.7			0.996868211788937
4988.6			1.0
4989.5			1.0
4990.4			1.0
4991.3			1.0
4992.2			1.0
4993.1			1.0
4994.0			1.0
4994.9			1.0
4995.8			1.0
4996.7			1.0
4997.6			1.0
4998.5			1.0
4999.4			1.0
5000.3			1.0
5001.2			1.0115767517678826
5002.1			1.035035370995299
5003.0			1.0460253255951668
5003.9			1.0401336348528023
5004.8			1.010562983070237
5005.7			0.9598951605114622
5006.6			0.9449112074621294
5007.5			1.0059639694429492
5008.4			1.076753110241189
5009.3			1.0844296220909646
5010.2			1.0558531592433444
5011.1			1.0251416736168382
5012.0			0.9673664468635363
5012.9			0.9048995545824084
5013.8			0.8686133674336975
5014.7			0.8826121832273454
5015.6			0.9443143751001167
5016.5			0.9845493118648532
5017.4			0.9776258283265163
5018.3			0.9649872348471014
5019.2			0.9805071875065878
5020.1			0.9963250180002873
5021.0			0.9841393961388483
5021.9			0.9444668670236227
5022.8			0.9319764884094738
5023.7			0.9755660531535842
5024.6			1.0098916348650133
5025.5			1.0122674001105192
5026.4			0.9994754673035277
5027.3			1.0
5028.2			1.0
5029.1			1.0
5030.0			1.0
5030.9			1.0
5031.8			1.0
5032.7			1.0
5033.6			1.0
5034.5			1.0
5035.4			1.0
5036.3			1.0
5037.2			1.0187109887239583
5038.1			1.0281789313929992
5039.0			0.9605464183231943
5039.9			0.854241036572346
5040.8			0.7564378458990362
5041.7			0.7595779996842095
5042.6			0.8737857163314652
5043.5			1.0
5044.4			1.0419358421034504
5045.3			1.080254554672124
5046.2			1.1065984797734967
5047.1			1.0793578480200359
5048.0			0.9938439812207497
5048.9			0.9182579971835688
5049.8			0.9021477498327465
5050.7			0.9116394951666429
5051.6			0.9076848540639123
5052.5			0.9135065631047327
5053.4			0.9494289424323569
5054.3			0.9825014529972053
5055.2			0.9967528451121737
5056.1			1.0
5057.0			1.0
5057.9			1.0
5058.8			1.0
5059.7			1.0
5060.6			1.0
5061.5			1.0
5062.4			1.0
5063.3			0.9780687202040574
5064.2			0.9112697209111704
5065.1			0.871224568520448
5066.0			0.9238022820800152
5066.9			0.986911215052937
5067.8			1.0
5068.7			1.0
5069.6			1.0
5070.5			1.0
5071.4			1.0
5072.3			1.0
5073.2			1.0
5074.1			1.0
5075.0			1.0052667000578797
5075.9			0.9787429405824606
5076.8			0.9848495178335825
5077.7			1.0080855215356797
5078.6			0.950864664485077
5079.5			0.8377948186531491
5080.4			0.8054310010167475
5081.3			0.8644859943135687
5082.2			0.9171572988516784
5083.1			0.9254595914735986
5084.0			0.9402542164876952
5084.9			0.9765203688770085
5085.8			1.0025535303750825
5086.7			1.0
5087.6			1.0
5088.5			1.0
5089.4			1.0
5090.3			1.0
5091.2			1.0
5092.1			1.0
5093.0			1.0
5093.9			1.0
5094.8			1.0
5095.7			0.9727529569022011
5096.6			0.953277162116079
5097.5			0.9277773677148885
5098.4			0.8796258817772961
5099.3			0.8524652002720053
5100.2			1.0
5101.1			1.071613794449937
5102.0			1.0919242658440569
5102.9			1.0666121108710436
5103.8			1.028911258179768
5104.7			1.0057624189882415
5105.6			0.9982738204082534
5106.5			0.9775595852658729
5107.4			0.9362915438181889
5108.3			0.9291710408676683
5109.2			0.9398774822030825
5110.1			0.9193130674489534
5111.0			0.9284847138127731
5111.9			0.9699900527676203
5112.8			0.9754482522097968
5113.7			0.9732083128734539
5114.6			1.0
5115.5			1.012112912792766
5116.4			1.0240459379089835
5117.3			1.051853573501005
5118.2			1.0631634856593795
5119.1			1.0482402061214924
5120.0			1.0199679139439537
5120.9			0.9843731023141489
5121.8			0.9550840894025292
5122.7			0.9087463840372455
5123.6			0.8471895030902321
5124.5			0.844461584649261
5125.4			0.8904215197557471
5126.3			0.914813403215387
5127.2			0.9071313170787995
5128.1			0.893812349425227
5129.0			0.8874350891462769
5129.9			0.8871871305790743
5130.8			0.9254381996638888
5131.7			0.9698091025278105
5132.6			0.994247973495037
5133.5			1.0009712775070474
5134.4			1.0
5135.3			1.0
5136.2			1.0
5137.1			1.0
5138.0			1.0
5138.9			0.9792525542689118
5139.8			0.9892374805034824
5140.7			1.05365303625079
5141.6			1.0397685713779699
5142.5			0.9620317230025757
5143.4			0.9688663733538612
5144.3			1.040939112811265
5145.2			1.0483282340250324
5146.1			1.0133041914391294
5147.0			1.0042996657345296
5147.9			1.0273132886791925
5148.8			1.0708589552529297
5149.7			1.09320744525725
5150.6			1.0632726940108128
5151.5			1.0280357350342104
5152.4			1.0263212897771326
5153.3			1.044481978897303
5154.2			1.0662072242598193
5155.1			1.119181848787613
5156.0			1.1872312767314623
5156.9			1.243570162345121
5157.8			1.2814724150955077
5158.7			1.2844327322768614
5159.6			1.2846618112011363
5160.5			1.3151641769599578
5161.4			1.3180473512042903
5162.3			1.2690006003336798
5163.2			1.2457473165919384
5164.1			1.2346404142521044
5165.0			1.1478181835867391
5165.9			0.9978972442814614
5166.8			1.0
5167.7			1.0
5168.6			1.0
5169.5			1.0
5170.4			1.0527329459368564
5171.3			0.9024238113518784
5172.2			0.6790037505835111
5173.1			0.6149585662217297
5174.0			0.7664454337244786
5174.9			0.946344776968452
5175.8			1.0033566928895514
5176.7			1.0
5177.6			1.0
5178.5			1.0
5179.4			1.0
5180.3			0.965155893287681
5181.2			0.9012681793769016
5182.1			0.7745409977341411
5183.0			0.6048631074880776
5183.9			0.533727553121207
5184.8			0.6632514401199473
5185.7			0.858759902062034
5186.6			0.9734682778447814
5187.5			1.0
5188.4			0.9891402801429505
5189.3			1.0137707296250411
5190.2			1.0479635019517128
5191.1			0.9893677371056901
5192.0			0.87504591431829
5192.9			0.841247593173681
5193.8			0.896204046212647
5194.7			0.9310255216156319
5195.6			0.9313666101525822
5196.5			0.9605725831840476
5197.4			1.0004596172215976
5198.3			1.0
5199.2			1.0
5200.1			1.0
5201.0			1.0
5201.9			1.0
5202.8			0.9940419511082275
5203.7			0.9777581871654953
5204.6			0.9083022344312737
5205.5			0.8454056989184704
5206.4			0.847269585444454
5207.3			0.8540860914640664
5208.2			0.8127301595422738
5209.1			0.7968112915107299
5210.0			0.8408400188381183
5210.9			0.8973353007389596
5211.8			0.9713642855305221
5212.7			1.0378753306734485
5213.6			1.0716949636758801
5214.5			1.0551282603907
5215.4			1.000532027109644
5216.3			1.0
5217.2			1.0
5218.1			1.0
5219.0			1.0
5219.9			1.0
5220.8			1.0
5221.7			1.0
5222.6			1.0
5223.5			0.9411985894584136
5224.4			0.8733538691464332
5225.3			0.8150668132744184
5226.2			0.7734401703490722
5227.1			0.7713720083753632
5228.0			0.854288436396951
5228.9			0.9569530346911899
5229.8			0.9914244970746877
5230.7			1.000812605743137
5231.6			1.0
5232.5			1.0
5233.4			1.0
5234.3			1.0
5235.2			1.0
5236.1			1.0
5237.0			1.0
5237.9			1.0056533197879545
5238.8			0.9850821220543594
5239.7			0.9755572222722046
5240.6			0.9939598596427496
5241.5			1.0124145029917146
5242.4			1.0009407265711012
5243.3			0.9907370636869003
5244.2			1.013463603861879
5245.1			1.0190924067271836
5246.0			0.9496186285674441
5246.9			0.8499595969601883
5247.8			0.8262216679576817
5248.7			0.8723500712981437
5249.6			0.8708279573157537
5250.5			0.8263478505619571
5251.4			0.8319957800276238
5252.3			0.8779372069003841
5253.2			0.9024872368709376
5254.1			0.8878951552555162
5255.0			0.8517092986879841
5255.9			0.8672617517461487
5256.8			0.945129849891592
5257.7			0.9988077997094424
5258.6			1.0
5259.5			1.0
5260.4			1.0
5261.3			1.0
5262.2			1.0
5263.1			1.0
5264.0			1.0
5264.9			1.0
5265.8			1.0
5266.7			1.0372110978010984
5267.6			1.1059940905594663
5268.5			1.0293291984154462
5269.4			0.8517702895828188
5270.3			0.8105427431017909
5271.2			0.9403381267073074
5272.1			1.0422514569853294
5273.0			1.0322247577999342
5273.9			0.9950746847979601
5274.8			1.0
5275.7			1.0
5276.6			1.0
5277.5			1.0
5278.4			1.0
5279.3			0.9845217988426551
5280.2			0.9414780496968637
5281.1			0.9012071930138191
5282.0			0.875822302784141
5282.9			0.8557355976621663
5283.8			0.8481343703490716
5284.7			0.8904526706445691
5285.6			0.9763835744250848
5286.5			1.0298439629789773
5287.4			1.0259563046191311
5288.3			1.0015820535826334
5289.2			1.0
5290.1			1.0
5291.0			1.0
5291.9			1.0
5292.8			0.9758429948907994
5293.7			0.9646399497525472
5294.6			0.9670081993696833
5295.5			0.9394300080250811
5296.4			0.8718253532770192
5297.3			0.7992140017895011
5298.2			0.7845065867412786
5299.1			0.8474534973180619
5300.0			0.9079939860777654
5300.9			0.9104169961678344
5301.8			0.9104163394830858
5302.7			0.9452184767333942
5303.6			0.9984900076178015
5304.5			1.0
5305.4			1.0
5306.3			1.0
5307.2			1.0
5308.1			1.0
5309.0			1.0
5309.9			1.0
5310.8			1.0
5311.7			1.0
5312.6			1.0
5313.5			1.0
5314.4			1.0
5315.3			1.0
5316.2			1.0
5317.1			1.0
5318.0			1.0
5318.9			1.0
5319.8			1.0
5320.7			1.0
5321.6			1.0
5322.5			1.0
5323.4			1.0
5324.3			1.0
5325.2			1.0
5326.1			1.0036578421453461
5327.0			0.9190514730946585
5327.9			0.7807631719889573
5328.8			0.7453339034876236
5329.7			0.8563455279360439
5330.6			0.9695836400426074
5331.5			1.0021163921395642
5332.4			1.0
5333.3			1.0
5334.2			1.0
5335.1			1.0
5336.0			1.0
5336.9			1.0
5337.8			0.9984478957992494
5338.7			0.9886083348190171
5339.6			0.935779081051401
5340.5			0.8797669302424072
5341.4			0.8917728931932852
5342.3			0.9551760785712228
5343.2			1.0002272453930139
5344.1			1.0
5345.0			1.0
5345.9			1.0
5346.8			1.0
5347.7			1.0
5348.6			1.0
5349.5			1.0
5350.4			1.0
5351.3			1.0
5352.2			1.0
5353.1			1.0
5354.0			1.0
5354.9			1.0
5355.8			1.0
5356.7			1.0
5357.6			1.0
5358.5			1.0
5359.4			1.0
5360.3			1.0
5361.2			1.0
5362.1			1.0
5363.0			1.0
5363.9			1.0
5364.8			1.0
5365.7			1.0
5366.6			1.0
5367.5			1.0
5368.4			0.9904289552864747
5369.3			0.9476798265836514
5370.2			0.8774378983450574
5371.1			0.8355736917700874
5372.0			0.8653454735736377
5372.9			0.9452049304153909
5373.8			1.0035841583512364
5374.7			1.0
5375.6			1.0
5376.5			1.0
5377.4			1.0
5378.3			1.0
5379.2			1.0
5380.1			1.0
5381.0			1.0
5381.9			1.0
5382.8			1.0
5383.7			1.0
5384.6			1.0
5385.5			1.0
5386.4			1.0
5387.3			1.0
5388.2			1.0
5389.1			1.0
5390.0			1.0
5390.9			1.0
5391.8			1.0
5392.7			1.0
5393.6			1.0
5394.5			1.0
5395.4			1.0
5396.3			1.0
5397.2			0.9559911710129918
5398.1			1.0022417765803415
5399.0			1.0731352118674773
5399.9			1.0809303840723674
5400.8			1.059943917728408
5401.7			1.063998764796585
5402.6			1.0608594073197417
5403.5			1.005767839108358
5404.4			0.9249238161000854
5405.3			0.8699621372196467
5406.2			0.8699732440488394
5407.1			0.9128033868108026
5408.0			0.9401735072976559
5408.9			0.9176764463833753
5409.8			0.8861769201139669
5410.7			0.9057636372704305
5411.6			0.9611154091142259
5412.5			0.9960725872809914
5413.4			0.9954987771241319
5414.3			1.0
5415.2			1.0
5416.1			1.0
5417.0			1.0
5417.9			1.0
5418.8			1.0
5419.7			1.0
5420.6			1.0
5421.5			1.0
5422.4			1.0
5423.3			1.0
5424.2			1.0
5425.1			1.0
5426.0			1.0
5426.9			1.0440544952751174
5427.8			1.0368661554487528
5428.7			0.9626883017236347
5429.6			0.9024898295130689
5430.5			0.9397581907781046
5431.4			1.0042040415216524
5432.3			1.0058183348892349
5433.2			1.0
5434.1			1.0
5435.0			1.0
5435.9			1.0
5436.8			1.0
5437.7			1.0
5438.6			1.0
5439.5			1.0
5440.4			1.0
5441.3			1.0
5442.2			1.0
5443.1			1.0
5444.0			0.9820197800280787
5444.9			0.9325058246827346
5445.8			0.8642184164622057
5446.7			0.8228954923472852
5447.6			0.8614738115960826
5448.5			0.9448824929760565
5449.4			1.000598900066184
5450.3			1.0
5451.2			1.0
5452.1			1.0
5453.0			0.9752470534401623
5453.9			0.9308270971458799
5454.8			0.8712991293323359
5455.7			0.8469196991610021
5456.6			0.8948941707145739
5457.5			0.9660364061571617
5458.4			0.9992898285326939
5459.3			1.0
5460.2			1.0
5461.1			1.0
5462.0			1.0
5462.9			1.0
5463.8			1.0
5464.7			1.0
5465.6			1.0
5466.5			1.0
5467.4			1.0
5468.3			1.0
5469.2			1.0
5470.1			1.0
5471.0			0.9997945426360886
5471.9			1.0191616203207954
5472.8			1.0125536171860305
5473.7			0.9988745552803056
5474.6			1.0068272266398213
5475.5			0.9855505893502636
5476.4			0.9307248618042341
5477.3			0.9385704119424823
5478.2			1.0309844914289725
5479.1			1.10760971149505
5480.0			1.0950608916941487
5480.9			1.0290322567522727
5481.8			1.0014763417291968
5482.7			1.0
5483.6			1.0
5484.5			1.0
5485.4			1.0
5486.3			1.0
5487.2			1.0
5488.1			1.0
5489.0			1.0
5489.9			1.0
5490.8			1.0
5491.7			1.0
5492.6			1.0
5493.5			1.0
5494.4			1.0
5495.3			1.0
5496.2			1.0
5497.1			1.0
5498.0			1.0
5498.9			1.0
5499.8			1.0
5500.7			1.0
5501.6			1.0
5502.5			1.0
5503.4			1.0
5504.3			1.0
5505.2			1.0
5506.1			1.0
5507.0			1.0
5507.9			1.0
5508.8			1.0236699637983533
5509.7			1.0104173234624403
5510.6			0.9868311002496944
5511.5			0.9476076338996845
5512.4			0.9068480133099759
5513.3			0.8979727980990129
5514.2			0.9126768841714895
5515.1			0.9383822457439058
5516.0			0.9597239322048585
5516.9			0.9738037308583145
5517.8			1.0024951798018142
5518.7			1.0
5519.6			1.0
5520.5			1.0
5521.4			1.0
5522.3			1.0
5523.2			1.0
5524.1			1.0
5525.0			0.9958701904043605
5525.9			0.9785253942381074
5526.8			0.9474532476027402
5527.7			0.9095783063577262
5528.6			0.9039876730571673
5529.5			0.9479490045976365
5530.4			0.9929431893836245
5531.3			1.0057479534316367
5532.2			1.0009086880980869
5533.1			1.0
5534.0			1.0
5534.9			1.0
5535.8			1.0
5536.7			1.0
5537.6			1.0
5538.5			1.0
5539.4			1.0
5540.3			1.0
5541.2			1.0
5542.1			1.0
5543.0			1.0
5543.9			1.0
5544.8			1.0
5545.7			1.0
5546.6			1.0
5547.5			1.0
5548.4			1.0
5549.3			1.0
5550.200000000001			1.0
5551.1			1.0
5552.0			1.0
5552.9			1.0
5553.8			1.0
5554.700000000001			1.0
5555.6			1.0
5556.5			1.0
5557.4			1.0
5558.3			1.0
5559.200000000001			1.0
5560.1			1.0
5561.0			1.0
5561.9			1.0
5562.8			1.0
5563.700000000001			1.0
5564.6			1.0
5565.5			1.0
5566.4			1.0
5567.3			1.0
5568.200000000001			1.0
5569.1			1.0
5570.0			1.0
5570.9			1.0
5571.8			1.0
5572.700000000001			1.0
5573.6			1.0
5574.5			1.0
5575.4			1.0
5576.3			1.0
5577.200000000001			1.0
5578.1			1.0
5579.0			0.9939803984304056
5579.9			1.0068411537467343
5580.8			1.0138120260410404
5581.700000000001			0.9990275963364238
5582.6			0.991200584776333
5583.5			0.9915561286436653
5584.4			0.9817685548608833
5585.3			0.9600808202388452
5586.200000000001			0.9255577681719094
5587.1			0.8843592434347637
5588.0			0.8623865453066492
5588.9			0.8653715586010202
5589.8			0.8847120196261473
5590.700000000001			0.909684717978974
5591.6			0.9216384011932697
5592.5			0.920643033400944
5593.4			0.9173706357709976
5594.3			0.9199768225726503
5595.200000000001			0.9539098058575235
5596.1			1.0
5597.0			0.9986197147874539
5597.9			0.9556708078061555
5598.8			0.9244569973896006
5599.700000000001			0.921357137029843
5600.6			0.9138805119476262
5601.5			0.8926270018541579
5602.4			0.8801816690769667
5603.3			0.8966206828606325
5604.200000000001			0.9418136216641074
5605.1			0.9819786944923206
5606.0			0.999814070406506
5606.9			1.0037600395039046
5607.8			0.9988083757599838
5608.700000000001			1.0
5609.6			1.0
5610.5			1.0
5611.4			1.0
5612.3			1.0
5613.200000000001			0.9966696348433316
5614.1			0.9481589018703251
5615.0			0.8821138908890952
5615.9			0.8774715529232504
5616.8			0.9394809803266205
5617.700000000001			0.9908588158269823
5618.6			0.999286264217385
5619.5			1.0
5620.4			1.0
5621.3			1.0
5622.200000000001			1.0147620839159832
5623.1			0.9881335360010755
5624.0			0.9303365538926415
5624.9			0.9022092173682729
5625.8			0.9329909231217118
5626.700000000001			0.9775246713506132
5627.6			1.0012486576074873
5628.5			1.0
5629.4			1.0
5630.3			1.0
5631.200000000001			1.0
5632.1			1.0
5633.0			1.0
5633.9			1.0
5634.8			1.0
5635.700000000001			1.0
5636.6			1.0
5637.5			1.0
5638.4			1.0
5639.3			1.0
5640.200000000001			1.0
5641.1			1.0
5642.0			1.0
5642.9			1.0
5643.8			1.0
5644.700000000001			1.0
5645.6			1.0
5646.5			1.0
5647.4			1.0
5648.3			1.0
5649.200000000001			1.0
5650.1			1.0
5651.0			1.0
5651.9			1.0
5652.8			1.0
5653.700000000001			1.0
5654.6			0.9800884690156378
5655.5			0.9824859958542129
5656.4			0.990589986746217
5657.3			0.9466721470266652
5658.200000000001			0.8834974496796651
5659.1			0.8987259239769395
5660.0			0.977977232644782
5660.9			1.0197218668580459
5661.8			1.002110457181138
5662.700000000001			1.0
5663.6			1.0
5664.5			1.0
5665.4			1.0
5666.3			1.0
5667.200000000001			1.0
5668.1			1.0
5669.0			1.0
5669.9			1.0
5670.8			1.0
5671.700000000001			1.0
5672.6			1.0
5673.5			1.0
5674.4			1.0
5675.3			1.0
5676.200000000001			1.0
5677.1			1.0
5678.0			1.0
5678.9			1.0
5679.8			1.0
5680.700000000001			1.0
5681.6			1.0
5682.5			1.0
5683.4			1.0
5684.3			1.0
5685.200000000001			1.0
5686.1			1.0
5687.0			1.0
5687.9			1.0
5688.8			1.0
5689.700000000001			1.0
5690.6			1.0
5691.5			1.0
5692.4			1.0
5693.3			1.0
5694.200000000001			1.0
5695.1			1.0
5696.0			1.0
5696.9			1.0
5697.8			1.0
5698.700000000001			1.0
5699.6			1.0
5700.5			1.0
5701.4			1.0
5702.3			0.9981852999987311
5703.200000000001			1.0226594315110997
5704.1			1.047304113133554
5705.0			1.041882366749754
5705.9			1.0070155277093387
5706.8			0.971041331362318
5707.700000000001			0.9419894774063026
5708.6			0.9156553943207862
5709.5			0.9094801292095172
5710.4			0.9157168524795208
5711.3			0.9081918182708351
5712.200000000001			0.9215478619487004
5713.1			0.9698518551200197
5714.0			1.001011277795396
5714.9			1.0025423479310425
5715.8			1.0027447943076504
5716.700000000001			1.0027056485936665
5717.6			1.0
5718.5			1.0
5719.4			1.0
5720.3			1.0
5721.200000000001			1.0
5722.1			1.0
5723.0			1.0
5723.9			1.0
5724.8			1.0
5725.700000000001			1.0
5726.6			1.0
5727.5			1.0
5728.4			1.0
5729.3			1.0
5730.200000000001			1.0
5731.1			1.0
5732.0			1.0
5732.9			1.0
5733.8			1.0
5734.700000000001			1.0
5735.6			1.0
5736.5			1.0
5737.4			1.0
5738.3			1.0
5739.200000000001			1.0
5740.1			1.0
5741.0			1.0
5741.9			1.0
5742.8			1.0
5743.700000000001			1.0
5744.6			1.0
5745.5			1.0
5746.4			1.0
5747.3			1.0
5748.200000000001			1.0
5749.1			1.0
5750.0			1.0
5750.9			1.0079195645828183
5751.8			0.9798048188607369
5752.700000000001			0.9339921921939282
5753.6			0.9018906368818601
5754.5			0.9125172075207103
5755.4			0.9590909520957619
5756.3			0.9998257022944586
5757.200000000001			1.0
5758.1			1.0
5759.0			1.0
5759.9			0.975253985047147
5760.8			0.9477698051927228
5761.700000000001			0.9217879051774941
5762.6			0.9080294247669622
5763.5			0.9327087827318553
5764.4			0.9785583867085477
5765.3			1.0017164498555453
5766.200000000001			1.0
5767.1			1.0
5768.0			1.0
5768.9			1.0
5769.8			1.0
5770.700000000001			1.0
5771.6			1.0
5772.5			1.0
5773.4			1.0
5774.3			0.9953039534244192
5775.200000000001			0.9955352502197098
5776.1			1.0081126924603363
5777.0			1.0181702095548733
5777.9			1.0170880918670997
5778.8			1.0046603488632633
5779.700000000001			0.9692558732002382
5780.6			0.9110923552605585
5781.5			0.8753977054115198
5782.4			0.8876564156774523
5783.3			0.911497968981869
5784.200000000001			0.9056607298771713
5785.1			0.8867450697570707
5786.0			0.9046065237422116
5786.9			0.951684910290173
5787.8			0.9840847769413572
5788.700000000001			1.000015851751372
5789.6			1.0
5790.5			1.0
5791.4			1.0
5792.3			1.0
5793.200000000001			1.0
5794.1			1.0
5795.0			1.0
5795.9			1.0
5796.8			1.0
5797.700000000001			1.0
5798.6			1.0
5799.5			1.0
5800.4			1.0
5801.3			1.0
5802.200000000001			1.0
5803.1			1.0
5804.0			1.0
5804.9			1.0
5805.8			1.0
5806.700000000001			1.0
5807.6			1.0
5808.5			1.0
5809.4			1.0
5810.3			1.0
5811.200000000001			1.0
5812.1			1.0
5813.0			1.0
5813.9			1.0
5814.8			1.0
5815.700000000001			1.0
5816.6			1.0
5817.5			1.0
5818.4			1.0
5819.3			1.0
5820.200000000001			1.0
5821.1			1.0
5822.0			1.0
5822.9			1.0
5823.8			1.0
5824.700000000001			1.0
5825.6			1.0
5826.5			1.0
5827.4			1.0
5828.3			1.0
5829.200000000001			1.0
5830.1			1.0
5831.0			1.0
5831.9			1.0
5832.8			1.0
5833.700000000001			1.0
5834.6			1.0
5835.5			1.0
5836.4			1.0
5837.3			1.0
5838.200000000001			1.0
5839.1			1.0
5840.0			1.0
5840.9			1.0
5841.8			1.0
5842.700000000001			1.0
5843.6			1.0
5844.5			1.0
5845.4			1.0
5846.3			1.0
5847.200000000001			1.0
5848.1			1.0
5849.0			1.0
5849.9			1.0
5850.8			1.0
5851.700000000001			1.0
5852.6			1.0
5853.5			1.0
5854.4			1.0135286779085126
5855.3			1.0236847521143495
5856.200000000001			0.9993833805076929
5857.1			0.9553359291415454
5858.0			0.9379766964812746
5858.9			0.9599464452183171
5859.8			0.9887802495514654
5860.700000000001			1.0039008450808666
5861.6			0.9992548541858197
5862.5			1.0
5863.4			1.0
5864.3			1.0
5865.200000000001			1.0
5866.1			1.0
5867.0			1.0
5867.9			1.0
5868.8			1.0
5869.700000000001			1.0
5870.6			1.0
5871.5			1.0
5872.4			1.0
5873.3			1.0
5874.200000000001			1.0
5875.1			1.0
5876.0			1.0
5876.9			1.0
5877.8			1.0
5878.700000000001			1.0
5879.6			1.0
5880.5			1.0
5881.4			1.0
5882.3			1.0
5883.200000000001			1.0
5884.1			1.0
5885.0			1.0
5885.9			1.0
5886.8			1.0
5887.700000000001			0.9687601666420055
5888.6			0.8711401081863837
5889.5			0.7454204844459712
5890.4			0.7235777056584872
5891.3			0.8350840053194409
5892.200000000001			0.9459966476847643
5893.1			0.993776597901469
5894.0			1.0
5894.9			1.0
5895.8			1.0
5896.700000000001			1.0
5897.6			1.0
5898.5			1.0
5899.4			1.0
5900.3			1.0
5901.200000000001			1.0
5902.1			1.0
5903.0			1.0
5903.9			1.0
5904.8			1.0
5905.700000000001			1.0
5906.6			1.0
5907.5			1.0
5908.4			1.0
5909.3			1.0
5910.200000000001			1.0
5911.1			1.0
5912.0			1.0
5912.9			1.0
5913.8			1.0
5914.700000000001			1.0
5915.6			1.0
5916.5			1.0
5917.4			1.0
5918.3			1.0
5919.200000000001			1.0
5920.1			1.0
5921.0			1.0
5921.9			1.0
5922.8			1.0
5923.700000000001			1.0
5924.6			1.0
5925.5			1.0
5926.4			1.0
5927.3			1.0
5928.200000000001			1.0
5929.1			1.0
5930.0			1.0
5930.9			1.0
5931.8			1.0
5932.700000000001			1.0
5933.6			1.0
5934.5			1.0
5935.4			1.0
5936.3			1.0
5937.200000000001			1.0
5938.1			1.0
5939.0			1.0
5939.9			1.0
5940.8			1.0
5941.700000000001			1.0
5942.6			1.0
5943.5			1.0
5944.4			1.0
5945.3			1.0
5946.200000000001			1.0
5947.1			1.0
5948.0			1.0
5948.9			1.0
5949.8			1.0
5950.700000000001			1.0
5951.6			1.0
5952.5			1.0
5953.4			1.0
5954.3			1.0
5955.200000000001			1.0
5956.1			1.0
5957.0			1.0
5957.9			1.0
5958.8			1.0
5959.700000000001			1.0
5960.6			1.0
5961.5			1.0
5962.4			1.0
5963.3			1.0
5964.200000000001			1.0
5965.1			1.0
5966.0			1.0
5966.9			1.0
5967.8			1.0
5968.700000000001			1.0
5969.6			1.0
5970.5			1.0
5971.4			1.0
5972.3			1.0
5973.200000000001			1.0
5974.1			1.0
5975.0			1.0
5975.9			1.0
5976.8			1.0
5977.700000000001			1.0
5978.6			1.0
5979.5			1.0
5980.4			1.0
5981.3			1.0
5982.200000000001			1.0
5983.1			1.0
5984.0			1.0
5984.9			1.0
5985.8			1.0
5986.700000000001			1.0
5987.6			1.0
5988.5			1.0
5989.4			1.0
5990.3			1.0
5991.200000000001			1.0
5992.1			1.0
5993.0			1.0
5993.9			1.0
5994.8			1.0
5995.700000000001			1.0
5996.6			1.0
5997.5			1.0
5998.4			1.0
5999.3			1.0
6000.200000000001			1.0
6001.1			1.0
6002.0			1.0
6002.9			1.0
6003.8			1.0
6004.700000000001			1.0104842695699625
6005.6			1.0030429006270336
6006.5			0.9804181142062335
6007.4			0.952338919452185
6008.3			0.9459064986058644
6009.200000000001			0.9790566371394609
6010.1			1.018572889859542
6011.0			1.0252632946604692
6011.9			0.9999670472649821
6012.8			1.0
6013.700000000001			1.0
6014.6			1.0
6015.5			1.0
6016.4			1.0
6017.3			1.0
6018.200000000001			1.0
6019.1			1.0
6020.0			1.0
6020.9			1.0
6021.8			1.0
6022.700000000001			1.0
6023.6			1.0
6024.5			1.0
6025.4			1.0
6026.3			1.0
6027.200000000001			1.0
6028.1			1.0
6029.0			1.0
6029.9			1.0
6030.8			1.0
6031.700000000001			1.0
6032.6			1.0
6033.5			1.0
6034.4			1.0
6035.3			1.0
6036.200000000001			1.0
6037.1			1.0
6038.0			1.0
6038.9			1.0
6039.8			1.0
6040.700000000001			1.0
6041.6			1.0
6042.5			1.0
6043.4			1.0
6044.3			1.0
6045.200000000001			1.0
6046.1			1.0
6047.0			1.0
6047.9			1.0
6048.8			1.0
6049.700000000001			1.0
6050.6			1.0
6051.5			1.0
6052.4			1.0
6053.3			1.0
6054.200000000001			1.0
6055.1			1.0
6056.0			1.0
6056.9			1.0
6057.8			1.0
6058.700000000001			1.0
6059.6			1.0
6060.5			1.0
6061.4			1.0
6062.3			0.9828726378460367
6063.200000000001			0.9620442585556087
6064.1			0.9372186472742822
6065.0			0.9129431133930556
6065.9			0.923942326186695
6066.8			0.9679955776722948
6067.700000000001			1.0004874689133176
6068.6			1.0
6069.5			1.0
6070.4			1.0
6071.3			1.0
6072.200000000001			1.0
6073.1			1.0
6074.0			1.0
6074.9			1.0
6075.8			1.0
6076.700000000001			1.0
6077.6			1.0
6078.5			1.0
6079.4			1.0
6080.3			1.0
6081.200000000001			1.0
6082.1			1.0
6083.0			1.0
6083.9			1.0
6084.8			1.0
6085.700000000001			1.0
6086.6			1.0
6087.5			1.0
6088.4			1.0
6089.3			1.0
6090.200000000001			1.0
6091.1			1.0
6092.0			1.0
6092.9			1.0
6093.8			1.0
6094.700000000001			1.0
6095.6			1.0
6096.5			1.0
6097.4			1.0
6098.3			1.0
6099.200000000001			1.0
6100.1			1.0
6101.0			0.9780779713879142
6101.9			0.9237900241792142
6102.8			0.8923939829159205
6103.700000000001			0.9311835356478074
6104.6			0.9949902777047666
6105.5			1.0
6106.4			1.0
6107.3			1.0
6108.200000000001			1.0
6109.1			1.0
6110.0			1.0
6110.9			1.0
6111.8			1.0
6112.700000000001			1.0
6113.6			1.0
6114.5			1.0
6115.4			1.0
6116.3			1.0
6117.200000000001			1.0
6118.1			1.0082217072762187
6119.0			0.9923125314233715
6119.9			0.9646936413190735
6120.8			0.9444954120155433
6121.700000000001			0.9293503378748068
6122.6			0.9381472672614967
6123.5			0.9828428197727771
6124.4			1.0124836610041912
6125.3			0.9997879430404645
6126.200000000001			1.0
6127.1			1.0
6128.0			1.0
6128.9			1.0
6129.8			1.0
6130.700000000001			1.0
6131.6			1.0
6132.5			1.0
6133.4			1.0
6134.3			0.9744018827371063
6135.200000000001			0.9219918116598728
6136.1			0.8538280668033473
6137.0			0.8129799290717784
6137.9			0.8512796941539271
6138.8			0.940972171156491
6139.700000000001			0.9996036021677365
6140.6			1.0
6141.5			1.0
6142.4			1.0
6143.3			1.0
6144.200000000001			1.0
6145.1			1.0
6146.0			1.0
6146.9			1.0
6147.8			1.0
6148.700000000001			1.0
6149.6			1.0
6150.5			1.0
6151.4			1.0
6152.3			1.0
6153.200000000001			1.0
6154.1			1.0
6155.0			1.0
6155.9			1.0
6156.8			1.0
6157.700000000001			1.0
6158.6			1.0148797177555318
6159.5			1.0125757821487578
6160.4			0.967126326351379
6161.3			0.9000475613978155
6162.200000000001			0.8660684364729644
6163.1			0.8859853764144301
6164.0			0.9349577398240009
6164.9			0.9787613572156145
6165.8			1.0021194608490431
6166.700000000001			1.0
6167.6			1.0
6168.5			1.0
6169.4			1.0
6170.3			1.0
6171.200000000001			1.0
6172.1			1.0
6173.0			1.0
6173.9			1.0
6174.8			1.0
6175.700000000001			1.0
6176.6			1.0
6177.5			1.0
6178.4			1.0
6179.3			1.0
6180.200000000001			1.0
6181.1			1.0
6182.0			1.0
6182.9			1.0
6183.8			1.0
6184.700000000001			1.0
6185.6			1.0
6186.5			0.9767387787815868
6187.4			0.9594333491053397
6188.3			0.9483977961384513
6189.200000000001			0.94303891090864
6190.1			0.923138294403955
6191.0			0.885924235115827
6191.9			0.8884772887147939
6192.8			0.9462882760426012
6193.700000000001			0.9913049382184947
6194.6			0.9989264892155014
6195.5			0.999517907032311
6196.4			1.0
6197.3			0.9965938767025813
6198.200000000001			0.9679167813397956
6199.1			0.9260159887009438
6200.0			0.9105906387487239
6200.9			0.9387191978545196
6201.8			0.9797392726362121
6202.700000000001			1.0003961709852482
6203.6			1.0
6204.5			1.0
6205.4			1.0
6206.3			1.0
6207.200000000001			1.0
6208.1			1.0
6209.0			1.0
6209.9			1.0
6210.8			0.994195674352311
6211.700000000001			0.9882226936614984
6212.6			0.9613147711179107
6213.5			0.9232357615665421
6214.4			0.9108882200976874
6215.3			0.9219884300889234
6216.200000000001			0.9461388039841223
6217.1			0.9813163782858503
6218.0			0.9989826282509071
6218.9			1.0
6219.8			1.0
6220.700000000001			1.0
6221.6			1.0
6222.5			1.0
6223.4			1.0
6224.3			1.0
6225.200000000001			1.0
6226.1			1.0
6227.0			1.00386011546704
6227.9			1.0008350897815759
6228.8			0.9763081546852789
6229.700000000001			0.9236573728077305
6230.6			0.8809822718206306
6231.5			0.8882337099507287
6232.4			0.9220343628269968
6233.3			0.9565740215826791
6234.200000000001			0.9999470666015756
6235.1			1.0
6236.0			1.0023465203182378
6236.9			0.9905323466614698
6237.8			0.9741381980424562
6238.700000000001			0.9540432039325738
6239.6			0.9312999472772147
6240.5			0.9267963523463633
6241.4			0.9380563789387701
6242.3			0.9219147250650355
6243.200000000001			0.8946843802353585
6244.1			0.9065821870113573
6245.0			0.9319926691052849
6245.9			0.941433152653138
6246.8			0.960210508117347
6247.700000000001			0.9959214033917598
6248.6			1.0179418369321347
6249.5			1.0
6250.4			0.9847284100684903
6251.3			0.9489007634069474
6252.200000000001			0.9087249949083944
6253.1			0.8997959594319405
6254.0			0.9175484003525357
6254.9			0.930797411531758
6255.8			0.9178725856541099
6256.700000000001			0.8850696705350185
6257.6			0.8561192115980777
6258.5			0.8577563775635578
6259.4			0.9053191976336493
6260.3			0.9542057849064722
6261.200000000001			0.9741463689681314
6262.1			1.0008448965819126
6263.0			1.0319774260309607
6263.9			1.0269990535107074
6264.8			0.9887430918401315
6265.700000000001			0.9736090474813353
6266.6			0.9988309859660653
6267.5			1.0
6268.4			1.0
6269.3			1.0
6270.200000000001			1.0
6271.1			1.0
6272.0			1.0
6272.9			1.0
6273.8			1.0
6274.700000000001			1.0
6275.6			1.0
6276.5			1.0
6277.4			1.0
6278.3			1.0
6279.200000000001			1.0
6280.1			1.0
6281.0			1.0
6281.9			1.0
6282.8			1.0
6283.700000000001			1.0
6284.6			1.0
6285.5			1.0
6286.4			1.0
6287.3			1.0
6288.200000000001			1.0
6289.1			0.9999749667993199
6290.0			0.9825641558450084
6290.9			0.9602117428295448
6291.8			0.9506935078972083
6292.700000000001			0.9537175573327279
6293.6			0.96854863073017
6294.5			0.9832766571187732
6295.4			0.9673599796444851
6296.3			0.9294118344821267
6297.200000000001			0.9174714489027833
6298.1			0.9410578484296475
6299.0			0.966671819171858
6299.9			0.9679569338436284
6300.8			0.9489140652783455
6301.700000000001			0.9366627680591094
6302.6			0.9478017085262264
6303.5			0.9749145008193818
6304.4			0.994352054525438
6305.3			0.9980037974809091
6306.200000000001			1.0
6307.1			1.0
6308.0			1.0
6308.9			1.0
6309.8			1.0
6310.700000000001			1.0
6311.6			1.0
6312.5			1.0054999503769622
6313.4			1.0066229568196217
6314.3			0.9791063609859146
6315.200000000001			0.9561070660476225
6316.1			0.9652951793821937
6317.0			0.9667129499672362
6317.9			0.9400178767096566
6318.8			0.931958239985314
6319.700000000001			0.9592764977387372
6320.6			0.9830733444821224
6321.5			0.9804165601031454
6322.4			0.9742913752931887
6323.3			0.981855144632053
6324.200000000001			0.9973941618373635
6325.1			1.0008659646320106
6326.0			1.0
6326.9			1.0
6327.8			1.0
6328.700000000001			1.0
6329.6			1.0
6330.5			1.0
6331.4			1.0
6332.3			1.019405083153272
6333.200000000001			1.0270742787518823
6334.1			1.004834705572057
6335.0			0.9571096173568049
6335.9			0.9265080791599031
6336.8			0.9394693348844313
6337.700000000001			0.9703730579973956
6338.6			0.9878548728631183
6339.5			1.000581740151708
6340.4			1.0
6341.3			1.0
6342.200000000001			1.0
6343.1			1.0
6344.0			1.0
6344.9			1.0
6345.8			1.0
6346.700000000001			1.0
6347.6			1.0
6348.5			1.0
6349.4			1.0
6350.3			1.0
6351.200000000001			1.004847243746943
6352.1			1.0061659756090569
6353.0			0.9946007576101679
6353.9			0.9698030788162908
6354.8			0.950499589879841
6355.700000000001			0.961588916219141
6356.6			0.9792070670651091
6357.5			0.9629858949570718
6358.4			0.9283988683196142
6359.3			0.9195434152184202
6360.200000000001			0.9354641377003147
6361.1			0.9410121698019156
6362.0			0.9319485920674653
6362.9			0.9298199363757836
6363.8			0.9431616465339393
6364.700000000001			0.9608090388318056
6365.6			0.9709361320872658
6366.5			0.980861400279779
6367.4			1.0003599974486341
6368.3			1.0
6369.200000000001			1.0
6370.1			1.0
6371.0			1.0
6371.9			1.0
6372.8			1.0
6373.700000000001			1.0
6374.6			1.0
6375.5			1.0
6376.4			1.0
6377.3			1.0
6378.200000000001			1.0
6379.1			1.0
6380.0			1.0
6380.9			1.0
6381.8			1.0
6382.700000000001			1.0
6383.6			1.0
6384.5			1.0
6385.4			1.0
6386.3			1.0
6387.200000000001			1.0
6388.1			1.0
6389.0			1.0
6389.9			1.0
6390.8			1.0
6391.700000000001			1.0
6392.6			1.0
6393.5			1.0
6394.4			1.0
6395.3			1.0
6396.200000000001			1.0
6397.1			1.0062433738822671
6398.0			0.991163783355649
6398.9			0.9464476666208606
6399.8			0.8986876654466204
6400.700000000001			0.9056621331753393
6401.6			0.9600043605353189
6402.5			0.9996928944452934
6403.4			1.0
6404.3			1.0
6405.200000000001			1.0
6406.1			1.0
6407.0			1.0
6407.9			1.0
6408.8			1.0
6409.700000000001			1.0
6410.6			1.0
6411.5			1.0
6412.4			1.0
6413.3			1.0
6414.200000000001			1.0
6415.1			1.0
6416.0			1.0
6416.9			0.9975853662639687
6417.8			0.988695872379115
6418.700000000001			0.9714141835529774
6419.6			0.9443095308465055
6420.5			0.9207050341200314
6421.4			0.92571334136837
6422.3			0.9604109774260272
6423.200000000001			0.9934597461212874
6424.1			0.9981264739798548
6425.0			1.0
6425.9			1.0
6426.8			1.0
6427.700000000001			1.0
6428.6			0.990135186372292
6429.5			0.9599086417192378
6430.4			0.925458682143664
6431.3			0.9212089234966746
6432.200000000001			0.9517303403900825
6433.1			0.9835479298245952
6434.0			0.9993402326470466
6434.9			1.0
6435.8			1.0
6436.700000000001			1.0
6437.6			1.0
6438.5			1.0
6439.4			1.0
6440.3			1.0
6441.200000000001			1.0
6442.1			1.0
6443.0			1.0
6443.9			1.0
6444.8			1.0
6445.700000000001			1.0
6446.6			1.0
6447.5			0.9891767644729508
6448.4			0.942141417926088
6449.3			0.872838684257862
6450.200000000001			0.8464465394248695
6451.1			0.8927515721897158
6452.0			0.961132874839934
6452.9			1.0012813298504177
6453.8			1.0
6454.700000000001			1.0
6455.6			1.0
6456.5			1.0
6457.4			1.0
6458.3			1.0
6459.200000000001			1.0
6460.1			0.9990419557608109
6461.0			0.9736306581217086
6461.9			0.9274423922309035
6462.8			0.9023601547067006
6463.700000000001			0.9283912282270809
6464.6			0.9721799995342768
6465.5			1.0026257854462857
6466.4			1.0
6467.3			1.0
6468.200000000001			1.0
6469.1			1.0
6470.0			1.0
6470.9			1.0
6471.8			1.0
6472.700000000001			1.0
6473.6			1.0
6474.5			1.0
6475.4			1.0
6476.3			1.0
6477.200000000001			1.0
6478.1			1.0
6479.0			1.0
6479.9			1.0
6480.8			1.0
6481.700000000001			1.0
6482.6			1.0
6483.5			1.0
6484.4			1.0
6485.3			1.0
6486.200000000001			1.0
6487.1			1.0
6488.0			1.0
6488.9			0.996870336549381
6489.8			0.9876748703354049
6490.700000000001			0.9791176773348487
6491.6			0.971896463126386
6492.5			0.9527537036194751
6493.4			0.9055054385894529
6494.3			0.8533620560656865
6495.200000000001			0.8376981505069252
6496.1			0.856556466334257
6497.0			0.883734409754316
6497.9			0.9053663972956643
6498.8			0.9168229494795823
6499.700000000001			0.9357248509106626
6500.6			0.9698868430344514
6501.5			0.9992935921302235
6502.4			1.0
6503.3			1.0
6504.200000000001			1.0
6505.1			1.0
6506.0			1.0
6506.9			1.0
6507.8			1.0
6508.700000000001			1.0
6509.6			1.0
6510.5			1.0
6511.4			1.0
6512.3			1.0
6513.200000000001			1.0
6514.1			1.0
6515.0			1.0
6515.9			1.0
6516.8			1.0
6517.700000000001			1.0
6518.6			1.0
6519.5			1.0
6520.4			1.0
6521.3			1.0
6522.200000000001			1.0
6523.1			1.0
6524.0			1.0
6524.9			1.0
6525.8			1.0
6526.700000000001			1.0
6527.6			1.0
6528.5			1.0
6529.4			1.0
6530.3			1.0
6531.200000000001			1.0
6532.1			1.0
6533.0			1.0
6533.9			1.0
6534.8			1.0
6535.700000000001			1.0
6536.6			1.0
6537.5			1.0
6538.4			1.0
6539.3			1.0
6540.200000000001			1.0
6541.1			1.0
6542.0			1.0
6542.9			1.0
6543.8			1.0
6544.700000000001			1.0
6545.6			1.0
6546.5			1.0
6547.4			1.0
6548.3			1.0
6549.200000000001			1.0
6550.1			1.0
6551.0			1.0
6551.9			1.0
6552.8			1.0
6553.700000000001			1.0
6554.6			1.0
6555.5			1.0
6556.4			1.0
6557.3			1.0
6558.200000000001			1.0
6559.1			1.0
6560.0			0.974022159723306
6560.9			0.895080498314259
6561.8			0.7449477847277628
6562.700000000001			0.6372783069999537
6563.6			0.7060690455291952
6564.5			0.8805280262475961
6565.4			0.9998447651209923
6566.3			1.0
6567.200000000001			1.0
6568.1			1.0
6569.0			1.0
6569.9			1.0
6570.8			0.9989202921400183
6571.700000000001			0.9832010112021072
6572.6			0.9519215834030139
6573.5			0.9253431661764566
6574.4			0.9174821916758062
6575.3			0.9334938435001083
6576.200000000001			0.9668603779571765
6577.1			0.992864675385339
6578.0			0.99972608388291
6578.9			1.0
6579.8			1.0
6580.700000000001			1.0
6581.6			1.0
6582.5			1.0
6583.4			1.0
6584.3			1.0
6585.200000000001			1.0
6586.1			1.0
6587.0			1.0
6587.9			1.0
6588.8			1.0
6589.700000000001			1.0
6590.6			0.9937539728926515
6591.5			0.9621456008287759
6592.4			0.9155177939414534
6593.3			0.8949503898880988
6594.200000000001			0.9268817186741549
6595.1			0.9767209601562821
6596.0			1.000770408740433
6596.9			1.0
6597.8			1.0
6598.700000000001			1.0
6599.6			1.0
6600.5			1.0
6601.4			1.0
6602.3			1.0
6603.200000000001			1.0
6604.1			0.9830486414598075
6605.0			0.9746028209150174
6605.9			0.9750756248264757
6606.8			0.9715276350476372
6607.700000000001			0.9537443124154785
6608.6			0.9315812913170225
6609.5			0.9363587942848143
6610.4			0.973839728955136
6611.3			1.0076483853639793
6612.200000000001			1.0126556714575745
6613.1			1.0000585080580082
6614.0			1.0
6614.9			1.0
6615.8			1.0
6616.700000000001			1.0
6617.6			1.0
6618.5			1.0
6619.4			1.0
6620.3			1.0
6621.200000000001			1.0
6622.1			1.0
6623.0			1.0
6623.9			1.0
6624.8			1.0
6625.700000000001			1.0
6626.6			1.0
6627.5			1.0
6628.4			1.0
6629.3			1.0
6630.200000000001			1.0
6631.1			1.0
6632.0			1.0
6632.9			1.0
6633.8			1.0
6634.700000000001			1.0
6635.6			1.0
6636.5			1.0
6637.4			1.0
6638.3			1.0
6639.200000000001			1.0
6640.1			1.0
6641.0			1.0
6641.9			1.0
6642.8			1.0
6643.700000000001			1.0
6644.6			1.0
6645.5			1.0
6646.4			1.0
6647.3			1.0
6648.200000000001			1.0
6649.1			1.0
6650.0			1.0
6650.9			1.0
6651.8			1.0
6652.700000000001			1.0
6653.6			1.0
6654.5			1.0
6655.4			1.0
6656.3			1.0
6657.200000000001			1.0
6658.1			1.0
6659.0			1.0
6659.9			1.0
6660.8			1.0
6661.700000000001			1.0
6662.6			1.0
6663.5			1.0
6664.4			1.0
6665.3			1.0
6666.200000000001			1.0
6667.1			1.0
6668.0			1.0
6668.9			1.0
6669.8			1.0
6670.700000000001			1.0
6671.6			1.0
6672.5			1.0
6673.4			1.0
6674.3			1.0
6675.200000000001			0.9980099191295673
6676.1			0.977238198840966
6677.0			0.9356824661957831
6677.9			0.907925041996387
6678.8			0.9262221418471923
6679.700000000001			0.970372209197962
6680.6			1.0000514703515488
6681.5			1.0
6682.4			1.0
6683.3			1.0
6684.200000000001			1.0
6685.1			1.0
6686.0			1.0
6686.9			1.0
6687.8			1.0
6688.700000000001			1.0
6689.6			1.0
6690.5			1.0
6691.4			1.0
6692.3			1.0
6693.200000000001			1.0
6694.1			1.0
6695.0			1.0
6695.9			1.0
6696.8			1.0
6697.700000000001			1.0
6698.6			1.0
6699.5			1.0
6700.4			1.0
6701.3			1.0
6702.200000000001			1.0
6703.1			1.0
6704.0			1.0
6704.9			1.0
6705.8			1.0
6706.700000000001			1.0
6707.6			1.0
6708.5			1.0
6709.4			1.0
6710.3			1.0
6711.200000000001			1.0
6712.1			1.0
6713.0			1.0
6713.9			1.0
6714.8			1.0
6715.700000000001			1.0
6716.6			1.0
6717.5			1.0
6718.4			1.0
6719.3			1.0
6720.200000000001			1.0
6721.1			1.0
6722.0			1.0
6722.9			1.0
6723.8			1.0
6724.700000000001			1.0
6725.6			1.0
6726.5			1.0
6727.4			1.0
6728.3			1.0
6729.200000000001			1.0
6730.1			1.0
6731.0			1.0
6731.9			1.0
6732.8			1.0
6733.700000000001			1.0
6734.6			1.0
6735.5			1.0
6736.4			1.0
6737.3			1.0
6738.200000000001			1.0
6739.1			1.0
6740.0			1.0
6740.9			1.0
6741.8			1.0
6742.700000000001			1.0
6743.6			1.0
6744.5			1.0
6745.4			1.0
6746.3			1.0
6747.200000000001			1.0
6748.1			1.0
6749.0			1.0
6749.9			1.0
6750.8			1.0
6751.700000000001			1.0
6752.6			1.0
6753.5			1.0
6754.4			1.0
6755.3			1.0
6756.200000000001			1.0
6757.1			1.0
6758.0			1.0
6758.9			1.0
6759.8			1.0
6760.700000000001			1.0
6761.6			1.0
6762.5			1.0
6763.4			1.0
6764.3			1.0
6765.200000000001			1.0
6766.1			1.0
6767.0			1.0
6767.9			1.0
6768.8			1.0
6769.700000000001			1.0
6770.6			1.0
6771.5			1.0
6772.4			1.0
6773.3			1.0
6774.200000000001			1.0
6775.1			1.0
6776.0			1.0
6776.9			1.0
6777.8			1.0
6778.700000000001			1.0
6779.6			1.0
6780.5			1.0
6781.4			1.0
6782.3			1.0
6783.200000000001			1.0
6784.1			1.0
6785.0			1.0
6785.9			1.0
6786.8			1.0
6787.700000000001			1.0
6788.6			1.0
6789.5			1.0
6790.4			1.0
6791.3			1.0
6792.200000000001			1.0
6793.1			1.0
6794.0			1.0
6794.9			1.0
6795.8			1.0
6796.700000000001			1.0
6797.6			1.0
6798.5			1.0
6799.4			1.0
6800.3			1.0
6801.200000000001			1.0
6802.1			1.0
6803.0			1.0
6803.9			1.0
6804.8			1.0
6805.700000000001			1.0
6806.6			1.0
6807.5			1.0
6808.4			1.0
6809.3			1.0
6810.200000000001			1.0
6811.1			1.0
6812.0			1.0
6812.9			1.0
6813.8			1.0
6814.700000000001			1.0
6815.6			1.0
6816.5			1.0
6817.4			1.0
6818.3			1.0
6819.200000000001			1.0
6820.1			1.0
6821.0			1.0
6821.9			1.0
6822.8			1.0
6823.700000000001			1.0
6824.6			1.0
6825.5			1.0
6826.4			1.0
6827.3			1.0
6828.200000000001			1.0
6829.1			1.0
6830.0			1.0
6830.9			1.0
6831.8			1.0
6832.700000000001			1.0
6833.6			1.0
6834.5			1.0
6835.4			1.0
6836.3			1.0
6837.200000000001			1.0
6838.1			1.0
6839.0			1.0
6839.9			1.0
6840.8			1.0
6841.700000000001			1.0
6842.6			1.0
6843.5			1.0
6844.4			1.0
6845.3			1.0
6846.200000000001			1.0
6847.1			1.0
6848.0			1.0
6848.9			1.0
6849.8			1.0
6850.700000000001			1.0
6851.6			1.0
6852.5			1.0
6853.4			1.0
6854.3			1.0
6855.200000000001			1.0
6856.1			1.0
6857.0			1.0
6857.9			1.0
6858.8			1.0
6859.700000000001			1.0
6860.6			1.0
6861.5			1.0
6862.4			1.0
6863.3			1.0
6864.200000000001			1.0
6865.1			1.0
6866.0			1.0
6866.9			1.0
6867.8			1.0
6868.700000000001			1.0
6869.6			1.0
6870.5			1.0
6871.4			1.0
6872.3			1.0
6873.200000000001			1.0
6874.1			1.0
6875.0			1.0
6875.9			1.0
6876.8			1.0
6877.700000000001			1.0
6878.6			1.0
6879.5			1.0
6880.4			1.0
6881.3			1.0
6882.200000000001			1.0
6883.1			1.0
6884.0			1.0
6884.9			1.0
6885.8			1.0
6886.700000000001			1.0
6887.6			1.0
6888.5			1.0
6889.4			1.0
6890.3			1.0
6891.200000000001			1.0
6892.1			1.0
6893.0			1.0
6893.9			1.0
6894.8			1.0
6895.700000000001			1.0
6896.6			1.0
6897.5			1.0
6898.4			1.0
6899.3			1.0
6900.200000000001			1.0
6901.1			1.0
6902.0			1.0
6902.9			1.0
6903.8			1.0
6904.700000000001			1.0
6905.6			1.0
6906.5			1.0
6907.4			1.0
6908.3			1.0
6909.200000000001			1.0
6910.1			1.0
6911.0			1.0
6911.9			1.0
6912.8			1.0
6913.700000000001			1.0
6914.6			1.0
6915.5			1.0
6916.4			1.0
6917.3			1.0
6918.200000000001			1.0
6919.1			1.0
6920.0			1.0
6920.9			1.0
6921.8			1.0
6922.700000000001			1.0
6923.6			1.0
6924.5			1.0
6925.4			1.0
6926.3			1.0
6927.200000000001			1.0
6928.1			1.0
6929.0			1.0
6929.9			1.0
6930.8			1.0
6931.700000000001			1.0
6932.6			1.0
6933.5			1.0
6934.4			1.0
6935.3			1.0
6936.200000000001			1.0
6937.1			1.0
6938.0			1.0
6938.9			1.0
6939.8			1.0
6940.700000000001			1.0
6941.6			1.0
6942.5			1.0
6943.4			1.0
6944.3			1.0
6945.200000000001			1.0
6946.1			1.0
6947.0			1.0
6947.9			1.0
6948.8			1.0
6949.700000000001			1.0
6950.6			1.0
6951.5			1.0
6952.4			1.0
6953.3			1.0
6954.200000000001			1.0
6955.1			1.0
6956.0			1.0
6956.9			1.0
6957.8			1.0
6958.700000000001			1.0
6959.6			1.0
6960.5			1.0
6961.4			1.0
6962.3			1.0
6963.200000000001			1.0
6964.1			1.0
6965.0			1.0
6965.9			1.0
6966.8			1.0
6967.700000000001			1.0
6968.6			1.0
6969.5			1.0
6970.4			1.0
6971.3			1.0
6972.200000000001			1.0
6973.1			1.0
6974.0			1.0
6974.9			0.9852898724319644
6975.8			0.9671070997437569
6976.700000000001			0.9410893034922326
6977.6			0.9047237177465095
6978.5			0.8828806444547384
6979.4			0.9013579959867501
6980.3			0.9447418013530782
6981.200000000001			0.9807311847336005
6982.1			0.9999057933067521
6983.0			1.0
6983.9			1.0
6984.8			1.0
6985.700000000001			1.0
6986.6			1.0
6987.5			1.0
6988.4			1.0
6989.3			1.0
6990.200000000001			1.0
6991.1			1.0
6992.0			1.0
6992.9			1.0
6993.8			1.0
6994.700000000001			1.0
6995.6			1.0
6996.5			1.0
6997.4			1.0
6998.3			1.0
6999.200000000001			1.0
7000.1			1.0
7001.0			1.0
7001.9			1.0
7002.8			1.0
7003.700000000001			1.0
7004.6			1.0
7005.5			1.0
7006.4			1.0
7007.3			1.0
7008.200000000001			1.0
7009.1			1.0
7010.0			1.0
7010.9			1.0
7011.8			1.0
7012.700000000001			1.0
7013.6			1.0
7014.5			1.0
7015.4			1.0
7016.3			1.0
7017.200000000001			1.0
7018.1			1.0
7019.0			1.0
7019.9			1.0
7020.8			1.0
7021.700000000001			1.0
7022.6			1.0
7023.5			1.0
7024.4			1.0
7025.3			1.0
7026.200000000001			1.0
7027.1			1.0
7028.0			1.0
7028.9			1.0
7029.8			1.0
7030.700000000001			1.0
7031.6			1.0
7032.5			1.0
7033.4			1.0
7034.3			1.0
7035.200000000001			1.0
7036.1			1.0
7037.0			1.0
7037.9			1.0
7038.8			1.0
7039.700000000001			1.0
7040.6			1.0
7041.5			1.0
7042.4			1.0
7043.3			1.0
7044.200000000001			1.0
7045.1			1.0
7046.0			1.0
7046.9			1.0
7047.8			1.0
7048.700000000001			1.0
7049.6			1.0
7050.5			1.0
7051.4			1.0
7052.3			1.0
7053.200000000001			1.0
7054.1			1.0
7055.0			1.0
7055.9			1.0
7056.8			1.0
7057.700000000001			1.0
7058.6			1.0
7059.5			1.0
7060.4			1.0
7061.3			1.0
7062.200000000001			1.0
7063.1			1.0
7064.0			1.0
7064.9			1.0
7065.8			1.0
7066.700000000001			1.0
7067.6			1.0
7068.5			1.0
7069.4			1.0
7070.3			1.0
7071.200000000001			1.0
7072.1			1.0
7073.0			1.0
7073.9			1.0
7074.8			1.0
7075.700000000001			1.0
7076.6			1.0
7077.5			1.0
7078.4			1.0
7079.3			1.0
7080.200000000001			1.0
7081.1			1.0
7082.0			1.0
7082.9			1.0
7083.8			1.0
7084.700000000001			1.0
7085.6			1.0
7086.5			1.0
7087.4			1.0
7088.3			1.0
7089.200000000001			1.0
7090.1			1.0
7091.0			1.0
7091.9			1.0
7092.8			1.0
7093.700000000001			1.0
7094.6			1.0
7095.5			1.0
7096.4			1.0
7097.3			1.0
7098.200000000001			1.0
7099.1			1.0
7100.0			1.0
7100.9			1.0
7101.8			1.0
7102.700000000001			1.0
7103.6			1.0
7104.5			1.0
7105.4			1.0
7106.3			1.0
7107.200000000001			1.0
7108.1			1.0
7109.0			1.0
7109.9			1.0
7110.8			1.0
7111.700000000001			1.0
7112.6			1.0
7113.5			1.0
7114.4			1.0
7115.3			1.0
7116.200000000001			1.0
7117.1			1.0
7118.0			1.0
7118.9			1.0
7119.8			1.0
7120.700000000001			1.0
7121.6			1.0
7122.5			1.0
7123.4			1.0
7124.3			1.0
7125.200000000001			1.0
7126.1			1.0
7127.0			1.0
7127.9			1.0
7128.8			1.0
7129.700000000001			1.0
7130.6			1.0
7131.5			1.0
7132.4			1.0
7133.3			1.0
7134.200000000001			1.0
7135.1			1.0
7136.0			1.0
7136.9			1.0
7137.8			1.0
7138.700000000001			1.0
7139.6			1.0
7140.5			1.0
7141.4			1.0
7142.3			1.0
7143.200000000001			1.0
7144.1			1.0
7145.0			1.0
7145.9			1.0
7146.8			1.0
7147.700000000001			1.0
7148.6			1.0
7149.5			1.0
7150.4			1.0
7151.3			1.0
7152.200000000001			1.0
7153.1			1.0
7154.0			1.0
7154.9			1.0
7155.8			1.0
7156.700000000001			1.0
7157.6			1.0
7158.5			1.0
7159.4			1.0
7160.3			1.0
7161.200000000001			1.0
7162.1			1.0
7163.0			1.0
7163.9			1.0
7164.8			1.0
7165.700000000001			1.0
7166.6			1.0
7167.5			1.0
7168.4			1.0
7169.3			1.0
7170.200000000001			1.0
7171.1			1.0
7172.0			1.0
7172.9			1.0
7173.8			1.0
7174.700000000001			1.0
7175.6			1.0
7176.5			1.0
7177.4			1.0
7178.3			1.0
7179.200000000001			1.0
7180.1			1.0
7181.0			1.0
7181.9			1.0
7182.8			1.0
7183.700000000001			1.0
7184.6			1.0
7185.5			1.0
7186.4			1.0
7187.3			1.0
7188.200000000001			1.0
7189.1			1.0
7190.0			1.0
7190.9			1.0
7191.8			1.0
7192.700000000001			1.0
7193.6			1.0
7194.5			1.0
7195.4			1.0
7196.3			1.0
7197.200000000001			1.0
7198.1			1.0
7199.0			1.0
7199.9			1.0
7200.8			1.0
7201.700000000001			1.0
7202.6			1.0
7203.5			1.0
7204.4			1.0
7205.3			1.0
7206.200000000001			1.0
7207.1			1.0
7208.0			1.0
7208.9			1.0
7209.8			1.0
7210.700000000001			1.0
7211.6			1.0
7212.5			1.0
7213.4			1.0
7214.3			1.0
7215.200000000001			1.0
7216.1			1.0
7217.0			1.0
7217.9			1.0
7218.8			1.0
7219.700000000001			1.0
7220.6			1.0
7221.5			1.0
7222.4			1.0
7223.3			1.0
7224.200000000001			1.0
7225.1			1.0
7226.0			1.0
7226.9			1.0
7227.8			1.0
7228.700000000001			1.0
7229.6			1.0
7230.5			1.0
7231.4			1.0
7232.3			1.0
7233.200000000001			1.0
7234.1			1.0
7235.0			1.0
7235.9			1.0
7236.8			1.0
7237.700000000001			1.0
7238.6			1.0
7239.5			1.0
7240.4			1.0
7241.3			1.0
7242.200000000001			1.0
7243.1			1.0
7244.0			1.0
7244.9			1.0
7245.8			1.0
7246.700000000001			1.0
7247.6			1.0
7248.5			1.0
7249.4			1.0
7250.3			1.0
7251.200000000001			1.0
7252.1			1.0
7253.0			1.0
7253.9			1.0
7254.8			1.0
7255.700000000001			1.0
7256.6			1.0
7257.5			1.0
7258.4			1.0
7259.3			1.0
7260.200000000001			1.0
7261.1			1.0
7262.0			1.0
7262.9			1.0
7263.8			1.0
7264.700000000001			1.0
7265.6			1.0
7266.5			1.0
7267.4			1.0
7268.3			1.0
7269.200000000001			1.0
7270.1			1.0
7271.0			1.0
7271.9			1.0
7272.8			1.0
7273.700000000001			1.0
7274.6			1.0
7275.5			1.0
7276.4			1.0
7277.3			1.0
7278.200000000001			1.0
7279.1			1.0
7280.0			1.0
7280.9			1.0
7281.8			1.0
7282.700000000001			1.0
7283.6			1.0
7284.5			1.0
7285.4			1.0
7286.3			1.0
7287.200000000001			1.0
7288.1			1.0
7289.0			1.0
7289.9			1.0
7290.8			1.0
7291.700000000001			1.0
7292.6			1.0
7293.5			1.0
7294.4			1.0
7295.3			1.0
7296.200000000001			1.0
7297.1			1.0
7298.0			1.0
7298.9			1.0
7299.8			1.0
7300.700000000001			1.0
7301.6			1.0
7302.5			1.0
7303.4			1.0
7304.3			1.0
7305.200000000001			1.0
7306.1			1.0
7307.0			1.0
7307.9			1.0
7308.8			1.0
7309.700000000001			1.0
7310.6			1.0
7311.5			1.0
7312.4			1.0
7313.3			1.0
7314.200000000001			1.0
7315.1			1.0
7316.0			1.0
7316.9			1.0
7317.8			1.0
7318.700000000001			1.0
7319.6			1.0
7320.5			1.0
7321.4			1.0
7322.3			1.0
7323.200000000001			1.0
7324.1			1.0
7325.0			1.0
7325.9			1.0
7326.8			1.0
7327.700000000001			1.0
7328.6			1.0
7329.5			1.0
7330.4			1.0
7331.3			1.0
7332.200000000001			1.0
7333.1			1.0
7334.0			1.0
7334.9			1.0
7335.8			1.0
7336.700000000001			1.0
7337.6			1.0
7338.5			1.0
7339.4			1.0
7340.3			1.0
7341.200000000001			1.0
7342.1			1.0
7343.0			1.0
7343.9			1.0
7344.8			1.0
7345.700000000001			1.0
7346.6			1.0
7347.5			1.0
7348.4			1.0
7349.3			1.0
7350.200000000001			1.0
7351.1			1.0
7352.0			1.0
7352.9			1.0
7353.8			1.0
7354.700000000001			1.0
7355.6			1.0
7356.5			1.0
7357.4			1.0
7358.3			1.0
7359.200000000001			1.0
7360.1			1.0
7361.0			1.0
7361.9			1.0
7362.8			1.0
7363.700000000001			1.0
7364.6			1.0
7365.5			1.0
7366.4			1.0
7367.3			1.0
7368.200000000001			1.0
7369.1			1.0
7370.0			1.0
7370.9			1.0
7371.8			1.0
7372.700000000001			1.0
7373.6			1.0
7374.5			1.0
7375.4			1.0
7376.3			1.0
7377.200000000001			1.0
7378.1			1.0
7379.0			1.0
7379.9			1.0
7380.8			1.0
7381.700000000001			1.0
7382.6			1.0
7383.5			1.0
7384.4			1.0
7385.3			1.0
7386.200000000001			1.0
7387.1			1.0
7388.0			1.0
7388.9			1.0
7389.8			1.0
7390.700000000001			1.0
7391.6			1.0
7392.5			1.0
7393.4			1.0
7394.3			1.0
7395.200000000001			1.0
7396.1			1.0
7397.0			1.0
7397.9			1.0
7398.8			1.0
7399.700000000001			1.0
7400.6			1.0
7401.5			1.0
7402.4			1.0
7403.3			1.0
7404.200000000001			1.0
7405.1			1.0
7406.0			1.0
7406.9			1.0
7407.8			1.0
7408.700000000001			1.0
7409.6			1.0
7410.5			1.0
7411.4			1.0
7412.3			1.0
7413.200000000001			1.0
7414.1			1.0
7415.0			1.0
7415.9			1.0
7416.8			1.0
7417.700000000001			1.0
7418.6			1.0
7419.5			1.0
7420.4			1.0
7421.3			1.0
7422.200000000001			1.0
7423.1			1.0
7424.0			1.0
7424.9			1.0
7425.8			1.0
7426.700000000001			1.0
7427.6			1.0
7428.5			1.0
7429.4			1.0
