3500.0			1.0
3500.9			1.0
3501.8			1.0
3502.7			1.0
3503.6			1.0
3504.5			1.0
3505.4			1.0
3506.3			1.0
3507.2			1.0
3508.1			1.0
3509.0			1.0
3509.9			1.0
3510.8			1.0
3511.7			1.0
3512.6			1.0
3513.5			1.0
3514.4			1.0
3515.3			1.0
3516.2			1.0
3517.1			1.0
3518.0			1.0
3518.9			1.0
3519.8			1.0
3520.7			1.0
3521.6			1.0
3522.5			1.0
3523.4			1.0
3524.3			1.0
3525.2			1.0
3526.1			1.0
3527.0			1.0
3527.9			1.0
3528.8			1.0
3529.7			1.0
3530.6			1.0
3531.5			1.0
3532.4			1.0
3533.3			1.0
3534.2			1.0
3535.1			1.0
3536.0			1.0
3536.9			1.0
3537.8			1.0
3538.7			1.0
3539.6			1.0
3540.5			1.0
3541.4			1.0
3542.3			1.0
3543.2			1.0
3544.1			1.0
3545.0			1.0
3545.9			1.0
3546.8			1.0
3547.7			1.0
3548.6			1.0
3549.5			1.0
3550.4			1.0
3551.3			1.0
3552.2			1.0
3553.1			1.0
3554.0			1.0
3554.9			1.0
3555.8			1.0
3556.7			1.0
3557.6			1.0
3558.5			1.0
3559.4			1.0
3560.3			1.0
3561.2			1.0
3562.1			1.0
3563.0			1.0
3563.9			1.0
3564.8			1.0
3565.7			1.0
3566.6			1.0
3567.5			1.0
3568.4			1.0
3569.3			1.0
3570.2			1.0
3571.1			1.0
3572.0			1.0
3572.9			1.0
3573.8			1.0
3574.7			1.0
3575.6			1.0
3576.5			1.0
3577.4			1.0
3578.3			1.0
3579.2			1.0
3580.1			1.0
3581.0			1.0
3581.9			1.0
3582.8			1.0
3583.7			1.0
3584.6			1.0
3585.5			1.0
3586.4			1.0
3587.3			1.0
3588.2			1.0
3589.1			1.0
3590.0			1.0
3590.9			1.0
3591.8			1.0
3592.7			1.0
3593.6			1.0
3594.5			1.0
3595.4			1.0
3596.3			1.0
3597.2			1.0
3598.1			1.0
3599.0			1.0
3599.9			1.0
3600.8			1.0
3601.7			1.0
3602.6			1.0
3603.5			1.0
3604.4			1.0
3605.3			1.0
3606.2			1.0
3607.1			1.0
3608.0			1.0
3608.9			1.0
3609.8			1.0
3610.7			1.0
3611.6			1.0
3612.5			1.0
3613.4			1.0
3614.3			1.0
3615.2			1.0
3616.1			1.0
3617.0			1.0
3617.9			1.0
3618.8			1.0
3619.7			1.0
3620.6			1.0
3621.5			1.0
3622.4			1.0
3623.3			1.0
3624.2			1.0
3625.1			1.0
3626.0			1.0
3626.9			1.0
3627.8			1.0
3628.7			1.0
3629.6			1.0
3630.5			1.0
3631.4			1.0
3632.3			1.0
3633.2			1.0
3634.1			1.0
3635.0			1.0
3635.9			1.0
3636.8			1.0
3637.7			1.0
3638.6			1.0
3639.5			1.0
3640.4			1.0
3641.3			1.0
3642.2			1.0
3643.1			1.0
3644.0			1.0
3644.9			1.0
3645.8			1.0
3646.7			1.0
3647.6			1.0
3648.5			1.0
3649.4			1.0
3650.3			1.0
3651.2			1.0
3652.1			1.0
3653.0			1.0
3653.9			1.0
3654.8			1.0
3655.7			1.0
3656.6			1.0
3657.5			1.0
3658.4			1.0
3659.3			1.0
3660.2			1.0
3661.1			1.0
3662.0			1.0
3662.9			1.0
3663.8			1.0
3664.7			1.0
3665.6			1.0
3666.5			1.0
3667.4			1.0
3668.3			1.0
3669.2			1.0
3670.1			1.0
3671.0			1.0
3671.9			1.0
3672.8			1.0
3673.7			1.0
3674.6			1.0
3675.5			1.0
3676.4			1.0
3677.3			1.0
3678.2			1.0
3679.1			1.0
3680.0			1.0
3680.9			1.0
3681.8			1.0
3682.7			1.0
3683.6			1.0
3684.5			1.0
3685.4			1.0
3686.3			1.0
3687.2			1.0
3688.1			1.0
3689.0			1.0
3689.9			1.0
3690.8			1.0
3691.7			1.0
3692.6			1.0
3693.5			1.0
3694.4			1.0
3695.3			1.0
3696.2			1.0
3697.1			1.0
3698.0			1.0
3698.9			1.0
3699.8			1.0
3700.7			1.0
3701.6			1.0
3702.5			1.0
3703.4			1.0
3704.3			1.0
3705.2			1.0
3706.1			1.0
3707.0			1.0
3707.9			1.0
3708.8			1.0
3709.7			1.0
3710.6			1.0
3711.5			1.0
3712.4			1.0
3713.3			1.0
3714.2			1.0
3715.1			1.0
3716.0			1.0
3716.9			1.0
3717.8			1.0
3718.7			1.0
3719.6			1.0
3720.5			1.0
3721.4			1.0
3722.3			1.0
3723.2			1.0
3724.1			1.0
3725.0			1.0
3725.9			1.0
3726.8			1.0
3727.7			1.0
3728.6			1.0
3729.5			1.0
3730.4			1.0
3731.3			1.0
3732.2			1.0
3733.1			1.0
3734.0			1.0
3734.9			1.0
3735.8			1.0
3736.7			1.0
3737.6			1.0
3738.5			1.0
3739.4			1.0
3740.3			1.0
3741.2			1.0
3742.1			1.0
3743.0			1.0
3743.9			1.0
3744.8			1.0
3745.7			1.0
3746.6			1.0
3747.5			1.0
3748.4			1.0
3749.3			1.0
3750.2			1.0
3751.1			1.0
3752.0			1.0
3752.9			1.0
3753.8			1.0
3754.7			1.0
3755.6			1.0
3756.5			1.0
3757.4			1.0
3758.3			1.0
3759.2			1.0
3760.1			1.0
3761.0			1.0
3761.9			1.0
3762.8			1.0
3763.7			1.0
3764.6			1.0
3765.5			1.0
3766.4			1.0
3767.3			1.0
3768.2			1.0
3769.1			1.0
3770.0			1.0
3770.9			1.0
3771.8			1.0
3772.7			1.0
3773.6			1.0
3774.5			1.0
3775.4			1.0
3776.3			1.0
3777.2			1.0
3778.1			1.0
3779.0			1.0
3779.9			1.0
3780.8			1.0
3781.7			1.0
3782.6			1.0
3783.5			1.0
3784.4			1.0
3785.3			1.0
3786.2			1.0
3787.1			1.0
3788.0			1.0
3788.9			1.0
3789.8			1.0
3790.7			1.0
3791.6			1.0
3792.5			1.0
3793.4			1.0
3794.3			1.0
3795.2			1.0
3796.1			1.0
3797.0			1.0
3797.9			1.0
3798.8			1.0
3799.7			1.0
3800.6			1.0
3801.5			1.0
3802.4			1.0
3803.3			1.0
3804.2			1.0
3805.1			1.0
3806.0			1.0
3806.9			1.0
3807.8			1.0
3808.7			1.0
3809.6			1.0
3810.5			1.0
3811.4			1.0
3812.3			1.0
3813.2			1.0
3814.1			1.0
3815.0			1.0
3815.9			1.0
3816.8			1.0
3817.7			1.0
3818.6			1.0
3819.5			1.0
3820.4			1.0
3821.3			1.0
3822.2			1.0
3823.1			1.0
3824.0			1.0
3824.9			1.0
3825.8			1.0
3826.7			1.0
3827.6			1.0
3828.5			1.0
3829.4			1.0
3830.3			1.0
3831.2			1.0
3832.1			1.0
3833.0			1.0
3833.9			1.0
3834.8			1.0
3835.7			1.0
3836.6			1.0
3837.5			1.0
3838.4			1.0
3839.3			1.0
3840.2			1.0
3841.1			1.0
3842.0			1.0
3842.9			1.0
3843.8			1.0
3844.7			1.0
3845.6			1.0
3846.5			1.0
3847.4			1.0
3848.3			1.0
3849.2			1.0
3850.1			1.0
3851.0			1.0
3851.9			1.0
3852.8			1.0
3853.7			1.0
3854.6			1.0
3855.5			1.0
3856.4			1.0
3857.3			1.0
3858.2			1.0
3859.1			1.0
3860.0			1.0
3860.9			1.0
3861.8			1.0
3862.7			1.0
3863.6			1.0
3864.5			1.0
3865.4			1.0
3866.3			1.0
3867.2			1.0
3868.1			1.0
3869.0			1.0
3869.9			1.0
3870.8			1.0
3871.7			1.0
3872.6			1.0
3873.5			1.0
3874.4			1.0
3875.3			1.0
3876.2			1.0
3877.1			1.0
3878.0			1.0
3878.9			1.0
3879.8			1.0
3880.7			1.0
3881.6			1.0
3882.5			1.0
3883.4			1.0
3884.3			1.0
3885.2			1.0
3886.1			1.0
3887.0			1.0
3887.9			1.0
3888.8			1.0
3889.7			1.0
3890.6			1.0
3891.5			1.0
3892.4			1.0
3893.3			1.0
3894.2			1.0
3895.1			1.0
3896.0			1.0
3896.9			1.0
3897.8			1.0
3898.7			1.0
3899.6			1.0
3900.5			1.0
3901.4			1.0
3902.3			1.0
3903.2			1.0
3904.1			1.0
3905.0			1.0
3905.9			1.0
3906.8			1.0
3907.7			1.0
3908.6			1.0
3909.5			1.0
3910.4			1.0
3911.3			1.0
3912.2			1.0
3913.1			1.0
3914.0			1.0
3914.9			1.0
3915.8			1.0
3916.7			1.0
3917.6			1.0
3918.5			1.0
3919.4			1.0
3920.3			1.0
3921.2			1.0
3922.1			1.0
3923.0			1.0
3923.9			1.0
3924.8			1.0
3925.7			1.0
3926.6			1.0
3927.5			1.0
3928.4			1.0
3929.3			1.0
3930.2			1.0
3931.1			1.0
3932.0			1.0
3932.9			1.0
3933.8			1.0
3934.7			1.0
3935.6			1.0
3936.5			1.0
3937.4			1.0
3938.3			1.0
3939.2			1.0
3940.1			1.0
3941.0			1.0
3941.9			1.0
3942.8			1.0
3943.7			1.0
3944.6			1.0
3945.5			1.0
3946.4			1.0
3947.3			1.0
3948.2			1.0
3949.1			1.0
3950.0			1.0
3950.9			1.0
3951.8			1.0
3952.7			1.0
3953.6			1.0
3954.5			1.0
3955.4			1.0
3956.3			1.0
3957.2			1.0
3958.1			1.0
3959.0			1.0
3959.9			1.0
3960.8			1.0
3961.7			1.0
3962.6			1.0
3963.5			1.0
3964.4			1.0
3965.3			1.0
3966.2			1.0
3967.1			1.0
3968.0			1.0
3968.9			1.0
3969.8			1.0
3970.7			1.0
3971.6			1.0
3972.5			1.0
3973.4			1.0
3974.3			1.0
3975.2			1.0
3976.1			1.0
3977.0			1.0
3977.9			1.0
3978.8			1.0
3979.7			1.0
3980.6			1.0
3981.5			1.0
3982.4			1.0
3983.3			1.0
3984.2			1.0
3985.1			1.0
3986.0			1.0
3986.9			1.0
3987.8			1.0
3988.7			1.0
3989.6			1.0
3990.5			1.0
3991.4			1.0
3992.3			1.0
3993.2			1.0
3994.1			1.0
3995.0			1.0
3995.9			1.0
3996.8			1.0
3997.7			1.0
3998.6			1.0
3999.5			1.0
4000.4			1.0
4001.3			1.0
4002.2			1.0
4003.1			1.032250364233426
4004.0			0.9654957948912912
4004.9			0.8220327947658064
4005.8			0.7576893126072681
4006.7			0.8270049631295003
4007.6			0.9333631638337329
4008.5			1.001870548334624
4009.4			1.0
4010.3			1.0
4011.2			1.0
4012.1			1.0
4013.0			1.0
4013.9			1.0
4014.8			1.0
4015.7			1.0
4016.6			1.0
4017.5			1.0
4018.4			1.0
4019.3			1.0
4020.2			1.0
4021.1			1.0
4022.0			1.0
4022.9			1.0
4023.8			1.0
4024.7			1.0
4025.6			1.0
4026.5			1.0529512787780613
4027.4			1.0969250066750234
4028.3			1.1099176152593577
4029.2			1.0449956554776743
4030.1			0.9049951104033652
4031.0			0.7909630246777453
4031.9			0.7531129547217144
4032.8			0.747153174934004
4033.7			0.7510039212974374
4034.6			0.7807488412102017
4035.5			0.8490267233200891
4036.4			0.9374835128977025
4037.3			0.9994818922619357
4038.2			1.0
4039.1			1.0
4040.0			1.0
4040.9			1.0
4041.8			1.0
4042.7			1.019138106765805
4043.6			0.9200439286191457
4044.5			0.7276227703142721
4045.4			0.5888013943614876
4046.3			0.6419687823741431
4047.2			0.838730769031436
4048.1			0.9969861486371445
4049.0			1.0
4049.9			1.0
4050.8			1.0
4051.7			1.0
4052.6			1.0
4053.5			1.0
4054.4			1.0
4055.3			1.0
4056.2			1.0
4057.1			1.0
4058.0			1.0
4058.9			1.0
4059.8			1.0
4060.7			1.0738403488896047
4061.6			1.0313723921262519
4062.5			0.8714054309135914
4063.4			0.7348290668690838
4064.3			0.7821259206417547
4065.2			0.935577819084078
4066.1			0.9964349441423738
4067.0			1.0
4067.9			1.0
4068.8			1.0
4069.7			1.0
4070.6			1.0
4071.5			1.0
4072.4			1.0
4073.3			1.1166225594460233
4074.2			1.1305454982522074
4075.1			1.0133969651123
4076.0			0.8432771817238631
4076.9			0.7136031771237535
4077.8			0.6977193283007791
4078.7			0.7797580613903569
4079.6			0.8903300702851236
4080.5			0.9805418822280614
4081.4			1.0
4082.3			1.0
4083.2			1.0
4084.1			1.0
4085.0			1.0
4085.9			1.0
4086.8			1.0
4087.7			1.0
4088.6			1.0
4089.5			1.0
4090.4			1.0
4091.3			1.0
4092.2			1.0
4093.1			1.0
4094.0			1.0
4094.9			1.0
4095.8			1.0
4096.7			1.0
4097.6			1.0294757575633198
4098.5			1.0562694132804902
4099.4			1.0200749325984473
4100.3			0.9133812699763098
4101.2			0.8182071072336689
4102.1			0.8276731165959114
4103.0			0.9053876623560856
4103.9			0.9644625354413439
4104.8			1.0048231845850162
4105.7			1.0
4106.6			1.0
4107.5			1.0
4108.4			1.0
4109.3			1.0
4110.2			1.0
4111.1			1.0
4112.0			1.0
4112.9			1.0
4113.8			1.0
4114.7			1.0
4115.6			1.0
4116.5			1.0
4117.4			1.0
4118.3			1.0
4119.2			1.0
4120.1			1.0
4121.0			1.0
4121.9			1.0
4122.8			1.0
4123.7			1.0
4124.6			1.0
4125.5			1.0085102854005654
4126.4			0.9746052429448828
4127.3			0.9326362654575115
4128.2			0.9068721698518176
4129.1			0.8992618979189465
4130.0			0.8963569816663252
4130.9			0.8680739317213034
4131.8			0.8107352295206427
4132.7			0.7706010548063803
4133.6			0.7742887718101512
4134.5			0.8269960861201054
4135.4			0.9137770073708489
4136.3			0.9656038091379148
4137.2			0.9641045042909414
4138.1			0.9678418313652881
4139.0			1.0
4139.9			1.017904535979662
4140.8			0.9903316000987666
4141.7			0.8894390707155434
4142.6			0.7480708581828277
4143.5			0.6794463236727638
4144.4			0.747464968699833
4145.3			0.875720046048705
4146.2			0.9626980090286819
4147.1			0.9974379069336748
4148.0			1.0
4148.9			1.0
4149.8			1.0
4150.7			1.0
4151.6			1.0
4152.5			1.0
4153.4			1.0
4154.3			1.0
4155.2			1.0
4156.1			1.0
4157.0			1.0
4157.9			1.0
4158.8			1.0
4159.7			1.0
4160.6			1.0
4161.5			1.0
4162.4			1.049130678830782
4163.3			1.0447821226966494
4164.2			0.9986739823032952
4165.1			0.970292043889038
4166.0			0.9418876250923274
4166.9			0.8958335154789753
4167.8			0.8956055032222097
4168.7			0.9572609713492151
4169.6			1.0107695314940528
4170.5			1.0003928365185986
4171.4			0.9100039362502131
4172.3			0.7965449267527527
4173.2			0.7586815369800228
4174.1			0.8055247920905505
4175.0			0.8645188328708329
4175.9			0.8832060761458596
4176.8			0.8533601948679309
4177.7			0.8181307798759865
4178.6			0.8298631046456013
4179.5			0.8711315195165121
4180.4			0.8869500230696329
4181.3			0.8768243295794087
4182.2			0.8835896980325403
4183.1			0.9269789885109886
4184.0			0.999502221230521
4184.9			1.0
4185.8			1.0
4186.7			1.0
4187.6			1.0
4188.5			1.0506847128896548
4189.4			1.1120914981659078
4190.3			1.103199615952001
4191.2			1.0675922124740915
4192.1			1.0871732762894586
4193.0			1.1389191296182548
4193.9			1.1207419978360276
4194.8			1.015090011252305
4195.7			0.9033471813265339
4196.6			0.8552221390925718
4197.5			0.860008451380242
4198.4			0.8885531874215564
4199.3			0.9393824149660766
4200.2			0.9701264506633438
4201.1			0.9382444122912756
4202.0			0.9033950261512415
4202.9			0.9299759645222235
4203.8			0.9768717530325977
4204.7			1.002725372516835
4205.6			1.0
4206.5			1.0
4207.4			1.0
4208.3			1.0
4209.2			1.0
4210.1			1.0
4211.0			1.0
4211.9			1.0
4212.8			0.9685818234325756
4213.7			0.8765976218067469
4214.6			0.7521712362112655
4215.5			0.695194818282697
4216.4			0.7768192360884763
4217.3			0.9133687178193258
4218.2			0.9838481049061791
4219.1			1.0
4220.0			1.0
4220.9			1.0
4221.8			1.0
4222.7			0.9178122322204731
4223.6			0.835727382514756
4224.5			0.7453334460263038
4225.4			0.6116332823689019
4226.3			0.49458963377965115
4227.2			0.5315701853754959
4228.1			1.0
4229.0			1.2285442219294687
4229.9			1.3192312895030238
4230.8			1.3233262410521642
4231.7			1.259444605363386
4232.6			1.1515725537411032
4233.5			1.0888861842218491
4234.4			1.0701900211931608
4235.3			1.0111309852648784
4236.2			0.9379244504339164
4237.1			0.9252846147386621
4238.0			0.9422406852228158
4238.9			0.943066435616895
4239.8			0.9580047462699538
4240.7			1.0029756080864063
4241.6			1.017360809180796
4242.5			0.9896093787138421
4243.4			0.996032513694123
4244.3			1.0
4245.2			1.0
4246.1			0.9691163481491573
4247.0			0.9059876833707498
4247.9			0.8583415879869895
4248.8			0.8308177159091965
4249.7			0.8107160995834459
4250.6			0.8353676294826263
4251.5			0.9275199208615809
4252.4			1.011065036995559
4253.3			1.0051891200535683
4254.2			1.0
4255.1			1.0
4256.0			1.0
4256.9			1.065043539872479
4257.8			1.0254026406968322
4258.7			0.9045848122325402
4259.6			0.7854624672102883
4260.5			0.7295062998993121
4261.4			0.7769204969502819
4262.3			0.887922436241699
4263.2			0.9691084244906845
4264.1			0.9894701049943263
4265.0			1.0
4265.9			1.0194690118927165
4266.8			0.9854941741818994
4267.7			0.921509231932033
4268.6			0.8804438730744965
4269.5			0.8368707057165718
4270.4			0.7391503191393886
4271.3			0.6404973119869305
4272.2			0.6471373224667906
4273.1			0.7244166787787217
4274.0			0.7605019467053394
4274.9			0.7844571891515564
4275.8			0.8749722032824186
4276.7			0.9971490105636229
4277.6			1.0
4278.5			1.0
4279.4			1.0
4280.3			1.0
4281.2			1.0
4282.1			1.0
4283.0			1.0
4283.9			1.0
4284.8			1.0
4285.7			1.0
4286.6			1.0
4287.5			1.0237269022352498
4288.4			0.9615708623908943
4289.3			0.8446612597662896
4290.2			0.7928165218801495
4291.1			1.0
4292.0			1.1293036235406735
4292.9			1.2109309771594856
4293.8			1.1936779457146456
4294.7			1.1425609971244253
4295.6			1.1199390087280865
4296.5			1.0861957009770309
4297.4			1.0095134230039202
4298.3			0.8924693552466197
4299.2			0.7692931393990357
4300.1			0.7324883585591395
4301.0			0.7964405152744743
4301.9			0.8474889646300516
4302.8			0.8483621078346958
4303.7			0.8518112044947566
4304.6			0.8595397934190047
4305.5			0.8561867869463651
4306.4			0.8299837802331849
4307.3			0.7585249244433538
4308.2			0.6895969479770147
4309.1			0.6980032888156408
4310.0			0.7683972084991703
4310.9			0.8498944503086495
4311.8			0.9374898227220412
4312.7			1.0423596253953873
4313.6			1.1487066963181631
4314.5			1.2763521449186042
4315.4			1.4787450156886905
4316.3			1.685313995668071
4317.2			1.7718199979075406
4318.1			1.7547514796911359
4319.0			1.716240337983002
4319.9			1.670724804899727
4320.8			1.0
4321.7			0.9549905558849127
4322.6			0.8705161610892234
4323.5			0.7335547525738569
4324.4			0.6037953175442754
4325.3			0.5513715357724085
4326.2			0.6220265147391747
4327.1			0.7896331518332381
4328.0			0.9459975512746538
4328.9			1.0011737821730256
4329.8			1.0
4330.7			1.0
4331.6			1.0
4332.5			1.0
4333.4			1.0
4334.3			1.0
4335.2			1.0377301062060766
4336.1			0.9979638355349144
4337.0			0.87836474677612
4337.9			0.7708073549629191
4338.8			0.713457559285472
4339.7			0.6781928618630012
4340.6			0.6988929124921983
4341.5			0.8097713131925784
4342.4			0.9242892044748674
4343.3			0.9661863327670442
4344.2			0.9947320931474477
4345.1			1.0
4346.0			1.0
4346.9			1.0
4347.8			1.0
4348.7			1.0
4349.6			1.0103669972356424
4350.5			0.9053904712229772
4351.4			0.7782114774392144
4352.3			0.7634216369997259
4353.2			0.8543901125600017
4354.1			0.9410289916346071
4355.0			0.9870922636525354
4355.9			1.0
4356.8			1.0
4357.7			1.0
4358.6			1.0
4359.5			1.0
4360.4			1.0
4361.3			1.0
4362.2			1.0
4363.1			1.0
4364.0			1.0
4364.9			1.0
4365.8			1.0
4366.7			1.0
4367.6			1.0
4368.5			1.0
4369.4			1.0
4370.3			1.0
4371.2			1.0
4372.1			0.9929278462001195
4373.0			0.9328025952183904
4373.9			0.8408011503649422
4374.8			0.7903081012598695
4375.7			0.8296229602054095
4376.6			0.9239280155817227
4377.5			1.0017578842174777
4378.4			1.0
4379.3			1.0
4380.2			0.983265008025439
4381.1			0.9556352340260721
4382.0			0.8435816936005434
4382.9			0.652002167808778
4383.8			0.5375179222131755
4384.7			0.6136327443085137
4385.6			0.805471011918018
4386.5			0.9528812662272549
4387.4			0.9958890614995122
4388.3			1.0
4389.2			1.0
4390.1			1.0
4391.0			1.0
4391.9			1.0
4392.8			1.0
4393.7			1.0
4394.6			1.0
4395.5			1.0
4396.4			1.0
4397.3			1.0
4398.2			1.0
4399.1			0.9315017834861936
4400.0			0.860400594251748
4400.9			0.8646097589326435
4401.8			0.9494568196836555
4402.7			0.9752257272723129
4403.6			0.8559991965491119
4404.5			0.7319750249046894
4405.4			0.7586297104877129
4406.3			0.8614141730626007
4407.2			0.8878682897688416
4408.1			0.8642281085505287
4409.0			0.9019329085016856
4409.9			1.0014375982814705
4410.8			1.0
4411.7			1.0
4412.6			1.0217911150043708
4413.5			0.9729658659020527
4414.4			0.8612166516973114
4415.3			0.8042233729767567
4416.2			0.8506528463486475
4417.1			0.9258824940812739
4418.0			0.9913025087383194
4418.9			1.0
4419.8			1.0
4420.7			1.0
4421.6			1.0
4422.5			1.0
4423.4			1.0
4424.3			1.0
4425.2			1.0
4426.1			1.0
4427.0			1.0
4427.9			1.0
4428.8			1.0
4429.7			1.0
4430.6			1.0
4431.5			1.022321012282324
4432.4			1.0289786366541556
4433.3			0.9655378500397565
4434.2			0.8737644158623276
4435.1			0.819875584539749
4436.0			0.8402114266662273
4436.9			0.9094021952521586
4437.8			0.9689601113891443
4438.7			0.9867097190035305
4439.6			1.0
4440.5			1.0
4441.4			1.0
4442.3			1.0
4443.2			1.0
4444.1			1.0
4445.0			1.0
4445.9			1.0
4446.8			1.0
4447.7			1.0
4448.6			1.0
4449.5			1.0
4450.4			1.0
4451.3			1.0
4452.2			1.0152383192961731
4453.1			0.987236966980354
4454.0			0.9201743082054292
4454.9			0.8647886076194115
4455.8			0.8627194072833853
4456.7			0.8920469342657551
4457.6			0.9028042398038447
4458.5			0.8927465449945553
4459.4			0.8857152553130729
4460.3			0.8703271962822415
4461.2			0.8425657084041086
4462.1			0.8586270609335568
4463.0			0.9419020903615576
4463.9			1.0132060859110736
4464.8			1.0229992292358427
4465.7			1.0121650910734665
4466.6			1.019272382503225
4467.5			1.0261736333231612
4468.4			1.0083361743187038
4469.3			0.9856407567924192
4470.2			0.9976130321721468
4471.1			1.0
4472.0			1.0
4472.9			1.0
4473.8			1.0
4474.7			1.0
4475.6			1.0
4476.5			1.0
4477.4			1.0243745374067132
4478.3			0.9972955875151089
4479.2			0.9223351039815475
4480.1			0.8460532585508008
4481.0			0.8074678161944372
4481.9			0.8195217930932193
4482.8			0.8742663722543015
4483.7			0.9441230315370708
4484.6			0.9988575096154514
4485.5			1.0
4486.4			1.0
4487.3			1.0
4488.2			1.0
4489.1			1.0
4490.0			1.0
4490.9			1.0
4491.8			1.0464971318173544
4492.7			1.0405070107480934
4493.6			0.9719544834279408
4494.5			0.899252324898419
4495.4			0.8772983506179158
4496.3			0.9037154621834831
4497.2			0.9517183183699035
4498.1			0.9918213791591388
4499.0			1.005381882145929
4499.9			1.0
4500.8			1.0
4501.7			1.0
4502.6			1.0
4503.5			1.0
4504.4			1.0
4505.3			1.0
4506.2			1.0
4507.1			1.0
4508.0			1.0
4508.9			1.0
4509.8			1.0
4510.7			1.0
4511.6			1.0
4512.5			1.0
4513.4			1.0
4514.3			1.0
4515.2			1.0
4516.1			1.019232039123642
4517.0			1.0073859868830168
4517.9			0.9909397399683577
4518.8			1.0112633504256587
4519.7			1.0599579480931365
4520.6			1.0952675333961557
4521.5			1.0778937441897747
4522.4			1.023731124374489
4523.3			0.9967478599264702
4524.2			0.9947228938977981
4525.1			0.9718592134521641
4526.0			0.9303146785567457
4526.9			0.8936357534176746
4527.8			0.8621040249573854
4528.7			0.848479815671253
4529.6			0.863378928723632
4530.5			0.8958066486389592
4531.4			0.9431774450728123
4532.3			0.9805019493551682
4533.2			0.9670376975324504
4534.1			0.9174291483295137
4535.0			0.8856502130930128
4535.9			0.9323742512162434
4536.8			1.0384131643592684
4537.7			1.1025025576227927
4538.6			1.0874357480917645
4539.5			1.0377955468955051
4540.4			0.9984280554677228
4541.3			0.9993588091278507
4542.2			1.0
4543.1			1.0192653038312514
4544.0			0.9924645887862438
4544.9			0.9606580887351807
4545.8			0.9656961343257024
4546.7			0.989734239701708
4547.6			0.9905926327722168
4548.5			0.9520038305988454
4549.4			0.9211172988055017
4550.3			0.945104999049008
4551.2			0.9798951924500202
4552.1			0.9745551271317886
4553.0			0.9461384946496865
4553.9			0.9193079172506977
4554.8			0.914647483290874
4555.7			0.951555519358964
4556.6			1.0169055891090972
4557.5			1.0674606860777018
4558.4			1.0818676152723943
4559.3			1.0739704290580563
4560.2			1.0666202886773897
4561.1			1.0
4562.0			1.0030863370546117
4562.9			0.96879445098116
4563.8			0.906746707725519
4564.7			0.8601408054177663
4565.6			0.8695179251282442
4566.5			0.935216606596688
4567.4			0.999960863341876
4568.3			1.0
4569.2			1.0
4570.1			1.0
4571.0			1.0
4571.9			1.0
4572.8			1.0
4573.7			1.0424189385272777
4574.6			1.0315341293800666
4575.5			1.0161541894287471
4576.4			1.0170469228145904
4577.3			1.014849918902032
4578.2			0.9852571280009375
4579.1			0.9270926950868993
4580.0			0.8763954328032416
4580.9			0.866927375173005
4581.8			0.8929543132138735
4582.7			0.9146426149859114
4583.6			0.9153731811884817
4584.5			1.0
4585.4			0.9897365774303015
4586.3			0.9984093226007836
4587.2			1.0426306080011563
4588.1			1.0941385088450146
4589.0			1.1193357279671523
4589.9			1.1041450958740202
4590.8			1.0550187956202117
4591.7			1.0066865009171886
4592.6			0.9875477202852811
4593.5			0.9830845400797713
4594.4			0.9689653498877485
4595.3			0.9500416291069302
4596.2			0.9447052841298126
4597.1			0.9540662329264354
4598.0			0.9749225332040458
4598.9			0.9880639591124112
4599.8			0.9678979196931043
4600.7			0.9494512740428845
4601.6			0.968941803888575
4602.5			0.9901345987507091
4603.4			0.9862182551854881
4604.3			0.9655457881938259
4605.2			0.9472635024304024
4606.1			0.958296741774543
4607.0			1.0006864167181573
4607.9			1.0
4608.8			1.0
4609.7			1.0
4610.6			1.0
4611.5			1.0
4612.4			1.0
4613.3			1.0
4614.2			1.0
4615.1			1.0
4616.0			1.0
4616.9			1.0
4617.8			1.0
4618.7			1.0
4619.6			1.0
4620.5			1.0
4621.4			1.0
4622.3			1.0
4623.2			1.0
4624.1			1.0
4625.0			1.0
4625.9			1.0
4626.8			1.0
4627.7			1.0
4628.6			1.0
4629.5			1.0
4630.4			1.0
4631.3			1.0
4632.2			1.0
4633.1			1.0
4634.0			1.0
4634.9			1.0
4635.8			1.0
4636.7			1.0
4637.6			1.0
4638.5			1.0
4639.4			1.0
4640.3			1.0
4641.2			1.038616876641511
4642.1			1.0569155183493397
4643.0			1.038843485150302
4643.9			1.0109724555101387
4644.8			0.9787748080530156
4645.7			0.9270989459271929
4646.6			0.8795767659312521
4647.5			0.8702858870374071
4648.4			0.899343217139217
4649.3			0.9458865030277704
4650.2			0.9894664960129841
4651.1			1.0203863580141124
4652.0			1.040535230898592
4652.9			1.039045195605811
4653.8			0.9987092120536424
4654.7			1.0
4655.6			1.0
4656.5			1.0
4657.4			1.0
4658.3			1.0
4659.2			1.0
4660.1			1.0
4661.0			1.0
4661.9			1.0
4662.8			0.9558841351549109
4663.7			0.9471827554043958
4664.6			0.952364782715791
4665.5			0.9153903763396525
4666.4			0.8303675105430334
4667.3			0.7708777354225284
4668.2			0.7906232775319512
4669.1			0.8642438609575123
4670.0			0.9409453320393062
4670.9			0.9905424927910028
4671.8			0.9998749236942326
4672.7			1.0
4673.6			1.0
4674.5			1.0
4675.4			1.0
4676.3			1.0
4677.2			0.9967632227873241
4678.1			0.961262540788916
4679.0			0.9232391530224467
4679.9			0.8977810436014314
4680.8			0.8848428044829529
4681.7			0.8980015817448399
4682.6			0.9413836366243633
4683.5			0.98305810646374
4684.4			0.9977836329075969
4685.3			1.0
4686.2			1.0
4687.1			1.0
4688.0			1.0
4688.9			1.0
4689.8			1.0
4690.7			1.0
4691.6			1.0
4692.5			1.0
4693.4			1.0
4694.3			1.0
4695.2			1.0
4696.1			1.0130497718956122
4697.0			0.9827252383952761
4697.9			0.9209410430102369
4698.8			0.8812870776303638
4699.7			0.885285176185965
4700.6			0.8967805114263526
4701.5			0.8900278409282928
4702.4			0.8743063435477172
4703.3			0.8749720446922329
4704.2			0.9017569128289512
4705.1			0.9286394233581595
4706.0			0.9264182500715856
4706.9			0.9007752264735083
4707.8			0.874329882026895
4708.7			0.8612590615682894
4709.6			0.8770070677755925
4710.5			0.9210007119986271
4711.4			0.9548339900750064
4712.3			0.951151063195932
4713.2			0.9175041193949792
4714.1			0.8835684335932272
4715.0			0.8892378149200683
4715.9			0.9367485181057087
4716.8			0.9785298108271291
4717.7			0.9942177549409412
4718.6			1.0057851951569543
4719.5			1.0183312002647653
4720.4			1.017290365714491
4721.3			1.0000977174339774
4722.2			1.0
4723.1			1.0040404908691387
4724.0			1.0268095280743044
4724.9			1.0454256623739124
4725.8			1.0267794049067542
4726.7			0.9604616444442832
4727.6			0.8910503715538852
4728.5			0.8656343677542928
4729.4			0.8761237872400751
4730.3			0.8941492096065234
4731.2			0.9204345559417397
4732.1			0.9573218509986041
4733.0			0.9837840716741175
4733.9			1.0005470524614895
4734.8			1.0
4735.7			1.0
4736.6			1.0
4737.5			1.0
4738.4			1.0
4739.3			1.0
4740.2			1.0
4741.1			1.0
4742.0			1.0
4742.9			1.0
4743.8			1.0
4744.7			1.0
4745.6			1.0
4746.5			1.0
4747.4			1.0
4748.3			1.0
4749.2			1.0
4750.1			1.0
4751.0			1.0
4751.9			1.0
4752.8			1.0
4753.7			1.0
4754.6			1.0
4755.5			1.0
4756.4			1.0
4757.3			1.0
4758.2			1.0
4759.1			1.0233407577437001
4760.0			1.0359588439331642
4760.9			1.0094380217519066
4761.8			0.9600093281455055
4762.7			0.9342282371915085
4763.6			0.9306421188336687
4764.5			0.9161091295330905
4765.4			0.8966136464288893
4766.3			0.9014494814506082
4767.2			0.9347707283671457
4768.1			0.9794095892029054
4769.0			1.0280860185426544
4769.9			1.055411005460651
4770.8			1.0362631200266188
4771.7			1.0000836970019378
4772.6			1.0
4773.5			1.0
4774.4			1.0
4775.3			1.0
4776.2			1.0
4777.1			1.0097959454743373
4778.0			1.020471776746044
4778.9			1.008503878515135
4779.8			0.9940322440491213
4780.7			0.995027170319449
4781.6			0.9897583953165308
4782.5			0.959886951349183
4783.4			0.9419482900424438
4784.3			0.9570984005922625
4785.2			0.9529832459883243
4786.1			0.9162873033648832
4787.0			0.9068948077109698
4787.9			0.9223172831979793
4788.8			0.9192517408019193
4789.7			0.9132564745483809
4790.6			0.9244374784901718
4791.5			0.9387460218557174
4792.4			0.9575332078542372
4793.3			0.994737362532333
4794.2			1.0333316405002053
4795.1			1.0462277748011546
4796.0			1.0
4796.9			0.9730691641517281
4797.8			0.9349049882577053
4798.7			0.9004270218850607
4799.6			0.8883164500146942
4800.5			0.9115073390590329
4801.4			0.960127717134468
4802.3			0.9972739857293555
4803.2			1.0
4804.1			1.0
4805.0			1.0
4805.9			1.0
4806.8			1.0
4807.7			1.0
4808.6			1.0
4809.5			1.0
4810.4			1.0
4811.3			1.0
4812.2			1.0
4813.1			1.0
4814.0			1.0
4814.9			1.0
4815.8			1.0
4816.7			1.0
4817.6			1.0
4818.5			1.0
4819.4			1.0
4820.3			1.0
4821.2			1.0
4822.1			1.0
4823.0			1.0
4823.9			1.0
4824.8			1.0
4825.7			1.0
4826.6			1.0
4827.5			1.0
4828.4			1.0
4829.3			1.0
4830.2			1.0
4831.1			1.0
4832.0			1.0
4832.9			1.0
4833.8			1.0
4834.7			1.012720501391055
4835.6			1.0061792030827859
4836.5			1.0060808154159935
4837.4			1.005583169113002
4838.3			0.9780266638418038
4839.2			0.9361745333183581
4840.1			0.9178243903438745
4841.0			0.9339694065903815
4841.9			0.9477215729981495
4842.8			0.9343851669296103
4843.7			0.9335548742444737
4844.6			0.9673130408053181
4845.5			1.000167252502038
4846.4			1.0
4847.3			1.0
4848.2			1.0
4849.1			1.0
4850.0			1.0
4850.9			1.0
4851.8			1.0
4852.7			1.0
4853.6			1.0
4854.5			1.0
4855.4			0.9449253873132866
4856.3			0.9617819197277837
4857.2			1.0087042126536863
4858.1			1.0088828902171423
4859.0			0.941836297792942
4859.9			0.8290760230189896
4860.8			0.7262007007326913
4861.7			0.7272391600440595
4862.6			0.8270599467405577
4863.5			0.9096378562853714
4864.4			0.9431050509563534
4865.3			0.9715876785898427
4866.2			0.9971033125722429
4867.1			1.0
4868.0			1.0
4868.9			1.0065094832988375
4869.8			0.9856481191218288
4870.7			0.9170251387037789
4871.6			0.8721143173792578
4872.5			0.9080907058699889
4873.4			0.9728635499726337
4874.3			1.0039823387146032
4875.2			1.0
4876.1			1.0
4877.0			1.0
4877.9			1.0
4878.8			1.0
4879.7			1.0
4880.6			1.0
4881.5			1.0
4882.4			1.0
4883.3			1.0
4884.2			0.9780494565784196
4885.1			0.9269953222488538
4886.0			0.895772990574966
4886.9			0.9022222994022082
4887.8			0.9214682076462827
4888.7			0.9260887071408015
4889.6			0.8995805744024428
4890.5			0.844491030929599
4891.4			0.8305734333339252
4892.3			0.899092675451479
4893.2			0.9862235104209803
4894.1			1.040121070289374
4895.0			1.0606048956859064
4895.9			1.0562783925746375
4896.8			1.0443649957858676
4897.7			1.0325749065684713
4898.6			1.0033581517692403
4899.5			1.0
4900.4			1.0
4901.3			1.0
4902.2			1.0
4903.1			1.0
4904.0			1.0
4904.9			1.0
4905.8			1.0
4906.7			1.0053650366381899
4907.6			0.9793207973407039
4908.5			0.9419795834695625
4909.4			0.8999456948352087
4910.3			0.8699756791982683
4911.2			0.8829690436536167
4912.1			0.9289953270550433
4913.0			1.0
4913.9			1.0232972894771444
4914.8			1.049557172724643
4915.7			1.0660763134853064
4916.6			1.0402352768582837
4917.5			0.9672021051524007
4918.4			0.8771659175882672
4919.3			0.8061330098348556
4920.2			0.7830757803648309
4921.1			0.8238842702724137
4922.0			0.894922641803815
4922.9			0.9311120241870718
4923.8			0.9227104893032713
4924.7			0.9227641343887448
4925.6			0.9610481100254702
4926.5			1.00063335303069
4927.4			1.0
4928.3			1.0
4929.2			1.0
4930.1			1.0
4931.0			1.0
4931.9			1.0
4932.8			1.0
4933.7			1.0
4934.6			1.0041118812263778
4935.5			1.034002508681017
4936.4			1.008472906922784
4937.3			0.9333398448995269
4938.2			0.8635528594799622
4939.1			0.8517359706612327
4940.0			0.9051815393468182
4940.9			0.967933717617256
4941.8			0.9892941001336638
4942.7			1.0
4943.6			1.0
4944.5			1.0
4945.4			1.0
4946.3			1.0
4947.2			1.0
4948.1			1.0
4949.0			1.0
4949.9			1.0
4950.8			1.0
4951.7			1.0
4952.6			1.0
4953.5			1.0
4954.4			1.0
4955.3			0.9921917695718994
4956.2			0.918957964860325
4957.1			0.8143377042958649
4958.0			0.7984244311452319
4958.9			0.8899613364752815
4959.8			0.9773114850633474
4960.7			0.9956732319930514
4961.6			1.0
4962.5			1.0
4963.4			1.0
4964.3			1.0
4965.2			1.0
4966.1			1.0
4967.0			1.0
4967.9			1.0
4968.8			1.0
4969.7			1.0
4970.6			1.0
4971.5			1.0
4972.4			1.0
4973.3			1.0
4974.2			1.0
4975.1			1.0
4976.0			0.9832223583706805
4976.9			0.9633856792682597
4977.8			0.9383355028225504
4978.7			0.9231526700259266
4979.6			0.9290823151266262
4980.5			0.9331938529955843
4981.4			0.9024329559095322
4982.3			0.8499792413812378
4983.2			0.8253838403700577
4984.1			0.842662650490613
4985.0			0.8799096127984835
4985.9			0.9360731716594939
4986.8			1.003747096865985
4987.7			1.042176525474556
4988.6			1.0360178707904433
4989.5			1.0146594744528035
4990.4			0.9985946091092263
4991.3			1.0
4992.2			1.0
4993.1			1.0
4994.0			1.0
4994.9			1.0
4995.8			1.0
4996.7			1.0
4997.6			1.0
4998.5			1.0
4999.4			1.0
5000.3			1.0
5001.2			1.0
5002.1			1.0
5003.0			1.0
5003.9			1.0
5004.8			1.0
5005.7			0.9546329020254887
5006.6			0.9610123363385246
5007.5			1.0314253514293077
5008.4			1.1026132612466477
5009.3			1.119263695047409
5010.2			1.093026171279515
5011.1			1.0456402373549456
5012.0			0.9864280852716282
5012.9			0.9383086203094385
5013.8			0.9222208494584421
5014.7			0.9501137242074815
5015.6			0.9971072996889525
5016.5			1.0094734969580599
5017.4			0.9827912661321826
5018.3			0.9689044685589634
5019.2			0.9948091258190607
5020.1			1.0243160360258585
5021.0			1.0204292558555914
5021.9			0.9996513161848285
5022.8			1.0
5023.7			1.0
5024.6			1.0
5025.5			1.0
5026.4			1.0
5027.3			1.0
5028.2			1.0
5029.1			1.0
5030.0			1.0
5030.9			1.0
5031.8			1.0
5032.7			1.0
5033.6			1.0
5034.5			1.0
5035.4			1.0
5036.3			1.0
5037.2			1.006082572400302
5038.1			1.0002666714356434
5039.0			0.948410715868872
5039.9			0.8601642216115222
5040.8			0.7846744892984516
5041.7			0.7986358043462164
5042.6			0.8911935477797354
5043.5			0.9695291936797142
5044.4			1.0048365822062215
5045.3			1.0
5046.2			1.0
5047.1			1.0
5048.0			1.0
5048.9			1.0
5049.8			1.0
5050.7			1.0
5051.6			1.0
5052.5			1.0
5053.4			1.0
5054.3			1.0
5055.2			1.0
5056.1			1.0
5057.0			1.0
5057.9			1.0
5058.8			1.0
5059.7			1.0
5060.6			1.0
5061.5			1.0
5062.4			1.0
5063.3			1.0
5064.2			1.0
5065.1			1.0
5066.0			1.0
5066.9			1.0
5067.8			1.0
5068.7			1.0
5069.6			1.0
5070.5			1.0
5071.4			1.0
5072.3			1.0
5073.2			1.0
5074.1			1.0
5075.0			1.0
5075.9			1.0011976626867736
5076.8			1.0216483986423268
5077.7			1.0128608080181187
5078.6			0.9370865429739353
5079.5			0.8515763587263888
5080.4			0.8425637457808528
5081.3			0.9006766148048275
5082.2			0.9483495523224795
5083.1			0.9588999143733277
5084.0			0.9711526833454427
5084.9			1.0000216406398412
5085.8			1.0
5086.7			1.0
5087.6			1.0
5088.5			1.0
5089.4			1.0
5090.3			1.0
5091.2			1.0
5092.1			1.0
5093.0			1.0
5093.9			1.0
5094.8			0.9956825698421119
5095.7			0.9746172966830191
5096.6			0.9329417537504837
5097.5			0.8755587182428113
5098.4			0.8279863762114178
5099.3			0.8344366469640712
5100.2			0.901564963269111
5101.1			0.9751694526619644
5102.0			1.0026115449171389
5102.9			1.0
5103.8			0.9725877790499522
5104.7			0.961883110294484
5105.6			0.9587109035820796
5106.5			0.9394533172237091
5107.4			0.9151352890625629
5108.3			0.9104047186954293
5109.2			0.9079533369253112
5110.1			0.906622386787391
5111.0			0.9335250482202454
5111.9			0.9728018118378533
5112.8			0.9903047113041756
5113.7			1.0
5114.6			0.9952297339823446
5115.5			1.0020613387495383
5116.4			1.0268244175099377
5117.3			1.0516049378466608
5118.2			1.0609081000977243
5119.1			1.0542155208191133
5120.0			1.0330220190243684
5120.9			1.0036856229919286
5121.8			0.9680133225330502
5122.7			0.926062782187631
5123.6			0.8977911329855761
5124.5			0.901242670161988
5125.4			0.9229616804546742
5126.3			0.9414297223954813
5127.2			0.9463309629949751
5128.1			0.9422858784003884
5129.0			0.9403503087362494
5129.9			1.0
5130.8			1.0164712852706186
5131.7			1.0318719927129525
5132.6			1.0424836638911392
5133.5			1.0544123593879395
5134.4			1.079187191243874
5135.3			1.0898548003283093
5136.2			1.0584712399245026
5137.1			1.0171039252833365
5138.0			0.9872232327409213
5138.9			0.9671984587756602
5139.8			0.9855327419701564
5140.7			1.0156281649993797
5141.6			0.9903023303130709
5142.5			0.9499121010590384
5143.4			0.9666532092665059
5144.3			1.0052437728471706
5145.2			1.0080450090863047
5146.1			0.9852630615703861
5147.0			0.9660428155194349
5147.9			0.9741085068185376
5148.8			1.0100049395833077
5149.7			1.030142778215753
5150.6			1.0111607403611331
5151.5			0.9875426782406852
5152.4			0.9825723060191676
5153.3			0.9877448363485083
5154.2			1.0001183991907356
5155.1			1.0
5156.0			1.0
5156.9			1.0
5157.8			1.0
5158.7			1.0
5159.6			1.0
5160.5			1.0
5161.4			1.0
5162.3			1.0
5163.2			1.0
5164.1			0.9897330548618469
5165.0			0.9448469221651729
5165.9			0.8676673510880286
5166.8			0.7804951536348633
5167.7			0.7531144828441865
5168.6			0.8386699058359379
5169.5			0.9891303775275104
5170.4			1.0655306135380944
5171.3			0.9794771952515742
5172.2			1.0
5173.1			1.0
5174.0			1.0
5174.9			1.0
5175.8			1.0
5176.7			1.0
5177.6			1.0
5178.5			1.0
5179.4			1.0
5180.3			0.9878569216869842
5181.2			0.9484771276482797
5182.1			0.8314369957680843
5183.0			0.6771033455868927
5183.9			0.6374697382808794
5184.8			0.759254231890657
5185.7			0.9172223486891622
5186.6			1.0006890317430388
5187.5			1.0035258311243882
5188.4			1.0
5189.3			1.0
5190.2			1.0
5191.1			1.0
5192.0			1.0
5192.9			1.0
5193.8			1.0
5194.7			1.0
5195.6			1.0
5196.5			1.0
5197.4			1.0
5198.3			1.0
5199.2			1.0
5200.1			1.0
5201.0			1.0
5201.9			1.0
5202.8			0.9948117781046965
5203.7			0.9681334066943018
5204.6			0.9100043586905092
5205.5			0.8681409145612362
5206.4			0.8722133581337473
5207.3			0.8755201899909271
5208.2			0.8613756745518133
5209.1			0.8759339226254355
5210.0			0.9174155529430134
5210.9			0.9543234968442478
5211.8			0.9824755554985024
5212.7			1.0035714981963788
5213.6			1.0006761719774633
5214.5			1.0
5215.4			1.0
5216.3			1.0
5217.2			1.0
5218.1			1.0
5219.0			1.0
5219.9			1.0
5220.8			1.0
5221.7			1.0
5222.6			1.0
5223.5			0.9617556407216147
5224.4			0.9106440882977105
5225.3			0.849397549144362
5226.2			0.7875048916928151
5227.1			0.7833688841271655
5228.0			0.8604242251409076
5228.9			0.9424707488904867
5229.8			0.9824161724052523
5230.7			0.9999543603061142
5231.6			1.0
5232.5			1.0
5233.4			1.0
5234.3			1.0
5235.2			1.0
5236.1			1.0
5237.0			1.0
5237.9			1.0
5238.8			1.0
5239.7			1.0
5240.6			1.0
5241.5			0.9949442472434633
5242.4			0.9759122541477676
5243.3			0.9743297583919419
5244.2			0.9998701556105959
5245.1			1.0120277861232105
5246.0			0.9723527183621945
5246.9			0.9167218569444463
5247.8			0.9023660373099494
5248.7			0.9070688303362214
5249.6			0.888687371874411
5250.5			0.8757004039914876
5251.4			0.8974356975423414
5252.3			0.9279497997460955
5253.2			0.9322752214855261
5254.1			0.9029452130566363
5255.0			0.8783034788152576
5255.9			0.9072440828082718
5256.8			0.9677173117277496
5257.7			1.0095892864892457
5258.6			1.0175824726533693
5259.5			1.0
5260.4			0.9639590641212352
5261.3			0.9090135969576049
5262.2			0.8491273789956176
5263.1			0.802130955737633
5264.0			0.7683488398429811
5264.9			0.7382252393464714
5265.8			0.7323540664999937
5266.7			0.7830085647106627
5267.6			0.8328097208571018
5268.5			0.7888638231372209
5269.4			0.7017722970532513
5270.3			0.7108616869847865
5271.2			0.8123820281846222
5272.1			0.8848880427379888
5273.0			0.8923369124979641
5273.9			0.8729534554426721
5274.8			0.8469082034136576
5275.7			0.8509122568229949
5276.6			0.9094872770737861
5277.5			0.9776588638333561
5278.4			1.0
5279.3			0.974161463968066
5280.2			0.933437859642571
5281.1			0.9066115525526772
5282.0			0.8916666096816758
5282.9			0.8695164028013779
5283.8			0.860236796839262
5284.7			0.9049517833053464
5285.6			0.9763176243196331
5286.5			1.0170053285675842
5287.4			1.0138639010124373
5288.3			0.9996861739875481
5289.2			1.0
5290.1			1.0
5291.0			1.0
5291.9			1.0
5292.8			0.9748827670093563
5293.7			0.9689275386263676
5294.6			0.971623998233381
5295.5			0.9530855189875431
5296.4			0.8996602304164377
5297.3			0.8403208152508954
5298.2			0.8325355739945944
5299.1			0.8866602648460935
5300.0			0.9337571521576025
5300.9			0.9350589108186026
5301.8			0.9285017966515532
5302.7			0.9520559829972988
5303.6			0.9973280399056106
5304.5			1.0
5305.4			1.0
5306.3			1.0
5307.2			1.0
5308.1			1.0
5309.0			1.0
5309.9			1.0
5310.8			1.0
5311.7			1.0
5312.6			1.0
5313.5			1.0
5314.4			1.0
5315.3			1.0
5316.2			1.0
5317.1			1.0
5318.0			1.0
5318.9			1.0
5319.8			1.0
5320.7			1.0
5321.6			1.0
5322.5			1.0
5323.4			1.0
5324.3			1.0
5325.2			1.0096706438396168
5326.1			1.0049651770286265
5327.0			0.9190767932425358
5327.9			0.807481505617796
5328.8			0.8020495233663429
5329.7			0.903585370774946
5330.6			0.998835465625029
5331.5			1.021624095037632
5332.4			0.998581592565097
5333.3			1.0
5334.2			1.0
5335.1			1.0
5336.0			1.0
5336.9			1.0
5337.8			0.9973600678098408
5338.7			0.978371677456797
5339.6			0.9235999557642748
5340.5			0.8830076177380614
5341.4			0.9088776219016199
5342.3			0.9649638148390701
5343.2			0.9994750501047441
5344.1			1.0
5345.0			1.0
5345.9			1.0
5346.8			1.0
5347.7			1.0
5348.6			1.0
5349.5			1.0
5350.4			1.0
5351.3			1.0
5352.2			1.0
5353.1			1.0
5354.0			1.0
5354.9			1.0
5355.8			1.0
5356.7			1.0
5357.6			1.0
5358.5			1.0
5359.4			1.0
5360.3			1.0
5361.2			1.0
5362.1			1.0
5363.0			1.0
5363.9			1.0
5364.8			1.0
5365.7			1.0
5366.6			1.0
5367.5			0.991869405500379
5368.4			0.9714894221329841
5369.3			0.9242556427634003
5370.2			0.8626198637036718
5371.1			0.8356328351240686
5372.0			0.8754575155827469
5372.9			0.942032680743464
5373.8			0.9825046189816773
5374.7			0.9948177343712473
5375.6			1.0
5376.5			1.0
5377.4			1.0
5378.3			1.0
5379.2			1.0
5380.1			1.0
5381.0			1.0
5381.9			1.0
5382.8			1.0
5383.7			1.0
5384.6			1.0
5385.5			1.0
5386.4			1.0
5387.3			1.0
5388.2			1.0
5389.1			1.0
5390.0			1.0
5390.9			1.0
5391.8			1.0
5392.7			1.0
5393.6			1.0
5394.5			1.0
5395.4			1.0
5396.3			1.0
5397.2			1.0
5398.1			1.0259408729741866
5399.0			1.0603493392899337
5399.9			1.0622193894100198
5400.8			1.0604933465802389
5401.7			1.0732940576835788
5402.6			1.0603751724985755
5403.5			0.997596154938013
5404.4			0.9226742991648406
5405.3			0.8818615410508418
5406.2			0.8939657467566667
5407.1			0.941374841224546
5408.0			0.9730456739437388
5408.9			0.960626824306221
5409.8			0.9345362512295649
5410.7			0.9428172935752269
5411.6			0.9809875613379859
5412.5			1.0068730026096415
5413.4			1.0
5414.3			1.0
5415.2			1.0
5416.1			1.0
5417.0			1.0
5417.9			1.0
5418.8			1.0
5419.7			1.0
5420.6			1.0
5421.5			1.0187693488498013
5422.4			1.0295129367915739
5423.3			0.9975137813638396
5424.2			0.9680384457716981
5425.1			0.9906164395199994
5426.0			1.0428960971302934
5426.9			1.0754853007021377
5427.8			1.0455105219343634
5428.7			0.9623607486934772
5429.6			0.911467355305278
5430.5			0.940579615018414
5431.4			0.9808526964475971
5432.3			0.9741356060726954
5433.2			0.9426369019540476
5434.1			0.9185449893207895
5435.0			0.9101584411616095
5435.9			0.9182547333336609
5436.8			0.9498290958028329
5437.7			1.0012867182661802
5438.6			1.0
5439.5			1.0
5440.4			1.0
5441.3			1.0
5442.2			1.0
5443.1			1.0
5444.0			0.9763115471842245
5444.9			0.9305185713524736
5445.8			0.8748492715977526
5446.7			0.8518839574800897
5447.6			0.8937221577724195
5448.5			0.960994822565842
5449.4			1.0000003480466437
5450.3			1.0
5451.2			1.0
5452.1			1.0
5453.0			0.9821291816900433
5453.9			0.9414287351547177
5454.8			0.8860908167037858
5455.7			0.8699402714422627
5456.6			0.9159186226390991
5457.5			0.973611550699107
5458.4			0.9993815259944132
5459.3			1.0
5460.2			1.0
5461.1			1.0
5462.0			1.0
5462.9			1.0
5463.8			1.0
5464.7			1.0
5465.6			1.0
5466.5			1.0
5467.4			1.0
5468.3			1.0
5469.2			1.0
5470.1			1.0
5471.0			1.0
5471.9			1.0
5472.8			0.9844428208051141
5473.7			0.978541977310139
5474.6			0.9813226543995726
5475.5			0.9458339086091162
5476.4			0.8932684340933859
5477.3			0.9017196835859235
5478.2			0.971003658250873
5479.1			1.0201243340033028
5480.0			1.000852726778607
5480.9			1.0
5481.8			1.0
5482.7			1.0
5483.6			1.0
5484.5			1.0
5485.4			1.0
5486.3			1.0
5487.2			1.0
5488.1			1.0
5489.0			1.0
5489.9			1.0
5490.8			1.0
5491.7			1.0
5492.6			1.0
5493.5			1.0
5494.4			1.0
5495.3			1.0
5496.2			1.0
5497.1			1.0
5498.0			1.0
5498.9			1.0
5499.8			1.0
5500.7			1.0
5501.6			1.0
5502.5			1.0
5503.4			1.0
5504.3			1.0
5505.2			1.0
5506.1			1.0
5507.0			1.0012436060847445
5507.9			1.0257850458529425
5508.8			1.0330026069916882
5509.7			1.018932741086338
5510.6			0.9973258884258601
5511.5			0.9647770401436419
5512.4			0.9358959799802612
5513.3			0.9339977354204778
5514.2			0.952863437260321
5515.1			0.9687116769969915
5516.0			0.9722693256283365
5516.9			0.9777672382066943
5517.8			0.9957451552893329
5518.7			1.0
5519.6			1.0
5520.5			1.0
5521.4			1.0
5522.3			1.0
5523.2			1.0
5524.1			1.0
5525.0			0.986679327754666
5525.9			0.9708625548186401
5526.8			0.9482699792202974
5527.7			0.9208080043137958
5528.6			0.9205039623968282
5529.5			0.9568330818021724
5530.4			0.9941278574823698
5531.3			1.005507851664663
5532.2			0.9995863034157082
5533.1			1.0
5534.0			1.0
5534.9			1.0
5535.8			1.0
5536.7			1.0
5537.6			1.0
5538.5			1.0
5539.4			1.0
5540.3			1.0
5541.2			1.0
5542.1			1.0
5543.0			1.0
5543.9			1.0
5544.8			1.0
5545.7			1.0
5546.6			1.0
5547.5			1.0
5548.4			1.0
5549.3			1.0
5550.200000000001			1.0
5551.1			1.0
5552.0			1.0
5552.9			1.0
5553.8			1.0
5554.700000000001			1.0
5555.6			1.0
5556.5			1.0
5557.4			1.0
5558.3			1.0
5559.200000000001			1.0
5560.1			1.0
5561.0			1.0
5561.9			1.0
5562.8			1.0
5563.700000000001			1.0
5564.6			1.0
5565.5			1.0
5566.4			1.0
5567.3			1.0
5568.200000000001			1.0
5569.1			1.0
5570.0			1.0
5570.9			1.0
5571.8			1.0
5572.700000000001			1.0
5573.6			1.0
5574.5			1.0
5575.4			1.0
5576.3			1.0
5577.200000000001			1.0
5578.1			1.0
5579.0			0.9987407098595072
5579.9			1.006287737873667
5580.8			1.0069984631819588
5581.700000000001			0.9977426032858072
5582.6			0.9951390745937705
5583.5			0.9999489617513682
5584.4			0.9962620653339586
5585.3			0.9680636844459163
5586.200000000001			0.9179467177045714
5587.1			0.8746643875841659
5588.0			0.8617907301934441
5588.9			0.8771720035881263
5589.8			0.907171936257229
5590.700000000001			0.9362687354825983
5591.6			0.9509321905703083
5592.5			0.9491227013103751
5593.4			0.9333356641343836
5594.3			0.9251913205281129
5595.200000000001			0.9555707033091321
5596.1			0.999003783068617
5597.0			1.0
5597.9			0.9605064941895343
5598.8			0.932641021227578
5599.700000000001			0.924253851537488
5600.6			0.9121464240364141
5601.5			0.8884497197511617
5602.4			0.8738803612623455
5603.3			0.896702667285114
5604.200000000001			0.9507224800923525
5605.1			0.9942671738589823
5606.0			1.006779980697464
5606.9			1.0016654963941707
5607.8			1.0
5608.700000000001			1.0
5609.6			1.0
5610.5			1.0
5611.4			1.0
5612.3			1.0
5613.200000000001			0.9931883151566773
5614.1			0.940929186565991
5615.0			0.8778166014383884
5615.9			0.876223705742018
5616.8			0.9329203180028262
5617.700000000001			0.9843259447421997
5618.6			0.9993537321848943
5619.5			1.0
5620.4			1.0
5621.3			1.0
5622.200000000001			1.0
5623.1			1.0
5624.0			1.0
5624.9			1.0
5625.8			1.0
5626.700000000001			1.0
5627.6			1.0
5628.5			1.0
5629.4			1.0
5630.3			1.0
5631.200000000001			1.0
5632.1			1.0
5633.0			1.0
5633.9			1.0
5634.8			1.0
5635.700000000001			1.0
5636.6			1.0
5637.5			1.0
5638.4			1.0
5639.3			1.0
5640.200000000001			1.0
5641.1			1.0
5642.0			1.0
5642.9			1.0
5643.8			1.0
5644.700000000001			1.0
5645.6			1.0
5646.5			1.0
5647.4			1.0
5648.3			1.0
5649.200000000001			1.0
5650.1			1.0
5651.0			1.0
5651.9			1.0198966997562586
5652.8			1.0201598671807595
5653.700000000001			0.9913287251257749
5654.6			0.9635191559674978
5655.5			0.9728727529477667
5656.4			0.9900544604760182
5657.3			0.9500859602365511
5658.200000000001			0.8900966659239289
5659.1			0.8939762942022395
5660.0			0.9438095529967827
5660.9			0.9662054981741117
5661.8			0.9516194372940909
5662.700000000001			0.9464655477861275
5663.6			0.9700153678521769
5664.5			1.0002503773438145
5665.4			1.0
5666.3			1.0
5667.200000000001			1.0
5668.1			1.0
5669.0			1.0
5669.9			1.0
5670.8			1.0
5671.700000000001			1.0
5672.6			1.0
5673.5			1.0
5674.4			1.0
5675.3			1.0
5676.200000000001			1.0
5677.1			1.0
5678.0			1.0
5678.9			1.0
5679.8			1.0
5680.700000000001			1.0
5681.6			1.0
5682.5			1.0
5683.4			1.0
5684.3			1.0
5685.200000000001			1.0
5686.1			1.0
5687.0			1.0
5687.9			1.0
5688.8			1.0
5689.700000000001			1.0
5690.6			1.0
5691.5			1.0
5692.4			1.0
5693.3			1.0
5694.200000000001			1.0
5695.1			1.0
5696.0			1.0
5696.9			1.0
5697.8			1.0
5698.700000000001			1.0
5699.6			1.0
5700.5			0.9839021592983737
5701.4			0.963843455295097
5702.3			0.9670870329917676
5703.200000000001			0.9891017135506034
5704.1			0.9998143482928443
5705.0			0.980519893616401
5705.9			0.9514858721029728
5706.8			0.9338440032541556
5707.700000000001			0.9173069794219177
5708.6			0.8961545230949907
5709.5			0.8939985316280875
5710.4			0.9029045863483152
5711.3			0.9023519724680169
5712.200000000001			0.9179462252065599
5713.1			0.9538692114011922
5714.0			0.9766589528621042
5714.9			0.9881194766202873
5715.8			1.0005026518211264
5716.700000000001			1.0019887317370617
5717.6			1.0
5718.5			1.0
5719.4			1.0
5720.3			1.0
5721.200000000001			1.0
5722.1			1.0
5723.0			1.0
5723.9			1.0
5724.8			1.0
5725.700000000001			1.0
5726.6			1.0
5727.5			1.0
5728.4			1.0
5729.3			1.0
5730.200000000001			1.0
5731.1			1.0
5732.0			1.0
5732.9			1.0
5733.8			1.0
5734.700000000001			1.0
5735.6			1.0
5736.5			1.0
5737.4			1.0
5738.3			1.0
5739.200000000001			1.0
5740.1			1.0
5741.0			1.0
5741.9			1.0
5742.8			1.0
5743.700000000001			1.0
5744.6			1.0
5745.5			1.0
5746.4			1.0
5747.3			1.0
5748.200000000001			1.0
5749.1			1.0
5750.0			1.025593631132436
5750.9			1.0225364804352945
5751.8			0.9878943979691037
5752.700000000001			0.9421538003624172
5753.6			0.910755917092723
5754.5			0.9171318592142246
5755.4			0.9536410452827119
5756.3			0.9843522858873928
5757.200000000001			0.9969551485020607
5758.1			1.0
5759.0			1.0
5759.9			1.0
5760.8			1.0
5761.700000000001			1.0
5762.6			1.0
5763.5			1.0
5764.4			1.0
5765.3			1.0
5766.200000000001			1.0
5767.1			1.0
5768.0			1.0
5768.9			1.0
5769.8			1.0
5770.700000000001			1.0
5771.6			1.0
5772.5			1.0
5773.4			1.0
5774.3			0.990632184698987
5775.200000000001			0.9917521343096308
5776.1			1.0093233319297967
5777.0			1.0203282477334237
5777.9			1.0160029474776995
5778.8			0.9989093798157053
5779.700000000001			0.9616249871596836
5780.6			0.9140076555938406
5781.5			0.890679392732707
5782.4			0.9040141610061599
5783.3			0.9198656919907395
5784.200000000001			0.9127005486919172
5785.1			0.9041812491335314
5786.0			0.9259575490572959
5786.9			0.9631251716608407
5787.8			0.987611025043888
5788.700000000001			0.9999133019390333
5789.6			1.0
5790.5			1.0
5791.4			1.0
5792.3			1.0
5793.200000000001			1.0
5794.1			1.0
5795.0			1.0
5795.9			1.0
5796.8			1.0
5797.700000000001			1.0
5798.6			1.0
5799.5			1.0
5800.4			1.0
5801.3			1.0
5802.200000000001			1.0
5803.1			1.0
5804.0			1.0
5804.9			1.0
5805.8			1.0
5806.700000000001			1.0
5807.6			1.0
5808.5			1.0
5809.4			1.0
5810.3			1.0
5811.200000000001			1.0
5812.1			1.0
5813.0			1.0
5813.9			1.0
5814.8			1.0
5815.700000000001			1.0
5816.6			1.0
5817.5			1.0
5818.4			1.0
5819.3			1.0
5820.200000000001			1.0
5821.1			1.0
5822.0			1.0
5822.9			1.0
5823.8			1.0
5824.700000000001			1.0
5825.6			1.0
5826.5			1.0
5827.4			1.0
5828.3			1.0
5829.200000000001			1.0
5830.1			1.0
5831.0			1.0
5831.9			1.0
5832.8			1.0
5833.700000000001			1.0
5834.6			1.0
5835.5			1.0
5836.4			1.0
5837.3			1.0
5838.200000000001			1.0
5839.1			1.0
5840.0			1.0
5840.9			1.0
5841.8			1.0
5842.700000000001			1.0
5843.6			1.0
5844.5			1.0
5845.4			1.0
5846.3			1.0
5847.200000000001			1.0
5848.1			1.0
5849.0			1.0
5849.9			1.0
5850.8			1.0
5851.700000000001			1.0
5852.6			1.0
5853.5			1.0
5854.4			1.0098226504079308
5855.3			1.0154897210361908
5856.200000000001			0.9935496908409281
5857.1			0.9585889812709566
5858.0			0.9473802781664364
5858.9			0.9656828450790647
5859.8			0.9907787642545268
5860.700000000001			1.0056776615394944
5861.6			1.0019339318063805
5862.5			1.0
5863.4			1.0
5864.3			1.0
5865.200000000001			1.0
5866.1			1.0
5867.0			1.0
5867.9			1.0
5868.8			1.0
5869.700000000001			1.0
5870.6			1.0
5871.5			1.0
5872.4			1.0
5873.3			1.0
5874.200000000001			1.0
5875.1			1.0
5876.0			1.0
5876.9			1.0
5877.8			1.0
5878.700000000001			1.0
5879.6			1.0
5880.5			1.0
5881.4			1.0
5882.3			1.0
5883.200000000001			1.0
5884.1			1.0
5885.0			1.0
5885.9			1.0
5886.8			1.0058054204144338
5887.700000000001			0.9725972751254524
5888.6			0.8765926198495257
5889.5			0.775369023228506
5890.4			0.7773782354988913
5891.3			0.869453474185723
5892.200000000001			0.9562749963569407
5893.1			1.0062333267609196
5894.0			1.009878596708554
5894.9			1.0
5895.8			1.0
5896.700000000001			1.0
5897.6			1.0
5898.5			1.0
5899.4			1.0
5900.3			1.0
5901.200000000001			1.0
5902.1			1.0
5903.0			1.0
5903.9			1.0
5904.8			1.0
5905.700000000001			1.0
5906.6			1.0
5907.5			1.0
5908.4			1.0
5909.3			1.0
5910.200000000001			1.0
5911.1			1.0
5912.0			1.0
5912.9			1.0
5913.8			1.0
5914.700000000001			1.0
5915.6			1.0
5916.5			1.0
5917.4			1.0
5918.3			1.0
5919.200000000001			1.0
5920.1			1.0
5921.0			1.0
5921.9			1.0
5922.8			1.0
5923.700000000001			1.0
5924.6			1.0
5925.5			1.0
5926.4			1.0
5927.3			1.0
5928.200000000001			1.0
5929.1			1.0
5930.0			1.0
5930.9			1.0
5931.8			1.0
5932.700000000001			1.0
5933.6			1.0
5934.5			1.0
5935.4			1.0
5936.3			1.0
5937.200000000001			1.0
5938.1			1.0
5939.0			1.0
5939.9			1.0
5940.8			1.0
5941.700000000001			1.0
5942.6			1.0
5943.5			1.0
5944.4			1.0
5945.3			1.0
5946.200000000001			1.0
5947.1			1.0
5948.0			1.0
5948.9			1.0
5949.8			1.0
5950.700000000001			1.0
5951.6			1.0
5952.5			1.0
5953.4			1.0
5954.3			1.0
5955.200000000001			1.0
5956.1			1.0
5957.0			1.0
5957.9			1.0
5958.8			1.0
5959.700000000001			1.0
5960.6			1.0
5961.5			1.0
5962.4			1.0
5963.3			1.0
5964.200000000001			1.0
5965.1			1.0
5966.0			1.0
5966.9			1.0
5967.8			1.0
5968.700000000001			1.0
5969.6			1.0
5970.5			1.0
5971.4			1.0
5972.3			1.0
5973.200000000001			1.0
5974.1			1.0
5975.0			1.0
5975.9			1.0
5976.8			1.0
5977.700000000001			1.0
5978.6			1.0
5979.5			1.0
5980.4			1.0
5981.3			1.0
5982.200000000001			1.0
5983.1			1.0
5984.0			1.0
5984.9			1.0
5985.8			1.0
5986.700000000001			1.0
5987.6			1.0
5988.5			1.0
5989.4			1.0
5990.3			1.0
5991.200000000001			1.0
5992.1			1.0
5993.0			1.0
5993.9			1.0
5994.8			1.0
5995.700000000001			1.0
5996.6			1.0
5997.5			1.0
5998.4			1.0
5999.3			1.0
6000.200000000001			1.0
6001.1			1.0
6002.0			1.0
6002.9			1.0
6003.8			1.0
6004.700000000001			1.0
6005.6			1.0
6006.5			1.0
6007.4			1.0
6008.3			1.0
6009.200000000001			1.0
6010.1			1.0
6011.0			1.0
6011.9			1.0
6012.8			1.0
6013.700000000001			1.0
6014.6			1.0
6015.5			1.0
6016.4			1.0
6017.3			1.0
6018.200000000001			1.0
6019.1			1.0
6020.0			1.0
6020.9			1.0
6021.8			1.0
6022.700000000001			1.0
6023.6			1.0
6024.5			1.0
6025.4			1.0
6026.3			1.0
6027.200000000001			1.0
6028.1			1.0
6029.0			1.0
6029.9			1.0
6030.8			1.0
6031.700000000001			1.0
6032.6			1.0
6033.5			1.0
6034.4			1.0
6035.3			1.0
6036.200000000001			1.0
6037.1			1.0
6038.0			1.0
6038.9			1.0
6039.8			1.0
6040.700000000001			1.0
6041.6			1.0
6042.5			1.0
6043.4			1.0
6044.3			1.0
6045.200000000001			1.0
6046.1			1.0
6047.0			1.0
6047.9			1.0
6048.8			1.0
6049.700000000001			1.0
6050.6			1.0
6051.5			1.0
6052.4			1.0
6053.3			1.0
6054.200000000001			1.0
6055.1			1.0
6056.0			1.0
6056.9			1.0
6057.8			1.0
6058.700000000001			1.0
6059.6			1.0
6060.5			1.0
6061.4			1.0
6062.3			1.0
6063.200000000001			1.0
6064.1			1.0
6065.0			1.0
6065.9			1.0
6066.8			1.0
6067.700000000001			1.0
6068.6			1.0
6069.5			1.0
6070.4			1.0
6071.3			1.0
6072.200000000001			1.0
6073.1			1.0
6074.0			1.0
6074.9			1.0
6075.8			1.0
6076.700000000001			1.0
6077.6			1.0
6078.5			1.0
6079.4			1.0
6080.3			1.0
6081.200000000001			1.0
6082.1			1.0
6083.0			1.0
6083.9			1.0
6084.8			1.0
6085.700000000001			1.0
6086.6			1.0
6087.5			1.0
6088.4			1.0
6089.3			1.0
6090.200000000001			1.0
6091.1			1.0
6092.0			1.0
6092.9			1.0
6093.8			1.0
6094.700000000001			1.0
6095.6			1.0
6096.5			1.0
6097.4			1.0
6098.3			1.0
6099.200000000001			1.0
6100.1			1.0022646087182463
6101.0			0.9699258336733629
6101.9			0.9128825991760781
6102.8			0.8892493502464711
6103.700000000001			0.9271389784555906
6104.6			0.9789884202440894
6105.5			1.0012261095695627
6106.4			1.0
6107.3			1.0
6108.200000000001			1.0
6109.1			1.0
6110.0			1.0
6110.9			1.0
6111.8			1.0
6112.700000000001			1.0
6113.6			1.0
6114.5			1.0
6115.4			1.0
6116.3			1.0
6117.200000000001			1.0
6118.1			1.0
6119.0			1.0
6119.9			1.0
6120.8			1.0
6121.700000000001			1.0
6122.6			1.0
6123.5			1.0
6124.4			1.0
6125.3			1.0
6126.200000000001			1.0
6127.1			1.0
6128.0			1.0
6128.9			1.0
6129.8			1.0
6130.700000000001			1.0
6131.6			1.0
6132.5			1.0
6133.4			1.0
6134.3			0.9869185760948787
6135.200000000001			0.940492321801413
6136.1			0.872017895679612
6137.0			0.8393645642264391
6137.9			0.8821287172291304
6138.8			0.9589564914250082
6139.700000000001			1.0003123696219245
6140.6			1.0
6141.5			1.0
6142.4			1.0
6143.3			1.0
6144.200000000001			1.0
6145.1			1.0
6146.0			1.0
6146.9			1.0
6147.8			1.0
6148.700000000001			1.0
6149.6			1.0
6150.5			1.0
6151.4			1.0
6152.3			1.0
6153.200000000001			1.0
6154.1			1.0
6155.0			1.0
6155.9			1.0
6156.8			1.0
6157.700000000001			1.0
6158.6			1.0098841636363975
6159.5			0.9980774568262132
6160.4			0.9504227645096
6161.3			0.893757785731756
6162.200000000001			0.8717806865053637
6163.1			0.8959218729553194
6164.0			0.9421595261699974
6164.9			0.9791985283209959
6165.8			0.9997682294118223
6166.700000000001			1.0
6167.6			1.0
6168.5			1.0
6169.4			1.0
6170.3			1.0
6171.200000000001			1.0
6172.1			1.0
6173.0			1.0
6173.9			1.0
6174.8			1.0
6175.700000000001			1.0
6176.6			1.0
6177.5			1.0
6178.4			1.0
6179.3			1.0
6180.200000000001			1.0
6181.1			1.0
6182.0			1.0
6182.9			1.0
6183.8			1.0
6184.700000000001			1.0
6185.6			1.0
6186.5			1.0
6187.4			1.0
6188.3			1.0
6189.200000000001			1.0
6190.1			1.0
6191.0			1.0
6191.9			1.0
6192.8			1.0
6193.700000000001			1.0
6194.6			1.0
6195.5			1.0
6196.4			1.0
6197.3			1.0
6198.200000000001			1.0
6199.1			1.0
6200.0			1.0
6200.9			1.0
6201.8			1.0
6202.700000000001			1.0
6203.6			1.0
6204.5			1.0
6205.4			1.0
6206.3			1.0
6207.200000000001			1.0
6208.1			1.0
6209.0			1.0
6209.9			1.0
6210.8			1.0
6211.700000000001			1.0
6212.6			1.0
6213.5			1.0
6214.4			1.0
6215.3			1.0
6216.200000000001			1.0
6217.1			1.0
6218.0			1.0
6218.9			1.0
6219.8			1.0
6220.700000000001			1.0
6221.6			1.0
6222.5			1.0
6223.4			1.0
6224.3			1.0
6225.200000000001			1.0
6226.1			1.0
6227.0			1.0000793524587537
6227.9			0.9942445870765985
6228.8			0.9675235901366436
6229.700000000001			0.9259698278958163
6230.6			0.9029047459679258
6231.5			0.9134170601801711
6232.4			0.9403686479511557
6233.3			0.9701689906681722
6234.200000000001			1.00003507199801
6235.1			1.0
6236.0			1.0
6236.9			1.0
6237.8			1.0
6238.700000000001			1.0
6239.6			1.0
6240.5			1.0
6241.4			1.0
6242.3			1.0
6243.200000000001			1.0
6244.1			1.0
6245.0			1.0
6245.9			1.0
6246.8			1.0
6247.700000000001			1.0
6248.6			1.021322716384583
6249.5			1.0254905250020143
6250.4			1.0124221703909881
6251.3			0.981391246079393
6252.200000000001			0.9498995767311131
6253.1			0.9356356375410231
6254.0			0.936393507924609
6254.9			0.9415296037603784
6255.8			0.9416146839402154
6256.700000000001			0.9366805045986893
6257.6			0.9304985470345625
6258.5			0.9374239511349316
6259.4			0.9613024771948188
6260.3			0.9810258265721
6261.200000000001			0.9918227791150785
6262.1			1.0079873470410892
6263.0			1.0194747405153248
6263.9			1.0045966038283891
6264.8			0.9771080349895411
6265.700000000001			0.9757454377813739
6266.6			0.9999962525372785
6267.5			1.0
6268.4			1.0
6269.3			1.0
6270.200000000001			1.0
6271.1			1.0
6272.0			1.0
6272.9			1.0
6273.8			1.0
6274.700000000001			1.0
6275.6			1.0
6276.5			1.0
6277.4			1.0
6278.3			1.0
6279.200000000001			1.0
6280.1			1.0
6281.0			1.0
6281.9			1.0
6282.8			1.0
6283.700000000001			1.0
6284.6			1.0
6285.5			1.0
6286.4			1.0
6287.3			1.0
6288.200000000001			1.0
6289.1			1.0
6290.0			1.0
6290.9			1.0
6291.8			1.0
6292.700000000001			1.0
6293.6			1.0
6294.5			1.0
6295.4			1.0
6296.3			1.0
6297.200000000001			1.0
6298.1			1.0
6299.0			1.0
6299.9			1.0
6300.8			1.0
6301.700000000001			1.0
6302.6			1.0
6303.5			1.0
6304.4			1.0
6305.3			1.0
6306.200000000001			1.0
6307.1			1.0
6308.0			1.0
6308.9			1.0
6309.8			1.0
6310.700000000001			1.0
6311.6			1.0
6312.5			1.0
6313.4			1.0
6314.3			1.0
6315.200000000001			1.0
6316.1			1.0
6317.0			1.0
6317.9			1.0
6318.8			1.0
6319.700000000001			1.0
6320.6			1.0
6321.5			1.0
6322.4			1.0
6323.3			1.0
6324.200000000001			1.0
6325.1			1.0
6326.0			1.0
6326.9			1.0
6327.8			1.0
6328.700000000001			1.0
6329.6			1.0
6330.5			1.0
6331.4			1.0
6332.3			1.0
6333.200000000001			1.0
6334.1			1.0
6335.0			1.0
6335.9			1.0
6336.8			1.0
6337.700000000001			1.0
6338.6			1.0
6339.5			1.0
6340.4			1.0
6341.3			1.0
6342.200000000001			1.0
6343.1			1.0
6344.0			1.0
6344.9			1.0
6345.8			1.0
6346.700000000001			1.0
6347.6			1.0
6348.5			1.0
6349.4			1.0
6350.3			1.0
6351.200000000001			1.0
6352.1			1.0
6353.0			1.0
6353.9			1.0
6354.8			1.0
6355.700000000001			1.0
6356.6			1.0
6357.5			1.0
6358.4			1.0
6359.3			1.0
6360.200000000001			1.0
6361.1			1.0
6362.0			1.0
6362.9			1.0
6363.8			1.0
6364.700000000001			1.0
6365.6			1.0
6366.5			1.0
6367.4			1.0
6368.3			1.0
6369.200000000001			1.0
6370.1			1.0
6371.0			1.0
6371.9			1.0
6372.8			1.0
6373.700000000001			1.0
6374.6			1.0
6375.5			1.0
6376.4			1.0
6377.3			1.0
6378.200000000001			1.0
6379.1			1.0
6380.0			1.0
6380.9			1.0
6381.8			1.0
6382.700000000001			1.0
6383.6			1.0
6384.5			1.0
6385.4			1.0
6386.3			1.0
6387.200000000001			1.0
6388.1			1.0
6389.0			1.0
6389.9			1.0
6390.8			1.0
6391.700000000001			1.0
6392.6			1.0
6393.5			1.0
6394.4			1.0
6395.3			1.0
6396.200000000001			1.0
6397.1			1.0057992054448737
6398.0			0.9880282868730582
6398.9			0.93769350841971
6399.8			0.89586330924482
6400.700000000001			0.9153466823154283
6401.6			0.9679580141335142
6402.5			1.000197087342036
6403.4			1.0
6404.3			1.0
6405.200000000001			1.0
6406.1			1.0
6407.0			1.0
6407.9			1.0
6408.8			1.0
6409.700000000001			1.0
6410.6			1.0
6411.5			1.0
6412.4			1.0
6413.3			1.0
6414.200000000001			1.0
6415.1			1.0
6416.0			1.0
6416.9			1.0
6417.8			1.0
6418.700000000001			1.0
6419.6			1.0
6420.5			1.0
6421.4			1.0
6422.3			1.0
6423.200000000001			1.0
6424.1			1.0
6425.0			1.0
6425.9			1.0
6426.8			1.0
6427.700000000001			1.0
6428.6			1.0
6429.5			1.0
6430.4			1.0
6431.3			1.0
6432.200000000001			1.0
6433.1			1.0
6434.0			1.0
6434.9			1.0
6435.8			1.0
6436.700000000001			1.0
6437.6			1.0
6438.5			1.0
6439.4			1.0
6440.3			1.0
6441.200000000001			1.0
6442.1			1.0
6443.0			1.0
6443.9			1.0
6444.8			1.0
6445.700000000001			1.0
6446.6			1.0
6447.5			0.9890486210995271
6448.4			0.9444257249692108
6449.3			0.8920335309012905
6450.200000000001			0.8870531809843581
6451.1			0.9337670017453785
6452.0			0.9813026511018474
6452.9			1.0010458011301255
6453.8			1.0
6454.700000000001			1.0
6455.6			1.0
6456.5			1.0
6457.4			1.0
6458.3			1.0
6459.200000000001			1.0
6460.1			1.0
6461.0			1.0
6461.9			1.0
6462.8			1.0
6463.700000000001			1.0
6464.6			1.0
6465.5			1.0
6466.4			1.0
6467.3			1.0
6468.200000000001			1.0
6469.1			1.0
6470.0			1.0
6470.9			1.0
6471.8			1.0
6472.700000000001			1.0
6473.6			1.0
6474.5			1.0
6475.4			1.0
6476.3			1.0
6477.200000000001			1.0
6478.1			1.0
6479.0			1.0
6479.9			1.0
6480.8			1.0
6481.700000000001			1.0
6482.6			1.0
6483.5			1.0
6484.4			1.0
6485.3			1.0
6486.200000000001			1.0
6487.1			1.0
6488.0			1.0
6488.9			1.0
6489.8			0.9898100592343361
6490.700000000001			0.9796831335972318
6491.6			0.9731281836746377
6492.5			0.9522881893615305
6493.4			0.9063444338212961
6494.3			0.860569478082813
6495.200000000001			0.8472395947157962
6496.1			0.8672290164173386
6497.0			0.90687778076546
6497.9			0.9417780581769605
6498.8			0.9597764431322371
6499.700000000001			0.9775055788190641
6500.6			1.0024101716918206
6501.5			1.0
6502.4			1.0
6503.3			1.0
6504.200000000001			1.0
6505.1			1.0
6506.0			1.0
6506.9			1.0
6507.8			1.0
6508.700000000001			1.0
6509.6			1.0
6510.5			1.0
6511.4			1.0
6512.3			1.0
6513.200000000001			1.0
6514.1			1.0
6515.0			1.0
6515.9			1.0
6516.8			1.0
6517.700000000001			1.0
6518.6			1.0
6519.5			1.0
6520.4			1.0
6521.3			1.0
6522.200000000001			1.0
6523.1			1.0
6524.0			1.0
6524.9			1.0
6525.8			1.0
6526.700000000001			1.0
6527.6			1.0
6528.5			1.0
6529.4			1.0
6530.3			1.0
6531.200000000001			1.0
6532.1			1.0
6533.0			1.0
6533.9			1.0
6534.8			1.0
6535.700000000001			1.0
6536.6			1.0
6537.5			1.0
6538.4			1.0
6539.3			1.0
6540.200000000001			1.0
6541.1			1.0
6542.0			1.0
6542.9			1.0
6543.8			1.0
6544.700000000001			1.0
6545.6			1.0
6546.5			1.0
6547.4			1.0
6548.3			1.0
6549.200000000001			1.0
6550.1			1.0
6551.0			1.0
6551.9			1.0
6552.8			1.0
6553.700000000001			1.0
6554.6			1.0
6555.5			1.0
6556.4			1.0
6557.3			1.0
6558.200000000001			1.0
6559.1			1.0
6560.0			0.9664685163089493
6560.9			0.8748061635390105
6561.8			0.7269395493234361
6562.700000000001			0.6429963275385463
6563.6			0.7213473070278874
6564.5			0.8840445045009461
6565.4			0.9990738983192355
6566.3			1.0
6567.200000000001			1.0
6568.1			1.0
6569.0			1.0
6569.9			1.0
6570.8			1.0
6571.700000000001			1.0
6572.6			1.0
6573.5			1.0
6574.4			1.0
6575.3			1.0
6576.200000000001			1.0
6577.1			1.0
6578.0			1.0
6578.9			1.0
6579.8			1.0
6580.700000000001			1.0
6581.6			1.0
6582.5			1.0
6583.4			1.0
6584.3			1.0
6585.200000000001			1.0
6586.1			1.0
6587.0			1.0
6587.9			1.0
6588.8			1.0
6589.700000000001			1.0
6590.6			1.0
6591.5			1.0
6592.4			1.0
6593.3			1.0
6594.200000000001			1.0
6595.1			1.0
6596.0			1.0
6596.9			1.0
6597.8			1.0
6598.700000000001			1.0
6599.6			1.0
6600.5			1.0
6601.4			1.0
6602.3			1.0
6603.200000000001			1.0
6604.1			1.0
6605.0			1.0
6605.9			1.0
6606.8			1.0
6607.700000000001			1.0
6608.6			1.0
6609.5			1.0
6610.4			1.0
6611.3			1.0
6612.200000000001			1.0
6613.1			1.0
6614.0			1.0
6614.9			1.0
6615.8			1.0
6616.700000000001			1.0
6617.6			0.9984770429382849
6618.5			1.0039523315534191
6619.4			1.0139684775233346
6620.3			1.0222709096033236
6621.200000000001			1.0268855359076827
6622.1			1.0257599699990803
6623.0			1.0154797723886613
6623.9			1.0023041479349584
6624.8			1.0001205219425089
6625.700000000001			1.0
6626.6			1.0
6627.5			1.0
6628.4			1.0
6629.3			1.0
6630.200000000001			1.0
6631.1			1.0
6632.0			1.0
6632.9			1.0
6633.8			1.0
6634.700000000001			1.0
6635.6			1.0
6636.5			1.0
6637.4			1.0
6638.3			1.0
6639.200000000001			1.0
6640.1			1.0
6641.0			1.0
6641.9			1.0
6642.8			1.0
6643.700000000001			1.0
6644.6			1.0
6645.5			1.0
6646.4			1.0
6647.3			1.0
6648.200000000001			1.0
6649.1			1.0
6650.0			1.0
6650.9			1.0
6651.8			1.0
6652.700000000001			1.0
6653.6			1.0
6654.5			1.0
6655.4			1.0
6656.3			1.0
6657.200000000001			1.0
6658.1			1.0
6659.0			1.0
6659.9			1.0
6660.8			1.0
6661.700000000001			1.0
6662.6			1.0
6663.5			1.0
6664.4			1.0
6665.3			1.0
6666.200000000001			1.0
6667.1			1.0
6668.0			1.0
6668.9			1.0
6669.8			1.0
6670.700000000001			1.0
6671.6			1.0
6672.5			1.0
6673.4			1.0
6674.3			1.0
6675.200000000001			1.0
6676.1			1.0
6677.0			1.0
6677.9			1.0
6678.8			1.0
6679.700000000001			1.0
6680.6			1.0
6681.5			1.0
6682.4			1.0
6683.3			1.0
6684.200000000001			1.0
6685.1			1.0
6686.0			1.0
6686.9			1.0
6687.8			1.0
6688.700000000001			1.0
6689.6			1.0
6690.5			1.0
6691.4			1.0
6692.3			1.0
6693.200000000001			1.0
6694.1			1.0
6695.0			1.0
6695.9			1.0
6696.8			1.0
6697.700000000001			1.0
6698.6			1.0
6699.5			1.0
6700.4			1.0
6701.3			1.0
6702.200000000001			1.0
6703.1			1.0
6704.0			1.0
6704.9			1.0
6705.8			1.0
6706.700000000001			1.0
6707.6			1.0
6708.5			1.0
6709.4			1.0
6710.3			1.0
6711.200000000001			1.0
6712.1			1.0
6713.0			1.0
6713.9			1.0
6714.8			1.0
6715.700000000001			1.0
6716.6			1.0
6717.5			1.0
6718.4			1.0
6719.3			1.0
6720.200000000001			1.0
6721.1			1.0
6722.0			1.0
6722.9			1.0
6723.8			1.0
6724.700000000001			1.0
6725.6			1.0
6726.5			1.0
6727.4			1.0
6728.3			1.0
6729.200000000001			1.0
6730.1			1.0
6731.0			1.0
6731.9			1.0
6732.8			1.0
6733.700000000001			1.0
6734.6			1.0
6735.5			1.0
6736.4			1.0
6737.3			1.0
6738.200000000001			1.0
6739.1			1.0
6740.0			1.0
6740.9			1.0
6741.8			1.0
6742.700000000001			1.0
6743.6			1.0
6744.5			1.0
6745.4			1.0
6746.3			1.0
6747.200000000001			1.0
6748.1			1.0
6749.0			1.0
6749.9			1.0
6750.8			1.0
6751.700000000001			1.0
6752.6			1.0
6753.5			1.0
6754.4			1.0
6755.3			1.0
6756.200000000001			1.0
6757.1			1.0
6758.0			1.0
6758.9			1.0
6759.8			1.0
6760.700000000001			1.0
6761.6			1.0
6762.5			1.0
6763.4			1.0
6764.3			1.0
6765.200000000001			1.0
6766.1			1.0
6767.0			1.0
6767.9			1.0
6768.8			1.0
6769.700000000001			1.0
6770.6			1.0
6771.5			1.0
6772.4			1.0
6773.3			1.0
6774.200000000001			1.0
6775.1			1.0
6776.0			1.0
6776.9			1.0
6777.8			1.0
6778.700000000001			1.0
6779.6			1.0
6780.5			1.0
6781.4			1.0
6782.3			1.0
6783.200000000001			1.0
6784.1			1.0
6785.0			1.0
6785.9			1.0
6786.8			1.0
6787.700000000001			1.0
6788.6			1.0
6789.5			1.0
6790.4			1.0
6791.3			1.0
6792.200000000001			1.0
6793.1			1.0
6794.0			1.0
6794.9			1.0
6795.8			1.0
6796.700000000001			1.0
6797.6			1.0
6798.5			1.0
6799.4			1.0
6800.3			1.0
6801.200000000001			1.0
6802.1			1.0
6803.0			1.0
6803.9			1.0
6804.8			1.0
6805.700000000001			1.0
6806.6			1.0
6807.5			1.0
6808.4			1.0
6809.3			1.0
6810.200000000001			1.0
6811.1			1.0
6812.0			1.0
6812.9			1.0
6813.8			1.0
6814.700000000001			1.0
6815.6			1.0
6816.5			1.0
6817.4			1.0
6818.3			1.0
6819.200000000001			1.0
6820.1			1.0
6821.0			1.0
6821.9			1.0
6822.8			1.0
6823.700000000001			1.0
6824.6			1.0
6825.5			1.0
6826.4			1.0
6827.3			1.0
6828.200000000001			1.0
6829.1			1.0
6830.0			1.0
6830.9			1.0
6831.8			1.0
6832.700000000001			1.0
6833.6			1.0
6834.5			1.0
6835.4			1.0
6836.3			1.0
6837.200000000001			1.0
6838.1			1.0
6839.0			1.0
6839.9			1.0
6840.8			1.0
6841.700000000001			1.0
6842.6			1.0
6843.5			1.0
6844.4			1.0
6845.3			1.0
6846.200000000001			1.0
6847.1			1.0
6848.0			1.0
6848.9			1.0
6849.8			1.0
6850.700000000001			1.0
6851.6			1.0
6852.5			1.0
6853.4			1.0
6854.3			1.0
6855.200000000001			1.0
6856.1			1.0
6857.0			1.0
6857.9			1.0
6858.8			1.0
6859.700000000001			1.0
6860.6			1.0
6861.5			1.0
6862.4			1.0
6863.3			1.0
6864.200000000001			1.0
6865.1			1.0
6866.0			1.0
6866.9			1.0
6867.8			1.0
6868.700000000001			1.0
6869.6			1.0
6870.5			1.0
6871.4			1.0
6872.3			1.0
6873.200000000001			1.0
6874.1			1.0
6875.0			1.0
6875.9			1.0
6876.8			1.0
6877.700000000001			1.0
6878.6			1.0
6879.5			1.0
6880.4			1.0
6881.3			1.0
6882.200000000001			1.0
6883.1			1.0
6884.0			1.0
6884.9			1.0
6885.8			1.0
6886.700000000001			1.0
6887.6			1.0
6888.5			1.0
6889.4			1.0
6890.3			1.0
6891.200000000001			1.0
6892.1			1.0
6893.0			1.0
6893.9			1.0
6894.8			1.0
6895.700000000001			1.0
6896.6			1.0
6897.5			1.0
6898.4			1.0
6899.3			1.0
6900.200000000001			1.0
6901.1			1.0
6902.0			1.0
6902.9			1.0
6903.8			1.0
6904.700000000001			1.0
6905.6			1.0
6906.5			1.0
6907.4			1.0
6908.3			1.0
6909.200000000001			1.0
6910.1			1.0
6911.0			1.0
6911.9			1.0
6912.8			1.0
6913.700000000001			1.0
6914.6			1.0
6915.5			1.0
6916.4			1.0
6917.3			1.0
6918.200000000001			1.0
6919.1			1.0
6920.0			1.0
6920.9			1.0
6921.8			1.0
6922.700000000001			1.0
6923.6			1.0
6924.5			1.0
6925.4			1.0
6926.3			1.0
6927.200000000001			1.0
6928.1			1.0
6929.0			1.0
6929.9			1.0
6930.8			1.0
6931.700000000001			1.0
6932.6			1.0
6933.5			1.0
6934.4			1.0
6935.3			1.0
6936.200000000001			1.0
6937.1			1.0
6938.0			1.0
6938.9			1.0
6939.8			1.0
6940.700000000001			1.0
6941.6			1.0
6942.5			1.0
6943.4			1.0
6944.3			1.0
6945.200000000001			1.0
6946.1			1.0
6947.0			1.0
6947.9			1.0
6948.8			1.0
6949.700000000001			1.0
6950.6			1.0
6951.5			1.0
6952.4			1.0
6953.3			1.0
6954.200000000001			1.0
6955.1			1.0
6956.0			1.0
6956.9			1.0
6957.8			1.0
6958.700000000001			1.0
6959.6			1.0
6960.5			1.0
6961.4			1.0
6962.3			1.0
6963.200000000001			1.0
6964.1			1.0
6965.0			1.0
6965.9			1.0
6966.8			1.0
6967.700000000001			1.0
6968.6			1.0
6969.5			1.0
6970.4			1.0
6971.3			1.0
6972.200000000001			1.0
6973.1			1.0
6974.0			1.0
6974.9			0.9809544391406902
6975.8			0.9587112421120798
6976.700000000001			0.9334907958398708
6977.6			0.9057723043405359
6978.5			0.8941819416052964
6979.4			0.9163983567260872
6980.3			0.9560931735187297
6981.200000000001			0.9859134969005615
6982.1			1.0002637482631758
6983.0			1.0
6983.9			1.0
6984.8			1.0
6985.700000000001			1.0
6986.6			1.0
6987.5			1.0
6988.4			1.0
6989.3			1.0
6990.200000000001			1.0
6991.1			1.0
6992.0			1.0
6992.9			1.0
6993.8			1.0
6994.700000000001			1.0
6995.6			1.0
6996.5			1.0
6997.4			1.0
6998.3			1.0
6999.200000000001			1.0
7000.1			1.0
7001.0			1.0
7001.9			1.0
7002.8			1.0
7003.700000000001			1.0
7004.6			1.0
7005.5			1.0
7006.4			1.0
7007.3			1.0
7008.200000000001			1.0
7009.1			1.0
7010.0			1.0
7010.9			1.0
7011.8			1.0
7012.700000000001			1.0
7013.6			1.0
7014.5			1.0
7015.4			1.0
7016.3			1.0
7017.200000000001			1.0
7018.1			1.0
7019.0			1.0
7019.9			1.0
7020.8			1.0
7021.700000000001			1.0
7022.6			1.0
7023.5			1.0
7024.4			1.0
7025.3			1.0
7026.200000000001			1.0
7027.1			1.0
7028.0			1.0
7028.9			1.0
7029.8			1.0
7030.700000000001			1.0
7031.6			1.0
7032.5			1.0
7033.4			1.0
7034.3			1.0
7035.200000000001			1.0
7036.1			1.0
7037.0			1.0
7037.9			1.0
7038.8			1.0
7039.700000000001			1.0
7040.6			1.0
7041.5			1.0
7042.4			1.0
7043.3			1.0
7044.200000000001			1.0
7045.1			1.0
7046.0			1.0
7046.9			1.0
7047.8			1.0
7048.700000000001			1.0
7049.6			1.0
7050.5			1.0
7051.4			1.0
7052.3			1.0
7053.200000000001			1.0
7054.1			1.0
7055.0			1.0
7055.9			1.0
7056.8			1.0
7057.700000000001			1.0
7058.6			1.0
7059.5			1.0
7060.4			1.0
7061.3			1.0
7062.200000000001			1.0
7063.1			1.0
7064.0			1.0
7064.9			1.0
7065.8			1.0
7066.700000000001			1.0
7067.6			1.0
7068.5			1.0
7069.4			1.0
7070.3			1.0
7071.200000000001			1.0
7072.1			1.0
7073.0			1.0
7073.9			1.0
7074.8			1.0
7075.700000000001			1.0
7076.6			1.0
7077.5			1.0
7078.4			1.0
7079.3			1.0
7080.200000000001			1.0
7081.1			1.0
7082.0			1.0
7082.9			1.0
7083.8			1.0
7084.700000000001			1.0
7085.6			1.0
7086.5			1.0
7087.4			1.0
7088.3			1.0
7089.200000000001			1.0
7090.1			1.0
7091.0			1.0
7091.9			1.0
7092.8			1.0
7093.700000000001			1.0
7094.6			1.0
7095.5			1.0
7096.4			1.0
7097.3			1.0
7098.200000000001			1.0
7099.1			1.0
7100.0			1.0
7100.9			1.0
7101.8			1.0
7102.700000000001			1.0
7103.6			1.0
7104.5			1.0
7105.4			1.0
7106.3			1.0
7107.200000000001			1.0
7108.1			1.0
7109.0			1.0
7109.9			1.0
7110.8			1.0
7111.700000000001			1.0
7112.6			1.0
7113.5			1.0
7114.4			1.0
7115.3			1.0
7116.200000000001			1.0
7117.1			1.0
7118.0			1.0
7118.9			1.0
7119.8			1.0
7120.700000000001			1.0
7121.6			1.0
7122.5			1.0
7123.4			1.0
7124.3			1.0
7125.200000000001			1.0
7126.1			1.0
7127.0			1.0
7127.9			1.0
7128.8			1.0
7129.700000000001			1.0
7130.6			1.0
7131.5			1.0
7132.4			1.0
7133.3			1.0
7134.200000000001			1.0
7135.1			1.0
7136.0			1.0
7136.9			1.0
7137.8			1.0
7138.700000000001			1.0
7139.6			1.0
7140.5			1.0
7141.4			1.0
7142.3			1.0
7143.200000000001			1.0
7144.1			1.0
7145.0			1.0
7145.9			1.0
7146.8			1.0
7147.700000000001			1.0
7148.6			1.0
7149.5			1.0
7150.4			1.0
7151.3			1.0
7152.200000000001			1.0
7153.1			1.0
7154.0			1.0
7154.9			1.0
7155.8			1.0
7156.700000000001			1.0
7157.6			1.0
7158.5			1.0
7159.4			1.0
7160.3			1.0
7161.200000000001			1.0
7162.1			1.0
7163.0			1.0
7163.9			1.0
7164.8			1.0
7165.700000000001			1.0
7166.6			1.0
7167.5			1.0
7168.4			1.0
7169.3			1.0
7170.200000000001			1.0
7171.1			1.0
7172.0			1.0
7172.9			1.0
7173.8			1.0
7174.700000000001			1.0
7175.6			1.0
7176.5			1.0
7177.4			1.0
7178.3			1.0
7179.200000000001			1.0
7180.1			1.0
7181.0			1.0
7181.9			1.0
7182.8			1.0
7183.700000000001			1.0
7184.6			1.0
7185.5			1.0
7186.4			1.0
7187.3			1.0
7188.200000000001			1.0
7189.1			1.0
7190.0			1.0
7190.9			1.0
7191.8			1.0
7192.700000000001			1.0
7193.6			1.0
7194.5			1.0
7195.4			1.0
7196.3			1.0
7197.200000000001			1.0
7198.1			1.0
7199.0			1.0
7199.9			1.0
7200.8			1.0
7201.700000000001			1.0
7202.6			1.0
7203.5			1.0
7204.4			1.0
7205.3			1.0
7206.200000000001			1.0
7207.1			1.0
7208.0			1.0
7208.9			1.0
7209.8			1.0
7210.700000000001			1.0
7211.6			1.0
7212.5			1.0
7213.4			1.0
7214.3			1.0
7215.200000000001			1.0
7216.1			1.0
7217.0			1.0
7217.9			1.0
7218.8			1.0
7219.700000000001			1.0
7220.6			1.0
7221.5			1.0
7222.4			1.0
7223.3			1.0
7224.200000000001			1.0
7225.1			1.0
7226.0			1.0
7226.9			1.0
7227.8			1.0
7228.700000000001			1.0
7229.6			1.0
7230.5			1.0
7231.4			1.0
7232.3			1.0
7233.200000000001			1.0
7234.1			1.0
7235.0			1.0
7235.9			1.0
7236.8			1.0
7237.700000000001			1.0
7238.6			1.0
7239.5			1.0
7240.4			1.0
7241.3			1.0
7242.200000000001			1.0
7243.1			1.0
7244.0			1.0
7244.9			1.0
7245.8			1.0
7246.700000000001			1.0
7247.6			1.0
7248.5			1.0
7249.4			1.0
7250.3			1.0
7251.200000000001			1.0
7252.1			1.0
7253.0			1.0
7253.9			1.0
7254.8			1.0
7255.700000000001			1.0
7256.6			1.0
7257.5			1.0
7258.4			1.0
7259.3			1.0
7260.200000000001			1.0
7261.1			1.0
7262.0			1.0
7262.9			1.0
7263.8			1.0
7264.700000000001			1.0
7265.6			1.0
7266.5			1.0
7267.4			1.0
7268.3			1.0
7269.200000000001			1.0
7270.1			1.0
7271.0			1.0
7271.9			1.0
7272.8			1.0
7273.700000000001			1.0
7274.6			1.0
7275.5			1.0
7276.4			1.0
7277.3			1.0
7278.200000000001			1.0
7279.1			1.0
7280.0			1.0
7280.9			1.0
7281.8			1.0
7282.700000000001			1.0
7283.6			1.0
7284.5			1.0
7285.4			1.0
7286.3			1.0
7287.200000000001			1.0
7288.1			1.0
7289.0			1.0
7289.9			1.0
7290.8			1.0
7291.700000000001			1.0
7292.6			1.0
7293.5			1.0
7294.4			1.0
7295.3			1.0
7296.200000000001			1.0
7297.1			1.0
7298.0			1.0
7298.9			1.0
7299.8			1.0
7300.700000000001			1.0
7301.6			1.0
7302.5			1.0
7303.4			1.0
7304.3			1.0
7305.200000000001			1.0
7306.1			1.0
7307.0			1.0
7307.9			1.0
7308.8			1.0
7309.700000000001			1.0
7310.6			1.0
7311.5			1.0
7312.4			1.0
7313.3			1.0
7314.200000000001			1.0
7315.1			1.0
7316.0			1.0
7316.9			1.0
7317.8			1.0
7318.700000000001			1.0
7319.6			1.0
7320.5			1.0
7321.4			1.0
7322.3			1.0
7323.200000000001			1.0
7324.1			1.0
7325.0			1.0
7325.9			1.0
7326.8			1.0
7327.700000000001			1.0
7328.6			1.0
7329.5			1.0
7330.4			1.0
7331.3			1.0
7332.200000000001			1.0
7333.1			1.0
7334.0			1.0
7334.9			1.0
7335.8			1.0
7336.700000000001			1.0
7337.6			1.0
7338.5			1.0
7339.4			1.0
7340.3			1.0
7341.200000000001			1.0
7342.1			1.0
7343.0			1.0
7343.9			1.0
7344.8			1.0
7345.700000000001			1.0
7346.6			1.0
7347.5			1.0
7348.4			1.0
7349.3			1.0
7350.200000000001			1.0
7351.1			1.0
7352.0			1.0
7352.9			1.0
7353.8			1.0
7354.700000000001			1.0
7355.6			1.0
7356.5			1.0
7357.4			1.0
7358.3			1.0
7359.200000000001			1.0
7360.1			1.0
7361.0			1.0
7361.9			1.0
7362.8			1.0
7363.700000000001			1.0
7364.6			1.0
7365.5			1.0
7366.4			1.0
7367.3			1.0
7368.200000000001			1.0
7369.1			1.0
7370.0			1.0
7370.9			1.0
7371.8			1.0
7372.700000000001			1.0
7373.6			1.0
7374.5			1.0
7375.4			1.0
7376.3			1.0
7377.200000000001			1.0
7378.1			1.0
7379.0			1.0
7379.9			1.0
7380.8			1.0
7381.700000000001			1.0
7382.6			1.0
7383.5			1.0
7384.4			1.0
7385.3			1.0
7386.200000000001			1.0
7387.1			1.0
7388.0			1.0
7388.9			1.0
7389.8			1.0
7390.700000000001			1.0
7391.6			1.0
7392.5			1.0
7393.4			1.0
7394.3			1.0
7395.200000000001			1.0
7396.1			1.0
7397.0			1.0
7397.9			1.0
7398.8			1.0
7399.700000000001			1.0
7400.6			1.0
7401.5			1.0
7402.4			1.0
7403.3			1.0
7404.200000000001			1.0
7405.1			1.0
7406.0			1.0
7406.9			1.0
7407.8			1.0
7408.700000000001			1.0
7409.6			1.0
7410.5			1.0
7411.4			1.0
7412.3			1.0
7413.200000000001			1.0
7414.1			1.0
7415.0			1.0
7415.9			1.0
7416.8			1.0
7417.700000000001			1.0
7418.6			1.0
7419.5			1.0
7420.4			1.0
7421.3			1.0
7422.200000000001			1.0
7423.1			1.0
7424.0			1.0
7424.9			1.0
7425.8			1.0
7426.700000000001			1.0
7427.6			1.0
7428.5			1.0
7429.4			1.0
