3500.0			1.0
3500.9			1.0
3501.8			1.0
3502.7			1.0
3503.6			1.0
3504.5			1.0
3505.4			1.0
3506.3			1.0
3507.2			1.0
3508.1			1.0
3509.0			1.0
3509.9			1.0
3510.8			1.0
3511.7			1.0
3512.6			1.0
3513.5			1.0
3514.4			1.0
3515.3			1.0
3516.2			1.0
3517.1			1.0
3518.0			1.0
3518.9			1.0
3519.8			1.0
3520.7			1.0
3521.6			1.0
3522.5			1.0
3523.4			1.0
3524.3			1.0
3525.2			1.0
3526.1			1.0
3527.0			1.0
3527.9			1.0
3528.8			1.0
3529.7			1.0
3530.6			1.0
3531.5			1.0
3532.4			1.0
3533.3			1.0
3534.2			1.0
3535.1			1.0
3536.0			1.0
3536.9			1.0
3537.8			1.0
3538.7			1.0
3539.6			1.0
3540.5			1.0
3541.4			1.0
3542.3			1.0
3543.2			1.0
3544.1			1.0
3545.0			1.0
3545.9			1.0
3546.8			1.0
3547.7			1.0
3548.6			1.0
3549.5			1.0
3550.4			1.0
3551.3			1.0
3552.2			1.0
3553.1			1.0
3554.0			1.0
3554.9			1.0
3555.8			1.0
3556.7			1.0
3557.6			1.0
3558.5			1.0
3559.4			1.0
3560.3			1.0
3561.2			1.0
3562.1			1.0
3563.0			1.0
3563.9			1.0
3564.8			1.0
3565.7			1.0
3566.6			1.0
3567.5			1.0
3568.4			1.0
3569.3			1.0
3570.2			1.0
3571.1			1.0
3572.0			1.0
3572.9			1.0
3573.8			1.0
3574.7			1.0
3575.6			1.0
3576.5			1.0
3577.4			1.0
3578.3			1.0
3579.2			1.0
3580.1			1.0
3581.0			1.0
3581.9			1.0
3582.8			1.0
3583.7			1.0
3584.6			1.0
3585.5			1.0
3586.4			1.0
3587.3			1.0
3588.2			1.0
3589.1			1.0
3590.0			1.0
3590.9			1.0
3591.8			1.0
3592.7			1.0
3593.6			1.0
3594.5			1.0
3595.4			1.0
3596.3			1.0
3597.2			1.0
3598.1			1.0
3599.0			1.0
3599.9			1.0
3600.8			1.0
3601.7			1.0
3602.6			1.0
3603.5			1.0
3604.4			1.0
3605.3			1.0
3606.2			1.0
3607.1			1.0
3608.0			1.0
3608.9			1.0
3609.8			1.0
3610.7			1.0
3611.6			1.0
3612.5			1.0
3613.4			1.0
3614.3			1.0
3615.2			1.0
3616.1			1.0
3617.0			1.0
3617.9			1.0
3618.8			1.0
3619.7			1.0
3620.6			1.0
3621.5			1.0
3622.4			1.0
3623.3			1.0
3624.2			1.0
3625.1			1.0
3626.0			1.0
3626.9			1.0
3627.8			1.0
3628.7			1.0
3629.6			1.0
3630.5			1.0
3631.4			1.0
3632.3			1.0
3633.2			1.0
3634.1			1.0
3635.0			1.0
3635.9			1.0
3636.8			1.0
3637.7			1.0
3638.6			1.0
3639.5			1.0
3640.4			1.0
3641.3			1.0
3642.2			1.0
3643.1			1.0
3644.0			1.0
3644.9			1.0
3645.8			1.0
3646.7			1.0
3647.6			1.0
3648.5			1.0
3649.4			1.0
3650.3			1.0
3651.2			1.0
3652.1			1.0
3653.0			1.0
3653.9			1.0
3654.8			1.0
3655.7			1.0
3656.6			1.0
3657.5			1.0
3658.4			1.0
3659.3			1.0
3660.2			1.0
3661.1			1.0
3662.0			1.0
3662.9			1.0
3663.8			1.0
3664.7			1.0
3665.6			1.0
3666.5			1.0
3667.4			1.0
3668.3			1.0
3669.2			1.0
3670.1			1.0
3671.0			1.0
3671.9			1.0
3672.8			1.0
3673.7			1.0
3674.6			1.0
3675.5			1.0
3676.4			1.0
3677.3			1.0
3678.2			1.0
3679.1			1.0
3680.0			1.0
3680.9			1.0
3681.8			1.0
3682.7			1.0
3683.6			1.0
3684.5			1.0
3685.4			1.0
3686.3			1.0
3687.2			1.0
3688.1			1.0
3689.0			1.0
3689.9			1.0
3690.8			1.0
3691.7			1.0
3692.6			1.0
3693.5			1.0
3694.4			1.0
3695.3			1.0
3696.2			1.0
3697.1			1.0
3698.0			1.0
3698.9			1.0
3699.8			1.0
3700.7			1.0
3701.6			1.0
3702.5			1.0
3703.4			1.0
3704.3			1.0
3705.2			1.0
3706.1			1.0
3707.0			1.0
3707.9			1.0
3708.8			1.0
3709.7			1.0
3710.6			1.0
3711.5			1.0
3712.4			1.0
3713.3			1.0
3714.2			1.0
3715.1			1.0
3716.0			1.0
3716.9			1.0
3717.8			1.0
3718.7			1.0
3719.6			1.0
3720.5			1.0
3721.4			1.0
3722.3			1.0
3723.2			1.0
3724.1			1.0
3725.0			1.0
3725.9			1.0
3726.8			1.0
3727.7			1.0
3728.6			1.0
3729.5			1.0
3730.4			1.0
3731.3			1.0
3732.2			1.0
3733.1			1.0
3734.0			1.0
3734.9			1.0
3735.8			1.0
3736.7			1.0
3737.6			1.0
3738.5			1.0
3739.4			1.0
3740.3			1.0
3741.2			1.0
3742.1			1.0
3743.0			1.0
3743.9			1.0
3744.8			1.0
3745.7			1.0
3746.6			1.0
3747.5			1.0
3748.4			1.0
3749.3			1.0
3750.2			1.0
3751.1			1.0
3752.0			1.0
3752.9			1.0
3753.8			1.0
3754.7			1.0
3755.6			1.0
3756.5			1.0
3757.4			1.0
3758.3			1.0
3759.2			1.0
3760.1			1.0
3761.0			1.0
3761.9			1.0
3762.8			1.0
3763.7			1.0
3764.6			1.0
3765.5			1.0
3766.4			1.0
3767.3			1.0
3768.2			1.0
3769.1			1.0
3770.0			1.0
3770.9			1.0
3771.8			1.0
3772.7			1.0
3773.6			1.0
3774.5			1.0
3775.4			1.0
3776.3			1.0
3777.2			1.0
3778.1			1.0
3779.0			1.0
3779.9			1.0
3780.8			1.0
3781.7			1.0
3782.6			1.0
3783.5			1.0
3784.4			1.0
3785.3			1.0
3786.2			1.0
3787.1			1.0
3788.0			1.0
3788.9			1.0
3789.8			1.0
3790.7			1.0
3791.6			1.0
3792.5			1.0
3793.4			1.0
3794.3			1.0
3795.2			1.0
3796.1			1.0
3797.0			1.0
3797.9			1.0
3798.8			1.0
3799.7			1.0
3800.6			1.0
3801.5			1.0
3802.4			1.0
3803.3			1.0
3804.2			1.0
3805.1			1.0
3806.0			1.0
3806.9			1.0
3807.8			1.0
3808.7			1.0
3809.6			1.0
3810.5			1.0
3811.4			1.0
3812.3			1.0
3813.2			1.0
3814.1			1.0
3815.0			1.0
3815.9			1.0
3816.8			1.0
3817.7			1.0
3818.6			1.0
3819.5			1.0
3820.4			1.0
3821.3			1.0
3822.2			1.0
3823.1			1.0
3824.0			1.0
3824.9			1.0
3825.8			1.0
3826.7			1.0
3827.6			1.0
3828.5			1.0
3829.4			1.0
3830.3			1.0
3831.2			1.0
3832.1			1.0
3833.0			1.0
3833.9			1.0
3834.8			1.0
3835.7			1.0
3836.6			1.0
3837.5			1.0
3838.4			1.0
3839.3			1.0
3840.2			1.0
3841.1			1.0
3842.0			1.0
3842.9			1.0
3843.8			1.0
3844.7			1.0
3845.6			1.0
3846.5			1.0
3847.4			1.0
3848.3			1.0
3849.2			1.0
3850.1			1.0
3851.0			1.0
3851.9			1.0
3852.8			1.0
3853.7			1.0
3854.6			1.0
3855.5			1.0
3856.4			1.0
3857.3			1.0
3858.2			1.0
3859.1			1.0
3860.0			1.0
3860.9			1.0
3861.8			1.0
3862.7			1.0
3863.6			1.0
3864.5			1.0
3865.4			1.0
3866.3			1.0
3867.2			1.0
3868.1			1.0
3869.0			1.0
3869.9			1.0
3870.8			1.0
3871.7			1.0
3872.6			1.0
3873.5			1.0
3874.4			1.0
3875.3			1.0
3876.2			1.0
3877.1			1.0
3878.0			1.0
3878.9			1.0
3879.8			1.0
3880.7			1.0
3881.6			1.0
3882.5			1.0
3883.4			1.0
3884.3			1.0
3885.2			1.0
3886.1			1.0
3887.0			1.0
3887.9			1.0
3888.8			1.0
3889.7			1.0
3890.6			1.0
3891.5			1.0
3892.4			1.0
3893.3			1.0
3894.2			1.0
3895.1			1.0
3896.0			1.0
3896.9			1.0
3897.8			1.0
3898.7			1.0
3899.6			1.0
3900.5			1.0
3901.4			1.0
3902.3			1.0
3903.2			1.0
3904.1			1.0
3905.0			1.0
3905.9			1.0
3906.8			1.0
3907.7			1.0
3908.6			1.0
3909.5			1.0
3910.4			1.0
3911.3			1.0
3912.2			1.0
3913.1			1.0
3914.0			1.0
3914.9			1.0
3915.8			1.0
3916.7			1.0
3917.6			1.0
3918.5			1.0
3919.4			1.0
3920.3			1.0
3921.2			1.0
3922.1			1.0
3923.0			1.0
3923.9			1.0
3924.8			1.0
3925.7			1.0
3926.6			1.0
3927.5			1.0
3928.4			1.0
3929.3			1.0
3930.2			1.0
3931.1			1.0
3932.0			1.0
3932.9			1.0
3933.8			1.0
3934.7			1.0
3935.6			1.0
3936.5			1.0
3937.4			1.0
3938.3			1.0
3939.2			1.0
3940.1			1.0
3941.0			1.0
3941.9			1.0
3942.8			1.0
3943.7			1.0
3944.6			1.0
3945.5			1.0
3946.4			1.0
3947.3			1.0
3948.2			1.0
3949.1			1.0
3950.0			1.0
3950.9			1.0
3951.8			1.0
3952.7			1.0
3953.6			1.0
3954.5			1.0
3955.4			1.0
3956.3			1.0
3957.2			1.0
3958.1			1.0
3959.0			1.0
3959.9			1.0
3960.8			1.0
3961.7			1.0
3962.6			1.0
3963.5			1.0
3964.4			1.0
3965.3			1.0
3966.2			1.0
3967.1			1.0
3968.0			1.0
3968.9			1.0
3969.8			1.0
3970.7			1.0
3971.6			1.0
3972.5			1.0
3973.4			1.0
3974.3			1.0
3975.2			1.0
3976.1			1.0
3977.0			1.0
3977.9			1.0
3978.8			1.0
3979.7			1.0
3980.6			1.0
3981.5			1.0
3982.4			1.0
3983.3			1.0
3984.2			1.0
3985.1			1.0
3986.0			1.0
3986.9			1.0
3987.8			1.0
3988.7			1.0
3989.6			1.0
3990.5			1.0
3991.4			1.0
3992.3			1.0
3993.2			1.0
3994.1			1.0
3995.0			1.0
3995.9			1.0
3996.8			1.0
3997.7			1.0
3998.6			1.0
3999.5			1.0
4000.4			1.0
4001.3			1.0
4002.2			1.0
4003.1			1.0277849844105578
4004.0			0.9751175041549311
4004.9			0.8241361163816436
4005.8			0.737159163674691
4006.7			0.8055487920618406
4007.6			0.9191176643532396
4008.5			1.0023776827835547
4009.4			1.0
4010.3			1.0
4011.2			1.0
4012.1			1.0
4013.0			1.0
4013.9			1.0
4014.8			1.0
4015.7			1.0
4016.6			1.0
4017.5			1.0
4018.4			1.0
4019.3			1.0
4020.2			1.0
4021.1			1.0
4022.0			1.0
4022.9			1.0
4023.8			1.0
4024.7			1.0
4025.6			1.0
4026.5			1.0
4027.4			1.0403903724349497
4028.3			1.0820033365460426
4029.2			1.0505538304763942
4030.1			0.8960622499074108
4031.0			0.7553433696038435
4031.9			0.7129572104004658
4032.8			0.6981059267475153
4033.7			0.6986966756159048
4034.6			0.7285362968664708
4035.5			0.808034282430944
4036.4			0.9065439687830902
4037.3			0.9843450277674253
4038.2			0.9978213640280116
4039.1			1.0
4040.0			1.0
4040.9			1.0
4041.8			1.0
4042.7			1.0307857588730813
4043.6			0.950440507032465
4044.5			0.7588699455605024
4045.4			0.5868350242728165
4046.3			0.5963202495304779
4047.2			0.8004066404377321
4048.1			0.9910584953566652
4049.0			1.0
4049.9			1.0
4050.8			1.0
4051.7			1.0
4052.6			1.0
4053.5			1.0
4054.4			1.0
4055.3			1.0
4056.2			1.0
4057.1			1.0
4058.0			1.0
4058.9			1.0
4059.8			1.1219126719704642
4060.7			1.2167212326839407
4061.6			1.1641312127597059
4062.5			0.9619880846448466
4063.4			0.7656461445380073
4064.3			0.7760875460730519
4065.2			0.9318399450677434
4066.1			1.0091376791197844
4067.0			0.9933580667433705
4067.9			1.0
4068.8			1.0
4069.7			1.0
4070.6			1.0
4071.5			1.0
4072.4			1.0
4073.3			1.0
4074.2			1.0761963816782028
4075.1			1.0077247400322278
4076.0			0.8709253985705356
4076.9			0.7559204736739654
4077.8			0.7561140453903756
4078.7			0.8613638367509621
4079.6			1.0000464381984822
4080.5			1.0
4081.4			1.0
4082.3			1.0
4083.2			1.0
4084.1			1.0
4085.0			1.0
4085.9			1.0
4086.8			1.0
4087.7			1.0
4088.6			1.0
4089.5			1.0
4090.4			1.0
4091.3			1.0
4092.2			1.0
4093.1			1.0
4094.0			1.0
4094.9			1.0
4095.8			1.0
4096.7			0.9433791066203516
4097.6			0.9813029848526539
4098.5			1.0206103818447554
4099.4			0.9986755888423084
4100.3			0.8987310682724955
4101.2			0.8074359891771336
4102.1			0.8157957644048611
4103.0			0.8875812967765394
4103.9			0.9206113890049581
4104.8			0.9370194015705205
4105.7			0.9933956842945946
4106.6			1.0
4107.5			1.0
4108.4			1.0
4109.3			1.0
4110.2			1.0
4111.1			1.0
4112.0			1.0
4112.9			1.0
4113.8			1.0
4114.7			1.0
4115.6			1.0
4116.5			1.0
4117.4			1.0
4118.3			1.0
4119.2			1.0
4120.1			1.0
4121.0			1.0
4121.9			1.0
4122.8			1.0
4123.7			1.0
4124.6			1.0
4125.5			1.0
4126.4			1.0
4127.3			1.0
4128.2			0.9622961511653317
4129.1			0.9407256013512763
4130.0			0.9278952564465942
4130.9			0.9041887408721945
4131.8			0.834054422862459
4132.7			0.7830638423437181
4133.6			0.7811077003549409
4134.5			0.8206734911257347
4135.4			0.9182026394522841
4136.3			1.0047754505158972
4137.2			1.0010465872762644
4138.1			1.0
4139.0			1.0269171830208628
4139.9			1.0288019654970553
4140.8			1.0092302801935302
4141.7			0.9284223656666726
4142.6			0.7567521780684613
4143.5			0.6464114412641919
4144.4			0.7007311114287668
4145.3			0.8486017455975763
4146.2			0.9484119721495039
4147.1			0.9917641109083088
4148.0			1.00041276765765
4148.9			1.0
4149.8			1.0
4150.7			1.0
4151.6			1.0
4152.5			1.0
4153.4			1.0
4154.3			1.0
4155.2			1.0
4156.1			1.0
4157.0			1.0
4157.9			1.0
4158.8			1.0
4159.7			1.0
4160.6			1.0
4161.5			1.0
4162.4			1.060350625471007
4163.3			1.0699536308227415
4164.2			1.0111007223886896
4165.1			0.9643186732189357
4166.0			0.9520983336771941
4166.9			0.9181458054025647
4167.8			0.8965405511616225
4168.7			0.9426661082303056
4169.6			0.9970099535750515
4170.5			1.0040808229817315
4171.4			0.9328173054263701
4172.3			0.805553602683467
4173.2			0.7385594857812744
4174.1			0.7849233864867213
4175.0			0.8602135186888211
4175.9			0.8908820711982525
4176.8			0.8685695255818172
4177.7			0.8330274866589154
4178.6			0.8453161187073736
4179.5			0.8863351310630786
4180.4			0.89851531356507
4181.3			0.8831082208587689
4182.2			0.8846847921385239
4183.1			0.9219853880807107
4184.0			0.9998748294951288
4184.9			1.0
4185.8			1.0
4186.7			1.0
4187.6			1.0
4188.5			1.0332999805487029
4189.4			1.0898464720093544
4190.3			1.0936024638847996
4191.2			1.064312238527719
4192.1			1.0922780550768634
4193.0			1.1681998109846305
4193.9			1.167189690379872
4194.8			1.0686947352062068
4195.7			0.9394145105418304
4196.6			0.8671750370056912
4197.5			0.8659593962000803
4198.4			0.8838927314306081
4199.3			0.9346850680092301
4200.2			0.9735657126725208
4201.1			0.9410954782350648
4202.0			0.8890661039153853
4202.9			0.9243230118308896
4203.8			0.9850533603948586
4204.7			1.0010748832736889
4205.6			1.0
4206.5			1.0
4207.4			1.0
4208.3			1.0
4209.2			1.0
4210.1			1.0
4211.0			1.0
4211.9			1.0
4212.8			1.0
4213.7			0.9278975511469278
4214.6			0.7943319342769897
4215.5			0.7094937361139515
4216.4			0.8127182354360454
4217.3			1.0056033193891019
4218.2			1.0
4219.1			1.0
4220.0			1.0
4220.9			1.0
4221.8			1.0
4222.7			1.0
4223.6			0.8799802236933458
4224.5			0.7700969776938191
4225.4			0.6217793654562377
4226.3			0.46474435650776796
4227.2			0.4580550425844472
4228.1			0.6659185779997168
4229.0			0.8822800183200354
4229.9			1.0
4230.8			1.0501513625513157
4231.7			1.0470926791480597
4232.6			0.9759319720011603
4233.5			0.9145820009047587
4234.4			0.9284916229997927
4235.3			0.9026486381551235
4236.2			0.8205046656084276
4237.1			0.8134942731737131
4238.0			0.8633130891365024
4238.9			0.8861403365439524
4239.8			0.8971809742174776
4240.7			0.9581040804713103
4241.6			1.0192246830925746
4242.5			1.0001821016117585
4243.4			1.000001757496422
4244.3			1.0
4245.2			1.0
4246.1			1.0
4247.0			0.9324021484338383
4247.9			0.8627882007190066
4248.8			0.8281544604874604
4249.7			0.81032745766052
4250.6			0.8218520013578428
4251.5			0.914428819916004
4252.4			1.028454049187331
4253.3			1.0475411689993046
4254.2			0.9884085218640162
4255.1			1.0
4256.0			1.0
4256.9			1.1096405886410443
4257.8			1.096533883119059
4258.7			0.9445908021978463
4259.6			0.8005558599986711
4260.5			0.7234765009545492
4261.4			0.7464140189318199
4262.3			0.8636188931020979
4263.2			0.9686967314763295
4264.1			0.9916200655108086
4265.0			1.0
4265.9			1.0
4266.8			0.9735579028837678
4267.7			0.9007679774693167
4268.6			0.8447018602826739
4269.5			0.8036890085881087
4270.4			0.710113939460605
4271.3			0.5911924108063706
4272.2			0.5686875015715536
4273.1			0.649389920743009
4274.0			0.6961457471002123
4274.9			0.7033973973287135
4275.8			0.7822916050619744
4276.7			0.9056031319175071
4277.6			0.9972725972141268
4278.5			1.0
4279.4			1.0
4280.3			1.0
4281.2			1.0
4282.1			1.0
4283.0			1.0
4283.9			1.0
4284.8			1.0
4285.7			1.0
4286.6			1.0
4287.5			1.044534449366046
4288.4			0.994698002025607
4289.3			0.8612648006270767
4290.2			0.7867957653339753
4291.1			0.8219908120474546
4292.0			1.0
4292.9			1.1067049773651139
4293.8			1.09823596865465
4294.7			1.047217595106207
4295.6			1.0422066729086017
4296.5			1.0186723567663016
4297.4			0.9485620565036504
4298.3			0.8505210544097764
4299.2			0.7257425276423339
4300.1			0.6708754817863534
4301.0			0.7323675247601875
4301.9			0.7930701823404289
4302.8			0.784503577647619
4303.7			0.7921660996928952
4304.6			0.8139804132391005
4305.5			0.8112257594688993
4306.4			0.7926380014165338
4307.3			0.7238008819313736
4308.2			0.6457224533683745
4309.1			0.6498978533719976
4310.0			0.7157058289033277
4310.9			0.7963872614728749
4311.8			0.8991125694906253
4312.7			1.0318847576959218
4313.6			1.1713709031349935
4314.5			1.302832788358521
4315.4			1.560016436784795
4316.3			1.8768013279471825
4317.2			2.0192928389186062
4318.1			1.999458375495932
4319.0			1.9546740866053365
4319.9			1.9151428455017057
4320.8			1.0
4321.7			0.9631820818794216
4322.6			0.8842011038370486
4323.5			0.7277666440783676
4324.4			0.58733339499835
4325.3			0.5105406635110801
4326.2			0.5525508655163086
4327.1			0.7294499073946229
4328.0			0.9175380678775501
4328.9			1.001906181341784
4329.8			1.0
4330.7			1.0
4331.6			1.0
4332.5			1.0
4333.4			1.0
4334.3			1.0
4335.2			1.0
4336.1			0.9933775175922939
4337.0			0.8669291346677829
4337.9			0.7277234114541089
4338.8			0.681251957353586
4339.7			0.6543085118657158
4340.6			0.652245714202349
4341.5			0.7487056588544642
4342.4			0.8751567437669767
4343.3			0.9102929629477144
4344.2			0.9282131850111842
4345.1			0.998459177919296
4346.0			1.0
4346.9			1.0
4347.8			1.0
4348.7			1.0904979433419348
4349.6			1.127688954107905
4350.5			1.0048598593095894
4351.4			0.8103519187603956
4352.3			0.749203786855853
4353.2			0.8391788189133051
4354.1			0.9326330727339073
4355.0			0.9631916717121632
4355.9			1.0008190436303168
4356.8			1.0
4357.7			1.0
4358.6			1.0
4359.5			1.0
4360.4			1.0
4361.3			1.0
4362.2			1.0
4363.1			1.0
4364.0			1.0
4364.9			1.0
4365.8			1.0
4366.7			1.0
4367.6			1.0
4368.5			1.0
4369.4			1.0
4370.3			1.0
4371.2			1.0
4372.1			0.9981796452204396
4373.0			0.952753918888793
4373.9			0.8559896320377068
4374.8			0.7792439828238706
4375.7			0.793745639234987
4376.6			0.8993036916645706
4377.5			1.0044512331829996
4378.4			1.0
4379.3			1.0
4380.2			0.9747915678805277
4381.1			0.9564125811489671
4382.0			0.8623778413973309
4382.9			0.6551859680990272
4383.8			0.5013236917041667
4384.7			0.5600408971614059
4385.6			0.7650015950927012
4386.5			0.9376615233558966
4387.4			0.9946116303612489
4388.3			1.0
4389.2			1.0
4390.1			1.0
4391.0			1.0
4391.9			1.0
4392.8			1.0
4393.7			1.0
4394.6			1.0
4395.5			1.0
4396.4			1.0
4397.3			1.0
4398.2			1.0
4399.1			1.0
4400.0			0.9060333208353591
4400.9			0.8791350931893712
4401.8			0.9613593790676332
4402.7			1.0001773451509164
4403.6			0.8675005535335008
4404.5			0.6945343793486953
4405.4			0.6809245326639397
4406.3			0.7849211679265446
4407.2			0.8348063695838853
4408.1			0.8028923097433306
4409.0			0.813694789101753
4409.9			0.9117502701873524
4410.8			0.9948143803593401
4411.7			1.0
4412.6			1.0304467315620862
4413.5			0.9981138631299801
4414.4			0.8752142199909616
4415.3			0.786196784923253
4416.2			0.8263714075613302
4417.1			0.9152337647783911
4418.0			0.9939367640057912
4418.9			1.0
4419.8			1.0
4420.7			1.0
4421.6			1.0
4422.5			1.0
4423.4			1.0
4424.3			1.0
4425.2			1.0
4426.1			1.0
4427.0			1.0
4427.9			1.0
4428.8			1.0
4429.7			1.0
4430.6			1.0
4431.5			1.0
4432.4			1.041739589834652
4433.3			0.9930247018565419
4434.2			0.8865210440102754
4435.1			0.8082547343099616
4436.0			0.8297997672135576
4436.9			0.9211187476418318
4437.8			1.0044907735477642
4438.7			1.0
4439.6			1.0
4440.5			1.0
4441.4			1.0
4442.3			1.0
4443.2			1.0
4444.1			1.0
4445.0			1.0
4445.9			1.0
4446.8			1.0
4447.7			1.0
4448.6			1.0
4449.5			1.0
4450.4			1.0
4451.3			1.0
4452.2			1.0
4453.1			0.9739915098104669
4454.0			0.910976412042245
4454.9			0.8384348308502773
4455.8			0.8322489422964092
4456.7			0.8715344610755565
4457.6			0.8824591509966819
4458.5			0.8563189867761394
4459.4			0.8350140057862505
4460.3			0.8275391670284602
4461.2			0.7895462742598792
4462.1			0.7807182624797808
4463.0			0.8824943622274033
4463.9			0.9835758385465125
4464.8			0.992044888720897
4465.7			0.9906784343640587
4466.6			0.9956651763603405
4467.5			0.9986083617118184
4468.4			0.9778335505484052
4469.3			0.9413219034905094
4470.2			0.952866030155877
4471.1			1.0011763748371936
4472.0			1.0
4472.9			1.0
4473.8			1.0
4474.7			1.0
4475.6			1.0
4476.5			1.0
4477.4			1.0369981986715484
4478.3			1.0114002909731379
4479.2			0.9306099137740759
4480.1			0.8388131296956065
4481.0			0.7945061568099159
4481.9			0.8018474529137188
4482.8			0.8534589251544399
4483.7			0.9354216908129771
4484.6			0.9994702538100669
4485.5			1.0
4486.4			1.0
4487.3			1.0
4488.2			1.0
4489.1			1.0
4490.0			1.0
4490.9			1.0
4491.8			1.0602211998685627
4492.7			1.0643197808724674
4493.6			0.9851611971925893
4494.5			0.8836019665424536
4495.4			0.8502271211142275
4496.3			0.8716141328951669
4497.2			0.9234871017685321
4498.1			0.9793615967033437
4499.0			0.997479096529107
4499.9			1.0
4500.8			1.0
4501.7			1.0
4502.6			1.0
4503.5			1.0
4504.4			1.0
4505.3			1.0
4506.2			1.0
4507.1			1.0
4508.0			1.0
4508.9			1.0
4509.8			1.0
4510.7			1.0
4511.6			0.9839351407606453
4512.5			0.9436281308394346
4513.4			0.9127177727059853
4514.3			1.0
4515.2			1.0097831426187085
4516.1			1.0345665072673398
4517.0			1.0232933353074538
4517.9			0.9933460035081928
4518.8			1.0093095275488322
4519.7			1.0674266894864572
4520.6			1.1202448625356498
4521.5			1.1261955852508452
4522.4			1.0548880812205257
4523.3			0.9993394023525902
4524.2			1.0009039839291982
4525.1			0.9793931321159097
4526.0			0.9244707297007834
4526.9			0.8710273158657003
4527.8			0.832497145244205
4528.7			0.816612341312112
4529.6			0.8334134055576865
4530.5			0.8612072992832004
4531.4			0.9072356487229927
4532.3			0.9665475378902862
4533.2			0.9635245279150879
4534.1			0.9035363827053026
4535.0			0.8569342425487145
4535.9			0.8843111560957571
4536.8			1.0
4537.7			1.0899092611760945
4538.6			1.078553100285659
4539.5			1.018508381642881
4540.4			0.9675974459394873
4541.3			0.9536039972212328
4542.2			0.986603963649691
4543.1			1.0190265060766517
4544.0			0.9897670042128777
4544.9			0.940735870747104
4545.8			0.9443111754892424
4546.7			0.9725847834976922
4547.6			0.9773709566977011
4548.5			0.941133391058387
4549.4			0.8951470150096922
4550.3			0.9118090812203504
4551.2			0.9542314207540745
4552.1			0.9452125886006897
4553.0			0.916883362037272
4553.9			0.8953806216017146
4554.8			0.8812816782352296
4555.7			0.8996418630556998
4556.6			0.9593902680384966
4557.5			1.0152934515069965
4558.4			1.031773969164455
4559.3			1.0244678070734679
4560.2			1.0045314796678986
4561.1			1.001981728514893
4562.0			1.0
4562.9			0.9616225937161954
4563.8			0.8915128132939848
4564.7			0.8357365193609434
4565.6			0.8310562977268383
4566.5			0.8977501578920338
4567.4			0.9794530367616238
4568.3			1.0008919224165755
4569.2			1.0
4570.1			1.0
4571.0			1.0
4571.9			1.0
4572.8			1.0735339609994143
4573.7			1.1349692205613944
4574.6			1.1089166144647817
4575.5			1.0839782213782443
4576.4			1.083382337303344
4577.3			1.0719029097879365
4578.2			1.029915662018063
4579.1			1.0
4580.0			0.9292222451608886
4580.9			0.9125441260218904
4581.8			0.950126203212015
4582.7			0.9794526400240113
4583.6			0.9724170504639951
4584.5			0.9652073875324253
4585.4			0.9538726750600105
4586.3			0.9450100983196239
4587.2			0.9868486614612596
4588.1			1.054142323844593
4589.0			1.0870583927207962
4589.9			1.0729618527009115
4590.8			1.0248623524493057
4591.7			0.9654737141667773
4592.6			0.9329124056676271
4593.5			0.9246990545320182
4594.4			0.9070508895320785
4595.3			0.8909198230539184
4596.2			0.8909909273914821
4597.1			0.8933770075197204
4598.0			0.9100823610920687
4598.9			0.9456517961296029
4599.8			0.9274686446296094
4600.7			0.8897473584704656
4601.6			0.9068572991994824
4602.5			0.931987800324255
4603.4			0.9322191360901896
4604.3			0.9144751369084851
4605.2			0.8898124276759075
4606.1			0.9004055512864588
4607.0			0.9458952943809485
4607.9			1.0086535779990942
4608.8			1.0514911939426836
4609.7			1.0408647866883127
4610.6			0.9970799611813652
4611.5			1.0
4612.4			1.0
4613.3			1.0
4614.2			1.0
4615.1			1.0
4616.0			1.0
4616.9			1.0
4617.8			1.0
4618.7			1.0
4619.6			1.0
4620.5			1.0
4621.4			1.0
4622.3			1.0
4623.2			1.0
4624.1			1.0
4625.0			1.0
4625.9			1.0
4626.8			1.0
4627.7			1.0
4628.6			1.0
4629.5			1.0
4630.4			1.0
4631.3			1.0
4632.2			1.0
4633.1			1.0
4634.0			1.0
4634.9			1.0
4635.8			1.0
4636.7			1.0
4637.6			1.0
4638.5			1.0
4639.4			1.0
4640.3			1.0
4641.2			1.0
4642.1			1.0343664411339037
4643.0			1.015178584781009
4643.9			0.9774637857278285
4644.8			0.9497859916293495
4645.7			0.9026629116271249
4646.6			0.8419934009844485
4647.5			0.8268824489376099
4648.4			0.861292407739327
4649.3			0.9095245639990308
4650.2			0.9522421383261144
4651.1			0.982815321562994
4652.0			0.999668251544827
4652.9			1.0032849695486727
4653.8			1.0
4654.7			1.0
4655.6			1.0
4656.5			1.0
4657.4			1.0
4658.3			1.0
4659.2			1.0
4660.1			1.0
4661.0			1.0
4661.9			1.0
4662.8			0.9492822049408098
4663.7			0.9339436746656126
4664.6			0.9457450063123165
4665.5			0.9211752616825817
4666.4			0.8310121339630746
4667.3			0.7540558879954905
4668.2			0.7700201784217091
4669.1			0.8505533196818693
4670.0			0.9238327437856022
4670.9			0.9772451985816423
4671.8			0.9997973973232349
4672.7			1.0
4673.6			1.0
4674.5			1.0
4675.4			1.0
4676.3			1.0
4677.2			1.004464914051622
4678.1			0.9694801186300365
4679.0			0.9320065279956717
4679.9			0.9022772674897255
4680.8			0.8818604780333957
4681.7			0.8871402347724104
4682.6			0.9276878302919964
4683.5			0.9817574418274075
4684.4			0.9971512768879727
4685.3			1.0
4686.2			0.9934323048677117
4687.1			0.9702906844058234
4688.0			0.9501618703052862
4688.9			0.9584653120124519
4689.8			0.9701083113980185
4690.7			0.9577190740356205
4691.6			0.9456207018736417
4692.5			0.9563611003642654
4693.4			0.9732553141216519
4694.3			0.9932102364699965
4695.2			1.028881004261678
4696.1			1.0505366086306867
4697.0			1.0215361648356982
4697.9			0.9486248160794513
4698.8			0.8912362948467019
4699.7			0.8982584475755981
4700.6			0.9190337283041818
4701.5			0.9165991627477225
4702.4			0.9068894223303123
4703.3			0.907471123830243
4704.2			0.9368523243262881
4705.1			0.9654509101385255
4706.0			0.9638393544603545
4706.9			0.9396923752991592
4707.8			0.9128364655839972
4708.7			0.896918352177112
4709.6			0.9057227650747229
4710.5			0.9520779862338424
4711.4			1.0000469826894494
4712.3			1.0
4713.2			1.0
4714.1			1.0
4715.0			1.0
4715.9			1.0
4716.8			1.0
4717.7			1.0
4718.6			1.0
4719.5			1.0
4720.4			1.0
4721.3			1.0
4722.2			1.0
4723.1			0.9988677398778156
4724.0			1.0322965277427754
4724.9			1.0643663783757278
4725.8			1.055361915663274
4726.7			0.9824439531050055
4727.6			0.8910010469433643
4728.5			0.8568745018754896
4729.4			0.8751291806144283
4730.3			0.8991784665609956
4731.2			0.9214575638391876
4732.1			0.9547854113109245
4733.0			0.9838113461809705
4733.9			0.998529835941448
4734.8			1.0
4735.7			1.0
4736.6			1.0
4737.5			1.0
4738.4			1.0
4739.3			1.0
4740.2			1.0
4741.1			1.0
4742.0			1.0
4742.9			1.0
4743.8			1.0
4744.7			1.0
4745.6			1.0
4746.5			1.0
4747.4			1.0
4748.3			1.0
4749.2			1.0
4750.1			1.0
4751.0			1.0
4751.9			1.0
4752.8			1.0
4753.7			1.0
4754.6			1.0
4755.5			1.0
4756.4			1.0
4757.3			1.0
4758.2			1.0
4759.1			1.0
4760.0			1.0216256860031807
4760.9			1.0062696306120724
4761.8			0.9547256755989342
4762.7			0.9216728793325004
4763.6			0.920242826242782
4764.5			0.9125776399515342
4765.4			0.888122359770311
4766.3			0.8858334213462208
4767.2			0.9248171265530694
4768.1			0.972990210163229
4769.0			1.0215540972367558
4769.9			1.0560405065264888
4770.8			1.042569904439339
4771.7			1.0064811942028566
4772.6			1.001063145270113
4773.5			1.0
4774.4			1.0
4775.3			1.0
4776.2			1.0
4777.1			1.0054954421783477
4778.0			1.0203101975630275
4778.9			1.0118260845108398
4779.8			0.9940219042910104
4780.7			0.9845995369692593
4781.6			0.9730742212275069
4782.5			0.9485613743658778
4783.4			0.9304202364138761
4784.3			0.9488215131548562
4785.2			0.9524837164507682
4786.1			0.9103970611711216
4787.0			0.8985667907747173
4787.9			0.9235024061952987
4788.8			0.9226291417710109
4789.7			0.9071545971140564
4790.6			0.9140459609409203
4791.5			0.9312362451236592
4792.4			0.9503787916181878
4793.3			0.9934742860493806
4794.2			1.0384086931901233
4795.1			1.0
4796.0			0.9835644604330799
4796.9			0.9538035674375865
4797.8			0.9173681646616079
4798.7			0.8815956770733552
4799.6			0.8692085434170062
4800.5			0.8940124593229707
4801.4			0.9478382950959959
4802.3			1.0
4803.2			1.0119488789879678
4804.1			0.9907439010872798
4805.0			0.9573771029033371
4805.9			0.9500359396560969
4806.8			0.9478205617801637
4807.7			0.9304991511989383
4808.6			0.9293800200785234
4809.5			0.9674015141269288
4810.4			0.9991651190111632
4811.3			1.0045909832078717
4812.2			1.0017961800484796
4813.1			0.9980875926185165
4814.0			1.004060429747057
4814.9			1.0
4815.8			1.0
4816.7			1.0
4817.6			1.0
4818.5			1.0
4819.4			1.0
4820.3			1.0
4821.2			1.0
4822.1			0.9786813438950773
4823.0			0.9302154237455913
4823.9			0.9047684191765096
4824.8			0.9419806450446814
4825.7			0.9975366071396022
4826.6			1.0
4827.5			1.0
4828.4			1.0
4829.3			1.0
4830.2			1.0
4831.1			1.0
4832.0			1.0
4832.9			1.0
4833.8			1.0
4834.7			1.021447082017092
4835.6			1.0099514352414392
4836.5			1.0035289969806374
4837.4			1.0082847998750235
4838.3			0.9859160098453681
4839.2			0.9403750946576525
4840.1			0.9102169404021261
4841.0			0.9250142279191148
4841.9			0.9444301951622313
4842.8			0.9281621975695219
4843.7			0.920728975460806
4844.6			0.9583225730986337
4845.5			1.0010493768669493
4846.4			1.0
4847.3			1.0
4848.2			1.0
4849.1			1.0
4850.0			1.0
4850.9			1.0
4851.8			1.0
4852.7			1.0
4853.6			1.0
4854.5			1.0
4855.4			1.0
4856.3			1.0
4857.2			1.0615344541058311
4858.1			1.0630477271627754
4859.0			0.9974973461729629
4859.9			0.8887552440376507
4860.8			0.7693282778109402
4861.7			0.7454162106730081
4862.6			0.852182597182197
4863.5			0.9312304294071119
4864.4			0.9431873712752484
4865.3			0.9702274321896709
4866.2			1.001041931998934
4867.1			1.0
4868.0			1.0
4868.9			1.0
4869.8			0.998612083860827
4870.7			0.9321333959738054
4871.6			0.8702407471432136
4872.5			0.905291255448936
4873.4			0.9923622040581322
4874.3			1.0
4875.2			1.0
4876.1			1.0
4877.0			1.0
4877.9			1.0
4878.8			1.0
4879.7			1.0
4880.6			1.0
4881.5			1.0
4882.4			1.0
4883.3			1.0
4884.2			0.9802305067924929
4885.1			0.9123936777520442
4886.0			0.8669406549330926
4886.9			0.8761236815360318
4887.8			0.9065836546459457
4888.7			0.9153618456158961
4889.6			0.8991663940076332
4890.5			0.8378487478989621
4891.4			0.7995379365544607
4892.3			0.8745762993289289
4893.2			0.9712993568223526
4894.1			1.0293719178316112
4895.0			1.0551073746174229
4895.9			1.051099214423509
4896.8			1.0359394941610949
4897.7			1.0267546880021812
4898.6			1.0026886667667558
4899.5			1.0
4900.4			1.0
4901.3			1.0
4902.2			1.0
4903.1			1.0
4904.0			1.0
4904.9			1.0
4905.8			1.0
4906.7			1.0106357110587396
4907.6			0.976750258386503
4908.5			0.9361280312689215
4909.4			0.8926001556816129
4910.3			0.860684736728799
4911.2			0.8757975750374501
4912.1			0.9258600137675371
4913.0			0.970350739018131
4913.9			0.997016371797347
4914.8			1.0
4915.7			1.0
4916.6			0.997424342242103
4917.5			0.9426406440244398
4918.4			0.8586155403978362
4919.3			0.7862672601969536
4920.2			0.7625001208737692
4921.1			0.8140197843456978
4922.0			0.920582332458165
4922.9			0.9884588298099394
4923.8			0.9875519293385033
4924.7			1.0
4925.6			1.0
4926.5			1.0
4927.4			1.0
4928.3			1.0
4929.2			1.0
4930.1			1.0
4931.0			1.0
4931.9			1.0
4932.8			1.0
4933.7			1.0
4934.6			1.0
4935.5			1.0405295974896258
4936.4			1.008833300398338
4937.3			0.9262465410999658
4938.2			0.8492864045867982
4939.1			0.8287235249642438
4940.0			0.8867032074281791
4940.9			0.9668393806149232
4941.8			0.9922486323089611
4942.7			0.9889700997906209
4943.6			1.0
4944.5			1.0
4945.4			1.0
4946.3			1.0
4947.2			1.0
4948.1			1.0
4949.0			1.0
4949.9			1.0
4950.8			1.0
4951.7			1.0
4952.6			1.0
4953.5			1.0
4954.4			1.0
4955.3			1.0
4956.2			0.9416696536833741
4957.1			0.820774837557879
4958.0			0.7817504421145031
4958.9			0.8912754451852543
4959.8			1.0002404793638024
4960.7			1.0
4961.6			1.0
4962.5			1.0
4963.4			1.0
4964.3			1.0
4965.2			1.0
4966.1			1.0
4967.0			1.0
4967.9			1.0
4968.8			1.0
4969.7			1.0
4970.6			1.0
4971.5			1.0
4972.4			1.0
4973.3			1.0
4974.2			1.0
4975.1			1.0
4976.0			1.0
4976.9			1.0
4977.8			1.0
4978.7			0.9689196681281188
4979.6			0.9663275072067358
4980.5			0.9675929929650409
4981.4			0.933465955161625
4982.3			0.8701326553197583
4983.2			0.834637037109609
4984.1			0.8504183317145767
4985.0			0.8805564519613757
4985.9			0.9111370128247973
4986.8			0.9607108392725251
4987.7			0.9969186235581026
4988.6			1.0
4989.5			1.0
4990.4			1.0
4991.3			1.0
4992.2			1.0
4993.1			1.0
4994.0			1.0
4994.9			1.0
4995.8			1.0
4996.7			1.0
4997.6			1.0
4998.5			1.0
4999.4			1.0
5000.3			1.0
5001.2			1.0101302631554554
5002.1			1.0204433846251248
5003.0			1.0203203106918382
5003.9			1.00689431951993
5004.8			0.967605953746404
5005.7			0.9191406647249966
5006.6			0.9195464018673226
5007.5			0.9918273767373446
5008.4			1.0693634064460373
5009.3			1.0840771429680414
5010.2			1.0560286351771337
5011.1			1.017079410491147
5012.0			0.9585920410067439
5012.9			0.9016180101916931
5013.8			0.8800547338971525
5014.7			0.9026647029266821
5015.6			0.955515409663325
5016.5			0.9785473862464322
5017.4			0.9559390426153836
5018.3			0.9382946197245378
5019.2			0.9611967262115806
5020.1			0.9867808303031677
5021.0			0.9786334032844146
5021.9			0.9520336803360135
5022.8			0.9514326520983151
5023.7			0.9921299178040872
5024.6			1.0221518763028714
5025.5			1.0230508402478653
5026.4			1.0001807373986549
5027.3			1.0
5028.2			1.0
5029.1			1.0
5030.0			1.0
5030.9			1.0
5031.8			1.0
5032.7			1.0
5033.6			1.0
5034.5			1.0
5035.4			1.0
5036.3			1.0
5037.2			1.0129536231478282
5038.1			1.0130167823654277
5039.0			0.9491432924137602
5039.9			0.851115365347981
5040.8			0.7618161670638454
5041.7			0.7667438588203072
5042.6			0.8783710056377262
5043.5			0.9735016127033161
5044.4			1.0073861025772766
5045.3			1.0
5046.2			1.0
5047.1			1.0
5048.0			1.0
5048.9			1.0
5049.8			1.0
5050.7			1.0
5051.6			1.0
5052.5			1.0
5053.4			1.0
5054.3			1.0
5055.2			1.0
5056.1			1.0
5057.0			1.0
5057.9			1.0
5058.8			1.0
5059.7			1.0
5060.6			1.0
5061.5			1.0
5062.4			1.0
5063.3			0.9737530138251098
5064.2			0.9145458912483969
5065.1			0.8868418902886424
5066.0			0.9327362812879451
5066.9			0.9853928380718173
5067.8			1.0
5068.7			1.0
5069.6			1.0
5070.5			1.0
5071.4			1.0
5072.3			1.0
5073.2			1.0
5074.1			1.0
5075.0			1.0
5075.9			0.9932169124092397
5076.8			1.0116459322997968
5077.7			1.0118765711945177
5078.6			0.9349343359623428
5079.5			0.8327842185426343
5080.4			0.8153069815374347
5081.3			0.8811170374699477
5082.2			0.9348340547477146
5083.1			0.9436436395013756
5084.0			0.9594029190596085
5084.9			0.9990221488996476
5085.8			1.0
5086.7			1.0
5087.6			1.0
5088.5			1.0
5089.4			1.0
5090.3			1.0
5091.2			1.0
5092.1			1.0
5093.0			1.0
5093.9			1.0
5094.8			1.0
5095.7			0.9785386274706953
5096.6			0.9398159754375496
5097.5			0.8869761514117137
5098.4			0.8380474590097259
5099.3			0.8356815030472418
5100.2			0.9091833442168937
5101.1			0.994778444834384
5102.0			1.0
5102.9			0.9746367080271501
5103.8			0.9420756810603917
5104.7			0.9302579256060649
5105.6			0.9314009455398725
5106.5			0.9152895232683788
5107.4			0.8848898174815697
5108.3			0.8787968561170965
5109.2			0.8814961125493056
5110.1			0.8732787969402166
5111.0			0.8984761939527608
5111.9			0.94551551553614
5112.8			0.9598659351257964
5113.7			1.0
5114.6			1.004774925293577
5115.5			1.0117817835247307
5116.4			1.0311285003099584
5117.3			1.0553704773209702
5118.2			1.0640283647965165
5119.1			1.054835835658095
5120.0			1.0280246635106636
5120.9			0.9910084839863295
5121.8			0.9530856225373848
5122.7			0.905969866526511
5123.6			0.8675826874270031
5124.5			0.8727675059923301
5125.4			0.9014634403320956
5126.3			0.9169934841142322
5127.2			0.913858822755411
5128.1			0.9069136873921756
5129.0			0.90612298123023
5129.9			0.9229007990519362
5130.8			0.9557513769433309
5131.7			0.9834191811493236
5132.6			1.0010684211391772
5133.5			1.0
5134.4			1.0241865332794555
5135.3			1.0405341223526319
5136.2			1.013445608264746
5137.1			0.9692072005603471
5138.0			0.9420892034125881
5138.9			0.9208802939730403
5139.8			0.9406710606685516
5140.7			0.9869353641687397
5141.6			0.9657105969158537
5142.5			0.9144355050990514
5143.4			0.9356242783550686
5144.3			0.9863275654033873
5145.2			0.9884621466036304
5146.1			0.9625239683792638
5147.0			0.9497758669982511
5147.9			0.9615594094050538
5148.8			0.9956092325899147
5149.7			1.0168697729179301
5150.6			0.9981380967226505
5151.5			1.0
5152.4			1.0
5153.3			1.0
5154.2			1.0
5155.1			1.0
5156.0			1.0
5156.9			1.0
5157.8			1.0
5158.7			1.0
5159.6			1.0
5160.5			1.0
5161.4			1.0
5162.3			1.0
5163.2			1.0
5164.1			1.0
5165.0			1.0
5165.9			1.0
5166.8			1.0
5167.7			1.0
5168.6			1.0
5169.5			1.0
5170.4			1.0313525930520433
5171.3			0.8842901301018803
5172.2			0.6976099189636832
5173.1			0.6782871088865497
5174.0			0.8324275924757394
5174.9			0.9779489310219572
5175.8			1.0112229569511708
5176.7			1.0
5177.6			1.0
5178.5			1.0
5179.4			1.0
5180.3			0.978654944163267
5181.2			0.9263720977978985
5182.1			0.798591945595798
5183.0			0.6297718131890303
5183.9			0.5835145582351778
5184.8			0.7248402574911117
5185.7			0.9034414280196227
5186.6			0.9947430808547276
5187.5			1.0001813049021366
5188.4			1.0
5189.3			1.0
5190.2			1.0
5191.1			1.0
5192.0			1.0
5192.9			1.0
5193.8			1.0
5194.7			1.0
5195.6			1.0
5196.5			1.0
5197.4			1.0
5198.3			1.0
5199.2			1.0
5200.1			1.0
5201.0			1.0
5201.9			0.9836015195244664
5202.8			0.9760704771331913
5203.7			0.9517834725875753
5204.6			0.888734331218443
5205.5			0.8430995550384879
5206.4			0.8525088272331425
5207.3			0.8592830776811106
5208.2			0.8334952969172059
5209.1			0.8471769995780298
5210.0			0.9014866105592514
5210.9			0.9542387671867112
5211.8			1.0010590586823678
5212.7			1.03509914391061
5213.6			1.0390378173530694
5214.5			1.0012087047072926
5215.4			1.0
5216.3			1.0
5217.2			1.0
5218.1			1.0
5219.0			1.0
5219.9			1.0
5220.8			1.0
5221.7			1.0
5222.6			0.9781950288723397
5223.5			0.9337319253557763
5224.4			0.8760557639330885
5225.3			0.8166979009343405
5226.2			0.763659024513644
5227.1			0.7673436343339197
5228.0			0.8646437072839027
5228.9			0.9646728937416339
5229.8			1.0002229210463442
5230.7			1.0
5231.6			1.0
5232.5			1.0
5233.4			1.0
5234.3			1.0
5235.2			1.0
5236.1			1.0
5237.0			1.0
5237.9			1.0
5238.8			1.0
5239.7			1.0
5240.6			1.0117810174392639
5241.5			1.0143926456591348
5242.4			1.0016006083856173
5243.3			1.0047128176627533
5244.2			1.034945343304088
5245.1			1.0391664200200206
5246.0			0.9745394950824456
5246.9			0.8973294962569207
5247.8			0.8879554849579803
5248.7			0.9128734634662864
5249.6			0.8985889227287988
5250.5			0.876928241693574
5251.4			0.9005100940228098
5252.3			0.9371706899309361
5253.2			0.9489839535443388
5254.1			0.9243352811142049
5255.0			0.8910239064866607
5255.9			0.9251509832377534
5256.8			1.0040330689141848
5257.7			1.0532371234041769
5258.6			1.061875257210891
5259.5			1.0
5260.4			0.959042232561813
5261.3			0.8990990012600117
5262.2			0.8314145282244301
5263.1			0.7776407999906929
5264.0			0.7447060081883066
5264.9			0.7187306630433046
5265.8			0.7103310661678061
5266.7			0.7653092311547313
5267.6			0.8208193350752302
5268.5			0.7617539261067705
5269.4			0.6566622257205047
5270.3			0.6739523039627374
5271.2			0.8004502844914101
5272.1			0.88094682764328
5273.0			0.8837735638788268
5273.9			0.8707320120105965
5274.8			0.8468715338698392
5275.7			0.8463995902408523
5276.6			0.9105265519921596
5277.5			0.9817104224944696
5278.4			1.0
5279.3			0.9728341666991325
5280.2			0.9249443587723392
5281.1			0.8907084276215417
5282.0			0.8717840751775244
5282.9			0.8534694438886395
5283.8			0.8457977221559989
5284.7			0.8936047143566115
5285.6			0.9754205667426605
5286.5			1.0241139656555995
5287.4			1.0173557917219354
5288.3			1.0004048602507634
5289.2			1.0
5290.1			1.0
5291.0			1.0
5291.9			0.9805728444044864
5292.8			0.954212054599777
5293.7			0.9429557017032244
5294.6			0.9400781250189904
5295.5			0.9132509068888081
5296.4			0.8506430106144942
5297.3			0.7858666539365525
5298.2			0.7817926993946489
5299.1			0.8485416101478005
5300.0			0.8942623234684781
5300.9			0.8859205249691734
5301.8			0.8844128096812158
5302.7			0.9193208658674983
5303.6			0.9679658935461289
5304.5			1.0008844035984157
5305.4			1.0
5306.3			1.0
5307.2			1.0
5308.1			1.0
5309.0			1.0
5309.9			1.0
5310.8			1.0
5311.7			1.0
5312.6			1.0
5313.5			1.0
5314.4			1.0
5315.3			1.0
5316.2			1.0
5317.1			1.0
5318.0			1.0
5318.9			1.0
5319.8			1.0
5320.7			1.0
5321.6			1.0
5322.5			1.0
5323.4			1.0
5324.3			0.9705988286389796
5325.2			0.983114454770668
5326.1			0.9722545092762555
5327.0			0.8737491332197392
5327.9			0.7518673385372018
5328.8			0.7615903523083698
5329.7			0.8825070970811705
5330.6			0.9803508873722306
5331.5			0.9969664670625533
5332.4			1.0
5333.3			1.0
5334.2			1.0
5335.1			1.0
5336.0			1.0
5336.9			1.0
5337.8			0.9976873551572235
5338.7			0.9733142349094417
5339.6			0.9112211244745763
5340.5			0.8697612594252452
5341.4			0.9051351423226566
5342.3			0.9693173098575897
5343.2			1.0001859321227917
5344.1			1.0
5345.0			1.0
5345.9			1.0
5346.8			1.0
5347.7			1.0
5348.6			1.0
5349.5			1.0
5350.4			1.0
5351.3			1.0
5352.2			1.0
5353.1			1.0
5354.0			1.0
5354.9			1.0
5355.8			1.0
5356.7			1.0
5357.6			1.0
5358.5			1.0
5359.4			1.0
5360.3			1.0
5361.2			1.0
5362.1			1.0
5363.0			1.0
5363.9			1.0
5364.8			1.0
5365.7			1.0
5366.6			1.0
5367.5			0.9896792278558119
5368.4			0.9673368151091462
5369.3			0.9108803496542346
5370.2			0.8430927781926113
5371.1			0.8178876033204907
5372.0			0.8666558302466636
5372.9			0.943042907639302
5373.8			0.9854859182600969
5374.7			0.995803668281296
5375.6			1.0
5376.5			1.0
5377.4			1.0
5378.3			1.0
5379.2			1.0
5380.1			1.0
5381.0			1.0
5381.9			1.0
5382.8			1.0
5383.7			1.0
5384.6			1.0
5385.5			1.0
5386.4			1.0
5387.3			1.0
5388.2			1.0
5389.1			1.0
5390.0			1.0
5390.9			1.0
5391.8			1.0
5392.7			1.0
5393.6			1.0
5394.5			1.0
5395.4			1.0
5396.3			1.0
5397.2			1.0
5398.1			1.04940346648679
5399.0			1.0968224343074437
5399.9			1.0903737619527571
5400.8			1.0818462168549416
5401.7			1.0944469973085424
5402.6			1.0746397350241956
5403.5			0.9979084042888612
5404.4			0.911909007309215
5405.3			0.8665014197488803
5406.2			0.8834176382948451
5407.1			0.9361353186039928
5408.0			0.9663209323027409
5408.9			0.9425834717645105
5409.8			0.9121156349225954
5410.7			0.9327597937393326
5411.6			0.9817007553673983
5412.5			1.0054070080135047
5413.4			1.0
5414.3			1.0
5415.2			1.0
5416.1			1.0
5417.0			1.0
5417.9			1.0
5418.8			1.0
5419.7			1.0
5420.6			1.0
5421.5			1.0
5422.4			1.0
5423.3			1.0
5424.2			1.0
5425.1			1.0
5426.0			1.0
5426.9			1.036870955480489
5427.8			1.0107396007951222
5428.7			0.9295395485206349
5429.6			0.8898189077527102
5430.5			0.950771935831489
5431.4			1.0110045800714587
5432.3			1.0044690137065215
5433.2			1.0
5434.1			1.0
5435.0			1.0
5435.9			1.0
5436.8			1.0
5437.7			1.0
5438.6			1.0
5439.5			1.0
5440.4			1.0
5441.3			1.0
5442.2			1.0
5443.1			1.0
5444.0			0.9698851962464481
5444.9			0.9158459160639352
5445.8			0.8522278300043452
5446.7			0.8259239718520588
5447.6			0.8809624062174856
5448.5			0.9596635499818539
5449.4			0.9999910563314514
5450.3			1.0
5451.2			1.0
5452.1			1.0
5453.0			0.9739777304431115
5453.9			0.927586108272964
5454.8			0.8687662874022665
5455.7			0.8568814301764593
5456.6			0.9153980832340824
5457.5			0.9783970038950006
5458.4			1.0006693400793618
5459.3			1.0
5460.2			1.0
5461.1			1.0
5462.0			1.0
5462.9			1.0
5463.8			1.0
5464.7			1.0
5465.6			1.0
5466.5			1.0
5467.4			1.0
5468.3			1.0
5469.2			1.0
5470.1			1.0
5471.0			1.0
5471.9			1.0163288078263728
5472.8			1.0056093238229382
5473.7			1.0006229326940606
5474.6			1.009182421352989
5475.5			0.9686542565275614
5476.4			0.9086853643432188
5477.3			0.9363341449755148
5478.2			1.0326083202011034
5479.1			1.089001101061368
5480.0			1.0572538567132501
5480.9			1.0001946179991057
5481.8			1.0
5482.7			1.0
5483.6			1.0
5484.5			1.0
5485.4			1.0
5486.3			1.0
5487.2			1.0
5488.1			1.0
5489.0			1.0
5489.9			1.0
5490.8			1.0
5491.7			1.0
5492.6			1.0
5493.5			1.0
5494.4			1.0
5495.3			1.0
5496.2			1.0
5497.1			1.0
5498.0			1.0
5498.9			1.0
5499.8			1.0
5500.7			1.0
5501.6			1.0
5502.5			1.0
5503.4			1.0
5504.3			1.0
5505.2			1.0
5506.1			1.0
5507.0			1.0094245895973166
5507.9			1.0461530393835445
5508.8			1.0510727746060633
5509.7			1.0301486524232617
5510.6			1.0066232041081518
5511.5			0.9661759336883278
5512.4			0.9295234974316643
5513.3			0.9280912177664697
5514.2			0.9439182591927734
5515.1			0.961316021826904
5516.0			0.9671004959834457
5516.9			0.9734990769108661
5517.8			0.9992122939880101
5518.7			1.0
5519.6			1.0
5520.5			1.0
5521.4			1.0
5522.3			1.0
5523.2			1.0
5524.1			1.0
5525.0			0.9898977017101284
5525.9			0.9743970872760045
5526.8			0.9498014403942553
5527.7			0.9183937666327148
5528.6			0.9179415716294133
5529.5			0.9622661494835819
5530.4			1.0000399909026643
5531.3			1.0071469077125763
5532.2			1.0009145337377903
5533.1			1.0
5534.0			1.0
5534.9			1.0
5535.8			1.0
5536.7			1.0
5537.6			1.0
5538.5			1.0
5539.4			1.0
5540.3			1.0
5541.2			1.0
5542.1			1.0
5543.0			1.0
5543.9			1.0
5544.8			1.0
5545.7			1.0
5546.6			1.0
5547.5			1.0
5548.4			1.0
5549.3			1.0
5550.200000000001			1.0
5551.1			1.0
5552.0			1.0
5552.9			1.0
5553.8			1.0
5554.700000000001			1.0
5555.6			1.0
5556.5			1.0
5557.4			1.0
5558.3			1.0
5559.200000000001			1.0
5560.1			1.0
5561.0			1.0
5561.9			1.0
5562.8			1.0
5563.700000000001			1.0
5564.6			1.0
5565.5			1.0
5566.4			1.0
5567.3			1.0
5568.200000000001			1.0
5569.1			1.0
5570.0			1.0
5570.9			1.0
5571.8			1.0
5572.700000000001			1.0
5573.6			1.0
5574.5			1.0
5575.4			1.0
5576.3			1.0
5577.200000000001			1.0
5578.1			1.0
5579.0			1.002723157076946
5579.9			1.015521908972365
5580.8			1.0137185902918948
5581.700000000001			0.9997790910245603
5582.6			0.9962595156383676
5583.5			0.9964707287222923
5584.4			0.9831487936777428
5585.3			0.9524424472263827
5586.200000000001			0.9075858850217591
5587.1			0.8717480349462635
5588.0			0.8639472043279253
5588.9			0.8757492817071407
5589.8			0.897720532550671
5590.700000000001			0.9225939822190479
5591.6			0.9360245106993171
5592.5			0.935120975623005
5593.4			0.9254846905787265
5594.3			0.9298868885189879
5595.200000000001			0.9709507197592433
5596.1			1.0106492287929207
5597.0			1.0
5597.9			0.9579297628253033
5598.8			0.9363756495036033
5599.700000000001			0.9248710834259992
5600.6			0.9017773701644326
5601.5			0.8770392947359477
5602.4			0.8688686323877683
5603.3			0.8992580381872166
5604.200000000001			0.9572256552893559
5605.1			0.9988188707054262
5606.0			1.0092876151948456
5606.9			1.0015298450703414
5607.8			1.0
5608.700000000001			1.0
5609.6			1.0
5610.5			1.0
5611.4			1.0
5612.3			1.0136675185174857
5613.200000000001			0.9965157037954928
5614.1			0.9301745504441754
5615.0			0.8666590987258586
5615.9			0.8826429535110802
5616.8			0.9532773507397023
5617.700000000001			0.999233208020547
5618.6			1.0
5619.5			1.0
5620.4			1.0
5621.3			1.0
5622.200000000001			1.01222045923057
5623.1			0.9797407451972193
5624.0			0.9246690741779287
5624.9			0.9104534153329595
5625.8			0.949308642954698
5626.700000000001			0.9863743604460428
5627.6			1.001613890902873
5628.5			1.0
5629.4			1.0
5630.3			1.0
5631.200000000001			1.0
5632.1			1.0
5633.0			1.0
5633.9			1.0
5634.8			1.0
5635.700000000001			1.0
5636.6			1.0
5637.5			1.0
5638.4			1.0
5639.3			1.0
5640.200000000001			1.0
5641.1			1.0
5642.0			1.0
5642.9			1.0
5643.8			1.0
5644.700000000001			1.0
5645.6			1.0
5646.5			1.0
5647.4			1.0
5648.3			1.0
5649.200000000001			1.0
5650.1			1.0
5651.0			1.0
5651.9			1.0180460808757075
5652.8			1.0156095298784396
5653.700000000001			0.9836468632410903
5654.6			0.9559140569537635
5655.5			0.9675368187999294
5656.4			0.9755004734602306
5657.3			0.9188333498295298
5658.200000000001			0.8560686875611135
5659.1			0.8779252960675785
5660.0			0.9383840699079307
5660.9			0.9527060082328016
5661.8			0.9300928556471384
5662.700000000001			0.9280032437000505
5663.6			0.9632972824794879
5664.5			0.9999812634172501
5665.4			1.0
5666.3			1.0
5667.200000000001			1.0
5668.1			1.0
5669.0			1.0
5669.9			1.0
5670.8			1.0
5671.700000000001			1.0
5672.6			1.0
5673.5			1.0
5674.4			1.0
5675.3			1.0
5676.200000000001			1.0
5677.1			1.0
5678.0			1.0
5678.9			1.0
5679.8			1.0
5680.700000000001			1.0
5681.6			1.0
5682.5			1.0
5683.4			1.0
5684.3			1.0
5685.200000000001			1.0
5686.1			1.0
5687.0			1.0
5687.9			1.0
5688.8			1.0
5689.700000000001			1.0
5690.6			1.0
5691.5			1.0
5692.4			1.0
5693.3			1.0
5694.200000000001			1.0
5695.1			1.0
5696.0			1.0
5696.9			1.0
5697.8			1.0
5698.700000000001			1.0
5699.6			1.0
5700.5			1.0
5701.4			0.9808668818621232
5702.3			0.9881313868514575
5703.200000000001			1.014455946260686
5704.1			1.027756372211658
5705.0			1.0071851682703348
5705.9			0.9705050406964277
5706.8			0.9450213180627083
5707.700000000001			0.9241715131226673
5708.6			0.9013263234091461
5709.5			0.8982065776785131
5710.4			0.9078462011231535
5711.3			0.906009497653873
5712.200000000001			0.9244027128984795
5713.1			0.9713645883072534
5714.0			0.9970354694242127
5714.9			0.9992291777606629
5715.8			1.0036715584295088
5716.700000000001			1.0
5717.6			1.0
5718.5			1.0
5719.4			1.0
5720.3			1.0
5721.200000000001			1.0
5722.1			1.0
5723.0			1.0
5723.9			1.0
5724.8			1.0
5725.700000000001			1.0
5726.6			1.0
5727.5			1.0
5728.4			1.0
5729.3			1.0
5730.200000000001			1.0
5731.1			1.0
5732.0			1.0
5732.9			1.0
5733.8			1.0
5734.700000000001			1.0
5735.6			1.0
5736.5			1.0
5737.4			1.0
5738.3			1.0
5739.200000000001			1.0
5740.1			1.0
5741.0			1.0
5741.9			1.0
5742.8			1.0
5743.700000000001			1.0
5744.6			1.0
5745.5			1.0
5746.4			1.0
5747.3			1.0
5748.200000000001			1.0
5749.1			1.0
5750.0			1.0
5750.9			0.9990991124131063
5751.8			0.967416516488001
5752.700000000001			0.9256694257165743
5753.6			0.8996062812306602
5754.5			0.9154377283657298
5755.4			0.960860765885288
5756.3			0.9991285711163949
5757.200000000001			1.0
5758.1			1.0
5759.0			0.9821639409715754
5759.9			0.9515051462007297
5760.8			0.9233275523872618
5761.700000000001			0.9030979649767994
5762.6			0.9006492299146415
5763.5			0.9353850570738572
5764.4			0.9818861000498497
5765.3			1.001302644687975
5766.200000000001			0.9995128862285566
5767.1			1.0
5768.0			1.0
5768.9			1.0
5769.8			1.0
5770.700000000001			1.0
5771.6			1.0
5772.5			1.0
5773.4			1.0
5774.3			0.9942721107726534
5775.200000000001			0.9983469397641813
5776.1			1.016294977889183
5777.0			1.0284984198240925
5777.9			1.0229970899887757
5778.8			1.0016904699793372
5779.700000000001			0.9570832580166372
5780.6			0.899475961554307
5781.5			0.8727194534812327
5782.4			0.8893121383581128
5783.3			0.9081737935494126
5784.200000000001			0.8978309154773206
5785.1			0.8850236350467304
5786.0			0.9118301442867763
5786.9			0.9594606013205593
5787.8			0.9893498557887405
5788.700000000001			1.0000693700673031
5789.6			1.0
5790.5			1.0
5791.4			1.0
5792.3			1.0
5793.200000000001			1.0
5794.1			1.0
5795.0			1.0
5795.9			1.0
5796.8			1.0
5797.700000000001			1.0
5798.6			1.0
5799.5			1.0
5800.4			1.0
5801.3			1.0
5802.200000000001			1.0
5803.1			1.0
5804.0			1.0
5804.9			1.0
5805.8			1.0
5806.700000000001			1.0
5807.6			1.0
5808.5			1.0
5809.4			1.0
5810.3			1.0
5811.200000000001			1.0
5812.1			1.0
5813.0			1.0
5813.9			1.0
5814.8			1.0
5815.700000000001			1.0
5816.6			1.0
5817.5			1.0
5818.4			1.0
5819.3			1.0
5820.200000000001			1.0
5821.1			1.0
5822.0			1.0
5822.9			1.0
5823.8			1.0
5824.700000000001			1.0
5825.6			1.0
5826.5			1.0
5827.4			1.0
5828.3			1.0
5829.200000000001			1.0
5830.1			1.0
5831.0			1.0
5831.9			1.0
5832.8			1.0
5833.700000000001			1.0
5834.6			1.0
5835.5			1.0
5836.4			1.0
5837.3			1.0
5838.200000000001			1.0
5839.1			1.0
5840.0			1.0
5840.9			1.0
5841.8			1.0
5842.700000000001			1.0
5843.6			1.0
5844.5			1.0
5845.4			1.0
5846.3			1.0
5847.200000000001			1.0
5848.1			1.0
5849.0			1.0
5849.9			1.0
5850.8			1.0
5851.700000000001			1.0
5852.6			1.0
5853.5			1.0
5854.4			1.0150487283403686
5855.3			1.0198098899558392
5856.200000000001			0.9905712824846482
5857.1			0.9517319296871668
5858.0			0.9429278464443995
5858.9			0.9640312951182215
5859.8			0.9908014530646639
5860.700000000001			1.0070627138806163
5861.6			1.0028679469416653
5862.5			1.0
5863.4			1.0
5864.3			1.0
5865.200000000001			1.0
5866.1			1.0
5867.0			1.0
5867.9			1.0
5868.8			1.0
5869.700000000001			1.0
5870.6			1.0
5871.5			1.0
5872.4			1.0
5873.3			1.0
5874.200000000001			1.0
5875.1			1.0
5876.0			1.0
5876.9			1.0
5877.8			1.0
5878.700000000001			1.0
5879.6			1.0
5880.5			1.0
5881.4			1.0
5882.3			1.0
5883.200000000001			1.0
5884.1			1.0
5885.0			1.0
5885.9			1.0
5886.8			1.0082892167501958
5887.700000000001			0.9710885412972253
5888.6			0.8633622233265268
5889.5			0.7461494223323506
5890.4			0.7532598119691188
5891.3			0.8663597390990008
5892.200000000001			0.9582325235342153
5893.1			1.0050277048157987
5894.0			1.0116272680905987
5894.9			1.0
5895.8			1.0
5896.700000000001			1.0
5897.6			1.0
5898.5			1.0
5899.4			1.0
5900.3			1.0
5901.200000000001			1.0
5902.1			1.0
5903.0			1.0
5903.9			1.0
5904.8			1.0
5905.700000000001			1.0
5906.6			1.0
5907.5			1.0
5908.4			1.0
5909.3			1.0
5910.200000000001			1.0
5911.1			1.0
5912.0			1.0
5912.9			1.0
5913.8			1.0
5914.700000000001			1.0
5915.6			1.0
5916.5			1.0
5917.4			1.0
5918.3			1.0
5919.200000000001			1.0
5920.1			1.0
5921.0			1.0
5921.9			1.0
5922.8			1.0
5923.700000000001			1.0
5924.6			1.0
5925.5			1.0
5926.4			1.0
5927.3			1.0
5928.200000000001			1.0
5929.1			1.0
5930.0			1.0
5930.9			1.0
5931.8			1.0
5932.700000000001			1.0
5933.6			1.0
5934.5			1.0
5935.4			1.0
5936.3			1.0
5937.200000000001			1.0
5938.1			1.0
5939.0			1.0
5939.9			1.0
5940.8			1.0
5941.700000000001			1.0
5942.6			1.0
5943.5			1.0
5944.4			1.0
5945.3			1.0
5946.200000000001			1.0
5947.1			1.0
5948.0			1.0
5948.9			1.0
5949.8			1.0
5950.700000000001			1.0
5951.6			1.0
5952.5			1.0
5953.4			1.0
5954.3			1.0
5955.200000000001			1.0
5956.1			1.0
5957.0			1.0
5957.9			1.0
5958.8			1.0
5959.700000000001			1.0
5960.6			1.0
5961.5			1.0
5962.4			1.0
5963.3			1.0
5964.200000000001			1.0
5965.1			1.0
5966.0			1.0
5966.9			1.0
5967.8			1.0
5968.700000000001			1.0
5969.6			1.0
5970.5			1.0
5971.4			1.0
5972.3			1.0
5973.200000000001			1.0
5974.1			1.0
5975.0			1.0
5975.9			1.0
5976.8			1.0
5977.700000000001			1.0
5978.6			1.0
5979.5			1.0
5980.4			1.0
5981.3			1.0
5982.200000000001			1.0
5983.1			1.0
5984.0			1.0
5984.9			1.0
5985.8			1.0
5986.700000000001			1.0
5987.6			1.0
5988.5			1.0
5989.4			1.0
5990.3			1.0
5991.200000000001			1.0
5992.1			1.0
5993.0			1.0
5993.9			1.0
5994.8			1.0
5995.700000000001			1.0
5996.6			1.0
5997.5			1.0
5998.4			1.0
5999.3			1.0
6000.200000000001			1.0
6001.1			1.0
6002.0			1.0
6002.9			1.0
6003.8			1.0060436965845077
6004.700000000001			1.0130351607140728
6005.6			0.9998704928334838
6006.5			0.9723761504277104
6007.4			0.9395417430767163
6008.3			0.9354250081702619
6009.200000000001			0.9735817054466795
6010.1			1.0069238791095514
6011.0			1.0018855110054476
6011.9			1.0
6012.8			1.0
6013.700000000001			1.0
6014.6			1.0
6015.5			1.0
6016.4			1.0
6017.3			1.0
6018.200000000001			1.0
6019.1			1.0
6020.0			1.0
6020.9			1.0
6021.8			1.0
6022.700000000001			1.0
6023.6			1.0
6024.5			1.0
6025.4			1.0
6026.3			1.0
6027.200000000001			1.0
6028.1			1.0
6029.0			1.0
6029.9			1.0
6030.8			1.0
6031.700000000001			1.0
6032.6			1.0
6033.5			1.0
6034.4			1.0
6035.3			1.0
6036.200000000001			1.0
6037.1			1.0
6038.0			1.0
6038.9			1.0
6039.8			1.0
6040.700000000001			1.0
6041.6			1.0
6042.5			1.0
6043.4			1.0
6044.3			1.0
6045.200000000001			1.0
6046.1			1.0
6047.0			1.0
6047.9			1.0
6048.8			1.0
6049.700000000001			1.0
6050.6			1.0
6051.5			1.0
6052.4			1.0
6053.3			1.0
6054.200000000001			1.0
6055.1			1.0
6056.0			1.0
6056.9			1.0
6057.8			1.0
6058.700000000001			1.0
6059.6			1.0
6060.5			1.0
6061.4			1.0
6062.3			1.0
6063.200000000001			1.0
6064.1			1.0
6065.0			1.0
6065.9			1.0
6066.8			1.0
6067.700000000001			1.0
6068.6			1.0
6069.5			1.0
6070.4			1.0
6071.3			1.0
6072.200000000001			1.0
6073.1			1.0
6074.0			1.0
6074.9			1.0
6075.8			1.0
6076.700000000001			1.0
6077.6			1.0
6078.5			1.0
6079.4			1.0
6080.3			1.0
6081.200000000001			1.0
6082.1			1.0
6083.0			1.0
6083.9			1.0
6084.8			1.0
6085.700000000001			1.0
6086.6			1.0
6087.5			1.0
6088.4			1.0
6089.3			1.0
6090.200000000001			1.0
6091.1			1.0
6092.0			1.0
6092.9			1.0
6093.8			1.0
6094.700000000001			1.0
6095.6			1.0
6096.5			1.0
6097.4			1.0
6098.3			1.0
6099.200000000001			1.0
6100.1			1.0
6101.0			0.9741735494408871
6101.9			0.9150365143763204
6102.8			0.887327658154059
6103.700000000001			0.9345455093513193
6104.6			0.9965416093020795
6105.5			1.0
6106.4			1.0
6107.3			1.0
6108.200000000001			1.0
6109.1			1.0
6110.0			1.0
6110.9			1.0
6111.8			1.0
6112.700000000001			1.0
6113.6			1.0
6114.5			1.0
6115.4			1.0
6116.3			1.0
6117.200000000001			1.0
6118.1			1.0
6119.0			1.0
6119.9			1.0
6120.8			1.0
6121.700000000001			1.0
6122.6			1.0
6123.5			1.0
6124.4			1.0
6125.3			1.0
6126.200000000001			1.0
6127.1			1.0
6128.0			1.0
6128.9			1.0
6129.8			1.0
6130.700000000001			1.0
6131.6			1.0
6132.5			1.0
6133.4			1.0
6134.3			0.9792805173534009
6135.200000000001			0.9268120076889103
6136.1			0.8500854672685396
6137.0			0.8070493164408713
6137.9			0.8542615910265505
6138.8			0.9464620164606496
6139.700000000001			0.9997431135353696
6140.6			1.0
6141.5			1.0
6142.4			1.0
6143.3			1.0
6144.200000000001			1.0
6145.1			1.0
6146.0			1.0
6146.9			1.0
6147.8			1.0
6148.700000000001			1.0
6149.6			1.0
6150.5			1.0
6151.4			1.0
6152.3			1.0
6153.200000000001			1.0
6154.1			1.0
6155.0			1.0
6155.9			1.0
6156.8			1.0
6157.700000000001			1.0
6158.6			1.012912611507782
6159.5			1.0056516268161073
6160.4			0.9599938367387618
6161.3			0.9001179812936609
6162.200000000001			0.8742716389989004
6163.1			0.8955859751546897
6164.0			0.9423502730422407
6164.9			0.9811464333610415
6165.8			1.000857894888593
6166.700000000001			1.0
6167.6			1.0
6168.5			1.0
6169.4			1.0
6170.3			1.0
6171.200000000001			1.0
6172.1			1.0
6173.0			1.0
6173.9			1.0
6174.8			1.0
6175.700000000001			1.0
6176.6			1.0
6177.5			1.0
6178.4			1.0
6179.3			1.0
6180.200000000001			1.0
6181.1			1.0
6182.0			1.0
6182.9			1.0
6183.8			1.0
6184.700000000001			1.0
6185.6			1.0
6186.5			1.0
6187.4			1.0
6188.3			0.9965768909172136
6189.200000000001			0.9972971392876445
6190.1			0.966375038752393
6191.0			0.9114580119656911
6191.9			0.9113005179590346
6192.8			0.9653113492375349
6193.700000000001			0.9971892301430247
6194.6			1.0
6195.5			1.0
6196.4			1.0
6197.3			1.0
6198.200000000001			1.0
6199.1			1.0
6200.0			1.0
6200.9			1.0
6201.8			1.0
6202.700000000001			1.0
6203.6			1.0
6204.5			1.0
6205.4			1.0
6206.3			1.0
6207.200000000001			1.0
6208.1			1.0
6209.0			1.0
6209.9			1.0
6210.8			1.0
6211.700000000001			1.0
6212.6			1.0
6213.5			1.0
6214.4			1.0
6215.3			1.0
6216.200000000001			1.0
6217.1			1.0
6218.0			1.0
6218.9			1.0
6219.8			1.0
6220.700000000001			1.0
6221.6			1.0
6222.5			1.0
6223.4			1.0
6224.3			1.0
6225.200000000001			1.0
6226.1			1.0
6227.0			0.9986924199162686
6227.9			0.9929149963999855
6228.8			0.9673991337674148
6229.700000000001			0.9186221810271378
6230.6			0.8838584339205657
6231.5			0.8935393082216867
6232.4			0.9243229065566781
6233.3			0.9604774023007437
6234.200000000001			0.9999729467664373
6235.1			1.0
6236.0			1.0
6236.9			1.0
6237.8			1.0
6238.700000000001			1.0
6239.6			1.0
6240.5			1.0
6241.4			1.0
6242.3			1.0
6243.200000000001			1.0
6244.1			1.0
6245.0			1.0
6245.9			1.0
6246.8			1.0
6247.700000000001			1.0
6248.6			1.0203213941352502
6249.5			1.0199257676242186
6250.4			1.0056075098606079
6251.3			0.9686150524992789
6252.200000000001			0.9285713600468194
6253.1			0.9147612058278635
6254.0			0.9216996953550235
6254.9			0.9334673482870883
6255.8			0.9308586578251663
6256.700000000001			0.9165366095103923
6257.6			0.9011043684361363
6258.5			0.8974184733792953
6259.4			0.927845873868675
6260.3			0.9624891244286092
6261.200000000001			0.9766585902442517
6262.1			0.9966534226320539
6263.0			1.0176935187099205
6263.9			1.0055715455897616
6264.8			0.9727075567579581
6265.700000000001			0.9685101184029127
6266.6			0.9937254781388449
6267.5			1.0082097197329825
6268.4			0.9999235807259866
6269.3			1.0
6270.200000000001			1.0
6271.1			1.0
6272.0			1.0
6272.9			1.0
6273.8			1.0
6274.700000000001			1.0
6275.6			1.0
6276.5			1.0
6277.4			1.0
6278.3			1.0
6279.200000000001			1.0
6280.1			1.0
6281.0			1.0
6281.9			1.0
6282.8			1.0
6283.700000000001			1.0
6284.6			1.0
6285.5			1.0
6286.4			1.0
6287.3			1.0
6288.200000000001			1.0
6289.1			1.0
6290.0			1.0
6290.9			1.0
6291.8			1.0
6292.700000000001			1.0
6293.6			1.0
6294.5			1.0
6295.4			1.0
6296.3			1.0
6297.200000000001			1.0
6298.1			1.0
6299.0			1.0
6299.9			1.0
6300.8			1.0
6301.700000000001			1.0
6302.6			1.0
6303.5			1.0
6304.4			1.0
6305.3			1.0
6306.200000000001			1.0
6307.1			1.0
6308.0			1.0
6308.9			1.0
6309.8			1.0
6310.700000000001			1.0
6311.6			1.0
6312.5			1.0067993997705762
6313.4			1.002408163429847
6314.3			0.9647241144738689
6315.200000000001			0.9382609331968925
6316.1			0.9516153428381688
6317.0			0.9534236730522905
6317.9			0.9279383293278536
6318.8			0.9234098593467167
6319.700000000001			0.950215322550292
6320.6			0.9700979021377439
6321.5			0.9704629474077285
6322.4			0.9624742911459363
6323.3			0.9711550500169523
6324.200000000001			0.9901774959323273
6325.1			0.9997655525464765
6326.0			1.0
6326.9			1.0
6327.8			1.0
6328.700000000001			1.0
6329.6			1.0
6330.5			1.0
6331.4			1.0
6332.3			1.0
6333.200000000001			1.0
6334.1			1.0
6335.0			1.0
6335.9			1.0
6336.8			1.0
6337.700000000001			1.0
6338.6			1.0
6339.5			1.0
6340.4			1.0
6341.3			1.0
6342.200000000001			1.0
6343.1			1.0
6344.0			1.0
6344.9			1.0
6345.8			1.0
6346.700000000001			1.0
6347.6			1.0
6348.5			1.0
6349.4			1.0
6350.3			1.0
6351.200000000001			1.0
6352.1			1.0
6353.0			1.0
6353.9			1.0
6354.8			0.9767000932901336
6355.700000000001			0.986303192020918
6356.6			1.0062647717606001
6357.5			0.993563286493864
6358.4			0.9644900428439506
6359.3			0.958591740963386
6360.200000000001			0.9657000245548437
6361.1			0.9564597307801385
6362.0			0.938151637393511
6362.9			0.9369314690645084
6363.8			0.9522999647226646
6364.700000000001			0.9681894019796313
6365.6			0.977292201155028
6366.5			0.9863188631546679
6367.4			1.002626486681
6368.3			1.0127885899206623
6369.200000000001			1.0047116140444237
6370.1			0.9940318637219481
6371.0			1.0002096609609348
6371.9			1.0
6372.8			1.0
6373.700000000001			1.0
6374.6			1.0
6375.5			1.0
6376.4			1.0
6377.3			1.0
6378.200000000001			1.0
6379.1			1.0
6380.0			1.0
6380.9			1.0
6381.8			1.0
6382.700000000001			1.0
6383.6			1.0
6384.5			1.0
6385.4			1.0
6386.3			1.0
6387.200000000001			1.0
6388.1			1.0
6389.0			1.0
6389.9			1.0
6390.8			1.0
6391.700000000001			1.0
6392.6			1.0
6393.5			1.0
6394.4			1.0
6395.3			1.0
6396.200000000001			1.0
6397.1			1.0100220729538234
6398.0			0.9989399694062179
6398.9			0.949774663431292
6399.8			0.8985492429842553
6400.700000000001			0.9110032461165453
6401.6			0.9652003533167521
6402.5			1.0008012028144573
6403.4			1.0
6404.3			1.0
6405.200000000001			1.0
6406.1			1.0
6407.0			1.0
6407.9			1.0
6408.8			1.0
6409.700000000001			1.0
6410.6			1.0
6411.5			1.0
6412.4			1.0
6413.3			1.0
6414.200000000001			1.0
6415.1			1.0
6416.0			1.0
6416.9			1.0
6417.8			1.0
6418.700000000001			1.0
6419.6			1.0
6420.5			1.0
6421.4			1.0
6422.3			1.0
6423.200000000001			1.0
6424.1			1.0
6425.0			1.0
6425.9			1.0
6426.8			1.0
6427.700000000001			1.0
6428.6			1.0
6429.5			1.0
6430.4			1.0
6431.3			1.0
6432.200000000001			1.0
6433.1			1.0
6434.0			1.0
6434.9			1.0
6435.8			1.0
6436.700000000001			1.0
6437.6			1.0
6438.5			1.0
6439.4			1.0
6440.3			1.0
6441.200000000001			1.0
6442.1			1.0
6443.0			1.0
6443.9			1.0
6444.8			1.0
6445.700000000001			1.0
6446.6			1.0
6447.5			0.9913441199964986
6448.4			0.9451482261613136
6449.3			0.8749176830465749
6450.200000000001			0.8522033939745074
6451.1			0.9024264185662193
6452.0			0.9682358223429014
6452.9			1.0023353189414028
6453.8			1.0
6454.700000000001			1.0
6455.6			1.0
6456.5			1.0
6457.4			1.0
6458.3			1.0
6459.200000000001			1.0
6460.1			1.0041524719525325
6461.0			0.9775457058301832
6461.9			0.9241256196179574
6462.8			0.898906318595464
6463.700000000001			0.9308056090766902
6464.6			0.9779944520997794
6465.5			1.0057923435110767
6466.4			1.0
6467.3			1.0
6468.200000000001			1.0
6469.1			1.0
6470.0			1.0
6470.9			1.0
6471.8			1.0
6472.700000000001			1.0
6473.6			1.0
6474.5			1.0
6475.4			1.0
6476.3			1.0
6477.200000000001			1.0
6478.1			1.0
6479.0			1.0
6479.9			1.0
6480.8			1.0
6481.700000000001			1.0
6482.6			1.0
6483.5			1.0
6484.4			1.0
6485.3			1.0
6486.200000000001			1.0
6487.1			1.0
6488.0			1.0
6488.9			1.0
6489.8			0.9911019686309913
6490.700000000001			0.9790006073383088
6491.6			0.9732465471335857
6492.5			0.960368452307258
6493.4			0.9152658224176198
6494.3			0.8594378777756424
6495.200000000001			0.841501127805135
6496.1			0.8657966534888535
6497.0			0.9075912495454982
6497.9			0.9406701075265457
6498.8			0.9537507430746228
6499.700000000001			0.969253572076518
6500.6			0.9983900299553102
6501.5			1.0
6502.4			1.0
6503.3			1.0
6504.200000000001			1.0
6505.1			1.0
6506.0			1.0
6506.9			1.0
6507.8			1.0
6508.700000000001			1.0
6509.6			1.0
6510.5			1.0
6511.4			1.0
6512.3			1.0
6513.200000000001			1.0
6514.1			1.0
6515.0			1.0
6515.9			1.0
6516.8			1.0
6517.700000000001			1.0
6518.6			1.0
6519.5			1.0
6520.4			1.0
6521.3			1.0
6522.200000000001			1.0
6523.1			1.0
6524.0			1.0
6524.9			1.0
6525.8			1.0
6526.700000000001			1.0
6527.6			1.0
6528.5			1.0
6529.4			1.0
6530.3			1.0
6531.200000000001			1.0
6532.1			1.0
6533.0			1.0
6533.9			1.0
6534.8			1.0
6535.700000000001			1.0
6536.6			1.0
6537.5			1.0
6538.4			1.0
6539.3			1.0
6540.200000000001			1.0
6541.1			1.0
6542.0			1.0
6542.9			1.0
6543.8			1.0
6544.700000000001			1.0
6545.6			1.0
6546.5			1.0
6547.4			1.0
6548.3			1.0
6549.200000000001			1.0
6550.1			1.0
6551.0			1.0
6551.9			1.0
6552.8			1.0
6553.700000000001			1.0
6554.6			1.0
6555.5			1.0
6556.4			1.0
6557.3			1.0
6558.200000000001			1.0
6559.1			1.0
6560.0			0.9780900485473366
6560.9			0.9059220197658727
6561.8			0.7575637338464887
6562.700000000001			0.6429928569402064
6563.6			0.7014789827042142
6564.5			0.871724297456183
6565.4			0.9988543368950669
6566.3			1.0
6567.200000000001			1.0
6568.1			1.0
6569.0			1.0
6569.9			1.0
6570.8			1.0
6571.700000000001			1.0
6572.6			1.0
6573.5			1.0
6574.4			1.0
6575.3			1.0
6576.200000000001			1.0
6577.1			1.0
6578.0			1.0
6578.9			1.0
6579.8			1.0
6580.700000000001			1.0
6581.6			1.0
6582.5			1.0
6583.4			1.0
6584.3			1.0
6585.200000000001			1.0
6586.1			1.0
6587.0			1.0
6587.9			1.0
6588.8			1.0
6589.700000000001			1.0
6590.6			0.9972376147342603
6591.5			0.9691254405650741
6592.4			0.9177534849893282
6593.3			0.8893725776400716
6594.200000000001			0.916079503091638
6595.1			0.9672252795158189
6596.0			0.9991784279728789
6596.9			1.0
6597.8			1.0
6598.700000000001			1.0
6599.6			1.0
6600.5			1.0
6601.4			1.0
6602.3			1.0
6603.200000000001			1.0
6604.1			1.0
6605.0			1.0
6605.9			1.0
6606.8			1.0
6607.700000000001			1.0
6608.6			1.0
6609.5			1.0
6610.4			1.0
6611.3			1.0
6612.200000000001			1.0
6613.1			1.0
6614.0			1.0
6614.9			1.0
6615.8			1.0
6616.700000000001			1.0
6617.6			1.0
6618.5			1.0
6619.4			1.0
6620.3			1.0
6621.200000000001			1.0
6622.1			1.0
6623.0			1.0
6623.9			1.0
6624.8			1.0
6625.700000000001			1.0
6626.6			1.0
6627.5			1.0
6628.4			1.0
6629.3			1.0
6630.200000000001			1.0
6631.1			1.0
6632.0			1.0
6632.9			1.0
6633.8			1.0
6634.700000000001			1.0
6635.6			1.0
6636.5			1.0
6637.4			1.0
6638.3			1.0
6639.200000000001			1.0
6640.1			1.0
6641.0			1.0
6641.9			1.0
6642.8			1.0
6643.700000000001			1.0
6644.6			1.0
6645.5			1.0
6646.4			1.0
6647.3			1.0
6648.200000000001			1.0
6649.1			1.0
6650.0			1.0
6650.9			1.0
6651.8			1.0
6652.700000000001			1.0
6653.6			1.0
6654.5			1.0
6655.4			1.0
6656.3			1.0
6657.200000000001			1.0
6658.1			1.0
6659.0			1.0
6659.9			1.0
6660.8			1.0
6661.700000000001			1.0
6662.6			1.0
6663.5			1.0
6664.4			1.0
6665.3			1.0
6666.200000000001			1.0
6667.1			1.0
6668.0			1.0
6668.9			1.0
6669.8			1.0
6670.700000000001			1.0
6671.6			1.0
6672.5			1.0
6673.4			1.0
6674.3			1.0
6675.200000000001			1.0
6676.1			1.0
6677.0			1.0
6677.9			1.0
6678.8			1.0
6679.700000000001			1.0
6680.6			1.0
6681.5			1.0
6682.4			1.0
6683.3			1.0
6684.200000000001			1.0
6685.1			1.0
6686.0			1.0
6686.9			1.0
6687.8			1.0
6688.700000000001			1.0
6689.6			1.0
6690.5			1.0
6691.4			1.0
6692.3			1.0
6693.200000000001			1.0
6694.1			1.0
6695.0			1.0
6695.9			1.0
6696.8			1.0
6697.700000000001			1.0
6698.6			1.0
6699.5			1.0
6700.4			1.0
6701.3			1.0
6702.200000000001			1.0
6703.1			1.0
6704.0			1.0
6704.9			1.0
6705.8			1.0
6706.700000000001			1.0
6707.6			1.0
6708.5			1.0
6709.4			1.0
6710.3			1.0
6711.200000000001			1.0
6712.1			1.0
6713.0			1.0
6713.9			1.0
6714.8			1.0
6715.700000000001			1.0
6716.6			1.0
6717.5			1.0
6718.4			1.0
6719.3			1.0
6720.200000000001			1.0
6721.1			1.0
6722.0			1.0
6722.9			1.0
6723.8			1.0
6724.700000000001			1.0
6725.6			1.0
6726.5			1.0
6727.4			1.0
6728.3			1.0
6729.200000000001			1.0
6730.1			1.0
6731.0			1.0
6731.9			1.0
6732.8			1.0
6733.700000000001			1.0
6734.6			1.0
6735.5			1.0
6736.4			1.0
6737.3			1.0
6738.200000000001			1.0
6739.1			1.0
6740.0			1.0
6740.9			1.0
6741.8			1.0
6742.700000000001			1.0
6743.6			1.0
6744.5			1.0
6745.4			1.0
6746.3			1.0
6747.200000000001			1.0
6748.1			1.0
6749.0			1.0
6749.9			1.0
6750.8			1.0
6751.700000000001			1.0
6752.6			1.0
6753.5			1.0
6754.4			1.0
6755.3			1.0
6756.200000000001			1.0
6757.1			1.0
6758.0			1.0
6758.9			1.0
6759.8			1.0
6760.700000000001			1.0
6761.6			1.0
6762.5			1.0
6763.4			1.0
6764.3			1.0
6765.200000000001			1.0
6766.1			1.0
6767.0			1.0
6767.9			1.0
6768.8			1.0
6769.700000000001			1.0
6770.6			1.0
6771.5			1.0
6772.4			1.0
6773.3			1.0
6774.200000000001			1.0
6775.1			1.0
6776.0			1.0
6776.9			1.0
6777.8			1.0
6778.700000000001			1.0
6779.6			1.0
6780.5			1.0
6781.4			1.0
6782.3			1.0
6783.200000000001			1.0
6784.1			1.0
6785.0			1.0
6785.9			1.0
6786.8			1.0
6787.700000000001			1.0
6788.6			1.0
6789.5			1.0
6790.4			1.0
6791.3			1.0
6792.200000000001			1.0
6793.1			1.0
6794.0			1.0
6794.9			1.0
6795.8			1.0
6796.700000000001			1.0
6797.6			1.0
6798.5			1.0
6799.4			1.0
6800.3			1.0
6801.200000000001			1.0
6802.1			1.0
6803.0			1.0
6803.9			1.0
6804.8			1.0
6805.700000000001			1.0
6806.6			1.0
6807.5			1.0
6808.4			1.0
6809.3			1.0
6810.200000000001			1.0
6811.1			1.0
6812.0			1.0
6812.9			1.0
6813.8			1.0
6814.700000000001			1.0
6815.6			1.0
6816.5			1.0
6817.4			1.0
6818.3			1.0
6819.200000000001			1.0
6820.1			1.0
6821.0			1.0
6821.9			1.0
6822.8			1.0
6823.700000000001			1.0
6824.6			1.0
6825.5			1.0
6826.4			1.0
6827.3			1.0
6828.200000000001			1.0
6829.1			1.0
6830.0			1.0
6830.9			1.0
6831.8			1.0
6832.700000000001			1.0
6833.6			1.0
6834.5			1.0
6835.4			1.0
6836.3			1.0
6837.200000000001			1.0
6838.1			1.0
6839.0			1.0
6839.9			1.0
6840.8			1.0
6841.700000000001			1.0
6842.6			1.0
6843.5			1.0
6844.4			1.0
6845.3			1.0
6846.200000000001			1.0
6847.1			1.0
6848.0			1.0
6848.9			1.0
6849.8			1.0
6850.700000000001			1.0
6851.6			1.0
6852.5			1.0
6853.4			1.0
6854.3			1.0
6855.200000000001			1.0
6856.1			1.0
6857.0			1.0
6857.9			1.0
6858.8			1.0
6859.700000000001			1.0
6860.6			1.0
6861.5			1.0
6862.4			1.0
6863.3			1.0
6864.200000000001			1.0
6865.1			1.0
6866.0			1.0
6866.9			1.0
6867.8			1.0
6868.700000000001			1.0
6869.6			1.0
6870.5			1.0
6871.4			1.0
6872.3			1.0
6873.200000000001			1.0
6874.1			1.0
6875.0			1.0
6875.9			1.0
6876.8			1.0
6877.700000000001			1.0
6878.6			1.0
6879.5			1.0
6880.4			1.0
6881.3			1.0
6882.200000000001			1.0
6883.1			1.0
6884.0			1.0
6884.9			1.0
6885.8			1.0
6886.700000000001			1.0
6887.6			1.0
6888.5			1.0
6889.4			1.0
6890.3			1.0
6891.200000000001			1.0
6892.1			1.0
6893.0			1.0
6893.9			1.0
6894.8			1.0
6895.700000000001			1.0
6896.6			1.0
6897.5			1.0
6898.4			1.0
6899.3			1.0
6900.200000000001			1.0
6901.1			1.0
6902.0			1.0
6902.9			1.0
6903.8			1.0
6904.700000000001			1.0
6905.6			1.0
6906.5			1.0
6907.4			1.0
6908.3			1.0
6909.200000000001			1.0
6910.1			1.0
6911.0			1.0
6911.9			1.0
6912.8			1.0
6913.700000000001			1.0
6914.6			1.0
6915.5			1.0
6916.4			1.0
6917.3			1.0
6918.200000000001			1.0
6919.1			1.0
6920.0			1.0
6920.9			1.0
6921.8			1.0
6922.700000000001			1.0
6923.6			1.0
6924.5			1.0
6925.4			1.0
6926.3			1.0
6927.200000000001			1.0
6928.1			1.0
6929.0			1.0
6929.9			1.0
6930.8			1.0
6931.700000000001			1.0
6932.6			1.0
6933.5			1.0
6934.4			1.0
6935.3			1.0
6936.200000000001			1.0
6937.1			1.0
6938.0			1.0
6938.9			1.0
6939.8			1.0
6940.700000000001			1.0
6941.6			1.0
6942.5			1.0
6943.4			1.0
6944.3			1.0
6945.200000000001			1.0
6946.1			1.0
6947.0			1.0
6947.9			1.0
6948.8			1.0
6949.700000000001			1.0
6950.6			1.0
6951.5			1.0
6952.4			1.0
6953.3			1.0
6954.200000000001			1.0
6955.1			1.0
6956.0			1.0
6956.9			1.0
6957.8			1.0
6958.700000000001			1.0
6959.6			1.0
6960.5			1.0
6961.4			1.0
6962.3			1.0
6963.200000000001			1.0
6964.1			1.0
6965.0			1.0
6965.9			1.0
6966.8			1.0
6967.700000000001			1.0
6968.6			1.0
6969.5			1.0
6970.4			1.0
6971.3			1.0
6972.200000000001			1.0
6973.1			1.0
6974.0			1.0
6974.9			0.9816351877147633
6975.8			0.9611376385665187
6976.700000000001			0.9362226119849086
6977.6			0.9009631381523954
6978.5			0.880395680723583
6979.4			0.9022454709014375
6980.3			0.9457450445989761
6981.200000000001			0.9798249274631711
6982.1			1.000006630131399
6983.0			1.0
6983.9			1.0
6984.8			1.0
6985.700000000001			1.0
6986.6			1.0
6987.5			1.0
6988.4			1.0
6989.3			1.0
6990.200000000001			1.0
6991.1			1.0
6992.0			1.0
6992.9			1.0
6993.8			1.0
6994.700000000001			1.0
6995.6			1.0
6996.5			1.0
6997.4			1.0
6998.3			1.0
6999.200000000001			1.0
7000.1			1.0
7001.0			1.0
7001.9			1.0
7002.8			1.0
7003.700000000001			1.0
7004.6			1.0
7005.5			1.0
7006.4			1.0
7007.3			1.0
7008.200000000001			1.0
7009.1			1.0
7010.0			1.0
7010.9			1.0
7011.8			1.0
7012.700000000001			1.0
7013.6			1.0
7014.5			1.0
7015.4			1.0
7016.3			1.0
7017.200000000001			1.0
7018.1			1.0
7019.0			1.0
7019.9			1.0
7020.8			1.0
7021.700000000001			1.0
7022.6			1.0
7023.5			1.0
7024.4			1.0
7025.3			1.0
7026.200000000001			1.0
7027.1			1.0
7028.0			1.0
7028.9			1.0
7029.8			1.0
7030.700000000001			1.0
7031.6			1.0
7032.5			1.0
7033.4			1.0
7034.3			1.0
7035.200000000001			1.0
7036.1			1.0
7037.0			1.0
7037.9			1.0
7038.8			1.0
7039.700000000001			1.0
7040.6			1.0
7041.5			1.0
7042.4			1.0
7043.3			1.0
7044.200000000001			1.0
7045.1			1.0
7046.0			1.0
7046.9			1.0
7047.8			1.0
7048.700000000001			1.0
7049.6			1.0
7050.5			1.0
7051.4			1.0
7052.3			1.0
7053.200000000001			1.0
7054.1			1.0
7055.0			1.0
7055.9			1.0
7056.8			1.0
7057.700000000001			1.0
7058.6			1.0
7059.5			1.0
7060.4			1.0
7061.3			1.0
7062.200000000001			1.0
7063.1			1.0
7064.0			1.0
7064.9			1.0
7065.8			1.0
7066.700000000001			1.0
7067.6			1.0
7068.5			1.0
7069.4			1.0
7070.3			1.0
7071.200000000001			1.0
7072.1			1.0
7073.0			1.0
7073.9			1.0
7074.8			1.0
7075.700000000001			1.0
7076.6			1.0
7077.5			1.0
7078.4			1.0
7079.3			1.0
7080.200000000001			1.0
7081.1			1.0
7082.0			1.0
7082.9			1.0
7083.8			1.0
7084.700000000001			1.0
7085.6			1.0
7086.5			1.0
7087.4			1.0
7088.3			1.0
7089.200000000001			1.0
7090.1			1.0
7091.0			1.0
7091.9			1.0
7092.8			1.0
7093.700000000001			1.0
7094.6			1.0
7095.5			1.0
7096.4			1.0
7097.3			1.0
7098.200000000001			1.0
7099.1			1.0
7100.0			1.0
7100.9			1.0
7101.8			1.0
7102.700000000001			1.0
7103.6			1.0
7104.5			1.0
7105.4			1.0
7106.3			1.0
7107.200000000001			1.0
7108.1			1.0
7109.0			1.0
7109.9			1.0
7110.8			1.0
7111.700000000001			1.0
7112.6			1.0
7113.5			1.0
7114.4			1.0
7115.3			1.0
7116.200000000001			1.0
7117.1			1.0
7118.0			1.0
7118.9			1.0
7119.8			1.0
7120.700000000001			1.0
7121.6			1.0
7122.5			1.0
7123.4			1.0
7124.3			1.0
7125.200000000001			1.0
7126.1			1.0
7127.0			1.0
7127.9			1.0
7128.8			1.0
7129.700000000001			1.0
7130.6			1.0
7131.5			1.0
7132.4			1.0
7133.3			1.0
7134.200000000001			1.0
7135.1			1.0
7136.0			1.0
7136.9			1.0
7137.8			1.0
7138.700000000001			1.0
7139.6			1.0
7140.5			1.0
7141.4			1.0
7142.3			1.0
7143.200000000001			1.0
7144.1			1.0
7145.0			1.0
7145.9			1.0
7146.8			1.0
7147.700000000001			1.0
7148.6			1.0
7149.5			1.0
7150.4			1.0
7151.3			1.0
7152.200000000001			1.0
7153.1			1.0
7154.0			1.0
7154.9			1.0
7155.8			1.0
7156.700000000001			1.0
7157.6			1.0
7158.5			1.0
7159.4			1.0
7160.3			1.0
7161.200000000001			1.0
7162.1			1.0
7163.0			1.0
7163.9			1.0
7164.8			1.0
7165.700000000001			1.0
7166.6			1.0
7167.5			1.0
7168.4			1.0
7169.3			1.0
7170.200000000001			1.0
7171.1			1.0
7172.0			1.0
7172.9			1.0
7173.8			1.0
7174.700000000001			1.0
7175.6			1.0
7176.5			1.0
7177.4			1.0
7178.3			1.0
7179.200000000001			1.0
7180.1			1.0
7181.0			1.0
7181.9			1.0
7182.8			1.0
7183.700000000001			1.0
7184.6			1.0
7185.5			1.0
7186.4			1.0
7187.3			1.0
7188.200000000001			1.0
7189.1			1.0
7190.0			1.0
7190.9			1.0
7191.8			1.0
7192.700000000001			1.0
7193.6			1.0
7194.5			1.0
7195.4			1.0
7196.3			1.0
7197.200000000001			1.0
7198.1			1.0
7199.0			1.0
7199.9			1.0
7200.8			1.0
7201.700000000001			1.0
7202.6			1.0
7203.5			1.0
7204.4			1.0
7205.3			1.0
7206.200000000001			1.0
7207.1			1.0
7208.0			1.0
7208.9			1.0
7209.8			1.0
7210.700000000001			1.0
7211.6			1.0
7212.5			1.0
7213.4			1.0
7214.3			1.0
7215.200000000001			1.0
7216.1			1.0
7217.0			1.0
7217.9			1.0
7218.8			1.0
7219.700000000001			1.0
7220.6			1.0
7221.5			1.0
7222.4			1.0
7223.3			1.0
7224.200000000001			1.0
7225.1			1.0
7226.0			1.0
7226.9			1.0
7227.8			1.0
7228.700000000001			1.0
7229.6			1.0
7230.5			1.0
7231.4			1.0
7232.3			1.0
7233.200000000001			1.0
7234.1			1.0
7235.0			1.0
7235.9			1.0
7236.8			1.0
7237.700000000001			1.0
7238.6			1.0
7239.5			1.0
7240.4			1.0
7241.3			1.0
7242.200000000001			1.0
7243.1			1.0
7244.0			1.0
7244.9			1.0
7245.8			1.0
7246.700000000001			1.0
7247.6			1.0
7248.5			1.0
7249.4			1.0
7250.3			1.0
7251.200000000001			1.0
7252.1			1.0
7253.0			1.0
7253.9			1.0
7254.8			1.0
7255.700000000001			1.0
7256.6			1.0
7257.5			1.0
7258.4			1.0
7259.3			1.0
7260.200000000001			1.0
7261.1			1.0
7262.0			1.0
7262.9			1.0
7263.8			1.0
7264.700000000001			1.0
7265.6			1.0
7266.5			1.0
7267.4			1.0
7268.3			1.0
7269.200000000001			1.0
7270.1			1.0
7271.0			1.0
7271.9			1.0
7272.8			1.0
7273.700000000001			1.0
7274.6			1.0
7275.5			1.0
7276.4			1.0
7277.3			1.0
7278.200000000001			1.0
7279.1			1.0
7280.0			1.0
7280.9			1.0
7281.8			1.0
7282.700000000001			1.0
7283.6			1.0
7284.5			1.0
7285.4			1.0
7286.3			1.0
7287.200000000001			1.0
7288.1			1.0
7289.0			1.0
7289.9			1.0
7290.8			1.0
7291.700000000001			1.0
7292.6			1.0
7293.5			1.0
7294.4			1.0
7295.3			1.0
7296.200000000001			1.0
7297.1			1.0
7298.0			1.0
7298.9			1.0
7299.8			1.0
7300.700000000001			1.0
7301.6			1.0
7302.5			1.0
7303.4			1.0
7304.3			1.0
7305.200000000001			1.0
7306.1			1.0
7307.0			1.0
7307.9			1.0
7308.8			1.0
7309.700000000001			1.0
7310.6			1.0
7311.5			1.0
7312.4			1.0
7313.3			1.0
7314.200000000001			1.0
7315.1			1.0
7316.0			1.0
7316.9			1.0
7317.8			1.0
7318.700000000001			1.0
7319.6			1.0
7320.5			1.0
7321.4			1.0
7322.3			1.0
7323.200000000001			1.0
7324.1			1.0
7325.0			1.0
7325.9			1.0
7326.8			1.0
7327.700000000001			1.0
7328.6			1.0
7329.5			1.0
7330.4			1.0
7331.3			1.0
7332.200000000001			1.0
7333.1			1.0
7334.0			1.0
7334.9			1.0
7335.8			1.0
7336.700000000001			1.0
7337.6			1.0
7338.5			1.0
7339.4			1.0
7340.3			1.0
7341.200000000001			1.0
7342.1			1.0
7343.0			1.0
7343.9			1.0
7344.8			1.0
7345.700000000001			1.0
7346.6			1.0
7347.5			1.0
7348.4			1.0
7349.3			1.0
7350.200000000001			1.0
7351.1			1.0
7352.0			1.0
7352.9			1.0
7353.8			1.0
7354.700000000001			1.0
7355.6			1.0
7356.5			1.0
7357.4			1.0
7358.3			1.0
7359.200000000001			1.0
7360.1			1.0
7361.0			1.0
7361.9			1.0
7362.8			1.0
7363.700000000001			1.0
7364.6			1.0
7365.5			1.0
7366.4			1.0
7367.3			1.0
7368.200000000001			1.0
7369.1			1.0
7370.0			1.0
7370.9			1.0
7371.8			1.0
7372.700000000001			1.0
7373.6			1.0
7374.5			1.0
7375.4			1.0
7376.3			1.0
7377.200000000001			1.0
7378.1			1.0
7379.0			1.0
7379.9			1.0
7380.8			1.0
7381.700000000001			1.0
7382.6			1.0
7383.5			1.0
7384.4			1.0
7385.3			1.0
7386.200000000001			1.0
7387.1			1.0
7388.0			1.0
7388.9			1.0
7389.8			1.0
7390.700000000001			1.0
7391.6			1.0
7392.5			1.0
7393.4			1.0
7394.3			1.0
7395.200000000001			1.0
7396.1			1.0
7397.0			1.0
7397.9			1.0
7398.8			1.0
7399.700000000001			1.0
7400.6			1.0
7401.5			1.0
7402.4			1.0
7403.3			1.0
7404.200000000001			1.0
7405.1			1.0
7406.0			1.0
7406.9			1.0
7407.8			1.0
7408.700000000001			1.0
7409.6			1.0
7410.5			1.0
7411.4			1.0
7412.3			1.0
7413.200000000001			1.0
7414.1			1.0
7415.0			1.0
7415.9			1.0
7416.8			1.0
7417.700000000001			1.0
7418.6			1.0
7419.5			1.0
7420.4			1.0
7421.3			1.0
7422.200000000001			1.0
7423.1			1.0
7424.0			1.0
7424.9			1.0
7425.8			1.0
7426.700000000001			1.0
7427.6			1.0
7428.5			1.0
7429.4			1.0
