3500.0			1.0
3500.9			1.0
3501.8			1.0
3502.7			1.0
3503.6			1.0
3504.5			1.0
3505.4			1.0
3506.3			1.0
3507.2			1.0
3508.1			1.0
3509.0			1.0
3509.9			1.0
3510.8			1.0
3511.7			1.0
3512.6			1.0
3513.5			1.0
3514.4			1.0
3515.3			1.0
3516.2			1.0
3517.1			1.0
3518.0			1.0
3518.9			1.0
3519.8			1.0
3520.7			1.0
3521.6			1.0
3522.5			1.0
3523.4			1.0
3524.3			1.0
3525.2			1.0
3526.1			1.0
3527.0			1.0
3527.9			1.0
3528.8			1.0
3529.7			1.0
3530.6			1.0
3531.5			1.0
3532.4			1.0
3533.3			1.0
3534.2			1.0
3535.1			1.0
3536.0			1.0
3536.9			1.0
3537.8			1.0
3538.7			1.0
3539.6			1.0
3540.5			1.0
3541.4			1.0
3542.3			1.0
3543.2			1.0
3544.1			1.0
3545.0			1.0
3545.9			1.0
3546.8			1.0
3547.7			1.0
3548.6			1.0
3549.5			1.0
3550.4			1.0
3551.3			1.0
3552.2			1.0
3553.1			1.0
3554.0			1.0
3554.9			1.0
3555.8			1.0
3556.7			1.0
3557.6			1.0
3558.5			1.0
3559.4			1.0
3560.3			1.0
3561.2			1.0
3562.1			1.0
3563.0			1.0
3563.9			1.0
3564.8			1.0
3565.7			1.0
3566.6			1.0
3567.5			1.0
3568.4			1.0
3569.3			1.0
3570.2			1.0
3571.1			1.0
3572.0			1.0
3572.9			1.0
3573.8			1.0
3574.7			1.0
3575.6			1.0
3576.5			1.0
3577.4			1.0
3578.3			1.0
3579.2			1.0
3580.1			1.0
3581.0			1.0
3581.9			1.0
3582.8			1.0
3583.7			1.0
3584.6			1.0
3585.5			1.0
3586.4			1.0
3587.3			1.0
3588.2			1.0
3589.1			1.0
3590.0			1.0
3590.9			1.0
3591.8			1.0
3592.7			1.0
3593.6			1.0
3594.5			1.0
3595.4			1.0
3596.3			1.0
3597.2			1.0
3598.1			1.0
3599.0			1.0
3599.9			1.0
3600.8			1.0
3601.7			1.0
3602.6			1.0
3603.5			1.0
3604.4			1.0
3605.3			1.0
3606.2			1.0
3607.1			1.0
3608.0			1.0
3608.9			1.0
3609.8			1.0
3610.7			1.0
3611.6			1.0
3612.5			1.0
3613.4			1.0
3614.3			1.0
3615.2			1.0
3616.1			1.0
3617.0			1.0
3617.9			1.0
3618.8			1.0
3619.7			1.0
3620.6			1.0
3621.5			1.0
3622.4			1.0
3623.3			1.0
3624.2			1.0
3625.1			1.0
3626.0			1.0
3626.9			1.0
3627.8			1.0
3628.7			1.0
3629.6			1.0
3630.5			1.0
3631.4			1.0
3632.3			1.0
3633.2			1.0
3634.1			1.0
3635.0			1.0
3635.9			1.0
3636.8			1.0
3637.7			1.0
3638.6			1.0
3639.5			1.0
3640.4			1.0
3641.3			1.0
3642.2			1.0
3643.1			1.0
3644.0			1.0
3644.9			1.0
3645.8			1.0
3646.7			1.0
3647.6			1.0
3648.5			1.0
3649.4			1.0
3650.3			1.0
3651.2			1.0
3652.1			1.0
3653.0			1.0
3653.9			1.0
3654.8			1.0
3655.7			1.0
3656.6			1.0
3657.5			1.0
3658.4			1.0
3659.3			1.0
3660.2			1.0
3661.1			1.0
3662.0			1.0
3662.9			1.0
3663.8			1.0
3664.7			1.0
3665.6			1.0
3666.5			1.0
3667.4			1.0
3668.3			1.0
3669.2			1.0
3670.1			1.0
3671.0			1.0
3671.9			1.0
3672.8			1.0
3673.7			1.0
3674.6			1.0
3675.5			1.0
3676.4			1.0
3677.3			1.0
3678.2			1.0
3679.1			1.0
3680.0			1.0
3680.9			1.0
3681.8			1.0
3682.7			1.0
3683.6			1.0
3684.5			1.0
3685.4			1.0
3686.3			1.0
3687.2			1.0
3688.1			1.0
3689.0			1.0
3689.9			1.0
3690.8			1.0
3691.7			1.0
3692.6			1.0
3693.5			1.0
3694.4			1.0
3695.3			1.0
3696.2			1.0
3697.1			1.0
3698.0			1.0
3698.9			1.0
3699.8			1.0
3700.7			1.0
3701.6			1.0
3702.5			1.0
3703.4			1.0
3704.3			1.0
3705.2			1.0
3706.1			1.0
3707.0			1.0
3707.9			1.0
3708.8			1.0
3709.7			1.0
3710.6			1.0
3711.5			1.0
3712.4			1.0
3713.3			1.0
3714.2			1.0
3715.1			1.0
3716.0			1.0
3716.9			1.0
3717.8			1.0
3718.7			1.0
3719.6			1.0
3720.5			1.0
3721.4			1.0
3722.3			1.0
3723.2			1.0
3724.1			1.0
3725.0			1.0
3725.9			1.0
3726.8			1.0
3727.7			1.0
3728.6			1.0
3729.5			1.0
3730.4			1.0
3731.3			1.0
3732.2			1.0
3733.1			1.0
3734.0			1.0
3734.9			1.0
3735.8			1.0
3736.7			1.0
3737.6			1.0
3738.5			1.0
3739.4			1.0
3740.3			1.0
3741.2			1.0
3742.1			1.0
3743.0			1.0
3743.9			1.0
3744.8			1.0
3745.7			1.0
3746.6			1.0
3747.5			1.0
3748.4			1.0
3749.3			1.0
3750.2			1.0
3751.1			1.0
3752.0			1.0
3752.9			1.0
3753.8			1.0
3754.7			1.0
3755.6			1.0
3756.5			1.0
3757.4			1.0
3758.3			1.0
3759.2			1.0
3760.1			1.0
3761.0			1.0
3761.9			1.0
3762.8			1.0
3763.7			1.0
3764.6			1.0
3765.5			1.0
3766.4			1.0
3767.3			1.0
3768.2			1.0
3769.1			1.0
3770.0			1.0
3770.9			1.0
3771.8			1.0
3772.7			1.0
3773.6			1.0
3774.5			1.0
3775.4			1.0
3776.3			1.0
3777.2			1.0
3778.1			1.0
3779.0			1.0
3779.9			1.0
3780.8			1.0
3781.7			1.0
3782.6			1.0
3783.5			1.0
3784.4			1.0
3785.3			1.0
3786.2			1.0
3787.1			1.0
3788.0			1.0
3788.9			1.0
3789.8			1.0
3790.7			1.0
3791.6			1.0
3792.5			1.0
3793.4			1.0
3794.3			1.0
3795.2			1.0
3796.1			1.0
3797.0			1.0
3797.9			1.0
3798.8			1.0
3799.7			1.0
3800.6			1.0
3801.5			1.0
3802.4			1.0
3803.3			1.0
3804.2			1.0
3805.1			1.0
3806.0			1.0
3806.9			1.0
3807.8			1.0
3808.7			1.0
3809.6			1.0
3810.5			1.0
3811.4			1.0
3812.3			1.0
3813.2			1.0
3814.1			1.0
3815.0			1.0
3815.9			1.0
3816.8			1.0
3817.7			1.0
3818.6			1.0
3819.5			1.0
3820.4			1.0
3821.3			1.0
3822.2			1.0
3823.1			1.0
3824.0			1.0
3824.9			1.0
3825.8			1.0
3826.7			1.0
3827.6			1.0
3828.5			1.0
3829.4			1.0
3830.3			1.0
3831.2			1.0
3832.1			1.0
3833.0			1.0
3833.9			1.0
3834.8			1.0
3835.7			1.0
3836.6			1.0
3837.5			1.0
3838.4			1.0
3839.3			1.0
3840.2			1.0
3841.1			1.0
3842.0			1.0
3842.9			1.0
3843.8			1.0
3844.7			1.0
3845.6			1.0
3846.5			1.0
3847.4			1.0
3848.3			1.0
3849.2			1.0
3850.1			1.0
3851.0			1.0
3851.9			1.0
3852.8			1.0
3853.7			1.0
3854.6			1.0
3855.5			1.0
3856.4			1.0
3857.3			1.0
3858.2			1.0
3859.1			1.0
3860.0			1.0
3860.9			1.0
3861.8			1.0
3862.7			1.0
3863.6			1.0
3864.5			1.0
3865.4			1.0
3866.3			1.0
3867.2			1.0
3868.1			1.0
3869.0			1.0
3869.9			1.0
3870.8			1.0
3871.7			1.0
3872.6			1.0
3873.5			1.0
3874.4			1.0
3875.3			1.0
3876.2			1.0
3877.1			1.0
3878.0			1.0
3878.9			1.0
3879.8			1.0
3880.7			1.0
3881.6			1.0
3882.5			1.0
3883.4			1.0
3884.3			1.0
3885.2			1.0
3886.1			1.0
3887.0			1.0
3887.9			1.0
3888.8			1.0
3889.7			1.0
3890.6			1.0
3891.5			1.0
3892.4			1.0
3893.3			1.0
3894.2			1.0
3895.1			1.0
3896.0			1.0
3896.9			1.0
3897.8			1.0
3898.7			1.0
3899.6			1.0
3900.5			1.0
3901.4			1.0
3902.3			1.0
3903.2			1.0
3904.1			1.0
3905.0			1.0
3905.9			1.0
3906.8			1.0
3907.7			1.0
3908.6			1.0
3909.5			1.0
3910.4			1.0
3911.3			1.0
3912.2			1.0
3913.1			1.0
3914.0			1.0
3914.9			1.0
3915.8			1.0
3916.7			1.0
3917.6			1.0
3918.5			1.0
3919.4			1.0
3920.3			1.0
3921.2			1.0
3922.1			1.0
3923.0			1.0
3923.9			1.0
3924.8			1.0
3925.7			1.0
3926.6			1.0
3927.5			1.0
3928.4			1.0
3929.3			1.0
3930.2			1.0
3931.1			1.0
3932.0			1.0
3932.9			1.0
3933.8			1.0
3934.7			1.0
3935.6			1.0
3936.5			1.0
3937.4			1.0
3938.3			1.0
3939.2			1.0
3940.1			1.0
3941.0			1.0
3941.9			1.0
3942.8			1.0
3943.7			1.0
3944.6			1.0
3945.5			1.0
3946.4			1.0
3947.3			1.0
3948.2			1.0
3949.1			1.0
3950.0			1.0
3950.9			1.0
3951.8			1.0
3952.7			1.0
3953.6			1.0
3954.5			1.0
3955.4			1.0
3956.3			1.0
3957.2			1.0
3958.1			1.0
3959.0			1.0
3959.9			1.0
3960.8			1.0
3961.7			1.0
3962.6			1.0
3963.5			1.0
3964.4			1.0
3965.3			1.0
3966.2			1.0
3967.1			1.0
3968.0			1.0
3968.9			1.0
3969.8			1.0
3970.7			1.0
3971.6			1.0
3972.5			1.0
3973.4			1.0
3974.3			1.0
3975.2			1.0
3976.1			1.0
3977.0			1.0
3977.9			1.0
3978.8			1.0
3979.7			1.0
3980.6			1.0
3981.5			1.0
3982.4			1.0
3983.3			1.0
3984.2			1.0
3985.1			1.0
3986.0			1.0
3986.9			1.0
3987.8			1.0
3988.7			1.0
3989.6			1.0
3990.5			1.0
3991.4			1.0
3992.3			1.0
3993.2			1.0
3994.1			1.0
3995.0			1.0
3995.9			1.0
3996.8			1.0
3997.7			1.0
3998.6			1.0
3999.5			1.0
4000.4			1.0
4001.3			1.0
4002.2			1.0
4003.1			1.0
4004.0			1.0
4004.9			1.0
4005.8			1.0
4006.7			1.0
4007.6			1.0
4008.5			1.0
4009.4			1.0
4010.3			1.0
4011.2			1.0
4012.1			1.0
4013.0			1.0
4013.9			1.0
4014.8			1.0
4015.7			1.0
4016.6			1.0
4017.5			1.0
4018.4			1.0
4019.3			1.0
4020.2			1.0
4021.1			1.0
4022.0			1.0
4022.9			1.0
4023.8			1.0
4024.7			1.0
4025.6			1.0
4026.5			0.965922781713207
4027.4			0.888638609131706
4028.3			0.8986293881060394
4029.2			0.847814389586823
4030.1			0.8185571206193075
4031.0			0.9601551793555531
4031.9			1.1000766680531222
4032.8			1.1034367463526031
4033.7			1.005752279724178
4034.6			1.0
4035.5			1.0
4036.4			1.0
4037.3			1.0
4038.2			1.0
4039.1			1.0114915209676925
4040.0			0.9177601936182327
4040.9			0.8652549280002406
4041.8			0.8495782436603502
4042.7			0.7890543094106015
4043.6			0.8177374447377218
4044.5			0.88809515869788
4045.4			0.9515954883176188
4046.3			0.9812646885484118
4047.2			1.0
4048.1			1.0
4049.0			1.0
4049.9			1.0
4050.8			1.0
4051.7			1.0
4052.6			1.0
4053.5			0.9505902609087825
4054.4			1.002044477362775
4055.3			1.0780906101989889
4056.2			0.9323699967569631
4057.1			0.7447288701152673
4058.0			0.7453264852991166
4058.9			0.8544699778708853
4059.8			0.9186630538634664
4060.7			0.9582957007750176
4061.6			1.0160389452627352
4062.5			0.9908435060962835
4063.4			1.0
4064.3			1.0
4065.2			1.0
4066.1			1.0
4067.0			0.936506798116109
4067.9			0.8456932048959284
4068.8			0.8103036028194318
4069.7			0.801005763434683
4070.6			0.7855646645624734
4071.5			0.7686343000661074
4072.4			0.8058743174892321
4073.3			0.9242309643828536
4074.2			1.0312728919230045
4075.1			1.0359412254939382
4076.0			1.0072747864024012
4076.9			1.0
4077.8			1.0
4078.7			1.0
4079.6			1.0
4080.5			1.0
4081.4			1.0
4082.3			1.0
4083.2			1.0
4084.1			1.0
4085.0			1.0
4085.9			1.0
4086.8			1.0
4087.7			1.0
4088.6			1.0
4089.5			1.0
4090.4			1.0
4091.3			1.0
4092.2			1.0
4093.1			1.0
4094.0			1.0
4094.9			1.0
4095.8			0.98836900427628
4096.7			0.9667195073033983
4097.6			0.94866029628184
4098.5			0.9271588441322868
4099.4			0.8692463858898325
4100.3			0.7890207295262506
4101.2			0.6827855407327502
4102.1			0.6064237209524452
4103.0			0.6118979870141329
4103.9			0.6764896644967465
4104.8			0.8083561892676906
4105.7			0.9488528089249416
4106.6			1.0077409243536886
4107.5			1.0095535638661741
4108.4			0.9942009659901081
4109.3			1.0
4110.2			1.0574025273125247
4111.1			0.9743883457296201
4112.0			0.8745218103565834
4112.9			0.9120112606
4113.8			0.9957669445289667
4114.7			1.0
4115.6			1.0
4116.5			1.0
4117.4			1.0
4118.3			1.0
4119.2			1.0630102981385534
4120.1			1.1007986169763535
4121.0			1.017309698746181
4121.9			0.9086970433208392
4122.8			0.9353458887535907
4123.7			1.0196959200441085
4124.6			0.9838159299736381
4125.5			1.0
4126.4			1.0
4127.3			1.0
4128.2			1.0
4129.1			1.0735961296070036
4130.0			1.1788634469742625
4130.9			1.0952918968962801
4131.8			0.9660347584643861
4132.7			0.9233799278432026
4133.6			0.8788023418761257
4134.5			0.8162728679639156
4135.4			0.8518274044870714
4136.3			0.9161612737950261
4137.2			0.908473604634823
4138.1			0.9842813307594686
4139.0			1.0787831650996538
4139.9			1.0013962179412441
4140.8			1.0
4141.7			1.0
4142.6			1.0
4143.5			1.0
4144.4			1.0
4145.3			1.0
4146.2			1.0
4147.1			1.0
4148.0			1.0
4148.9			1.0
4149.8			1.0
4150.7			1.0
4151.6			1.0
4152.5			1.0
4153.4			1.0
4154.3			1.0
4155.2			1.0
4156.1			1.0
4157.0			1.0
4157.9			1.0735554825888234
4158.8			1.1271736909185153
4159.7			1.0355005714350134
4160.6			0.9621474697838478
4161.5			1.004273702058047
4162.4			1.014246337139297
4163.3			0.9004551379335293
4164.2			0.8439332507312088
4165.1			0.9261749007916057
4166.0			1.0597677903863254
4166.9			1.0850800525236433
4167.8			0.9909185876878901
4168.7			0.931171979920637
4169.6			1.0
4170.5			1.0340444651957348
4171.4			0.9938254532797122
4172.3			0.9260804594118706
4173.2			0.9186311179639182
4174.1			0.9585928151992272
4175.0			0.952338497801021
4175.9			0.9188207462273416
4176.8			0.9038285817706841
4177.7			0.8689399272561306
4178.6			0.8871977272999046
4179.5			0.9788683666483854
4180.4			0.9967402417362481
4181.3			0.9326043028376397
4182.2			0.8809548032482383
4183.1			1.0
4184.0			1.0610632780187212
4184.9			1.121099736756388
4185.8			1.1324632327699133
4186.7			1.0184652599175228
4187.6			0.9080739932130871
4188.5			0.9428353282304802
4189.4			0.9630490569123342
4190.3			0.9406765342529182
4191.2			1.0047050833456996
4192.1			1.0
4193.0			1.0
4193.9			1.0
4194.8			0.94063118645623
4195.7			0.8846438785821136
4196.6			0.8409537696490402
4197.5			0.8321508513405376
4198.4			0.7593386116205322
4199.3			0.7044220710498754
4200.2			0.8318833755509081
4201.1			0.9539689242298436
4202.0			0.9746810932146558
4202.9			1.0093643596381052
4203.8			0.9947346957793525
4204.7			1.0
4205.6			1.0
4206.5			1.0
4207.4			1.055760291206158
4208.3			0.9715493888180811
4209.2			0.8635257533037626
4210.1			0.8676161651251025
4211.0			0.9891389896228409
4211.9			1.0
4212.8			1.0
4213.7			1.0
4214.6			1.0
4215.5			1.0
4216.4			1.0
4217.3			1.0
4218.2			1.0
4219.1			1.0
4220.0			1.0
4220.9			1.0
4221.8			1.0
4222.7			1.0
4223.6			1.0
4224.5			1.0
4225.4			1.0
4226.3			1.0
4227.2			1.0
4228.1			1.0
4229.0			1.0
4229.9			1.0
4230.8			1.1108075413259029
4231.7			1.013290074419148
4232.6			0.8274119489431626
4233.5			0.827132817207126
4234.4			0.9679968419459627
4235.3			1.0479026777910754
4236.2			1.0021325199574278
4237.1			1.0
4238.0			1.132946190356474
4238.9			1.1730995501695005
4239.8			1.0443410091683762
4240.7			1.012099884933769
4241.6			1.017560303627296
4242.5			0.9837246596841704
4243.4			1.0262184121486901
4244.3			1.0479096147601148
4245.2			0.9900769209970905
4246.1			0.9638317525839724
4247.0			0.9972518678339952
4247.9			1.0
4248.8			1.0
4249.7			1.0
4250.6			1.0
4251.5			1.0
4252.4			1.0
4253.3			1.0
4254.2			0.9945605419616167
4255.1			0.9166560314128127
4256.0			0.8715822745198152
4256.9			0.8506061631734211
4257.8			0.9084317629903823
4258.7			0.9701345731460357
4259.6			0.9939337801357594
4260.5			1.0
4261.4			1.0
4262.3			1.0
4263.2			1.0
4264.1			1.0
4265.0			1.0
4265.9			1.0
4266.8			1.0
4267.7			1.0
4268.6			1.0
4269.5			1.0569783847039922
4270.4			1.0405525287744146
4271.3			0.936884218333201
4272.2			0.9104418231465378
4273.1			0.9445221272738888
4274.0			0.8953209061760629
4274.9			0.818092961937531
4275.8			0.8637325649229984
4276.7			0.9926698021547432
4277.6			1.0298664417445005
4278.5			0.957403575594266
4279.4			0.9142455015919284
4280.3			0.9978978313964123
4281.2			1.0
4282.1			1.0
4283.0			1.0
4283.9			1.0
4284.8			1.0
4285.7			1.0073227432273846
4286.6			0.916737364139675
4287.5			0.8187153309001975
4288.4			0.8340180463562804
4289.3			0.8793961896709366
4290.2			0.8217433240162844
4291.1			0.7611750276693392
4292.0			0.8801932319047018
4292.9			1.0589730051730282
4293.8			1.076688960710405
4294.7			0.9812091417520914
4295.6			0.9451807058293212
4296.5			1.0
4297.4			1.0287108289650324
4298.3			0.978165071470111
4299.2			0.9000711314326163
4300.1			0.8339964426726185
4301.0			0.7977204526957891
4301.9			0.8379964726492313
4302.8			0.9512885064803344
4303.7			1.0205307715357115
4304.6			1.0001653301495297
4305.5			1.0
4306.4			1.0
4307.3			1.0
4308.2			1.0
4309.1			1.0
4310.0			1.0
4310.9			1.0
4311.8			1.0
4312.7			1.0
4313.6			1.0
4314.5			1.0
4315.4			1.0
4316.3			1.0
4317.2			1.0
4318.1			1.0
4319.0			1.0
4319.9			1.0
4320.8			1.0
4321.7			1.0
4322.6			1.0
4323.5			1.0
4324.4			1.0
4325.3			0.9506811184298057
4326.2			0.8808084791240671
4327.1			0.855864819908756
4328.0			0.937154719140149
4328.9			1.0078952754451054
4329.8			1.0
4330.7			1.0
4331.6			1.0
4332.5			1.0
4333.4			1.0
4334.3			1.0
4335.2			1.0
4336.1			1.0
4337.0			0.9191939348431406
4337.9			0.8113580639327542
4338.8			0.6811640037969375
4339.7			0.58570005638805
4340.6			0.5701800535924073
4341.5			0.6842081397634411
4342.4			0.8876697981147946
4343.3			1.0035255383059636
4344.2			1.0019492684238571
4345.1			1.0
4346.0			1.0
4346.9			1.0
4347.8			1.0
4348.7			1.0
4349.6			1.0
4350.5			1.0861369510185632
4351.4			1.045674487029891
4352.3			0.9784911423365471
4353.2			1.0113644589724162
4354.1			0.9870389671905209
4355.0			0.9316541859316584
4355.9			0.9806120220884861
4356.8			1.0823462619129751
4357.7			1.1205523494700227
4358.6			1.0558560333157174
4359.5			0.9992134214708847
4360.4			1.0
4361.3			1.0
4362.2			1.0
4363.1			1.0
4364.0			1.0
4364.9			1.0
4365.8			1.0
4366.7			1.0
4367.6			1.0
4368.5			1.0
4369.4			1.0
4370.3			1.0
4371.2			1.0
4372.1			1.0
4373.0			1.0
4373.9			1.0
4374.8			1.0
4375.7			1.0
4376.6			1.0
4377.5			1.0
4378.4			1.0
4379.3			1.0
4380.2			1.0
4381.1			1.0375602071844583
4382.0			0.9578646657762574
4382.9			0.898924191073704
4383.8			0.9519553550120241
4384.7			0.99625967222578
4385.6			1.0
4386.5			1.0
4387.4			1.0
4388.3			1.0
4389.2			1.0
4390.1			1.0
4391.0			1.0
4391.9			1.0053731749617156
4392.8			1.0018280866386666
4393.7			1.0013524454461182
4394.6			0.9263615223137365
4395.5			0.8935403517122921
4396.4			1.0294067066857178
4397.3			1.1560092095040584
4398.2			1.0953984674990522
4399.1			1.0075873564655469
4400.0			1.0
4400.9			1.0
4401.8			1.0
4402.7			1.0
4403.6			1.0
4404.5			1.0
4405.4			1.0
4406.3			1.0
4407.2			1.0
4408.1			1.0
4409.0			1.0
4409.9			1.0
4410.8			1.0
4411.7			1.0
4412.6			1.0
4413.5			1.0
4414.4			1.0
4415.3			0.9408196047322642
4416.2			0.8632210468552565
4417.1			0.8100826339218383
4418.0			0.773278185303188
4418.9			0.8283231478457287
4419.8			0.9629084962098169
4420.7			1.0010960980792751
4421.6			1.0
4422.5			1.0
4423.4			1.0
4424.3			1.0
4425.2			1.0
4426.1			1.0
4427.0			1.0
4427.9			1.0
4428.8			1.0
4429.7			0.9969766462303694
4430.6			0.9176588556134283
4431.5			0.8489789397701483
4432.4			1.0
4433.3			1.056161499698736
4434.2			1.129187456847633
4435.1			1.1207970822214939
4436.0			1.0584850422776824
4436.9			1.0616502625723798
4437.8			1.0894706064076987
4438.7			1.0706760781603508
4439.6			1.0383158567972306
4440.5			0.9763507314735776
4441.4			0.9124765785920188
4442.3			0.8806857916930828
4443.2			0.852213569965033
4444.1			0.8709825672891881
4445.0			0.9216506317767619
4445.9			0.9193986673543697
4446.8			0.8894478028280377
4447.7			0.8559246734198128
4448.6			0.8291365957897616
4449.5			0.8598120792230441
4450.4			0.9072331214734224
4451.3			0.9306426492974508
4452.2			0.9702265138791216
4453.1			0.9900406122765402
4454.0			1.0
4454.9			1.0
4455.8			1.0
4456.7			1.0
4457.6			1.0
4458.5			0.9705958582269724
4459.4			0.9690974909548894
4460.3			0.9773136957079891
4461.2			0.9566425027216932
4462.1			0.9028943217417608
4463.0			0.8701044480656892
4463.9			0.8626688134218147
4464.8			0.8971703723738369
4465.7			0.9463289493227216
4466.6			0.9086165889593988
4467.5			0.8333900976261509
4468.4			0.8100320537578561
4469.3			0.811913270219621
4470.2			0.8427421841285904
4471.1			0.918655720602385
4472.0			0.9962295842331624
4472.9			1.0428123186989693
4473.8			1.0095829340997202
4474.7			0.9082455570035612
4475.6			0.8876008769966948
4476.5			0.9468953206775919
4477.4			0.986170542683257
4478.3			0.9997120943553189
4479.2			1.0
4480.1			1.0
4481.0			1.0
4481.9			1.0
4482.8			1.0
4483.7			1.0
4484.6			1.0
4485.5			1.0
4486.4			1.0
4487.3			1.0014705431351547
4488.2			0.9724623249841169
4489.1			0.8903508354727487
4490.0			0.8736409598242358
4490.9			0.9318131913943922
4491.8			0.9779355188905937
4492.7			0.9964324690847761
4493.6			1.0
4494.5			1.0
4495.4			1.0
4496.3			1.0
4497.2			1.0
4498.1			1.0
4499.0			1.0
4499.9			0.992820950379445
4500.8			0.9197295579850212
4501.7			0.8609289620563986
4502.6			0.9134135971654489
4503.5			0.9877729137277192
4504.4			1.0
4505.3			1.0
4506.2			1.0
4507.1			1.0
4508.0			1.0
4508.9			1.0
4509.8			1.0
4510.7			1.0
4511.6			1.0
4512.5			1.0
4513.4			1.0
4514.3			1.0
4515.2			1.0
4516.1			1.0
4517.0			1.0
4517.9			1.0
4518.8			1.0
4519.7			1.0
4520.6			1.0
4521.5			1.0
4522.4			1.0
4523.3			1.0
4524.2			1.0
4525.1			1.0
4526.0			1.0
4526.9			1.0
4527.8			1.0
4528.7			1.0
4529.6			0.9762070518329086
4530.5			0.9633271958162868
4531.4			0.9993205594508074
4532.3			1.0034743720226822
4533.2			0.9387182925546308
4534.1			0.8640134684694887
4535.0			0.8341509076778418
4535.9			0.8515672907917725
4536.8			0.8831096154405786
4537.7			0.9447081003073717
4538.6			1.026541246366963
4539.5			1.051346276745467
4540.4			0.9986135137863099
4541.3			1.0
4542.2			1.0
4543.1			1.0275478565599119
4544.0			0.9670706816256304
4544.9			0.9288037212371223
4545.8			0.9440439460841985
4546.7			0.951571824784748
4547.6			0.9329177097069815
4548.5			0.903797808716893
4549.4			0.9087085553352512
4550.3			0.9731551012400251
4551.2			1.037420988029476
4552.1			1.0553682675633755
4553.0			1.0273958979585252
4553.9			0.9817606611036782
4554.8			0.9728514303260466
4555.7			1.004903653303774
4556.6			1.0
4557.5			1.0
4558.4			1.0
4559.3			1.0
4560.2			1.0
4561.1			1.0
4562.0			1.0
4562.9			1.0
4563.8			1.0
4564.7			1.0
4565.6			1.0
4566.5			1.0
4567.4			1.0
4568.3			0.9981843658737718
4569.2			0.9519675342101143
4570.1			0.8824158794736198
4571.0			0.8316149718451847
4571.9			0.8156780214149156
4572.8			0.851223259729121
4573.7			0.9061292734430159
4574.6			0.951872026609413
4575.5			0.9999928002992868
4576.4			1.0
4577.3			1.0
4578.2			1.0
4579.1			1.0
4580.0			1.0
4580.9			1.0
4581.8			1.0
4582.7			0.9769286111214248
4583.6			0.9648080078630765
4584.5			0.9970849095915748
4585.4			1.0504595784203639
4586.3			1.0325220984802423
4587.2			0.9335972843326864
4588.1			0.8925829358781157
4589.0			0.9520958649571227
4589.9			0.9784096370837523
4590.8			0.9477906833388081
4591.7			0.9395559815423267
4592.6			0.9765207272952807
4593.5			0.9999162338014451
4594.4			1.0
4595.3			1.0
4596.2			1.0
4597.1			1.0
4598.0			1.0
4598.9			1.0
4599.8			1.0
4600.7			1.0
4601.6			1.0
4602.5			1.0329609275153095
4603.4			0.9912520879111697
4604.3			0.9440880739639448
4605.2			0.8996200236303845
4606.1			0.848429135331121
4607.0			0.8475162048457232
4607.9			0.9156665740815517
4608.8			0.9934478278307138
4609.7			0.9976525199955928
4610.6			1.0
4611.5			1.0
4612.4			1.0
4613.3			1.0
4614.2			1.0
4615.1			1.0
4616.0			1.0
4616.9			1.0
4617.8			1.0
4618.7			1.0
4619.6			1.0
4620.5			1.0
4621.4			1.0
4622.3			1.0109426642605919
4623.2			0.9280668547649397
4624.1			0.8317840726501238
4625.0			0.8333032196792232
4625.9			0.8978454673118782
4626.8			0.9596045012717289
4627.7			0.9884584268048143
4628.6			1.0
4629.5			1.0
4630.4			1.0
4631.3			1.0
4632.2			1.0
4633.1			1.0
4634.0			1.0
4634.9			1.0
4635.8			1.0
4636.7			1.0
4637.6			1.0
4638.5			1.0
4639.4			1.0
4640.3			1.0
4641.2			1.0
4642.1			1.0
4643.0			1.0
4643.9			1.0
4644.8			1.0
4645.7			1.0
4646.6			1.0
4647.5			1.0
4648.4			1.0
4649.3			0.9904385456910864
4650.2			1.0566625737099689
4651.1			1.0844634260137054
4652.0			1.03025300606344
4652.9			0.9497981546856069
4653.8			0.8976304154363199
4654.7			0.889790968754461
4655.6			0.9060600091754071
4656.5			0.917268476528936
4657.4			0.9486105009481784
4658.3			0.9906031860866295
4659.2			1.0
4660.1			1.0
4661.0			1.0
4661.9			1.0
4662.8			1.0
4663.7			1.0
4664.6			1.0
4665.5			1.0
4666.4			1.049641376533852
4667.3			1.063573125802223
4668.2			1.0008040464192596
4669.1			0.9170934341499
4670.0			0.8965440144746915
4670.9			0.9631118853254139
4671.8			1.0135683935113062
4672.7			1.0077625480540817
4673.6			1.0004871971015066
4674.5			1.0
4675.4			1.0
4676.3			1.0
4677.2			1.0
4678.1			1.0
4679.0			1.0
4679.9			1.0
4680.8			1.0
4681.7			1.0
4682.6			1.0
4683.5			1.0
4684.4			1.0
4685.3			1.0
4686.2			1.0
4687.1			1.0
4688.0			1.0
4688.9			1.0
4689.8			0.9605452710699025
4690.7			0.9078255573748369
4691.6			0.8879349111921031
4692.5			0.9537270550662039
4693.4			0.9998894073549546
4694.3			1.0
4695.2			1.0
4696.1			1.0
4697.0			1.0
4697.9			1.0
4698.8			1.0
4699.7			1.0
4700.6			1.030652769021088
4701.5			1.0199961370092825
4702.4			0.965823311726457
4703.3			0.954359144483546
4704.2			1.003531450396514
4705.1			1.026764485420173
4706.0			1.009899328338507
4706.9			0.9822474537862491
4707.8			0.9549106377528723
4708.7			0.9303312631990089
4709.6			0.9272753792267868
4710.5			0.9462324875997666
4711.4			0.9556477657815456
4712.3			0.9692752751439745
4713.2			0.9710545210342931
4714.1			0.9564421753143699
4715.0			0.9847644145983638
4715.9			1.0203903025376542
4716.8			1.020860242240128
4717.7			1.0147841559383977
4718.6			0.9999963309348598
4719.5			1.0
4720.4			1.0
4721.3			1.0
4722.2			1.0
4723.1			1.0
4724.0			1.0
4724.9			1.0
4725.8			1.0
4726.7			1.0
4727.6			1.0
4728.5			1.0
4729.4			1.0
4730.3			1.0
4731.2			1.0
4732.1			1.0
4733.0			1.0
4733.9			1.0208449728495093
4734.8			1.0557625356131848
4735.7			1.0724060842848544
4736.6			1.0253966619548167
4737.5			0.9922318603146412
4738.4			1.0329019900492142
4739.3			1.009065224744293
4740.2			0.9177954638520203
4741.1			0.9018325768450505
4742.0			0.9552485512171971
4742.9			0.970039332248784
4743.8			0.9466230587369153
4744.7			0.9442729936875243
4745.6			0.938071680750837
4746.5			0.9323812349984129
4747.4			0.9590469029188257
4748.3			1.0
4749.2			1.0151902520750342
4750.1			0.9769866440030086
4751.0			0.9065598803467629
4751.9			0.8514224715733032
4752.8			0.8570257085822449
4753.7			0.9185746680117834
4754.6			0.9991909672719206
4755.5			1.0
4756.4			1.0
4757.3			0.9587206349156705
4758.2			0.9632228008442424
4759.1			1.0259871473310878
4760.0			1.0459005648608333
4760.9			0.9385378702324965
4761.8			0.8424389319798448
4762.7			0.8345746032298239
4763.6			0.8411753902431497
4764.5			0.8599251348638499
4765.4			0.893110134086288
4766.3			0.9105310711476334
4767.2			0.9424364582620213
4768.1			0.9994908191169258
4769.0			1.0
4769.9			1.0
4770.8			1.0
4771.7			1.0
4772.6			1.0
4773.5			1.0
4774.4			1.0
4775.3			1.0
4776.2			1.0
4777.1			1.0
4778.0			0.972221032489762
4778.9			1.003212275419573
4779.8			1.0721987433449078
4780.7			1.1118474289140667
4781.6			1.0786412453911067
4782.5			1.0401741054147362
4783.4			1.0545590946710954
4784.3			1.0421500041259764
4785.2			0.9699835719069867
4786.1			0.9254669342592966
4787.0			0.939633631470256
4787.9			0.9740999086862576
4788.8			1.003868221200464
4789.7			0.994819377606515
4790.6			0.9429438300610151
4791.5			0.9300633366912426
4792.4			0.9791621895431776
4793.3			1.0015848455842977
4794.2			0.9955893669772002
4795.1			1.0
4796.0			1.0122254242572546
4796.9			0.9251755980299536
4797.8			0.8635441071276144
4798.7			0.9375268966712684
4799.6			1.0404602310627544
4800.5			1.0658651443467193
4801.4			1.0612305593307274
4802.3			1.0611971734080725
4803.2			1.0451877597005614
4804.1			1.0225767727724304
4805.0			1.0027164588429396
4805.9			0.9979386398647292
4806.8			1.0233723294862949
4807.7			1.052782795276382
4808.6			1.0325155317893282
4809.5			0.9501997392173194
4810.4			0.8810891013144186
4811.3			0.8917700830684095
4812.2			0.9486995137066616
4813.1			0.9803223290193621
4814.0			0.9593579388160274
4814.9			0.9201738800565817
4815.8			0.9096486190664381
4816.7			0.9303975663241305
4817.6			0.9515396224807753
4818.5			0.943686391505155
4819.4			0.9310080955577569
4820.3			0.9580224448985812
4821.2			0.984410160564737
4822.1			0.9835051870085989
4823.0			0.9895377012683261
4823.9			0.9950041300636991
4824.8			1.0001764768479844
4825.7			1.0
4826.6			1.0
4827.5			0.9642395249212583
4828.4			0.9004801207087422
4829.3			0.8644650939388423
4830.2			0.9147914035061
4831.1			0.9986660477528193
4832.0			1.0
4832.9			1.0
4833.8			1.0
4834.7			1.0
4835.6			1.0
4836.5			1.0
4837.4			1.0
4838.3			1.0
4839.2			1.0
4840.1			1.0
4841.0			1.0
4841.9			1.0
4842.8			1.0
4843.7			1.0
4844.6			1.0
4845.5			1.0
4846.4			1.0
4847.3			1.0
4848.2			1.0
4849.1			1.0
4850.0			1.0
4850.9			1.0
4851.8			1.0
4852.7			1.0
4853.6			1.0
4854.5			1.0
4855.4			1.0
4856.3			1.0
4857.2			1.0
4858.1			0.9808085571685248
4859.0			0.9203129018259106
4859.9			0.7659784834632437
4860.8			0.5855254187049012
4861.7			0.5519804015332834
4862.6			0.6875503044406045
4863.5			0.8630762611834146
4864.4			0.9705016801179692
4865.3			1.0032153509969424
4866.2			1.0
4867.1			1.0
4868.0			1.0
4868.9			1.0
4869.8			1.0
4870.7			1.0
4871.6			1.0
4872.5			1.0
4873.4			1.0
4874.3			1.0
4875.2			1.0
4876.1			0.9808443839925356
4877.0			0.9349826179205522
4877.9			0.8764398176566727
4878.8			0.8468247418599792
4879.7			0.8720602441356163
4880.6			0.940171446870429
4881.5			0.987410421339358
4882.4			1.0
4883.3			1.0
4884.2			1.0
4885.1			1.0
4886.0			1.0
4886.9			0.9985674290179457
4887.8			0.9810678911100346
4888.7			0.9400307215441063
4889.6			0.8908916588114296
4890.5			0.8635352624462739
4891.4			0.8865403427844575
4892.3			0.9551077183795704
4893.2			1.0052678134677504
4894.1			0.9955168659359114
4895.0			1.0
4895.9			1.0
4896.8			1.0
4897.7			1.0
4898.6			1.0
4899.5			1.0
4900.4			1.0
4901.3			1.0
4902.2			1.0
4903.1			1.0
4904.0			1.0
4904.9			1.0
4905.8			1.0
4906.7			1.0
4907.6			1.0
4908.5			1.0
4909.4			1.0
4910.3			1.0
4911.2			1.0
4912.1			1.0
4913.0			1.0
4913.9			1.0
4914.8			1.0
4915.7			1.0
4916.6			1.0
4917.5			1.0
4918.4			1.0
4919.3			1.0
4920.2			0.9918993217351157
4921.1			0.9715142861354857
4922.0			0.9580830362666081
4922.9			0.9417242420728498
4923.8			0.9119705662727086
4924.7			0.911358236615903
4925.6			0.9723068362746279
4926.5			1.0184708658861996
4927.4			0.9968977298368411
4928.3			0.9804257538174277
4929.2			1.00036216744657
4930.1			1.0
4931.0			1.0
4931.9			1.0160578275171956
4932.8			0.960863242560403
4933.7			0.9210079886672438
4934.6			0.9659093703755242
4935.5			0.9996543679342695
4936.4			1.0
4937.3			1.0
4938.2			1.0
4939.1			1.0
4940.0			1.0
4940.9			1.0
4941.8			1.0
4942.7			1.0
4943.6			1.0
4944.5			1.0
4945.4			1.0
4946.3			1.0
4947.2			1.0
4948.1			1.0
4949.0			1.0003663148556061
4949.9			0.9766537597500133
4950.8			0.9626288070142327
4951.7			0.9449782368120457
4952.6			0.9367457994052142
4953.5			0.9531796148419609
4954.4			0.9694078050357275
4955.3			0.9624280587620891
4956.2			0.9153425326074629
4957.1			0.863896002875112
4958.0			0.878184330686658
4958.9			0.9188159796137585
4959.8			0.930978036611303
4960.7			0.9290482476119872
4961.6			0.9210712936206108
4962.5			0.9163956053482798
4963.4			0.9322362416055874
4964.3			0.9725249779369258
4965.2			1.0005435980828596
4966.1			1.0
4967.0			1.0
4967.9			1.0
4968.8			1.0
4969.7			1.0
4970.6			1.0
4971.5			1.0
4972.4			1.0
4973.3			1.0
4974.2			1.0
4975.1			1.0
4976.0			1.0
4976.9			0.9858408483044735
4977.8			0.9572593052580707
4978.7			0.8978555798702453
4979.6			0.8840380703087153
4980.5			0.9320818041575292
4981.4			0.9811969647134311
4982.3			1.001188276819757
4983.2			1.0
4984.1			1.0
4985.0			1.0
4985.9			1.0
4986.8			1.0
4987.7			1.0
4988.6			1.0
4989.5			1.0
4990.4			1.0
4991.3			1.0
4992.2			1.0
4993.1			1.0
4994.0			1.0
4994.9			1.0
4995.8			1.0
4996.7			1.0
4997.6			1.0
4998.5			1.0
4999.4			1.0
5000.3			1.0
5001.2			1.0
5002.1			1.0
5003.0			1.0
5003.9			0.9932339272598577
5004.8			0.980227202408132
5005.7			0.9351920557098389
5006.6			1.0
5007.5			1.0334899471597931
5008.4			1.0758985351195107
5009.3			1.0953335853046116
5010.2			1.0855210131598387
5011.1			1.0631651489148877
5012.0			1.0292134971923104
5012.9			1.002636655540336
5013.8			1.0128898029980962
5014.7			1.0166733582153105
5015.6			0.9813330056582776
5016.5			0.9341929700490407
5017.4			0.8956474441987512
5018.3			0.88524932858643
5019.2			0.9115435498991111
5020.1			0.9289170202024987
5021.0			0.9172709604004531
5021.9			0.9397500000143657
5022.8			1.0002331923473797
5023.7			1.029772006692287
5024.6			1.0208673132619939
5025.5			0.980899760352085
5026.4			0.9338601178443944
5027.3			0.9426520114067976
5028.2			0.9879382506017395
5029.1			0.996204729193891
5030.0			1.0
5030.9			1.0
5031.8			1.0
5032.7			1.0
5033.6			1.0
5034.5			1.0
5035.4			1.0
5036.3			1.0
5037.2			1.0
5038.1			1.0
5039.0			1.0
5039.9			1.0
5040.8			1.0
5041.7			1.0
5042.6			1.0
5043.5			1.0
5044.4			1.0
5045.3			1.0
5046.2			1.0
5047.1			1.0
5048.0			1.0
5048.9			1.0
5049.8			1.0
5050.7			1.0
5051.6			1.0
5052.5			1.0
5053.4			1.0
5054.3			1.0346736971644155
5055.2			1.0332263638121542
5056.1			0.9621725576439831
5057.0			0.9118105421783381
5057.9			0.9362747115783749
5058.8			0.9618767566274665
5059.7			0.9998534010001991
5060.6			1.0
5061.5			1.0
5062.4			1.0
5063.3			1.0
5064.2			1.0
5065.1			1.0
5066.0			1.0
5066.9			1.0
5067.8			1.0
5068.7			1.0
5069.6			1.0
5070.5			1.0
5071.4			1.0
5072.3			1.0
5073.2			1.0
5074.1			1.0
5075.0			1.0
5075.9			1.0
5076.8			1.0024913177696235
5077.7			1.0
5078.6			0.9611629988695019
5079.5			0.958775561117416
5080.4			1.0258249297071442
5081.3			1.0754910290474917
5082.2			1.0632170012852693
5083.1			1.052605919157972
5084.0			1.0373190805231267
5084.9			1.0146866860330257
5085.8			1.0372198134369512
5086.7			1.0550185862829364
5087.6			0.99650497627835
5088.5			0.9458686500262452
5089.4			0.9797429747508835
5090.3			1.0447316956998718
5091.2			1.0583915388665848
5092.1			1.0356842450281791
5093.0			1.061034030315561
5093.9			1.1061189409379562
5094.8			1.1131875639525342
5095.7			1.0
5096.6			0.9713049800248331
5097.5			0.9194615577169697
5098.4			0.8749692818092084
5099.3			0.8970092396972995
5100.2			1.0016238061366642
5101.1			1.0
5102.0			1.0
5102.9			1.0
5103.8			1.0
5104.7			1.0
5105.6			1.0
5106.5			1.0
5107.4			1.0
5108.3			1.0
5109.2			1.0
5110.1			1.002732315876312
5111.0			0.9697408018595358
5111.9			0.9028695104175701
5112.8			0.884884324423377
5113.7			0.9466150703027865
5114.6			1.0049464257767364
5115.5			1.0041360799633332
5116.4			1.0
5117.3			1.0
5118.2			1.0
5119.1			1.0
5120.0			1.0
5120.9			1.0
5121.8			1.0
5122.7			1.0
5123.6			1.0
5124.5			1.0
5125.4			1.0
5126.3			1.0
5127.2			1.0
5128.1			1.0
5129.0			1.0
5129.9			1.0
5130.8			1.0
5131.7			1.0
5132.6			1.0
5133.5			1.0
5134.4			1.0
5135.3			1.0
5136.2			1.0
5137.1			1.0
5138.0			1.0
5138.9			1.0
5139.8			1.0
5140.7			1.0
5141.6			1.0
5142.5			1.0
5143.4			1.0
5144.3			1.0
5145.2			1.0
5146.1			1.0
5147.0			1.0
5147.9			1.0
5148.8			1.0
5149.7			1.0
5150.6			1.0
5151.5			1.0
5152.4			1.0
5153.3			1.0
5154.2			1.0
5155.1			1.0
5156.0			1.0
5156.9			1.0
5157.8			1.0
5158.7			1.0
5159.6			1.0
5160.5			1.0
5161.4			1.0
5162.3			1.0
5163.2			1.0352325704001748
5164.1			1.0572562810323975
5165.0			1.0317784155315977
5165.9			0.9976894301158511
5166.8			0.9672685945486507
5167.7			0.9459074741226661
5168.6			0.9586753116008013
5169.5			0.9639771080418827
5170.4			0.9028689737963903
5171.3			0.8202353896345682
5172.2			0.8002844807764601
5173.1			0.8446339322424744
5174.0			0.9319312935308144
5174.9			1.0118621480268397
5175.8			1.0420728570602413
5176.7			1.0679469583353738
5177.6			1.0786380650226965
5178.5			1.033026351012946
5179.4			0.9734028441283151
5180.3			0.9612208880529294
5181.2			1.001712960254506
5182.1			1.0
5183.0			1.0
5183.9			1.0
5184.8			1.0133580234589132
5185.7			1.0538925350441957
5186.6			1.0647733515742128
5187.5			1.084404671964462
5188.4			1.0929390471218956
5189.3			1.0304779225319307
5190.2			0.9579928545672014
5191.1			0.9494358745052017
5192.0			0.9694360375600152
5192.9			0.9790806442044012
5193.8			0.9801190065890674
5194.7			0.9744997033311005
5195.6			0.9802852867988301
5196.5			1.0036258526802178
5197.4			0.9951114586796609
5198.3			1.0
5199.2			1.0
5200.1			1.0
5201.0			1.0
5201.9			1.0
5202.8			1.0
5203.7			1.0128907534805789
5204.6			0.9345024861377761
5205.5			0.8921907221346771
5206.4			0.9430525121051716
5207.3			0.9995267489885458
5208.2			1.0
5209.1			1.0
5210.0			1.0
5210.9			1.0
5211.8			1.0
5212.7			1.0
5213.6			0.9670170163663183
5214.5			0.9478637948676907
5215.4			0.9185410293910957
5216.3			0.9124109970549795
5217.2			0.9626812522277144
5218.1			1.015666442437861
5219.0			0.9996436397268968
5219.9			1.0
5220.8			1.0
5221.7			1.0
5222.6			1.0
5223.5			1.0423618419068332
5224.4			1.0708366048844102
5225.3			1.0150225445095586
5226.2			0.8838841954026982
5227.1			0.7869085247846777
5228.0			0.7858867902167356
5228.9			0.8444069491473454
5229.8			0.9373588157602493
5230.7			0.9971143939979039
5231.6			1.0
5232.5			1.0
5233.4			1.0
5234.3			1.0
5235.2			1.0
5236.1			1.0
5237.0			1.0
5237.9			1.0
5238.8			1.0
5239.7			1.0
5240.6			1.0
5241.5			1.0
5242.4			1.0
5243.3			1.0
5244.2			1.0
5245.1			1.0
5246.0			1.0
5246.9			1.0
5247.8			1.0069068642424992
5248.7			1.0024946571095283
5249.6			0.9599695979533381
5250.5			0.906573979017303
5251.4			0.9106844297908686
5252.3			0.9688207730930404
5253.2			0.9986097342219821
5254.1			1.0
5255.0			1.0
5255.9			1.0
5256.8			1.0
5257.7			1.0
5258.6			1.0
5259.5			1.0
5260.4			1.0
5261.3			1.0
5262.2			1.0
5263.1			1.0
5264.0			1.0
5264.9			0.9932213073716132
5265.8			1.0111477625778196
5266.7			1.0130617749664113
5267.6			0.9607572452429748
5268.5			0.8844627550382405
5269.4			0.8461030401596408
5270.3			0.886448472355871
5271.2			0.9781115374178906
5272.1			1.0157572372305437
5273.0			0.9909867212449425
5273.9			0.9977639085782476
5274.8			1.0
5275.7			1.0
5276.6			1.0
5277.5			1.0
5278.4			1.0
5279.3			1.0
5280.2			1.0
5281.1			1.0
5282.0			1.0
5282.9			1.0
5283.8			1.0
5284.7			1.0
5285.6			1.0
5286.5			1.0
5287.4			1.0
5288.3			1.0
5289.2			1.0
5290.1			1.0
5291.0			1.0
5291.9			0.9994334656049496
5292.8			0.9633016103255938
5293.7			0.9144937757907131
5294.6			0.9142567631061904
5295.5			0.9853249385414091
5296.4			1.0317238470798813
5297.3			1.0098046984453077
5298.2			1.0
5299.1			1.0
5300.0			1.0
5300.9			1.0
5301.8			1.0
5302.7			1.0
5303.6			1.0
5304.5			1.0
5305.4			1.0
5306.3			1.0
5307.2			1.0
5308.1			1.0
5309.0			1.0
5309.9			1.0
5310.8			1.0
5311.7			1.0
5312.6			1.0
5313.5			1.0
5314.4			1.0
5315.3			1.0
5316.2			1.0
5317.1			1.0
5318.0			1.0
5318.9			1.0
5319.8			1.0
5320.7			1.0
5321.6			1.0251325654689265
5322.5			1.0336932652597621
5323.4			0.982903421999738
5324.3			0.9182015226662548
5325.2			0.9339081994204698
5326.1			0.9948300167627157
5327.0			1.0025372861147135
5327.9			1.0
5328.8			1.0
5329.7			1.0
5330.6			1.0
5331.5			1.0
5332.4			1.0
5333.3			1.0
5334.2			1.0
5335.1			1.0
5336.0			1.0
5336.9			1.0
5337.8			1.0
5338.7			1.0
5339.6			1.0
5340.5			0.976237570004162
5341.4			0.9203321353127675
5342.3			0.8954204327900196
5343.2			0.9485666507673549
5344.1			0.9950591916245967
5345.0			1.0
5345.9			1.0
5346.8			1.0
5347.7			1.0
5348.6			1.0
5349.5			1.0
5350.4			1.0
5351.3			1.0
5352.2			1.0
5353.1			1.0
5354.0			1.0
5354.9			1.0
5355.8			1.0
5356.7			1.0
5357.6			1.0
5358.5			1.0
5359.4			1.0
5360.3			1.0
5361.2			1.0212228218035584
5362.1			1.0241269635951828
5363.0			1.0098431717516858
5363.9			1.0187944323459666
5364.8			1.018232080573007
5365.7			0.981236087508289
5366.6			0.9437173180623281
5367.5			0.9254308903790986
5368.4			0.9247999666562793
5369.3			0.9315604066839575
5370.2			0.9271275537498903
5371.1			0.9398645328306244
5372.0			0.9836354830404894
5372.9			0.9958014695311445
5373.8			1.0
5374.7			1.0024868067200512
5375.6			1.045621042184534
5376.5			1.0826616923910306
5377.4			1.0830834779201777
5378.3			1.0497983453440585
5379.2			0.9889660689087809
5380.1			0.924524501187914
5381.0			0.9205211932928964
5381.9			0.9681896147113063
5382.8			0.9856727492838319
5383.7			0.9621372026755928
5384.6			0.9449375774053546
5385.5			0.9606494552939626
5386.4			0.9933403208268261
5387.3			1.0
5388.2			1.0091639857730539
5389.1			1.0388445466270555
5390.0			1.0139812038044547
5390.9			0.937744298828693
5391.8			0.9116381466659991
5392.7			0.942786847554433
5393.6			0.9711636738715248
5394.5			0.9846809967980469
5395.4			1.000755849486159
5396.3			1.0
5397.2			1.0
5398.1			1.0
5399.0			1.0
5399.9			1.0
5400.8			1.0
5401.7			1.0026207804740292
5402.6			1.0072441733984088
5403.5			0.9729177940547057
5404.4			0.9138724105198432
5405.3			0.8774476135085912
5406.2			0.8855010597649181
5407.1			0.9201329665818414
5408.0			0.9608279892618156
5408.9			0.9998181699144946
5409.8			1.0
5410.7			1.0
5411.6			0.994268936850752
5412.5			0.9841054821461344
5413.4			0.9474328343657056
5414.3			0.9163971712531518
5415.2			0.9384086293012619
5416.1			0.9786406672768834
5417.0			0.994482382922212
5417.9			1.0
5418.8			1.0
5419.7			1.0
5420.6			1.0
5421.5			1.0
5422.4			1.0
5423.3			1.0
5424.2			1.0
5425.1			1.0
5426.0			1.0
5426.9			1.0
5427.8			1.0
5428.7			1.0
5429.6			1.0
5430.5			1.0
5431.4			1.0
5432.3			1.0
5433.2			1.0
5434.1			1.0
5435.0			1.0
5435.9			1.0
5436.8			1.0
5437.7			1.0
5438.6			1.0
5439.5			1.0
5440.4			1.0
5441.3			1.0
5442.2			1.0
5443.1			1.0
5444.0			1.0
5444.9			1.0
5445.8			1.0
5446.7			1.0
5447.6			1.0
5448.5			1.0
5449.4			1.0
5450.3			1.0
5451.2			1.0
5452.1			1.0
5453.0			1.0229006092938608
5453.9			0.9901223593352388
5454.8			0.913892436203462
5455.7			0.8855538572451176
5456.6			0.9383040833953996
5457.5			0.9937643206988425
5458.4			0.9986108060539611
5459.3			1.0
5460.2			1.0
5461.1			1.0
5462.0			1.0
5462.9			1.0
5463.8			1.0
5464.7			1.0
5465.6			1.0
5466.5			1.0
5467.4			1.0
5468.3			1.0
5469.2			1.0
5470.1			1.0
5471.0			1.0
5471.9			1.0
5472.8			1.0
5473.7			1.0
5474.6			1.0
5475.5			1.0
5476.4			1.0
5477.3			1.0
5478.2			1.0278676261258135
5479.1			1.0317910304767917
5480.0			1.0348992748717258
5480.9			1.0633760857741283
5481.8			1.0656624000446067
5482.7			1.022552274478314
5483.6			0.9918784207058052
5484.5			1.0050901366150944
5485.4			1.005253988750527
5486.3			0.9708867159875265
5487.2			0.9670888666108111
5488.1			1.0036322381517346
5489.0			1.0155031033594437
5489.9			1.0006311681041105
5490.8			0.999345880283463
5491.7			1.02801631637298
5492.6			1.0857179091780553
5493.5			1.1080969600383026
5494.4			1.058835003840606
5495.3			1.00942428483469
5496.2			1.0011562284190691
5497.1			1.0
5498.0			1.0
5498.9			1.0
5499.8			1.0
5500.7			1.0
5501.6			1.0
5502.5			1.0
5503.4			1.0
5504.3			1.0
5505.2			0.9938310656979349
5506.1			0.9177543797701865
5507.0			0.8968312761759353
5507.9			0.9657293064075753
5508.8			1.0039250738562422
5509.7			1.0
5510.6			1.0
5511.5			1.0
5512.4			1.0
5513.3			1.0015555830081944
5514.2			0.9895300524264644
5515.1			0.9896966895045398
5516.0			0.9872781693045114
5516.9			0.9523734883490065
5517.8			0.9160926868336159
5518.7			0.9319576448247398
5519.6			0.9732844478338447
5520.5			0.9924760165158896
5521.4			1.0024052407460942
5522.3			1.0007592560504992
5523.2			1.0
5524.1			1.0
5525.0			1.0
5525.9			1.0
5526.8			1.0
5527.7			1.0
5528.6			1.0
5529.5			1.0
5530.4			1.0
5531.3			1.0
5532.2			1.0
5533.1			1.0
5534.0			1.0
5534.9			1.0
5535.8			1.0
5536.7			1.0
5537.6			1.0
5538.5			1.0
5539.4			1.0
5540.3			1.0
5541.2			1.0
5542.1			1.0
5543.0			1.0
5543.9			1.0
5544.8			1.0
5545.7			1.0
5546.6			1.0
5547.5			1.0
5548.4			1.0
5549.3			1.0
5550.200000000001			1.0
5551.1			1.0
5552.0			1.0
5552.9			1.0
5553.8			1.0
5554.700000000001			1.0
5555.6			0.9723904452743979
5556.5			0.9853129652560901
5557.4			1.0227608745532868
5558.3			1.0093492429446418
5559.200000000001			0.9550581485174443
5560.1			0.9142405144050594
5561.0			0.9216407197120743
5561.9			0.955965649658041
5562.8			0.9850122191460079
5563.700000000001			1.008955573379519
5564.6			0.9937010258813116
5565.5			1.0
5566.4			1.0
5567.3			1.0
5568.200000000001			1.0
5569.1			1.0
5570.0			1.0
5570.9			1.0
5571.8			1.0
5572.700000000001			1.0
5573.6			1.0
5574.5			1.0
5575.4			1.0
5576.3			1.0
5577.200000000001			1.0
5578.1			1.0
5579.0			1.0322681950041
5579.9			1.0131367192195666
5580.8			0.9640795463316143
5581.700000000001			0.9249368026688093
5582.6			0.9223476875235077
5583.5			0.968691099992538
5584.4			1.0367583074192492
5585.3			1.0433050863632078
5586.200000000001			0.9986899054962447
5587.1			1.0
5588.0			1.0
5588.9			1.0
5589.8			1.0
5590.700000000001			1.0
5591.6			0.9646500459835745
5592.5			0.9237251466810283
5593.4			0.877213310878146
5594.3			0.8691093599676821
5595.200000000001			0.9288633483095854
5596.1			1.006966499447673
5597.0			0.999167188916142
5597.9			1.0
5598.8			1.0
5599.700000000001			1.0
5600.6			1.0
5601.5			1.0
5602.4			1.0
5603.3			1.0
5604.200000000001			1.0
5605.1			1.0
5606.0			1.0
5606.9			1.0
5607.8			1.0
5608.700000000001			1.0
5609.6			1.0506798939840802
5610.5			1.0601477502858228
5611.4			1.0104802843266494
5612.3			0.9798197864413996
5613.200000000001			0.9920059341864198
5614.1			0.9655101766504063
5615.0			0.9130212590486658
5615.9			0.9500990633234503
5616.8			1.0543819787123783
5617.700000000001			1.0708322397868455
5618.6			0.9915929864243616
5619.5			0.9583194354355627
5620.4			0.9957131017897561
5621.3			1.0
5622.200000000001			1.0
5623.1			1.0
5624.0			1.0
5624.9			1.0
5625.8			1.0
5626.700000000001			1.0
5627.6			1.0
5628.5			1.0
5629.4			1.0
5630.3			1.0
5631.200000000001			1.0
5632.1			1.0
5633.0			0.9998921736914358
5633.9			0.9674851842653966
5634.8			0.9525617645980259
5635.700000000001			0.9477051870370485
5636.6			0.9265766218057896
5637.5			0.9008694588623032
5638.4			0.8892320963561804
5639.3			0.9125942657680162
5640.200000000001			0.9519270833424128
5641.1			0.9828921193510525
5642.0			1.0165467608313663
5642.9			1.0274604541682388
5643.8			0.9946024793607826
5644.700000000001			1.0
5645.6			1.0
5646.5			1.0
5647.4			1.0
5648.3			1.0
5649.200000000001			1.0
5650.1			1.0
5651.0			1.0
5651.9			1.0
5652.8			0.9721821280660683
5653.700000000001			0.9447404004835621
5654.6			0.9300946982914634
5655.5			0.9221930824299582
5656.4			0.9360973304210692
5657.3			0.9380210367329773
5658.200000000001			0.9116448216100691
5659.1			0.9044626305604896
5660.0			0.8995300048595073
5660.9			0.8841315269784178
5661.8			0.9079283786151227
5662.700000000001			0.937634040559008
5663.6			0.9375325763599204
5664.5			0.9478469327057827
5665.4			0.9776319149241212
5666.3			0.9942211584403807
5667.200000000001			0.989430083222247
5668.1			0.9967373186966566
5669.0			1.0008964915364442
5669.9			1.0
5670.8			1.0084715590813882
5671.700000000001			1.0125657573234212
5672.6			0.987178710709014
5673.5			0.9626982017952216
5674.4			0.9262714904217523
5675.3			0.8848718088182682
5676.200000000001			0.8671177951707469
5677.1			0.8702594050387352
5678.0			0.8860165281688326
5678.9			0.8816458774077754
5679.8			0.845708349463412
5680.700000000001			0.8311790346064157
5681.6			0.8708406003466455
5682.5			0.9155337371036318
5683.4			0.9286062739404173
5684.3			0.9481203512391716
5685.200000000001			0.9752650195743847
5686.1			0.9809400999545534
5687.0			0.9912636196049407
5687.9			0.9886641461788993
5688.8			0.953226028952279
5689.700000000001			0.9520797416996051
5690.6			1.0005349549383873
5691.5			1.0
5692.4			0.9905336175297259
5693.3			0.899303054537209
5694.200000000001			0.8658467551530848
5695.1			0.9426639293101847
5696.0			0.9942145912820656
5696.9			1.0
5697.8			1.0
5698.700000000001			1.0
5699.6			1.0
5700.5			1.0
5701.4			1.0
5702.3			1.0085372521539864
5703.200000000001			1.0026252922109513
5704.1			0.9626288708652329
5705.0			0.9807223727536113
5705.9			1.0432692946004483
5706.8			1.0698093821363612
5707.700000000001			1.0352263093649028
5708.6			0.9493162318717236
5709.5			0.9004362966651089
5710.4			0.9132860761090835
5711.3			0.9235704419526364
5712.200000000001			0.9244208830626693
5713.1			0.9303564865225267
5714.0			0.9426511230839865
5714.9			0.9531953377835208
5715.8			0.9703716623381323
5716.700000000001			0.9995160840152059
5717.6			1.0
5718.5			1.0
5719.4			1.0
5720.3			1.0
5721.200000000001			1.0
5722.1			1.0
5723.0			1.0
5723.9			1.0
5724.8			1.0
5725.700000000001			1.0
5726.6			1.0
5727.5			1.0
5728.4			1.0
5729.3			1.0
5730.200000000001			1.0
5731.1			1.0219159970037532
5732.0			1.0186109554976863
5732.9			0.9176450366810645
5733.8			0.8052700804865568
5734.700000000001			0.8177432795367806
5735.6			0.9168333010733399
5736.5			0.999432779846304
5737.4			1.0
5738.3			1.0
5739.200000000001			1.0
5740.1			1.0
5741.0			1.0
5741.9			1.0
5742.8			1.0
5743.700000000001			1.015488282692967
5744.6			0.9853678902900532
5745.5			0.925321100080883
5746.4			0.9121932111712486
5747.3			0.9554715524840898
5748.200000000001			1.0103681533414595
5749.1			1.0000592261093946
5750.0			1.0
5750.9			1.0
5751.8			1.053683198702677
5752.700000000001			1.1428120486004074
5753.6			1.1530389763747555
5754.5			1.1072240592619504
5755.4			1.0506741845198602
5756.3			0.9746213588889634
5757.200000000001			0.940688264174127
5758.1			0.9634763965646485
5759.0			0.9862417643577542
5759.9			0.9730110964977304
5760.8			0.9550330772712454
5761.700000000001			0.9713697419553267
5762.6			1.0004225037070544
5763.5			1.0
5764.4			1.0
5765.3			1.0
5766.200000000001			1.0
5767.1			1.0
5768.0			1.0
5768.9			1.0
5769.8			1.0
5770.700000000001			1.0401892368174428
5771.6			1.0535062895057057
5772.5			0.9876045344070324
5773.4			0.9053045651987018
5774.3			0.8691170858173728
5775.200000000001			0.8825935503075327
5776.1			0.9451360131599895
5777.0			0.9986648184732956
5777.9			0.9990220566240243
5778.8			1.0
5779.700000000001			1.0
5780.6			1.0
5781.5			1.0
5782.4			1.0
5783.3			1.0
5784.200000000001			1.0
5785.1			1.0
5786.0			1.0
5786.9			1.0
5787.8			0.9734658937966357
5788.700000000001			0.9694552105879674
5789.6			0.9690957010460248
5790.5			0.9643467384811919
5791.4			0.9567111366122031
5792.3			0.9690057991573944
5793.200000000001			0.9959584367610023
5794.1			0.9672644998304754
5795.0			0.9337291254938767
5795.9			0.9588767152168887
5796.8			0.9714612499787941
5797.700000000001			0.9497834607078612
5798.6			0.9548597306978065
5799.5			0.9572640423164671
5800.4			0.9592063924127541
5801.3			0.9892536380944198
5802.200000000001			0.996935800470831
5803.1			1.0
5804.0			1.0
5804.9			1.0
5805.8			1.0
5806.700000000001			1.0
5807.6			1.0
5808.5			1.0
5809.4			1.0
5810.3			1.0
5811.200000000001			1.0
5812.1			1.0
5813.0			1.0
5813.9			1.0
5814.8			1.0
5815.700000000001			1.0
5816.6			1.0
5817.5			1.0
5818.4			1.0
5819.3			1.0
5820.200000000001			1.0
5821.1			1.0
5822.0			1.0
5822.9			1.0
5823.8			1.0
5824.700000000001			1.0266698377971724
5825.6			1.0695966075003482
5826.5			1.052317573739645
5827.4			1.0186582720930062
5828.3			0.9739877170041241
5829.200000000001			0.917524494619796
5830.1			0.922216895250746
5831.0			1.0094265247648848
5831.9			1.0460642898309207
5832.8			1.0104171369830102
5833.700000000001			0.9998797097202783
5834.6			1.0
5835.5			1.0
5836.4			1.0
5837.3			1.0
5838.200000000001			1.0
5839.1			0.9880045518547727
5840.0			0.9904760826242675
5840.9			1.0339399916930008
5841.8			1.0494550591299578
5842.700000000001			1.016368175472739
5843.6			0.9488674240749224
5844.5			0.8970913368442537
5845.4			0.8964315466450745
5846.3			1.0
5847.200000000001			1.0047058568833722
5848.1			0.99970648564575
5849.0			1.0210773059083422
5849.9			1.053769355061144
5850.8			1.07022252209129
5851.700000000001			1.0812553092955104
5852.6			1.1165046429117573
5853.5			1.1610643799803626
5854.4			1.1742602475375306
5855.3			1.1435785541730943
5856.200000000001			1.081297906133827
5857.1			1.041399367809328
5858.0			1.0108770632526722
5858.9			0.9897081811378506
5859.8			1.032106582503342
5860.700000000001			1.059106881996333
5861.6			1.0382812696138954
5862.5			1.0212586829015662
5863.4			1.019704901912269
5864.3			1.0221260512932477
5865.200000000001			1.0328509675496105
5866.1			1.0494125378689645
5867.0			1.0361560561658647
5867.9			1.0367385014050776
5868.8			1.0689825416449033
5869.700000000001			1.0572751758589531
5870.6			0.9999525241102147
5871.5			1.0
5872.4			1.0
5873.3			1.0
5874.200000000001			1.0
5875.1			1.0
5876.0			1.0
5876.9			0.9632206122487087
5877.8			0.9590219610304522
5878.700000000001			0.9937654579785191
5879.6			1.0012861439979128
5880.5			0.959288617733691
5881.4			0.921686585703087
5882.3			0.9383354681498945
5883.200000000001			0.9597671505335618
5884.1			0.955347838164454
5885.0			0.9597629829662048
5885.9			1.003718810491281
5886.8			1.0
5887.700000000001			1.0
5888.6			1.0
5889.5			1.0
5890.4			1.0
5891.3			1.0556910609489514
5892.200000000001			1.033762250663658
5893.1			0.9340713953367547
5894.0			0.8211044545162941
5894.9			0.7640311153902679
5895.8			0.7997530382929137
5896.700000000001			0.8841237858488162
5897.6			0.9628135195771395
5898.5			1.0051929409983045
5899.4			1.0
5900.3			1.0
5901.200000000001			1.0
5902.1			1.0
5903.0			1.0
5903.9			1.0
5904.8			0.9735136882170699
5905.700000000001			0.9176391350420985
5906.6			0.887969773123059
5907.5			0.9363837514420572
5908.4			0.9996844477369305
5909.3			1.0
5910.200000000001			1.0
5911.1			1.0
5912.0			1.0
5912.9			1.0
5913.8			1.0
5914.700000000001			1.0
5915.6			1.0
5916.5			1.0115673618030123
5917.4			0.9695448511255288
5918.3			0.9500277925413471
5919.200000000001			0.964268263624352
5920.1			0.9352937571309309
5921.0			0.8765700476743545
5921.9			0.8598167601321217
5922.8			0.904842326795143
5923.700000000001			0.940927078457821
5924.6			0.9229259485451724
5925.5			0.8742117651707682
5926.4			0.8393529515860323
5927.3			0.8353563810388128
5928.200000000001			0.875512348915956
5929.1			0.9203673297620815
5930.0			0.9083813472235233
5930.9			0.8710468260253427
5931.8			0.8914618423868552
5932.700000000001			1.0
5933.6			0.9462264894492068
5934.5			0.9428163285248606
5935.4			1.0482093561873316
5936.3			1.1070333958030485
5937.200000000001			1.0602488854147598
5938.1			1.0074566141601948
5939.0			0.9826332764991816
5939.9			0.9522546600714044
5940.8			0.9579826693917723
5941.700000000001			0.9903886531393414
5942.6			0.9750270437030055
5943.5			0.9433385646793628
5944.4			0.9489350680604731
5945.3			0.9769587236773632
5946.200000000001			1.007250025740086
5947.1			1.0
5948.0			1.0
5948.9			1.0
5949.8			1.0
5950.700000000001			1.0
5951.6			1.0
5952.5			1.0
5953.4			1.0018607611019037
5954.3			0.9552092496230702
5955.200000000001			0.9378371174677729
5956.1			0.9314964124553387
5957.0			0.9169472878010595
5957.9			0.9498544780478493
5958.8			0.9984531894165932
5959.700000000001			1.0310356103567675
5960.6			1.001883125863781
5961.5			1.0
5962.4			1.0
5963.3			1.0
5964.200000000001			1.0
5965.1			1.0
5966.0			1.0
5966.9			1.0
5967.8			1.0
5968.700000000001			1.0
5969.6			1.0
5970.5			1.0
5971.4			1.0
5972.3			1.0
5973.200000000001			1.0
5974.1			0.9915835743940788
5975.0			0.9350336300750867
5975.9			0.883755732305546
5976.8			0.9273118030233222
5977.700000000001			1.0
5978.6			1.0046559765266356
5979.5			0.9724346562322451
5980.4			0.9639626947729871
5981.3			0.9866755281101848
5982.200000000001			1.0187738313300065
5983.1			1.0114874104652416
5984.0			0.9754843484661285
5984.9			0.9263584116077688
5985.8			0.8821895645192858
5986.700000000001			0.8908258941309161
5987.6			0.9455963848022177
5988.5			0.9778341317946263
5989.4			0.9473984019340289
5990.3			0.9218161438904721
5991.200000000001			0.9639135014508537
5992.1			1.0094712783536128
5993.0			1.000191134117677
5993.9			1.0
5994.8			1.039766307030342
5995.700000000001			1.0201957582839445
5996.6			0.9671909626946671
5997.5			0.9318608191622524
5998.4			0.9290466857380811
5999.3			0.9543005079749741
6000.200000000001			0.9780065487000847
6001.1			1.010443899515794
6002.0			0.9999496284891414
6002.9			1.0
6003.8			1.0
6004.700000000001			1.0
6005.6			1.0
6006.5			1.0
6007.4			1.0
6008.3			1.0
6009.200000000001			1.0
6010.1			1.0
6011.0			1.0
6011.9			1.0
6012.8			1.025043021150537
6013.700000000001			0.976303425982002
6014.6			0.9341888344205715
6015.5			0.9288978315867105
6016.4			0.9028210229974049
6017.3			0.9209176273390787
6018.200000000001			1.0183326355674027
6019.1			1.0648781668698617
6020.0			1.005398045585366
6020.9			1.0
6021.8			1.0
6022.700000000001			1.0
6023.6			1.0
6024.5			1.0
6025.4			0.9840508330334554
6026.3			0.8959189782232658
6027.200000000001			0.805428855717547
6028.1			0.7809491180009905
6029.0			0.8353907912318981
6029.9			0.9314001370676239
6030.8			1.0019583295536543
6031.700000000001			1.0
6032.6			1.0
6033.5			1.0
6034.4			1.0
6035.3			1.0
6036.200000000001			1.0
6037.1			1.0
6038.0			1.0
6038.9			1.0
6039.8			1.0
6040.700000000001			1.0
6041.6			1.0
6042.5			1.0
6043.4			1.0
6044.3			1.0
6045.200000000001			1.0
6046.1			1.0
6047.0			1.0
6047.9			1.0
6048.8			1.0
6049.700000000001			1.0
6050.6			1.0
6051.5			1.0
6052.4			1.0
6053.3			1.0
6054.200000000001			1.0
6055.1			1.0
6056.0			1.0
6056.9			1.0
6057.8			1.0
6058.700000000001			1.0
6059.6			1.0
6060.5			1.054438640858436
6061.4			1.0473594527326502
6062.3			0.9958133071094687
6063.200000000001			0.9270659065851401
6064.1			0.8904452670524651
6065.0			0.934872774864355
6065.9			1.0176399360337942
6066.8			1.0239786084988367
6067.700000000001			0.9961207550732453
6068.6			1.0
6069.5			1.0
6070.4			1.0
6071.3			1.0332842154990707
6072.200000000001			1.0731591584908393
6073.1			1.0529950567524886
6074.0			0.9789931881073414
6074.9			0.9165192066844527
6075.8			0.9128030942384358
6076.700000000001			0.9623253194224396
6077.6			0.9801806318666503
6078.5			0.9692834960235555
6079.4			1.0049544281425242
6080.3			1.0000150241001362
6081.200000000001			1.0
6082.1			1.0
6083.0			1.0
6083.9			1.0
6084.8			1.0
6085.700000000001			1.0
6086.6			1.0
6087.5			1.0
6088.4			1.0
6089.3			1.0
6090.200000000001			1.0
6091.1			1.0
6092.0			1.0
6092.9			1.0
6093.8			0.976428284950694
6094.700000000001			0.9278420851792003
6095.6			0.875875668269827
6096.5			0.8844705567319125
6097.4			0.9521615479772078
6098.3			0.9795664374013862
6099.200000000001			0.9916574614822123
6100.1			1.0
6101.0			1.0
6101.9			1.0
6102.8			1.0
6103.700000000001			1.0
6104.6			1.0
6105.5			1.0
6106.4			1.0
6107.3			1.0
6108.200000000001			1.0
6109.1			1.0
6110.0			1.0
6110.9			1.0
6111.8			1.0
6112.700000000001			1.0
6113.6			1.0
6114.5			1.0
6115.4			1.0
6116.3			1.0
6117.200000000001			1.0
6118.1			1.0
6119.0			1.0
6119.9			1.0
6120.8			1.0056988232214281
6121.700000000001			1.0353745274671333
6122.6			0.975611811164357
6123.5			0.8849047460332367
6124.4			0.8936127313338763
6125.3			0.9635419422954674
6126.200000000001			0.9974496224041797
6127.1			1.0
6128.0			1.0
6128.9			1.0
6129.8			1.0
6130.700000000001			1.0
6131.6			1.0
6132.5			1.0
6133.4			1.0
6134.3			1.0
6135.200000000001			1.0
6136.1			1.0
6137.0			1.0
6137.9			1.0
6138.8			1.0
6139.700000000001			1.0
6140.6			1.0
6141.5			1.0
6142.4			1.0
6143.3			1.0
6144.200000000001			1.0
6145.1			1.0
6146.0			1.0
6146.9			1.0
6147.8			1.0
6148.700000000001			1.0
6149.6			1.0
6150.5			1.0
6151.4			1.0
6152.3			1.0
6153.200000000001			1.0110927944162096
6154.1			1.0355818169564532
6155.0			1.0110817157164131
6155.9			0.9661101998768183
6156.8			0.9568206726170545
6157.700000000001			0.9234221839562035
6158.6			0.9359813128346798
6159.5			1.0339679453749102
6160.4			1.0637423735958822
6161.3			1.0220238512963806
6162.200000000001			0.9999305030796483
6163.1			1.0
6164.0			1.0
6164.9			1.0
6165.8			1.0
6166.700000000001			1.0
6167.6			1.0
6168.5			1.0
6169.4			0.9696146884745392
6170.3			0.9329269762002674
6171.200000000001			0.8667775396573093
6172.1			0.7948466682758745
6173.0			0.785608038306251
6173.9			0.8352158710234727
6174.8			0.932123501713497
6175.700000000001			1.0040814406334162
6176.6			1.0218167495943344
6177.5			0.9896438454520889
6178.4			0.9626896508009762
6179.3			0.9407397854565718
6180.200000000001			0.9192215691252376
6181.1			0.9367301119307474
6182.0			0.9328172612009297
6182.9			0.883831863575825
6183.8			0.9043667718385303
6184.700000000001			0.945689414079525
6185.6			0.9527597047063486
6186.5			0.9542749596529927
6187.4			0.938539735052075
6188.3			0.9093480011622653
6189.200000000001			0.8979762694814248
6190.1			0.9065227010993919
6191.0			0.8977813505224317
6191.9			0.9039658761980028
6192.8			0.9787743236002002
6193.700000000001			0.9830975583273558
6194.6			0.9379487036964795
6195.5			0.9597102066838511
6196.4			1.0007085844654138
6197.3			1.0
6198.200000000001			1.0
6199.1			1.0
6200.0			1.0
6200.9			1.0
6201.8			1.0
6202.700000000001			1.0
6203.6			1.0
6204.5			0.9515384435201755
6205.4			1.0022918749701517
6206.3			1.0344658332151557
6207.200000000001			0.9535758983891234
6208.1			0.9159282642223472
6209.0			0.9409270339346605
6209.9			0.9115039482494527
6210.8			0.9345721496874757
6211.700000000001			1.0
6212.6			0.9883465899419217
6213.5			0.9552351115084172
6214.4			0.987285545939499
6215.3			0.9547238243796701
6216.200000000001			0.8789470775376762
6217.1			0.8806854924157292
6218.0			0.9230323126914389
6218.9			0.9535786613104539
6219.8			0.9509859723328027
6220.700000000001			0.9049314973355597
6221.6			0.8774471071319824
6222.5			0.9048596632677159
6223.4			0.9204999063663798
6224.3			0.9363534981346885
6225.200000000001			0.9125569696952085
6226.1			0.865375459738066
6227.0			0.8446069257223191
6227.9			0.8710865243044724
6228.8			0.9379173124862115
6229.700000000001			0.9276150497362388
6230.6			0.9167978608247321
6231.5			0.946747433605244
6232.4			1.0
6233.3			0.9681806835704501
6234.200000000001			0.9940601046054851
6235.1			1.0649761407216378
6236.0			1.1049398088730036
6236.9			1.050818601949051
6237.8			0.9913890668000519
6238.700000000001			1.06126114428315
6239.6			1.1683846393475439
6240.5			1.1509841816088235
6241.4			1.0619294263256442
6242.3			1.0020523543888937
6243.200000000001			0.9872244045226081
6244.1			1.0056436482176494
6245.0			1.015370049483059
6245.9			0.9767793059873185
6246.8			0.9801785147227146
6247.700000000001			1.0081344899443494
6248.6			0.9838939104962542
6249.5			0.9875640502259306
6250.4			1.0407706329942037
6251.3			1.040337848499424
6252.200000000001			1.033259456542329
6253.1			1.0443090311656225
6254.0			1.0
6254.9			1.0447288515325128
6255.8			1.0612402810212909
6256.700000000001			0.9917797187121451
6257.6			0.9279726832594488
6258.5			0.9201036844420435
6259.4			0.9549173905343254
6260.3			0.993623674499948
6261.200000000001			1.0
6262.1			1.0
6263.0			1.0
6263.9			1.0
6264.8			1.0
6265.700000000001			1.0
6266.6			1.0
6267.5			1.027059492041525
6268.4			1.079418173418288
6269.3			1.056763239041064
6270.200000000001			1.021569996014394
6271.1			1.019874544361127
6272.0			1.0114909411556672
6272.9			1.0085037128862617
6273.8			1.003840012998749
6274.700000000001			1.0082447547894349
6275.6			0.9698745896273145
6276.5			0.9014031649125432
6277.4			0.8770375102668708
6278.3			0.9186632051551401
6279.200000000001			0.9540325281808545
6280.1			0.9488080567658604
6281.0			0.9441680237815167
6281.9			0.890283966078845
6282.8			0.8839205834629874
6283.700000000001			0.9136177297482131
6284.6			0.903899386154257
6285.5			0.9332274459367562
6286.4			0.991263273284507
6287.3			1.0019870763701535
6288.200000000001			1.0
6289.1			1.0
6290.0			1.0
6290.9			1.0
6291.8			1.0
6292.700000000001			1.0
6293.6			1.0
6294.5			1.0
6295.4			1.0
6296.3			1.0
6297.200000000001			1.0
6298.1			1.0
6299.0			1.0
6299.9			1.0
6300.8			0.9914102060411473
6301.700000000001			0.9737214571599617
6302.6			0.9204553518497253
6303.5			0.8736272542381035
6304.4			0.8943308224766864
6305.3			0.9480096048943607
6306.200000000001			1.0015168197941735
6307.1			1.0
6308.0			1.0
6308.9			1.0
6309.8			1.0
6310.700000000001			1.0
6311.6			1.0
6312.5			1.0
6313.4			1.0
6314.3			1.0
6315.200000000001			1.0165448138768662
6316.1			0.9574083788632335
6317.0			0.8909662994081522
6317.9			0.9301369930284559
6318.8			0.9991468792910584
6319.700000000001			1.0
6320.6			1.0
6321.5			1.0
6322.4			1.0
6323.3			1.0
6324.200000000001			1.0
6325.1			1.0
6326.0			1.0
6326.9			1.0
6327.8			1.0
6328.700000000001			1.0
6329.6			1.0
6330.5			1.0
6331.4			0.9859548195675402
6332.3			0.9793582231520208
6333.200000000001			1.019068591111031
6334.1			1.0146455289799612
6335.0			0.9849008650906866
6335.9			0.9539275010625368
6336.8			0.9476267441884488
6337.700000000001			0.9342476642242381
6338.6			0.9047682069871472
6339.5			0.9021134956957968
6340.4			0.9094663337412233
6341.3			0.9038974037212721
6342.200000000001			0.9308631484600915
6343.1			0.9888560668302555
6344.0			1.0158742795522722
6344.9			1.0
6345.8			1.0052192614637612
6346.700000000001			0.973133882158377
6347.6			0.9325168752009086
6348.5			0.9244877291466448
6349.4			0.916227719320908
6350.3			0.863342690767941
6351.200000000001			0.8147356225486712
6352.1			0.8215370365942435
6353.0			0.850889271913404
6353.9			0.8970305313060645
6354.8			0.9728201020595398
6355.700000000001			0.9959719898724909
6356.6			0.9986399183160625
6357.5			1.0
6358.4			1.0132827435019942
6359.3			0.9718210914915941
6360.200000000001			0.9122410227534422
6361.1			0.8853762068101473
6362.0			0.8592576878969664
6362.9			0.8621904914594846
6363.8			0.9081054692737273
6364.700000000001			0.9615685132072561
6365.6			1.0011532311589224
6366.5			1.0
6367.4			1.0
6368.3			1.0
6369.200000000001			1.0
6370.1			1.0
6371.0			1.0
6371.9			1.0
6372.8			1.0
6373.700000000001			1.0
6374.6			1.0
6375.5			1.0
6376.4			1.0
6377.3			1.0
6378.200000000001			1.0
6379.1			1.0
6380.0			1.0
6380.9			1.0355854431452838
6381.8			1.000550087989873
6382.700000000001			0.9068506053439227
6383.6			0.8724317651056591
6384.5			0.9143915465926175
6385.4			0.9738035003059525
6386.3			1.0006551523825926
6387.200000000001			1.0
6388.1			1.0
6389.0			1.0
6389.9			1.0
6390.8			1.0
6391.700000000001			1.0
6392.6			1.0
6393.5			0.9711476392449557
6394.4			0.9130339642461082
6395.3			0.8686607857717784
6396.200000000001			0.8584932264606779
6397.1			0.9144568723495564
6398.0			0.9766091195904644
6398.9			0.999444743901582
6399.8			1.0
6400.700000000001			1.0
6401.6			1.0
6402.5			1.0
6403.4			1.0
6404.3			1.0
6405.200000000001			1.0
6406.1			1.0
6407.0			1.0
6407.9			1.0
6408.8			1.0
6409.700000000001			1.0
6410.6			1.0
6411.5			1.0
6412.4			1.0
6413.3			1.0
6414.200000000001			1.0
6415.1			1.0
6416.0			1.0
6416.9			1.0
6417.8			1.0
6418.700000000001			1.0
6419.6			1.0
6420.5			1.0
6421.4			1.0
6422.3			1.0
6423.200000000001			1.0172946066698563
6424.1			0.9896483921211195
6425.0			0.999127504225516
6425.9			0.9889840196969703
6426.8			1.0
6427.700000000001			0.9870913092627349
6428.6			1.0606708673528698
6429.5			1.1329578460572711
6430.4			1.1271551068437027
6431.3			1.0451305008371676
6432.200000000001			1.0010119714210812
6433.1			1.0038473069672589
6434.0			0.9978390111413333
6434.9			1.011561216850747
6435.8			1.0073648504280395
6436.700000000001			0.9637955099447059
6437.6			0.9595177075555691
6438.5			0.9803124660805141
6439.4			0.981297162997023
6440.3			0.9746639176176921
6441.200000000001			1.0111735351932614
6442.1			1.0751839716207203
6443.0			1.0777570633387665
6443.9			1.0
6444.8			1.0057880489489164
6445.700000000001			0.9824619300958679
6446.6			0.9253078275379183
6447.5			0.891443702092941
6448.4			0.8923308965331387
6449.3			0.9119583063126164
6450.200000000001			0.9460104775610532
6451.1			0.9710490372542852
6452.0			0.994492855299772
6452.9			1.0
6453.8			0.9991380709898161
6454.700000000001			0.9659745917708602
6455.6			0.9426323555118586
6456.5			0.9216418331393331
6457.4			0.8950406602438886
6458.3			0.8912509357405093
6459.200000000001			0.9130393070547429
6460.1			0.9466433399426541
6461.0			0.9483804990083269
6461.9			0.8984377952919119
6462.8			0.8512582730634733
6463.700000000001			0.8439352630858163
6464.6			0.9030667676455789
6465.5			1.007640684304402
6466.4			1.0328694099126694
6467.3			0.9619309061847844
6468.200000000001			0.9057580267856441
6469.1			0.8903357576692709
6470.0			0.874308222486836
6470.9			0.860030478450329
6471.8			0.8628271328131384
6472.700000000001			0.9241501760942061
6473.6			1.000812506998162
6474.5			1.0
6475.4			1.0
6476.3			1.0
6477.200000000001			1.0
6478.1			1.0
6479.0			1.0
6479.9			1.0
6480.8			1.0
6481.700000000001			1.0
6482.6			0.9994592880786627
6483.5			0.9648088669379997
6484.4			0.9630958895619779
6485.3			0.9576453462357741
6486.200000000001			0.9169767195445203
6487.1			0.9246136596491473
6488.0			0.9737539677181004
6488.9			0.9940017283407385
6489.8			0.9995608629691596
6490.700000000001			1.0
6491.6			1.0
6492.5			1.0
6493.4			1.0064582078759838
6494.3			0.9384116264552592
6495.200000000001			0.8416089911191981
6496.1			0.8283371452539593
6497.0			0.8444080393090029
6497.9			0.8289041743014637
6498.8			0.8834900185801577
6499.700000000001			0.9987138257369079
6500.6			1.0528244286621251
6501.5			1.0251377859800845
6502.4			0.997718112161316
6503.3			1.0
6504.200000000001			1.0
6505.1			1.0
6506.0			1.0
6506.9			1.0
6507.8			1.0
6508.700000000001			1.0
6509.6			1.0
6510.5			1.0
6511.4			1.0
6512.3			1.0
6513.200000000001			1.0
6514.1			1.0
6515.0			1.0
6515.9			1.0
6516.8			1.0
6517.700000000001			1.0
6518.6			1.0
6519.5			1.0
6520.4			1.0232065604209652
6521.3			1.0852484402276645
6522.200000000001			1.1155080268991031
6523.1			1.042401419460741
6524.0			0.9521625424797016
6524.9			0.9551645798802552
6525.8			1.0252524092163335
6526.700000000001			1.0548108131806941
6527.6			0.9943165431363366
6528.5			1.0
6529.4			1.0
6530.3			1.0007844127804861
6531.200000000001			1.02259146983957
6532.1			1.051793697128502
6533.0			1.0675996953818048
6533.9			1.030972860174014
6534.8			0.9527408826033145
6535.700000000001			0.9267168601525144
6536.6			0.9491588160517396
6537.5			0.9462023825552087
6538.4			0.9074100921818653
6539.3			0.9083492540977097
6540.200000000001			0.970125107623949
6541.1			1.0
6542.0			1.0034366809633282
6542.9			0.9710312595700527
6543.8			0.9212424694279013
6544.700000000001			0.9090439318264438
6545.6			0.8779366101261343
6546.5			0.8263892855898902
6547.4			0.8398118926964575
6548.3			0.8817399441235677
6549.200000000001			0.9233434671492512
6550.1			0.9758531887113889
6551.0			0.9990680608140405
6551.9			1.0
6552.8			1.0
6553.700000000001			1.0
6554.6			1.0
6555.5			1.0
6556.4			1.0
6557.3			1.0
6558.200000000001			1.0
6559.1			0.9804587538473778
6560.0			0.9745805926863933
6560.9			0.9411231585666162
6561.8			0.8488193178813276
6562.700000000001			0.7058189209562212
6563.6			0.6491319381896734
6564.5			0.7832837352593987
6565.4			0.939121806237289
6566.3			1.0334819848672931
6567.200000000001			1.058164453251449
6568.1			0.996747658434671
6569.0			1.0
6569.9			1.0
6570.8			1.0
6571.700000000001			1.0
6572.6			1.0
6573.5			1.0
6574.4			1.0
6575.3			1.0
6576.200000000001			1.0
6577.1			1.0
6578.0			1.0
6578.9			1.0
6579.8			1.0
6580.700000000001			1.0
6581.6			1.0
6582.5			1.0
6583.4			1.0
6584.3			1.0
6585.200000000001			1.0
6586.1			1.0
6587.0			1.0
6587.9			1.0
6588.8			1.0
6589.700000000001			1.0
6590.6			1.0405180692640565
6591.5			1.013718756017284
6592.4			0.9252828905815582
6593.3			0.874508408679481
6594.200000000001			0.9238408748288806
6595.1			0.999792155425917
6596.0			0.9999091250133053
6596.9			1.0
6597.8			1.0
6598.700000000001			1.0
6599.6			1.0
6600.5			1.0
6601.4			1.0
6602.3			0.987122013775
6603.200000000001			0.9214776930501304
6604.1			0.8538265670278727
6605.0			0.8112941653725418
6605.9			0.8183001110928619
6606.8			0.906040997864526
6607.700000000001			1.0005262677568625
6608.6			1.0
6609.5			1.0
6610.4			1.0
6611.3			1.0
6612.200000000001			1.0
6613.1			1.0
6614.0			1.0
6614.9			1.0
6615.8			1.0
6616.700000000001			1.0
6617.6			0.9539218252920392
6618.5			0.8338999558001895
6619.4			0.80128608562376
6620.3			0.9107857921673431
6621.200000000001			0.9986883266118745
6622.1			1.0
6623.0			1.0
6623.9			1.0
6624.8			1.0
6625.700000000001			1.0
6626.6			1.0
6627.5			1.0
6628.4			1.0
6629.3			1.0
6630.200000000001			1.0
6631.1			1.0
6632.0			1.0
6632.9			1.0
6633.8			1.0
6634.700000000001			1.0
6635.6			1.0
6636.5			1.0
6637.4			1.0
6638.3			0.953424927703892
6639.200000000001			0.8755492628336429
6640.1			0.8623201427039895
6641.0			0.9343645433123291
6641.9			1.0035681449214753
6642.8			1.0019862045936605
6643.700000000001			0.9780095745408514
6644.6			0.9847353996564909
6645.5			1.001614782380127
6646.4			0.9962548340485715
6647.3			0.9433550449593887
6648.200000000001			0.8607640615390248
6649.1			0.8016125006040211
6650.0			0.8082291007729423
6650.9			0.8305058516953147
6651.8			0.824240093229559
6652.700000000001			0.8172672782552376
6653.6			0.8336290876857786
6654.5			0.8615311623028077
6655.4			0.8762400517510772
6656.3			0.8420807869058156
6657.200000000001			0.782035508546325
6658.1			0.8049870825635503
6659.0			0.9286577246413183
6659.9			0.9997954266866562
6660.8			1.0
6661.700000000001			1.0
6662.6			1.0
6663.5			1.0
6664.4			1.0
6665.3			1.0
6666.200000000001			1.0
6667.1			1.0
6668.0			0.9846366447923428
6668.9			0.9473499024942756
6669.8			0.9192329980716377
6670.700000000001			0.8920187825834613
6671.6			0.8941811232122888
6672.5			0.9507415751877565
6673.4			0.9994807844621246
6674.3			1.0
6675.200000000001			1.0
6676.1			1.0
6677.0			1.0
6677.9			1.0
6678.8			1.0
6679.700000000001			1.0
6680.6			1.0301320187316374
6681.5			0.9916556599843306
6682.4			0.8903182642755987
6683.3			0.8661964670764429
6684.200000000001			0.9620010730891602
6685.1			1.0253968550745665
6686.0			1.0009804647375402
6686.9			1.0
6687.8			1.0
6688.700000000001			1.0
6689.6			1.0
6690.5			1.0
6691.4			1.0
6692.3			1.0
6693.200000000001			1.0
6694.1			1.010337429740845
6695.0			0.9349288067519926
6695.9			0.8755208563949246
6696.8			0.9287533291059077
6697.700000000001			0.9988985729370087
6698.6			1.0
6699.5			1.0
6700.4			1.0
6701.3			1.0
6702.200000000001			1.0
6703.1			1.073723403427739
6704.0			1.0810461307218862
6704.9			1.0061374713878966
6705.8			0.9277302822552572
6706.700000000001			0.9099371179813602
6707.6			0.9027919930383723
6708.5			0.8777497158412454
6709.4			0.9020645544830505
6710.3			0.9719874433969943
6711.200000000001			1.0175515766819196
6712.1			1.0462854388169487
6713.0			1.0603275436173547
6713.9			1.0019547311708006
6714.8			1.0
6715.700000000001			1.046750309948159
6716.6			1.1327457995948023
6717.5			1.1397038127757155
6718.4			1.0965756170659502
6719.3			1.0263772326139946
6720.200000000001			0.9647886548580753
6721.1			0.9561331802984904
6722.0			0.9612483607956301
6722.9			0.9582028060545247
6723.8			0.9770215241436724
6724.700000000001			1.0056145548222057
6725.6			1.0
6726.5			1.0
6727.4			1.0
6728.3			1.0
6729.200000000001			1.0
6730.1			1.0
6731.0			1.0
6731.9			1.0
6732.8			1.0
6733.700000000001			1.0
6734.6			1.0
6735.5			1.0
6736.4			1.0
6737.3			1.0
6738.200000000001			1.0
6739.1			1.0
6740.0			1.0
6740.9			1.0
6741.8			1.0
6742.700000000001			1.0
6743.6			1.0
6744.5			1.0
6745.4			1.0
6746.3			1.0
6747.200000000001			0.9961794557067737
6748.1			0.9415493131498465
6749.0			0.8964139387314266
6749.9			0.8798410464477994
6750.8			0.8580897577004145
6751.700000000001			0.833401768185011
6752.6			0.8256500774764871
6753.5			0.8414487295135609
6754.4			0.901121414180903
6755.3			0.9873059959632399
6756.200000000001			1.0188931365684892
6757.1			1.0016954814067658
6758.0			1.0
6758.9			0.9970061945410087
6759.8			0.9500047587264057
6760.700000000001			0.9085724167619306
6761.6			0.8956885293973699
6762.5			0.8934091598232051
6763.4			0.8918268963450672
6764.3			0.8817661616541504
6765.200000000001			0.869197142232326
6766.1			0.8603379438493519
6767.0			0.8802487623257391
6767.9			0.9331599259923232
6768.8			0.9616627581378289
6769.700000000001			0.9684069948293929
6770.6			0.977994897221568
6771.5			0.9989234798542818
6772.4			1.018977673676288
6773.3			1.0034240110177117
6774.200000000001			1.0
6775.1			1.0
6776.0			1.0
6776.9			0.9571060555731249
6777.8			0.9642757494861735
6778.700000000001			0.9350515433316894
6779.6			0.8466204315882889
6780.5			0.7912195720837567
6781.4			0.84511642285838
6782.3			0.956061294082613
6783.200000000001			1.0063790963795556
6784.1			0.9992388798117644
6785.0			1.0
6785.9			1.0
6786.8			1.0
6787.700000000001			1.0
6788.6			1.0
6789.5			1.0
6790.4			1.0
6791.3			1.0
6792.200000000001			1.0
6793.1			1.0
6794.0			1.0
6794.9			1.0
6795.8			1.0
6796.700000000001			1.0
6797.6			1.0
6798.5			1.0
6799.4			1.0
6800.3			1.0
6801.200000000001			1.0
6802.1			1.0
6803.0			1.0
6803.9			1.0
6804.8			1.0
6805.700000000001			1.0
6806.6			1.0
6807.5			1.0
6808.4			0.9660694022471717
6809.3			0.8894575003124258
6810.200000000001			0.8690278602879672
6811.1			0.9314723027338004
6812.0			1.0026727941311242
6812.9			1.0
6813.8			1.0
6814.700000000001			1.0
6815.6			1.0
6816.5			1.0
6817.4			1.0
6818.3			1.0
6819.200000000001			1.0
6820.1			1.0
6821.0			1.0
6821.9			1.0
6822.8			0.979818182982075
6823.700000000001			1.0103035101821374
6824.6			1.059424723036269
6825.5			1.0811555699688324
6826.4			1.0426045518552376
6827.3			0.9614014664854604
6828.200000000001			0.91242024543411
6829.1			0.9207066367153485
6830.0			0.9273455205606611
6830.9			0.9052040934912112
6831.8			0.9336777925374622
6832.700000000001			1.0028994069773247
6833.6			0.9994355304801474
6834.5			1.0
6835.4			1.0
6836.3			1.0
6837.200000000001			1.0
6838.1			1.0
6839.0			1.0071685359827243
6839.9			1.0251469806368783
6840.8			0.9887832979636081
6841.700000000001			0.9448650310446519
6842.6			0.9339807884469533
6843.5			0.9564442549257846
6844.4			1.0068097549432307
6845.3			1.0346260626760388
6846.200000000001			0.9992513169075713
6847.1			1.0
6848.0			1.0551376771629768
6848.9			1.1269213046004336
6849.8			1.1223786240354718
6850.700000000001			1.064825878752888
6851.6			1.0342703608369985
6852.5			1.0682140236015687
6853.4			1.0784312403786445
6854.3			1.0074318129813067
6855.200000000001			0.9113976856609429
6856.1			0.8500747213794002
6857.0			0.8518882485796129
6857.9			0.8776934675288566
6858.8			0.8881263735932646
6859.700000000001			0.9186518345467838
6860.6			0.9389691084800423
6861.5			1.0
6862.4			0.9837585498949095
6863.3			1.0433205989057623
6864.200000000001			1.124972582248794
6865.1			1.1877149879765474
6866.0			1.1969963863841209
6866.9			1.1176717153980016
6867.8			1.0309670657200596
6868.700000000001			1.0351064574437525
6869.6			1.095903734295325
6870.5			1.0989566183646673
6871.4			0.9955032730721585
6872.3			0.8702839137406312
6873.200000000001			0.8301617935851783
6874.1			0.8588966667822573
6875.0			0.902234860386482
6875.9			0.9576384329012243
6876.8			0.9930916552715914
6877.700000000001			0.9838455856640774
6878.6			0.9597334072923539
6879.5			0.9245018470685157
6880.4			0.892906844682436
6881.3			0.9175631820916859
6882.200000000001			0.9788695708602947
6883.1			1.0096129301842418
6884.0			0.9995172275671425
6884.9			1.0
6885.8			0.9895010874548906
6886.700000000001			1.0030672104282288
6887.6			0.9789150173835427
6888.5			0.9265182986456572
6889.4			0.9376394739712
6890.3			0.9908268669351193
6891.200000000001			0.9999800681670822
6892.1			1.0
6893.0			1.0
6893.9			1.0
6894.8			0.9747498778429023
6895.700000000001			1.0204948581386062
6896.6			1.1038134353444922
6897.5			1.0
6898.4			0.9315575263388739
6899.3			0.8399310499891265
6900.200000000001			0.8047710231680486
6901.1			0.835235165691807
6902.0			0.8781395525737447
6902.9			0.8905610753947636
6903.8			0.8732951821021931
6904.700000000001			0.8508997309952454
6905.6			0.840939842865035
6906.5			0.8309716415865246
6907.4			0.8078659921892152
6908.3			0.8091839163483695
6909.200000000001			0.8471835785558518
6910.1			0.8728547084407938
6911.0			0.8816627303954025
6911.9			0.9143398000399731
6912.8			0.9659602966885352
6913.700000000001			0.9967936378282599
6914.6			0.9876106431413438
6915.5			0.9569742470658298
6916.4			0.929948484583736
6917.3			0.8943308672754973
6918.200000000001			0.8610030181818443
6919.1			0.8552727649252949
6920.0			0.8618868101976271
6920.9			0.8799923989725383
6921.8			0.8955077678897867
6922.700000000001			0.8797018913590515
6923.6			0.8595134968544567
6924.5			0.8790058578407115
6925.4			0.9323017124832542
6926.3			0.9618034067007882
6927.200000000001			0.9386850600226038
6928.1			0.9110955090619797
6929.0			0.9143066589180973
6929.9			0.9263801996100409
6930.8			0.9274546416504607
6931.700000000001			0.925795062589435
6932.6			0.9274175871507583
6933.5			0.918778774334797
6934.4			0.9099828983450934
6935.3			0.925749179093256
6936.200000000001			0.9455747063355956
6937.1			0.9322019222686295
6938.0			0.9040150380259337
6938.9			0.907729541044912
6939.8			0.9212996246452823
6940.700000000001			0.903888264368357
6941.6			0.8919195136354487
6942.5			0.912822270789216
6943.4			0.9283515260019227
6944.3			0.9271342087036635
6945.200000000001			0.9137943580863603
6946.1			0.8636185079849099
6947.0			0.8143437642560332
6947.9			0.8302970797797676
6948.8			0.8814900460146925
6949.700000000001			0.9142045757888512
6950.6			0.9243723846310216
6951.5			0.9372574136199422
6952.4			0.9645479851887067
6953.3			0.9796115461061545
6954.200000000001			0.9614625778034517
6955.1			0.9436227771506619
6956.0			0.9624716308585834
6956.9			0.988610945694126
6957.8			0.9759770063636803
6958.700000000001			0.9325648301737334
6959.6			0.9120275796217334
6960.5			0.9398190523189535
6961.4			0.9853359210490373
6962.3			1.0265941441257
6963.200000000001			1.045165077964281
6964.1			1.0044298174625463
6965.0			0.9400125515366389
6965.9			0.9350476090921327
6966.8			0.9696005010726262
6967.700000000001			0.9600509678410432
6968.6			0.9029198453253113
6969.5			0.8641001416099259
6970.4			0.8903739976832805
6971.3			0.9515023360391219
6972.200000000001			0.9701701629368379
6973.1			0.919331563661441
6974.0			0.8535650621532573
6974.9			0.835966714415438
6975.8			0.8721290680278952
6976.700000000001			0.9488126806290316
6977.6			1.0322335746195346
6978.5			1.0635512531445228
6979.4			1.0472288609095857
6980.3			1.0359597482897913
6981.200000000001			1.0466815629496606
6982.1			1.0820039590575417
6983.0			1.0830005332112236
6983.9			0.9956195947857578
6984.8			0.9167649057528477
6985.700000000001			0.9202615741579282
6986.6			0.9677656847395576
6987.5			1.0170984043449538
6988.4			1.0321627076702833
6989.3			0.9979687817136942
6990.200000000001			0.9442738668937364
6991.1			0.9271947721909228
6992.0			0.9633266852765436
6992.9			0.9854725319826895
6993.8			0.9512095229631271
6994.700000000001			0.9421248451613639
6995.6			1.0226845025125681
6996.5			1.0810056360874498
6997.4			1.0000966398838937
6998.3			0.890914374082425
6999.200000000001			0.9158191530225492
7000.1			1.0
7001.0			1.0
7001.9			1.0
7002.8			1.0
7003.700000000001			1.0
7004.6			1.0
7005.5			1.0
7006.4			1.0
7007.3			1.0
7008.200000000001			1.0
7009.1			1.0
7010.0			1.0
7010.9			1.0
7011.8			1.0
7012.700000000001			1.0
7013.6			1.0
7014.5			1.0
7015.4			1.0
7016.3			1.0
7017.200000000001			1.0
7018.1			1.0
7019.0			1.0
7019.9			1.0
7020.8			1.0
7021.700000000001			1.0
7022.6			1.0
7023.5			1.0
7024.4			1.0
7025.3			1.0
7026.200000000001			1.0
7027.1			1.0
7028.0			1.0
7028.9			1.0
7029.8			1.0
7030.700000000001			1.0
7031.6			1.0
7032.5			1.0
7033.4			1.0
7034.3			1.0
7035.200000000001			1.0
7036.1			1.0
7037.0			1.0
7037.9			1.0
7038.8			1.0
7039.700000000001			1.0
7040.6			1.0
7041.5			1.0
7042.4			1.0
7043.3			1.0
7044.200000000001			1.0
7045.1			1.0
7046.0			1.0
7046.9			1.0
7047.8			1.0
7048.700000000001			1.0
7049.6			1.0
7050.5			1.0
7051.4			1.0
7052.3			1.0
7053.200000000001			1.0
7054.1			1.0
7055.0			1.0
7055.9			1.0
7056.8			1.0
7057.700000000001			1.0
7058.6			1.0
7059.5			1.0
7060.4			1.0
7061.3			1.0
7062.200000000001			1.0
7063.1			1.0
7064.0			1.0
7064.9			1.0
7065.8			1.0
7066.700000000001			1.0
7067.6			1.0
7068.5			1.0
7069.4			1.0
7070.3			1.0
7071.200000000001			1.0
7072.1			1.0
7073.0			1.0
7073.9			1.0
7074.8			1.0
7075.700000000001			1.0
7076.6			1.0
7077.5			1.0
7078.4			1.0
7079.3			1.0
7080.200000000001			1.0
7081.1			1.0
7082.0			1.0
7082.9			1.0
7083.8			1.0
7084.700000000001			1.0
7085.6			1.0
7086.5			1.0
7087.4			1.0
7088.3			1.0
7089.200000000001			1.0
7090.1			1.0
7091.0			1.0
7091.9			1.0
7092.8			1.0
7093.700000000001			1.0
7094.6			1.0
7095.5			1.0
7096.4			1.0
7097.3			1.0
7098.200000000001			1.0
7099.1			1.0
7100.0			1.0
7100.9			1.0
7101.8			1.0
7102.700000000001			1.0
7103.6			1.0
7104.5			1.0
7105.4			1.0
7106.3			1.0
7107.200000000001			1.0
7108.1			1.0
7109.0			1.0
7109.9			1.0
7110.8			1.0
7111.700000000001			1.0
7112.6			1.0
7113.5			1.0
7114.4			1.0
7115.3			1.0
7116.200000000001			1.0
7117.1			1.0
7118.0			1.0
7118.9			1.0
7119.8			1.0
7120.700000000001			1.0
7121.6			1.0
7122.5			1.0
7123.4			1.0
7124.3			1.0
7125.200000000001			1.0
7126.1			1.0
7127.0			1.0
7127.9			1.0
7128.8			1.0
7129.700000000001			1.0
7130.6			1.0
7131.5			1.0
7132.4			1.0
7133.3			1.0
7134.200000000001			1.0
7135.1			1.0
7136.0			1.0
7136.9			1.0
7137.8			1.0
7138.700000000001			1.0
7139.6			1.0
7140.5			1.0
7141.4			1.0
7142.3			1.0
7143.200000000001			1.0
7144.1			1.0
7145.0			1.0
7145.9			1.0
7146.8			1.0
7147.700000000001			1.0
7148.6			1.0
7149.5			1.0
7150.4			1.0
7151.3			1.0
7152.200000000001			1.0
7153.1			1.0
7154.0			1.0
7154.9			1.0
7155.8			1.0
7156.700000000001			1.0
7157.6			1.0
7158.5			1.0
7159.4			1.0
7160.3			1.0
7161.200000000001			1.0
7162.1			1.0
7163.0			1.0
7163.9			1.0
7164.8			1.0
7165.700000000001			1.0
7166.6			1.0
7167.5			1.0
7168.4			1.0
7169.3			1.0
7170.200000000001			1.0
7171.1			1.0
7172.0			1.0
7172.9			1.0
7173.8			1.0
7174.700000000001			1.0
7175.6			1.0
7176.5			1.0
7177.4			1.0
7178.3			1.0
7179.200000000001			1.0
7180.1			1.0
7181.0			1.0
7181.9			1.0
7182.8			1.0
7183.700000000001			1.0
7184.6			1.0
7185.5			1.0
7186.4			1.0
7187.3			1.0
7188.200000000001			1.0
7189.1			1.0
7190.0			1.0
7190.9			1.0
7191.8			1.0
7192.700000000001			1.0
7193.6			1.0
7194.5			1.0
7195.4			1.0
7196.3			1.0
7197.200000000001			1.0
7198.1			1.0
7199.0			1.0
7199.9			1.0
7200.8			1.0
7201.700000000001			1.0
7202.6			1.0
7203.5			1.0
7204.4			1.0
7205.3			1.0
7206.200000000001			1.0
7207.1			1.0
7208.0			1.0
7208.9			1.0
7209.8			1.0
7210.700000000001			1.0
7211.6			1.0
7212.5			1.0
7213.4			1.0
7214.3			1.0
7215.200000000001			1.0
7216.1			1.0
7217.0			1.0
7217.9			1.0
7218.8			1.0
7219.700000000001			1.0
7220.6			1.0
7221.5			1.0
7222.4			1.0
7223.3			1.0
7224.200000000001			1.0
7225.1			1.0
7226.0			1.0
7226.9			1.0
7227.8			1.0
7228.700000000001			1.0
7229.6			1.0
7230.5			1.0
7231.4			1.0
7232.3			1.0
7233.200000000001			1.0
7234.1			1.0
7235.0			1.0
7235.9			1.0
7236.8			1.0
7237.700000000001			1.0
7238.6			1.0
7239.5			1.0
7240.4			1.0
7241.3			1.0
7242.200000000001			1.0
7243.1			1.0
7244.0			1.0
7244.9			1.0
7245.8			1.0
7246.700000000001			1.0
7247.6			1.0
7248.5			1.0
7249.4			1.0
7250.3			1.0
7251.200000000001			1.0
7252.1			1.0
7253.0			1.0
7253.9			1.0
7254.8			1.0
7255.700000000001			1.0
7256.6			1.0
7257.5			1.0
7258.4			1.0
7259.3			1.0
7260.200000000001			1.0
7261.1			1.0
7262.0			1.0
7262.9			1.0
7263.8			1.0
7264.700000000001			1.0
7265.6			1.0
7266.5			1.0
7267.4			1.0
7268.3			1.0
7269.200000000001			1.0
7270.1			1.0
7271.0			1.0
7271.9			1.0
7272.8			1.0
7273.700000000001			1.0
7274.6			1.0
7275.5			1.0
7276.4			1.0
7277.3			1.0
7278.200000000001			1.0
7279.1			1.0
7280.0			1.0
7280.9			1.0
7281.8			1.0
7282.700000000001			1.0
7283.6			1.0
7284.5			1.0
7285.4			1.0
7286.3			1.0
7287.200000000001			1.0
7288.1			1.0
7289.0			1.0
7289.9			1.0
7290.8			1.0
7291.700000000001			1.0
7292.6			1.0
7293.5			1.0
7294.4			1.0
7295.3			1.0
7296.200000000001			1.0
7297.1			1.0
7298.0			1.0
7298.9			1.0
7299.8			1.0
7300.700000000001			1.0
7301.6			1.0
7302.5			1.0
7303.4			1.0
7304.3			1.0
7305.200000000001			1.0
7306.1			1.0
7307.0			1.0
7307.9			1.0
7308.8			1.0
7309.700000000001			1.0
7310.6			1.0
7311.5			1.0
7312.4			1.0
7313.3			1.0
7314.200000000001			1.0
7315.1			1.0
7316.0			1.0
7316.9			1.0
7317.8			1.0
7318.700000000001			1.0
7319.6			1.0
7320.5			1.0
7321.4			1.0
7322.3			1.0
7323.200000000001			1.0
7324.1			1.0
7325.0			1.0
7325.9			1.0
7326.8			1.0
7327.700000000001			1.0
7328.6			1.0
7329.5			1.0
7330.4			1.0
7331.3			1.0
7332.200000000001			1.0
7333.1			1.0
7334.0			1.0
7334.9			1.0
7335.8			1.0
7336.700000000001			1.0
7337.6			1.0
7338.5			1.0
7339.4			1.0
7340.3			1.0
7341.200000000001			1.0
7342.1			1.0
7343.0			1.0
7343.9			1.0
7344.8			1.0
7345.700000000001			1.0
7346.6			1.0
7347.5			1.0
7348.4			1.0
7349.3			1.0
7350.200000000001			1.0
7351.1			1.0
7352.0			1.0
7352.9			1.0
7353.8			1.0
7354.700000000001			1.0
7355.6			1.0
7356.5			1.0
7357.4			1.0
7358.3			1.0
7359.200000000001			1.0
7360.1			1.0
7361.0			1.0
7361.9			1.0
7362.8			1.0
7363.700000000001			1.0
7364.6			1.0
7365.5			1.0
7366.4			1.0
7367.3			1.0
7368.200000000001			1.0
7369.1			1.0
7370.0			1.0
7370.9			1.0
7371.8			1.0
7372.700000000001			1.0
7373.6			1.0
7374.5			1.0
7375.4			1.0
7376.3			1.0
7377.200000000001			1.0
7378.1			1.0
7379.0			1.0
7379.9			1.0
7380.8			1.0
7381.700000000001			1.0
7382.6			1.0
7383.5			1.0
7384.4			1.0
7385.3			1.0
7386.200000000001			1.0
7387.1			1.0
7388.0			1.0
7388.9			1.0
7389.8			1.0
7390.700000000001			1.0
7391.6			1.0
7392.5			1.0
7393.4			1.0
7394.3			1.0
7395.200000000001			1.0
7396.1			1.0
7397.0			1.0
7397.9			1.0
7398.8			1.0
7399.700000000001			1.0
7400.6			1.0
7401.5			1.0
7402.4			1.0
7403.3			1.0
7404.200000000001			1.0
7405.1			1.0
7406.0			1.0
7406.9			1.0
7407.8			1.0
7408.700000000001			1.0
7409.6			1.0
7410.5			1.0
7411.4			1.0
7412.3			1.0
7413.200000000001			1.0
7414.1			1.0
7415.0			1.0
7415.9			1.0
7416.8			1.0
7417.700000000001			1.0
7418.6			1.0
7419.5			1.0
7420.4			1.0
7421.3			1.0
7422.200000000001			1.0
7423.1			1.0
7424.0			1.0
7424.9			1.0
7425.8			1.0
7426.700000000001			1.0
7427.6			1.0
7428.5			1.0
7429.4			1.0
