3500.0			1.0
3500.9			1.0
3501.8			1.0
3502.7			1.0
3503.6			1.0
3504.5			1.0
3505.4			1.0
3506.3			1.0
3507.2			1.0
3508.1			1.0
3509.0			1.0
3509.9			1.0
3510.8			1.0
3511.7			1.0
3512.6			1.0
3513.5			1.0
3514.4			1.0
3515.3			1.0
3516.2			1.0
3517.1			1.0
3518.0			1.0
3518.9			1.0
3519.8			1.0
3520.7			1.0
3521.6			1.0
3522.5			1.0
3523.4			1.0
3524.3			1.0
3525.2			1.0
3526.1			1.0
3527.0			1.0
3527.9			1.0
3528.8			1.0
3529.7			1.0
3530.6			1.0
3531.5			1.0
3532.4			1.0
3533.3			1.0
3534.2			1.0
3535.1			1.0
3536.0			1.0
3536.9			1.0
3537.8			1.0
3538.7			1.0
3539.6			1.0
3540.5			1.0
3541.4			1.0
3542.3			1.0
3543.2			1.0
3544.1			1.0
3545.0			1.0
3545.9			1.0
3546.8			1.0
3547.7			1.0
3548.6			1.0
3549.5			1.0
3550.4			1.0
3551.3			1.0
3552.2			1.0
3553.1			1.0
3554.0			1.0
3554.9			1.0
3555.8			1.0
3556.7			1.0
3557.6			1.0
3558.5			1.0
3559.4			1.0
3560.3			1.0
3561.2			1.0
3562.1			1.0
3563.0			1.0
3563.9			1.0
3564.8			1.0
3565.7			1.0
3566.6			1.0
3567.5			1.0
3568.4			1.0
3569.3			1.0
3570.2			1.0
3571.1			1.0
3572.0			1.0
3572.9			1.0
3573.8			1.0
3574.7			1.0
3575.6			1.0
3576.5			1.0
3577.4			1.0
3578.3			1.0
3579.2			1.0
3580.1			1.0
3581.0			1.0
3581.9			1.0
3582.8			1.0
3583.7			1.0
3584.6			1.0
3585.5			1.0
3586.4			1.0
3587.3			1.0
3588.2			1.0
3589.1			1.0
3590.0			1.0
3590.9			1.0
3591.8			1.0
3592.7			1.0
3593.6			1.0
3594.5			1.0
3595.4			1.0
3596.3			1.0
3597.2			1.0
3598.1			1.0
3599.0			1.0
3599.9			1.0
3600.8			1.0
3601.7			1.0
3602.6			1.0
3603.5			1.0
3604.4			1.0
3605.3			1.0
3606.2			1.0
3607.1			1.0
3608.0			1.0
3608.9			1.0
3609.8			1.0
3610.7			1.0
3611.6			1.0
3612.5			1.0
3613.4			1.0
3614.3			1.0
3615.2			1.0
3616.1			1.0
3617.0			1.0
3617.9			1.0
3618.8			1.0
3619.7			1.0
3620.6			1.0
3621.5			1.0
3622.4			1.0
3623.3			1.0
3624.2			1.0
3625.1			1.0
3626.0			1.0
3626.9			1.0
3627.8			1.0
3628.7			1.0
3629.6			1.0
3630.5			1.0
3631.4			1.0
3632.3			1.0
3633.2			1.0
3634.1			1.0
3635.0			1.0
3635.9			1.0
3636.8			1.0
3637.7			1.0
3638.6			1.0
3639.5			1.0
3640.4			1.0
3641.3			1.0
3642.2			1.0
3643.1			1.0
3644.0			1.0
3644.9			1.0
3645.8			1.0
3646.7			1.0
3647.6			1.0
3648.5			1.0
3649.4			1.0
3650.3			1.0
3651.2			1.0
3652.1			1.0
3653.0			1.0
3653.9			1.0
3654.8			1.0
3655.7			1.0
3656.6			1.0
3657.5			1.0
3658.4			1.0
3659.3			1.0
3660.2			1.0
3661.1			1.0
3662.0			1.0
3662.9			1.0
3663.8			1.0
3664.7			1.0
3665.6			1.0
3666.5			1.0
3667.4			1.0
3668.3			1.0
3669.2			1.0
3670.1			1.0
3671.0			1.0
3671.9			1.0
3672.8			1.0
3673.7			1.0
3674.6			1.0
3675.5			1.0
3676.4			1.0
3677.3			1.0
3678.2			1.0
3679.1			1.0
3680.0			1.0
3680.9			1.0
3681.8			1.0
3682.7			1.0
3683.6			1.0
3684.5			1.0
3685.4			1.0
3686.3			1.0
3687.2			1.0
3688.1			1.0
3689.0			1.0
3689.9			1.0
3690.8			1.0
3691.7			1.0
3692.6			1.0
3693.5			1.0
3694.4			1.0
3695.3			1.0
3696.2			1.0
3697.1			1.0
3698.0			1.0
3698.9			1.0
3699.8			1.0
3700.7			1.0
3701.6			1.0
3702.5			1.0
3703.4			1.0
3704.3			1.0
3705.2			1.0
3706.1			1.0
3707.0			1.0
3707.9			1.0
3708.8			1.0
3709.7			1.0
3710.6			1.0
3711.5			1.0
3712.4			1.0
3713.3			1.0
3714.2			1.0
3715.1			1.0
3716.0			1.0
3716.9			1.0
3717.8			1.0
3718.7			1.0
3719.6			1.0
3720.5			1.0
3721.4			1.0
3722.3			1.0
3723.2			1.0
3724.1			1.0
3725.0			1.0
3725.9			1.0
3726.8			1.0
3727.7			1.0
3728.6			1.0
3729.5			1.0
3730.4			1.0
3731.3			1.0
3732.2			1.0
3733.1			1.0
3734.0			1.0
3734.9			1.0
3735.8			1.0
3736.7			1.0
3737.6			1.0
3738.5			1.0
3739.4			1.0
3740.3			1.0
3741.2			1.0
3742.1			1.0
3743.0			1.0
3743.9			1.0
3744.8			1.0
3745.7			1.0
3746.6			1.0
3747.5			1.0
3748.4			1.0
3749.3			1.0
3750.2			1.0
3751.1			1.0
3752.0			1.0
3752.9			1.0
3753.8			1.0
3754.7			1.0
3755.6			1.0
3756.5			1.0
3757.4			1.0
3758.3			1.0
3759.2			1.0
3760.1			1.0
3761.0			1.0
3761.9			1.0
3762.8			1.0
3763.7			1.0
3764.6			1.0
3765.5			1.0
3766.4			1.0
3767.3			1.0
3768.2			1.0
3769.1			1.0
3770.0			1.0
3770.9			1.0
3771.8			1.0
3772.7			1.0
3773.6			1.0
3774.5			1.0
3775.4			1.0
3776.3			1.0
3777.2			1.0
3778.1			1.0
3779.0			1.0
3779.9			1.0
3780.8			1.0
3781.7			1.0
3782.6			1.0
3783.5			1.0
3784.4			1.0
3785.3			1.0
3786.2			1.0
3787.1			1.0
3788.0			1.0
3788.9			1.0
3789.8			1.0
3790.7			1.0
3791.6			1.0
3792.5			1.0
3793.4			1.0
3794.3			1.0
3795.2			1.0
3796.1			1.0
3797.0			1.0
3797.9			1.0
3798.8			1.0
3799.7			1.0
3800.6			1.0
3801.5			1.0
3802.4			1.0
3803.3			1.0
3804.2			1.0
3805.1			1.0
3806.0			1.0
3806.9			1.0
3807.8			1.0
3808.7			1.0
3809.6			1.0
3810.5			1.0
3811.4			1.0
3812.3			1.0
3813.2			1.0
3814.1			1.0
3815.0			1.0
3815.9			1.0
3816.8			1.0
3817.7			1.0
3818.6			1.0
3819.5			1.0
3820.4			1.0
3821.3			1.0
3822.2			1.0
3823.1			1.0
3824.0			1.0
3824.9			1.0
3825.8			1.0
3826.7			1.0
3827.6			1.0
3828.5			1.0
3829.4			1.0
3830.3			1.0
3831.2			1.0
3832.1			1.0
3833.0			1.0
3833.9			1.0
3834.8			1.0
3835.7			1.0
3836.6			1.0
3837.5			1.0
3838.4			1.0
3839.3			1.0
3840.2			1.0
3841.1			1.0
3842.0			1.0
3842.9			1.0
3843.8			1.0
3844.7			1.0
3845.6			1.0
3846.5			1.0
3847.4			1.0
3848.3			1.0
3849.2			1.0
3850.1			1.0
3851.0			1.0
3851.9			1.0
3852.8			1.0
3853.7			1.0
3854.6			1.0
3855.5			1.0
3856.4			1.0
3857.3			1.0
3858.2			1.0
3859.1			1.0
3860.0			1.0
3860.9			1.0
3861.8			1.0
3862.7			1.0
3863.6			1.0
3864.5			1.0
3865.4			1.0
3866.3			1.0
3867.2			1.0
3868.1			1.0
3869.0			1.0
3869.9			1.0
3870.8			1.0
3871.7			1.0
3872.6			1.0
3873.5			1.0
3874.4			1.0
3875.3			1.0
3876.2			1.0
3877.1			1.0
3878.0			1.0
3878.9			1.0
3879.8			1.0
3880.7			1.0
3881.6			1.0
3882.5			1.0
3883.4			1.0
3884.3			1.0
3885.2			1.0
3886.1			1.0
3887.0			1.0
3887.9			1.0
3888.8			1.0
3889.7			1.0
3890.6			1.0
3891.5			1.0
3892.4			1.0
3893.3			1.0
3894.2			1.0
3895.1			1.0
3896.0			1.0
3896.9			1.0
3897.8			1.0
3898.7			1.0
3899.6			1.0
3900.5			1.0
3901.4			1.0
3902.3			1.0
3903.2			1.0
3904.1			1.0
3905.0			1.0
3905.9			1.0
3906.8			1.0
3907.7			1.0
3908.6			1.0
3909.5			1.0
3910.4			1.0
3911.3			1.0
3912.2			1.0
3913.1			1.0
3914.0			1.0
3914.9			1.0
3915.8			1.0
3916.7			1.0
3917.6			1.0
3918.5			1.0
3919.4			1.0
3920.3			1.0
3921.2			1.0
3922.1			1.0
3923.0			1.0
3923.9			1.0
3924.8			1.0
3925.7			1.0
3926.6			1.0
3927.5			1.0
3928.4			1.0
3929.3			1.0
3930.2			1.0
3931.1			1.0
3932.0			1.0
3932.9			1.0
3933.8			1.0
3934.7			1.0
3935.6			1.0
3936.5			1.0
3937.4			1.0
3938.3			1.0
3939.2			1.0
3940.1			1.0
3941.0			1.0
3941.9			1.0
3942.8			1.0
3943.7			1.0
3944.6			1.0
3945.5			1.0
3946.4			1.0
3947.3			1.0
3948.2			1.0
3949.1			1.0
3950.0			1.0
3950.9			1.0
3951.8			1.0
3952.7			1.0
3953.6			1.0
3954.5			1.0
3955.4			1.0
3956.3			1.0
3957.2			1.0
3958.1			1.0
3959.0			1.0
3959.9			1.0
3960.8			1.0
3961.7			1.0
3962.6			1.0
3963.5			1.0
3964.4			1.0
3965.3			1.0
3966.2			1.0
3967.1			1.0
3968.0			1.0
3968.9			1.0
3969.8			1.0
3970.7			1.0
3971.6			1.0
3972.5			1.0
3973.4			1.0
3974.3			1.0
3975.2			1.0
3976.1			1.0
3977.0			1.0
3977.9			1.0
3978.8			1.0
3979.7			1.0
3980.6			1.0
3981.5			1.0
3982.4			1.0
3983.3			1.0
3984.2			1.0
3985.1			1.0
3986.0			1.0
3986.9			1.0
3987.8			1.0
3988.7			1.0
3989.6			1.0
3990.5			1.0
3991.4			1.0
3992.3			1.0
3993.2			1.0
3994.1			1.0
3995.0			1.0
3995.9			1.0
3996.8			1.0
3997.7			1.0
3998.6			1.0
3999.5			1.0
4000.4			1.0
4001.3			1.0
4002.2			1.0
4003.1			1.0
4004.0			0.9902577288970007
4004.9			0.9670496302169095
4005.8			0.8406327872542492
4006.7			0.8638180783114712
4007.6			1.000617257253985
4008.5			1.0
4009.4			1.0
4010.3			1.0
4011.2			1.0
4012.1			1.0
4013.0			0.9196832180660917
4013.9			0.9033510058981161
4014.8			0.9492742984694738
4015.7			0.9833364766593415
4016.6			0.8956936681421825
4017.5			0.8178497054341911
4018.4			0.8668659164871992
4019.3			0.9080714191570404
4020.2			0.9197876276585498
4021.1			1.0034261104136522
4022.0			1.0022829868088161
4022.9			1.0
4023.8			1.0
4024.7			1.0227678413839933
4025.6			0.9044293715455936
4026.5			0.883886667914971
4027.4			0.9780263019337232
4028.3			0.9855211016285541
4029.2			1.0
4030.1			1.0
4031.0			1.0
4031.9			1.0
4032.8			1.0
4033.7			0.9727837784599423
4034.6			0.9793879769726036
4035.5			0.9650965843037682
4036.4			0.8369670137214689
4037.3			0.7868936533495777
4038.2			0.8454181848172516
4039.1			0.8550001872270505
4040.0			0.9277150648053974
4040.9			1.0027955961315058
4041.8			1.0
4042.7			1.0
4043.6			1.0
4044.5			1.087047043595992
4045.4			0.9939568883865647
4046.3			0.8149174172022723
4047.2			0.8440758705529314
4048.1			0.9987544150461164
4049.0			1.0
4049.9			1.0
4050.8			1.0
4051.7			1.0
4052.6			1.0
4053.5			1.1079186054215198
4054.4			1.0242821597842482
4055.3			0.8373415406358061
4056.2			0.8094047898582574
4057.1			0.9206334148955672
4058.0			0.9716666930572891
4058.9			0.9826629892381957
4059.8			1.0
4060.7			1.0
4061.6			1.0
4062.5			1.0
4063.4			1.0
4064.3			1.0
4065.2			1.0
4066.1			1.0
4067.0			1.0
4067.9			1.0585421528515033
4068.8			1.1947674155418133
4069.7			1.2242962447131729
4070.6			1.160099010655991
4071.5			1.0830217979719792
4072.4			1.0179718233000579
4073.3			1.0162035598103598
4074.2			1.0393829472615541
4075.1			0.9586813156171728
4076.0			0.8956570916735356
4076.9			0.9002996911787142
4077.8			0.9412567415948669
4078.7			0.9399742216047788
4079.6			0.9406469504348608
4080.5			1.0631602193459704
4081.4			1.1360246490119175
4082.3			1.0967309286230054
4083.2			1.0333382555762154
4084.1			1.0000386057698214
4085.0			1.0
4085.9			1.0
4086.8			1.0
4087.7			1.0
4088.6			0.9461095364053308
4089.5			0.85647627087768
4090.4			0.8475437303905032
4091.3			0.8135071584671634
4092.2			0.7790205942832673
4093.1			0.8480944579621758
4094.0			0.9585562956708099
4094.9			0.9887292911691609
4095.8			0.9993518694693626
4096.7			1.0
4097.6			1.0
4098.5			0.9690994961005976
4099.4			0.9096766604727821
4100.3			0.8551253677259807
4101.2			0.7192593187164498
4102.1			0.5324184506351568
4103.0			0.4350943098735694
4103.9			0.499656180949642
4104.8			0.6806571855579551
4105.7			0.8193827634631922
4106.6			0.9132181773931506
4107.5			0.9993637619372229
4108.4			1.0
4109.3			1.0
4110.2			1.0
4111.1			1.0
4112.0			1.0
4112.9			1.0
4113.8			1.0
4114.7			1.0
4115.6			1.0
4116.5			1.0
4117.4			1.0491515800603037
4118.3			1.0626337095329466
4119.2			0.9929764055524631
4120.1			0.9191385375330294
4121.0			0.9237357564229821
4121.9			1.0
4122.8			1.0169944694393105
4123.7			0.9972810961616485
4124.6			0.9990990735590042
4125.5			1.0552647995148061
4126.4			1.097933908628044
4127.3			1.0846191291516112
4128.2			1.0456687584544324
4129.1			1.003368429587019
4130.0			0.924550614374699
4130.9			0.8692433574862639
4131.8			0.8472860408578642
4132.7			0.8541351074601451
4133.6			0.9070158525175127
4134.5			0.9272059684207327
4135.4			0.8908947707142743
4136.3			0.8727522361980448
4137.2			0.8605301486044372
4138.1			0.8534007888218034
4139.0			0.9017377371347144
4139.9			0.979515558146137
4140.8			1.0006284399358512
4141.7			1.0
4142.6			1.0
4143.5			0.9799758856745816
4144.4			0.9233230964270056
4145.3			0.9147671681194832
4146.2			0.9714765359103944
4147.1			0.9392896068650438
4148.0			0.9016923852228874
4148.9			0.9540215848699534
4149.8			0.9463015330102722
4150.7			0.9103641087513746
4151.6			0.9674512435565222
4152.5			0.9997540409325261
4153.4			1.0
4154.3			1.0
4155.2			1.0
4156.1			1.0
4157.0			1.0
4157.9			1.0
4158.8			1.0971773380700476
4159.7			1.2115019948246808
4160.6			1.2036277719882873
4161.5			1.1166761650267434
4162.4			1.013760122858473
4163.3			0.9180708658626928
4164.2			0.8799585351106262
4165.1			0.8558633924839064
4166.0			0.8644433934000809
4166.9			0.9291875048797529
4167.8			0.9247795683454286
4168.7			0.966809626087042
4169.6			1.1354634703790623
4170.5			1.1363401671442408
4171.4			0.9979686997471708
4172.3			1.0
4173.2			1.0
4174.1			1.0
4175.0			1.0
4175.9			1.0
4176.8			1.0180462623602378
4177.7			0.8851529430207532
4178.6			0.8265930309986798
4179.5			0.947324506794516
4180.4			1.0153339439894102
4181.3			1.0
4182.2			0.9808156206981152
4183.1			1.0679523023922188
4184.0			0.9815288779209858
4184.9			0.960779639438191
4185.8			1.0230787560611898
4186.7			0.9717984074962535
4187.6			0.938982877264175
4188.5			0.9828544806122539
4189.4			1.0222392274293872
4190.3			1.0897337101359772
4191.2			1.059591885795437
4192.1			0.9946662461682761
4193.0			0.999644202623397
4193.9			1.0
4194.8			1.0
4195.7			1.0
4196.6			1.0
4197.5			1.0
4198.4			1.0
4199.3			1.0
4200.2			1.0
4201.1			1.0
4202.0			1.0
4202.9			1.0
4203.8			1.0
4204.7			1.0146273313036087
4205.6			0.9868781154950044
4206.5			0.9381135984428562
4207.4			0.9652896915996327
4208.3			0.9510170811354189
4209.2			0.8466617706265874
4210.1			0.8877605186971308
4211.0			1.0086655137137674
4211.9			0.9601040012074505
4212.8			0.9147008881338071
4213.7			0.9973742967705209
4214.6			1.0
4215.5			1.0
4216.4			1.0
4217.3			1.0
4218.2			1.0
4219.1			1.0
4220.0			1.0
4220.9			1.0
4221.8			1.0
4222.7			1.0
4223.6			1.0
4224.5			1.0
4225.4			1.0
4226.3			1.0
4227.2			1.0016593482994232
4228.1			1.0024050703961715
4229.0			0.9799872696037556
4229.9			0.935816463196634
4230.8			0.908654080540615
4231.7			0.9302374770344325
4232.6			0.963540280851058
4233.5			0.9808669226684155
4234.4			1.0025849682472003
4235.3			1.0
4236.2			1.0
4237.1			1.0
4238.0			1.0
4238.9			1.0
4239.8			1.0
4240.7			1.0
4241.6			1.0379765562710528
4242.5			0.9895697102505652
4243.4			0.9347632346943796
4244.3			0.9477649493800132
4245.2			0.9442237447819555
4246.1			0.9070807005678393
4247.0			0.8586908116991001
4247.9			0.8618865626973213
4248.8			0.8936421777365471
4249.7			0.8620679140023456
4250.6			0.8533434091788807
4251.5			0.9256632576386578
4252.4			0.997367765734936
4253.3			1.0
4254.2			1.0
4255.1			1.0
4256.0			1.0
4256.9			1.0334368925173496
4257.8			1.0436317445268843
4258.7			1.0168487179247905
4259.6			0.9665181182970001
4260.5			0.8781588374013526
4261.4			0.8042807787020106
4262.3			0.8047697809805018
4263.2			0.8354555098535856
4264.1			0.8615673432538768
4265.0			0.9322608310430466
4265.9			0.9976593709217305
4266.8			1.0
4267.7			1.0
4268.6			1.0
4269.5			1.0
4270.4			1.0475886790137392
4271.3			1.0173269950449069
4272.2			0.955673948801245
4273.1			0.9041399458498204
4274.0			0.8504173976596029
4274.9			0.835284300463295
4275.8			0.8988553265062549
4276.7			0.9496747616620551
4277.6			0.997479176290381
4278.5			1.0348416996769092
4279.4			1.0054586963710286
4280.3			1.0
4281.2			1.0
4282.1			1.0
4283.0			1.0
4283.9			1.0
4284.8			1.0
4285.7			1.0
4286.6			1.0
4287.5			1.0
4288.4			0.9885245167787863
4289.3			0.9324036345680442
4290.2			0.8620680965248863
4291.1			0.8414542386890564
4292.0			0.8946185666908574
4292.9			0.9696701346354607
4293.8			0.9977189083550216
4294.7			1.0
4295.6			1.0
4296.5			1.0626524685514678
4297.4			1.1671488564660848
4298.3			1.1550021539884023
4299.2			1.0436288624407235
4300.1			0.9497367299506162
4301.0			0.9042556210479815
4301.9			0.8544941721836123
4302.8			0.8688533333075321
4303.7			0.9302517545830141
4304.6			0.9956578937627836
4305.5			1.054678819925614
4306.4			1.0627633445660176
4307.3			1.0073936263687622
4308.2			1.0
4309.1			1.0
4310.0			1.0
4310.9			1.0
4311.8			1.0
4312.7			0.9474000702187748
4313.6			0.8874894698676027
4314.5			0.8392229747464889
4315.4			0.7565624365967502
4316.3			0.8113298952794323
4317.2			0.9501994448767334
4318.1			0.9925818137707147
4319.0			1.0
4319.9			1.0
4320.8			1.0
4321.7			1.0
4322.6			1.0355428614162179
4323.5			1.150607995737791
4324.4			1.0864330384119287
4325.3			0.9012272861322124
4326.2			0.8287919731739151
4327.1			0.8394703948003324
4328.0			0.8679845614066839
4328.9			0.9297549620358541
4329.8			0.9779240199716995
4330.7			1.0
4331.6			1.0
4332.5			1.0
4333.4			1.0
4334.3			1.0
4335.2			1.0
4336.1			0.8699513979992995
4337.0			0.8197577840359318
4337.9			0.798475669256561
4338.8			0.7320682753512818
4339.7			0.6909590053547799
4340.6			0.6051806842296138
4341.5			0.4682567563602318
4342.4			0.49515027941583967
4343.3			0.7329168704176446
4344.2			0.9252043603881265
4345.1			0.9575531664232351
4346.0			0.9579195915714358
4346.9			1.0004413442441398
4347.8			1.0
4348.7			1.0
4349.6			1.0
4350.5			1.0
4351.4			0.9846625312493069
4352.3			0.8858783000515972
4353.2			0.8001208774566229
4354.1			0.8502293668151046
4355.0			0.9877765940682023
4355.9			1.0
4356.8			1.0
4357.7			1.0
4358.6			1.0
4359.5			1.0
4360.4			1.0
4361.3			1.0
4362.2			1.0
4363.1			1.020220727411833
4364.0			0.9338659343535886
4364.9			0.8406549785979563
4365.8			0.8966986204632561
4366.7			0.9962612999270958
4367.6			1.0
4368.5			1.0
4369.4			1.0
4370.3			1.0
4371.2			1.0
4372.1			1.0
4373.0			1.0
4373.9			1.0
4374.8			1.0
4375.7			1.0
4376.6			1.0
4377.5			1.0
4378.4			1.0
4379.3			1.0646748005747426
4380.2			1.0387387904469787
4381.1			0.998140565766276
4382.0			0.9532011304146911
4382.9			0.8979569647851601
4383.8			0.8383973364757569
4384.7			0.808906710358027
4385.6			0.8517520521909708
4386.5			0.9112290877331919
4387.4			0.9181067306188112
4388.3			0.9062101283310586
4389.2			0.9378968101255414
4390.1			0.9977203643244761
4391.0			1.0
4391.9			1.0
4392.8			1.0
4393.7			1.0191844853153633
4394.6			1.0060601506363192
4395.5			0.8873296372094743
4396.4			0.8342241508206842
4397.3			0.9117840566149249
4398.2			1.0004400556066146
4399.1			1.0005289979261012
4400.0			1.0
4400.9			1.0
4401.8			1.0
4402.7			1.0
4403.6			1.0
4404.5			1.0
4405.4			1.0
4406.3			1.0
4407.2			1.0
4408.1			1.0
4409.0			1.0
4409.9			1.0
4410.8			1.0
4411.7			1.0
4412.6			1.0
4413.5			1.0
4414.4			0.9221389095976464
4415.3			0.9084824992609041
4416.2			0.9219198455983405
4417.1			0.9262544256280666
4418.0			0.8802272136163147
4418.9			0.8564598917846947
4419.8			0.9715642575527871
4420.7			1.1083996114912515
4421.6			1.1315232990074056
4422.5			1.050190944813053
4423.4			0.9927231585410018
4424.3			1.0
4425.2			1.0463653250132308
4426.1			1.0046402648434491
4427.0			0.9063265859639204
4427.9			0.8698228142977286
4428.8			0.914818943882289
4429.7			0.9967478412972188
4430.6			0.9949021310551833
4431.5			1.0
4432.4			1.0
4433.3			1.0
4434.2			1.0
4435.1			1.0
4436.0			1.0
4436.9			1.0
4437.8			1.0
4438.7			1.0
4439.6			1.0
4440.5			1.0
4441.4			1.0
4442.3			1.0
4443.2			1.0
4444.1			1.0
4445.0			1.0
4445.9			1.0
4446.8			1.1059435369593094
4447.7			1.1311345243846707
4448.6			1.0158006393132182
4449.5			0.8697706480708348
4450.4			0.8372431450791598
4451.3			0.8625437957040369
4452.2			0.8815238417454978
4453.1			0.9751715066544099
4454.0			0.9930408698117051
4454.9			1.0
4455.8			1.0
4456.7			1.0
4457.6			1.0
4458.5			1.0
4459.4			1.0
4460.3			1.0
4461.2			1.0220204175651915
4462.1			0.9260234557528405
4463.0			0.8601524378297802
4463.9			0.8956288220694902
4464.8			0.9864921630771479
4465.7			1.0
4466.6			1.0
4467.5			1.0
4468.4			1.0
4469.3			1.0
4470.2			1.0
4471.1			1.0
4472.0			1.0
4472.9			1.0
4473.8			1.0
4474.7			1.0
4475.6			1.0
4476.5			1.0
4477.4			1.0
4478.3			1.0
4479.2			1.0513604449141425
4480.1			1.0502368884590605
4481.0			0.9962138826931936
4481.9			0.9782290948989291
4482.8			0.9581748352346269
4483.7			0.9401860781305886
4484.6			0.9718770230964542
4485.5			1.05095930811171
4486.4			1.0928468415061312
4487.3			1.0
4488.2			0.9606261655842832
4489.1			0.9785030768595944
4490.0			0.9494936258124512
4490.9			0.9024077023521082
4491.8			0.9273844362854035
4492.7			0.9723355357539274
4493.6			0.9829021653739408
4494.5			0.9643985548412399
4495.4			0.9793321205641488
4496.3			1.014593934870355
4497.2			0.9995425791171297
4498.1			0.9592956690429643
4499.0			0.9781393294669325
4499.9			1.0075728946584943
4500.8			0.9633004995283134
4501.7			0.8903589968328915
4502.6			0.8523226767933295
4503.5			0.8739737879780153
4504.4			0.9473146071325129
4505.3			1.0035640255429263
4506.2			0.9966297995894048
4507.1			0.9810678369854132
4508.0			0.9780133413561943
4508.9			0.9494771291786339
4509.8			0.9419725098374292
4510.7			0.978067160978365
4511.6			1.0
4512.5			1.0352828297732903
4513.4			1.0329046769904473
4514.3			1.032856389624524
4515.2			1.0659444010853396
4516.1			1.0460660636161618
4517.0			0.9858265927652626
4517.9			0.981212732552221
4518.8			0.9891327575840622
4519.7			0.9525125576462483
4520.6			0.9203457429552594
4521.5			0.9248446280116184
4522.4			0.9531903600685372
4523.3			0.9630406169685669
4524.2			0.9519465939834583
4525.1			0.9985744491320206
4526.0			1.053330498308221
4526.9			1.0317057155999363
4527.8			1.003002080586012
4528.7			0.9995806945336695
4529.6			1.0
4530.5			1.0
4531.4			1.0
4532.3			1.0
4533.2			1.0
4534.1			1.0
4535.0			1.0
4535.9			1.0
4536.8			1.0
4537.7			1.0
4538.6			1.0
4539.5			1.0
4540.4			1.0
4541.3			1.0
4542.2			1.0
4543.1			1.0
4544.0			1.0
4544.9			1.0
4545.8			1.0
4546.7			1.0
4547.6			1.0
4548.5			1.0
4549.4			0.982162006541558
4550.3			0.851633730390092
4551.2			0.8057530061601135
4552.1			0.8985861838065579
4553.0			1.0034241171798783
4553.9			1.0
4554.8			1.0
4555.7			1.0
4556.6			1.0
4557.5			1.0
4558.4			1.0
4559.3			1.0
4560.2			1.0
4561.1			1.0
4562.0			1.0
4562.9			1.0
4563.8			1.0
4564.7			1.0
4565.6			1.0
4566.5			1.0
4567.4			1.0
4568.3			1.0
4569.2			1.0
4570.1			0.9798066255372058
4571.0			1.0245089002733254
4571.9			0.9930902175021605
4572.8			0.953024678506689
4573.7			0.965285953623248
4574.6			0.9688352604044226
4575.5			0.9586227321378463
4576.4			0.973427611090313
4577.3			0.9781919488506676
4578.2			0.9476344756975379
4579.1			0.9250635116852836
4580.0			0.9374126281182719
4580.9			0.9552090026364295
4581.8			0.9623015458591863
4582.7			0.9500663159994973
4583.6			0.916864355172974
4584.5			0.8884172066559424
4585.4			0.9203207357197201
4586.3			0.9601049897925229
4587.2			0.9328121269143494
4588.1			0.8892144905261751
4589.0			0.8870064023149682
4589.9			0.8921509078928412
4590.8			0.9020054013875142
4591.7			0.9313229183702946
4592.6			0.9404478295981724
4593.5			0.9130652128356234
4594.4			0.8969408252773299
4595.3			0.9324601119992414
4596.2			0.951368398836824
4597.1			0.9204821851022016
4598.0			0.9500335444061097
4598.9			0.9987347661986061
4599.8			1.0
4600.7			0.9739052245364322
4601.6			0.9740283207509864
4602.5			0.9377046153000703
4603.4			0.939179871713809
4604.3			0.968050086497521
4605.2			0.9614881120932216
4606.1			0.9265063128170138
4607.0			0.9032776774335789
4607.9			0.9038284048392025
4608.8			0.9432011464666841
4609.7			1.0091246979466522
4610.6			1.009029045639644
4611.5			0.9709257070456276
4612.4			0.9816341698930622
4613.3			0.9973580467486525
4614.2			1.0114985486152013
4615.1			0.9997648972474739
4616.0			1.0
4616.9			1.0
4617.8			1.0
4618.7			1.0
4619.6			1.0
4620.5			1.0
4621.4			1.0
4622.3			1.0
4623.2			1.0
4624.1			1.0
4625.0			1.0
4625.9			1.0
4626.8			0.9597025564480445
4627.7			0.8728384661760167
4628.6			0.8717155095601207
4629.5			0.87607653299047
4630.4			0.8127475006999053
4631.3			0.7687119964471292
4632.2			0.8343414642096154
4633.1			0.9273053360687832
4634.0			0.9925188462655772
4634.9			1.0158798723505003
4635.8			0.9967136997899265
4636.7			1.0
4637.6			1.0
4638.5			1.0
4639.4			1.0
4640.3			1.0
4641.2			1.0
4642.1			1.0
4643.0			1.0
4643.9			1.0
4644.8			1.0
4645.7			1.0
4646.6			0.9867449315278899
4647.5			0.9377291778842298
4648.4			0.90886777252458
4649.3			0.9062182674958091
4650.2			0.9214959735094175
4651.1			0.9722895105487415
4652.0			0.9989893844819087
4652.9			1.0
4653.8			1.0
4654.7			1.0
4655.6			1.0
4656.5			1.0
4657.4			1.0
4658.3			1.0
4659.2			1.0
4660.1			1.0
4661.0			1.0
4661.9			1.0
4662.8			1.0
4663.7			1.0
4664.6			0.9823948610332569
4665.5			1.0076204823831116
4666.4			0.9926924382747357
4667.3			0.920278992256729
4668.2			0.876858350759631
4669.1			0.8831653394385204
4670.0			0.9399591297659929
4670.9			0.9810617785775381
4671.8			1.0008794237365766
4672.7			1.0
4673.6			1.0
4674.5			1.0
4675.4			1.0
4676.3			1.0
4677.2			1.0
4678.1			1.0
4679.0			1.0
4679.9			1.0
4680.8			1.0
4681.7			1.0
4682.6			1.0
4683.5			1.0
4684.4			1.0
4685.3			1.0
4686.2			1.0
4687.1			1.0
4688.0			1.0
4688.9			1.038809466891315
4689.8			0.9840558138898926
4690.7			0.9045769625178725
4691.6			0.9274548774662736
4692.5			0.9988928241525298
4693.4			1.0
4694.3			1.0
4695.2			1.0
4696.1			1.0
4697.0			1.0
4697.9			1.0
4698.8			1.0
4699.7			1.0209065368517996
4700.6			1.004962523394573
4701.5			1.0014350244930452
4702.4			1.0194364574841932
4703.3			1.0023557194141126
4704.2			0.9514517040381979
4705.1			0.9318969263015596
4706.0			0.9524135871791404
4706.9			0.9663357053115744
4707.8			0.9716396815817178
4708.7			0.9726622557694297
4709.6			0.9897674448611454
4710.5			1.00001378717021
4711.4			1.0
4712.3			1.0
4713.2			1.0077118617640646
4714.1			1.0492815303303897
4715.0			1.0310927453222698
4715.9			0.9679091793771407
4716.8			0.9577689671130785
4717.7			0.991613726446216
4718.6			0.9895407438048586
4719.5			0.9365963119108524
4720.4			0.9081253596116434
4721.3			0.918023488829261
4722.2			0.9485715079761216
4723.1			0.984180204569042
4724.0			0.9771293346826947
4724.9			0.9560647392349557
4725.8			0.9626535194422579
4726.7			0.9799788236889291
4727.6			0.9991699332782137
4728.5			1.0
4729.4			1.0
4730.3			1.0
4731.2			1.0
4732.1			1.0
4733.0			1.0
4733.9			1.0
4734.8			1.0
4735.7			1.0053558379742338
4736.6			1.0157783926485524
4737.5			0.9835544379476104
4738.4			0.9399103518967787
4739.3			0.9617203669382121
4740.2			1.0002023175188752
4741.1			0.9996017137579651
4742.0			1.0
4742.9			1.0
4743.8			1.0
4744.7			1.0
4745.6			1.0
4746.5			1.0
4747.4			1.0
4748.3			1.0
4749.2			1.0
4750.1			1.0
4751.0			1.0
4751.9			1.0
4752.8			1.0
4753.7			1.0
4754.6			1.0
4755.5			1.0
4756.4			1.0
4757.3			1.0
4758.2			1.0
4759.1			1.0
4760.0			0.9925333302143379
4760.9			0.9477939918805038
4761.8			0.933573554788949
4762.7			0.9321791243746128
4763.6			0.8794921072613078
4764.5			0.843839747726352
4765.4			0.9137711952064473
4766.3			0.971306587757906
4767.2			0.9475905255586229
4768.1			0.9819296780427506
4769.0			1.00023451812456
4769.9			1.0
4770.8			1.0
4771.7			1.0
4772.6			1.0
4773.5			1.0
4774.4			1.0
4775.3			0.992476290979811
4776.2			1.0009063453881308
4777.1			0.9510086484225506
4778.0			0.9146605817130651
4778.9			0.9518618784837403
4779.8			0.9478272220078481
4780.7			0.9049593894968361
4781.6			0.9150480003052073
4782.5			0.9777994935631112
4783.4			1.052600284356314
4784.3			1.1195611360912934
4785.2			1.0919554849274526
4786.1			0.9961840686733192
4787.0			1.0
4787.9			1.0
4788.8			1.0
4789.7			1.0
4790.6			1.0
4791.5			1.0
4792.4			1.0
4793.3			1.0
4794.2			1.0
4795.1			1.0
4796.0			1.0
4796.9			1.0
4797.8			1.0
4798.7			1.0
4799.6			1.0
4800.5			1.0
4801.4			1.0
4802.3			1.0
4803.2			1.0
4804.1			1.0
4805.0			1.0
4805.9			0.9451962899463195
4806.8			0.9687786338241597
4807.7			1.0179645828340205
4808.6			1.0428962104775947
4809.5			1.039585151997095
4810.4			0.9816870780475901
4811.3			0.9021975496539183
4812.2			0.8581620113393009
4813.1			0.857167407297508
4814.0			0.8860547038348405
4814.9			0.9086390342241334
4815.8			0.916539107315059
4816.7			0.905991989502293
4817.6			0.93291427577458
4818.5			0.9974306162397684
4819.4			1.0
4820.3			1.0
4821.2			1.0
4822.1			1.0355601340930232
4823.0			1.01357246234814
4823.9			0.956646815197709
4824.8			0.9383840373161314
4825.7			0.9450034273773059
4826.6			0.9492137898145855
4827.5			0.9331770378334686
4828.4			0.9365618098759733
4829.3			0.9362908373030299
4830.2			0.9101614713865681
4831.1			0.9467979194294326
4832.0			1.007276971123252
4832.9			0.9728541463928355
4833.8			0.9315947365789744
4834.7			0.9585907814795773
4835.6			0.9903490551158008
4836.5			1.0047289163879412
4837.4			1.0178675086455327
4838.3			1.0
4839.2			0.9749185594194837
4840.1			0.93713732617864
4841.0			0.9195326209362309
4841.9			0.9121914095250341
4842.8			0.910728824393656
4843.7			0.9860634416921568
4844.6			1.062828414159514
4845.5			1.053610985325921
4846.4			1.0001582259209094
4847.3			1.0
4848.2			1.0
4849.1			1.0
4850.0			1.0
4850.9			1.0218215875330876
4851.8			0.9422957851203346
4852.7			0.9878828442036183
4853.6			1.0
4854.5			1.0
4855.4			1.0
4856.3			1.0
4857.2			1.0
4858.1			0.9869342240115867
4859.0			1.035410679732428
4859.9			1.0459037377076648
4860.8			0.9546291088208981
4861.7			0.7634087942316723
4862.6			0.586475252119619
4863.5			0.5920283433323453
4864.4			0.728777193989053
4865.3			0.8287558225365523
4866.2			0.9278454506516703
4867.1			1.0004460085130975
4868.0			1.0
4868.9			1.0
4869.8			1.0
4870.7			1.0
4871.6			1.0
4872.5			1.0
4873.4			1.0
4874.3			1.0
4875.2			1.0
4876.1			1.0
4877.0			1.0
4877.9			1.0
4878.8			0.9997728576752518
4879.7			1.0205384351479854
4880.6			0.9787079204879919
4881.5			0.8913484957574161
4882.4			0.8831486797062796
4883.3			0.9411146487309539
4884.2			0.9516093666222573
4885.1			0.9612048793544032
4886.0			0.9946341258824566
4886.9			1.0
4887.8			1.0
4888.7			1.0
4889.6			1.0
4890.5			1.0
4891.4			1.0
4892.3			1.0
4893.2			1.0
4894.1			1.0
4895.0			1.0
4895.9			1.0
4896.8			1.0
4897.7			0.9860191182727397
4898.6			0.967737103901094
4899.5			1.017633292267654
4900.4			1.0790753358193408
4901.3			1.0083957413940503
4902.2			0.9103197337506019
4903.1			0.9148109828453058
4904.0			0.9549437808091034
4904.9			0.9677395859015249
4905.8			0.9666231136778869
4906.7			1.0015385758049875
4907.6			1.0
4908.5			1.0
4909.4			1.0
4910.3			1.0
4911.2			0.9635609637032553
4912.1			0.9058730919463532
4913.0			0.8773987905601786
4913.9			0.9637531640297761
4914.8			1.0027456425973755
4915.7			1.0
4916.6			1.0
4917.5			1.0
4918.4			1.0
4919.3			1.0
4920.2			0.9828327260504179
4921.1			0.8600686756820259
4922.0			0.8228380913170523
4922.9			0.9558270126242087
4923.8			1.0018597405323226
4924.7			1.0
4925.6			1.0
4926.5			1.0
4927.4			1.0
4928.3			1.0
4929.2			1.0
4930.1			1.0
4931.0			1.0
4931.9			1.0
4932.8			1.0
4933.7			1.0
4934.6			1.0
4935.5			1.0
4936.4			1.0
4937.3			1.0
4938.2			1.0
4939.1			1.0
4940.0			1.0
4940.9			1.0
4941.8			1.0
4942.7			1.0
4943.6			1.0
4944.5			1.0
4945.4			1.0
4946.3			1.0
4947.2			1.0
4948.1			1.0
4949.0			1.0
4949.9			1.0426209215470488
4950.8			1.052172523716117
4951.7			0.9965008708958684
4952.6			0.9385498399679059
4953.5			0.9145541885354239
4954.4			0.9065810700806844
4955.3			0.9674980523053387
4956.2			1.035291379565769
4957.1			0.9992550701600811
4958.0			1.0
4958.9			1.0
4959.8			1.0
4960.7			1.0
4961.6			1.0
4962.5			1.0
4963.4			1.0
4964.3			1.0
4965.2			1.0
4966.1			1.0
4967.0			1.0
4967.9			1.0
4968.8			1.0
4969.7			1.0
4970.6			1.0
4971.5			1.0
4972.4			1.0
4973.3			1.0
4974.2			1.0
4975.1			1.0
4976.0			1.0
4976.9			1.0
4977.8			1.0
4978.7			1.0
4979.6			0.9226842444134834
4980.5			0.9197599388559696
4981.4			0.961029919238444
4982.3			0.9416865958108294
4983.2			0.8979661519195847
4984.1			0.8593534320508778
4985.0			0.8506996007135408
4985.9			0.8697247085743931
4986.8			0.896398949277298
4987.7			0.9529497513928973
4988.6			1.00594637431021
4989.5			1.024000074128859
4990.4			1.000009466413956
4991.3			1.0
4992.2			1.0
4993.1			1.0
4994.0			1.0
4994.9			1.0
4995.8			1.0
4996.7			1.0
4997.6			0.9881248970050426
4998.5			0.9656897135473823
4999.4			0.9438458002957759
5000.3			0.9116863857493112
5001.2			0.9419816756832858
5002.1			0.9676066496195666
5003.0			0.9360798367390513
5003.9			0.9034234192880091
5004.8			0.9206366303802783
5005.7			0.96655597285585
5006.6			0.9616597365612245
5007.5			0.9419354240737804
5008.4			0.9720151303042257
5009.3			0.9862431307953081
5010.2			0.9983718484343466
5011.1			1.0
5012.0			1.0
5012.9			1.0
5013.8			1.0
5014.7			1.0
5015.6			1.0
5016.5			0.9755362771098041
5017.4			1.0051265314771296
5018.3			1.0352272800505826
5019.2			0.9804023067203211
5020.1			0.8940795357706103
5021.0			0.8914587220741579
5021.9			0.9175605850618495
5022.8			0.9571631906372766
5023.7			0.9908029450707204
5024.6			1.0
5025.5			1.0
5026.4			1.0
5027.3			1.0
5028.2			1.0
5029.1			0.9630990023440856
5030.0			0.8832240094318655
5030.9			0.8670995308216853
5031.8			0.9340558482643281
5032.7			1.001456803707974
5033.6			1.0
5034.5			1.0
5035.4			1.0
5036.3			1.0
5037.2			1.0
5038.1			1.0
5039.0			1.0
5039.9			1.0254964633500019
5040.8			0.9622352247084011
5041.7			0.931763089804474
5042.6			0.9676296559957821
5043.5			0.9614848600720172
5044.4			0.906967912250893
5045.3			0.9051983312747159
5046.2			1.0123710183893952
5047.1			1.0502519651319246
5048.0			1.0235728472432208
5048.9			1.0518717714669357
5049.8			1.0550665339288694
5050.7			1.0019167954271737
5051.6			1.0
5052.5			1.0
5053.4			1.0
5054.3			1.0
5055.2			1.0
5056.1			1.0
5057.0			1.0
5057.9			1.0
5058.8			1.0
5059.7			1.0
5060.6			1.0
5061.5			1.0
5062.4			1.0
5063.3			1.0
5064.2			1.0
5065.1			1.0
5066.0			1.0
5066.9			0.9623221876498531
5067.8			0.9362680199459225
5068.7			0.9428704482167849
5069.6			0.9316862354136156
5070.5			0.9322470019304842
5071.4			0.9226506252696617
5072.3			0.8984772339893606
5073.2			0.9018579194870764
5074.1			0.8987742307682492
5075.0			0.8943895633251869
5075.9			0.95771328018718
5076.8			1.0433286318403012
5077.7			1.060188213143589
5078.6			1.008151841434274
5079.5			0.9730394312370152
5080.4			0.9491856966995228
5081.3			0.9018846841694842
5082.2			0.9276076971956718
5083.1			1.0004994837944463
5084.0			1.0
5084.9			1.0
5085.8			1.0
5086.7			1.0
5087.6			1.0
5088.5			1.0
5089.4			1.0
5090.3			1.0
5091.2			1.0
5092.1			1.0
5093.0			1.0
5093.9			1.0
5094.8			0.9736454916691161
5095.7			0.9080756404642536
5096.6			0.9056813687203364
5097.5			0.9655693748443068
5098.4			1.0008564664604411
5099.3			1.0
5100.2			1.0
5101.1			1.0
5102.0			1.0
5102.9			1.0
5103.8			1.0
5104.7			1.0
5105.6			1.0
5106.5			1.0
5107.4			1.0
5108.3			1.0
5109.2			1.0
5110.1			1.0
5111.0			1.0
5111.9			1.0
5112.8			1.0147926948305797
5113.7			0.968600960619727
5114.6			0.9055419631301489
5115.5			0.8915129877791136
5116.4			0.933540711614256
5117.3			0.9759555549942865
5118.2			1.000691760286267
5119.1			1.0
5120.0			1.0
5120.9			1.0
5121.8			1.0
5122.7			1.0
5123.6			1.0
5124.5			1.0
5125.4			1.0
5126.3			1.0
5127.2			1.0
5128.1			1.0
5129.0			1.0
5129.9			1.0
5130.8			1.0
5131.7			1.0
5132.6			1.004310347089393
5133.5			0.9931950263230758
5134.4			0.9828570174029089
5135.3			1.009004201327017
5136.2			1.043461777641748
5137.1			1.0129198123548768
5138.0			0.964454388232927
5138.9			0.968238915499212
5139.8			0.971387586491426
5140.7			0.9399654652058597
5141.6			0.9262967369648135
5142.5			0.9333437622850785
5143.4			0.9406124561747051
5144.3			0.9391329181023196
5145.2			0.9460928706646323
5146.1			0.9996532726926219
5147.0			1.029043033765904
5147.9			0.9793866741270851
5148.8			0.9534175015428129
5149.7			0.9923199831685721
5150.6			1.001046635968755
5151.5			1.0
5152.4			1.0
5153.3			1.0
5154.2			1.0
5155.1			1.0
5156.0			1.0
5156.9			1.0
5157.8			1.0
5158.7			1.0
5159.6			1.0
5160.5			1.0
5161.4			1.029288203880105
5162.3			1.0258809397145447
5163.2			0.9748499962739439
5164.1			0.9534595439628311
5165.0			0.9762363464695643
5165.9			1.022711012081876
5166.8			1.046216162063152
5167.7			0.9895096206979003
5168.6			0.9293144911010426
5169.5			0.9383587382759249
5170.4			0.9573384402432118
5171.3			0.943582031749314
5172.2			0.9563656189362114
5173.1			0.9676681184729062
5174.0			0.9489298542994947
5174.9			0.9725360124082347
5175.8			0.9998536352718606
5176.7			1.0
5177.6			1.0
5178.5			1.0
5179.4			1.0
5180.3			1.0
5181.2			1.0
5182.1			1.0
5183.0			0.9724637441704282
5183.9			0.9037710698480745
5184.8			0.8964364923561666
5185.7			0.9620942476919758
5186.6			0.9995426568354076
5187.5			1.0
5188.4			1.0
5189.3			1.0
5190.2			1.0
5191.1			1.0
5192.0			1.0
5192.9			1.0
5193.8			1.0
5194.7			1.0
5195.6			1.0
5196.5			1.0
5197.4			1.0504453419509157
5198.3			1.0251790314915659
5199.2			0.9555635675814348
5200.1			0.9180892137576004
5201.0			0.9298853976202225
5201.9			0.9739049784326701
5202.8			0.9999335447226269
5203.7			1.0
5204.6			1.0
5205.5			1.0
5206.4			1.0
5207.3			1.0
5208.2			1.0
5209.1			1.0
5210.0			1.0
5210.9			1.0
5211.8			1.0
5212.7			1.0
5213.6			1.0
5214.5			1.0
5215.4			1.0
5216.3			1.0
5217.2			1.0
5218.1			1.0
5219.0			1.0
5219.9			1.0
5220.8			1.0
5221.7			1.0
5222.6			1.0
5223.5			1.0
5224.4			1.057956339645899
5225.3			1.0381894793226136
5226.2			0.9856392576024545
5227.1			0.9339281979402625
5228.0			0.8978977604840728
5228.9			0.938128571852377
5229.8			1.0375251388473685
5230.7			1.064842867864074
5231.6			1.0031484360757736
5232.5			1.0
5233.4			1.0
5234.3			1.0
5235.2			1.0
5236.1			1.0
5237.0			1.0
5237.9			1.0
5238.8			1.0
5239.7			1.0
5240.6			1.0
5241.5			1.0
5242.4			1.0
5243.3			1.0
5244.2			1.0
5245.1			1.0
5246.0			1.0
5246.9			1.0
5247.8			1.0
5248.7			1.0
5249.6			1.0
5250.5			1.0112575932922971
5251.4			1.0610120437966168
5252.3			1.0303429834648568
5253.2			0.9759239006278733
5254.1			1.0378103232453757
5255.0			1.0951962360576943
5255.9			1.0343552577872106
5256.8			0.9823652477545181
5257.7			0.9977780722565509
5258.6			1.0247482066173152
5259.5			1.0360674178511424
5260.4			1.0288740372630405
5261.3			1.033416291944627
5262.2			1.0401593980773347
5263.1			1.0194336116648108
5264.0			0.9871901530006885
5264.9			0.9942324199227207
5265.8			1.0412700040310054
5266.7			1.0610923078233152
5267.6			1.058086244353896
5268.5			1.0338897268834406
5269.4			1.0118122999913148
5270.3			1.0159504898189127
5271.2			0.9911382241034647
5272.1			0.9613297995520549
5273.0			0.9905932436701708
5273.9			1.01342645050302
5274.8			1.0223099995242206
5275.7			1.0467762572921733
5276.6			1.0333443161951754
5277.5			1.0211924170001607
5278.4			1.0540473308105425
5279.3			1.0661331876807125
5280.2			1.043821347559188
5281.1			1.0469308681702083
5282.0			1.0987531145866916
5282.9			1.1156455948324644
5283.8			1.0811274083351818
5284.7			1.0395636050353791
5285.6			1.0154451241538271
5286.5			1.0347989827199031
5287.4			1.0485981033757885
5288.3			1.0374539641978284
5289.2			1.0421767106374102
5290.1			1.0601280455640958
5291.0			1.0739871549558906
5291.9			1.106075319311391
5292.8			1.13213968984775
5293.7			1.1618455408823436
5294.6			1.1324869971257487
5295.5			1.0551643044837054
5296.4			1.0916447272336796
5297.3			1.1256988765746994
5298.2			1.0769697441418353
5299.1			1.065294956738432
5300.0			1.0690127897774122
5300.9			1.0541566016871444
5301.8			1.0473544020972407
5302.7			1.0212694118443915
5303.6			1.023959938385697
5304.5			1.0616236353557322
5305.4			1.0866882162688316
5306.3			1.0933026499719594
5307.2			1.0720400693550023
5308.1			1.0070345085283636
5309.0			0.9856530608477837
5309.9			1.0185321322650656
5310.8			1.0410383513481285
5311.7			1.047090878985186
5312.6			1.0554981299034343
5313.5			1.0435108004932203
5314.4			1.008896503743313
5315.3			1.0225480677152854
5316.2			1.0299819962744774
5317.1			1.0011606865362765
5318.0			0.9714919181159826
5318.9			0.962543129896444
5319.8			0.9995021965018216
5320.7			1.0015688412196564
5321.6			0.9496784876489841
5322.5			0.9503534731633485
5323.4			0.9683180510662822
5324.3			0.9650779916859805
5325.2			0.9982413885925262
5326.1			1.0263204567764714
5327.0			1.0151764420356457
5327.9			0.9870151520613402
5328.8			0.9361665946014406
5329.7			0.986148522572687
5330.6			1.7640480347048693
5331.5			2.232009407073533
5332.4			1.518723789170003
5333.3			0.9980205283130216
5334.2			0.9800110024710207
5335.1			0.9994656606895659
5336.0			0.9900934139630675
5336.9			0.9663658846167984
5337.8			0.9577921996276435
5338.7			0.9971545175080484
5339.6			1.0505045770277766
5340.5			1.0394710139294243
5341.4			1.001186434654644
5342.3			0.9730247217279421
5343.2			0.9610170887432352
5344.1			0.971401987455433
5345.0			0.9949022766434886
5345.9			1.0214553423623405
5346.8			1.0497399106374563
5347.7			1.1025277308267691
5348.6			1.1422083283496864
5349.5			1.1074456535875365
5350.4			1.0451215084910643
5351.3			1.0376859827979619
5352.2			1.0842663458863655
5353.1			1.1113803828972872
5354.0			1.0963847346440279
5354.9			1.0826216004517772
5355.8			1.077600347329831
5356.7			1.0726516712139638
5357.6			1.1064104973472533
5358.5			1.1286105631918968
5359.4			1.1140059039383952
5360.3			1.1086335190189358
5361.2			1.0993967663285358
5362.1			1.0928875558237288
5363.0			1.086618413263923
5363.9			1.0612974619649174
5364.8			1.036606206171584
5365.7			1.0387511195155836
5366.6			1.0496509435505657
5367.5			1.0258862678112437
5368.4			0.9831254489790083
5369.3			0.9850105681648875
5370.2			1.022347469694566
5371.1			1.025126039692017
5372.0			0.9874804115523923
5372.9			0.9878483655495043
5373.8			1.024606270855017
5374.7			1.0612022382113375
5375.6			1.0795774654765997
5376.5			1.0341577322125017
5377.4			1.0007395781923047
5378.3			1.013158856827457
5379.2			1.048402381102879
5380.1			1.0774648482881262
5381.0			1.0658686261085277
5381.9			1.035170549430083
5382.8			1.0105800811663148
5383.7			1.013012260397681
5384.6			1.003535901623775
5385.5			0.9934893533900843
5386.4			1.0117898865128532
5387.3			1.0327490018911525
5388.2			1.0437197598078238
5389.1			1.073130412304333
5390.0			1.0762205858310576
5390.9			1.0423398173804423
5391.8			1.0326355131944716
5392.7			1.0245250586469503
5393.6			1.0414723684352245
5394.5			1.0324855348736552
5395.4			1.0060730050101665
5396.3			1.0321331274352394
5397.2			1.0489260590690406
5398.1			1.0199692338951838
5399.0			0.9729675648603987
5399.9			0.9709629139438234
5400.8			1.0016769581629834
5401.7			1.01926324492697
5402.6			1.0219629041598646
5403.5			1.0214646452683425
5404.4			1.0094768635538305
5405.3			0.9751353991207463
5406.2			0.9446252145551147
5407.1			0.961674216936229
5408.0			1.0164613702892409
5408.9			1.037223883587511
5409.8			1.0137508595772031
5410.7			1.0003870265695722
5411.6			1.0014209467146113
5412.5			1.0083024648918024
5413.4			1.0405603138811699
5414.3			1.0798973147761057
5415.2			1.0724806875998885
5416.1			1.0331331792241663
5417.0			1.0158806007384136
5417.9			1.0168834704632235
5418.8			1.0329538142767516
5419.7			1.0492320642928925
5420.6			1.038461776567207
5421.5			1.0335500831883118
5422.4			1.0446097049192873
5423.3			1.0598828797622306
5424.2			1.0914020363189185
5425.1			1.0846488354487118
5426.0			1.0294096565740194
5426.9			1.0
5427.8			1.0201742635239714
5428.7			1.0098500361437528
5429.6			1.0008381016125045
5430.5			0.979220825738578
5431.4			0.9594531900769885
5432.3			0.9973648516203408
5433.2			1.0473997372870134
5434.1			1.0447705173184572
5435.0			1.0000562523055543
5435.9			1.0196192939898512
5436.8			1.0394380719477745
5437.7			1.0320927446396724
5438.6			1.019566983868302
5439.5			1.0442481781473534
5440.4			1.0946863854362177
5441.3			1.0852051244826562
5442.2			1.0436433659291962
5443.1			1.0675908252474642
5444.0			1.1189638665820845
5444.9			1.0944413058436557
5445.8			1.04237634540973
5446.7			1.0274932817305389
5447.6			1.0267000173149587
5448.5			1.026687336823452
5449.4			1.0146426135022406
5450.3			1.0173307248207741
5451.2			1.0
5452.1			1.047297357387165
5453.0			1.0560773504928935
5453.9			1.0463204904881864
5454.8			1.031261802001142
5455.7			1.0084731180792526
5456.6			0.9553987528998404
5457.5			0.8986531530258246
5458.4			0.9067327727561162
5459.3			0.9589931389279074
5460.2			1.0
5461.1			0.9788376222181969
5462.0			1.0099634453663178
5462.9			1.0264536946971565
5463.8			0.9990542484055306
5464.7			1.0164328550703985
5465.6			1.0797025530010669
5466.5			1.109360626267491
5467.4			1.079144863591899
5468.3			1.026838168393182
5469.2			0.9900514491566269
5470.1			0.9664965341478486
5471.0			0.9668523335295288
5471.9			0.991689781436787
5472.8			1.0040300064549117
5473.7			1.0186096327288154
5474.6			1.0236314386331709
5475.5			0.9778353929062803
5476.4			0.9713630062476619
5477.3			1.0048152364857739
5478.2			0.9904651536346908
5479.1			0.9642602223769547
5480.0			0.950141169774913
5480.9			0.9554150145337277
5481.8			0.9832433214088457
5482.7			1.006825542343756
5483.6			1.011389435486406
5484.5			1.000722646367006
5485.4			1.0052608648894579
5486.3			0.9990791190818926
5487.2			0.9567992012755997
5488.1			1.0
5489.0			1.6956248910058447
5489.9			2.0821676589939124
5490.8			1.5282527905427181
5491.7			1.061526538418103
5492.6			0.9807658287338842
5493.5			0.9801268328443878
5494.4			0.9770236341089684
5495.3			0.9815184494804793
5496.2			0.9575513116364683
5497.1			0.9417154095186658
5498.0			0.9536266424594494
5498.9			0.9800860354682653
5499.8			1.012070719155414
5500.7			1.0267157849695117
5501.6			1.0158208468606056
5502.5			0.9964216393452142
5503.4			1.000530734691896
5504.3			1.0270019242399482
5505.2			1.0024753892916798
5506.1			0.9727937451461921
5507.0			0.9989203259629151
5507.9			1.0582683409070737
5508.8			1.0950828984159955
5509.7			1.0651645976673385
5510.6			1.0133213447825364
5511.5			1.0107580905393643
5512.4			1.0838487566731647
5513.3			1.1208536565139575
5514.2			1.0
5515.1			0.9849570539870812
5516.0			0.962483729208125
5516.9			0.9308375457946433
5517.8			0.9061121620525604
5518.7			0.9166318498033745
5519.6			0.9598280760050844
5520.5			0.9929522364268629
5521.4			1.0681132065220966
5522.3			1.061973669382985
5523.2			1.0532420953861334
5524.1			1.0556805779351877
5525.0			1.046097105652285
5525.9			1.0460037687284984
5526.8			1.0585088793505062
5527.7			1.0810058747257463
5528.6			1.097350845972943
5529.5			1.0811538573806223
5530.4			1.0414117198155888
5531.3			1.0185192299991475
5532.2			1.0306508527033396
5533.1			1.0582023380376524
5534.0			1.0413152558673269
5534.9			1.0163464924626908
5535.8			1.0466401286911227
5536.7			1.055690859334136
5537.6			1.0211640436918779
5538.5			1.0274743985765284
5539.4			1.0476840813407269
5540.3			1.0315831834521525
5541.2			1.0281758322777597
5542.1			1.0558078361525887
5543.0			1.0581732199370422
5543.9			1.0276869078631825
5544.8			1.013780294085567
5545.7			1.0404842279483866
5546.6			1.0751168272830423
5547.5			1.0552709597422827
5548.4			1.0363457664056637
5549.3			1.0698764419365603
5550.200000000001			1.1083561100298953
5551.1			1.0996308234322625
5552.0			1.0
5552.9			1.0030696290582828
5553.8			0.9928963905929507
5554.700000000001			0.9571770889324175
5555.6			0.9434199258495888
5556.5			0.9301743453095114
5557.4			0.9496167609718849
5558.3			0.9757622365923733
5559.200000000001			0.962272318753368
5560.1			0.946153392399224
5561.0			0.961747258664499
5561.9			0.9539632850164077
5562.8			0.9290208510315936
5563.700000000001			0.9700576897108673
5564.6			1.040748064785584
5565.5			1.0876072160285672
5566.4			1.1030011500098427
5567.3			1.0458528837718082
5568.200000000001			0.9872520042546804
5569.1			0.9752956272987667
5570.0			0.9741465824410304
5570.9			0.9761885829854425
5571.8			1.0
5572.700000000001			1.0091820047147735
5573.6			0.9746124030170333
5574.5			0.9450531224252653
5575.4			0.9397815871223698
5576.3			0.9071656632659624
5577.200000000001			0.9030804280922379
5578.1			0.9652108835285937
5579.0			1.0649155189147805
5579.9			1.0638940962859358
5580.8			1.0035575976929811
5581.700000000001			1.0017795415263058
5582.6			1.0
5583.5			1.0
5584.4			1.0
5585.3			1.0
5586.200000000001			1.0
5587.1			1.0
5588.0			1.0
5588.9			1.0
5589.8			1.0
5590.700000000001			1.0
5591.6			1.0
5592.5			1.0
5593.4			1.0
5594.3			1.0
5595.200000000001			1.0365519797727942
5596.1			1.06832308567531
5597.0			1.0286316430125713
5597.9			0.9606161644323314
5598.8			0.9372378285859224
5599.700000000001			0.9365967669626382
5600.6			0.9790976955878847
5601.5			1.0232311454049972
5602.4			1.0554614986357995
5603.3			1.0599149694919003
5604.200000000001			1.0007750945899074
5605.1			1.0
5606.0			1.0
5606.9			1.0
5607.8			1.0
5608.700000000001			1.0
5609.6			1.0
5610.5			1.0
5611.4			1.0
5612.3			1.0
5613.200000000001			1.0
5614.1			1.0
5615.0			0.9484013205995147
5615.9			0.8744121051695646
5616.8			0.890155936975995
5617.700000000001			0.9108745829315162
5618.6			0.8320259584605414
5619.5			0.7509511419610371
5620.4			0.7754213926823439
5621.3			0.8556626865637579
5622.200000000001			0.8929982470572102
5623.1			0.9266803826513733
5624.0			1.0012458225618364
5624.9			1.0
5625.8			1.0
5626.700000000001			1.0
5627.6			1.0
5628.5			1.0
5629.4			1.0
5630.3			1.0
5631.200000000001			1.0
5632.1			1.0
5633.0			1.0
5633.9			1.0
5634.8			1.0
5635.700000000001			1.0
5636.6			1.0
5637.5			1.0
5638.4			1.0
5639.3			1.0
5640.200000000001			1.0
5641.1			1.0080136566711688
5642.0			1.0358943081758656
5642.9			1.0179758665131826
5643.8			1.0003911367811822
5644.700000000001			0.9715472264280591
5645.6			0.9399015132974645
5646.5			0.9544137393611393
5647.4			0.9972520324498267
5648.3			1.040276987365495
5649.200000000001			1.0382737365902388
5650.1			0.9989939627926238
5651.0			1.0
5651.9			1.0
5652.8			1.0
5653.700000000001			1.0
5654.6			1.0
5655.5			1.0
5656.4			1.0
5657.3			1.0
5658.200000000001			1.0
5659.1			1.0
5660.0			1.0
5660.9			0.983966681489062
5661.8			0.9322494893430276
5662.700000000001			0.8768983040414654
5663.6			0.8646667420133654
5664.5			0.9276642903181199
5665.4			0.9951223563013729
5666.3			0.9980960321199159
5667.200000000001			1.0
5668.1			1.0
5669.0			1.0
5669.9			1.0
5670.8			1.0
5671.700000000001			1.0
5672.6			1.0
5673.5			1.0
5674.4			1.0
5675.3			1.0
5676.200000000001			1.0
5677.1			1.0
5678.0			1.0
5678.9			1.0
5679.8			1.0
5680.700000000001			1.0
5681.6			1.0
5682.5			1.0
5683.4			1.0
5684.3			1.0
5685.200000000001			1.0
5686.1			1.0
5687.0			1.0
5687.9			1.0
5688.8			1.0
5689.700000000001			1.0
5690.6			1.0
5691.5			1.0
5692.4			1.0061252934881948
5693.3			0.989181253421381
5694.200000000001			0.919894413062251
5695.1			0.9067172388112281
5696.0			0.9574103408695926
5696.9			0.9473490452004937
5697.8			0.8816775758974507
5698.700000000001			0.8762113596092876
5699.6			0.9354302596217606
5700.5			0.9354812856324185
5701.4			0.8952935356173534
5702.3			0.8970880178703022
5703.200000000001			0.9358458922924535
5704.1			0.9819735978542223
5705.0			1.0010838439790404
5705.9			1.0
5706.8			1.0
5707.700000000001			1.0
5708.6			1.0
5709.5			1.0
5710.4			1.0
5711.3			1.0
5712.200000000001			1.0
5713.1			1.0
5714.0			1.0
5714.9			1.0
5715.8			0.9762655347839875
5716.700000000001			1.002012710902754
5717.6			1.0634270127128296
5718.5			1.0445771933453334
5719.4			0.9890410990348654
5720.3			0.985350873954786
5721.200000000001			0.9946040301638752
5722.1			1.0000299370820267
5723.0			0.9782162033919356
5723.9			0.9267063445665094
5724.8			0.9192860019000761
5725.700000000001			0.9465097741192672
5726.6			0.9812294804539186
5727.5			0.9869897636715268
5728.4			0.9180634031216083
5729.3			0.8889673582345168
5730.200000000001			0.908270766956932
5731.1			0.9197662991805812
5732.0			0.9503028995502264
5732.9			0.9874324814544945
5733.8			1.0352902777572448
5734.700000000001			1.0295958379996533
5735.6			1.0
5736.5			0.9960732938704181
5737.4			0.9961084197929725
5738.3			0.94397276284351
5739.200000000001			0.9128395732132112
5740.1			0.9616926479104453
5741.0			0.9886276971540356
5741.9			0.999861762985314
5742.8			0.9975128287250492
5743.700000000001			1.0
5744.6			1.0
5745.5			1.0
5746.4			1.0
5747.3			1.0
5748.200000000001			1.0
5749.1			1.0
5750.0			1.0
5750.9			1.0
5751.8			1.0374010526219655
5752.700000000001			1.0173222664757078
5753.6			0.9699479636486803
5754.5			0.9158019286957545
5755.4			0.8832779127668334
5756.3			0.8816468725648187
5757.200000000001			0.8948392503500763
5758.1			0.9123359004896378
5759.0			0.9426304440216045
5759.9			0.9773086642103213
5760.8			1.0
5761.700000000001			1.009820379226429
5762.6			0.9831758355280511
5763.5			0.9238602745243417
5764.4			0.8659314789729514
5765.3			0.8580553076330751
5766.200000000001			0.8723190018865798
5767.1			0.8779996079129518
5768.0			0.8760390207680859
5768.9			0.8749089150545744
5769.8			0.8928914971801536
5770.700000000001			0.9554712001528525
5771.6			1.0089530583213837
5772.5			1.0106477534221305
5773.4			1.018168165591775
5774.3			1.029207043678421
5775.200000000001			1.0098712530513372
5776.1			0.9965230822698942
5777.0			1.0
5777.9			1.0
5778.8			1.0
5779.700000000001			1.0
5780.6			1.0
5781.5			1.0
5782.4			1.0
5783.3			1.0
5784.200000000001			1.0
5785.1			1.0
5786.0			1.0
5786.9			1.0
5787.8			1.0
5788.700000000001			0.9876416385549573
5789.6			1.016017255294771
5790.5			1.0297944071525844
5791.4			0.9822683835283839
5792.3			0.9257501027988864
5793.200000000001			0.9363602413470855
5794.1			0.9621619306781188
5795.0			0.9785159798350344
5795.9			1.0003446272079033
5796.8			1.0
5797.700000000001			1.0
5798.6			1.0
5799.5			1.0
5800.4			1.0
5801.3			1.0
5802.200000000001			1.0
5803.1			1.0
5804.0			1.0
5804.9			1.0
5805.8			1.0
5806.700000000001			1.0
5807.6			1.0
5808.5			1.0
5809.4			1.0
5810.3			1.0
5811.200000000001			1.0
5812.1			0.9638796714131852
5813.0			0.8988505466329876
5813.9			0.8677831047350476
5814.8			0.931026471113728
5815.700000000001			1.0
5816.6			1.0059325472326806
5817.5			0.9729310002943972
5818.4			0.9677735516618299
5819.3			0.9646717603962558
5820.200000000001			0.9509538114661612
5821.1			0.9437829228951813
5822.0			0.9352899898547267
5822.9			0.9463862618863097
5823.8			0.9072728851380322
5824.700000000001			0.8596712299188369
5825.6			0.8688705544586844
5826.5			0.9322157103055467
5827.4			1.0437357027799867
5828.3			1.042435422142094
5829.200000000001			0.960011018293448
5830.1			0.9646375247221916
5831.0			0.9686041654019591
5831.9			0.9599950188187708
5832.8			1.0
5833.700000000001			1.0466295935780912
5834.6			1.0527968630358653
5835.5			0.9756679338549248
5836.4			0.9102883558843002
5837.3			0.8931754039563689
5838.200000000001			0.8926182957820474
5839.1			0.8981356868320632
5840.0			0.9430359503269979
5840.9			1.0
5841.8			0.9756728406653948
5842.700000000001			0.9225845838066083
5843.6			0.9161845272925181
5844.5			0.9071338235100361
5845.4			0.905646869881448
5846.3			0.9003634997438332
5847.200000000001			0.9543545561169973
5848.1			1.0597815439993614
5849.0			1.0915360622956236
5849.9			1.0383763518568343
5850.8			1.0
5851.700000000001			1.029266764433571
5852.6			1.1010500541050903
5853.5			1.150432740021977
5854.4			1.11526818501263
5855.3			1.0186327353241549
5856.200000000001			0.9646172895317476
5857.1			0.9789817502764124
5858.0			0.9848901563463572
5858.9			0.9559887790050791
5859.8			0.9814575481065554
5860.700000000001			1.027512679154178
5861.6			1.003566407676819
5862.5			1.0134597886751875
5863.4			1.0598570960601597
5864.3			1.0554610157911182
5865.200000000001			1.030919542840548
5866.1			0.9995206314691919
5867.0			1.0
5867.9			1.0
5868.8			1.0
5869.700000000001			1.0
5870.6			1.0
5871.5			1.0
5872.4			1.0
5873.3			1.0
5874.200000000001			1.0
5875.1			1.0
5876.0			1.0
5876.9			1.0
5877.8			1.0
5878.700000000001			1.0
5879.6			1.0
5880.5			1.0
5881.4			1.0
5882.3			1.0
5883.200000000001			1.0
5884.1			1.0
5885.0			0.9876666924980327
5885.9			0.9900161231959954
5886.8			0.9817729206918707
5887.700000000001			0.9440279498010626
5888.6			0.9408900799484381
5889.5			0.9452951395952567
5890.4			0.9433054846740435
5891.3			0.9594890773688147
5892.200000000001			0.9811052635241182
5893.1			0.9927377208279542
5894.0			0.9723003797397199
5894.9			0.9458785589102235
5895.8			0.9372245053725994
5896.700000000001			0.9343479905402361
5897.6			0.9370406708429925
5898.5			0.9267925083530901
5899.4			0.9004161423262256
5900.3			0.9187945580653881
5901.200000000001			1.0003350020832802
5902.1			1.0680608748712082
5903.0			1.0858455363253383
5903.9			1.092748838591547
5904.8			1.1289550485137692
5905.700000000001			1.1689490783963365
5906.6			1.1586414042779953
5907.5			1.1179572710957388
5908.4			1.0826716615444958
5909.3			1.0772173282980566
5910.200000000001			1.1149587735756474
5911.1			1.156040437138787
5912.0			1.1211146460569326
5912.9			1.0336945215627042
5913.8			1.0012738927105727
5914.700000000001			1.0
5915.6			1.0
5916.5			1.0
5917.4			1.0373458798772555
5918.3			1.0083174947439755
5919.200000000001			0.9554861391876405
5920.1			0.9201181696259468
5921.0			0.8897645766990155
5921.9			0.9174748118032614
5922.8			1.0012988418338966
5923.700000000001			1.034862019505961
5924.6			1.0016169654909497
5925.5			1.0
5926.4			1.0
5927.3			1.0
5928.200000000001			1.0
5929.1			1.0
5930.0			1.0
5930.9			1.0
5931.8			1.0
5932.700000000001			1.0
5933.6			1.0
5934.5			1.0
5935.4			1.0
5936.3			1.0
5937.200000000001			1.0
5938.1			1.0
5939.0			1.012794574065905
5939.9			1.067145060235074
5940.8			1.0504452185171669
5941.700000000001			0.9989793937485402
5942.6			0.9510129418794852
5943.5			0.8782633879013874
5944.4			0.8411526083326697
5945.3			0.8699208126655172
5946.200000000001			0.932768239201619
5947.1			0.9886081242602314
5948.0			1.0008547673788246
5948.9			0.9969422963946079
5949.8			0.9960759713679759
5950.700000000001			1.0
5951.6			1.0
5952.5			1.0
5953.4			1.0
5954.3			1.0
5955.200000000001			1.0
5956.1			1.0
5957.0			1.0
5957.9			1.0
5958.8			1.0
5959.700000000001			1.0
5960.6			1.0
5961.5			1.0
5962.4			1.0
5963.3			1.0
5964.200000000001			1.0
5965.1			1.0
5966.0			1.0
5966.9			1.0
5967.8			1.0
5968.700000000001			1.0
5969.6			1.0
5970.5			1.0
5971.4			1.0
5972.3			1.0
5973.200000000001			1.0
5974.1			1.0
5975.0			1.0
5975.9			1.0
5976.8			1.0
5977.700000000001			1.0
5978.6			1.0
5979.5			1.0
5980.4			1.0
5981.3			0.9858899146987289
5982.200000000001			0.9504431553590935
5983.1			0.9118384495474317
5984.0			0.9082706979251136
5984.9			0.9286176393873995
5985.8			0.9229470618790563
5986.700000000001			0.8807613219222221
5987.6			0.8620410397396503
5988.5			0.9089882431914218
5989.4			0.952897890379471
5990.3			0.9729725734018865
5991.200000000001			0.9934998545839976
5992.1			0.9836502606025306
5993.0			0.9646522022855342
5993.9			1.0
5994.8			1.047665598209561
5995.700000000001			1.008379506412928
5996.6			0.90787833213623
5997.5			0.8540326883466017
5998.4			0.9163570080382557
5999.3			1.0069727601682013
6000.200000000001			1.0061161362920552
6001.1			1.0
6002.0			1.0
6002.9			1.0
6003.8			1.0
6004.700000000001			1.0
6005.6			1.0
6006.5			1.0
6007.4			1.0
6008.3			1.0
6009.200000000001			1.0
6010.1			1.0
6011.0			1.0
6011.9			1.0
6012.8			1.0
6013.700000000001			1.0
6014.6			1.0
6015.5			1.0
6016.4			1.0
6017.3			1.0
6018.200000000001			1.0
6019.1			1.0
6020.0			1.0
6020.9			0.9646670824275576
6021.8			0.9166644353579649
6022.700000000001			0.9074939921309222
6023.6			0.9125350852237398
6024.5			0.9121569132367227
6025.4			0.9277425802284858
6026.3			0.9130745998519858
6027.200000000001			0.8615983650033703
6028.1			0.8589384429361918
6029.0			0.9045986663561109
6029.9			0.9770676267082816
6030.8			1.0364512145446843
6031.700000000001			1.016214654706908
6032.6			0.9557660270184594
6033.5			0.9412136311482108
6034.4			0.9878663383545936
6035.3			0.9990917540498028
6036.200000000001			1.0
6037.1			1.0
6038.0			1.0
6038.9			1.0
6039.8			1.0
6040.700000000001			1.0
6041.6			1.0
6042.5			1.0
6043.4			1.0
6044.3			1.0
6045.200000000001			1.0
6046.1			1.0
6047.0			1.0
6047.9			1.0
6048.8			1.0
6049.700000000001			1.0
6050.6			1.0
6051.5			1.0
6052.4			0.9889058067259724
6053.3			0.9606882250305441
6054.200000000001			0.9599660108261567
6055.1			0.9799829380087941
6056.0			0.9815442426039539
6056.9			0.9511172171873844
6057.8			0.9678458779656972
6058.700000000001			1.0092891180210126
6059.6			0.9930311156435772
6060.5			0.9615000821841032
6061.4			0.9467262737500007
6062.3			0.935466902654553
6063.200000000001			0.9374375143806536
6064.1			0.9513369310833313
6065.0			0.9482207134007179
6065.9			0.9198812820081949
6066.8			0.9061032828702699
6067.700000000001			0.9355431122972546
6068.6			0.9753165039867092
6069.5			0.9737017980215341
6070.4			0.9421764559666232
6071.3			0.9393222074523462
6072.200000000001			0.9652294444245475
6073.1			0.9797624314536393
6074.0			1.008237200582451
6074.9			1.0508663832071181
6075.8			1.0267313126061441
6076.700000000001			0.9597290888743674
6077.6			0.952168814639592
6078.5			0.99469399092097
6079.4			1.0248633767884296
6080.3			1.0218061308277353
6081.200000000001			1.0016621572847955
6082.1			1.0
6083.0			1.0
6083.9			1.0
6084.8			1.0
6085.700000000001			1.0
6086.6			1.0
6087.5			1.0
6088.4			1.0
6089.3			1.0
6090.200000000001			1.0
6091.1			1.0
6092.0			1.0
6092.9			1.0
6093.8			1.0
6094.700000000001			1.0
6095.6			1.0
6096.5			1.0144626493811253
6097.4			1.022177431087426
6098.3			0.9877663747425376
6099.200000000001			0.9660034167850607
6100.1			0.9851339887806342
6101.0			0.9822016426211032
6101.9			0.9419170253485825
6102.8			0.9249008986753168
6103.700000000001			0.952344385492754
6104.6			1.0020159360322602
6105.5			1.0262395166756078
6106.4			1.0093791467552162
6107.3			1.0009420590356737
6108.200000000001			1.0121259853106317
6109.1			0.9995747665630195
6110.0			1.0
6110.9			1.0
6111.8			1.0
6112.700000000001			1.0
6113.6			1.0
6114.5			1.0
6115.4			1.0
6116.3			1.0
6117.200000000001			1.0
6118.1			1.0
6119.0			1.0
6119.9			1.0
6120.8			1.0
6121.700000000001			1.0264651340686617
6122.6			1.0190193366116957
6123.5			0.9739507451746603
6124.4			0.9215376469906299
6125.3			0.8752773618579016
6126.200000000001			0.8684721649339661
6127.1			0.8938165634983865
6128.0			0.8909915844665453
6128.9			0.906542860940094
6129.8			0.9799231386176533
6130.700000000001			1.0018562893929528
6131.6			1.0
6132.5			1.0
6133.4			1.0143143292406107
6134.3			0.9840953953395644
6135.200000000001			0.9175445407351079
6136.1			0.8792317207186048
6137.0			0.8931426969026813
6137.9			0.9570501791127155
6138.8			1.0078662483544014
6139.700000000001			1.0
6140.6			1.0
6141.5			1.0
6142.4			1.0
6143.3			1.0
6144.200000000001			1.0
6145.1			1.0680863143559314
6146.0			1.049365860286887
6146.9			0.9825684007589687
6147.8			0.9738482422683759
6148.700000000001			0.9838307407252296
6149.6			0.9631460967462591
6150.5			0.9293106536715868
6151.4			0.9156737270120471
6152.3			0.9495920124083469
6153.200000000001			1.0002517435427225
6154.1			1.022786047461999
6155.0			1.0161997941652354
6155.9			1.0254503668299466
6156.8			1.0
6157.700000000001			0.9735921661450936
6158.6			1.0034984066482013
6159.5			1.060492431689548
6160.4			1.0584512941730482
6161.3			1.0518268170292497
6162.200000000001			1.045247378601363
6163.1			0.9722119150712845
6164.0			0.902125205590897
6164.9			0.8997409916277147
6165.8			0.8981421171996137
6166.700000000001			0.9142560129658532
6167.6			0.9694595340037075
6168.5			0.975118667710125
6169.4			0.9266835154114241
6170.3			0.8772986477452733
6171.200000000001			0.856836727822631
6172.1			0.8918334810700849
6173.0			0.9338121209993384
6173.9			0.9036614049557408
6174.8			0.8472242811069809
6175.700000000001			0.8707440975032408
6176.6			0.9454383470295133
6177.5			0.9682893553787766
6178.4			0.9446403638053262
6179.3			0.9281678289794276
6180.200000000001			0.912836662074575
6181.1			0.9097231015967823
6182.0			0.9512101306538746
6182.9			0.9652169902035125
6183.8			0.907445053810684
6184.700000000001			0.8996949883012356
6185.6			0.9658036283794398
6186.5			0.9885223869330237
6187.4			0.9574002016959898
6188.3			0.9379977536711859
6189.200000000001			1.0
6190.1			1.0021156841571122
6191.0			0.9980917666001097
6191.9			1.0510342769282979
6192.8			1.1485508333558685
6193.700000000001			1.1578681336968695
6194.6			1.0721546253651915
6195.5			0.9953465987836756
6196.4			0.9226218044118673
6197.3			0.8714403476311271
6198.200000000001			0.9010164420294436
6199.1			0.9401674976843973
6200.0			0.9381801631366837
6200.9			0.9557320367108838
6201.8			0.9917433525913969
6202.700000000001			1.0027814547006437
6203.6			1.002489130705955
6204.5			0.9991616240820742
6205.4			1.0
6206.3			1.0
6207.200000000001			1.0
6208.1			1.0
6209.0			1.0
6209.9			1.0
6210.8			1.0
6211.700000000001			1.0
6212.6			1.0009030222822821
6213.5			0.9463720251986444
6214.4			0.8956713125454373
6215.3			0.8589117170638804
6216.200000000001			0.8861668731635045
6217.1			0.9742206824032871
6218.0			1.0006030122864724
6218.9			1.0
6219.8			1.0
6220.700000000001			1.0
6221.6			1.0
6222.5			1.0
6223.4			1.0
6224.3			1.0
6225.200000000001			1.0
6226.1			1.0
6227.0			1.0
6227.9			1.0
6228.8			1.0
6229.700000000001			1.0
6230.6			1.0
6231.5			1.0
6232.4			1.0
6233.3			1.0
6234.200000000001			1.0
6235.1			1.0
6236.0			1.0
6236.9			1.0
6237.8			1.0
6238.700000000001			1.0
6239.6			1.0
6240.5			1.0
6241.4			1.0
6242.3			1.0
6243.200000000001			1.0
6244.1			1.0
6245.0			1.0
6245.9			1.0
6246.8			1.0
6247.700000000001			1.0
6248.6			1.0
6249.5			1.0
6250.4			0.9409390248352127
6251.3			0.9777351571671701
6252.200000000001			1.0295052915756642
6253.1			1.026275527536597
6254.0			0.9847409021613471
6254.9			0.9450282086264284
6255.8			0.9402897724416552
6256.700000000001			0.9595030634660863
6257.6			0.9329430505358597
6258.5			0.9009351698864104
6259.4			0.9025845105780961
6260.3			0.9170554342285157
6261.200000000001			0.9655582628315983
6262.1			1.0073456551271693
6263.0			0.9900679466712811
6263.9			0.9661664846528485
6264.8			1.0015993882199277
6265.700000000001			1.0373041667784564
6266.6			0.9987794988744239
6267.5			1.0
6268.4			1.0
6269.3			1.0
6270.200000000001			1.0
6271.1			1.0
6272.0			1.0
6272.9			1.0
6273.8			1.0
6274.700000000001			1.0
6275.6			1.0
6276.5			1.0
6277.4			1.0119078161188124
6278.3			0.8997603502611468
6279.200000000001			0.8332812668352779
6280.1			0.9252141951983245
6281.0			1.002890664724137
6281.9			1.0
6282.8			1.0
6283.700000000001			1.0
6284.6			1.0
6285.5			1.0
6286.4			1.0
6287.3			1.0557285953597542
6288.200000000001			1.0068351613144686
6289.1			0.9408184080603457
6290.0			0.8959766087973972
6290.9			0.8822544765930643
6291.8			0.8612455991651736
6292.700000000001			0.8845939625428304
6293.6			0.960186796735809
6294.5			0.9651519427953026
6295.4			0.9176030464414707
6296.3			0.9390671004747221
6297.200000000001			0.9915558389368594
6298.1			0.984284771170194
6299.0			0.9456393099912092
6299.9			0.9023867664315028
6300.8			0.8453651679701836
6301.700000000001			0.8766730839079173
6302.6			0.9632805987545109
6303.5			0.9654492444173383
6304.4			0.9571083997684271
6305.3			0.9612661667801639
6306.200000000001			0.9558455156070569
6307.1			0.986790612262535
6308.0			1.0154236411810658
6308.9			0.9770333103052968
6309.8			0.922993213827788
6310.700000000001			0.944915804936254
6311.6			1.0095552277648323
6312.5			1.0536894791314115
6313.4			1.0499763503510748
6314.3			1.0006196617689302
6315.200000000001			1.0
6316.1			1.0
6317.0			1.0
6317.9			1.0
6318.8			1.0
6319.700000000001			1.0
6320.6			1.0
6321.5			1.0
6322.4			0.9618925037241763
6323.3			0.9157982124620488
6324.200000000001			0.9247237457137099
6325.1			0.9532444181818431
6326.0			0.9254686475908583
6326.9			0.905790752621221
6327.8			0.9870150241332794
6328.700000000001			1.0802024335726397
6329.6			1.0
6330.5			0.9533065692408909
6331.4			0.9340131939435452
6332.3			0.944042827059342
6333.200000000001			0.9522276442562437
6334.1			0.939182619942825
6335.0			0.95318957731288
6335.9			0.959398811972061
6336.8			0.9490803572046471
6337.700000000001			0.9278953552694621
6338.6			0.9041810045637817
6339.5			0.935078733496594
6340.4			0.9638103542397838
6341.3			0.9894021660683174
6342.200000000001			1.0598690409360552
6343.1			1.097570946918059
6344.0			1.0
6344.9			1.0156989551388986
6345.8			1.0080076364428439
6346.700000000001			0.925800080788988
6347.6			0.8578950604812402
6348.5			0.8947758307659693
6349.4			0.9712558257104952
6350.3			1.0007720030058511
6351.200000000001			1.0
6352.1			1.0
6353.0			1.0285010616384251
6353.9			0.9810644620011253
6354.8			0.9274616903144574
6355.700000000001			0.9181130995446578
6356.6			0.9147780920884502
6357.5			0.8932581767740914
6358.4			0.907833589459036
6359.3			0.9681180902288634
6360.200000000001			1.0151438712696026
6361.1			1.0207957886384404
6362.0			0.9951611524471876
6362.9			1.0
6363.8			1.0
6364.700000000001			1.0
6365.6			1.0
6366.5			1.0
6367.4			1.0
6368.3			1.0
6369.200000000001			1.0
6370.1			1.0
6371.0			1.0
6371.9			1.0
6372.8			1.0
6373.700000000001			1.0
6374.6			1.0
6375.5			0.9891902421610801
6376.4			0.9591317624181015
6377.3			0.9340815048920381
6378.200000000001			0.9147245154005421
6379.1			0.8633946940435825
6380.0			0.8353317985435743
6380.9			0.8871093934876361
6381.8			0.9491980232824835
6382.700000000001			0.9565113812820994
6383.6			0.9702799050279017
6384.5			1.0035278456055965
6385.4			1.0
6386.3			1.0
6387.200000000001			1.0
6388.1			1.0202216361392697
6389.0			1.0472001510051014
6389.9			1.081679384698757
6390.8			1.0742856606570028
6391.700000000001			1.0424495508555345
6392.6			1.0192255458089101
6393.5			0.9771830319293585
6394.4			0.9377311762915232
6395.3			0.9307773564638866
6396.200000000001			0.9475478650264919
6397.1			0.970255403980099
6398.0			0.9574223612959567
6398.9			0.9406682061208272
6399.8			0.9705194572949303
6400.700000000001			0.9872786047670535
6401.6			0.9858939640133572
6402.5			0.9990935749076957
6403.4			1.0
6404.3			1.0
6405.200000000001			1.0
6406.1			1.0
6407.0			1.0
6407.9			1.0
6408.8			1.0
6409.700000000001			1.0
6410.6			1.0
6411.5			1.0
6412.4			1.0
6413.3			1.0
6414.200000000001			1.0
6415.1			1.0
6416.0			1.0
6416.9			1.0
6417.8			1.0
6418.700000000001			1.0
6419.6			1.0
6420.5			1.0
6421.4			1.0
6422.3			1.0
6423.200000000001			1.0
6424.1			1.0
6425.0			1.0
6425.9			1.0
6426.8			1.0
6427.700000000001			1.0
6428.6			1.054080214735507
6429.5			1.0413066038478795
6430.4			0.9477230742992502
6431.3			0.894283089797887
6432.200000000001			0.9381278031387944
6433.1			0.9688042105221255
6434.0			0.9999641509777962
6434.9			1.0
6435.8			1.0
6436.700000000001			1.0
6437.6			1.0
6438.5			1.0
6439.4			1.0
6440.3			1.0
6441.200000000001			1.0
6442.1			1.0
6443.0			1.0
6443.9			1.0
6444.8			1.0
6445.700000000001			1.0
6446.6			1.0
6447.5			1.0
6448.4			1.0
6449.3			1.0
6450.200000000001			1.0
6451.1			1.0
6452.0			1.0
6452.9			1.0
6453.8			1.0
6454.700000000001			0.9944044281336337
6455.6			1.0036510031018993
6456.5			0.9751057913560806
6457.4			0.9185770564827943
6458.3			0.8764949221559095
6459.200000000001			0.8800857192856827
6460.1			0.9187258665801058
6461.0			0.9707086315625132
6461.9			1.000333193129906
6462.8			1.0
6463.700000000001			1.0
6464.6			1.0
6465.5			1.0
6466.4			1.0
6467.3			1.0
6468.200000000001			1.0
6469.1			1.0
6470.0			1.0
6470.9			1.0
6471.8			0.9887842166332297
6472.700000000001			0.939619753565301
6473.6			0.8666771431746297
6474.5			0.8275614745464621
6475.4			0.8777746686192923
6476.3			0.9523456445670535
6477.200000000001			1.0053050166588937
6478.1			1.0
6479.0			1.0
6479.9			1.0
6480.8			1.0
6481.700000000001			1.0
6482.6			1.0
6483.5			1.0
6484.4			1.0
6485.3			1.0
6486.200000000001			1.0
6487.1			1.0
6488.0			1.0
6488.9			1.0
6489.8			1.0
6490.700000000001			1.0
6491.6			1.0
6492.5			1.0
6493.4			1.0
6494.3			1.0
6495.200000000001			1.0
6496.1			1.0
6497.0			1.0
6497.9			1.0
6498.8			1.0
6499.700000000001			1.0
6500.6			1.0
6501.5			1.0
6502.4			1.0
6503.3			1.0
6504.200000000001			1.0
6505.1			1.0
6506.0			1.0
6506.9			1.0
6507.8			1.0
6508.700000000001			1.0
6509.6			1.0
6510.5			1.0
6511.4			1.0
6512.3			1.0
6513.200000000001			1.0
6514.1			1.0
6515.0			0.9774709237467594
6515.9			0.9411531384562918
6516.8			0.949328385277009
6517.700000000001			0.9769205147013965
6518.6			0.9805901273169962
6519.5			0.9271765782938779
6520.4			0.881629607357613
6521.3			0.9191006767214721
6522.200000000001			0.945441213438622
6523.1			0.918065081850219
6524.0			0.9195218875770494
6524.9			0.957548124257005
6525.8			0.9980621768145982
6526.700000000001			1.0
6527.6			1.0
6528.5			1.0
6529.4			1.0
6530.3			1.0
6531.200000000001			1.0
6532.1			1.0
6533.0			1.0
6533.9			0.9682784399976704
6534.8			0.871983728396881
6535.700000000001			0.8368882659871535
6536.6			0.9150009858447672
6537.5			1.0024144577124385
6538.4			1.0
6539.3			1.0
6540.200000000001			1.0
6541.1			1.0
6542.0			1.0
6542.9			1.0
6543.8			1.0
6544.700000000001			1.0
6545.6			1.0
6546.5			1.0
6547.4			1.0
6548.3			1.0
6549.200000000001			1.0
6550.1			1.0
6551.0			1.0
6551.9			1.0
6552.8			1.0
6553.700000000001			1.0
6554.6			1.0
6555.5			1.0
6556.4			1.0
6557.3			1.0
6558.200000000001			1.0
6559.1			1.0
6560.0			1.0
6560.9			1.0
6561.8			1.0
6562.700000000001			0.9694865117486339
6563.6			0.9675700016147165
6564.5			0.9218723563668896
6565.4			0.8107321108924966
6566.3			0.6610582868156322
6567.200000000001			0.5451215649346733
6568.1			0.5839233790965659
6569.0			0.799790458749471
6569.9			0.9767804278352988
6570.8			1.0077430703941248
6571.700000000001			1.0006870632330491
6572.6			1.0
6573.5			1.0
6574.4			1.0
6575.3			1.0
6576.200000000001			1.0
6577.1			1.0
6578.0			1.0
6578.9			1.0
6579.8			1.0
6580.700000000001			1.0
6581.6			1.0
6582.5			1.0
6583.4			1.0
6584.3			1.0
6585.200000000001			1.010879024441637
6586.1			0.979817724185117
6587.0			0.9382409527598341
6587.9			0.9128729430003071
6588.8			0.9007547895838983
6589.700000000001			0.9211399164081842
6590.6			0.8987504721141694
6591.5			0.8254406043692111
6592.4			0.8605780115196615
6593.3			0.9492429938686239
6594.200000000001			0.9759672094955673
6595.1			0.9828779677895987
6596.0			0.9901771211277713
6596.9			0.983223452309678
6597.8			0.9979654046850109
6598.700000000001			1.0
6599.6			1.0
6600.5			1.0
6601.4			1.0
6602.3			1.0
6603.200000000001			1.0
6604.1			1.0
6605.0			1.0
6605.9			1.0
6606.8			1.0
6607.700000000001			1.0
6608.6			1.0
6609.5			1.0
6610.4			1.0
6611.3			1.0
6612.200000000001			0.9752396292634459
6613.1			0.9355395844581996
6614.0			0.9167887247914247
6614.9			0.8822169676339825
6615.8			0.8404379938106344
6616.700000000001			0.8527724874320229
6617.6			0.8994743194484671
6618.5			0.9589205831316571
6619.4			1.0001649897488933
6620.3			1.0
6621.200000000001			1.0
6622.1			1.0
6623.0			1.0
6623.9			1.0
6624.8			0.9502602296196366
6625.700000000001			0.8407991528243537
6626.6			0.835046546321975
6627.5			0.9250975835808387
6628.4			0.9978046948014908
6629.3			1.0
6630.200000000001			1.0
6631.1			1.0
6632.0			1.0
6632.9			1.0
6633.8			1.0
6634.700000000001			1.0
6635.6			1.0
6636.5			1.0
6637.4			1.0
6638.3			1.0
6639.200000000001			1.0
6640.1			1.0
6641.0			1.041490846871317
6641.9			1.0307553683569426
6642.8			0.9858126272799187
6643.700000000001			0.9931199567707635
6644.6			0.964600381560383
6645.5			0.9049083993431081
6646.4			0.9013381952849621
6647.3			0.914606585286514
6648.200000000001			0.9132224579556218
6649.1			0.956602360440528
6650.0			0.9942030221268547
6650.9			1.0
6651.8			1.0
6652.700000000001			1.0
6653.6			1.0
6654.5			1.0
6655.4			1.0
6656.3			1.0
6657.200000000001			1.0
6658.1			0.9912264126721556
6659.0			0.9625559326617844
6659.9			0.9526782574472388
6660.8			0.9506306576015467
6661.700000000001			0.9306873921722933
6662.6			0.931087613353874
6663.5			0.9439965039224936
6664.4			0.9227751826137797
6665.3			0.9028496420056984
6666.200000000001			0.9294975987285407
6667.1			0.943252301807706
6668.0			0.8975259511498531
6668.9			0.8935002200499172
6669.8			0.909565364444368
6670.700000000001			0.9027662760204568
6671.6			0.9123632764466926
6672.5			0.9404528008352596
6673.4			0.9215271970851772
6674.3			0.9203132181502965
6675.200000000001			0.9440362344600427
6676.1			0.9014692706858849
6677.0			0.8708509943163846
6677.9			0.9199448870929158
6678.8			0.9788728391319081
6679.700000000001			1.0156946128187223
6680.6			1.0080139132191195
6681.5			0.9810760445231033
6682.4			1.0
6683.3			0.9868728200123946
6684.200000000001			1.0200575347905054
6685.1			0.9549972364334154
6686.0			0.8521158011774044
6686.9			0.8519146556486658
6687.8			0.9079373457374493
6688.700000000001			1.0009510934444246
6689.6			1.0353694016148416
6690.5			0.9648239749054965
6691.4			0.9171715367147485
6692.3			0.930947178659793
6693.200000000001			0.9590949314700467
6694.1			0.9605181048673073
6695.0			0.9770255368020236
6695.9			0.999528775906898
6696.8			1.0
6697.700000000001			1.0
6698.6			1.0
6699.5			1.0
6700.4			1.0
6701.3			1.0
6702.200000000001			1.0
6703.1			1.0
6704.0			1.0316770737870065
6704.9			1.060997821825355
6705.8			1.0182284476873362
6706.700000000001			0.9769705213481591
6707.6			0.9907960858852443
6708.5			1.0392597161097894
6709.4			1.0441075592998807
6710.3			0.9722318791702905
6711.200000000001			0.9180747260752795
6712.1			0.9250508120822777
6713.0			0.9642441823076311
6713.9			0.9812086638281377
6714.8			0.9754954509444833
6715.700000000001			0.9518951404685901
6716.6			0.9210026699993233
6717.5			0.940127561358862
6718.4			1.0002392833548621
6719.3			1.0
6720.200000000001			1.0
6721.1			1.0
6722.0			1.0
6722.9			1.0
6723.8			1.0
6724.700000000001			1.0254500592248355
6725.6			1.0769457317480173
6726.5			1.0405041541233324
6727.4			0.9310696163406422
6728.3			0.8724209940577623
6729.200000000001			0.9041829170694888
6730.1			0.9610257236783292
6731.0			1.0074154886794047
6731.9			1.0010815625534215
6732.8			1.0
6733.700000000001			1.0
6734.6			1.0
6735.5			1.0
6736.4			1.0
6737.3			1.0
6738.200000000001			1.0
6739.1			1.0
6740.0			1.0
6740.9			1.0
6741.8			1.0
6742.700000000001			1.0
6743.6			1.0
6744.5			1.0
6745.4			1.0
6746.3			1.0
6747.200000000001			1.0
6748.1			1.0
6749.0			1.0
6749.9			1.0
6750.8			1.0
6751.700000000001			1.0
6752.6			1.0
6753.5			1.0
6754.4			1.0
6755.3			1.0
6756.200000000001			1.0
6757.1			1.0
6758.0			1.0
6758.9			0.9692886330003171
6759.8			0.952309285756546
6760.700000000001			0.9922699880579411
6761.6			0.9991484139467806
6762.5			0.928774600639081
6763.4			0.881596148973358
6764.3			0.8953004190357973
6765.200000000001			0.881402214592738
6766.1			0.8627388368363437
6767.0			0.9215694182450461
6767.9			0.9599957933742541
6768.8			0.9327556027235884
6769.700000000001			0.953118239424519
6770.6			0.9990520723799156
6771.5			1.0059947011918118
6772.4			0.9996334130610146
6773.3			0.9996502932622826
6774.200000000001			1.0
6775.1			1.0
6776.0			1.0
6776.9			1.0
6777.8			1.0
6778.700000000001			1.0
6779.6			1.0
6780.5			1.0
6781.4			1.0
6782.3			1.0
6783.200000000001			1.0
6784.1			0.9463356138886949
6785.0			0.9256315960372569
6785.9			0.896168339336127
6786.8			0.8623229686263186
6787.700000000001			0.8766358469172104
6788.6			0.9632310198214203
6789.5			0.9974405123998105
6790.4			1.0
6791.3			1.0
6792.200000000001			1.0
6793.1			1.0
6794.0			1.0004711379784743
6794.9			1.0677206130229768
6795.8			1.0948012010637609
6796.700000000001			1.0362678800511698
6797.6			0.9589883966014734
6798.5			0.9424944451921241
6799.4			0.9475870588705746
6800.3			0.9632744664211695
6801.200000000001			0.9677381881072952
6802.1			0.9952173105552158
6803.0			1.0016673435133707
6803.9			1.0
6804.8			1.0
6805.700000000001			1.0
6806.6			1.0
6807.5			1.0
6808.4			1.0
6809.3			1.0
6810.200000000001			1.0
6811.1			1.0
6812.0			1.0
6812.9			0.9632086308378676
6813.8			0.9384796466737296
6814.700000000001			0.9388971047358355
6815.6			0.9304456463679296
6816.5			0.8814586783509611
6817.4			0.8631930662556307
6818.3			0.9042101143995288
6819.200000000001			0.9152568603183971
6820.1			0.9457706704230298
6821.0			0.9708873187973097
6821.9			0.998939170111373
6822.8			1.0
6823.700000000001			1.0
6824.6			1.0
6825.5			1.0
6826.4			1.0
6827.3			1.0
6828.200000000001			1.0237200829557822
6829.1			0.9951830625855268
6830.0			0.9528680474144142
6830.9			1.0096128069030526
6831.8			1.0265837917014178
6832.700000000001			0.9361349091560474
6833.6			0.8991294917385704
6834.5			0.9075279017496087
6835.4			0.8709148244006918
6836.3			0.8968547343754969
6837.200000000001			0.9117785554214783
6838.1			0.8845677562888108
6839.0			0.8960195192534511
6839.9			0.9607596326425506
6840.8			0.9607897186621951
6841.700000000001			0.9603345575189506
6842.6			1.0175041457687524
6843.5			1.096351245673006
6844.4			1.0
6845.3			0.9980535322936812
6846.200000000001			0.9226429147367096
6847.1			0.8482679945982505
6848.0			0.8386414364680279
6848.9			0.8809432233438041
6849.8			0.9644008009128787
6850.700000000001			1.0000310265679155
6851.6			1.0
6852.5			1.0
6853.4			1.0
6854.3			1.0
6855.200000000001			1.0
6856.1			1.0
6857.0			1.0
6857.9			1.0396248060441722
6858.8			1.064911028044782
6859.700000000001			0.9919539197610479
6860.6			0.8995190911606196
6861.5			0.9497061442210073
6862.4			1.0141007305557883
6863.3			1.0024789611138156
6864.200000000001			1.0
6865.1			1.0
6866.0			1.0
6866.9			1.0
6867.8			1.0335755646611275
6868.700000000001			1.133630782394337
6869.6			1.0946984553508778
6870.5			0.9407801539101788
6871.4			0.874613857012674
6872.3			0.920130061946922
6873.200000000001			0.9440959427014097
6874.1			0.9786543767364038
6875.0			1.0028212233268232
6875.9			1.0
6876.8			1.0
6877.700000000001			1.0
6878.6			1.0
6879.5			1.0
6880.4			1.0218245089526539
6881.3			0.9715922076220974
6882.200000000001			0.898248982832309
6883.1			0.9628906593910156
6884.0			1.0056069816013489
6884.9			1.0
6885.8			1.0
6886.700000000001			1.0
6887.6			1.0
6888.5			1.0
6889.4			1.0
6890.3			1.1094721208581095
6891.200000000001			1.1235961172637512
6892.1			1.026694073676054
6893.0			0.9727902886341407
6893.9			0.9437085280180793
6894.8			0.9081968715930071
6895.700000000001			0.9080756941391832
6896.6			0.9292515999315154
6897.5			0.9575809379920636
6898.4			1.0050184487480331
6899.3			1.0
6900.200000000001			0.9424217403563573
6901.1			0.8391741154610369
6902.0			0.815253169076541
6902.9			0.8210009740918507
6903.8			0.8573918687910208
6904.700000000001			0.8599167709927565
6905.6			0.8288386179824196
6906.5			0.8708552176336436
6907.4			0.966952052787586
6908.3			0.9989574010729156
6909.200000000001			1.0040831511611223
6910.1			1.000519033863434
6911.0			1.0
6911.9			1.000441016260587
6912.8			0.957578712840193
6913.700000000001			0.8867489595908563
6914.6			0.8798985272005485
6915.5			0.9476017845166504
6916.4			0.9725022598012059
6917.3			0.9970628728695065
6918.200000000001			1.0
6919.1			1.0
6920.0			1.0
6920.9			1.0
6921.8			1.0
6922.700000000001			1.0
6923.6			1.0
6924.5			1.0
6925.4			1.0
6926.3			1.0
6927.200000000001			1.0
6928.1			1.0
6929.0			1.0
6929.9			1.0
6930.8			1.0
6931.700000000001			1.0
6932.6			1.0
6933.5			1.0
6934.4			1.0
6935.3			1.0
6936.200000000001			1.0
6937.1			1.0
6938.0			1.0054285483378003
6938.9			1.0468808336757733
6939.8			1.0701037054312597
6940.700000000001			1.0138434437207307
6941.6			0.9846673492606307
6942.5			0.9873179806062475
6943.4			0.9677214687315897
6944.3			0.9415486570051359
6945.200000000001			0.900254723750102
6946.1			0.9006372249499479
6947.0			0.9534906757486318
6947.9			0.9714469059582251
6948.8			1.0050515821543604
6949.700000000001			1.0
6950.6			0.9625790051403443
6951.5			0.9407543002965542
6952.4			1.0143287785301769
6953.3			1.065437570009254
6954.200000000001			1.0015925022155594
6955.1			0.9238617996176992
6956.0			0.9349666247047351
6956.9			0.9547139459327214
6957.8			0.9387172517967484
6958.700000000001			0.9161763146256524
6959.6			0.9391553523284986
6960.5			0.9856193017632224
6961.4			0.9871454700445531
6962.3			1.0152413861376488
6963.200000000001			1.0605437084456102
6964.1			1.0364147810144113
6965.0			1.006489928588202
6965.9			0.9942534581838371
6966.8			0.9972170257838586
6967.700000000001			1.0
6968.6			1.0
6969.5			1.0
6970.4			1.0
6971.3			1.0
6972.200000000001			1.0
6973.1			1.0
6974.0			1.0
6974.9			1.0
6975.8			1.0
6976.700000000001			1.0
6977.6			1.0
6978.5			1.0
6979.4			1.0
6980.3			1.0
6981.200000000001			1.0
6982.1			1.0
6983.0			1.0
6983.9			1.0
6984.8			1.0
6985.700000000001			1.0
6986.6			1.0
6987.5			1.0
6988.4			1.0
6989.3			1.0
6990.200000000001			1.0
6991.1			1.0
6992.0			1.0
6992.9			1.0
6993.8			1.0
6994.700000000001			1.0
6995.6			1.0
6996.5			1.0
6997.4			1.0
6998.3			1.0
6999.200000000001			1.0
7000.1			1.0
7001.0			1.0
7001.9			1.0
7002.8			1.0
7003.700000000001			1.0
7004.6			1.0
7005.5			1.0
7006.4			1.0
7007.3			1.0
7008.200000000001			1.0
7009.1			1.0
7010.0			1.0
7010.9			1.0
7011.8			1.0
7012.700000000001			1.0
7013.6			1.0
7014.5			1.0
7015.4			1.0
7016.3			1.0
7017.200000000001			1.0
7018.1			1.0
7019.0			1.0
7019.9			1.0
7020.8			1.0
7021.700000000001			1.0
7022.6			1.0
7023.5			1.0
7024.4			1.0
7025.3			1.0
7026.200000000001			1.0
7027.1			1.0
7028.0			1.0
7028.9			1.0
7029.8			1.0
7030.700000000001			1.0
7031.6			1.0
7032.5			1.0
7033.4			1.0
7034.3			1.0
7035.200000000001			1.0
7036.1			1.0
7037.0			1.0
7037.9			1.0
7038.8			1.0
7039.700000000001			1.0
7040.6			1.0
7041.5			1.0
7042.4			1.0
7043.3			1.0
7044.200000000001			1.0
7045.1			1.0
7046.0			1.0
7046.9			1.0
7047.8			1.0
7048.700000000001			1.0
7049.6			1.0
7050.5			1.0
7051.4			1.0
7052.3			1.0
7053.200000000001			1.0
7054.1			1.0
7055.0			1.0
7055.9			1.0
7056.8			1.0
7057.700000000001			1.0
7058.6			1.0
7059.5			1.0
7060.4			1.0
7061.3			1.0
7062.200000000001			1.0
7063.1			1.0
7064.0			1.0
7064.9			1.0
7065.8			1.0
7066.700000000001			1.0
7067.6			1.0
7068.5			1.0
7069.4			1.0
7070.3			1.0
7071.200000000001			1.0
7072.1			1.0
7073.0			1.0
7073.9			1.0
7074.8			1.0
7075.700000000001			1.0
7076.6			1.0
7077.5			1.0
7078.4			1.0
7079.3			1.0
7080.200000000001			1.0
7081.1			1.0
7082.0			1.0
7082.9			1.0
7083.8			1.0
7084.700000000001			1.0
7085.6			1.0
7086.5			1.0
7087.4			1.0
7088.3			1.0
7089.200000000001			1.0
7090.1			1.0
7091.0			1.0
7091.9			1.0
7092.8			1.0
7093.700000000001			1.0
7094.6			1.0
7095.5			1.0
7096.4			1.0
7097.3			1.0
7098.200000000001			1.0
7099.1			1.0
7100.0			1.0
7100.9			1.0
7101.8			1.0
7102.700000000001			1.0
7103.6			1.0
7104.5			1.0
7105.4			1.0
7106.3			1.0
7107.200000000001			1.0
7108.1			1.0
7109.0			1.0
7109.9			1.0
7110.8			1.0
7111.700000000001			1.0
7112.6			1.0
7113.5			1.0
7114.4			1.0
7115.3			1.0
7116.200000000001			1.0
7117.1			1.0
7118.0			1.0
7118.9			1.0
7119.8			1.0
7120.700000000001			1.0
7121.6			1.0
7122.5			1.0
7123.4			1.0
7124.3			1.0
7125.200000000001			1.0
7126.1			1.0
7127.0			1.0
7127.9			1.0
7128.8			1.0
7129.700000000001			1.0
7130.6			1.0
7131.5			1.0
7132.4			1.0
7133.3			1.0
7134.200000000001			1.0
7135.1			1.0
7136.0			1.0
7136.9			1.0
7137.8			1.0
7138.700000000001			1.0
7139.6			1.0
7140.5			1.0
7141.4			1.0
7142.3			1.0
7143.200000000001			1.0
7144.1			1.0
7145.0			1.0
7145.9			1.0
7146.8			1.0
7147.700000000001			1.0
7148.6			1.0
7149.5			1.0
7150.4			1.0
7151.3			1.0
7152.200000000001			1.0
7153.1			1.0
7154.0			1.0
7154.9			1.0
7155.8			1.0
7156.700000000001			1.0
7157.6			1.0
7158.5			1.0
7159.4			1.0
7160.3			1.0
7161.200000000001			1.0
7162.1			1.0
7163.0			1.0
7163.9			1.0
7164.8			1.0
7165.700000000001			1.0
7166.6			1.0
7167.5			1.0
7168.4			1.0
7169.3			1.0
7170.200000000001			1.0
7171.1			1.0
7172.0			1.0
7172.9			1.0
7173.8			1.0
7174.700000000001			1.0
7175.6			1.0
7176.5			1.0
7177.4			1.0
7178.3			1.0
7179.200000000001			1.0
7180.1			1.0
7181.0			1.0
7181.9			1.0
7182.8			1.0
7183.700000000001			1.0
7184.6			1.0
7185.5			1.0
7186.4			1.0
7187.3			1.0
7188.200000000001			1.0
7189.1			1.0
7190.0			1.0
7190.9			1.0
7191.8			1.0
7192.700000000001			1.0
7193.6			1.0
7194.5			1.0
7195.4			1.0
7196.3			1.0
7197.200000000001			1.0
7198.1			1.0
7199.0			1.0
7199.9			1.0
7200.8			1.0
7201.700000000001			1.0
7202.6			1.0
7203.5			1.0
7204.4			1.0
7205.3			1.0
7206.200000000001			1.0
7207.1			1.0
7208.0			1.0
7208.9			1.0
7209.8			1.0
7210.700000000001			1.0
7211.6			1.0
7212.5			1.0
7213.4			1.0
7214.3			1.0
7215.200000000001			1.0
7216.1			1.0
7217.0			1.0
7217.9			1.0
7218.8			1.0
7219.700000000001			1.0
7220.6			1.0
7221.5			1.0
7222.4			1.0
7223.3			1.0
7224.200000000001			1.0
7225.1			1.0
7226.0			1.0
7226.9			1.0
7227.8			1.0
7228.700000000001			1.0
7229.6			1.0
7230.5			1.0
7231.4			1.0
7232.3			1.0
7233.200000000001			1.0
7234.1			1.0
7235.0			1.0
7235.9			1.0
7236.8			1.0
7237.700000000001			1.0
7238.6			1.0
7239.5			1.0
7240.4			1.0
7241.3			1.0
7242.200000000001			1.0
7243.1			1.0
7244.0			1.0
7244.9			1.0
7245.8			1.0
7246.700000000001			1.0
7247.6			1.0
7248.5			1.0
7249.4			1.0
7250.3			1.0
7251.200000000001			1.0
7252.1			1.0
7253.0			1.0
7253.9			1.0
7254.8			1.0
7255.700000000001			1.0
7256.6			1.0
7257.5			1.0
7258.4			1.0
7259.3			1.0
7260.200000000001			1.0
7261.1			1.0
7262.0			1.0
7262.9			1.0
7263.8			1.0
7264.700000000001			1.0
7265.6			1.0
7266.5			1.0
7267.4			1.0
7268.3			1.0
7269.200000000001			1.0
7270.1			1.0
7271.0			1.0
7271.9			1.0
7272.8			1.0
7273.700000000001			1.0
7274.6			1.0
7275.5			1.0
7276.4			1.0
7277.3			1.0
7278.200000000001			1.0
7279.1			1.0
7280.0			1.0
7280.9			1.0
7281.8			1.0
7282.700000000001			1.0
7283.6			1.0
7284.5			1.0
7285.4			1.0
7286.3			1.0
7287.200000000001			1.0
7288.1			1.0
7289.0			1.0
7289.9			1.0
7290.8			1.0
7291.700000000001			1.0
7292.6			1.0
7293.5			1.0
7294.4			1.0
7295.3			1.0
7296.200000000001			1.0
7297.1			1.0
7298.0			1.0
7298.9			1.0
7299.8			1.0
7300.700000000001			1.0
7301.6			1.0
7302.5			1.0
7303.4			1.0
7304.3			1.0
7305.200000000001			1.0
7306.1			1.0
7307.0			1.0
7307.9			1.0
7308.8			1.0
7309.700000000001			1.0
7310.6			1.0
7311.5			1.0
7312.4			1.0
7313.3			1.0
7314.200000000001			1.0
7315.1			1.0
7316.0			1.0
7316.9			1.0
7317.8			1.0
7318.700000000001			1.0
7319.6			1.0
7320.5			1.0
7321.4			1.0
7322.3			1.0
7323.200000000001			1.0
7324.1			1.0
7325.0			1.0
7325.9			1.0
7326.8			1.0
7327.700000000001			1.0
7328.6			1.0
7329.5			1.0
7330.4			1.0
7331.3			1.0
7332.200000000001			1.0
7333.1			1.0
7334.0			1.0
7334.9			1.0
7335.8			1.0
7336.700000000001			1.0
7337.6			1.0
7338.5			1.0
7339.4			1.0
7340.3			1.0
7341.200000000001			1.0
7342.1			1.0
7343.0			1.0
7343.9			1.0
7344.8			1.0
7345.700000000001			1.0
7346.6			1.0
7347.5			1.0
7348.4			1.0
7349.3			1.0
7350.200000000001			1.0
7351.1			1.0
7352.0			1.0
7352.9			1.0
7353.8			1.0
7354.700000000001			1.0
7355.6			1.0
7356.5			1.0
7357.4			1.0
7358.3			1.0
7359.200000000001			1.0
7360.1			1.0
7361.0			1.0
7361.9			1.0
7362.8			1.0
7363.700000000001			1.0
7364.6			1.0
7365.5			1.0
7366.4			1.0
7367.3			1.0
7368.200000000001			1.0
7369.1			1.0
7370.0			1.0
7370.9			1.0
7371.8			1.0
7372.700000000001			1.0
7373.6			1.0
7374.5			1.0
7375.4			1.0
7376.3			1.0
7377.200000000001			1.0
7378.1			1.0
7379.0			1.0
7379.9			1.0
7380.8			1.0
7381.700000000001			1.0
7382.6			1.0
7383.5			1.0
7384.4			1.0
7385.3			1.0
7386.200000000001			1.0
7387.1			1.0
7388.0			1.0
7388.9			1.0
7389.8			1.0
7390.700000000001			1.0
7391.6			1.0
7392.5			1.0
7393.4			1.0
7394.3			1.0
7395.200000000001			1.0
7396.1			1.0
7397.0			1.0
7397.9			1.0
7398.8			1.0
7399.700000000001			1.0
7400.6			1.0
7401.5			1.0
7402.4			1.0
7403.3			1.0
7404.200000000001			1.0
7405.1			1.0
7406.0			1.0
7406.9			1.0
7407.8			1.0
7408.700000000001			1.0
7409.6			1.0
7410.5			1.0
7411.4			1.0
7412.3			1.0
7413.200000000001			1.0
7414.1			1.0
7415.0			1.0
7415.9			1.0
7416.8			1.0
7417.700000000001			1.0
7418.6			1.0
7419.5			1.0
7420.4			1.0
7421.3			1.0
7422.200000000001			1.0
7423.1			1.0
7424.0			1.0
7424.9			1.0
7425.8			1.0
7426.700000000001			1.0
7427.6			1.0
7428.5			1.0
7429.4			1.0
