3500.0			1.0
3500.9			1.0
3501.8			1.0
3502.7			1.0
3503.6			1.0
3504.5			1.0
3505.4			1.0
3506.3			1.0
3507.2			1.0
3508.1			1.0
3509.0			1.0
3509.9			1.0
3510.8			1.0
3511.7			1.0
3512.6			1.0
3513.5			1.0
3514.4			1.0
3515.3			1.0
3516.2			1.0
3517.1			1.0
3518.0			1.0
3518.9			1.0
3519.8			1.0
3520.7			1.0
3521.6			1.0
3522.5			1.0
3523.4			1.0
3524.3			1.0
3525.2			1.0
3526.1			1.0
3527.0			1.0
3527.9			1.0
3528.8			1.0
3529.7			1.0
3530.6			1.0
3531.5			1.0
3532.4			1.0
3533.3			1.0
3534.2			1.0
3535.1			1.0
3536.0			1.0
3536.9			1.0
3537.8			1.0
3538.7			1.0
3539.6			1.0
3540.5			1.0
3541.4			1.0
3542.3			1.0
3543.2			1.0
3544.1			1.0
3545.0			1.0
3545.9			1.0
3546.8			1.0
3547.7			1.0
3548.6			1.0
3549.5			1.0
3550.4			1.0
3551.3			1.0
3552.2			1.0
3553.1			1.0
3554.0			1.0
3554.9			1.0
3555.8			1.0
3556.7			1.0
3557.6			1.0
3558.5			1.0
3559.4			1.0
3560.3			1.0
3561.2			1.0
3562.1			1.0
3563.0			1.0
3563.9			1.0
3564.8			1.0
3565.7			1.0
3566.6			1.0
3567.5			1.0
3568.4			1.0
3569.3			1.0
3570.2			1.0
3571.1			1.0
3572.0			1.0
3572.9			1.0
3573.8			1.0
3574.7			1.0
3575.6			1.0
3576.5			1.0
3577.4			1.0
3578.3			1.0
3579.2			1.0
3580.1			1.0
3581.0			1.0
3581.9			1.0
3582.8			1.0
3583.7			1.0
3584.6			1.0
3585.5			1.0
3586.4			1.0
3587.3			1.0
3588.2			1.0
3589.1			1.0
3590.0			1.0
3590.9			1.0
3591.8			1.0
3592.7			1.0
3593.6			1.0
3594.5			1.0
3595.4			1.0
3596.3			1.0
3597.2			1.0
3598.1			1.0
3599.0			1.0
3599.9			1.0
3600.8			1.0
3601.7			1.0
3602.6			1.0
3603.5			1.0
3604.4			1.0
3605.3			1.0
3606.2			1.0
3607.1			1.0
3608.0			1.0
3608.9			1.0
3609.8			1.0
3610.7			1.0
3611.6			1.0
3612.5			1.0
3613.4			1.0
3614.3			1.0
3615.2			1.0
3616.1			1.0
3617.0			1.0
3617.9			1.0
3618.8			1.0
3619.7			1.0
3620.6			1.0
3621.5			1.0
3622.4			1.0
3623.3			1.0
3624.2			1.0
3625.1			1.0
3626.0			1.0
3626.9			1.0
3627.8			1.0
3628.7			1.0
3629.6			1.0
3630.5			1.0
3631.4			1.0
3632.3			1.0
3633.2			1.0
3634.1			1.0
3635.0			1.0
3635.9			1.0
3636.8			1.0
3637.7			1.0
3638.6			1.0
3639.5			1.0
3640.4			1.0
3641.3			1.0
3642.2			1.0
3643.1			1.0
3644.0			1.0
3644.9			1.0
3645.8			1.0
3646.7			1.0
3647.6			1.0
3648.5			1.0
3649.4			1.0
3650.3			1.0
3651.2			1.0
3652.1			1.0
3653.0			1.0
3653.9			1.0
3654.8			1.0
3655.7			1.0
3656.6			1.0
3657.5			1.0
3658.4			1.0
3659.3			1.0
3660.2			1.0
3661.1			1.0
3662.0			1.0
3662.9			1.0
3663.8			1.0
3664.7			1.0
3665.6			1.0
3666.5			1.0
3667.4			1.0
3668.3			1.0
3669.2			1.0
3670.1			1.0
3671.0			1.0
3671.9			1.0
3672.8			1.0
3673.7			1.0
3674.6			1.0
3675.5			1.0
3676.4			1.0
3677.3			1.0
3678.2			1.0
3679.1			1.0
3680.0			1.0
3680.9			1.0
3681.8			1.0
3682.7			1.0
3683.6			1.0
3684.5			1.0
3685.4			1.0
3686.3			1.0
3687.2			1.0
3688.1			1.0
3689.0			1.0
3689.9			1.0
3690.8			1.0
3691.7			1.0
3692.6			1.0
3693.5			1.0
3694.4			1.0
3695.3			1.0
3696.2			1.0
3697.1			1.0
3698.0			1.0
3698.9			1.0
3699.8			1.0
3700.7			1.0
3701.6			1.0
3702.5			1.0
3703.4			1.0
3704.3			1.0
3705.2			1.0
3706.1			1.0
3707.0			1.0
3707.9			1.0
3708.8			1.0
3709.7			1.0
3710.6			1.0
3711.5			1.0
3712.4			1.0
3713.3			1.0
3714.2			1.0
3715.1			1.0
3716.0			1.0
3716.9			1.0
3717.8			1.0
3718.7			1.0
3719.6			1.0
3720.5			1.0
3721.4			1.0
3722.3			1.0
3723.2			1.0
3724.1			1.0
3725.0			1.0
3725.9			1.0
3726.8			1.0
3727.7			1.0
3728.6			1.0
3729.5			1.0
3730.4			1.0
3731.3			1.0
3732.2			1.0
3733.1			1.0
3734.0			1.0
3734.9			1.0
3735.8			1.0
3736.7			1.0
3737.6			1.0
3738.5			1.0
3739.4			1.0
3740.3			1.0
3741.2			1.0
3742.1			1.0
3743.0			1.0
3743.9			1.0
3744.8			1.0
3745.7			1.0
3746.6			1.0
3747.5			1.0
3748.4			1.0
3749.3			1.0
3750.2			1.0
3751.1			1.0
3752.0			1.0
3752.9			1.0
3753.8			1.0
3754.7			1.0
3755.6			1.0
3756.5			1.0
3757.4			1.0
3758.3			1.0
3759.2			1.0
3760.1			1.0
3761.0			1.0
3761.9			1.0
3762.8			1.0
3763.7			1.0
3764.6			1.0
3765.5			1.0
3766.4			1.0
3767.3			1.0
3768.2			1.0
3769.1			1.0
3770.0			1.0
3770.9			1.0
3771.8			1.0
3772.7			1.0
3773.6			1.0
3774.5			1.0
3775.4			1.0
3776.3			1.0
3777.2			1.0
3778.1			1.0
3779.0			1.0
3779.9			1.0
3780.8			1.0
3781.7			1.0
3782.6			1.0
3783.5			1.0
3784.4			1.0
3785.3			1.0
3786.2			1.0
3787.1			1.0
3788.0			1.0
3788.9			1.0
3789.8			1.0
3790.7			1.0
3791.6			1.0
3792.5			1.0
3793.4			1.0
3794.3			1.0
3795.2			1.0
3796.1			1.0
3797.0			1.0
3797.9			1.0
3798.8			1.0
3799.7			1.0
3800.6			1.0
3801.5			1.0
3802.4			1.0
3803.3			1.0
3804.2			1.0
3805.1			1.0
3806.0			1.0
3806.9			1.0
3807.8			1.0
3808.7			1.0
3809.6			1.0
3810.5			1.0
3811.4			1.0
3812.3			1.0
3813.2			1.0
3814.1			1.0
3815.0			1.0
3815.9			1.0
3816.8			1.0
3817.7			1.0
3818.6			1.0
3819.5			1.0
3820.4			1.0
3821.3			1.0
3822.2			1.0
3823.1			1.0
3824.0			1.0
3824.9			1.0
3825.8			1.0
3826.7			1.0
3827.6			1.0
3828.5			1.0
3829.4			1.0
3830.3			1.0
3831.2			1.0
3832.1			1.0
3833.0			1.0
3833.9			1.0
3834.8			1.0
3835.7			1.0
3836.6			1.0
3837.5			1.0
3838.4			1.0
3839.3			1.0
3840.2			1.0
3841.1			1.0
3842.0			1.0
3842.9			1.0
3843.8			1.0
3844.7			1.0
3845.6			1.0
3846.5			1.0
3847.4			1.0
3848.3			1.0
3849.2			1.0
3850.1			1.0
3851.0			1.0
3851.9			1.0
3852.8			1.0
3853.7			1.0
3854.6			1.0
3855.5			1.0
3856.4			1.0
3857.3			1.0
3858.2			1.0
3859.1			1.0
3860.0			1.0
3860.9			1.0
3861.8			1.0
3862.7			1.0
3863.6			1.0
3864.5			1.0
3865.4			1.0
3866.3			1.0
3867.2			1.0
3868.1			1.0
3869.0			1.0
3869.9			1.0
3870.8			1.0
3871.7			1.0
3872.6			1.0
3873.5			1.0
3874.4			1.0
3875.3			1.0
3876.2			1.0
3877.1			1.0
3878.0			1.0
3878.9			1.0
3879.8			1.0
3880.7			1.0
3881.6			1.0
3882.5			1.0
3883.4			1.0
3884.3			1.0
3885.2			1.0
3886.1			1.0
3887.0			1.0
3887.9			1.0
3888.8			1.0
3889.7			1.0
3890.6			1.0
3891.5			1.0
3892.4			1.0
3893.3			1.0
3894.2			1.0
3895.1			1.0
3896.0			1.0
3896.9			1.0
3897.8			1.0
3898.7			1.0
3899.6			1.0
3900.5			1.0
3901.4			1.0
3902.3			1.0
3903.2			1.0
3904.1			1.0
3905.0			1.0
3905.9			1.0
3906.8			1.0
3907.7			1.0
3908.6			1.0
3909.5			1.0
3910.4			1.0
3911.3			1.0
3912.2			1.0
3913.1			1.0
3914.0			1.0
3914.9			1.0
3915.8			1.0
3916.7			1.0
3917.6			1.0
3918.5			1.0
3919.4			1.0
3920.3			1.0
3921.2			1.0
3922.1			1.0
3923.0			1.0
3923.9			1.0
3924.8			1.0
3925.7			1.0
3926.6			1.0
3927.5			1.0
3928.4			1.0
3929.3			1.0
3930.2			1.0
3931.1			1.0
3932.0			1.0
3932.9			1.0
3933.8			1.0
3934.7			1.0
3935.6			1.0
3936.5			1.0
3937.4			1.0
3938.3			1.0
3939.2			1.0
3940.1			1.0
3941.0			1.0
3941.9			1.0
3942.8			1.0
3943.7			1.0
3944.6			1.0
3945.5			1.0
3946.4			1.0
3947.3			1.0
3948.2			1.0
3949.1			1.0
3950.0			1.0
3950.9			1.0
3951.8			1.0
3952.7			1.0
3953.6			1.0
3954.5			1.0
3955.4			1.0
3956.3			1.0
3957.2			1.0
3958.1			1.0
3959.0			1.0
3959.9			1.0
3960.8			1.0
3961.7			1.0
3962.6			1.0
3963.5			1.0
3964.4			1.0
3965.3			1.0
3966.2			1.0
3967.1			1.0
3968.0			1.0
3968.9			1.0
3969.8			1.0
3970.7			1.0
3971.6			1.0
3972.5			1.0
3973.4			1.0
3974.3			1.0
3975.2			1.0
3976.1			1.0
3977.0			1.0
3977.9			1.0
3978.8			1.0
3979.7			1.0
3980.6			1.0
3981.5			1.0
3982.4			1.0
3983.3			1.0
3984.2			1.0
3985.1			1.0
3986.0			1.0
3986.9			1.0
3987.8			1.0
3988.7			1.0
3989.6			1.0
3990.5			1.0
3991.4			1.0
3992.3			1.0
3993.2			1.0
3994.1			1.0
3995.0			1.0
3995.9			1.0
3996.8			1.0
3997.7			1.0
3998.6			1.0
3999.5			1.0
4000.4			1.0
4001.3			1.0
4002.2			1.0
4003.1			1.069651208271078
4004.0			0.9573639914276068
4004.9			0.7863097971064438
4005.8			0.7431245367240502
4006.7			0.8749549376653484
4007.6			0.9980092930966016
4008.5			1.0046375497158129
4009.4			1.0
4010.3			1.0
4011.2			1.0
4012.1			1.0
4013.0			1.0
4013.9			1.0
4014.8			1.0
4015.7			1.0
4016.6			1.0
4017.5			1.0
4018.4			1.0
4019.3			1.0
4020.2			1.0
4021.1			1.0
4022.0			1.0
4022.9			1.0
4023.8			1.0
4024.7			1.0
4025.6			1.0
4026.5			1.0
4027.4			1.0696000139824589
4028.3			1.1290923452483559
4029.2			1.128717108464522
4030.1			0.9959983626783152
4031.0			0.8261196220441182
4031.9			0.7818465514370859
4032.8			0.8368468136272249
4033.7			0.8841623705098164
4034.6			0.924287839608744
4035.5			0.972317393713391
4036.4			0.9996706892301672
4037.3			1.0
4038.2			1.0
4039.1			1.0
4040.0			1.0
4040.9			1.0
4041.8			1.0
4042.7			1.0203045696855186
4043.6			0.9614404377099934
4044.5			0.8033579042948409
4045.4			0.6454754607927822
4046.3			0.7101708815303052
4047.2			0.9095289230606591
4048.1			1.000986651802369
4049.0			1.0
4049.9			1.0
4050.8			1.0
4051.7			1.0
4052.6			1.0
4053.5			1.0
4054.4			1.0
4055.3			1.0
4056.2			1.0
4057.1			1.0
4058.0			1.0
4058.9			1.0
4059.8			1.0
4060.7			1.1450758255078326
4061.6			1.1262908845432607
4062.5			0.9470268679481334
4063.4			0.7419414567219866
4064.3			0.7631090874923276
4065.2			0.9289387960107374
4066.1			1.0003930837182775
4067.0			1.0
4067.9			1.0
4068.8			1.0
4069.7			1.0
4070.6			1.0
4071.5			1.0
4072.4			1.0
4073.3			1.084524841735767
4074.2			1.0616438508023898
4075.1			0.9387112707951011
4076.0			0.7803483312468732
4076.9			0.6856517960352182
4077.8			0.7016366358612416
4078.7			0.8144261357529983
4079.6			0.920574838600354
4080.5			0.9888642945752155
4081.4			1.0
4082.3			1.0
4083.2			1.0
4084.1			1.0
4085.0			1.0
4085.9			1.0
4086.8			1.0
4087.7			1.0
4088.6			1.0
4089.5			1.0
4090.4			1.0
4091.3			1.0
4092.2			1.0
4093.1			1.0
4094.0			1.0
4094.9			1.0
4095.8			1.0
4096.7			1.0007748769153055
4097.6			1.0333217939427342
4098.5			1.0257266728972534
4099.4			0.9675984781078402
4100.3			0.8372360023106865
4101.2			0.7522179103974024
4102.1			0.7787104979227941
4103.0			0.855677029499844
4103.9			0.9007932781572793
4104.8			0.9492172000013176
4105.7			0.9987511258140964
4106.6			1.0
4107.5			1.0
4108.4			1.0
4109.3			1.0
4110.2			1.0
4111.1			1.0
4112.0			1.0
4112.9			1.0
4113.8			1.0
4114.7			1.0
4115.6			1.0
4116.5			1.0
4117.4			1.0
4118.3			1.0
4119.2			1.0
4120.1			1.0
4121.0			1.0
4121.9			1.0
4122.8			1.0
4123.7			1.0
4124.6			1.0
4125.5			1.0332419819123777
4126.4			1.0122364883039574
4127.3			0.9843031975677833
4128.2			0.9228811707675362
4129.1			0.8709665377717359
4130.0			0.8811292672775612
4130.9			0.8536828865041163
4131.8			0.7817689400492618
4132.7			0.8222080002292809
4133.6			0.8229878208976733
4134.5			0.8367975194489751
4135.4			0.9259464428420999
4136.3			1.0032853711888743
4137.2			0.9578143033873087
4138.1			0.9948793526104555
4139.0			1.0
4139.9			1.0053376657070077
4140.8			0.9362601979330422
4141.7			0.8236994967499024
4142.6			0.6854145581389154
4143.5			0.6499899142035205
4144.4			0.7648880181716404
4145.3			0.9087284075210048
4146.2			0.9748041574730364
4147.1			1.0156371478457629
4148.0			1.0
4148.9			1.0
4149.8			1.0
4150.7			1.0
4151.6			1.0
4152.5			1.0
4153.4			1.0
4154.3			1.0
4155.2			1.0
4156.1			1.0
4157.0			1.0
4157.9			1.0
4158.8			1.0
4159.7			1.0
4160.6			1.0
4161.5			1.0
4162.4			1.0
4163.3			1.0
4164.2			1.0
4165.1			1.0
4166.0			1.0
4166.9			1.0
4167.8			1.0
4168.7			1.0
4169.6			1.0
4170.5			1.0
4171.4			1.0
4172.3			1.0
4173.2			1.0
4174.1			1.0
4175.0			1.0
4175.9			1.0
4176.8			1.0
4177.7			1.0
4178.6			1.0
4179.5			1.0
4180.4			1.0
4181.3			1.0
4182.2			1.0
4183.1			1.0989622455286647
4184.0			1.160701879955306
4184.9			1.2122916412657405
4185.8			1.163914237765082
4186.7			0.9744211128723392
4187.6			0.8810909994924593
4188.5			0.9215980087461005
4189.4			0.9156966556629608
4190.3			0.894220237476271
4191.2			1.0
4192.1			1.1126786129498905
4193.0			1.2287260779506923
4193.9			1.1937594264796463
4194.8			1.0424135372519694
4195.7			0.909886313725723
4196.6			0.858020766953017
4197.5			0.8892758106719799
4198.4			0.9422370157402007
4199.3			0.9930434577036673
4200.2			1.042181730315535
4201.1			1.0017484215146837
4202.0			1.0
4202.9			1.0
4203.8			1.0
4204.7			1.0
4205.6			1.0
4206.5			1.0
4207.4			1.0
4208.3			1.0
4209.2			1.0
4210.1			1.0
4211.0			1.0
4211.9			1.0
4212.8			0.926448250957694
4213.7			0.8526411225175167
4214.6			0.7367215580164704
4215.5			0.6548503758809556
4216.4			0.7796191644526833
4217.3			0.9492615773749232
4218.2			0.9949010457731611
4219.1			1.0
4220.0			1.0
4220.9			1.0
4221.8			1.0
4222.7			0.9499556116317757
4223.6			0.8905812867042522
4224.5			0.7889237323031556
4225.4			0.6422607886908563
4226.3			0.5010208405553006
4227.2			0.5434837039935703
4228.1			0.7703890309620849
4229.0			0.9404812159541687
4229.9			1.0055637372299913
4230.8			1.0
4231.7			1.0
4232.6			1.0
4233.5			1.0
4234.4			1.0
4235.3			1.0
4236.2			1.0
4237.1			1.0
4238.0			1.0
4238.9			1.0
4239.8			1.0
4240.7			1.0
4241.6			1.0
4242.5			1.0
4243.4			1.0
4244.3			1.0
4245.2			1.0
4246.1			1.0
4247.0			1.0
4247.9			1.0
4248.8			1.0
4249.7			1.0
4250.6			1.0
4251.5			1.0
4252.4			1.0
4253.3			1.0
4254.2			1.0
4255.1			1.0
4256.0			1.0
4256.9			1.0564840032704685
4257.8			1.0057426528058862
4258.7			0.9055986290541607
4259.6			0.8412398336408958
4260.5			0.7854412515768369
4261.4			0.8035587763797767
4262.3			0.9250813342589794
4263.2			0.9802395569859341
4264.1			0.9933152079336113
4265.0			1.0
4265.9			0.9921833487546189
4266.8			0.9392512190213979
4267.7			0.9053137568115205
4268.6			0.9136309678365205
4269.5			0.8639549562457131
4270.4			0.7585247570203998
4271.3			0.6494991389727061
4272.2			0.6810064152096824
4273.1			0.7669772542128533
4274.0			0.7662134441601635
4274.9			0.7743030141442023
4275.8			0.8742913488129865
4276.7			1.0005115635465114
4277.6			1.0
4278.5			1.0
4279.4			1.0
4280.3			1.0
4281.2			1.0
4282.1			1.0
4283.0			1.0
4283.9			1.0
4284.8			1.0
4285.7			1.0
4286.6			1.0
4287.5			1.0369870572398325
4288.4			0.9545997172744869
4289.3			0.7886488515499986
4290.2			0.7259056690354168
4291.1			0.7863914706678282
4292.0			0.9110442842046669
4292.9			1.0
4293.8			0.9866680258394228
4294.7			0.96874256666617
4295.6			0.958638268389829
4296.5			0.9085466086734448
4297.4			0.8550160437586053
4298.3			0.7609210590275084
4299.2			0.6477260207971128
4300.1			0.6537090272998776
4301.0			0.7194439092681771
4301.9			0.7278184399557419
4302.8			0.7286205938640199
4303.7			0.7698290364372606
4304.6			0.7993909730708906
4305.5			0.783257814459733
4306.4			0.7689734205245311
4307.3			0.7138496148404112
4308.2			0.6333355190732146
4309.1			0.6333099007377386
4310.0			0.7272209648815128
4310.9			0.8328780147671752
4311.8			0.8993113078835692
4312.7			0.952716123377368
4313.6			0.9840176130679085
4314.5			1.0636169362406327
4315.4			1.2811060864415769
4316.3			1.4849388166878688
4317.2			1.5411169323170373
4318.1			1.5284042186709383
4319.0			1.5028621956705903
4319.9			1.4378900723385162
4320.8			1.0
4321.7			0.968358959140547
4322.6			0.892387217867696
4323.5			0.7958091972477677
4324.4			0.6862855060515033
4325.3			0.6105411036948539
4326.2			0.6770428535595839
4327.1			0.8457853162818844
4328.0			0.9876373509889588
4328.9			1.001851771024635
4329.8			1.0
4330.7			1.0
4331.6			1.0
4332.5			1.0
4333.4			1.0
4334.3			1.0
4335.2			1.0570473905121773
4336.1			1.0114742222848394
4337.0			0.8699420293925382
4337.9			0.7894268073455404
4338.8			0.7485016370344981
4339.7			0.6944848909969549
4340.6			0.7228479492318665
4341.5			0.8555032051132377
4342.4			0.9680055600008863
4343.3			0.9801979547310444
4344.2			0.9998313567790089
4345.1			1.0
4346.0			1.0
4346.9			1.0
4347.8			1.0
4348.7			1.0
4349.6			1.0001638872731702
4350.5			0.8985264514348094
4351.4			0.7697146068014329
4352.3			0.7646118125768133
4353.2			0.90793264128976
4354.1			0.9977698969982592
4355.0			1.0115904484794251
4355.9			1.0
4356.8			1.0
4357.7			1.0
4358.6			1.0
4359.5			1.0
4360.4			1.0
4361.3			1.0
4362.2			1.0
4363.1			1.0
4364.0			1.0
4364.9			1.0
4365.8			1.0
4366.7			1.0
4367.6			1.0
4368.5			1.0
4369.4			1.0
4370.3			1.0
4371.2			1.0
4372.1			0.9933423747797189
4373.0			0.9071263385484107
4373.9			0.8009551940953504
4374.8			0.7585964571583287
4375.7			0.8260840610242719
4376.6			0.9400952901681521
4377.5			1.0003001606453985
4378.4			1.0
4379.3			1.0
4380.2			1.0
4381.1			0.9992046219004825
4382.0			0.8945754479525536
4382.9			0.6819833671535593
4383.8			0.5847347928933018
4384.7			0.6971315175628277
4385.6			0.8854648346613858
4386.5			0.9956924825021438
4387.4			1.0
4388.3			1.0
4389.2			1.0
4390.1			1.0
4391.0			1.0
4391.9			1.0
4392.8			1.0
4393.7			1.0
4394.6			1.0
4395.5			1.0
4396.4			1.0
4397.3			1.0
4398.2			1.0
4399.1			0.9142624904622145
4400.0			0.8328855851280236
4400.9			0.856699480663871
4401.8			0.9592665078270207
4402.7			0.9780943904294043
4403.6			0.8705218893086495
4404.5			0.7712777540244415
4405.4			0.8106437925974966
4406.3			0.8866083518029987
4407.2			0.8657898693322114
4408.1			0.8179410946959964
4409.0			0.8716440885061685
4409.9			0.9999672308479105
4410.8			1.0
4411.7			1.0213740650199934
4412.6			1.0300597052634928
4413.5			0.9620238530879948
4414.4			0.8594364873261507
4415.3			0.8147237552321496
4416.2			0.8362790155555275
4417.1			0.8735726056409341
4418.0			0.9347800037194208
4418.9			0.9992605008305159
4419.8			1.0
4420.7			1.0
4421.6			1.0
4422.5			1.0
4423.4			1.0
4424.3			1.0
4425.2			1.0
4426.1			1.0
4427.0			1.0
4427.9			1.0
4428.8			1.0
4429.7			1.0
4430.6			1.0
4431.5			1.0
4432.4			1.0088908457781642
4433.3			0.9268838285812663
4434.2			0.8289043210994161
4435.1			0.7783709522582698
4436.0			0.8162355739466072
4436.9			0.9175026914503296
4437.8			1.0036365466407642
4438.7			1.0
4439.6			1.0
4440.5			1.0
4441.4			1.0
4442.3			1.0
4443.2			1.0
4444.1			1.0
4445.0			1.0
4445.9			1.0
4446.8			1.0
4447.7			1.0
4448.6			1.0
4449.5			1.0
4450.4			1.0
4451.3			1.0
4452.2			1.0
4453.1			0.9841368418231958
4454.0			0.9386027863430425
4454.9			0.8896400655443701
4455.8			0.8989153617978004
4456.7			0.9410888094664582
4457.6			0.9421235236561788
4458.5			0.902473384549223
4459.4			0.8863414909353672
4460.3			0.8865472671959236
4461.2			0.8501947595132489
4462.1			0.877695380483534
4463.0			1.0027159953126754
4463.9			1.0800289347023475
4464.8			1.0868696787523044
4465.7			1.0829666801858506
4466.6			1.0649216895488989
4467.5			1.0343192228668285
4468.4			0.9994047484817307
4469.3			0.9979575758359892
4470.2			1.0
4471.1			1.0
4472.0			1.0
4472.9			1.0
4473.8			1.0
4474.7			1.0
4475.6			1.0
4476.5			1.0
4477.4			1.0597994748054957
4478.3			1.0418858150373307
4479.2			0.9439271560485275
4480.1			0.8671900326382473
4481.0			0.8358894774942817
4481.9			0.835918912397777
4482.8			0.8910109717740442
4483.7			0.963682733727241
4484.6			1.0007278405273783
4485.5			1.0
4486.4			1.0
4487.3			1.0
4488.2			1.0
4489.1			1.0
4490.0			1.0
4490.9			1.0
4491.8			1.0
4492.7			1.0
4493.6			1.0
4494.5			1.0
4495.4			1.0
4496.3			1.0
4497.2			1.0
4498.1			1.0
4499.0			1.0
4499.9			1.0
4500.8			1.0
4501.7			1.0
4502.6			1.0
4503.5			1.0
4504.4			1.0
4505.3			1.0
4506.2			1.0
4507.1			1.0
4508.0			1.0
4508.9			1.0
4509.8			1.0
4510.7			1.0
4511.6			1.0
4512.5			1.0
4513.4			1.0
4514.3			1.0
4515.2			1.0
4516.1			1.0
4517.0			1.0
4517.9			1.0
4518.8			1.0
4519.7			1.0
4520.6			1.0
4521.5			1.0
4522.4			1.0
4523.3			1.0
4524.2			1.0
4525.1			1.0
4526.0			1.0
4526.9			1.0
4527.8			1.0
4528.7			1.0
4529.6			1.0
4530.5			1.0
4531.4			1.0303261559041226
4532.3			1.0270615138766066
4533.2			0.9526544766340327
4534.1			0.849733231651134
4535.0			0.7898699900231237
4535.9			0.8305242816281724
4536.8			0.9584506639848737
4537.7			1.0403183526675845
4538.6			1.0081608283916017
4539.5			1.0
4540.4			1.0
4541.3			1.0
4542.2			1.0
4543.1			1.0
4544.0			1.0
4544.9			1.0
4545.8			1.0
4546.7			1.0305076224349343
4547.6			1.0157193527556927
4548.5			0.9590732240492903
4549.4			0.9112618538421321
4550.3			0.9559437492014489
4551.2			1.0284714987929344
4552.1			0.999157706292815
4553.0			1.0
4553.9			1.0
4554.8			1.0
4555.7			1.0
4556.6			1.0
4557.5			1.0
4558.4			1.0
4559.3			1.0
4560.2			1.0
4561.1			1.0
4562.0			1.0
4562.9			1.0
4563.8			1.0
4564.7			1.0
4565.6			1.0
4566.5			1.0
4567.4			1.0
4568.3			1.0
4569.2			1.0
4570.1			0.969824068263218
4571.0			0.8925826126003618
4571.9			1.0
4572.8			1.065657861972385
4573.7			1.1324929089511568
4574.6			1.1250370749413514
4575.5			1.1070278403818172
4576.4			1.0925424962823764
4577.3			1.050732978404343
4578.2			1.0048302608911455
4579.1			0.9706935454151523
4580.0			0.9251659560976063
4580.9			0.9062413977555187
4581.8			0.9373326933161864
4582.7			0.9591138487211142
4583.6			0.9474312111746772
4584.5			0.9336697996834065
4585.4			0.9121226054164827
4586.3			0.9172560923837461
4587.2			0.9667867288356483
4588.1			0.9959107552717467
4589.0			1.0043523376394552
4589.9			1.0
4590.8			1.0
4591.7			1.0
4592.6			1.0
4593.5			1.0
4594.4			1.0
4595.3			1.0
4596.2			1.0
4597.1			1.0
4598.0			1.0
4598.9			1.0
4599.8			1.0
4600.7			1.0
4601.6			1.0
4602.5			1.0
4603.4			1.0
4604.3			1.0
4605.2			1.0
4606.1			1.0
4607.0			1.0
4607.9			1.0
4608.8			1.0
4609.7			1.0
4610.6			1.0
4611.5			1.0
4612.4			1.0
4613.3			1.0
4614.2			1.0
4615.1			1.0
4616.0			1.0
4616.9			1.0
4617.8			1.0
4618.7			1.0
4619.6			1.0
4620.5			1.0
4621.4			1.0
4622.3			1.0
4623.2			1.0
4624.1			1.0
4625.0			1.0
4625.9			1.0
4626.8			1.0
4627.7			1.0
4628.6			1.0
4629.5			1.0
4630.4			1.0
4631.3			1.0
4632.2			1.0
4633.1			1.0
4634.0			1.0
4634.9			1.0
4635.8			1.0
4636.7			1.0
4637.6			1.0
4638.5			1.0
4639.4			1.0
4640.3			1.0
4641.2			1.0
4642.1			1.0
4643.0			0.9857072870130825
4643.9			0.9809283059141963
4644.8			0.9691983877141055
4645.7			0.9167105107117675
4646.6			0.8690233432166994
4647.5			0.8716146049287341
4648.4			0.9065230506142342
4649.3			0.9605360300093572
4650.2			0.9915916378533378
4651.1			0.9886807119239275
4652.0			0.9999129336978
4652.9			1.0
4653.8			1.0
4654.7			1.0
4655.6			1.0
4656.5			1.0
4657.4			1.0
4658.3			1.0
4659.2			1.0
4660.1			1.0
4661.0			1.0
4661.9			1.0
4662.8			0.9788820682148591
4663.7			0.9779795037550645
4664.6			0.9877551126554879
4665.5			0.9665798232952194
4666.4			0.8800587066736315
4667.3			0.8011363829050909
4668.2			0.8076755108775798
4669.1			0.8619512313175822
4670.0			0.924279537402225
4670.9			0.9838655890891989
4671.8			0.9993686196717535
4672.7			1.0
4673.6			1.0
4674.5			1.0
4675.4			1.0
4676.3			1.0
4677.2			1.010872139658061
4678.1			0.9840618098714152
4679.0			0.9454734735425045
4679.9			0.9000347483436447
4680.8			0.8799587776074776
4681.7			0.8912266270758002
4682.6			0.929549394287023
4683.5			0.9793466516145558
4684.4			1.0000328714003028
4685.3			1.0
4686.2			1.0
4687.1			1.0
4688.0			1.0
4688.9			1.0
4689.8			1.0
4690.7			1.0
4691.6			1.0
4692.5			1.0
4693.4			1.0
4694.3			1.0
4695.2			1.0
4696.1			1.0
4697.0			1.0
4697.9			1.0
4698.8			1.0
4699.7			1.0
4700.6			1.0
4701.5			1.0
4702.4			1.0
4703.3			1.0
4704.2			1.0425169203990696
4705.1			1.0906823503036032
4706.0			1.0704490504207838
4706.9			1.017242513284482
4707.8			0.9987646614204643
4708.7			0.9912440354449717
4709.6			0.9864015851086507
4710.5			1.0162294984301325
4711.4			1.0808868195187482
4712.3			1.114738314208926
4713.2			1.0786273150164567
4714.1			1.0167717038062511
4715.0			1.000390733522829
4715.9			1.0
4716.8			1.0
4717.7			1.0
4718.6			1.0
4719.5			1.0
4720.4			1.0
4721.3			1.0
4722.2			0.9905771353279945
4723.1			1.0106742730108542
4724.0			1.0491032760236738
4724.9			1.0650907428193237
4725.8			1.0418509679488088
4726.7			0.9636305749024433
4727.6			0.894410355906455
4728.5			0.9001420827257125
4729.4			0.9430354112194037
4730.3			0.9626943106435741
4731.2			0.9639495677652307
4732.1			0.9754041448832119
4733.0			0.9997138369469734
4733.9			1.0
4734.8			1.0
4735.7			1.0
4736.6			1.0
4737.5			1.0
4738.4			1.0
4739.3			1.0
4740.2			1.0
4741.1			1.0
4742.0			1.0
4742.9			1.0
4743.8			1.0
4744.7			1.0
4745.6			1.0
4746.5			1.0
4747.4			1.0
4748.3			1.0
4749.2			1.0
4750.1			1.0
4751.0			1.0
4751.9			1.0
4752.8			1.0
4753.7			1.0
4754.6			1.0
4755.5			1.0
4756.4			0.9882773462773214
4757.3			0.9865369529141147
4758.2			0.9799864221469814
4759.1			0.9995263514080893
4760.0			1.035454747066927
4760.9			1.023647515249396
4761.8			0.9504492722821778
4762.7			0.904237755558641
4763.6			0.8976212968322925
4764.5			0.8990960708869121
4765.4			0.8999457564623989
4766.3			0.9291364467499631
4767.2			0.9704225018297442
4768.1			0.9917486422900271
4769.0			1.018311504477788
4769.9			1.0301499766513826
4770.8			0.9981315427992268
4771.7			1.0
4772.6			1.0
4773.5			1.0
4774.4			1.0
4775.3			1.0
4776.2			1.0
4777.1			1.0
4778.0			1.0
4778.9			1.0
4779.8			0.9760434820406615
4780.7			0.9681900587757589
4781.6			0.9699125292057273
4782.5			0.9702956544729158
4783.4			0.9638232401662039
4784.3			0.9755918122457744
4785.2			0.9601820354360943
4786.1			0.9276029261244042
4787.0			0.939951040922177
4787.9			0.9418021884156791
4788.8			0.9297394787587537
4789.7			0.956641603137985
4790.6			0.9913774998419411
4791.5			0.9930233623478246
4792.4			1.0088185717564868
4793.3			1.0603875355463153
4794.2			1.0
4795.1			1.0131707873910538
4796.0			0.9906394391926817
4796.9			0.9467374978196981
4797.8			0.8990736006957639
4798.7			0.8763517685264158
4799.6			0.8901040881135565
4800.5			0.9313667023175181
4801.4			0.9815798778330973
4802.3			1.000294138249187
4803.2			1.0
4804.1			1.0
4805.0			1.0
4805.9			1.0
4806.8			1.0
4807.7			1.0
4808.6			1.0
4809.5			1.0
4810.4			1.0
4811.3			1.0
4812.2			1.0
4813.1			1.0
4814.0			1.0
4814.9			1.0
4815.8			1.0
4816.7			1.0
4817.6			1.0
4818.5			1.0
4819.4			1.0
4820.3			1.0
4821.2			1.0
4822.1			1.0
4823.0			1.0
4823.9			1.0
4824.8			1.0
4825.7			1.0
4826.6			1.0
4827.5			1.0
4828.4			1.0
4829.3			0.9978670692392256
4830.2			0.9772462326097987
4831.1			0.9230463694383189
4832.0			0.8950106888074683
4832.9			0.9282904048730473
4833.8			0.9779295722812831
4834.7			0.9956570555555116
4835.6			1.0
4836.5			1.0
4837.4			1.0
4838.3			1.0
4839.2			1.0
4840.1			1.0
4841.0			1.0
4841.9			1.0
4842.8			1.0
4843.7			1.0
4844.6			1.0
4845.5			1.0
4846.4			1.0
4847.3			1.0
4848.2			1.0
4849.1			1.0
4850.0			1.0
4850.9			1.0
4851.8			1.0
4852.7			1.0
4853.6			1.0
4854.5			1.0
4855.4			1.0
4856.3			1.0
4857.2			1.0717029214301805
4858.1			1.0611009563028502
4859.0			0.9743196198197764
4859.9			0.8385424146171547
4860.8			0.724810568613339
4861.7			0.762979308094989
4862.6			0.9179986338633432
4863.5			0.9951392815564518
4864.4			1.001189480826675
4865.3			1.0
4866.2			1.0
4867.1			1.0
4868.0			1.0
4868.9			1.0
4869.8			0.9724369387552908
4870.7			0.9090041449660663
4871.6			0.8674772966039204
4872.5			0.9160739548690947
4873.4			0.9918724155479387
4874.3			1.0
4875.2			1.0
4876.1			1.0
4877.0			1.0
4877.9			1.0
4878.8			1.0
4879.7			1.0
4880.6			1.0
4881.5			1.0
4882.4			1.0
4883.3			1.0
4884.2			1.0
4885.1			1.0
4886.0			1.0
4886.9			1.0249644263167943
4887.8			1.0268548417296492
4888.7			0.9768533081958398
4889.6			0.9135474885024617
4890.5			0.871605495344094
4891.4			0.876883338277673
4892.3			0.9293754011103136
4893.2			0.9746910655798707
4894.1			0.9937073848650686
4895.0			1.0
4895.9			1.0
4896.8			1.0
4897.7			1.0
4898.6			1.0
4899.5			1.0
4900.4			1.0
4901.3			1.0
4902.2			1.0
4903.1			1.0
4904.0			1.0
4904.9			1.0603039846685982
4905.8			1.09793781142537
4906.7			1.0695874435583639
4907.6			1.0139634573910812
4908.5			0.9642871269830998
4909.4			0.9221348006218965
4910.3			0.8985823839926429
4911.2			0.9111659099268365
4912.1			0.9328986974359749
4913.0			0.9295823919087093
4913.9			0.9295471216498218
4914.8			1.0
4915.7			1.0602389522999571
4916.6			1.060153543311461
4917.5			0.9891862996836467
4918.4			0.8972605819180443
4919.3			0.8415423855693357
4920.2			0.8355238383536547
4921.1			0.8964135222666197
4922.0			0.9851023470357163
4922.9			1.0261861374074517
4923.8			1.0143823768094207
4924.7			1.0109365310443659
4925.6			1.0
4926.5			1.0
4927.4			1.0
4928.3			1.0
4929.2			1.0
4930.1			1.0
4931.0			1.0
4931.9			1.0
4932.8			1.0
4933.7			1.0
4934.6			1.0
4935.5			1.0
4936.4			0.9922776199759897
4937.3			0.925743827769884
4938.2			0.8572756476946662
4939.1			0.8487603267263991
4940.0			0.9066566745350347
4940.9			0.9750303226676021
4941.8			1.0023013672469905
4942.7			1.0
4943.6			1.0
4944.5			1.0
4945.4			1.0
4946.3			1.0
4947.2			1.0
4948.1			1.0
4949.0			1.0
4949.9			1.0
4950.8			1.0
4951.7			1.0
4952.6			1.0
4953.5			1.0
4954.4			0.9964749384009932
4955.3			0.975248996551094
4956.2			0.908575516852414
4957.1			0.8244469522455593
4958.0			0.8268440931249148
4958.9			0.9207620644428546
4959.8			1.0021099802525668
4960.7			1.0
4961.6			1.0
4962.5			1.0
4963.4			1.0
4964.3			1.0
4965.2			1.0
4966.1			1.0
4967.0			1.0
4967.9			1.0
4968.8			1.0
4969.7			1.0
4970.6			1.0
4971.5			1.0
4972.4			1.0
4973.3			1.0
4974.2			1.0
4975.1			1.0
4976.0			1.0
4976.9			1.0
4977.8			1.0
4978.7			1.0
4979.6			1.0032527208521063
4980.5			0.9978892541919028
4981.4			0.9410134685713232
4982.3			0.8757942604618069
4983.2			0.8689953471589489
4984.1			0.9234701029404204
4985.0			0.9680915752720675
4985.9			0.9825667116613237
4986.8			0.9977777940885514
4987.7			1.0
4988.6			1.0
4989.5			1.0
4990.4			1.0
4991.3			1.0
4992.2			1.0
4993.1			1.0
4994.0			1.0
4994.9			1.0
4995.8			1.0
4996.7			1.0
4997.6			1.0
4998.5			1.0
4999.4			1.0
5000.3			1.0
5001.2			1.0
5002.1			1.0
5003.0			1.0
5003.9			1.0
5004.8			1.0
5005.7			1.0
5006.6			1.0
5007.5			1.0
5008.4			1.0
5009.3			1.010060632873674
5010.2			0.9906230083686461
5011.1			0.9620892765516285
5012.0			0.9096544669870321
5012.9			0.8668424397777494
5013.8			0.8578140593578086
5014.7			0.8977766634740935
5015.6			0.9626610447626657
5016.5			0.9890292080616898
5017.4			0.9798142110997716
5018.3			0.9954704136007437
5019.2			1.0
5020.1			1.0
5021.0			1.0
5021.9			1.0
5022.8			1.0
5023.7			1.0
5024.6			1.0
5025.5			1.0
5026.4			1.0
5027.3			1.0
5028.2			1.0
5029.1			1.0
5030.0			1.0
5030.9			1.0
5031.8			1.0
5032.7			1.0
5033.6			1.0
5034.5			1.0
5035.4			1.0
5036.3			1.0
5037.2			1.0262536979093968
5038.1			1.008476894761339
5039.0			0.9391372135178343
5039.9			0.8464433219012814
5040.8			0.7737649213598846
5041.7			0.8084873454327127
5042.6			0.9140370149222904
5043.5			0.9775671628317119
5044.4			0.9961329828370559
5045.3			1.0
5046.2			1.0
5047.1			1.0
5048.0			1.0
5048.9			1.0
5049.8			1.0
5050.7			1.0
5051.6			1.0
5052.5			1.0
5053.4			1.0
5054.3			1.0
5055.2			1.0
5056.1			1.0
5057.0			1.0
5057.9			1.0
5058.8			1.0
5059.7			1.0
5060.6			1.0
5061.5			1.0
5062.4			1.0
5063.3			1.0
5064.2			1.0
5065.1			1.0
5066.0			1.0
5066.9			1.0
5067.8			1.0
5068.7			1.0
5069.6			1.0
5070.5			1.0
5071.4			1.0
5072.3			1.0
5073.2			1.0
5074.1			1.025008677215986
5075.0			1.0101934322141524
5075.9			1.0070165692867696
5076.8			1.0307714785393922
5077.7			1.025312075717178
5078.6			0.9389110343722294
5079.5			0.848248725841615
5080.4			0.8493562164879562
5081.3			0.9084731145879605
5082.2			0.9428699356402895
5083.1			0.9470687360488496
5084.0			0.9623449961770539
5084.9			0.9999714317157755
5085.8			1.0
5086.7			1.0
5087.6			1.0
5088.5			1.0
5089.4			1.0
5090.3			1.0
5091.2			1.0
5092.1			1.0
5093.0			1.0
5093.9			1.0
5094.8			1.0
5095.7			1.0
5096.6			0.9681897671838964
5097.5			0.9237997858884266
5098.4			0.8700873898260332
5099.3			0.8612944740436718
5100.2			0.9252714242551252
5101.1			0.9923252620700883
5102.0			0.9999758290035284
5102.9			1.0
5103.8			1.0
5104.7			1.0
5105.6			1.0
5106.5			1.0
5107.4			1.0
5108.3			1.0
5109.2			1.0
5110.1			1.0
5111.0			1.0
5111.9			1.0
5112.8			1.0
5113.7			1.0
5114.6			0.9905840837266537
5115.5			0.9877614143971964
5116.4			1.025260326842006
5117.3			1.0590602322188352
5118.2			1.0497315839733423
5119.1			1.024563033864566
5120.0			1.0099584119097365
5120.9			0.9990029767159427
5121.8			0.9813621676403977
5122.7			0.9372077313123439
5123.6			0.8928642772937492
5124.5			0.8988000592381159
5125.4			0.9304265777001844
5126.3			0.9406342301510616
5127.2			0.9272348466759447
5128.1			0.9305790553220405
5129.0			0.9425525773870405
5129.9			0.9502348549659385
5130.8			0.9638411988751288
5131.7			0.9857840444075189
5132.6			1.00011845784423
5133.5			1.0
5134.4			1.0
5135.3			1.0
5136.2			1.0
5137.1			1.0
5138.0			0.9836599124111083
5138.9			0.9608577739643168
5139.8			0.988931531240079
5140.7			1.047050492974367
5141.6			1.024189748164196
5142.5			0.9730483073162113
5143.4			0.9987633421436019
5144.3			1.051395792325534
5145.2			1.0716673184384677
5146.1			1.0640353267032812
5147.0			1.056311278494624
5147.9			1.0735495834848232
5148.8			1.110281560838348
5149.7			1.1113307547517108
5150.6			1.0670029207939546
5151.5			1.0485461978335813
5152.4			1.0554723168882956
5153.3			1.0678581521143928
5154.2			1.08174149954005
5155.1			1.1366932604655
5156.0			1.2184504898473842
5156.9			1.2736491762554052
5157.8			1.304222528759443
5158.7			1.3267573927331155
5159.6			1.3409427586275138
5160.5			1.3456751163208653
5161.4			1.3291025060029602
5162.3			1.3133347511649283
5163.2			1.3350685968679252
5164.1			1.3316504707997647
5165.0			1.2465235022224153
5165.9			1.1229601484476888
5166.8			1.0006962882636938
5167.7			1.0
5168.6			1.0
5169.5			1.0837321203613661
5170.4			1.076656194024386
5171.3			0.9207598016520451
5172.2			0.7425148720854715
5173.1			0.7363487590577428
5174.0			0.8914777432729633
5174.9			1.0087984420575316
5175.8			1.0
5176.7			1.0
5177.6			1.0
5178.5			1.0
5179.4			1.0
5180.3			1.0
5181.2			0.9629202786499399
5182.1			0.8518202263241705
5183.0			0.6860250329207886
5183.9			0.6389637564268745
5184.8			0.7806636216604909
5185.7			0.9417507729016078
5186.6			1.0006030010107447
5187.5			1.0
5188.4			1.0
5189.3			1.0
5190.2			1.0
5191.1			1.0
5192.0			1.0
5192.9			1.0
5193.8			1.0
5194.7			1.0
5195.6			1.0
5196.5			1.0
5197.4			1.0
5198.3			1.0
5199.2			1.0
5200.1			1.0096504909443527
5201.0			0.9974733385267849
5201.9			0.9792977821287896
5202.8			0.978394817311461
5203.7			0.9495085582223771
5204.6			0.8818682281867377
5205.5			0.867941395329037
5206.4			0.9136235289073632
5207.3			0.9392300171745817
5208.2			0.9148646711605237
5209.1			0.9280152461604904
5210.0			0.9637193513439605
5210.9			0.9978223612529613
5211.8			1.0
5212.7			1.0
5213.6			1.0
5214.5			1.0
5215.4			1.0
5216.3			1.0
5217.2			1.0
5218.1			1.0
5219.0			1.0
5219.9			1.0
5220.8			1.0
5221.7			1.0
5222.6			1.0
5223.5			0.9458687694092212
5224.4			0.8898708244376484
5225.3			0.8544844606905015
5226.2			0.8122489360174633
5227.1			0.805322189385195
5228.0			0.8887995402538094
5228.9			0.9625096218422068
5229.8			0.9769207352395277
5230.7			1.0023917957579647
5231.6			1.0
5232.5			1.0
5233.4			1.0
5234.3			1.0
5235.2			1.0
5236.1			1.0
5237.0			1.0433718493189834
5237.9			1.0528678024292148
5238.8			1.0420682244252921
5239.7			1.034675680135208
5240.6			1.0402921094507591
5241.5			1.0321073203384996
5242.4			1.021237056017278
5243.3			1.0433280592109164
5244.2			1.0664039527780793
5245.1			1.0462137849944912
5246.0			0.9749562386604943
5246.9			0.895134445010056
5247.8			0.9006112668988799
5248.7			0.9447977561266644
5249.6			0.9247828011380205
5250.5			0.8841746093031295
5251.4			0.8856872363854366
5252.3			0.9136271237132999
5253.2			0.9325038882770504
5254.1			0.916375416007942
5255.0			0.8946985239603237
5255.9			0.9305105468423628
5256.8			0.9985549215439028
5257.7			1.0
5258.6			1.0
5259.5			1.0
5260.4			0.9488140857790317
5261.3			0.8867716769044511
5262.2			0.8417966013180928
5263.1			0.8129052640663652
5264.0			0.7856457106901416
5264.9			0.7506578673423759
5265.8			0.7420291199502909
5266.7			0.7974004242144814
5267.6			0.8532550832790494
5268.5			0.7958096880495181
5269.4			0.7045152371090643
5270.3			0.7236764846743479
5271.2			0.8435322251652619
5272.1			0.9096168152157188
5273.0			0.894015275772994
5273.9			0.8743946463324892
5274.8			0.8651039006118451
5275.7			0.8629252777522948
5276.6			0.9132258701626843
5277.5			0.9810074022227439
5278.4			1.0
5279.3			0.9758411341371007
5280.2			0.9316861712704444
5281.1			0.8998454229222482
5282.0			0.8779342488916322
5282.9			0.8517424144267626
5283.8			0.8496737162092874
5284.7			0.9046842105168597
5285.6			0.9685498903892586
5286.5			1.00265131528098
5287.4			1.0
5288.3			1.0
5289.2			1.0
5290.1			1.0
5291.0			1.0
5291.9			1.0
5292.8			1.0
5293.7			0.9929178888478392
5294.6			1.0051010357093735
5295.5			0.9838577855956983
5296.4			0.9266605719913534
5297.3			0.8697392835531406
5298.2			0.8731822883983382
5299.1			0.9437549748207565
5300.0			1.0035211372989659
5300.9			1.0000711893336416
5301.8			1.0
5302.7			1.0
5303.6			1.0
5304.5			1.0
5305.4			1.0
5306.3			1.0
5307.2			1.0
5308.1			1.0
5309.0			1.0
5309.9			1.0
5310.8			1.0
5311.7			1.0
5312.6			1.0
5313.5			1.0
5314.4			1.0
5315.3			1.0
5316.2			1.0
5317.1			1.0
5318.0			1.0
5318.9			1.0
5319.8			1.0
5320.7			1.0
5321.6			1.0
5322.5			1.0
5323.4			1.0
5324.3			1.0
5325.2			1.0282630753501636
5326.1			1.0199187003787105
5327.0			0.9301539976654295
5327.9			0.8240725865339689
5328.8			0.8210089098580043
5329.7			0.9251291737541372
5330.6			1.0037212245460587
5331.5			1.0
5332.4			1.0
5333.3			1.0
5334.2			1.0
5335.1			1.0
5336.0			1.0
5336.9			1.0
5337.8			0.9944379719241132
5338.7			0.9882035920594794
5339.6			0.9457290243155265
5340.5			0.891430924039885
5341.4			0.9082807648578471
5342.3			0.9670394370358197
5343.2			0.9994451311311846
5344.1			1.0
5345.0			1.0
5345.9			1.0
5346.8			1.0
5347.7			1.0
5348.6			1.0
5349.5			1.0
5350.4			1.0
5351.3			1.0
5352.2			1.0
5353.1			1.0
5354.0			1.0
5354.9			1.0
5355.8			1.0
5356.7			1.0
5357.6			1.0
5358.5			1.0
5359.4			1.0
5360.3			1.0
5361.2			1.0
5362.1			1.0
5363.0			1.0
5363.9			1.0
5364.8			1.0
5365.7			1.0
5366.6			1.0
5367.5			1.0004235482151878
5368.4			0.9840353193781904
5369.3			0.9345260554410596
5370.2			0.8793127364575182
5371.1			0.8553029514748474
5372.0			0.8882418833997344
5372.9			0.960093941445555
5373.8			0.9959987581928614
5374.7			0.9939539624120983
5375.6			1.0
5376.5			1.0
5377.4			1.0
5378.3			1.0
5379.2			1.0
5380.1			1.0
5381.0			1.0
5381.9			1.0
5382.8			1.0
5383.7			1.0
5384.6			1.0
5385.5			1.0
5386.4			1.0
5387.3			1.0
5388.2			1.0
5389.1			1.0
5390.0			1.0
5390.9			1.0
5391.8			1.0
5392.7			1.0
5393.6			1.0
5394.5			1.0
5395.4			1.0
5396.3			1.0
5397.2			0.970506068861065
5398.1			1.0162826254644093
5399.0			1.0690220848186485
5399.9			1.0699706793230643
5400.8			1.05899995578525
5401.7			1.0532027493633722
5402.6			1.0338485667036994
5403.5			0.9777122003682713
5404.4			0.910673265317605
5405.3			0.8723809119442997
5406.2			0.8859391054628057
5407.1			0.9387046889958625
5408.0			0.9612365823562393
5408.9			0.9261404078818635
5409.8			0.8908036678470274
5410.7			0.9137336616950739
5411.6			0.9672865014728511
5412.5			1.0034061856681205
5413.4			0.9972993080648657
5414.3			1.0
5415.2			1.0
5416.1			1.0
5417.0			1.0
5417.9			1.0
5418.8			1.0
5419.7			1.0
5420.6			1.0
5421.5			1.0092529091237437
5422.4			1.0122498580458525
5423.3			0.985525885958289
5424.2			0.9620459181884079
5425.1			0.9803486599619405
5426.0			1.0222027052306695
5426.9			1.0523170214009963
5427.8			1.026285145632891
5428.7			0.943772732274315
5429.6			0.8982776305692126
5430.5			0.9336685786033858
5431.4			0.9680236428835735
5432.3			0.9539696245883417
5433.2			0.9323936601508327
5434.1			0.9153666954147776
5435.0			0.9029137901107553
5435.9			0.9111878808541197
5436.8			0.9500386892489371
5437.7			1.0000955610262878
5438.6			1.0
5439.5			1.0
5440.4			1.0
5441.3			1.0
5442.2			1.0
5443.1			1.0
5444.0			0.9737128079264615
5444.9			0.9282089002680954
5445.8			0.8773709991472215
5446.7			0.8558088036882012
5447.6			0.911316293013231
5448.5			0.9773816355120655
5449.4			0.9997853254705339
5450.3			1.0
5451.2			1.0
5452.1			1.0
5453.0			1.0
5453.9			1.0
5454.8			1.0
5455.7			1.0
5456.6			1.0
5457.5			1.0
5458.4			1.0
5459.3			1.0
5460.2			0.9754533371493193
5461.1			0.9488503828142508
5462.0			0.9240673440290096
5462.9			0.915689016298334
5463.8			0.9571080812517854
5464.7			0.9990264659802813
5465.6			1.0018214073933849
5466.5			1.0
5467.4			1.0
5468.3			1.0
5469.2			1.0
5470.1			1.0
5471.0			0.9939723748627128
5471.9			0.9985693828324347
5472.8			0.9848792315367288
5473.7			0.9843567410372165
5474.6			0.9990950721715905
5475.5			0.9767528400309622
5476.4			0.9315074276588429
5477.3			0.9590180051658792
5478.2			1.047534351735024
5479.1			1.093537827375906
5480.0			1.0680034503758415
5480.9			1.0167376474447132
5481.8			0.9992600501605443
5482.7			1.0
5483.6			1.0
5484.5			1.0
5485.4			1.0
5486.3			1.0
5487.2			1.0
5488.1			1.0
5489.0			1.0
5489.9			1.0
5490.8			1.0
5491.7			1.0
5492.6			1.0
5493.5			1.0
5494.4			1.0
5495.3			1.0
5496.2			1.0
5497.1			1.0
5498.0			1.0
5498.9			1.0
5499.8			1.0
5500.7			1.0
5501.6			1.0
5502.5			1.0
5503.4			1.0
5504.3			1.0
5505.2			1.0
5506.1			1.0
5507.0			1.0
5507.9			1.0
5508.8			1.0220381771533076
5509.7			1.0163446750684526
5510.6			0.9979533404842151
5511.5			0.9560725709218582
5512.4			0.9166991402948894
5513.3			0.9047014402944503
5514.2			0.9181247370556951
5515.1			0.9409751507893624
5516.0			0.9571571200109187
5516.9			0.9702979191165932
5517.8			0.9962242126389339
5518.7			1.0
5519.6			1.0
5520.5			1.0
5521.4			1.0
5522.3			1.0
5523.2			1.0
5524.1			0.9916891698159104
5525.0			0.9696501486414291
5525.9			0.9475106161998232
5526.8			0.9277901800352487
5527.7			0.9054455384397961
5528.6			0.9127129399166313
5529.5			0.9597054584179417
5530.4			0.9954849473758396
5531.3			0.9985805368719602
5532.2			1.0
5533.1			1.0
5534.0			1.0
5534.9			1.0
5535.8			1.0
5536.7			1.0
5537.6			1.0
5538.5			1.0
5539.4			1.0
5540.3			1.0
5541.2			1.0
5542.1			1.0
5543.0			1.0
5543.9			1.0
5544.8			1.0
5545.7			1.0
5546.6			1.0
5547.5			1.0
5548.4			1.0
5549.3			1.0
5550.200000000001			1.0
5551.1			1.0
5552.0			1.0
5552.9			1.0
5553.8			1.0
5554.700000000001			1.0
5555.6			1.0
5556.5			1.0
5557.4			1.0
5558.3			1.0
5559.200000000001			1.0
5560.1			1.0
5561.0			1.0
5561.9			1.0
5562.8			1.0
5563.700000000001			1.0
5564.6			1.0
5565.5			1.0
5566.4			1.0
5567.3			1.0
5568.200000000001			1.0
5569.1			1.0
5570.0			1.0
5570.9			1.0
5571.8			1.0
5572.700000000001			1.0
5573.6			1.0
5574.5			1.0
5575.4			1.0
5576.3			1.0
5577.200000000001			1.0
5578.1			1.0
5579.0			1.0
5579.9			1.0
5580.8			0.9999435592737844
5581.700000000001			0.9943105642364393
5582.6			1.0034666844224605
5583.5			1.001734432624596
5584.4			0.9846660921467649
5585.3			0.9570243093015203
5586.200000000001			0.919262190226752
5587.1			0.8964499811200071
5588.0			0.9026107143134424
5588.9			0.9323970143971001
5589.8			0.9709429888587825
5590.700000000001			1.000692546033641
5591.6			1.0176284531172919
5592.5			1.0212397130131523
5593.4			1.0040068623739644
5594.3			1.0
5595.200000000001			1.0
5596.1			1.0337316881743663
5597.0			1.0125637520894526
5597.9			0.9665268484681805
5598.8			0.9473778119316938
5599.700000000001			0.9390775945466124
5600.6			0.920132339557155
5601.5			0.904562973773929
5602.4			0.9013085183967409
5603.3			0.9186386024959012
5604.200000000001			0.9504714389759683
5605.1			0.982586419396456
5606.0			1.0015690775821031
5606.9			1.0028814831988722
5607.8			1.0
5608.700000000001			1.0
5609.6			1.0
5610.5			1.0
5611.4			1.0
5612.3			1.0
5613.200000000001			0.9864133592670875
5614.1			0.9228306265232367
5615.0			0.8710952644777545
5615.9			0.9062784815757298
5616.8			0.984083229176925
5617.700000000001			1.0
5618.6			1.0
5619.5			1.0
5620.4			1.0
5621.3			1.0
5622.200000000001			1.0032859552691624
5623.1			0.9508754232738347
5624.0			0.8841055031971631
5624.9			0.8801802552371053
5625.8			0.931871210431608
5626.700000000001			0.9757962637628643
5627.6			1.001107799331765
5628.5			1.0
5629.4			1.0
5630.3			1.0
5631.200000000001			1.0
5632.1			1.0
5633.0			1.0
5633.9			1.0
5634.8			1.0
5635.700000000001			1.0
5636.6			1.0
5637.5			1.0
5638.4			1.0
5639.3			1.0
5640.200000000001			1.0
5641.1			1.0
5642.0			1.0
5642.9			1.0
5643.8			1.0
5644.700000000001			1.0
5645.6			1.0
5646.5			1.0
5647.4			1.0
5648.3			1.0
5649.200000000001			1.0
5650.1			1.0
5651.0			1.0
5651.9			1.0
5652.8			1.0
5653.700000000001			1.0
5654.6			1.0
5655.5			1.0083363950450164
5656.4			0.991872286776695
5657.3			0.917049027619823
5658.200000000001			0.8645809020955686
5659.1			0.9047079454578705
5660.0			0.9820828888686557
5660.9			0.9999787498959052
5661.8			1.0
5662.700000000001			1.0
5663.6			1.0
5664.5			1.0
5665.4			1.0
5666.3			1.0
5667.200000000001			1.0
5668.1			1.0
5669.0			1.0
5669.9			1.0
5670.8			1.0
5671.700000000001			1.0
5672.6			1.0
5673.5			1.0
5674.4			1.0
5675.3			1.0
5676.200000000001			1.0
5677.1			1.0
5678.0			1.0
5678.9			1.0
5679.8			1.0
5680.700000000001			1.0040115348546856
5681.6			0.9873211888468055
5682.5			0.9685114340212132
5683.4			0.9680467019766986
5684.3			0.9761023819400345
5685.200000000001			0.979177636242112
5686.1			0.9620784173865987
5687.0			0.935580421176664
5687.9			0.9348076410929204
5688.8			0.965936751688601
5689.700000000001			1.0073583974518885
5690.6			1.03152897553574
5691.5			1.0380625668806036
5692.4			1.04844262817454
5693.3			1.0455559777175152
5694.200000000001			1.0184619591377106
5695.1			0.9996980468261428
5696.0			1.0
5696.9			1.0
5697.8			1.0
5698.700000000001			1.0
5699.6			1.0
5700.5			0.9774172181964226
5701.4			0.9552194204522454
5702.3			0.9576969962943174
5703.200000000001			0.9769638621724894
5704.1			0.9884988920843942
5705.0			0.973338811543803
5705.9			0.9473461040387681
5706.8			0.9241327012778214
5707.700000000001			0.8960394824895531
5708.6			0.8709081831921297
5709.5			0.8745153317852631
5710.4			0.8872417903151759
5711.3			0.8915509094673872
5712.200000000001			0.9238032513904074
5713.1			0.9719470343048887
5714.0			0.9917771199717303
5714.9			0.9965333534203059
5715.8			1.000813125174315
5716.700000000001			0.9982565024264761
5717.6			1.0
5718.5			1.0
5719.4			1.0
5720.3			1.0
5721.200000000001			1.0
5722.1			1.0
5723.0			1.0
5723.9			1.0
5724.8			0.9886067510205909
5725.700000000001			0.9553689500329471
5726.6			0.9211555121472078
5727.5			0.9350064009051108
5728.4			0.9944761241066116
5729.3			1.0
5730.200000000001			1.0
5731.1			1.0
5732.0			1.0
5732.9			1.0
5733.8			1.0
5734.700000000001			1.0
5735.6			1.0
5736.5			1.0
5737.4			1.0
5738.3			1.0
5739.200000000001			1.0
5740.1			1.0
5741.0			1.0
5741.9			1.0
5742.8			1.0
5743.700000000001			1.0
5744.6			1.0
5745.5			1.0
5746.4			1.0
5747.3			1.0
5748.200000000001			1.0
5749.1			1.0
5750.0			1.0
5750.9			1.0006877828460103
5751.8			0.9780127071553485
5752.700000000001			0.9352894955056176
5753.6			0.9091733325973186
5754.5			0.9327898319567323
5755.4			0.9771932455286271
5756.3			0.9984194953228579
5757.200000000001			1.0
5758.1			1.0
5759.0			1.0
5759.9			1.0
5760.8			1.0
5761.700000000001			1.0
5762.6			1.0
5763.5			1.0
5764.4			1.0
5765.3			1.0
5766.200000000001			1.0
5767.1			1.0
5768.0			1.0
5768.9			1.0
5769.8			1.0
5770.700000000001			1.0
5771.6			1.0
5772.5			1.0
5773.4			1.0031919650583734
5774.3			1.0026749443865446
5775.200000000001			1.0091046244058697
5776.1			1.021356545154478
5777.0			1.02027751969132
5777.9			1.0064821107280755
5778.8			0.9715851957200379
5779.700000000001			0.898771877165517
5780.6			0.8401728160873896
5781.5			0.8540564287848559
5782.4			0.909458988802114
5783.3			0.938957471709907
5784.200000000001			0.9152741406512582
5785.1			0.8996564721916818
5786.0			0.9419210958290173
5786.9			0.9872333615692153
5787.8			1.0003830211378837
5788.700000000001			1.0
5789.6			1.0
5790.5			1.0
5791.4			1.0
5792.3			1.0
5793.200000000001			1.0
5794.1			1.0
5795.0			1.0
5795.9			1.0
5796.8			1.0
5797.700000000001			1.0
5798.6			1.0
5799.5			1.0
5800.4			1.0
5801.3			1.0
5802.200000000001			1.0
5803.1			1.0
5804.0			1.0
5804.9			1.0
5805.8			1.0
5806.700000000001			1.0
5807.6			1.0
5808.5			1.0
5809.4			1.0
5810.3			1.0
5811.200000000001			1.0
5812.1			1.0
5813.0			1.0
5813.9			1.0
5814.8			1.0
5815.700000000001			1.0
5816.6			1.0
5817.5			1.0
5818.4			1.0
5819.3			1.0
5820.200000000001			1.0
5821.1			1.0
5822.0			1.0
5822.9			1.0
5823.8			1.0
5824.700000000001			1.0
5825.6			1.0
5826.5			1.0
5827.4			1.0
5828.3			1.0
5829.200000000001			1.0
5830.1			1.0
5831.0			1.0
5831.9			1.0
5832.8			1.0
5833.700000000001			1.0
5834.6			1.0
5835.5			1.0
5836.4			1.0
5837.3			1.0
5838.200000000001			1.0
5839.1			1.0
5840.0			1.0
5840.9			1.0
5841.8			1.0
5842.700000000001			1.0
5843.6			1.0
5844.5			1.0
5845.4			1.0
5846.3			1.0
5847.200000000001			1.0
5848.1			1.0
5849.0			1.0
5849.9			1.0
5850.8			1.0
5851.700000000001			1.0
5852.6			1.0
5853.5			1.0
5854.4			1.0306684570354605
5855.3			1.0341588335431509
5856.200000000001			0.9869300828405045
5857.1			0.9347378056470454
5858.0			0.9340814029423631
5858.9			0.9689790651145754
5859.8			1.0035503555760374
5860.700000000001			1.0
5861.6			1.0
5862.5			1.0
5863.4			1.0
5864.3			1.0
5865.200000000001			1.0
5866.1			1.0
5867.0			1.0
5867.9			1.0
5868.8			1.0
5869.700000000001			1.0
5870.6			1.0
5871.5			1.0
5872.4			1.0
5873.3			1.0
5874.200000000001			1.0
5875.1			1.0
5876.0			1.0
5876.9			1.0
5877.8			1.0
5878.700000000001			1.0
5879.6			1.0
5880.5			1.0
5881.4			1.0
5882.3			1.0
5883.200000000001			1.0
5884.1			1.0
5885.0			1.0
5885.9			1.0
5886.8			1.0
5887.700000000001			0.9512606628536912
5888.6			0.7847865814048561
5889.5			0.5997098151921881
5890.4			0.5969244454668439
5891.3			0.7621895817611454
5892.200000000001			0.9141891056988903
5893.1			0.9914439713817199
5894.0			1.0
5894.9			1.0
5895.8			1.0
5896.700000000001			1.0
5897.6			1.0
5898.5			1.0
5899.4			1.0
5900.3			1.0
5901.200000000001			1.0
5902.1			1.0
5903.0			1.0
5903.9			1.0
5904.8			1.0
5905.700000000001			1.0
5906.6			1.0
5907.5			1.0
5908.4			1.0
5909.3			1.0
5910.200000000001			1.0
5911.1			1.0
5912.0			1.0
5912.9			1.0
5913.8			1.0
5914.700000000001			1.0
5915.6			1.0
5916.5			1.0
5917.4			1.0
5918.3			1.0
5919.200000000001			1.0
5920.1			1.0
5921.0			1.0
5921.9			1.0
5922.8			1.0
5923.700000000001			1.0
5924.6			1.0
5925.5			1.0
5926.4			1.0
5927.3			1.0
5928.200000000001			1.0
5929.1			1.0
5930.0			1.0
5930.9			1.0
5931.8			1.0
5932.700000000001			1.0
5933.6			1.0
5934.5			1.0
5935.4			1.0
5936.3			1.0
5937.200000000001			1.0
5938.1			1.0
5939.0			1.0
5939.9			1.0
5940.8			1.0
5941.700000000001			1.0
5942.6			1.0
5943.5			1.0
5944.4			1.0
5945.3			1.0
5946.200000000001			1.0
5947.1			1.0
5948.0			1.0
5948.9			1.0
5949.8			1.0
5950.700000000001			1.0
5951.6			1.0
5952.5			1.0
5953.4			1.0
5954.3			1.0
5955.200000000001			1.0
5956.1			1.0
5957.0			1.0
5957.9			1.0
5958.8			1.0
5959.700000000001			1.0
5960.6			1.0
5961.5			1.0
5962.4			1.0
5963.3			1.0
5964.200000000001			1.0
5965.1			1.0
5966.0			1.0
5966.9			1.0
5967.8			1.0
5968.700000000001			1.0
5969.6			1.0
5970.5			1.0
5971.4			1.0
5972.3			1.0
5973.200000000001			1.0
5974.1			1.0
5975.0			1.0
5975.9			1.0
5976.8			1.0
5977.700000000001			1.0
5978.6			1.0
5979.5			1.0
5980.4			1.0104981350514368
5981.3			1.0122158243599444
5982.200000000001			1.0011486297495316
5983.1			0.9651226482299612
5984.0			0.9342346220681974
5984.9			0.9405109488043519
5985.8			0.9693240659485061
5986.700000000001			0.9885046853337724
5987.6			0.999975875998759
5988.5			1.0
5989.4			1.0
5990.3			1.0
5991.200000000001			1.0
5992.1			1.0
5993.0			1.0
5993.9			1.0
5994.8			1.0
5995.700000000001			1.0
5996.6			1.0
5997.5			1.0
5998.4			1.0
5999.3			1.0
6000.200000000001			1.0
6001.1			1.0
6002.0			1.0
6002.9			1.0
6003.8			1.0
6004.700000000001			1.0
6005.6			1.0002929332693156
6006.5			0.9731726204194501
6007.4			0.9398176114066417
6008.3			0.9374581997250686
6009.200000000001			0.964408588136312
6010.1			0.9895457552025663
6011.0			0.9995859843537643
6011.9			1.0
6012.8			1.0
6013.700000000001			1.0
6014.6			1.0
6015.5			1.0
6016.4			1.0
6017.3			1.0
6018.200000000001			1.0
6019.1			1.0
6020.0			1.0
6020.9			1.0
6021.8			1.0
6022.700000000001			1.0
6023.6			1.0
6024.5			1.0
6025.4			1.0
6026.3			1.0
6027.200000000001			1.0
6028.1			1.0
6029.0			1.0
6029.9			1.0
6030.8			1.0
6031.700000000001			1.0
6032.6			1.0
6033.5			1.0
6034.4			1.0
6035.3			1.0
6036.200000000001			1.0
6037.1			1.0
6038.0			1.0
6038.9			1.0
6039.8			1.0
6040.700000000001			1.0
6041.6			1.0
6042.5			1.0
6043.4			1.0
6044.3			1.0
6045.200000000001			1.0
6046.1			1.0
6047.0			1.0
6047.9			1.0
6048.8			1.0
6049.700000000001			1.0
6050.6			1.0
6051.5			1.0
6052.4			1.0
6053.3			1.0
6054.200000000001			1.0
6055.1			1.0
6056.0			1.0
6056.9			1.0
6057.8			1.0
6058.700000000001			1.0
6059.6			1.0
6060.5			0.9893914484462164
6061.4			0.9677614346412005
6062.3			0.9497240887144737
6063.200000000001			0.9395173125743835
6064.1			0.9222229026503644
6065.0			0.906386299630768
6065.9			0.9203764362533163
6066.8			0.9573130014808289
6067.700000000001			0.9921774788929149
6068.6			1.0017878547614596
6069.5			1.0004488890239362
6070.4			1.0
6071.3			1.0
6072.200000000001			1.0
6073.1			1.0
6074.0			1.0
6074.9			1.0
6075.8			1.0
6076.700000000001			1.0
6077.6			1.0
6078.5			1.0
6079.4			1.0
6080.3			1.0
6081.200000000001			1.0
6082.1			1.0
6083.0			1.0
6083.9			1.0
6084.8			1.0
6085.700000000001			1.0
6086.6			1.0
6087.5			1.0
6088.4			1.0
6089.3			1.0
6090.200000000001			1.0
6091.1			1.0
6092.0			1.0
6092.9			1.0
6093.8			1.0
6094.700000000001			1.0
6095.6			1.0
6096.5			1.0
6097.4			1.0
6098.3			1.0
6099.200000000001			1.0
6100.1			1.0038523708395433
6101.0			0.9764034072877994
6101.9			0.9156773683662845
6102.8			0.8934426115115295
6103.700000000001			0.9375618377202688
6104.6			0.9883594787666391
6105.5			1.0000950019197277
6106.4			1.0
6107.3			1.0
6108.200000000001			1.0
6109.1			1.0
6110.0			1.0
6110.9			1.0
6111.8			1.0
6112.700000000001			1.0
6113.6			1.0
6114.5			1.0
6115.4			1.0
6116.3			1.0
6117.200000000001			1.0
6118.1			1.0
6119.0			1.0
6119.9			1.0
6120.8			1.0
6121.700000000001			1.0
6122.6			1.0
6123.5			1.0
6124.4			1.0
6125.3			0.9679143780297889
6126.200000000001			0.9383710790847299
6127.1			0.913277880831529
6128.0			0.8955930957061673
6128.9			0.9257252367745257
6129.8			0.9734532281423931
6130.700000000001			0.9995656432763601
6131.6			1.0
6132.5			1.0
6133.4			1.0
6134.3			0.9634360857545279
6135.200000000001			0.9086943342360939
6136.1			0.8384183630004347
6137.0			0.8078195125815927
6137.9			0.8686958640600815
6138.8			0.961512608100923
6139.700000000001			0.9999275990525387
6140.6			1.0
6141.5			1.0
6142.4			1.0
6143.3			1.0
6144.200000000001			1.0
6145.1			1.0
6146.0			1.0
6146.9			1.0
6147.8			1.0
6148.700000000001			1.0
6149.6			1.0
6150.5			1.0
6151.4			1.0
6152.3			1.0
6153.200000000001			1.0
6154.1			1.0
6155.0			1.0
6155.9			1.0
6156.8			1.0
6157.700000000001			1.0
6158.6			1.006133389796378
6159.5			0.9781097450073478
6160.4			0.9269821946620894
6161.3			0.869214036469982
6162.200000000001			0.8515502815210049
6163.1			0.8920773285893413
6164.0			0.9562736767392743
6164.9			0.9934318926788874
6165.8			1.0071382672152291
6166.700000000001			1.0
6167.6			1.0
6168.5			1.0
6169.4			1.0
6170.3			1.0
6171.200000000001			1.0
6172.1			1.0
6173.0			1.0
6173.9			1.0
6174.8			1.0
6175.700000000001			1.0
6176.6			1.0
6177.5			1.0
6178.4			1.0
6179.3			1.0
6180.200000000001			1.0
6181.1			1.0
6182.0			1.0
6182.9			1.0
6183.8			1.0
6184.700000000001			1.0
6185.6			1.0
6186.5			0.970560868933211
6187.4			0.9456972066138336
6188.3			0.9357889320340275
6189.200000000001			0.9288472149180427
6190.1			0.9013690457338607
6191.0			0.8743270774948524
6191.9			0.9040301144163453
6192.8			0.9647903730078823
6193.700000000001			0.9972478903091654
6194.6			0.9990980518418976
6195.5			1.0006750046816308
6196.4			1.0
6197.3			1.0
6198.200000000001			1.0
6199.1			1.0
6200.0			1.0
6200.9			1.0
6201.8			1.0
6202.700000000001			1.0
6203.6			1.0
6204.5			1.0
6205.4			1.0
6206.3			1.0
6207.200000000001			1.0
6208.1			1.0
6209.0			1.0
6209.9			1.0
6210.8			0.9907921915361495
6211.700000000001			0.9982601074622072
6212.6			0.9702761388274174
6213.5			0.9259054169804929
6214.4			0.9116606176813169
6215.3			0.9142327446428773
6216.200000000001			0.9460212397340256
6217.1			0.9951512633734876
6218.0			1.001385197001735
6218.9			1.0
6219.8			1.0
6220.700000000001			1.0
6221.6			1.0
6222.5			1.0
6223.4			1.0
6224.3			1.0
6225.200000000001			1.0
6226.1			1.0
6227.0			1.0058158458491055
6227.9			1.0022231128429195
6228.8			0.9610876555320433
6229.700000000001			0.8935678830420719
6230.6			0.8675751621206549
6231.5			0.8905255747111904
6232.4			0.9188428241621991
6233.3			0.9551372099646365
6234.200000000001			1.0
6235.1			1.031795810182766
6236.0			1.0387369176168861
6236.9			1.021760402610531
6237.8			0.9970578404669459
6238.700000000001			0.9669473032680654
6239.6			0.9404541816885512
6240.5			0.9552398965760893
6241.4			0.9713037099408355
6242.3			0.9467751767868604
6243.200000000001			0.9380182515876391
6244.1			0.952291161026857
6245.0			0.95177498854898
6245.9			0.9501680024397647
6246.8			0.9801828799137381
6247.700000000001			1.0255914438648905
6248.6			1.0
6249.5			1.0023160555253365
6250.4			0.9934609012855088
6251.3			0.9611105753687809
6252.200000000001			0.931546474191007
6253.1			0.9327911552080227
6254.0			0.9484398864392017
6254.9			0.9498689272185162
6255.8			0.9218524286502066
6256.700000000001			0.8747054568332364
6257.6			0.8408444929542296
6258.5			0.8677388354733041
6259.4			0.9355699909469793
6260.3			0.9840350013337956
6261.200000000001			1.0155686902265866
6262.1			1.0546690429540668
6263.0			1.0859666665223442
6263.9			1.0696816515387149
6264.8			1.018087910383543
6265.700000000001			0.9967814827436366
6266.6			1.0
6267.5			1.0
6268.4			1.0
6269.3			1.0
6270.200000000001			1.0
6271.1			1.0
6272.0			1.0
6272.9			1.0
6273.8			0.990651879018041
6274.700000000001			0.9906613959235983
6275.6			1.003054425228701
6276.5			1.0089202070457435
6277.4			1.003322804698418
6278.3			0.9894039765275088
6279.200000000001			0.960195073732887
6280.1			0.9300464104198156
6281.0			0.9216230939430795
6281.9			0.931564852207506
6282.8			0.9440925262484232
6283.700000000001			0.9411472798050993
6284.6			0.9316706982076053
6285.5			0.9440728725649016
6286.4			0.9615830632177476
6287.3			0.9734412413813746
6288.200000000001			1.0003190777127493
6289.1			1.0
6290.0			1.0
6290.9			1.0
6291.8			1.0
6292.700000000001			0.990920005669715
6293.6			1.0051835328549916
6294.5			1.012323748918154
6295.4			0.9900444519233542
6296.3			0.9582112518705893
6297.200000000001			0.9516427267399087
6298.1			0.9708357046511051
6299.0			0.9822269428574402
6299.9			0.9677464248452018
6300.8			0.940772526708162
6301.700000000001			0.9352863552333671
6302.6			0.9552399096585902
6303.5			0.973598917978612
6304.4			0.9850948120651972
6305.3			1.0061585333429064
6306.200000000001			1.0403252017223332
6307.1			1.0611579542794936
6308.0			1.0518908937083251
6308.9			1.0253883318622479
6309.8			1.0019812641185426
6310.700000000001			0.9997048611954413
6311.6			1.0
6312.5			1.0
6313.4			1.0
6314.3			1.0
6315.200000000001			1.0
6316.1			1.0
6317.0			1.0
6317.9			1.0
6318.8			1.0
6319.700000000001			1.0
6320.6			1.0
6321.5			1.0
6322.4			1.0
6323.3			1.0
6324.200000000001			1.0
6325.1			1.0
6326.0			1.0
6326.9			1.0
6327.8			1.0
6328.700000000001			1.0
6329.6			1.0
6330.5			1.0
6331.4			1.0
6332.3			1.0
6333.200000000001			0.9955674295634277
6334.1			0.9635278933811309
6335.0			0.9235672597858627
6335.9			0.9190244041683007
6336.8			0.9544381817217
6337.700000000001			0.9870829508372789
6338.6			1.001257414783577
6339.5			1.0
6340.4			1.0
6341.3			1.0
6342.200000000001			1.0
6343.1			1.0
6344.0			1.0
6344.9			1.0
6345.8			1.0
6346.700000000001			1.0
6347.6			1.0
6348.5			1.0
6349.4			1.0003024178362196
6350.3			0.998202140985289
6351.200000000001			0.9942465441645835
6352.1			0.9765601419494455
6353.0			0.9518992436791718
6353.9			0.9406866272147896
6354.8			0.9475572642456335
6355.700000000001			0.9644621839572274
6356.6			0.9645460005367104
6357.5			0.9347738567180459
6358.4			0.9032850628570548
6359.3			0.9052319595411941
6360.200000000001			0.9320340621056222
6361.1			0.9429307500083134
6362.0			0.9322830838656999
6362.9			0.926518799029193
6363.8			0.9424389166245136
6364.700000000001			0.96131955746113
6365.6			0.9661401134362401
6366.5			0.9755166544483926
6367.4			0.9998561880309346
6368.3			1.0
6369.200000000001			1.0
6370.1			1.0
6371.0			1.0
6371.9			1.0
6372.8			1.0
6373.700000000001			1.0
6374.6			1.0
6375.5			1.0
6376.4			1.0
6377.3			1.0
6378.200000000001			1.0
6379.1			1.0
6380.0			1.0
6380.9			1.0
6381.8			1.0
6382.700000000001			1.0
6383.6			1.0
6384.5			1.0
6385.4			1.0
6386.3			1.0
6387.200000000001			1.0
6388.1			1.0
6389.0			1.0
6389.9			1.0
6390.8			1.0
6391.700000000001			1.0
6392.6			1.0
6393.5			1.0
6394.4			1.0
6395.3			1.0
6396.200000000001			1.0
6397.1			1.0
6398.0			0.9910294836448114
6398.9			0.9488438973778052
6399.8			0.905365635195827
6400.700000000001			0.9301679256918677
6401.6			0.998758638918398
6402.5			1.0
6403.4			1.0
6404.3			1.0
6405.200000000001			1.0
6406.1			1.0
6407.0			1.0
6407.9			1.0
6408.8			1.0
6409.700000000001			1.0
6410.6			1.0
6411.5			1.0
6412.4			1.0
6413.3			1.0
6414.200000000001			1.0
6415.1			1.0
6416.0			1.0
6416.9			1.0079132187426794
6417.8			0.9982906902547527
6418.700000000001			0.974435198868206
6419.6			0.9496621018412511
6420.5			0.9303466559382261
6421.4			0.9339846929873775
6422.3			0.9635905385841051
6423.200000000001			0.9915078775080444
6424.1			1.0010401862682372
6425.0			1.0
6425.9			1.0
6426.8			1.0
6427.700000000001			0.9968793643371274
6428.6			0.9750716475816014
6429.5			0.9359016144385313
6430.4			0.9115003727918182
6431.3			0.9267667166648066
6432.200000000001			0.9675852028487526
6433.1			0.9949101451091301
6434.0			1.0
6434.9			1.0
6435.8			1.0
6436.700000000001			1.0
6437.6			1.0
6438.5			1.0
6439.4			1.0
6440.3			1.0
6441.200000000001			1.0
6442.1			1.0
6443.0			1.0
6443.9			1.0
6444.8			1.0
6445.700000000001			1.0
6446.6			1.0
6447.5			0.9808249563911126
6448.4			0.9368792337330799
6449.3			0.8764665229902497
6450.200000000001			0.8607661132522221
6451.1			0.9075745805101181
6452.0			0.969026032960786
6452.9			0.9979614381619126
6453.8			1.0
6454.700000000001			1.0
6455.6			1.0
6456.5			1.0
6457.4			1.0
6458.3			1.0
6459.200000000001			1.0
6460.1			1.0014742395809515
6461.0			0.9724323890552061
6461.9			0.9138086341158513
6462.8			0.8893970200975667
6463.700000000001			0.9226604375632652
6464.6			0.969700448887593
6465.5			0.9995416686794579
6466.4			1.0
6467.3			1.0
6468.200000000001			1.0
6469.1			1.0
6470.0			1.0
6470.9			1.0
6471.8			1.0
6472.700000000001			1.0
6473.6			1.0
6474.5			1.0
6475.4			1.0
6476.3			1.0
6477.200000000001			1.0
6478.1			1.0
6479.0			1.0
6479.9			1.004693007053455
6480.8			0.9838137976709538
6481.700000000001			0.9389744769184281
6482.6			0.9246556937960433
6483.5			0.9499705142266215
6484.4			0.9824094911847951
6485.3			1.0008711769664496
6486.200000000001			1.0
6487.1			1.0103545236714147
6488.0			1.0094937278442722
6488.9			1.0009361721155028
6489.8			0.9806280346456372
6490.700000000001			0.9603116996470322
6491.6			0.9546043625148515
6492.5			0.9343618023411556
6493.4			0.8738181677161015
6494.3			0.8289623282770604
6495.200000000001			0.8403714008233701
6496.1			0.8570702213194995
6497.0			0.8736671519341916
6497.9			0.889649601333334
6498.8			0.8941834170707759
6499.700000000001			0.9151885890753687
6500.6			0.9539103157092352
6501.5			0.9966885489008
6502.4			1.0
6503.3			1.0
6504.200000000001			1.0
6505.1			1.0
6506.0			0.9933662991215619
6506.9			0.964814764507386
6507.8			0.9359128018667674
6508.700000000001			0.9447295981568342
6509.6			0.9946054568978666
6510.5			1.0
6511.4			1.0
6512.3			1.0
6513.200000000001			1.0
6514.1			1.0
6515.0			1.0
6515.9			1.0
6516.8			1.0
6517.700000000001			1.0
6518.6			1.0
6519.5			1.0
6520.4			1.0
6521.3			1.0
6522.200000000001			1.0
6523.1			1.0
6524.0			1.0
6524.9			1.0
6525.8			1.0
6526.700000000001			1.0
6527.6			1.0
6528.5			1.0
6529.4			1.0
6530.3			1.0
6531.200000000001			1.0
6532.1			1.0
6533.0			1.0
6533.9			1.0
6534.8			1.0
6535.700000000001			1.0
6536.6			1.0
6537.5			1.0
6538.4			1.0
6539.3			1.0
6540.200000000001			1.0
6541.1			1.0
6542.0			1.0
6542.9			1.0
6543.8			1.0
6544.700000000001			1.0
6545.6			1.0
6546.5			1.0
6547.4			1.0
6548.3			1.0
6549.200000000001			1.0
6550.1			1.0
6551.0			1.0
6551.9			1.0
6552.8			1.0
6553.700000000001			1.0
6554.6			1.0
6555.5			1.0
6556.4			1.0
6557.3			1.0
6558.200000000001			1.0
6559.1			1.0
6560.0			0.9813633781877154
6560.9			0.8724673405148725
6561.8			0.6842845339358901
6562.700000000001			0.5986296855122909
6563.6			0.7151054597060476
6564.5			0.8908853871971308
6565.4			0.9996937003604085
6566.3			1.0
6567.200000000001			1.0
6568.1			1.0
6569.0			1.0
6569.9			0.9840223200742083
6570.8			0.96478363780778
6571.700000000001			0.9390914171531086
6572.6			0.9173696993332637
6573.5			0.9017027155155156
6574.4			0.8965410629217909
6575.3			0.9238181092769878
6576.200000000001			0.9765690541077904
6577.1			1.0144830645881358
6578.0			1.0245684071776633
6578.9			0.9999776738949885
6579.8			1.0
6580.700000000001			1.0
6581.6			1.0
6582.5			1.0
6583.4			1.0
6584.3			1.0
6585.200000000001			1.0
6586.1			1.0
6587.0			1.0
6587.9			1.0
6588.8			1.0
6589.700000000001			1.0070341600988886
6590.6			0.9845183748400743
6591.5			0.9347336072623631
6592.4			0.8909495555426499
6593.3			0.8853344934027716
6594.200000000001			0.9185529491931382
6595.1			0.9588699995281328
6596.0			0.9884435475699805
6596.9			1.0012568577719798
6597.8			1.0
6598.700000000001			1.0
6599.6			1.0
6600.5			1.0
6601.4			1.0
6602.3			1.0
6603.200000000001			1.0
6604.1			1.0
6605.0			0.9966023420564808
6605.9			0.9849019047901942
6606.8			0.9678987496598769
6607.700000000001			0.9439216204481063
6608.6			0.929579197659351
6609.5			0.9500139096809312
6610.4			0.9944736935877446
6611.3			1.0167497243625672
6612.200000000001			1.0003625953715507
6613.1			1.0
6614.0			1.0
6614.9			1.0
6615.8			1.0
6616.700000000001			1.0
6617.6			1.0
6618.5			1.0
6619.4			1.0
6620.3			1.0
6621.200000000001			1.0
6622.1			1.0
6623.0			1.0
6623.9			1.0
6624.8			1.0
6625.700000000001			1.0
6626.6			1.0
6627.5			1.0
6628.4			1.0
6629.3			1.0
6630.200000000001			1.0
6631.1			1.0
6632.0			1.0
6632.9			1.0
6633.8			1.0
6634.700000000001			1.0
6635.6			1.0
6636.5			1.0
6637.4			1.0
6638.3			1.0
6639.200000000001			1.0
6640.1			1.0
6641.0			1.0
6641.9			1.0
6642.8			1.0
6643.700000000001			1.0
6644.6			1.0
6645.5			1.0
6646.4			1.0
6647.3			1.0
6648.200000000001			1.0
6649.1			1.0
6650.0			1.0
6650.9			1.0
6651.8			1.0
6652.700000000001			1.0
6653.6			1.0
6654.5			1.0
6655.4			1.0
6656.3			1.0
6657.200000000001			1.0
6658.1			1.0
6659.0			1.0
6659.9			1.0
6660.8			1.0
6661.700000000001			1.0
6662.6			1.0
6663.5			1.0
6664.4			1.0
6665.3			1.0
6666.200000000001			1.0
6667.1			1.0
6668.0			1.0
6668.9			1.0
6669.8			1.0
6670.700000000001			1.0
6671.6			1.0
6672.5			1.0
6673.4			1.0
6674.3			1.0
6675.200000000001			0.998226309917051
6676.1			0.9851866043021038
6677.0			0.9442566531413598
6677.9			0.9153355423359371
6678.8			0.9369451561522837
6679.700000000001			0.9807419525277687
6680.6			1.0004468643284339
6681.5			1.0
6682.4			1.0
6683.3			1.0
6684.200000000001			1.0
6685.1			1.0
6686.0			1.0
6686.9			1.0
6687.8			1.0
6688.700000000001			1.0
6689.6			1.0
6690.5			1.0
6691.4			1.0
6692.3			1.0
6693.200000000001			1.0
6694.1			1.0
6695.0			1.0
6695.9			1.0
6696.8			1.0
6697.700000000001			1.0
6698.6			1.0
6699.5			1.0
6700.4			1.0
6701.3			1.0
6702.200000000001			1.0
6703.1			1.0
6704.0			1.0
6704.9			1.0
6705.8			1.0
6706.700000000001			1.0
6707.6			1.0
6708.5			1.0
6709.4			1.0
6710.3			1.0
6711.200000000001			1.0
6712.1			1.0
6713.0			1.0
6713.9			0.9879383870801096
6714.8			0.979204484614604
6715.700000000001			0.9637317273020308
6716.6			0.9375403682122363
6717.5			0.9272354184528047
6718.4			0.9544162239112761
6719.3			0.9958585120999071
6720.200000000001			1.0111821560543934
6721.1			0.9999709153174435
6722.0			1.0
6722.9			1.0
6723.8			1.0
6724.700000000001			1.0
6725.6			1.0
6726.5			1.0
6727.4			1.0
6728.3			1.0
6729.200000000001			1.0
6730.1			1.0
6731.0			1.0
6731.9			1.0
6732.8			1.0
6733.700000000001			1.0
6734.6			1.0
6735.5			1.0
6736.4			1.0
6737.3			0.9927377029993454
6738.200000000001			0.9641111756127081
6739.1			0.9445849365558228
6740.0			0.9557163134914913
6740.9			0.9749644708196699
6741.8			0.9587682698160366
6742.700000000001			0.9303492033474471
6743.6			0.9384627969534717
6744.5			0.9601134522716468
6745.4			0.9712058403902277
6746.3			0.9775213429446056
6747.200000000001			0.991321478726496
6748.1			0.9994117079838669
6749.0			1.0
6749.9			1.0
6750.8			1.0
6751.700000000001			1.0
6752.6			1.0
6753.5			1.0
6754.4			1.0
6755.3			1.0
6756.200000000001			1.0
6757.1			1.0
6758.0			1.0
6758.9			1.0
6759.8			1.0145997696282827
6760.700000000001			1.0161449475952273
6761.6			1.0058253764765026
6762.5			1.0054444928855593
6763.4			1.0102892449572538
6764.3			1.0098475993806335
6765.200000000001			0.9998121119373868
6766.1			0.9664471266526315
6767.0			0.9319234868207974
6767.9			0.9348118553544676
6768.8			0.9633996407304948
6769.700000000001			0.9779247468868023
6770.6			0.9668990399199595
6771.5			0.9658083957093908
6772.4			0.9765596570027482
6773.3			0.98577109542224
6774.200000000001			0.9997918405381799
6775.1			1.0
6776.0			1.0
6776.9			1.0
6777.8			1.0
6778.700000000001			1.0
6779.6			1.0
6780.5			1.0
6781.4			1.0
6782.3			1.0
6783.200000000001			1.0
6784.1			1.0
6785.0			1.0
6785.9			1.0
6786.8			1.0
6787.700000000001			1.0
6788.6			1.0
6789.5			1.0
6790.4			1.0
6791.3			1.0
6792.200000000001			1.0
6793.1			1.0
6794.0			1.0
6794.9			1.0
6795.8			1.0
6796.700000000001			1.0
6797.6			1.0
6798.5			1.0
6799.4			1.0
6800.3			1.0
6801.200000000001			1.0
6802.1			1.0
6803.0			1.0
6803.9			1.0
6804.8			1.0
6805.700000000001			1.0
6806.6			1.0
6807.5			1.0
6808.4			1.0
6809.3			1.0
6810.200000000001			1.0
6811.1			1.0
6812.0			1.0
6812.9			1.0
6813.8			1.0
6814.700000000001			1.0
6815.6			1.0
6816.5			1.0
6817.4			1.0
6818.3			1.0
6819.200000000001			1.0
6820.1			1.0
6821.0			1.0
6821.9			1.0
6822.8			1.0
6823.700000000001			1.0
6824.6			1.0
6825.5			1.0
6826.4			1.0
6827.3			1.0
6828.200000000001			1.0
6829.1			1.0
6830.0			1.0
6830.9			1.0
6831.8			1.0
6832.700000000001			1.0
6833.6			1.0
6834.5			1.0
6835.4			1.0
6836.3			1.0
6837.200000000001			1.0
6838.1			1.0
6839.0			1.0
6839.9			1.0
6840.8			1.0
6841.700000000001			1.0
6842.6			1.0
6843.5			1.0
6844.4			1.0
6845.3			1.0
6846.200000000001			1.0
6847.1			1.0
6848.0			1.0
6848.9			1.0
6849.8			1.0
6850.700000000001			1.0
6851.6			1.0
6852.5			1.0
6853.4			1.0
6854.3			1.0
6855.200000000001			1.0
6856.1			1.0
6857.0			1.0
6857.9			1.009329596324214
6858.8			1.010068162975891
6859.700000000001			1.0033857601869882
6860.6			0.97772010641596
6861.5			0.9484535594760433
6862.4			0.949634020698979
6863.3			0.972513051732546
6864.200000000001			0.9912225178993184
6865.1			0.9986672145969452
6866.0			1.0
6866.9			1.0
6867.8			1.0
6868.700000000001			1.0
6869.6			1.0
6870.5			1.0
6871.4			1.0
6872.3			1.0
6873.200000000001			1.0
6874.1			1.0
6875.0			1.0
6875.9			1.0
6876.8			1.0
6877.700000000001			1.0
6878.6			1.0
6879.5			1.0
6880.4			1.0
6881.3			1.0
6882.200000000001			1.0
6883.1			1.0
6884.0			1.0
6884.9			1.0
6885.8			1.0
6886.700000000001			1.0
6887.6			1.0
6888.5			1.0
6889.4			1.0
6890.3			1.0
6891.200000000001			1.0
6892.1			1.0
6893.0			1.0
6893.9			1.0
6894.8			1.0
6895.700000000001			1.0
6896.6			1.0
6897.5			1.0
6898.4			1.0
6899.3			1.0
6900.200000000001			1.0
6901.1			1.0
6902.0			1.0
6902.9			1.0
6903.8			1.0
6904.700000000001			1.0
6905.6			1.0
6906.5			1.0102081039587385
6907.4			1.004407002968931
6908.3			1.0043218773711988
6909.200000000001			1.0111719939360857
6910.1			1.014747007689134
6911.0			1.0009254803394332
6911.9			0.9739173565816636
6912.8			0.9527770950197902
6913.700000000001			0.9497761823848387
6914.6			0.9650244723129855
6915.5			0.9716679395658836
6916.4			0.9632878468632111
6917.3			0.9615000914334575
6918.200000000001			0.9741422894699592
6919.1			0.9874083392138019
6920.0			0.9935772339566998
6920.9			1.0003711141003175
6921.8			1.0
6922.700000000001			1.0
6923.6			1.0
6924.5			1.0
6925.4			1.0
6926.3			1.0
6927.200000000001			1.0
6928.1			1.0
6929.0			1.0
6929.9			1.0
6930.8			1.0
6931.700000000001			1.0
6932.6			1.0
6933.5			1.0
6934.4			1.0
6935.3			1.0
6936.200000000001			1.0
6937.1			1.0
6938.0			1.0
6938.9			1.0
6939.8			1.0
6940.700000000001			1.0
6941.6			1.0
6942.5			1.0
6943.4			1.0
6944.3			1.0
6945.200000000001			1.0
6946.1			1.0
6947.0			1.0
6947.9			1.0
6948.8			1.0
6949.700000000001			1.0
6950.6			1.0
6951.5			1.0
6952.4			1.0
6953.3			1.0
6954.200000000001			1.0
6955.1			1.0
6956.0			1.0
6956.9			1.0
6957.8			1.0
6958.700000000001			1.0
6959.6			1.0
6960.5			1.0
6961.4			1.0
6962.3			1.0
6963.200000000001			1.0
6964.1			1.0
6965.0			1.0004526800857607
6965.9			0.9964920232211695
6966.8			0.998104603104722
6967.700000000001			1.0131013904167245
6968.6			1.0194675801903232
6969.5			1.004811391732026
6970.4			0.9896448894974835
6971.3			0.9908918835475746
6972.200000000001			0.9996942176906315
6973.1			1.0
6974.0			1.0
6974.9			0.9953743749491748
6975.8			0.979624140860477
6976.700000000001			0.9553273928659239
6977.6			0.9264005632517817
6978.5			0.9026079729342137
6979.4			0.9126214994004174
6980.3			0.9521726445514691
6981.200000000001			0.987683959172519
6982.1			1.0004531822756422
6983.0			1.0
6983.9			1.0
6984.8			1.0
6985.700000000001			1.0
6986.6			1.0
6987.5			1.0
6988.4			1.0
6989.3			1.0
6990.200000000001			1.0
6991.1			1.0
6992.0			1.0
6992.9			1.0
6993.8			1.0
6994.700000000001			1.0
6995.6			1.0
6996.5			1.0
6997.4			1.0
6998.3			1.0
6999.200000000001			1.0
7000.1			1.0
7001.0			1.0
7001.9			1.0
7002.8			1.0
7003.700000000001			1.0
7004.6			1.0
7005.5			1.0
7006.4			1.0
7007.3			1.0
7008.200000000001			1.0
7009.1			1.0
7010.0			1.0
7010.9			1.0
7011.8			1.0
7012.700000000001			1.0
7013.6			1.0
7014.5			1.0
7015.4			1.0
7016.3			1.0
7017.200000000001			1.0
7018.1			1.0
7019.0			1.0
7019.9			1.0
7020.8			1.0
7021.700000000001			1.0
7022.6			1.0
7023.5			1.0
7024.4			1.0
7025.3			1.0
7026.200000000001			1.0
7027.1			1.0
7028.0			1.0
7028.9			1.0
7029.8			1.0
7030.700000000001			1.0
7031.6			1.0
7032.5			1.0
7033.4			1.0
7034.3			1.0
7035.200000000001			1.0
7036.1			1.0
7037.0			1.0
7037.9			1.0
7038.8			1.0
7039.700000000001			1.0
7040.6			1.0
7041.5			1.0
7042.4			1.0
7043.3			1.0
7044.200000000001			1.0
7045.1			1.0
7046.0			1.0
7046.9			1.0
7047.8			1.0
7048.700000000001			1.0
7049.6			1.0
7050.5			1.0
7051.4			1.0
7052.3			1.0
7053.200000000001			1.0
7054.1			1.0
7055.0			1.0
7055.9			1.0
7056.8			1.0
7057.700000000001			1.0
7058.6			1.0
7059.5			1.0
7060.4			1.0
7061.3			1.0
7062.200000000001			1.0
7063.1			1.0
7064.0			1.0
7064.9			1.0
7065.8			1.0
7066.700000000001			1.0
7067.6			1.0
7068.5			1.0
7069.4			1.0
7070.3			1.0
7071.200000000001			1.0
7072.1			1.0
7073.0			1.0
7073.9			1.0
7074.8			1.0
7075.700000000001			1.0
7076.6			1.0
7077.5			1.0
7078.4			1.0
7079.3			1.0
7080.200000000001			1.0
7081.1			1.0
7082.0			1.0
7082.9			1.0
7083.8			1.0
7084.700000000001			1.0
7085.6			1.0
7086.5			1.0
7087.4			1.0
7088.3			1.0
7089.200000000001			1.0
7090.1			1.0
7091.0			1.0
7091.9			1.0
7092.8			1.0
7093.700000000001			1.0
7094.6			1.0
7095.5			1.0
7096.4			1.0
7097.3			1.0
7098.200000000001			1.0
7099.1			1.0
7100.0			1.0
7100.9			1.0
7101.8			1.0
7102.700000000001			1.0
7103.6			1.0
7104.5			1.0
7105.4			1.0
7106.3			1.0
7107.200000000001			1.0
7108.1			1.0
7109.0			1.0
7109.9			1.0
7110.8			1.0
7111.700000000001			1.0
7112.6			1.0
7113.5			1.0
7114.4			1.0
7115.3			1.0
7116.200000000001			1.0
7117.1			1.0
7118.0			1.0
7118.9			1.0
7119.8			1.0
7120.700000000001			1.0
7121.6			1.0
7122.5			1.0
7123.4			1.0
7124.3			1.0
7125.200000000001			1.0
7126.1			1.0
7127.0			1.0
7127.9			1.0
7128.8			1.0
7129.700000000001			1.0
7130.6			1.0
7131.5			1.0
7132.4			1.0
7133.3			1.0
7134.200000000001			1.0
7135.1			1.0
7136.0			1.0
7136.9			1.0
7137.8			1.0
7138.700000000001			1.0
7139.6			1.0
7140.5			1.0
7141.4			1.0
7142.3			1.0
7143.200000000001			1.0
7144.1			1.0
7145.0			1.0
7145.9			1.0
7146.8			1.0
7147.700000000001			1.0
7148.6			1.0
7149.5			1.0
7150.4			1.0
7151.3			1.0
7152.200000000001			1.0
7153.1			1.0
7154.0			1.0
7154.9			1.0
7155.8			1.0
7156.700000000001			1.0
7157.6			1.0
7158.5			1.0
7159.4			1.0
7160.3			1.0
7161.200000000001			1.0
7162.1			1.0
7163.0			1.0
7163.9			1.0
7164.8			1.0
7165.700000000001			1.0
7166.6			1.0
7167.5			1.0
7168.4			1.0
7169.3			1.0
7170.200000000001			1.0
7171.1			1.0
7172.0			1.0
7172.9			1.0
7173.8			1.0
7174.700000000001			1.0
7175.6			1.0
7176.5			1.0
7177.4			1.0
7178.3			1.0
7179.200000000001			1.0
7180.1			1.0
7181.0			1.0
7181.9			1.0
7182.8			1.0
7183.700000000001			1.0
7184.6			1.0
7185.5			1.0
7186.4			1.0
7187.3			1.0
7188.200000000001			1.0
7189.1			1.0
7190.0			1.0
7190.9			1.0
7191.8			1.0
7192.700000000001			1.0
7193.6			1.0
7194.5			1.0
7195.4			1.0
7196.3			1.0
7197.200000000001			1.0
7198.1			1.0
7199.0			1.0
7199.9			1.0
7200.8			1.0
7201.700000000001			1.0
7202.6			1.0
7203.5			1.0
7204.4			1.0
7205.3			1.0
7206.200000000001			1.0
7207.1			1.0
7208.0			1.0
7208.9			1.0
7209.8			1.0
7210.700000000001			1.0
7211.6			1.0
7212.5			1.0
7213.4			1.0
7214.3			1.0
7215.200000000001			1.0
7216.1			1.0
7217.0			1.0
7217.9			1.0
7218.8			1.0
7219.700000000001			1.0
7220.6			1.0
7221.5			1.0
7222.4			1.0
7223.3			1.0
7224.200000000001			1.0
7225.1			1.0
7226.0			1.0
7226.9			1.0
7227.8			1.0
7228.700000000001			1.0
7229.6			1.0
7230.5			1.0
7231.4			1.0
7232.3			1.0
7233.200000000001			1.0
7234.1			1.0
7235.0			1.0
7235.9			1.0
7236.8			1.0
7237.700000000001			1.0
7238.6			1.0
7239.5			1.0
7240.4			1.0
7241.3			1.0
7242.200000000001			1.0
7243.1			1.0
7244.0			1.0
7244.9			1.0
7245.8			1.0
7246.700000000001			1.0
7247.6			1.0
7248.5			1.0
7249.4			1.0
7250.3			1.0
7251.200000000001			1.0
7252.1			1.0
7253.0			1.0
7253.9			1.0
7254.8			1.0
7255.700000000001			1.0
7256.6			1.0
7257.5			1.0
7258.4			1.0
7259.3			1.0
7260.200000000001			1.0
7261.1			1.0
7262.0			1.0
7262.9			1.0
7263.8			1.0
7264.700000000001			1.0
7265.6			1.0
7266.5			1.0
7267.4			1.0
7268.3			1.0
7269.200000000001			1.0
7270.1			1.0
7271.0			1.0
7271.9			1.0
7272.8			1.0
7273.700000000001			1.0
7274.6			1.0
7275.5			1.0
7276.4			1.0
7277.3			1.0
7278.200000000001			1.0
7279.1			1.0
7280.0			1.0
7280.9			1.0
7281.8			1.0
7282.700000000001			1.0
7283.6			1.0
7284.5			1.0
7285.4			1.0
7286.3			1.0
7287.200000000001			1.0
7288.1			1.0
7289.0			1.0
7289.9			1.0
7290.8			1.0
7291.700000000001			1.0
7292.6			1.0
7293.5			1.0
7294.4			1.0
7295.3			1.0
7296.200000000001			1.0
7297.1			1.0
7298.0			1.0
7298.9			1.0
7299.8			1.0
7300.700000000001			1.0
7301.6			1.0
7302.5			1.0
7303.4			1.0
7304.3			1.0
7305.200000000001			1.0
7306.1			1.0
7307.0			1.0
7307.9			1.0
7308.8			1.0
7309.700000000001			1.0
7310.6			1.0
7311.5			1.0
7312.4			1.0
7313.3			1.0
7314.200000000001			1.0
7315.1			1.0
7316.0			1.0
7316.9			1.0
7317.8			1.0
7318.700000000001			1.0
7319.6			1.0
7320.5			1.0
7321.4			1.0
7322.3			1.0
7323.200000000001			1.0
7324.1			1.0
7325.0			1.0
7325.9			1.0
7326.8			1.0
7327.700000000001			1.0
7328.6			1.0
7329.5			1.0
7330.4			1.0
7331.3			1.0
7332.200000000001			1.0
7333.1			1.0
7334.0			1.0
7334.9			1.0
7335.8			1.0
7336.700000000001			1.0
7337.6			1.0
7338.5			1.0
7339.4			1.0
7340.3			1.0
7341.200000000001			1.0
7342.1			1.0
7343.0			1.0
7343.9			1.0
7344.8			1.0
7345.700000000001			1.0
7346.6			1.0
7347.5			1.0
7348.4			1.0
7349.3			1.0
7350.200000000001			1.0
7351.1			1.0
7352.0			1.0
7352.9			1.0
7353.8			1.0
7354.700000000001			1.0
7355.6			1.0
7356.5			1.0
7357.4			1.0
7358.3			1.0
7359.200000000001			1.0
7360.1			1.0
7361.0			1.0
7361.9			1.0
7362.8			1.0
7363.700000000001			1.0
7364.6			1.0
7365.5			1.0
7366.4			1.0
7367.3			1.0
7368.200000000001			1.0
7369.1			1.0
7370.0			1.0
7370.9			1.0
7371.8			1.0
7372.700000000001			1.0
7373.6			1.0
7374.5			1.0
7375.4			1.0
7376.3			1.0
7377.200000000001			1.0
7378.1			1.0
7379.0			1.0
7379.9			1.0
7380.8			1.0
7381.700000000001			1.0
7382.6			1.0
7383.5			1.0
7384.4			1.0
7385.3			1.0
7386.200000000001			1.0
7387.1			1.0
7388.0			1.0
7388.9			1.0
7389.8			1.0
7390.700000000001			1.0
7391.6			1.0
7392.5			1.0
7393.4			1.0
7394.3			1.0
7395.200000000001			1.0
7396.1			1.0
7397.0			1.0
7397.9			1.0
7398.8			1.0
7399.700000000001			1.0
7400.6			1.0
7401.5			1.0
7402.4			1.0
7403.3			1.0
7404.200000000001			1.0
7405.1			1.0
7406.0			1.0
7406.9			1.0
7407.8			1.0
7408.700000000001			1.0
7409.6			1.0
7410.5			1.0
7411.4			1.0
7412.3			1.0
7413.200000000001			1.0
7414.1			1.0
7415.0			1.0
7415.9			1.0
7416.8			1.0
7417.700000000001			1.0
7418.6			1.0
7419.5			1.0
7420.4			1.0
7421.3			1.0
7422.200000000001			1.0
7423.1			1.0
7424.0			1.0
7424.9			1.0
7425.8			1.0
7426.700000000001			1.0
7427.6			1.0
7428.5			1.0
7429.4			1.0
