3500.0			1.0
3500.9			1.0
3501.8			1.0
3502.7			1.0
3503.6			1.0
3504.5			1.0
3505.4			1.0
3506.3			1.0
3507.2			1.0
3508.1			1.0
3509.0			1.0
3509.9			1.0
3510.8			1.0
3511.7			1.0
3512.6			1.0
3513.5			1.0
3514.4			1.0
3515.3			1.0
3516.2			1.0
3517.1			1.0
3518.0			1.0
3518.9			1.0
3519.8			1.0
3520.7			1.0
3521.6			1.0
3522.5			1.0
3523.4			1.0
3524.3			1.0
3525.2			1.0
3526.1			1.0
3527.0			1.0
3527.9			1.0
3528.8			1.0
3529.7			1.0
3530.6			1.0
3531.5			1.0
3532.4			1.0
3533.3			1.0
3534.2			1.0
3535.1			1.0
3536.0			1.0
3536.9			1.0
3537.8			1.0
3538.7			1.0
3539.6			1.0
3540.5			1.0
3541.4			1.0
3542.3			1.0
3543.2			1.0
3544.1			1.0
3545.0			1.0
3545.9			1.0
3546.8			1.0
3547.7			1.0
3548.6			1.0
3549.5			1.0
3550.4			1.0
3551.3			1.0
3552.2			1.0
3553.1			1.0
3554.0			1.0
3554.9			1.0
3555.8			1.0
3556.7			1.0
3557.6			1.0
3558.5			1.0
3559.4			1.0
3560.3			1.0
3561.2			1.0
3562.1			1.0
3563.0			1.0
3563.9			1.0
3564.8			1.0
3565.7			1.0
3566.6			1.0
3567.5			1.0
3568.4			1.0
3569.3			1.0
3570.2			1.0
3571.1			1.0
3572.0			1.0
3572.9			1.0
3573.8			1.0
3574.7			1.0
3575.6			1.0
3576.5			1.0
3577.4			1.0
3578.3			1.0
3579.2			1.0
3580.1			1.0
3581.0			1.0
3581.9			1.0
3582.8			1.0
3583.7			1.0
3584.6			1.0
3585.5			1.0
3586.4			1.0
3587.3			1.0
3588.2			1.0
3589.1			1.0
3590.0			1.0
3590.9			1.0
3591.8			1.0
3592.7			1.0
3593.6			1.0
3594.5			1.0
3595.4			1.0
3596.3			1.0
3597.2			1.0
3598.1			1.0
3599.0			1.0
3599.9			1.0
3600.8			1.0
3601.7			1.0
3602.6			1.0
3603.5			1.0
3604.4			1.0
3605.3			1.0
3606.2			1.0
3607.1			1.0
3608.0			1.0
3608.9			1.0
3609.8			1.0
3610.7			1.0
3611.6			1.0
3612.5			1.0
3613.4			1.0
3614.3			1.0
3615.2			1.0
3616.1			1.0
3617.0			1.0
3617.9			1.0
3618.8			1.0
3619.7			1.0
3620.6			1.0
3621.5			1.0
3622.4			1.0
3623.3			1.0
3624.2			1.0
3625.1			1.0
3626.0			1.0
3626.9			1.0
3627.8			1.0
3628.7			1.0
3629.6			1.0
3630.5			1.0
3631.4			1.0
3632.3			1.0
3633.2			1.0
3634.1			1.0
3635.0			1.0
3635.9			1.0
3636.8			1.0
3637.7			1.0
3638.6			1.0
3639.5			1.0
3640.4			1.0
3641.3			1.0
3642.2			1.0
3643.1			1.0
3644.0			1.0
3644.9			1.0
3645.8			1.0
3646.7			1.0
3647.6			1.0
3648.5			1.0
3649.4			1.0
3650.3			1.0
3651.2			1.0
3652.1			1.0
3653.0			1.0
3653.9			1.0
3654.8			1.0
3655.7			1.0
3656.6			1.0
3657.5			1.0
3658.4			1.0
3659.3			1.0
3660.2			1.0
3661.1			1.0
3662.0			1.0
3662.9			1.0
3663.8			1.0
3664.7			1.0
3665.6			1.0
3666.5			1.0
3667.4			1.0
3668.3			1.0
3669.2			1.0
3670.1			1.0
3671.0			1.0
3671.9			1.0
3672.8			1.0
3673.7			1.0
3674.6			1.0
3675.5			1.0
3676.4			1.0
3677.3			1.0
3678.2			1.0
3679.1			1.0
3680.0			1.0
3680.9			1.0
3681.8			1.0
3682.7			1.0
3683.6			1.0
3684.5			1.0
3685.4			1.0
3686.3			1.0
3687.2			1.0
3688.1			1.0
3689.0			1.0
3689.9			1.0
3690.8			1.0
3691.7			1.0
3692.6			1.0
3693.5			1.0
3694.4			1.0
3695.3			1.0
3696.2			1.0
3697.1			1.0
3698.0			1.0
3698.9			1.0
3699.8			1.0
3700.7			1.0
3701.6			1.0
3702.5			1.0
3703.4			1.0
3704.3			1.0
3705.2			1.0
3706.1			1.0
3707.0			1.0
3707.9			1.0
3708.8			1.0
3709.7			1.0
3710.6			1.0
3711.5			1.0
3712.4			1.0
3713.3			1.0
3714.2			1.0
3715.1			1.0
3716.0			1.0
3716.9			1.0
3717.8			1.0
3718.7			1.0
3719.6			1.0
3720.5			1.0
3721.4			1.0
3722.3			1.0
3723.2			1.0
3724.1			1.0
3725.0			1.0
3725.9			1.0
3726.8			1.0
3727.7			1.0
3728.6			1.0
3729.5			1.0
3730.4			1.0
3731.3			1.0
3732.2			1.0
3733.1			1.0
3734.0			1.0
3734.9			1.0
3735.8			1.0
3736.7			1.0
3737.6			1.0
3738.5			1.0
3739.4			1.0
3740.3			1.0
3741.2			1.0
3742.1			1.0
3743.0			1.0
3743.9			1.0
3744.8			1.0
3745.7			1.0
3746.6			1.0
3747.5			1.0
3748.4			1.0
3749.3			1.0
3750.2			1.0
3751.1			1.0
3752.0			1.0
3752.9			1.0
3753.8			1.0
3754.7			1.0
3755.6			1.0
3756.5			1.0
3757.4			1.0
3758.3			1.0
3759.2			1.0
3760.1			1.0
3761.0			1.0
3761.9			1.0
3762.8			1.0
3763.7			1.0
3764.6			1.0
3765.5			1.0
3766.4			1.0
3767.3			1.0
3768.2			1.0
3769.1			1.0
3770.0			1.0
3770.9			1.0
3771.8			1.0
3772.7			1.0
3773.6			1.0
3774.5			1.0
3775.4			1.0
3776.3			1.0
3777.2			1.0
3778.1			1.0
3779.0			1.0
3779.9			1.0
3780.8			1.0
3781.7			1.0
3782.6			1.0
3783.5			1.0
3784.4			1.0
3785.3			1.0
3786.2			1.0
3787.1			1.0
3788.0			1.0
3788.9			1.0
3789.8			1.0
3790.7			1.0
3791.6			1.0
3792.5			1.0
3793.4			1.0
3794.3			1.0
3795.2			1.0
3796.1			1.0
3797.0			1.0
3797.9			1.0
3798.8			1.0
3799.7			1.0
3800.6			1.0
3801.5			1.0
3802.4			1.0
3803.3			1.0
3804.2			1.0
3805.1			1.0
3806.0			1.0
3806.9			1.0
3807.8			1.0
3808.7			1.0
3809.6			1.0
3810.5			1.0
3811.4			1.0
3812.3			1.0
3813.2			1.0
3814.1			1.0
3815.0			1.0
3815.9			1.0
3816.8			1.0
3817.7			1.0
3818.6			1.0
3819.5			1.0
3820.4			1.0
3821.3			1.0
3822.2			1.0
3823.1			1.0
3824.0			1.0
3824.9			1.0
3825.8			1.0
3826.7			1.0
3827.6			1.0
3828.5			1.0
3829.4			1.0
3830.3			1.0
3831.2			1.0
3832.1			1.0
3833.0			1.0
3833.9			1.0
3834.8			1.0
3835.7			1.0
3836.6			1.0
3837.5			1.0
3838.4			1.0
3839.3			1.0
3840.2			1.0
3841.1			1.0
3842.0			1.0
3842.9			1.0
3843.8			1.0
3844.7			1.0
3845.6			1.0
3846.5			1.0
3847.4			1.0
3848.3			1.0
3849.2			1.0
3850.1			1.0
3851.0			1.0
3851.9			1.0
3852.8			1.0
3853.7			1.0
3854.6			1.0
3855.5			1.0
3856.4			1.0
3857.3			1.0
3858.2			1.0
3859.1			1.0
3860.0			1.0
3860.9			1.0
3861.8			1.0
3862.7			1.0
3863.6			1.0
3864.5			1.0
3865.4			1.0
3866.3			1.0
3867.2			1.0
3868.1			1.0
3869.0			1.0
3869.9			1.0
3870.8			1.0
3871.7			1.0
3872.6			1.0
3873.5			1.0
3874.4			1.0
3875.3			1.0
3876.2			1.0
3877.1			1.0
3878.0			1.0
3878.9			1.0
3879.8			1.0
3880.7			1.0
3881.6			1.0
3882.5			1.0
3883.4			1.0
3884.3			1.0
3885.2			1.0
3886.1			1.0
3887.0			1.0
3887.9			1.0
3888.8			1.0
3889.7			1.0
3890.6			1.0
3891.5			1.0
3892.4			1.0
3893.3			1.0
3894.2			1.0
3895.1			1.0
3896.0			1.0
3896.9			1.0
3897.8			1.0
3898.7			1.0
3899.6			1.0
3900.5			1.0
3901.4			1.0
3902.3			1.0
3903.2			1.0
3904.1			1.0
3905.0			1.0
3905.9			1.0
3906.8			1.0
3907.7			1.0
3908.6			1.0
3909.5			1.0
3910.4			1.0
3911.3			1.0
3912.2			1.0
3913.1			1.0
3914.0			1.0
3914.9			1.0
3915.8			1.0
3916.7			1.0
3917.6			1.0
3918.5			1.0
3919.4			1.0
3920.3			1.0
3921.2			1.0
3922.1			1.0
3923.0			1.0
3923.9			1.0
3924.8			1.0
3925.7			1.0
3926.6			1.0
3927.5			1.0
3928.4			1.0
3929.3			1.0
3930.2			1.0
3931.1			1.0
3932.0			1.0
3932.9			1.0
3933.8			1.0
3934.7			1.0
3935.6			1.0
3936.5			1.0
3937.4			1.0
3938.3			1.0
3939.2			1.0
3940.1			1.0
3941.0			1.0
3941.9			1.0
3942.8			1.0
3943.7			1.0
3944.6			1.0
3945.5			1.0
3946.4			1.0
3947.3			1.0
3948.2			1.0
3949.1			1.0
3950.0			1.0
3950.9			1.0
3951.8			1.0
3952.7			1.0
3953.6			1.0
3954.5			1.0
3955.4			1.0
3956.3			1.0
3957.2			1.0
3958.1			1.0
3959.0			1.0
3959.9			1.0
3960.8			1.0
3961.7			1.0
3962.6			1.0
3963.5			1.0
3964.4			1.0
3965.3			1.0
3966.2			1.0
3967.1			1.0
3968.0			1.0
3968.9			1.0
3969.8			1.0
3970.7			1.0
3971.6			1.0
3972.5			1.0
3973.4			1.0
3974.3			1.0
3975.2			1.0
3976.1			1.0
3977.0			1.0
3977.9			1.0
3978.8			1.0
3979.7			1.0
3980.6			1.0
3981.5			1.0
3982.4			1.0
3983.3			1.0
3984.2			1.0
3985.1			1.0
3986.0			1.0
3986.9			1.0
3987.8			1.0
3988.7			1.0
3989.6			1.0
3990.5			1.0
3991.4			1.0
3992.3			1.0
3993.2			1.0
3994.1			1.0
3995.0			1.0
3995.9			1.0
3996.8			1.0
3997.7			1.0
3998.6			1.0
3999.5			1.0
4000.4			1.0
4001.3			1.0
4002.2			1.0
4003.1			1.0
4004.0			1.0134053153055937
4004.9			0.8678870600350674
4005.8			0.7789917294167635
4006.7			0.8758469981115654
4007.6			0.9885253807394725
4008.5			1.0
4009.4			1.0
4010.3			1.0
4011.2			1.0
4012.1			1.0
4013.0			1.0
4013.9			1.0
4014.8			1.0
4015.7			1.0
4016.6			1.0
4017.5			1.0
4018.4			1.0
4019.3			1.0
4020.2			1.0
4021.1			1.0
4022.0			1.0
4022.9			1.0
4023.8			1.0
4024.7			1.0
4025.6			1.0
4026.5			1.0
4027.4			1.043571862241179
4028.3			1.052337312066941
4029.2			1.0480922254263505
4030.1			0.9626074416275492
4031.0			0.8189615038189849
4031.9			0.7528606686352487
4032.8			0.8097712959087117
4033.7			0.8097022514199793
4034.6			0.7522676406217544
4035.5			0.8598949751370579
4036.4			1.0013436789842247
4037.3			1.0
4038.2			1.0
4039.1			1.0
4040.0			1.0
4040.9			1.0
4041.8			0.9536540748686299
4042.7			0.9408919670720698
4043.6			0.9052240508266336
4044.5			0.832384945109779
4045.4			0.6950061274579201
4046.3			0.7508274974069636
4047.2			1.027839485848899
4048.1			1.0855001365534802
4049.0			1.0013639335560989
4049.9			1.0
4050.8			1.0
4051.7			1.0
4052.6			1.0
4053.5			1.0
4054.4			1.0
4055.3			1.0
4056.2			1.0
4057.1			1.0
4058.0			1.0
4058.9			1.0
4059.8			1.0
4060.7			1.0
4061.6			1.0124648797577283
4062.5			0.9024654369723151
4063.4			0.7758253192634337
4064.3			0.8738943713251377
4065.2			1.003348194965411
4066.1			1.0
4067.0			1.0
4067.9			1.0
4068.8			1.0
4069.7			1.0
4070.6			1.0
4071.5			1.0
4072.4			1.0
4073.3			1.0
4074.2			1.0
4075.1			0.9690226436778957
4076.0			0.833197332739035
4076.9			0.6828687954724373
4077.8			0.6686617693982256
4078.7			0.7799423125334402
4079.6			0.9276013647720167
4080.5			0.9987529579709806
4081.4			1.0
4082.3			1.0
4083.2			1.0
4084.1			1.0
4085.0			1.0
4085.9			1.0
4086.8			1.0
4087.7			1.0
4088.6			1.0
4089.5			1.0
4090.4			0.9945101414965857
4091.3			0.9583988660531279
4092.2			0.8723187775696308
4093.1			0.9082517936041007
4094.0			0.9996492246721712
4094.9			1.0
4095.8			1.0
4096.7			1.0
4097.6			1.0
4098.5			1.0118265935054545
4099.4			0.9802292391086354
4100.3			0.8540439134785982
4101.2			0.7316892787851266
4102.1			0.8124258644990211
4103.0			0.9627101012839214
4103.9			1.002842427310823
4104.8			1.0
4105.7			1.0
4106.6			1.0
4107.5			1.0
4108.4			1.0529626137937467
4109.3			1.027321403292434
4110.2			0.9380473689621565
4111.1			0.8962067999052021
4112.0			0.9393823742193609
4112.9			0.9952162274857076
4113.8			1.0032349382713357
4114.7			1.0
4115.6			1.0
4116.5			1.0
4117.4			1.0
4118.3			1.0
4119.2			1.0
4120.1			1.0
4121.0			1.0
4121.9			1.0
4122.8			1.0
4123.7			1.0
4124.6			1.0
4125.5			1.0
4126.4			0.9932458238500341
4127.3			0.9601445226497237
4128.2			0.9467270143346017
4129.1			0.8702856596048003
4130.0			0.8174883971546829
4130.9			0.7942032367879451
4131.8			0.7827678231908326
4132.7			0.8188171144460572
4133.6			0.8467439244508711
4134.5			0.918391998364937
4135.4			1.0233329432504559
4136.3			1.0588293973297633
4137.2			0.9972237883345215
4138.1			1.0
4139.0			1.0
4139.9			1.0153648150730865
4140.8			1.0259446120023523
4141.7			0.8261465804507007
4142.6			0.6867244906156474
4143.5			0.6898191230300699
4144.4			0.707586447006779
4145.3			0.8250517148206531
4146.2			0.9478701751478733
4147.1			0.9994905061868332
4148.0			1.0
4148.9			1.0
4149.8			1.0
4150.7			1.0
4151.6			0.9759792664235651
4152.5			0.9768397051577903
4153.4			0.9128729753948363
4154.3			0.8338131128852906
4155.2			0.8260848121379862
4156.1			0.9058938711570104
4157.0			0.9615828388323756
4157.9			0.9460340676971069
4158.8			1.000628227854639
4159.7			1.0
4160.6			1.0
4161.5			1.0
4162.4			1.0
4163.3			1.0
4164.2			1.0
4165.1			1.0
4166.0			1.0
4166.9			1.0
4167.8			1.0
4168.7			1.0
4169.6			1.0458887761592204
4170.5			1.1104799910366572
4171.4			1.0753866714923843
4172.3			0.9322022030178854
4173.2			0.809461941264026
4174.1			0.8386114225465275
4175.0			0.9062561952146257
4175.9			0.9736739725366941
4176.8			1.0008435518380305
4177.7			1.0
4178.6			1.0
4179.5			1.0
4180.4			1.0
4181.3			1.0
4182.2			1.0
4183.1			1.0
4184.0			1.0
4184.9			1.0
4185.8			1.0
4186.7			1.0
4187.6			1.0
4188.5			1.0
4189.4			1.0
4190.3			1.0
4191.2			0.8877909383853569
4192.1			0.9202738230746063
4193.0			1.0193976702808458
4193.9			1.0012059673035951
4194.8			0.9174320057181982
4195.7			0.8487227911483757
4196.6			0.8296688534928556
4197.5			0.8520223205122818
4198.4			0.8954147364707006
4199.3			0.9621974876206454
4200.2			1.0635647165626587
4201.1			1.0772573134209589
4202.0			1.0133309585740107
4202.9			1.0
4203.8			1.0
4204.7			1.0
4205.6			1.0
4206.5			1.0
4207.4			1.0
4208.3			1.0
4209.2			1.0
4210.1			1.0
4211.0			1.0
4211.9			1.0
4212.8			0.9811469199276905
4213.7			0.8947914902991645
4214.6			0.8020761502508761
4215.5			0.7294147992134925
4216.4			0.8349539621871787
4217.3			0.9584774472281636
4218.2			0.991666564844235
4219.1			1.0
4220.0			1.0
4220.9			1.0
4221.8			1.0
4222.7			1.0
4223.6			0.9138583130513604
4224.5			0.8668740708966408
4225.4			0.7181302606265402
4226.3			0.5167054274519404
4227.2			0.5459052243211031
4228.1			0.7761117890521537
4229.0			1.0069889121977655
4229.9			1.0
4230.8			1.0
4231.7			1.0
4232.6			1.0
4233.5			1.0
4234.4			1.0
4235.3			0.9593690129253748
4236.2			0.8386386072617065
4237.1			0.8196860411476405
4238.0			0.856962839233861
4238.9			0.8100091922980077
4239.8			0.8016579784387544
4240.7			0.9404607910442805
4241.6			0.9741322820869386
4242.5			0.888414649233126
4243.4			0.8889929241478814
4244.3			1.0
4245.2			1.0421926059765656
4246.1			0.9518320517515805
4247.0			0.8809060436207774
4247.9			0.8635946038184197
4248.8			0.8454942849171403
4249.7			0.8861699713216885
4250.6			0.9572323003118
4251.5			0.977542164408224
4252.4			0.9987261641546626
4253.3			1.0
4254.2			1.0
4255.1			1.0
4256.0			1.0
4256.9			1.0
4257.8			1.0
4258.7			0.9571986340541722
4259.6			0.8498824437935754
4260.5			0.7385034251198412
4261.4			0.7913441995541285
4262.3			0.9863076097017109
4263.2			1.0
4264.1			1.0
4265.0			1.0
4265.9			1.0464925713700424
4266.8			1.0536891509685322
4267.7			1.0390713244790906
4268.6			0.9797971284761329
4269.5			0.897967260005404
4270.4			0.7998529964946907
4271.3			0.7117511277009704
4272.2			0.7343298325605556
4273.1			0.8046649592078282
4274.0			0.8213397348527771
4274.9			0.8190345319059954
4275.8			0.8934405118359561
4276.7			1.0006531989295422
4277.6			1.0
4278.5			0.9946288729523187
4279.4			0.8912814568075975
4280.3			0.8132695160197818
4281.2			0.8593818764607509
4282.1			0.986097262827129
4283.0			1.0
4283.9			1.0
4284.8			1.0
4285.7			1.0
4286.6			1.0
4287.5			1.0502367789889184
4288.4			0.9621097333858153
4289.3			0.8555546546831779
4290.2			1.0
4291.1			1.1062297814600783
4292.0			1.1820456432860333
4292.9			1.2282338417123781
4293.8			1.200129691583083
4294.7			1.1281888414053332
4295.6			1.0824876446864065
4296.5			1.0779750664077512
4297.4			1.0480527485338647
4298.3			0.8922121039272572
4299.2			0.729721954673153
4300.1			0.7168294506215697
4301.0			0.8524426535447731
4301.9			0.9291025427839305
4302.8			0.8978170082611553
4303.7			0.9071901019304472
4304.6			0.9346852253025719
4305.5			0.9817819034092423
4306.4			0.9837876509463019
4307.3			0.8165099792045154
4308.2			0.6813894789816788
4309.1			0.7636604642014911
4310.0			0.8936400600899572
4310.9			0.9489805029427492
4311.8			0.9665790810318221
4312.7			0.9932645069538858
4313.6			1.0120919970123636
4314.5			1.1790011110596084
4315.4			1.5248149731484817
4316.3			1.7685889701596103
4317.2			1.8729285803869524
4318.1			1.8984640977049747
4319.0			1.8977556152749508
4319.9			1.8524663535104096
4320.8			1.0
4321.7			0.9491693142804285
4322.6			0.9027673846135816
4323.5			0.7503542918097844
4324.4			0.5851068412430962
4325.3			0.5464599929875231
4326.2			0.6373012195964071
4327.1			0.7889714554951501
4328.0			0.9450600477360216
4328.9			1.0026783797027161
4329.8			1.0
4330.7			1.0
4331.6			1.0
4332.5			1.0
4333.4			1.0
4334.3			1.0
4335.2			1.0
4336.1			0.9966325049289865
4337.0			0.9324476052899331
4337.9			0.8508373994068209
4338.8			0.7502870865422421
4339.7			0.664403333335824
4340.6			0.7001088607645773
4341.5			0.8309489658180028
4342.4			0.9469041484547573
4343.3			0.9871364350785917
4344.2			1.0
4345.1			1.0
4346.0			1.0
4346.9			1.0
4347.8			1.0
4348.7			1.0
4349.6			1.0107254692597007
4350.5			0.8865076570856287
4351.4			0.7358999531423496
4352.3			0.7364153935931892
4353.2			0.8968361410329978
4354.1			0.9996011749137148
4355.0			1.0043345975732654
4355.9			1.0
4356.8			1.0
4357.7			1.0
4358.6			1.0
4359.5			1.0
4360.4			1.0
4361.3			1.0
4362.2			1.0
4363.1			1.0
4364.0			1.0
4364.9			1.0
4365.8			1.0
4366.7			1.0
4367.6			1.0
4368.5			1.0
4369.4			1.0
4370.3			0.9851697507134208
4371.2			0.9406339114104308
4372.1			0.9207926658128668
4373.0			0.8557169862317605
4373.9			0.805963124981572
4374.8			0.8122232015409568
4375.7			0.8464566706350791
4376.6			0.9283442898402019
4377.5			0.9970672242276087
4378.4			1.0
4379.3			1.0
4380.2			1.0830180495840305
4381.1			1.0991913094084416
4382.0			0.9043933563944218
4382.9			0.6676364361278465
4383.8			0.6078168094752213
4384.7			0.7058052032128906
4385.6			0.8351873701438196
4386.5			0.9187855027142892
4387.4			1.0018426593805811
4388.3			1.0
4389.2			1.0
4390.1			1.0
4391.0			1.0
4391.9			1.0
4392.8			1.0
4393.7			1.0
4394.6			1.0
4395.5			1.0
4396.4			1.0
4397.3			1.0
4398.2			1.0
4399.1			0.9657773192445351
4400.0			0.8280998710589726
4400.9			0.7430874984702877
4401.8			0.8609797416596124
4402.7			0.9886928611127019
4403.6			1.0
4404.5			1.0
4405.4			1.0
4406.3			1.0
4407.2			1.0
4408.1			1.0
4409.0			1.0
4409.9			1.0
4410.8			1.0
4411.7			1.0
4412.6			1.0
4413.5			1.0
4414.4			1.0
4415.3			1.0
4416.2			1.0
4417.1			1.0
4418.0			1.0
4418.9			1.0
4419.8			1.0
4420.7			1.0
4421.6			0.8898454918218301
4422.5			0.8750313321221647
4423.4			0.9786301529211646
4424.3			1.0
4425.2			1.0
4426.1			1.0
4427.0			1.0
4427.9			1.0
4428.8			1.0
4429.7			1.0
4430.6			1.0
4431.5			1.0
4432.4			1.0093374222519624
4433.3			0.9677756828010624
4434.2			0.8654822582868718
4435.1			0.7996607249381813
4436.0			0.8570633240043891
4436.9			0.945119664632144
4437.8			1.0065623903625394
4438.7			1.0
4439.6			1.0
4440.5			1.0
4441.4			1.0
4442.3			1.0
4443.2			1.0
4444.1			1.0
4445.0			1.0
4445.9			1.0
4446.8			1.0
4447.7			1.0
4448.6			1.0
4449.5			1.0
4450.4			1.0
4451.3			1.0
4452.2			1.0
4453.1			0.9713961931202664
4454.0			0.9394093653821595
4454.9			0.8943266011459098
4455.8			0.8779589728369227
4456.7			0.8914620434914897
4457.6			0.8828023288685923
4458.5			0.8579228794600674
4459.4			0.8595990410118829
4460.3			0.8714589073539863
4461.2			0.8309547507664526
4462.1			0.7851264960537038
4463.0			0.8663318339299725
4463.9			0.9767560292962753
4464.8			1.0192842314239898
4465.7			1.0302248476664722
4466.6			0.9967001660011874
4467.5			0.9795474216649444
4468.4			0.9764988321283
4469.3			0.9703925609287726
4470.2			0.9574648644025316
4471.1			1.0010615291546512
4472.0			1.0
4472.9			1.0
4473.8			1.0
4474.7			1.0
4475.6			1.0
4476.5			1.0
4477.4			1.0
4478.3			0.9967354219131355
4479.2			0.9646990217888395
4480.1			0.8913806266821106
4481.0			0.82871619120858
4481.9			0.8029597990263441
4482.8			0.8590792040907301
4483.7			0.9783684076177089
4484.6			1.0278407898505078
4485.5			1.0062615982454657
4486.4			1.0
4487.3			1.0
4488.2			1.0
4489.1			1.0
4490.0			1.0
4490.9			1.0
4491.8			1.0
4492.7			1.0156255927482674
4493.6			0.9472669279683885
4494.5			0.8677716977557562
4495.4			0.8668624095730992
4496.3			0.920701528336221
4497.2			0.9692656746824084
4498.1			1.0001176401595246
4499.0			1.0
4499.9			1.0
4500.8			1.0
4501.7			1.0
4502.6			1.0
4503.5			1.0
4504.4			1.0
4505.3			1.0
4506.2			1.0
4507.1			0.9878721230327338
4508.0			1.0075249270434903
4508.9			1.0282053423517392
4509.8			1.0524558144585603
4510.7			1.0496467012798627
4511.6			0.9984919238213491
4512.5			0.9696755435363497
4513.4			0.9625137486623954
4514.3			0.928493069128143
4515.2			0.930361416072211
4516.1			0.9624151834458702
4517.0			0.9661805611622917
4517.9			0.942390500962247
4518.8			0.9286050510844943
4519.7			0.9509828244946373
4520.6			0.9788922612812209
4521.5			1.0032114110782737
4522.4			1.0
4523.3			1.0
4524.2			1.0
4525.1			1.0
4526.0			1.0
4526.9			1.0
4527.8			1.0
4528.7			1.0
4529.6			1.0
4530.5			1.0
4531.4			1.0
4532.3			1.022372032246268
4533.2			0.9561266488983404
4534.1			0.854119414188081
4535.0			0.8154484501592131
4535.9			0.8718122430869435
4536.8			0.9821848130785418
4537.7			1.008804420806303
4538.6			1.0
4539.5			1.0
4540.4			1.0
4541.3			1.0
4542.2			1.0
4543.1			1.0
4544.0			1.0
4544.9			1.0
4545.8			1.0
4546.7			1.0
4547.6			1.0
4548.5			1.0
4549.4			1.0
4550.3			1.0
4551.2			1.0
4552.1			1.0
4553.0			1.0
4553.9			1.0
4554.8			1.0
4555.7			1.0
4556.6			1.0
4557.5			1.0
4558.4			1.0
4559.3			1.0
4560.2			1.0
4561.1			1.0
4562.0			0.9970975225353278
4562.9			0.951550325298914
4563.8			0.8918002638278882
4564.7			0.8484235958417456
4565.6			0.8686919424454869
4566.5			0.9456700035944297
4567.4			0.9964337749018085
4568.3			1.0
4569.2			1.0
4570.1			1.0
4571.0			1.0
4571.9			1.0
4572.8			1.0
4573.7			1.0578109339878217
4574.6			1.030910311027839
4575.5			1.0132801295318503
4576.4			1.0063338291907524
4577.3			0.9805541462002156
4578.2			0.9807945058443047
4579.1			0.9493663751031276
4580.0			0.8976718682585297
4580.9			0.9067144927121716
4581.8			0.9196280954863949
4582.7			0.919123241609895
4583.6			0.9643951912955239
4584.5			1.0222101042971796
4585.4			1.0218165764665554
4586.3			0.9969556291447944
4587.2			1.0
4588.1			1.0
4589.0			1.0
4589.9			1.0
4590.8			1.0
4591.7			0.992036935987537
4592.6			1.0069156353790594
4593.5			1.0150107397025603
4594.4			0.9579239462596136
4595.3			0.9111900278502302
4596.2			0.9345107244053064
4597.1			0.9395511842905178
4598.0			0.9572062743582993
4598.9			1.0048574532913668
4599.8			1.0
4600.7			1.0
4601.6			1.0
4602.5			1.0
4603.4			1.0
4604.3			1.0
4605.2			1.0
4606.1			1.0
4607.0			1.0
4607.9			1.0
4608.8			1.0
4609.7			1.0
4610.6			1.0
4611.5			1.0
4612.4			1.0
4613.3			1.0
4614.2			1.0
4615.1			1.009766576538345
4616.0			0.9808395298742904
4616.9			0.9608866121468033
4617.8			0.9476101485282169
4618.7			0.9342481605246584
4619.6			0.9770635513159384
4620.5			1.0316433906500477
4621.4			1.0232208243506882
4622.3			0.9988426966864445
4623.2			1.0
4624.1			1.0
4625.0			1.0
4625.9			1.0
4626.8			1.0
4627.7			1.0
4628.6			1.0
4629.5			1.0
4630.4			1.0
4631.3			1.0
4632.2			1.0
4633.1			1.0
4634.0			1.0
4634.9			1.0
4635.8			1.0
4636.7			1.0
4637.6			1.0
4638.5			1.0
4639.4			1.0
4640.3			1.0230654706065527
4641.2			1.0528245341645674
4642.1			1.0620314885947844
4643.0			1.0632553823818145
4643.9			1.0590977283210643
4644.8			1.0141768790304044
4645.7			0.9419230559477969
4646.6			0.9112687662543462
4647.5			0.9424616720200402
4648.4			0.9848416965745665
4649.3			0.9992630077197323
4650.2			0.9911969280200298
4651.1			0.98719075129044
4652.0			0.9938981440748963
4652.9			1.0021262362684933
4653.8			1.0
4654.7			1.0
4655.6			1.0
4656.5			1.0
4657.4			1.0
4658.3			1.0
4659.2			1.0
4660.1			1.0
4661.0			1.0
4661.9			1.0
4662.8			0.965865432010908
4663.7			1.0015189458220486
4664.6			1.014244446644329
4665.5			0.9596536514125551
4666.4			0.8924053588276222
4667.3			0.8301730879500498
4668.2			0.828012726832795
4669.1			0.8749923230684842
4670.0			0.9440304836048001
4670.9			0.9798541550769013
4671.8			0.9961476113375757
4672.7			1.0
4673.6			1.0
4674.5			1.0
4675.4			1.0099699858372457
4676.3			1.0407313610992488
4677.2			1.070058648470444
4678.1			1.0129877067313227
4679.0			0.9748649344974418
4679.9			0.9798535605709882
4680.8			0.9585332356694934
4681.7			0.9603342989704188
4682.6			0.9763372371419352
4683.5			1.0031661334979594
4684.4			0.9991278750645765
4685.3			0.9811855463320788
4686.2			0.9977535085836948
4687.1			1.0
4688.0			1.0
4688.9			1.0
4689.8			1.0
4690.7			1.0
4691.6			1.0
4692.5			1.0
4693.4			1.0
4694.3			1.0
4695.2			1.0
4696.1			1.0
4697.0			0.9782088019619184
4697.9			0.9316884083069884
4698.8			0.9156242360324307
4699.7			0.9170013020716328
4700.6			0.8615987767818926
4701.5			0.8576630230578981
4702.4			0.8705870626653011
4703.3			0.8858586765912584
4704.2			0.9003967285960068
4705.1			0.910526986115435
4706.0			0.9118795774704103
4706.9			0.9015692101274445
4707.8			0.897464437109648
4708.7			0.8818628197376924
4709.6			0.8399212633710368
4710.5			0.8694747299623972
4711.4			0.9191510038939681
4712.3			0.966586698245899
4713.2			0.9726449461470887
4714.1			0.9266005782770796
4715.0			0.9335449247450928
4715.9			0.9742152444698301
4716.8			0.9741669930533594
4717.7			0.9505868375871858
4718.6			0.9610704978343922
4719.5			0.99111037152766
4720.4			0.9614873078124865
4721.3			0.9457901024910653
4722.2			0.9998226312140989
4723.1			1.0
4724.0			1.0104558326855713
4724.9			1.029037018335396
4725.8			0.9831458784506276
4726.7			0.9110583044441505
4727.6			0.8639077995105864
4728.5			0.84827012707168
4729.4			0.8487971714721891
4730.3			0.9039485569133203
4731.2			0.9292842688400007
4732.1			0.9292525603609083
4733.0			0.9869991875807399
4733.9			0.9951432044475271
4734.8			0.9985009664563748
4735.7			1.0
4736.6			1.0
4737.5			1.0
4738.4			1.0
4739.3			1.0
4740.2			1.0
4741.1			1.0
4742.0			1.0
4742.9			1.0
4743.8			1.0
4744.7			1.0
4745.6			1.0
4746.5			1.0
4747.4			1.0
4748.3			1.0
4749.2			1.0
4750.1			1.0
4751.0			1.0
4751.9			1.0
4752.8			1.0
4753.7			1.0
4754.6			1.0
4755.5			1.0
4756.4			1.0
4757.3			1.0
4758.2			1.0442551725859346
4759.1			1.050923914985449
4760.0			1.0560866582465955
4760.9			1.0436025703961282
4761.8			1.0143452775922108
4762.7			0.9090744887442906
4763.6			0.8865191703069063
4764.5			0.9468959312967038
4765.4			0.9567688836848842
4766.3			0.9563316838009239
4767.2			0.948332842005706
4768.1			0.9648750343281581
4769.0			1.005110657785373
4769.9			1.0
4770.8			0.9959684113517264
4771.7			0.9381926329892138
4772.6			0.8985976403836174
4773.5			0.9345272137573367
4774.4			0.9963848878134943
4775.3			1.0
4776.2			1.0
4777.1			1.0
4778.0			1.0
4778.9			1.0
4779.8			1.0
4780.7			1.0
4781.6			1.0
4782.5			1.0
4783.4			1.0
4784.3			1.017400536901338
4785.2			1.0376569966834592
4786.1			0.9722354488013799
4787.0			0.9243776647167754
4787.9			0.9566082496197124
4788.8			0.9972372825142283
4789.7			0.9968357723998097
4790.6			1.0
4791.5			1.0
4792.4			1.0
4793.3			1.0
4794.2			1.0
4795.1			1.0249336522803674
4796.0			0.9893656103115871
4796.9			0.9537426045524424
4797.8			0.9410641661803005
4798.7			0.9372948082986701
4799.6			0.9572133131220558
4800.5			1.0301120103149608
4801.4			1.0177352613056654
4802.3			1.002391163613346
4803.2			1.0
4804.1			1.0
4805.0			1.0
4805.9			1.0
4806.8			1.0
4807.7			1.0
4808.6			1.0
4809.5			1.0
4810.4			1.0
4811.3			1.0
4812.2			1.0
4813.1			1.0
4814.0			1.0
4814.9			1.0
4815.8			1.0
4816.7			1.0
4817.6			1.0
4818.5			1.0
4819.4			1.0
4820.3			1.0
4821.2			0.9724105258364134
4822.1			0.9199372807356914
4823.0			0.8943468696223296
4823.9			0.9241002691005977
4824.8			0.9908881370712221
4825.7			1.0
4826.6			1.0
4827.5			0.9937253345844802
4828.4			0.9749304539370081
4829.3			0.9369372116864317
4830.2			0.956238989556689
4831.1			0.9638034346257333
4832.0			0.9427907979580442
4832.9			0.9798754453987881
4833.8			1.05639240808971
4834.7			1.0250804312654653
4835.6			0.9945575624837708
4836.5			0.9998785156378452
4837.4			1.0
4838.3			1.0
4839.2			1.0
4840.1			1.0
4841.0			1.0
4841.9			1.0
4842.8			1.0
4843.7			1.0
4844.6			1.0
4845.5			1.0
4846.4			1.0
4847.3			1.0
4848.2			1.0
4849.1			1.0
4850.0			1.0
4850.9			1.0
4851.8			1.0
4852.7			1.0
4853.6			1.0
4854.5			1.0
4855.4			1.0
4856.3			1.0
4857.2			1.0
4858.1			1.0
4859.0			0.9549283637448867
4859.9			0.8176604754992972
4860.8			0.6959646165935639
4861.7			0.6865417628811867
4862.6			0.8551831059022728
4863.5			0.974242379726167
4864.4			0.9896848768841926
4865.3			1.0
4866.2			1.0
4867.1			0.9843367423232737
4868.0			0.9888146653774159
4868.9			1.0306848389454775
4869.8			1.0453740898382473
4870.7			0.9790421331616769
4871.6			0.9104417832991607
4872.5			0.929970261533086
4873.4			0.9815740156185616
4874.3			0.9837518303752085
4875.2			0.9778740640859018
4876.1			1.0002686784283608
4877.0			1.0
4877.9			1.0
4878.8			1.0
4879.7			1.0
4880.6			1.0
4881.5			1.0
4882.4			1.0
4883.3			1.0
4884.2			1.0
4885.1			1.0
4886.0			1.0
4886.9			1.0
4887.8			1.0
4888.7			1.0
4889.6			0.9420572267224444
4890.5			0.880878285018368
4891.4			0.857194869478007
4892.3			0.9417776356491407
4893.2			1.007022418519002
4894.1			1.0
4895.0			1.0
4895.9			1.0
4896.8			1.0
4897.7			1.0
4898.6			1.0
4899.5			1.0
4900.4			1.0
4901.3			1.0
4902.2			1.0
4903.1			1.0
4904.0			1.0
4904.9			1.0
4905.8			1.0123886969483917
4906.7			1.0288122987295325
4907.6			1.025673181877895
4908.5			0.9721561481764242
4909.4			0.9132410145878124
4910.3			0.8959579632984005
4911.2			0.9258644709265106
4912.1			0.946170433055989
4913.0			0.9472420195629541
4913.9			1.0
4914.8			1.0384894211392992
4915.7			1.0605597837791771
4916.6			1.028772221206818
4917.5			0.9732214524310784
4918.4			0.9310670347041846
4919.3			0.8945230007606921
4920.2			0.8849178720210366
4921.1			0.9004786401764416
4922.0			0.9303271597121446
4922.9			1.010313367332959
4923.8			1.0567054092575145
4924.7			1.0269262610059007
4925.6			1.0006003985305785
4926.5			1.0
4927.4			1.0
4928.3			1.0
4929.2			1.0
4930.1			1.0
4931.0			1.000028604901775
4931.9			1.0122991064429097
4932.8			0.9666900144596421
4933.7			0.8837346557216844
4934.6			0.90855089616069
4935.5			0.9859972843620184
4936.4			1.0100792733664368
4937.3			1.0
4938.2			1.0
4939.1			1.0
4940.0			1.0
4940.9			1.0
4941.8			1.0
4942.7			1.0
4943.6			1.0
4944.5			1.0
4945.4			1.0
4946.3			1.0
4947.2			1.0
4948.1			1.0
4949.0			1.0
4949.9			1.0
4950.8			1.0
4951.7			1.0
4952.6			1.0
4953.5			1.0
4954.4			1.0
4955.3			1.028037162587208
4956.2			0.9646577068016224
4957.1			0.8509406796897313
4958.0			0.8731524762805023
4958.9			0.9828408013852844
4959.8			1.0
4960.7			1.0
4961.6			1.0
4962.5			1.0
4963.4			1.0
4964.3			1.0
4965.2			1.0
4966.1			1.0
4967.0			1.0109814681084914
4967.9			0.979880535568565
4968.8			0.9482534521859377
4969.7			0.940817012603161
4970.6			0.9906805241490683
4971.5			1.0219472333541701
4972.4			1.0020838762131363
4973.3			1.0
4974.2			1.0
4975.1			1.0
4976.0			1.0
4976.9			0.9887842087644471
4977.8			0.9503774553709854
4978.7			0.9252802872395717
4979.6			0.9383774446298395
4980.5			0.9255384777838793
4981.4			0.871876530699094
4982.3			0.8416382069516078
4983.2			0.8578056860505733
4984.1			0.8818740639018057
4985.0			0.9036724032864483
4985.9			0.9354903729235603
4986.8			0.980821153181114
4987.7			1.000114157832829
4988.6			1.0
4989.5			1.0
4990.4			1.0
4991.3			1.0
4992.2			1.0
4993.1			1.0
4994.0			1.0
4994.9			1.0
4995.8			1.0
4996.7			1.0
4997.6			1.0
4998.5			1.0
4999.4			1.0
5000.3			1.0
5001.2			1.0
5002.1			1.0
5003.0			1.0
5003.9			1.0
5004.8			1.0
5005.7			1.0
5006.6			1.0
5007.5			1.0
5008.4			1.0
5009.3			1.0
5010.2			1.0095180762501
5011.1			0.9820579421616011
5012.0			0.9107659572731478
5012.9			0.8801366514003743
5013.8			0.8683928552619111
5014.7			0.9120167040576139
5015.6			0.982944936186847
5016.5			1.0176944945170174
5017.4			1.001493833312878
5018.3			1.0
5019.2			1.0
5020.1			1.0
5021.0			1.0
5021.9			1.0
5022.8			1.0
5023.7			1.0
5024.6			1.0
5025.5			0.9806858951101988
5026.4			0.9267192855837959
5027.3			0.87247098375156
5028.2			0.9200449964002883
5029.1			1.0001153970664476
5030.0			1.0
5030.9			1.0
5031.8			1.0
5032.7			1.0
5033.6			1.0
5034.5			1.0
5035.4			1.0
5036.3			1.0
5037.2			0.9906726423695336
5038.1			0.9886973756319649
5039.0			0.9616203093716924
5039.9			0.8961073069919081
5040.8			0.8028964417314832
5041.7			0.7787468105233705
5042.6			0.8625435719063328
5043.5			0.901505271954901
5044.4			0.9352052862870792
5045.3			0.9776514371036468
5046.2			0.9951823556197642
5047.1			1.0
5048.0			1.0
5048.9			1.0
5049.8			1.0
5050.7			1.0
5051.6			1.0
5052.5			1.0
5053.4			1.0
5054.3			1.0
5055.2			1.0
5056.1			1.0
5057.0			1.0
5057.9			1.0
5058.8			1.0
5059.7			1.0
5060.6			1.0
5061.5			1.0
5062.4			1.0311597507058028
5063.3			0.9785600190675915
5064.2			0.9090109018647518
5065.1			0.854935959878747
5066.0			0.8995838678231867
5066.9			0.9513590227903436
5067.8			0.9944225038208212
5068.7			1.0
5069.6			1.0
5070.5			1.0
5071.4			1.0
5072.3			1.0
5073.2			1.0
5074.1			1.0
5075.0			1.0
5075.9			1.0
5076.8			1.0
5077.7			1.036764422131386
5078.6			0.9708470391312276
5079.5			0.9169602060077802
5080.4			0.908654741955981
5081.3			0.9485138756476373
5082.2			1.0301879623295656
5083.1			0.9983657240455538
5084.0			1.0
5084.9			1.0
5085.8			1.0
5086.7			1.0
5087.6			1.0
5088.5			1.0
5089.4			1.0
5090.3			1.0
5091.2			1.0
5092.1			1.0
5093.0			1.0
5093.9			1.0
5094.8			1.0
5095.7			1.0
5096.6			1.0
5097.5			1.0
5098.4			1.0
5099.3			1.0
5100.2			1.0
5101.1			1.0
5102.0			1.0
5102.9			1.0
5103.8			1.0
5104.7			0.9902310122668213
5105.6			0.9879434711656544
5106.5			0.9643374630111872
5107.4			0.9056443653675393
5108.3			0.9192654551125319
5109.2			0.9233561053522235
5110.1			0.9168389816201286
5111.0			0.9013629473025515
5111.9			0.9613429914865076
5112.8			0.9804441482822954
5113.7			0.9657254295126282
5114.6			1.0129354710906733
5115.5			0.9960779609857638
5116.4			0.999052993064118
5117.3			0.9997539358918652
5118.2			1.0
5119.1			1.0
5120.0			1.0
5120.9			1.0
5121.8			0.9967180589853961
5122.7			0.9928726875312476
5123.6			0.929756179137616
5124.5			0.9182799173113124
5125.4			0.9623536765487866
5126.3			1.0112175896633229
5127.2			1.002315793448996
5128.1			1.0
5129.0			1.0
5129.9			1.0001221617287608
5130.8			1.0150105328769414
5131.7			1.0607368024078014
5132.6			1.033674762868184
5133.5			1.0166629963062497
5134.4			1.0185812092098323
5135.3			1.0578157174593206
5136.2			1.0130105723675336
5137.1			0.9398117407275599
5138.0			0.9544163076920112
5138.9			0.9413887770952981
5139.8			0.9554697344131479
5140.7			0.972693803316436
5141.6			0.9543648167506039
5142.5			0.889641569945416
5143.4			0.9260127771723684
5144.3			0.9896703841506375
5145.2			0.9485791553781373
5146.1			0.9319390447709465
5147.0			0.931016936988365
5147.9			0.9308763921735574
5148.8			0.9486141690754755
5149.7			0.9900455661165973
5150.6			0.9506986414893471
5151.5			0.9561747873251687
5152.4			0.9677423705166749
5153.3			0.9687678435377046
5154.2			0.9797671370999287
5155.1			1.0002248345126918
5156.0			1.0
5156.9			1.0
5157.8			1.0
5158.7			1.0
5159.6			1.0
5160.5			1.0
5161.4			1.0
5162.3			1.0
5163.2			1.0
5164.1			1.0
5165.0			1.0
5165.9			1.0
5166.8			1.0
5167.7			1.0
5168.6			1.0
5169.5			1.0
5170.4			1.0
5171.3			0.8683521179495791
5172.2			0.6733830040528304
5173.1			0.6376941204120894
5174.0			0.8373022445419759
5174.9			1.0002806005499312
5175.8			1.0
5176.7			1.0
5177.6			1.0
5178.5			1.0
5179.4			1.0
5180.3			1.0
5181.2			0.9620839508511363
5182.1			0.839592306447115
5183.0			0.6299167602740853
5183.9			0.5641813242840588
5184.8			0.7279161510091371
5185.7			0.9119043860981506
5186.6			0.9990306164433885
5187.5			1.0
5188.4			1.0
5189.3			1.0
5190.2			1.0
5191.1			0.9678843639696605
5192.0			0.8941367173966769
5192.9			0.9013169907881422
5193.8			1.0135335234410499
5194.7			1.0000158648194382
5195.6			1.0
5196.5			1.0
5197.4			1.0
5198.3			1.0
5199.2			1.0525981777134295
5200.1			1.0708288813195759
5201.0			1.0444857211821912
5201.9			1.0390037305632707
5202.8			1.0311388264233718
5203.7			1.0439916447353272
5204.6			0.9857160096615083
5205.5			0.8900769267948487
5206.4			0.8962464610327575
5207.3			0.9420897923452386
5208.2			0.9115726356088744
5209.1			0.9088257917381862
5210.0			0.8964755761028493
5210.9			0.9537872045405863
5211.8			0.9998305919155156
5212.7			1.0
5213.6			1.0290441060722253
5214.5			1.0170064071914857
5215.4			0.9709151765901232
5216.3			0.941732423698001
5217.2			0.9040702875781448
5218.1			0.9094532764350177
5219.0			0.9227694378408245
5219.9			0.9996245859622892
5220.8			0.9996812228504315
5221.7			1.0
5222.6			1.0
5223.5			0.9234867138475856
5224.4			0.9147967787704567
5225.3			0.8905302064935526
5226.2			0.8532575808477127
5227.1			0.7888989646862559
5228.0			0.8777533334246279
5228.9			0.970920464561168
5229.8			0.9800566174079317
5230.7			0.9997517890406078
5231.6			1.0
5232.5			1.0
5233.4			1.0
5234.3			1.0
5235.2			1.0
5236.1			1.0
5237.0			1.0
5237.9			1.0
5238.8			1.0
5239.7			1.0
5240.6			1.0
5241.5			1.0
5242.4			1.0
5243.3			1.0
5244.2			1.0
5245.1			1.0
5246.0			0.960521841891826
5246.9			0.9581391064614031
5247.8			0.943787728331774
5248.7			1.0073552952965406
5249.6			0.9692066890669718
5250.5			0.9238431917775551
5251.4			0.9772211978826892
5252.3			1.001876941772741
5253.2			0.9964575510439816
5254.1			1.0255889254497221
5255.0			0.9991265192176398
5255.9			1.0
5256.8			1.0
5257.7			1.0
5258.6			1.0
5259.5			1.0
5260.4			1.0
5261.3			1.0
5262.2			1.0
5263.1			1.0
5264.0			1.0
5264.9			1.0
5265.8			1.0
5266.7			1.0193842218563367
5267.6			1.0397062961920196
5268.5			0.9627162382074684
5269.4			0.8286889845379294
5270.3			0.8406534573753763
5271.2			0.9720440480356551
5272.1			1.0125117459211757
5273.0			1.0
5273.9			1.0
5274.8			1.0
5275.7			1.0
5276.6			1.0
5277.5			1.0
5278.4			1.0
5279.3			1.016660577677299
5280.2			0.9723389370880887
5281.1			0.9336652961786375
5282.0			0.9386628905482716
5282.9			0.9142753575123631
5283.8			0.8864154148737738
5284.7			0.9084073833512134
5285.6			0.9848513961608222
5286.5			1.0176965913308558
5287.4			1.002399576437563
5288.3			1.0005534309369402
5289.2			1.0
5290.1			1.0
5291.0			1.0
5291.9			1.0
5292.8			1.0
5293.7			1.0
5294.6			1.0051765008669242
5295.5			0.9767210038223945
5296.4			0.9328775917657086
5297.3			0.8533431655240092
5298.2			0.8687918844531445
5299.1			0.9424841949767216
5300.0			0.9996476544246274
5300.9			1.0
5301.8			1.0
5302.7			1.0
5303.6			1.0
5304.5			1.0
5305.4			1.0
5306.3			1.0
5307.2			1.0
5308.1			1.0
5309.0			1.0
5309.9			1.0
5310.8			1.0
5311.7			1.0
5312.6			1.0
5313.5			1.0
5314.4			1.0
5315.3			1.0
5316.2			1.0
5317.1			1.0
5318.0			1.0
5318.9			1.0
5319.8			1.0
5320.7			1.0
5321.6			1.0
5322.5			1.0
5323.4			1.0
5324.3			1.0
5325.2			1.0
5326.1			1.005095784490682
5327.0			0.9782055292164045
5327.9			0.8433870652329751
5328.8			0.8008535435577482
5329.7			0.9054021326334071
5330.6			0.9918449945828055
5331.5			0.9982349281868612
5332.4			1.0
5333.3			1.0
5334.2			1.0
5335.1			1.0
5336.0			1.0
5336.9			1.0
5337.8			1.0315098115654096
5338.7			1.030524557393253
5339.6			0.9748676711336421
5340.5			0.9023729310031745
5341.4			0.9057922832014002
5342.3			0.9872529683803515
5343.2			0.9968513273757895
5344.1			1.0
5345.0			1.0
5345.9			1.0
5346.8			0.9893132051477702
5347.7			0.993298812084751
5348.6			0.9232597544581612
5349.5			0.9099071764994532
5350.4			0.9293137919032333
5351.3			0.9779500492880171
5352.2			0.995315273501876
5353.1			1.0
5354.0			1.0
5354.9			1.0
5355.8			1.0
5356.7			1.0
5357.6			1.0
5358.5			1.0
5359.4			1.0
5360.3			1.0
5361.2			1.0
5362.1			1.0
5363.0			1.0
5363.9			1.0
5364.8			1.0
5365.7			1.0
5366.6			1.0
5367.5			1.0
5368.4			1.0028319933453607
5369.3			0.9774946357345273
5370.2			0.907911654027492
5371.1			0.8783849071066012
5372.0			0.9160785102750598
5372.9			0.9833328962082729
5373.8			1.005400361287513
5374.7			1.0
5375.6			1.0
5376.5			1.0
5377.4			1.0
5378.3			1.0
5379.2			1.0
5380.1			1.0
5381.0			1.0
5381.9			1.0
5382.8			1.0
5383.7			1.0
5384.6			1.0
5385.5			1.0
5386.4			1.0
5387.3			1.0
5388.2			1.0
5389.1			1.0
5390.0			1.0
5390.9			1.0336979535762325
5391.8			1.0075191068213165
5392.7			0.9637108458002088
5393.6			0.9491153117398535
5394.5			0.980960948246098
5395.4			0.9891764553480402
5396.3			0.9438815098540079
5397.2			0.8930406526709798
5398.1			0.9414144527884557
5399.0			0.9954591375015411
5399.9			1.0267256270459826
5400.8			1.0215568906039532
5401.7			1.0370569064929327
5402.6			1.035832230961088
5403.5			1.0001309610490832
5404.4			1.0
5405.3			1.0
5406.2			1.0
5407.1			1.0
5408.0			1.0
5408.9			1.0
5409.8			1.0
5410.7			1.0
5411.6			1.0
5412.5			1.0
5413.4			1.0
5414.3			1.0
5415.2			1.0
5416.1			1.0
5417.0			1.0
5417.9			1.0
5418.8			1.0
5419.7			1.0
5420.6			1.0
5421.5			1.0
5422.4			1.0
5423.3			1.0
5424.2			1.0
5425.1			1.0
5426.0			1.0
5426.9			1.0200869457581445
5427.8			1.0056770248640532
5428.7			0.9687948746289007
5429.6			0.9081498487469736
5430.5			0.9411858776160648
5431.4			1.018479872209046
5432.3			1.009113539965984
5433.2			1.0
5434.1			1.0
5435.0			1.0
5435.9			1.0
5436.8			1.0
5437.7			1.0
5438.6			1.0
5439.5			1.0
5440.4			1.0
5441.3			1.0
5442.2			1.0
5443.1			1.0
5444.0			0.9762623465025206
5444.9			0.9763816055866947
5445.8			0.9184297077292539
5446.7			0.8512277373562654
5447.6			0.8819302769298009
5448.5			0.9576259160913659
5449.4			0.9961185603191791
5450.3			1.0
5451.2			1.0
5452.1			1.0
5453.0			1.0
5453.9			0.9913393806726772
5454.8			0.9333716384807211
5455.7			0.8819893303811372
5456.6			0.916333083911926
5457.5			1.0024757646416644
5458.4			1.0
5459.3			1.0
5460.2			1.0
5461.1			1.0
5462.0			1.0
5462.9			1.0
5463.8			1.0
5464.7			1.0
5465.6			1.0
5466.5			1.0
5467.4			1.0
5468.3			1.0
5469.2			1.0
5470.1			1.0
5471.0			1.0
5471.9			1.0
5472.8			1.0
5473.7			1.0
5474.6			1.0
5475.5			0.9736570615625602
5476.4			0.8827361724069018
5477.3			0.8642176036228943
5478.2			0.9447908800136908
5479.1			1.0005411174151968
5480.0			1.0
5480.9			1.0
5481.8			1.0
5482.7			1.0
5483.6			1.0
5484.5			1.0
5485.4			1.0182125855136384
5486.3			0.989255693696014
5487.2			0.9428030363464546
5488.1			0.9216536448925393
5489.0			0.9533776827907585
5489.9			0.9904970425424939
5490.8			0.9993968973340142
5491.7			1.0
5492.6			1.0
5493.5			1.0
5494.4			1.0
5495.3			1.0
5496.2			1.0
5497.1			1.0
5498.0			1.0
5498.9			1.0
5499.8			1.0
5500.7			1.0
5501.6			1.0
5502.5			1.0
5503.4			1.0
5504.3			1.0
5505.2			1.0
5506.1			1.0
5507.0			1.0
5507.9			1.0
5508.8			1.0
5509.7			1.0
5510.6			1.0
5511.5			1.0
5512.4			1.0
5513.3			1.0
5514.2			1.0
5515.1			1.0
5516.0			1.0
5516.9			1.0
5517.8			1.0
5518.7			1.0
5519.6			1.0
5520.5			1.0
5521.4			1.0
5522.3			1.0
5523.2			1.0
5524.1			1.0
5525.0			1.0070667086683738
5525.9			1.003939520908155
5526.8			0.9913411051650691
5527.7			0.970362866104837
5528.6			0.9433228784553045
5529.5			0.9730494926188356
5530.4			1.0166350312942307
5531.3			1.0234861479947257
5532.2			1.0000007945731781
5533.1			1.0
5534.0			1.0
5534.9			1.0
5535.8			1.0
5536.7			1.0
5537.6			1.0
5538.5			1.0
5539.4			1.0
5540.3			1.0
5541.2			1.0
5542.1			1.0
5543.0			1.0
5543.9			1.0
5544.8			1.0
5545.7			1.0
5546.6			1.0
5547.5			1.0
5548.4			1.0
5549.3			1.0
5550.200000000001			1.0
5551.1			1.0245515973388777
5552.0			1.035939372751675
5552.9			1.0066454269335954
5553.8			0.983160416824141
5554.700000000001			0.9655037842490592
5555.6			0.9654786335727839
5556.5			0.9610500858635094
5557.4			0.9421337136508504
5558.3			0.9692713338096148
5559.200000000001			0.9623708791491521
5560.1			0.9862388363824025
5561.0			1.0505307735420517
5561.9			1.0596487597056174
5562.8			0.9821342323442518
5563.700000000001			0.9998016414941163
5564.6			1.0
5565.5			1.0
5566.4			1.0
5567.3			1.0
5568.200000000001			1.0
5569.1			1.0
5570.0			1.0
5570.9			1.0
5571.8			1.0
5572.700000000001			1.0
5573.6			1.0
5574.5			1.0
5575.4			1.0
5576.3			1.0
5577.200000000001			1.0
5578.1			1.0
5579.0			1.0
5579.9			0.9678310186599386
5580.8			0.9920113029690257
5581.700000000001			1.0115749206334057
5582.6			0.9903340619709496
5583.5			0.9938114507004666
5584.4			1.0088277537783972
5585.3			1.0024410556428622
5586.200000000001			0.9739626468431889
5587.1			0.8903479865525997
5588.0			0.8617489226560566
5588.9			0.8921040865906361
5589.8			0.9173257270378904
5590.700000000001			0.9122891710152277
5591.6			0.9561637101640289
5592.5			0.9409096154190257
5593.4			0.9213339799435365
5594.3			0.9529147819599972
5595.200000000001			0.9491475782351264
5596.1			1.0
5597.0			1.0315445629214006
5597.9			0.964740055481461
5598.8			0.8798690317813553
5599.700000000001			0.8905676932921868
5600.6			0.9182781033806819
5601.5			0.8646816942949844
5602.4			0.845758014036799
5603.3			0.8632315951152878
5604.200000000001			0.9174453310299057
5605.1			0.9704269068998518
5606.0			0.9954236307156331
5606.9			1.002496666952779
5607.8			1.0022245567475183
5608.700000000001			1.0
5609.6			1.0
5610.5			1.0
5611.4			1.0
5612.3			1.0
5613.200000000001			0.9608658707855082
5614.1			0.9109472584248409
5615.0			0.8799656504546861
5615.9			0.8822942409104947
5616.8			0.9484118258865206
5617.700000000001			0.9956876046124359
5618.6			0.993740298580145
5619.5			1.0
5620.4			1.0
5621.3			1.0
5622.200000000001			1.0
5623.1			1.0
5624.0			1.0
5624.9			1.0
5625.8			1.0
5626.700000000001			1.0
5627.6			1.0
5628.5			1.0
5629.4			1.0
5630.3			1.0
5631.200000000001			1.0
5632.1			1.0
5633.0			1.0
5633.9			1.0
5634.8			1.0
5635.700000000001			1.0
5636.6			1.0
5637.5			1.0
5638.4			1.0
5639.3			1.0
5640.200000000001			1.0
5641.1			1.0
5642.0			1.0
5642.9			1.0
5643.8			1.0
5644.700000000001			1.0
5645.6			1.0
5646.5			1.0
5647.4			1.0
5648.3			1.0
5649.200000000001			1.0
5650.1			1.0
5651.0			1.0
5651.9			1.0
5652.8			1.0
5653.700000000001			1.0
5654.6			1.0
5655.5			1.0
5656.4			1.0155808698686182
5657.3			0.9799361875827687
5658.200000000001			0.9184845771886596
5659.1			0.9506256223373131
5660.0			0.999366898603946
5660.9			1.0
5661.8			1.0
5662.700000000001			1.0
5663.6			1.0
5664.5			1.0
5665.4			1.0
5666.3			1.0
5667.200000000001			1.0
5668.1			1.0
5669.0			1.0
5669.9			1.0
5670.8			1.0
5671.700000000001			1.0
5672.6			1.0
5673.5			1.0
5674.4			1.0
5675.3			1.0
5676.200000000001			1.0
5677.1			1.0
5678.0			1.0
5678.9			1.0
5679.8			1.0
5680.700000000001			1.022740017919
5681.6			1.0107021818056217
5682.5			0.9403810559984211
5683.4			0.9038667296759916
5684.3			0.923950600175643
5685.200000000001			0.9772130167962348
5686.1			1.0016201301307373
5687.0			1.0
5687.9			1.0
5688.8			1.0
5689.700000000001			1.0
5690.6			1.0
5691.5			1.0
5692.4			1.0
5693.3			1.0
5694.200000000001			1.0
5695.1			1.0
5696.0			1.0
5696.9			1.0
5697.8			1.0
5698.700000000001			1.0
5699.6			1.0
5700.5			1.0
5701.4			1.0
5702.3			0.9920581759313452
5703.200000000001			1.0174021845990642
5704.1			1.0538435972344515
5705.0			1.0418599244259104
5705.9			0.9838840113140026
5706.8			0.9581484191354028
5707.700000000001			0.9563608836234918
5708.6			0.9103703848312344
5709.5			0.8921039546616188
5710.4			0.9090454796419936
5711.3			0.9154537120323513
5712.200000000001			0.9163565821913499
5713.1			0.9461289203492533
5714.0			0.9709161250961724
5714.9			1.0052439624633835
5715.8			1.0228513236627945
5716.700000000001			1.0020397735068003
5717.6			1.0
5718.5			1.0
5719.4			1.0
5720.3			1.0
5721.200000000001			1.0
5722.1			1.0
5723.0			1.0
5723.9			1.0
5724.8			1.0
5725.700000000001			1.0
5726.6			1.0
5727.5			1.0
5728.4			1.0
5729.3			1.0
5730.200000000001			1.0
5731.1			1.0
5732.0			1.0
5732.9			1.0
5733.8			1.0
5734.700000000001			1.0
5735.6			1.0
5736.5			1.0
5737.4			1.0
5738.3			1.0
5739.200000000001			1.0
5740.1			1.0
5741.0			1.0
5741.9			1.0
5742.8			1.0
5743.700000000001			1.0
5744.6			1.0
5745.5			1.0
5746.4			1.0
5747.3			1.0
5748.200000000001			1.0
5749.1			1.0
5750.0			1.0
5750.9			1.0
5751.8			1.0
5752.700000000001			1.0
5753.6			1.0
5754.5			1.0
5755.4			1.0
5756.3			1.0
5757.200000000001			1.0
5758.1			0.9893737410433129
5759.0			0.9804354946437734
5759.9			0.9901919554811195
5760.8			1.0115021500810284
5761.700000000001			0.9813491688340839
5762.6			0.9241370646332582
5763.5			0.9287235702313497
5764.4			0.9609695492121866
5765.3			0.95770772747004
5766.200000000001			0.9741539394097442
5767.1			1.0007085047250466
5768.0			1.0
5768.9			1.0
5769.8			1.0
5770.700000000001			1.0
5771.6			1.0
5772.5			1.0
5773.4			1.0139042445620816
5774.3			1.0370092472736354
5775.200000000001			1.0447658511295561
5776.1			1.0382066055958874
5777.0			1.0255747866090275
5777.9			1.0022909544973018
5778.8			0.9814902177331831
5779.700000000001			0.9879528400192708
5780.6			0.9598259266264861
5781.5			0.9449362012566409
5782.4			0.9377589724624404
5783.3			0.9573564551969361
5784.200000000001			0.984182953837306
5785.1			0.9618121938175724
5786.0			1.0090108180021644
5786.9			1.0613496941944778
5787.8			1.0504771264153312
5788.700000000001			1.0242214238533605
5789.6			1.0264058998524503
5790.5			1.0255097343849837
5791.4			1.0023267657299202
5792.3			1.0
5793.200000000001			1.0
5794.1			1.0
5795.0			1.0
5795.9			1.0
5796.8			1.0
5797.700000000001			1.0
5798.6			1.0
5799.5			1.0
5800.4			1.0
5801.3			1.0
5802.200000000001			1.0
5803.1			1.0
5804.0			1.0
5804.9			1.0
5805.8			1.0
5806.700000000001			1.0
5807.6			1.0
5808.5			1.0
5809.4			1.0
5810.3			1.0
5811.200000000001			1.0
5812.1			1.0
5813.0			1.0
5813.9			1.0
5814.8			1.0
5815.700000000001			1.0
5816.6			1.0
5817.5			1.0
5818.4			1.0
5819.3			1.0
5820.200000000001			1.0
5821.1			1.0
5822.0			1.0
5822.9			1.0
5823.8			1.0
5824.700000000001			1.0
5825.6			1.0
5826.5			1.0
5827.4			1.0
5828.3			1.0
5829.200000000001			1.0
5830.1			1.0
5831.0			1.0
5831.9			1.0
5832.8			1.0
5833.700000000001			1.0
5834.6			1.0
5835.5			1.0
5836.4			1.0
5837.3			1.0
5838.200000000001			1.0
5839.1			1.0
5840.0			1.0
5840.9			1.0
5841.8			1.0
5842.700000000001			1.0
5843.6			1.0
5844.5			1.0
5845.4			1.0
5846.3			1.0
5847.200000000001			1.0
5848.1			1.0
5849.0			1.0
5849.9			1.0
5850.8			1.0
5851.700000000001			1.0
5852.6			1.0
5853.5			1.0
5854.4			1.0
5855.3			1.0209794619368402
5856.200000000001			1.016272788109213
5857.1			0.965279090030971
5858.0			0.9295754315322844
5858.9			0.9705466269279311
5859.8			1.0083142311944884
5860.700000000001			0.9992064398527589
5861.6			1.0
5862.5			1.0
5863.4			1.0
5864.3			1.0
5865.200000000001			1.0
5866.1			1.0
5867.0			1.0
5867.9			1.0
5868.8			1.0
5869.700000000001			1.0
5870.6			1.0
5871.5			1.0
5872.4			1.0
5873.3			1.0
5874.200000000001			1.0
5875.1			1.0
5876.0			1.0
5876.9			1.0
5877.8			1.0
5878.700000000001			1.0
5879.6			1.0
5880.5			1.0
5881.4			1.0
5882.3			1.0
5883.200000000001			1.0
5884.1			1.0
5885.0			1.0
5885.9			1.0
5886.8			1.0
5887.700000000001			0.9517649941979959
5888.6			0.8611753986804764
5889.5			0.7010499598211036
5890.4			0.6508382978964463
5891.3			0.8040873348818625
5892.200000000001			0.951187866714282
5893.1			1.000361747224483
5894.0			1.0
5894.9			1.0
5895.8			1.0
5896.700000000001			1.0
5897.6			1.0
5898.5			1.1077611883694953
5899.4			1.1021577171267716
5900.3			1.0808572653059456
5901.200000000001			1.0911605788153462
5902.1			1.121322533231362
5903.0			1.1227195079301997
5903.9			1.0915946691622904
5904.8			1.0849992982430074
5905.700000000001			1.120716970406743
5906.6			1.1456571153942323
5907.5			1.1207355562883334
5908.4			1.0868087920385292
5909.3			1.0899596120609851
5910.200000000001			1.0781887680033189
5911.1			1.0671656102821823
5912.0			1.0544395987421828
5912.9			1.0482950394005304
5913.8			1.0232665859636962
5914.700000000001			0.9831685816886906
5915.6			0.984891920811006
5916.5			0.9916672880854289
5917.4			1.0004728350872147
5918.3			1.0132783266025363
5919.200000000001			1.0142851567250286
5920.1			1.0075449905079443
5921.0			0.9959259003027541
5921.9			0.9880386978871563
5922.8			0.999505220864911
5923.700000000001			1.0144953965113264
5924.6			1.008561169893013
5925.5			1.0017622208201682
5926.4			0.9969274010573621
5927.3			0.9853779247764755
5928.200000000001			1.0010826889582296
5929.1			1.001814385912944
5930.0			0.9769445076604857
5930.9			0.9992406099819675
5931.8			1.0
5932.700000000001			1.0
5933.6			1.0
5934.5			1.0
5935.4			1.0
5936.3			1.0
5937.200000000001			1.0
5938.1			1.0
5939.0			1.0
5939.9			1.0
5940.8			1.0
5941.700000000001			1.006091930031642
5942.6			1.0361442871311624
5943.5			1.028178391547665
5944.4			0.9957275432582854
5945.3			1.0011914367928114
5946.200000000001			1.025908708224527
5947.1			0.9950804773255912
5948.0			0.9453058528062623
5948.9			0.9319261002413193
5949.8			0.945980268833434
5950.700000000001			0.9780057114294697
5951.6			0.9811112665963503
5952.5			0.9468888534033382
5953.4			0.9494540303973469
5954.3			0.9772631793883267
5955.200000000001			0.9891760767909125
5956.1			1.0008260588769333
5957.0			1.0
5957.9			1.0
5958.8			1.0
5959.700000000001			1.0
5960.6			1.0
5961.5			1.0
5962.4			1.0
5963.3			1.0
5964.200000000001			1.0
5965.1			1.0
5966.0			1.0
5966.9			1.0
5967.8			1.0
5968.700000000001			1.0
5969.6			1.0
5970.5			1.0
5971.4			1.0
5972.3			0.9879746196527338
5973.200000000001			0.9803366154779817
5974.1			0.974480980608235
5975.0			0.9588338753455484
5975.9			0.9250587028776484
5976.8			0.9128383705620312
5977.700000000001			0.9260581126822561
5978.6			0.9457997776057775
5979.5			0.9796223651279328
5980.4			1.0045162346331162
5981.3			1.000183317626376
5982.200000000001			1.0
5983.1			1.0
5984.0			1.0
5984.9			1.0
5985.8			1.0
5986.700000000001			1.0
5987.6			1.0
5988.5			1.0
5989.4			1.0
5990.3			1.0
5991.200000000001			1.0
5992.1			1.0
5993.0			1.0
5993.9			1.0
5994.8			1.0
5995.700000000001			1.0
5996.6			1.0
5997.5			1.0
5998.4			1.0
5999.3			1.0
6000.200000000001			1.0254412097517933
6001.1			1.029769139193571
6002.0			0.9987175748919788
6002.9			0.9644135121374783
6003.8			0.9756632816679432
6004.700000000001			0.9973741641284095
6005.6			1.0025173492437274
6006.5			0.9952867250850191
6007.4			0.9568514493396753
6008.3			0.9265052892276502
6009.200000000001			0.9444870450724769
6010.1			0.9930222247980731
6011.0			1.0263740731619924
6011.9			1.0154675730260976
6012.8			0.9958923308567617
6013.700000000001			0.9867748174776387
6014.6			0.9909598037817552
6015.5			1.00142817700234
6016.4			0.9999702641925108
6017.3			1.0
6018.200000000001			1.0
6019.1			1.0
6020.0			1.0
6020.9			1.0
6021.8			1.0
6022.700000000001			1.0
6023.6			1.0
6024.5			1.0
6025.4			1.0
6026.3			1.0
6027.200000000001			1.0
6028.1			1.0
6029.0			1.0
6029.9			1.0
6030.8			1.0
6031.700000000001			1.0
6032.6			1.0
6033.5			1.0
6034.4			1.0
6035.3			1.0
6036.200000000001			1.0
6037.1			1.0
6038.0			1.0
6038.9			1.0
6039.8			1.0
6040.700000000001			1.0
6041.6			1.0
6042.5			1.0
6043.4			1.0
6044.3			1.0
6045.200000000001			1.0
6046.1			1.0
6047.0			1.0
6047.9			1.0
6048.8			1.0
6049.700000000001			1.0
6050.6			1.0
6051.5			1.0
6052.4			1.0
6053.3			1.0
6054.200000000001			1.0
6055.1			1.0
6056.0			1.0
6056.9			1.0
6057.8			1.0
6058.700000000001			1.0
6059.6			1.0
6060.5			1.0
6061.4			1.0
6062.3			1.0030808615671565
6063.200000000001			0.9824170718312993
6064.1			0.936904628574645
6065.0			0.8971400246239934
6065.9			0.9084779235911262
6066.8			0.9618277538548748
6067.700000000001			0.997692059649985
6068.6			1.0
6069.5			1.0
6070.4			1.0
6071.3			1.0
6072.200000000001			1.0
6073.1			1.0
6074.0			1.0
6074.9			1.0
6075.8			1.0
6076.700000000001			1.0
6077.6			1.0
6078.5			1.0
6079.4			1.0
6080.3			1.0
6081.200000000001			1.0
6082.1			1.0
6083.0			1.0
6083.9			0.9945737196092392
6084.8			0.9435325412728477
6085.700000000001			0.923655050316874
6086.6			0.9668162643434645
6087.5			1.0023672258856573
6088.4			1.0
6089.3			1.0
6090.200000000001			1.0
6091.1			1.0
6092.0			1.0
6092.9			1.0
6093.8			1.0
6094.700000000001			1.0
6095.6			1.0
6096.5			1.0
6097.4			1.0
6098.3			1.0171752672096637
6099.200000000001			1.0304291649564132
6100.1			1.0253078543645426
6101.0			0.9928784778144384
6101.9			0.9398683331624659
6102.8			0.9356405031985177
6103.700000000001			0.9799172612412016
6104.6			1.013642524386499
6105.5			1.0386400612132507
6106.4			1.0427603728358565
6107.3			1.0049904835813306
6108.200000000001			1.0
6109.1			1.0
6110.0			1.0
6110.9			1.0
6111.8			1.0
6112.700000000001			1.0
6113.6			1.0
6114.5			1.0
6115.4			1.0
6116.3			1.0
6117.200000000001			1.0
6118.1			1.0
6119.0			0.9952228443210774
6119.9			0.9885035086393668
6120.8			0.95264512704773
6121.700000000001			0.8859133063593567
6122.6			0.8793214163664711
6123.5			0.960159583038713
6124.4			0.9990652521914548
6125.3			1.0
6126.200000000001			1.0
6127.1			1.0
6128.0			1.0
6128.9			1.0
6129.8			1.0
6130.700000000001			1.0
6131.6			1.0
6132.5			1.0
6133.4			1.0
6134.3			0.9963556028453802
6135.200000000001			0.9495656538122875
6136.1			0.8688340617153362
6137.0			0.8151802388029401
6137.9			0.8621087094373131
6138.8			0.9558349109206771
6139.700000000001			1.0003148378277218
6140.6			1.0
6141.5			1.0
6142.4			1.0
6143.3			1.0
6144.200000000001			1.0
6145.1			1.0
6146.0			1.0
6146.9			1.0
6147.8			1.0
6148.700000000001			1.0
6149.6			1.0
6150.5			1.0
6151.4			1.0
6152.3			1.0
6153.200000000001			1.0
6154.1			1.0
6155.0			1.0
6155.9			1.0
6156.8			0.9885932510856982
6157.700000000001			0.9820122551386748
6158.6			0.999454921423075
6159.5			1.005154246279108
6160.4			0.9440524241556046
6161.3			0.882283830999491
6162.200000000001			0.8888233490707673
6163.1			0.9292904464253421
6164.0			0.9610359446996753
6164.9			0.9820639797094944
6165.8			0.9997455913647036
6166.700000000001			1.0
6167.6			1.0
6168.5			1.0
6169.4			1.0
6170.3			1.0
6171.200000000001			1.0
6172.1			1.0
6173.0			1.0
6173.9			1.0
6174.8			1.0
6175.700000000001			1.0
6176.6			1.0
6177.5			1.0
6178.4			1.0
6179.3			1.0
6180.200000000001			1.0
6181.1			1.0
6182.0			1.0
6182.9			1.0
6183.8			1.0
6184.700000000001			1.0
6185.6			1.0
6186.5			1.0
6187.4			0.9901745224076031
6188.3			0.9683060711249694
6189.200000000001			0.9478530094568197
6190.1			0.9182901792347117
6191.0			0.8926904181334715
6191.9			0.9196037286653558
6192.8			0.9777138462946723
6193.700000000001			0.998972452739612
6194.6			1.0002649845713725
6195.5			1.0
6196.4			1.0
6197.3			1.0
6198.200000000001			1.0
6199.1			1.0
6200.0			1.0
6200.9			1.0
6201.8			1.0
6202.700000000001			1.0
6203.6			1.0
6204.5			1.0
6205.4			1.0
6206.3			1.0
6207.200000000001			1.0
6208.1			1.0
6209.0			1.0
6209.9			1.0
6210.8			0.9931270399212586
6211.700000000001			0.977333748571087
6212.6			0.9483315741109037
6213.5			0.9166818472458795
6214.4			0.9172358874594522
6215.3			0.9313441792275394
6216.200000000001			0.9634839679901867
6217.1			1.012480023674842
6218.0			0.9966431555998129
6218.9			1.0
6219.8			1.0
6220.700000000001			1.0
6221.6			1.0
6222.5			1.0
6223.4			1.0
6224.3			1.0
6225.200000000001			1.0
6226.1			1.0
6227.0			1.0
6227.9			1.0412678469346128
6228.8			1.0526350128062754
6229.700000000001			0.9832347002501858
6230.6			0.9212210993629504
6231.5			0.9267492909305856
6232.4			0.9603149114816432
6233.3			0.9992474450454065
6234.200000000001			1.0
6235.1			1.0
6236.0			1.0
6236.9			1.0
6237.8			1.0
6238.700000000001			1.0
6239.6			1.0
6240.5			1.0065124019336122
6241.4			0.9848453855447139
6242.3			0.9182191979473902
6243.200000000001			0.8900193436515328
6244.1			0.9327049752927307
6245.0			0.9827744575945074
6245.9			1.0000397449586853
6246.8			1.0
6247.700000000001			1.0
6248.6			1.0
6249.5			1.0
6250.4			1.0
6251.3			1.0
6252.200000000001			0.9797236257528317
6253.1			0.9581303254898522
6254.0			0.9589881605329471
6254.9			0.9845639798200037
6255.8			0.9854810348984334
6256.700000000001			0.9554550123151248
6257.6			0.928930028436478
6258.5			0.9024244351172946
6259.4			0.9138946664483463
6260.3			0.9446735766591157
6261.200000000001			0.9481132357508391
6262.1			0.9529695801831471
6263.0			0.9616018966524356
6263.9			0.9760542654036812
6264.8			1.0005713710498207
6265.700000000001			1.0
6266.6			1.0
6267.5			1.0
6268.4			1.0
6269.3			1.0
6270.200000000001			1.0
6271.1			1.0
6272.0			1.0
6272.9			1.0
6273.8			1.0
6274.700000000001			1.0076353717216788
6275.6			0.9906026177742889
6276.5			0.9787943879380001
6277.4			0.9625719500410636
6278.3			0.9214646158890181
6279.200000000001			0.8982285761039099
6280.1			0.9191345026757314
6281.0			0.9365226391313028
6281.9			0.9151518228746107
6282.8			0.8931841100071958
6283.700000000001			0.8919703511257692
6284.6			0.8943716424951622
6285.5			0.9223611638231974
6286.4			0.9609895288217873
6287.3			0.978458928930463
6288.200000000001			1.0094805504807782
6289.1			1.0356144334767687
6290.0			1.0108179954647423
6290.9			0.9635729358075932
6291.8			0.9636829093922372
6292.700000000001			0.9977304346946837
6293.6			1.0
6294.5			1.0
6295.4			1.0
6296.3			1.0
6297.200000000001			1.0
6298.1			1.0
6299.0			0.9887507881768798
6299.9			0.9782794290625733
6300.8			0.970275805236546
6301.700000000001			0.9517009856248019
6302.6			0.9461076313039604
6303.5			0.9606350742816557
6304.4			0.9881747494226434
6305.3			1.0131798565042873
6306.200000000001			1.0341167963881894
6307.1			1.0606374726560972
6308.0			1.0623787300477416
6308.9			1.0292210364344823
6309.8			0.9899089834486817
6310.700000000001			0.961429954999055
6311.6			0.9679232320501258
6312.5			0.9994290772511873
6313.4			0.9874349444864347
6314.3			0.9510525235055578
6315.200000000001			0.9571959441127833
6316.1			0.9897524872505541
6317.0			0.9864348016670149
6317.9			0.953376231584328
6318.8			0.95490634715195
6319.700000000001			0.9837718114766854
6320.6			0.9954252981919792
6321.5			0.9767400037555964
6322.4			0.9464219333355277
6323.3			0.9547980195637071
6324.200000000001			0.9878767822086468
6325.1			0.9994038291410762
6326.0			1.0176297144287547
6326.9			1.0455022795036377
6327.8			1.0534376355808361
6328.700000000001			1.0420921376782324
6329.6			0.9995002662090373
6330.5			1.0
6331.4			1.0
6332.3			1.0
6333.200000000001			1.0039583403672803
6334.1			0.9641498536048572
6335.0			0.9127048253190744
6335.9			0.9098201489083493
6336.8			0.9641078538481952
6337.700000000001			1.0081376471652814
6338.6			1.0046711896713465
6339.5			1.0
6340.4			1.0
6341.3			1.0
6342.200000000001			1.0
6343.1			1.0
6344.0			1.0
6344.9			1.0
6345.8			1.0
6346.700000000001			1.0
6347.6			1.0
6348.5			1.0
6349.4			1.0
6350.3			1.0
6351.200000000001			1.0
6352.1			1.0
6353.0			1.0
6353.9			1.0
6354.8			1.0
6355.700000000001			1.0
6356.6			1.0
6357.5			1.0
6358.4			1.0
6359.3			1.0
6360.200000000001			1.0
6361.1			1.0
6362.0			1.0
6362.9			1.0
6363.8			1.0
6364.700000000001			1.0
6365.6			1.0
6366.5			1.0
6367.4			1.0
6368.3			1.0
6369.200000000001			1.0
6370.1			1.0
6371.0			1.0
6371.9			1.0
6372.8			1.0
6373.700000000001			1.0
6374.6			1.0
6375.5			1.0448233560499138
6376.4			1.0467554154947765
6377.3			1.0131075728642116
6378.200000000001			0.963038956758345
6379.1			0.9285304258584376
6380.0			0.930983185468412
6380.9			0.9393619489791893
6381.8			0.9600392238478583
6382.700000000001			1.0014589807420315
6383.6			1.0
6384.5			1.0
6385.4			1.0
6386.3			1.0
6387.200000000001			1.0
6388.1			1.0
6389.0			1.0
6389.9			1.0
6390.8			1.0
6391.700000000001			1.0
6392.6			1.0
6393.5			1.0
6394.4			1.0
6395.3			1.0
6396.200000000001			1.0
6397.1			1.0
6398.0			0.9998955338618197
6398.9			0.9262565062635085
6399.8			0.8679415497093045
6400.700000000001			0.9143734963055937
6401.6			0.9954334415789319
6402.5			1.0
6403.4			1.0
6404.3			1.0
6405.200000000001			1.0
6406.1			1.0
6407.0			1.0
6407.9			1.0
6408.8			1.0
6409.700000000001			1.0
6410.6			1.0
6411.5			1.0
6412.4			1.0
6413.3			1.0
6414.200000000001			1.0
6415.1			1.0150023410927467
6416.0			1.0542063294417479
6416.9			1.0524657313259214
6417.8			0.996482202784292
6418.700000000001			0.936108235170611
6419.6			0.9021233253315184
6420.5			0.9067731082729463
6421.4			0.9383703526998121
6422.3			0.9668540698347187
6423.200000000001			0.9856153544469176
6424.1			0.9994674136375955
6425.0			1.0
6425.9			1.0
6426.8			1.0
6427.700000000001			1.0
6428.6			1.0
6429.5			1.0
6430.4			1.0
6431.3			1.0
6432.200000000001			1.0
6433.1			1.0
6434.0			1.0
6434.9			1.0
6435.8			1.0
6436.700000000001			1.0
6437.6			1.0
6438.5			1.0
6439.4			1.0
6440.3			1.0
6441.200000000001			1.0
6442.1			1.0
6443.0			1.0
6443.9			1.0
6444.8			1.0
6445.700000000001			1.0
6446.6			0.9997606312966901
6447.5			0.9915336601553069
6448.4			0.9514403832708425
6449.3			0.8961062885285661
6450.200000000001			0.8684602503491382
6451.1			0.8956989588201889
6452.0			0.9456495993124783
6452.9			0.9802027900378332
6453.8			1.0003763226137719
6454.700000000001			1.0
6455.6			1.0
6456.5			1.0
6457.4			1.0
6458.3			1.0
6459.200000000001			1.0
6460.1			0.9818096009419396
6461.0			0.9289376611281639
6461.9			0.8853968739387122
6462.8			0.8717521995715003
6463.700000000001			0.9107450984361225
6464.6			0.9675369587076117
6465.5			0.9935043817171498
6466.4			1.0
6467.3			1.0
6468.200000000001			1.0
6469.1			1.0
6470.0			1.0
6470.9			1.0
6471.8			1.0
6472.700000000001			1.0
6473.6			1.0
6474.5			1.0
6475.4			1.0
6476.3			1.0
6477.200000000001			1.0
6478.1			1.0
6479.0			1.0
6479.9			1.0
6480.8			1.0
6481.700000000001			1.0
6482.6			1.0
6483.5			1.0
6484.4			1.0
6485.3			1.0
6486.200000000001			1.0
6487.1			1.0
6488.0			1.0
6488.9			1.0365558166848647
6489.8			1.0423064934079784
6490.700000000001			0.9897022367191722
6491.6			0.9472869961737153
6492.5			0.9502943208202757
6493.4			0.9432320770885261
6494.3			0.8873388592747524
6495.200000000001			0.8545769205764794
6496.1			0.8790578467002141
6497.0			0.8965618919625552
6497.9			0.9020213518478213
6498.8			0.9059659074889326
6499.700000000001			0.9211277546732123
6500.6			0.9687538658132473
6501.5			1.0009804565579705
6502.4			1.0
6503.3			1.0
6504.200000000001			1.0
6505.1			1.0
6506.0			1.0
6506.9			1.0
6507.8			1.0
6508.700000000001			1.0
6509.6			1.0
6510.5			1.0
6511.4			1.0
6512.3			1.0
6513.200000000001			1.0
6514.1			1.0
6515.0			1.0
6515.9			1.0
6516.8			1.0
6517.700000000001			1.0
6518.6			1.0
6519.5			1.0
6520.4			1.0
6521.3			1.0
6522.200000000001			1.0
6523.1			1.0
6524.0			1.0
6524.9			1.0
6525.8			1.0
6526.700000000001			1.0
6527.6			1.0
6528.5			1.0
6529.4			1.0
6530.3			1.0
6531.200000000001			1.0
6532.1			1.0
6533.0			1.0
6533.9			1.0
6534.8			1.0
6535.700000000001			1.0
6536.6			1.0
6537.5			1.0
6538.4			1.0
6539.3			1.0
6540.200000000001			1.0
6541.1			1.0
6542.0			1.0
6542.9			1.0
6543.8			1.0
6544.700000000001			1.0
6545.6			1.0
6546.5			1.0
6547.4			1.0
6548.3			1.0
6549.200000000001			1.0
6550.1			1.0
6551.0			1.0
6551.9			1.0
6552.8			1.0
6553.700000000001			1.0
6554.6			1.0
6555.5			1.0
6556.4			1.0
6557.3			1.0
6558.200000000001			1.0
6559.1			1.0
6560.0			0.9580679997296426
6560.9			0.8774663047940416
6561.8			0.7165178666476448
6562.700000000001			0.5960267085063022
6563.6			0.7286211600036172
6564.5			0.9486612111867012
6565.4			0.9994299347899279
6566.3			1.0
6567.200000000001			1.0
6568.1			1.0
6569.0			1.0
6569.9			1.0
6570.8			1.0
6571.700000000001			1.0
6572.6			1.0
6573.5			1.0
6574.4			1.0
6575.3			1.0
6576.200000000001			1.0
6577.1			1.0
6578.0			1.0
6578.9			1.0
6579.8			1.0
6580.700000000001			1.0
6581.6			1.0
6582.5			1.0
6583.4			1.0
6584.3			1.0
6585.200000000001			1.0
6586.1			1.0
6587.0			1.0
6587.9			1.0
6588.8			1.0
6589.700000000001			1.0
6590.6			1.0
6591.5			1.0
6592.4			1.0
6593.3			1.0
6594.200000000001			1.0
6595.1			1.0
6596.0			1.0
6596.9			1.0
6597.8			1.0
6598.700000000001			1.0
6599.6			1.0
6600.5			1.0
6601.4			1.0
6602.3			1.0
6603.200000000001			1.0
6604.1			1.0
6605.0			1.0
6605.9			1.0
6606.8			1.0
6607.700000000001			1.0
6608.6			1.0
6609.5			1.0
6610.4			1.0
6611.3			1.0
6612.200000000001			1.0
6613.1			1.0
6614.0			1.0
6614.9			1.0
6615.8			1.0
6616.700000000001			1.0
6617.6			1.0
6618.5			1.0
6619.4			1.0
6620.3			1.0
6621.200000000001			1.0
6622.1			1.0
6623.0			1.0
6623.9			1.0
6624.8			1.0
6625.700000000001			1.0
6626.6			1.0
6627.5			1.0
6628.4			1.0
6629.3			1.0
6630.200000000001			1.0
6631.1			1.0
6632.0			1.0
6632.9			1.0
6633.8			1.0
6634.700000000001			1.0
6635.6			1.0
6636.5			1.0
6637.4			1.0
6638.3			1.0
6639.200000000001			1.0
6640.1			1.0
6641.0			1.0
6641.9			0.9775330335479413
6642.8			0.9078512338300417
6643.700000000001			0.8886483144234595
6644.6			0.9572447766201753
6645.5			1.0005757995926203
6646.4			1.0
6647.3			1.0
6648.200000000001			1.0
6649.1			1.0
6650.0			1.0
6650.9			1.0
6651.8			1.0
6652.700000000001			1.0
6653.6			1.0
6654.5			1.0
6655.4			1.0
6656.3			1.0
6657.200000000001			1.0
6658.1			1.0
6659.0			1.0
6659.9			1.0
6660.8			1.0
6661.700000000001			1.0
6662.6			1.0
6663.5			1.0
6664.4			1.0
6665.3			1.0
6666.200000000001			1.0
6667.1			1.0
6668.0			1.0
6668.9			1.0
6669.8			1.0
6670.700000000001			1.0
6671.6			1.0
6672.5			1.0
6673.4			1.0
6674.3			1.0
6675.200000000001			1.0
6676.1			1.0
6677.0			1.0
6677.9			1.0
6678.8			1.0
6679.700000000001			1.0
6680.6			1.0
6681.5			1.0
6682.4			1.0
6683.3			1.0
6684.200000000001			1.0
6685.1			1.0
6686.0			1.0
6686.9			1.0
6687.8			1.0
6688.700000000001			1.0
6689.6			1.0
6690.5			1.0
6691.4			1.0
6692.3			1.0
6693.200000000001			1.0
6694.1			1.0
6695.0			1.0
6695.9			1.0
6696.8			1.0
6697.700000000001			1.0
6698.6			1.0
6699.5			1.0
6700.4			1.0
6701.3			1.0
6702.200000000001			1.0
6703.1			1.0
6704.0			1.0
6704.9			1.0
6705.8			1.0
6706.700000000001			1.0
6707.6			1.0
6708.5			1.0
6709.4			1.0
6710.3			1.0
6711.200000000001			1.0
6712.1			1.0
6713.0			1.0
6713.9			1.0
6714.8			1.012307267676335
6715.700000000001			0.9735496751563096
6716.6			0.9001889021815138
6717.5			0.8707578752617652
6718.4			0.9117074826248199
6719.3			0.9762545252745267
6720.200000000001			0.9999584131808629
6721.1			1.0
6722.0			1.0
6722.9			1.0
6723.8			1.0
6724.700000000001			1.0
6725.6			1.0
6726.5			1.0
6727.4			1.0
6728.3			1.0
6729.200000000001			1.0
6730.1			1.0
6731.0			1.0
6731.9			1.0
6732.8			1.0
6733.700000000001			1.0
6734.6			1.0
6735.5			1.0
6736.4			1.0
6737.3			1.0
6738.200000000001			1.0
6739.1			1.0
6740.0			1.0
6740.9			1.0
6741.8			1.0
6742.700000000001			1.0
6743.6			1.0
6744.5			1.0
6745.4			1.0
6746.3			1.0
6747.200000000001			1.013838463367493
6748.1			1.0026676679646305
6749.0			0.9587863430287066
6749.9			0.9282551987233474
6750.8			0.9582468558803996
6751.700000000001			0.9981947692160623
6752.6			0.9997686222674111
6753.5			1.0
6754.4			1.0
6755.3			1.0
6756.200000000001			1.0
6757.1			1.0
6758.0			1.0
6758.9			1.0
6759.8			1.0
6760.700000000001			1.0
6761.6			1.0
6762.5			1.0
6763.4			1.0
6764.3			1.0
6765.200000000001			1.0
6766.1			1.0
6767.0			1.0
6767.9			1.0
6768.8			1.0
6769.700000000001			1.0
6770.6			1.0
6771.5			1.0
6772.4			1.0
6773.3			1.0
6774.200000000001			1.0
6775.1			1.0
6776.0			1.0
6776.9			1.0
6777.8			1.0
6778.700000000001			1.0
6779.6			1.0
6780.5			1.0
6781.4			1.0
6782.3			1.0
6783.200000000001			1.0
6784.1			1.0
6785.0			1.0
6785.9			1.0
6786.8			1.0
6787.700000000001			1.0
6788.6			1.0
6789.5			1.0
6790.4			1.0
6791.3			1.0
6792.200000000001			1.0
6793.1			1.0
6794.0			1.0
6794.9			1.0257025943593034
6795.8			1.0480153163319845
6796.700000000001			1.025268532586822
6797.6			0.9947663435039035
6798.5			0.9990043795238382
6799.4			0.9993987219683125
6800.3			1.0015514359638937
6801.200000000001			0.9976683342732482
6802.1			0.9796380207356206
6803.0			0.9660332031372012
6803.9			0.9537627916334676
6804.8			0.94870459208995
6805.700000000001			0.9706704126363415
6806.6			1.0104213003586424
6807.5			1.0426587779231336
6808.4			1.039022970796473
6809.3			0.9899200896899095
6810.200000000001			0.9738927863872002
6811.1			1.0134178139959449
6812.0			1.0408167187993567
6812.9			1.0648525919345742
6813.8			1.056708709517619
6814.700000000001			1.000226001285718
6815.6			1.0
6816.5			1.0
6817.4			1.0
6818.3			1.0
6819.200000000001			1.0
6820.1			1.0
6821.0			1.0
6821.9			1.0
6822.8			1.0
6823.700000000001			1.0
6824.6			1.0
6825.5			1.0
6826.4			1.0
6827.3			1.0
6828.200000000001			1.0
6829.1			1.0
6830.0			1.0
6830.9			1.0
6831.8			1.0
6832.700000000001			1.0
6833.6			1.0
6834.5			1.0
6835.4			1.0
6836.3			1.0
6837.200000000001			1.0
6838.1			1.0
6839.0			1.0
6839.9			1.0
6840.8			1.0
6841.700000000001			1.0
6842.6			1.0
6843.5			1.0
6844.4			1.0
6845.3			1.0
6846.200000000001			1.0
6847.1			1.0
6848.0			1.0
6848.9			1.0
6849.8			1.0
6850.700000000001			1.0
6851.6			1.0
6852.5			1.0
6853.4			1.0
6854.3			1.0
6855.200000000001			1.0
6856.1			1.0
6857.0			1.0
6857.9			1.0
6858.8			1.0
6859.700000000001			1.0
6860.6			1.0
6861.5			1.0
6862.4			1.0
6863.3			1.0
6864.200000000001			1.0
6865.1			1.0
6866.0			1.0
6866.9			1.0
6867.8			1.0
6868.700000000001			1.0
6869.6			1.0
6870.5			1.0
6871.4			1.0
6872.3			1.0
6873.200000000001			1.0
6874.1			1.0
6875.0			1.0
6875.9			1.0
6876.8			1.0
6877.700000000001			1.0
6878.6			1.0
6879.5			1.0
6880.4			1.0
6881.3			1.0
6882.200000000001			1.0
6883.1			1.0
6884.0			1.0
6884.9			1.0
6885.8			1.0
6886.700000000001			1.0
6887.6			1.0
6888.5			1.0
6889.4			1.0
6890.3			1.0
6891.200000000001			1.0
6892.1			1.0
6893.0			1.0
6893.9			1.0
6894.8			1.0
6895.700000000001			1.0154552132684211
6896.6			0.9817206176479155
6897.5			0.9638297444181642
6898.4			0.977480303959313
6899.3			1.0077755947259766
6900.200000000001			0.9755474230878611
6901.1			0.9126347484046411
6902.0			0.9164042598108882
6902.9			0.9465241411353663
6903.8			0.9503895751395531
6904.700000000001			0.9412512403384466
6905.6			0.9585567907051126
6906.5			0.9992490040352481
6907.4			1.0
6908.3			1.0
6909.200000000001			1.0
6910.1			1.0
6911.0			1.0
6911.9			1.0151167397509833
6912.8			0.9762147112128174
6913.700000000001			0.90987459873429
6914.6			0.8769079626592795
6915.5			0.914584583328955
6916.4			0.9887404729807381
6917.3			1.010507738395893
6918.200000000001			1.0
6919.1			1.0
6920.0			1.0
6920.9			1.0
6921.8			1.0
6922.700000000001			1.0
6923.6			1.0
6924.5			1.0
6925.4			1.0
6926.3			1.0
6927.200000000001			1.0
6928.1			1.0
6929.0			1.0
6929.9			1.0
6930.8			1.0
6931.700000000001			1.0
6932.6			1.0
6933.5			1.0
6934.4			1.0
6935.3			1.0
6936.200000000001			1.0
6937.1			1.0
6938.0			1.0
6938.9			1.0
6939.8			1.0
6940.700000000001			1.0
6941.6			1.0
6942.5			1.0
6943.4			1.0
6944.3			1.0
6945.200000000001			1.0
6946.1			1.0
6947.0			1.0
6947.9			1.0
6948.8			1.0
6949.700000000001			1.0
6950.6			1.0
6951.5			1.0
6952.4			1.0
6953.3			1.0
6954.200000000001			1.0
6955.1			1.0
6956.0			1.0
6956.9			1.0
6957.8			1.0
6958.700000000001			1.0
6959.6			1.0
6960.5			1.0
6961.4			1.0
6962.3			1.0
6963.200000000001			1.0
6964.1			1.0
6965.0			1.0
6965.9			1.0
6966.8			1.0
6967.700000000001			1.0
6968.6			1.0
6969.5			1.0
6970.4			1.0
6971.3			1.0
6972.200000000001			1.0
6973.1			1.0
6974.0			1.0
6974.9			1.0
6975.8			1.0
6976.700000000001			1.0
6977.6			1.0
6978.5			1.0
6979.4			1.0
6980.3			1.0
6981.200000000001			1.0
6982.1			1.0
6983.0			1.0
6983.9			1.0
6984.8			1.0
6985.700000000001			1.0
6986.6			1.0
6987.5			1.0
6988.4			1.0
6989.3			1.0
6990.200000000001			1.0
6991.1			1.0
6992.0			1.0
6992.9			1.0
6993.8			1.0
6994.700000000001			1.0
6995.6			1.0
6996.5			1.0
6997.4			1.0
6998.3			1.0
6999.200000000001			1.0
7000.1			1.0
7001.0			1.0
7001.9			1.0
7002.8			1.0
7003.700000000001			1.0
7004.6			1.0
7005.5			1.0
7006.4			1.0
7007.3			1.0
7008.200000000001			1.0
7009.1			1.0
7010.0			1.0
7010.9			1.0
7011.8			1.0
7012.700000000001			1.0
7013.6			1.0
7014.5			1.0
7015.4			1.0
7016.3			1.0
7017.200000000001			1.0
7018.1			1.0
7019.0			1.0
7019.9			1.0
7020.8			1.0
7021.700000000001			1.0
7022.6			1.0
7023.5			1.0
7024.4			1.0
7025.3			1.0
7026.200000000001			1.0
7027.1			1.0
7028.0			1.0
7028.9			1.0
7029.8			1.0
7030.700000000001			1.0
7031.6			1.0
7032.5			1.0
7033.4			1.0
7034.3			1.0
7035.200000000001			1.0
7036.1			1.0
7037.0			1.0
7037.9			1.0
7038.8			1.0
7039.700000000001			1.0
7040.6			1.0
7041.5			1.0
7042.4			1.0
7043.3			1.0
7044.200000000001			1.0
7045.1			1.0
7046.0			1.0
7046.9			1.0
7047.8			1.0
7048.700000000001			1.0
7049.6			1.0
7050.5			1.0
7051.4			1.0
7052.3			1.0
7053.200000000001			1.0
7054.1			1.0
7055.0			1.0
7055.9			1.0
7056.8			1.0
7057.700000000001			1.0
7058.6			1.0
7059.5			1.0
7060.4			1.0
7061.3			1.0
7062.200000000001			1.0
7063.1			1.0
7064.0			1.0
7064.9			1.0
7065.8			1.0
7066.700000000001			1.0
7067.6			1.0
7068.5			1.0
7069.4			1.0
7070.3			1.0
7071.200000000001			1.0
7072.1			1.0
7073.0			1.0
7073.9			1.0
7074.8			1.0
7075.700000000001			1.0
7076.6			1.0
7077.5			1.0
7078.4			1.0
7079.3			1.0
7080.200000000001			1.0
7081.1			1.0
7082.0			1.0
7082.9			1.0
7083.8			1.0
7084.700000000001			1.0
7085.6			1.0
7086.5			1.0
7087.4			1.0
7088.3			1.0
7089.200000000001			1.0
7090.1			1.0
7091.0			1.0
7091.9			1.0
7092.8			1.0
7093.700000000001			1.0
7094.6			1.0
7095.5			1.0
7096.4			1.0
7097.3			1.0
7098.200000000001			1.0
7099.1			1.0
7100.0			1.0
7100.9			1.0
7101.8			1.0
7102.700000000001			1.0
7103.6			1.0
7104.5			1.0
7105.4			1.0
7106.3			1.0
7107.200000000001			1.0
7108.1			1.0
7109.0			1.0
7109.9			1.0
7110.8			1.0
7111.700000000001			1.0
7112.6			1.0
7113.5			1.0
7114.4			1.0
7115.3			1.0
7116.200000000001			1.0
7117.1			1.0
7118.0			1.0
7118.9			1.0
7119.8			1.0
7120.700000000001			1.0
7121.6			1.0
7122.5			1.0
7123.4			1.0
7124.3			1.0
7125.200000000001			1.0
7126.1			1.0
7127.0			1.0
7127.9			1.0
7128.8			1.0
7129.700000000001			1.0
7130.6			1.0
7131.5			1.0
7132.4			1.0
7133.3			1.0
7134.200000000001			1.0
7135.1			1.0
7136.0			1.0
7136.9			1.0
7137.8			1.0
7138.700000000001			1.0
7139.6			1.0
7140.5			1.0
7141.4			1.0
7142.3			1.0
7143.200000000001			1.0
7144.1			1.0
7145.0			1.0
7145.9			1.0
7146.8			1.0
7147.700000000001			1.0
7148.6			1.0
7149.5			1.0
7150.4			1.0
7151.3			1.0
7152.200000000001			1.0
7153.1			1.0
7154.0			1.0
7154.9			1.0
7155.8			1.0
7156.700000000001			1.0
7157.6			1.0
7158.5			1.0
7159.4			1.0
7160.3			1.0
7161.200000000001			1.0
7162.1			1.0
7163.0			1.0
7163.9			1.0
7164.8			1.0
7165.700000000001			1.0
7166.6			1.0
7167.5			1.0
7168.4			1.0
7169.3			1.0
7170.200000000001			1.0
7171.1			1.0
7172.0			1.0
7172.9			1.0
7173.8			1.0
7174.700000000001			1.0
7175.6			1.0
7176.5			1.0
7177.4			1.0
7178.3			1.0
7179.200000000001			1.0
7180.1			1.0
7181.0			1.0
7181.9			1.0
7182.8			1.0
7183.700000000001			1.0
7184.6			1.0
7185.5			1.0
7186.4			1.0
7187.3			1.0
7188.200000000001			1.0
7189.1			1.0
7190.0			1.0
7190.9			1.0
7191.8			1.0
7192.700000000001			1.0
7193.6			1.0
7194.5			1.0
7195.4			1.0
7196.3			1.0
7197.200000000001			1.0
7198.1			1.0
7199.0			1.0
7199.9			1.0
7200.8			1.0
7201.700000000001			1.0
7202.6			1.0
7203.5			1.0
7204.4			1.0
7205.3			1.0
7206.200000000001			1.0
7207.1			1.0
7208.0			1.0
7208.9			1.0
7209.8			1.0
7210.700000000001			1.0
7211.6			1.0
7212.5			1.0
7213.4			1.0
7214.3			1.0
7215.200000000001			1.0
7216.1			1.0
7217.0			1.0
7217.9			1.0
7218.8			1.0
7219.700000000001			1.0
7220.6			1.0
7221.5			1.0
7222.4			1.0
7223.3			1.0
7224.200000000001			1.0
7225.1			1.0
7226.0			1.0
7226.9			1.0
7227.8			1.0
7228.700000000001			1.0
7229.6			1.0
7230.5			1.0
7231.4			1.0
7232.3			1.0
7233.200000000001			1.0
7234.1			1.0
7235.0			1.0
7235.9			1.0
7236.8			1.0
7237.700000000001			1.0
7238.6			1.0
7239.5			1.0
7240.4			1.0
7241.3			1.0
7242.200000000001			1.0
7243.1			1.0
7244.0			1.0
7244.9			1.0
7245.8			1.0
7246.700000000001			1.0
7247.6			1.0
7248.5			1.0
7249.4			1.0
7250.3			1.0
7251.200000000001			1.0
7252.1			1.0
7253.0			1.0
7253.9			1.0
7254.8			1.0
7255.700000000001			1.0
7256.6			1.0
7257.5			1.0
7258.4			1.0
7259.3			1.0
7260.200000000001			1.0
7261.1			1.0
7262.0			1.0
7262.9			1.0
7263.8			1.0
7264.700000000001			1.0
7265.6			1.0
7266.5			1.0
7267.4			1.0
7268.3			1.0
7269.200000000001			1.0
7270.1			1.0
7271.0			1.0
7271.9			1.0
7272.8			1.0
7273.700000000001			1.0
7274.6			1.0
7275.5			1.0
7276.4			1.0
7277.3			1.0
7278.200000000001			1.0
7279.1			1.0
7280.0			1.0
7280.9			1.0
7281.8			1.0
7282.700000000001			1.0
7283.6			1.0
7284.5			1.0
7285.4			1.0
7286.3			1.0
7287.200000000001			1.0
7288.1			1.0
7289.0			1.0
7289.9			1.0
7290.8			1.0
7291.700000000001			1.0
7292.6			1.0
7293.5			1.0
7294.4			1.0
7295.3			1.0
7296.200000000001			1.0
7297.1			1.0
7298.0			1.0
7298.9			1.0
7299.8			1.0
7300.700000000001			1.0
7301.6			1.0
7302.5			1.0
7303.4			1.0
7304.3			1.0
7305.200000000001			1.0
7306.1			1.0
7307.0			1.0
7307.9			1.0
7308.8			1.0
7309.700000000001			1.0
7310.6			1.0
7311.5			1.0
7312.4			1.0
7313.3			1.0
7314.200000000001			1.0
7315.1			1.0
7316.0			1.0
7316.9			1.0
7317.8			1.0
7318.700000000001			1.0
7319.6			1.0
7320.5			1.0
7321.4			1.0
7322.3			1.0
7323.200000000001			1.0
7324.1			1.0
7325.0			1.0
7325.9			1.0
7326.8			1.0
7327.700000000001			1.0
7328.6			1.0
7329.5			1.0
7330.4			1.0
7331.3			1.0
7332.200000000001			1.0
7333.1			1.0
7334.0			1.0
7334.9			1.0
7335.8			1.0
7336.700000000001			1.0
7337.6			1.0
7338.5			1.0
7339.4			1.0
7340.3			1.0
7341.200000000001			1.0
7342.1			1.0
7343.0			1.0
7343.9			1.0
7344.8			1.0
7345.700000000001			1.0
7346.6			1.0
7347.5			1.0
7348.4			1.0
7349.3			1.0
7350.200000000001			1.0
7351.1			1.0
7352.0			1.0
7352.9			1.0
7353.8			1.0
7354.700000000001			1.0
7355.6			1.0
7356.5			1.0
7357.4			1.0
7358.3			1.0
7359.200000000001			1.0
7360.1			1.0
7361.0			1.0
7361.9			1.0
7362.8			1.0
7363.700000000001			1.0
7364.6			1.0
7365.5			1.0
7366.4			1.0
7367.3			1.0
7368.200000000001			1.0
7369.1			1.0
7370.0			1.0
7370.9			1.0
7371.8			1.0
7372.700000000001			1.0
7373.6			1.0
7374.5			1.0
7375.4			1.0
7376.3			1.0
7377.200000000001			1.0
7378.1			1.0
7379.0			1.0
7379.9			1.0
7380.8			1.0
7381.700000000001			1.0
7382.6			1.0
7383.5			1.0
7384.4			1.0
7385.3			1.0
7386.200000000001			1.0
7387.1			1.0
7388.0			1.0
7388.9			1.0
7389.8			1.0
7390.700000000001			1.0
7391.6			1.0
7392.5			1.0
7393.4			1.0
7394.3			1.0
7395.200000000001			1.0
7396.1			1.0
7397.0			1.0
7397.9			1.0
7398.8			1.0
7399.700000000001			1.0
7400.6			1.0
7401.5			1.0
7402.4			1.0
7403.3			1.0
7404.200000000001			1.0
7405.1			1.0
7406.0			1.0
7406.9			1.0
7407.8			1.0
7408.700000000001			1.0
7409.6			1.0
7410.5			1.0
7411.4			1.0
7412.3			1.0
7413.200000000001			1.0
7414.1			1.0
7415.0			1.0
7415.9			1.0
7416.8			1.0
7417.700000000001			1.0
7418.6			1.0
7419.5			1.0
7420.4			1.0
7421.3			1.0
7422.200000000001			1.0
7423.1			1.0
7424.0			1.0
7424.9			1.0
7425.8			1.0
7426.700000000001			1.0
7427.6			1.0
7428.5			1.0
7429.4			1.0
