3500.0			1.0
3500.9			1.0
3501.8			1.0
3502.7			1.0
3503.6			1.0
3504.5			1.0
3505.4			1.0
3506.3			1.0
3507.2			1.0
3508.1			1.0
3509.0			1.0
3509.9			1.0
3510.8			1.0
3511.7			1.0
3512.6			1.0
3513.5			1.0
3514.4			1.0
3515.3			1.0
3516.2			1.0
3517.1			1.0
3518.0			1.0
3518.9			1.0
3519.8			1.0
3520.7			1.0
3521.6			1.0
3522.5			1.0
3523.4			1.0
3524.3			1.0
3525.2			1.0
3526.1			1.0
3527.0			1.0
3527.9			1.0
3528.8			1.0
3529.7			1.0
3530.6			1.0
3531.5			1.0
3532.4			1.0
3533.3			1.0
3534.2			1.0
3535.1			1.0
3536.0			1.0
3536.9			1.0
3537.8			1.0
3538.7			1.0
3539.6			1.0
3540.5			1.0
3541.4			1.0
3542.3			1.0
3543.2			1.0
3544.1			1.0
3545.0			1.0
3545.9			1.0
3546.8			1.0
3547.7			1.0
3548.6			1.0
3549.5			1.0
3550.4			1.0
3551.3			1.0
3552.2			1.0
3553.1			1.0
3554.0			1.0
3554.9			1.0
3555.8			1.0
3556.7			1.0
3557.6			1.0
3558.5			1.0
3559.4			1.0
3560.3			1.0
3561.2			1.0
3562.1			1.0
3563.0			1.0
3563.9			1.0
3564.8			1.0
3565.7			1.0
3566.6			1.0
3567.5			1.0
3568.4			1.0
3569.3			1.0
3570.2			1.0
3571.1			1.0
3572.0			1.0
3572.9			1.0
3573.8			1.0
3574.7			1.0
3575.6			1.0
3576.5			1.0
3577.4			1.0
3578.3			1.0
3579.2			1.0
3580.1			1.0
3581.0			1.0
3581.9			1.0
3582.8			1.0
3583.7			1.0
3584.6			1.0
3585.5			1.0
3586.4			1.0
3587.3			1.0
3588.2			1.0
3589.1			1.0
3590.0			1.0
3590.9			1.0
3591.8			1.0
3592.7			1.0
3593.6			1.0
3594.5			1.0
3595.4			1.0
3596.3			1.0
3597.2			1.0
3598.1			1.0
3599.0			1.0
3599.9			1.0
3600.8			1.0
3601.7			1.0
3602.6			1.0
3603.5			1.0
3604.4			1.0
3605.3			1.0
3606.2			1.0
3607.1			1.0
3608.0			1.0
3608.9			1.0
3609.8			1.0
3610.7			1.0
3611.6			1.0
3612.5			1.0
3613.4			1.0
3614.3			1.0
3615.2			1.0
3616.1			1.0
3617.0			1.0
3617.9			1.0
3618.8			1.0
3619.7			1.0
3620.6			1.0
3621.5			1.0
3622.4			1.0
3623.3			1.0
3624.2			1.0
3625.1			1.0
3626.0			1.0
3626.9			1.0
3627.8			1.0
3628.7			1.0
3629.6			1.0
3630.5			1.0
3631.4			1.0
3632.3			1.0
3633.2			1.0
3634.1			1.0
3635.0			1.0
3635.9			1.0
3636.8			1.0
3637.7			1.0
3638.6			1.0
3639.5			1.0
3640.4			1.0
3641.3			1.0
3642.2			1.0
3643.1			1.0
3644.0			1.0
3644.9			1.0
3645.8			1.0
3646.7			1.0
3647.6			1.0
3648.5			1.0
3649.4			1.0
3650.3			1.0
3651.2			1.0
3652.1			1.0
3653.0			1.0
3653.9			1.0
3654.8			1.0
3655.7			1.0
3656.6			1.0
3657.5			1.0
3658.4			1.0
3659.3			1.0
3660.2			1.0
3661.1			1.0
3662.0			1.0
3662.9			1.0
3663.8			1.0
3664.7			1.0
3665.6			1.0
3666.5			1.0
3667.4			1.0
3668.3			1.0
3669.2			1.0
3670.1			1.0
3671.0			1.0
3671.9			1.0
3672.8			1.0
3673.7			1.0
3674.6			1.0
3675.5			1.0
3676.4			1.0
3677.3			1.0
3678.2			1.0
3679.1			1.0
3680.0			1.0
3680.9			1.0
3681.8			1.0
3682.7			1.0
3683.6			1.0
3684.5			1.0
3685.4			1.0
3686.3			1.0
3687.2			1.0
3688.1			1.0
3689.0			1.0
3689.9			1.0
3690.8			1.0
3691.7			1.0
3692.6			1.0
3693.5			1.0
3694.4			1.0
3695.3			1.0
3696.2			1.0
3697.1			1.0
3698.0			1.0
3698.9			1.0
3699.8			1.0
3700.7			1.0
3701.6			1.0
3702.5			1.0
3703.4			1.0
3704.3			1.0
3705.2			1.0
3706.1			1.0
3707.0			1.0
3707.9			1.0
3708.8			1.0
3709.7			1.0
3710.6			1.0
3711.5			1.0
3712.4			1.0
3713.3			1.0
3714.2			1.0
3715.1			1.0
3716.0			1.0
3716.9			1.0
3717.8			1.0
3718.7			1.0
3719.6			1.0
3720.5			1.0
3721.4			1.0
3722.3			1.0
3723.2			1.0
3724.1			1.0
3725.0			1.0
3725.9			1.0
3726.8			1.0
3727.7			1.0
3728.6			1.0
3729.5			1.0
3730.4			1.0
3731.3			1.0
3732.2			1.0
3733.1			1.0
3734.0			1.0
3734.9			1.0
3735.8			1.0
3736.7			1.0
3737.6			1.0
3738.5			1.0
3739.4			1.0
3740.3			1.0
3741.2			1.0
3742.1			1.0
3743.0			1.0
3743.9			1.0
3744.8			1.0
3745.7			1.0
3746.6			1.0
3747.5			1.0
3748.4			1.0
3749.3			1.0
3750.2			1.0
3751.1			1.0
3752.0			1.0
3752.9			1.0
3753.8			1.0
3754.7			1.0
3755.6			1.0
3756.5			1.0
3757.4			1.0
3758.3			1.0
3759.2			1.0
3760.1			1.0
3761.0			1.0
3761.9			1.0
3762.8			1.0
3763.7			1.0
3764.6			1.0
3765.5			1.0
3766.4			1.0
3767.3			1.0
3768.2			1.0
3769.1			1.0
3770.0			1.0
3770.9			1.0
3771.8			1.0
3772.7			1.0
3773.6			1.0
3774.5			1.0
3775.4			1.0
3776.3			1.0
3777.2			1.0
3778.1			1.0
3779.0			1.0
3779.9			1.0
3780.8			1.0
3781.7			1.0
3782.6			1.0
3783.5			1.0
3784.4			1.0
3785.3			1.0
3786.2			1.0
3787.1			1.0
3788.0			1.0
3788.9			1.0
3789.8			1.0
3790.7			1.0
3791.6			1.0
3792.5			1.0
3793.4			1.0
3794.3			1.0
3795.2			1.0
3796.1			1.0
3797.0			1.0
3797.9			1.0
3798.8			1.0
3799.7			1.0
3800.6			1.0
3801.5			1.0
3802.4			1.0
3803.3			1.0
3804.2			1.0
3805.1			1.0
3806.0			1.0
3806.9			1.0
3807.8			1.0
3808.7			1.0
3809.6			1.0
3810.5			1.0
3811.4			1.0
3812.3			1.0
3813.2			1.0
3814.1			1.0
3815.0			1.0
3815.9			1.0
3816.8			1.0
3817.7			1.0
3818.6			1.0
3819.5			1.0
3820.4			1.0
3821.3			1.0
3822.2			1.0
3823.1			1.0
3824.0			1.0
3824.9			1.0
3825.8			1.0
3826.7			1.0
3827.6			1.0
3828.5			1.0
3829.4			1.0
3830.3			1.0
3831.2			1.0
3832.1			1.0
3833.0			1.0
3833.9			1.0
3834.8			1.0
3835.7			1.0
3836.6			1.0
3837.5			1.0
3838.4			1.0
3839.3			1.0
3840.2			1.0
3841.1			1.0
3842.0			1.0
3842.9			1.0
3843.8			1.0
3844.7			1.0
3845.6			1.0
3846.5			1.0
3847.4			1.0
3848.3			1.0
3849.2			1.0
3850.1			1.0
3851.0			1.0
3851.9			1.0
3852.8			1.0
3853.7			1.0
3854.6			1.0
3855.5			1.0
3856.4			1.0
3857.3			1.0
3858.2			1.0
3859.1			1.0
3860.0			1.0
3860.9			1.0
3861.8			1.0
3862.7			1.0
3863.6			1.0
3864.5			1.0
3865.4			1.0
3866.3			1.0
3867.2			1.0
3868.1			1.0
3869.0			1.0
3869.9			1.0
3870.8			1.0
3871.7			1.0
3872.6			1.0
3873.5			1.0
3874.4			1.0
3875.3			1.0
3876.2			1.0
3877.1			1.0
3878.0			1.0
3878.9			1.0
3879.8			1.0
3880.7			1.0
3881.6			1.0
3882.5			1.0
3883.4			1.0
3884.3			1.0
3885.2			1.0
3886.1			1.0
3887.0			1.0
3887.9			1.0
3888.8			1.0
3889.7			1.0
3890.6			1.0
3891.5			1.0
3892.4			1.0
3893.3			1.0
3894.2			1.0
3895.1			1.0
3896.0			1.0
3896.9			1.0
3897.8			1.0
3898.7			1.0
3899.6			1.0
3900.5			1.0
3901.4			1.0
3902.3			1.0
3903.2			1.0
3904.1			1.0
3905.0			1.0
3905.9			1.0
3906.8			1.0
3907.7			1.0
3908.6			1.0
3909.5			1.0
3910.4			1.0
3911.3			1.0
3912.2			1.0
3913.1			1.0
3914.0			1.0
3914.9			1.0
3915.8			1.0
3916.7			1.0
3917.6			1.0
3918.5			1.0
3919.4			1.0
3920.3			1.0
3921.2			1.0
3922.1			1.0
3923.0			1.0
3923.9			1.0
3924.8			1.0
3925.7			1.0
3926.6			1.0
3927.5			1.0
3928.4			1.0
3929.3			1.0
3930.2			1.0
3931.1			1.0
3932.0			1.0
3932.9			1.0
3933.8			1.0
3934.7			1.0
3935.6			1.0
3936.5			1.0
3937.4			1.0
3938.3			1.0
3939.2			1.0
3940.1			1.0
3941.0			1.0
3941.9			1.0
3942.8			1.0
3943.7			1.0
3944.6			1.0
3945.5			1.0
3946.4			1.0
3947.3			1.0
3948.2			1.0
3949.1			1.0
3950.0			1.0
3950.9			1.0
3951.8			1.0
3952.7			1.0
3953.6			1.0
3954.5			1.0
3955.4			1.0
3956.3			1.0
3957.2			1.0
3958.1			1.0
3959.0			1.0
3959.9			1.0
3960.8			1.0
3961.7			1.0
3962.6			1.0
3963.5			1.0
3964.4			1.0
3965.3			1.0
3966.2			1.0
3967.1			1.0
3968.0			1.0
3968.9			1.0
3969.8			1.0
3970.7			1.0
3971.6			1.0
3972.5			1.0
3973.4			1.0
3974.3			1.0
3975.2			1.0
3976.1			1.0
3977.0			1.0
3977.9			1.0
3978.8			1.0
3979.7			1.0
3980.6			1.0
3981.5			1.0
3982.4			1.0
3983.3			1.0
3984.2			1.0
3985.1			1.0
3986.0			1.0
3986.9			1.0
3987.8			1.0
3988.7			1.0
3989.6			1.0
3990.5			1.0
3991.4			1.0
3992.3			1.0
3993.2			1.0
3994.1			1.0
3995.0			1.0
3995.9			1.0
3996.8			1.0
3997.7			1.0
3998.6			1.0
3999.5			1.0
4000.4			1.0
4001.3			1.0
4002.2			1.0
4003.1			1.0178262203057336
4004.0			0.9350494222754927
4004.9			0.7858719997405866
4005.8			0.7432713505507845
4006.7			0.8354178790016571
4007.6			0.9479243967693323
4008.5			1.0035153645958292
4009.4			1.0
4010.3			1.0
4011.2			1.0
4012.1			1.0
4013.0			1.0
4013.9			1.0
4014.8			1.0
4015.7			1.0
4016.6			1.0
4017.5			1.0
4018.4			1.0
4019.3			1.0
4020.2			1.0
4021.1			1.0
4022.0			1.0
4022.9			1.0
4023.8			1.0
4024.7			1.0
4025.6			1.071184133944307
4026.5			1.16369345893006
4027.4			1.1908372944841692
4028.3			1.1751664061597513
4029.2			1.0902494225180261
4030.1			0.9465064037601812
4031.0			0.8730332411975905
4031.9			0.8668485199807537
4032.8			0.8671034058566424
4033.7			0.8761850528238065
4034.6			0.8997768427256354
4035.5			0.9381396227870489
4036.4			0.9997873881828866
4037.3			1.0
4038.2			1.0
4039.1			1.0
4040.0			1.0
4040.9			1.0
4041.8			1.0
4042.7			1.026320196501752
4043.6			0.9411390620719928
4044.5			0.7949323377428095
4045.4			0.7056989218775712
4046.3			0.7715823608545425
4047.2			0.9295570045381432
4048.1			0.9985930211666616
4049.0			1.0
4049.9			1.0
4050.8			1.0
4051.7			1.0
4052.6			1.0
4053.5			1.0
4054.4			1.0
4055.3			1.0
4056.2			1.0
4057.1			1.0
4058.0			1.0
4058.9			1.0
4059.8			1.1101752983897466
4060.7			1.171457758235611
4061.6			1.1287851911004145
4062.5			0.9911941810534056
4063.4			0.8743870000264404
4064.3			0.9183544928934375
4065.2			1.014932672163519
4066.1			1.026205242348402
4067.0			1.0002416163231784
4067.9			1.0
4068.8			1.0
4069.7			1.0
4070.6			1.0
4071.5			1.0
4072.4			1.0
4073.3			1.0942670429976744
4074.2			1.0758965516164685
4075.1			0.9714701333221035
4076.0			0.8389588360607836
4076.9			0.7207645509369963
4077.8			0.7329897637722373
4078.7			0.8496791693780497
4079.6			0.9480473909884425
4080.5			1.00365311609247
4081.4			1.0
4082.3			1.0
4083.2			1.0
4084.1			1.0
4085.0			1.0
4085.9			1.0
4086.8			1.0
4087.7			1.0
4088.6			1.0
4089.5			1.0
4090.4			1.0
4091.3			1.0
4092.2			1.0
4093.1			1.0
4094.0			1.0
4094.9			1.0
4095.8			1.0
4096.7			0.9699887815390773
4097.6			0.9627603625886931
4098.5			0.9719362996948152
4099.4			0.9525949490499817
4100.3			0.8493197179262135
4101.2			0.7503769473631835
4102.1			0.7508526028598314
4103.0			0.8364849274071601
4103.9			0.920412932801201
4104.8			0.9698894612113856
4105.7			0.9942526212511753
4106.6			1.0
4107.5			1.0
4108.4			1.0
4109.3			1.0
4110.2			1.0
4111.1			1.0
4112.0			1.0
4112.9			1.0
4113.8			1.0
4114.7			1.0
4115.6			1.0
4116.5			1.0
4117.4			1.0
4118.3			1.0
4119.2			1.0
4120.1			1.0
4121.0			1.0
4121.9			1.0
4122.8			1.0
4123.7			1.0
4124.6			1.0
4125.5			1.0
4126.4			0.9626746401307789
4127.3			0.9292544934277878
4128.2			0.9196164703091038
4129.1			0.9094936628346341
4130.0			0.8988725775065335
4130.9			0.8952645691801989
4131.8			0.8776171962176876
4132.7			0.8439798268220875
4133.6			0.8215808045162796
4134.5			0.8667675249799857
4135.4			0.9660039496820364
4136.3			1.0116729928563897
4137.2			1.0115688255669946
4138.1			1.0208843483288443
4139.0			1.0205224513567435
4139.9			1.0
4140.8			0.9835800252898058
4141.7			0.8959669668228615
4142.6			0.7770419483284731
4143.5			0.7504013734159499
4144.4			0.8292424495772038
4145.3			0.9292815697621964
4146.2			0.9997491327321775
4147.1			1.0
4148.0			1.0
4148.9			1.0
4149.8			0.9567421760680305
4150.7			0.9771959614532161
4151.6			1.0013058457220891
4152.5			0.9846227786459707
4153.4			0.9303694275930969
4154.3			0.9063146913433029
4155.2			0.9277213991528588
4156.1			0.9389553475385818
4157.0			0.9612048120871104
4157.9			0.9924784498543096
4158.8			1.0018546334582163
4159.7			1.0
4160.6			1.0
4161.5			1.0
4162.4			1.0
4163.3			1.0
4164.2			1.0
4165.1			1.0
4166.0			1.0
4166.9			1.0
4167.8			1.0
4168.7			1.0
4169.6			1.0131294720117507
4170.5			0.9727416301172437
4171.4			0.8797233102245519
4172.3			0.8051116703228771
4173.2			0.81270095686573
4174.1			0.878861300650786
4175.0			0.946477855802192
4175.9			0.9902630468647529
4176.8			0.9915293195015377
4177.7			1.0
4178.6			1.0
4179.5			1.0
4180.4			1.0
4181.3			1.0
4182.2			1.0
4183.1			1.0
4184.0			1.0
4184.9			1.0
4185.8			0.9924242362657544
4186.7			1.0
4187.6			0.9357317908481394
4188.5			0.9888304214390531
4189.4			1.055408146354739
4190.3			1.042798911765319
4191.2			0.9924932123105489
4192.1			1.0188554804831762
4193.0			1.083849038060148
4193.9			1.0815038195330382
4194.8			1.0122770240233319
4195.7			0.9442432448105692
4196.6			0.9117943496671356
4197.5			0.8836227251965987
4198.4			0.8524248299497078
4199.3			0.8551947248233936
4200.2			0.8803259797430173
4201.1			0.866427098089263
4202.0			0.8615302861380545
4202.9			0.906981130000017
4203.8			0.912651987507887
4204.7			0.8695312490085345
4205.6			0.8778749463400727
4206.5			0.9414263604644149
4207.4			1.0070971182007977
4208.3			1.0312394393627884
4209.2			0.9962645928942861
4210.1			1.0
4211.0			1.0
4211.9			1.0
4212.8			1.0
4213.7			1.008548016791779
4214.6			0.9392613889991248
4215.5			0.8518397184231545
4216.4			0.8812200519947041
4217.3			0.9994666445463477
4218.2			1.0
4219.1			1.0
4220.0			1.0
4220.9			1.0
4221.8			1.0
4222.7			0.9253644020917373
4223.6			0.8603722901295003
4224.5			0.8015290315266304
4225.4			0.7023214247801073
4226.3			0.5958664898371206
4227.2			0.6314930841265664
4228.1			0.8087065715864897
4229.0			0.9469339169641381
4229.9			1.0066718951671383
4230.8			1.0
4231.7			0.9827047654909564
4232.6			0.9305261124148027
4233.5			0.9433743955136465
4234.4			0.9814421499256781
4235.3			0.9280424357503765
4236.2			0.8558128724153212
4237.1			0.8644201843429655
4238.0			0.903266909663905
4238.9			0.9178531206204884
4239.8			0.9493085350633045
4240.7			1.001316614979789
4241.6			1.0
4242.5			1.0
4243.4			1.0
4244.3			1.0
4245.2			1.0225632195227572
4246.1			0.9718363388005207
4247.0			0.9007586990069268
4247.9			0.8467947915895034
4248.8			0.8275814483479044
4249.7			0.8503536445543949
4250.6			0.9027927581566614
4251.5			0.9618256607212493
4252.4			1.0030898428424069
4253.3			1.0
4254.2			1.0
4255.1			1.0
4256.0			1.0
4256.9			1.0327563318387607
4257.8			0.9989464851397057
4258.7			0.9331648423356551
4259.6			0.870314109309773
4260.5			0.8435076576295938
4261.4			0.8687692127390465
4262.3			0.9409543920219963
4263.2			1.0102883592364482
4264.1			1.002842357128012
4265.0			1.0
4265.9			1.0
4266.8			1.0
4267.7			1.0
4268.6			0.9917400571806909
4269.5			0.9567715711248347
4270.4			0.9044357414599051
4271.3			0.841210218884754
4272.2			0.8759781622389591
4273.1			0.9404279917404101
4274.0			0.8804923145351498
4274.9			0.8613600888657438
4275.8			0.9741711993934062
4276.7			1.1149326324427942
4277.6			1.174825108834315
4278.5			1.132141151703916
4279.4			1.008645985173043
4280.3			0.9303379999457347
4281.2			1.0001558284503247
4282.1			1.0
4283.0			1.0
4283.9			0.997703565005511
4284.8			0.9320660372826879
4285.7			0.8575650963109478
4286.6			0.8458398282525523
4287.5			0.9195520068400972
4288.4			0.9262121326152687
4289.3			0.8552863139419391
4290.2			0.8364346016609768
4291.1			1.0
4292.0			1.1172172440450878
4292.9			1.2168760602625637
4293.8			1.1781541820174468
4294.7			1.09777719579562
4295.6			1.0687284138263733
4296.5			1.0379943280957038
4297.4			0.968634427337139
4298.3			0.8728470165314465
4299.2			0.7714755077021228
4300.1			0.7183339736399805
4301.0			0.7484038440296613
4301.9			0.7599689082402917
4302.8			0.7401393439011867
4303.7			0.7784649202728575
4304.6			0.8445109612461092
4305.5			0.8624005400835593
4306.4			0.8347765780458093
4307.3			0.746936108549923
4308.2			0.665594893808504
4309.1			0.6554369496548774
4310.0			0.6966969271990571
4310.9			0.7402522052486723
4311.8			0.7674596875462077
4312.7			0.8337667983347681
4313.6			0.9315991737481959
4314.5			1.0335120853216984
4315.4			1.211901335503392
4316.3			1.3914735491440864
4317.2			1.4642750123421755
4318.1			1.4689305530517558
4319.0			1.445459556093609
4319.9			1.0
4320.8			0.9541437725566255
4321.7			0.9312818102396381
4322.6			0.8502397745283696
4323.5			0.7259489274590707
4324.4			0.6575159230570636
4325.3			0.6572851373679435
4326.2			0.7257070122490578
4327.1			0.836907110596112
4328.0			0.9439230177508406
4328.9			1.0032455584670026
4329.8			1.0007856570569837
4330.7			1.0
4331.6			1.0
4332.5			1.0
4333.4			1.0
4334.3			1.0
4335.2			1.0
4336.1			0.9790613575022414
4337.0			0.8652421204903755
4337.9			0.7590929769263389
4338.8			0.7098854013711954
4339.7			0.6541418443439869
4340.6			0.6499074041025056
4341.5			0.7634698695257134
4342.4			0.8863245791846918
4343.3			0.9258452340968539
4344.2			0.9521263503130909
4345.1			0.998175504071747
4346.0			1.0
4346.9			1.0
4347.8			1.0
4348.7			1.0
4349.6			1.0202927935665058
4350.5			0.938930314291881
4351.4			0.8243145782080812
4352.3			0.8032469014050468
4353.2			0.8842873131201048
4354.1			0.95713275583463
4355.0			0.9877113684659922
4355.9			1.0
4356.8			1.0
4357.7			1.0
4358.6			1.0
4359.5			1.0
4360.4			1.0
4361.3			1.0
4362.2			1.0
4363.1			1.0
4364.0			1.0
4364.9			1.0
4365.8			1.0
4366.7			1.0
4367.6			1.0
4368.5			1.0
4369.4			1.0
4370.3			1.0
4371.2			1.0
4372.1			1.003055084947785
4373.0			0.9370216418881762
4373.9			0.8494036319118615
4374.8			0.8025902086796114
4375.7			0.8434091799584693
4376.6			0.9310656974216801
4377.5			1.0002242774585708
4378.4			1.0
4379.3			1.0
4380.2			0.99380624566184
4381.1			1.0108177298781105
4382.0			0.9344930629214042
4382.9			0.768439519955641
4383.8			0.6722338807674942
4384.7			0.7268084817145934
4385.6			0.8622357790027336
4386.5			0.9608002255208088
4387.4			1.0003130134989617
4388.3			1.0
4389.2			1.0
4390.1			1.0
4391.0			1.0
4391.9			1.0
4392.8			1.0
4393.7			1.0
4394.6			1.0
4395.5			1.0
4396.4			1.0
4397.3			1.0
4398.2			1.0
4399.1			1.0
4400.0			1.0
4400.9			1.0
4401.8			1.0
4402.7			1.0
4403.6			1.0
4404.5			1.0
4405.4			1.0
4406.3			1.0424886902452735
4407.2			0.9933997336157085
4408.1			0.8893610315979157
4409.0			0.8637614559527906
4409.9			0.933329226011404
4410.8			0.9933738934870169
4411.7			1.0016171112396226
4412.6			1.0
4413.5			1.0
4414.4			1.0
4415.3			1.0
4416.2			1.0
4417.1			1.0
4418.0			1.0
4418.9			1.0
4419.8			1.0
4420.7			1.0
4421.6			1.0
4422.5			1.0
4423.4			1.0
4424.3			1.0
4425.2			1.0
4426.1			1.0
4427.0			1.0
4427.9			1.0
4428.8			1.0
4429.7			1.0
4430.6			1.0
4431.5			1.0194021890581058
4432.4			1.0300202236380096
4433.3			0.9572431568516248
4434.2			0.8567789103698599
4435.1			0.8126477695404425
4436.0			0.8419320177795502
4436.9			0.9219809640149303
4437.8			0.9845185725112491
4438.7			0.9813597550575708
4439.6			1.0
4440.5			1.0
4441.4			1.0
4442.3			1.0
4443.2			1.0
4444.1			1.0
4445.0			1.0
4445.9			1.0
4446.8			1.0
4447.7			1.0
4448.6			1.0
4449.5			1.0
4450.4			1.0
4451.3			1.0
4452.2			1.0175765216446757
4453.1			0.9831810502916162
4454.0			0.9170188157344801
4454.9			0.8681802621950808
4455.8			0.8734392433920781
4456.7			0.9229561568570035
4457.6			0.9383054653814502
4458.5			0.9139464885386998
4459.4			0.9173735719796099
4460.3			0.9214824217402023
4461.2			0.8827629332539941
4462.1			0.890595847608053
4463.0			0.9724714585847963
4463.9			1.0425691349404798
4464.8			1.0778568253055312
4465.7			1.0741456839615533
4466.6			1.046675731146622
4467.5			1.0320398108608386
4468.4			1.012621940211312
4469.3			0.9979086898300729
4470.2			0.99958144079256
4471.1			1.0
4472.0			1.0
4472.9			1.0
4473.8			1.0
4474.7			1.0
4475.6			1.0
4476.5			1.0
4477.4			1.0230385109411793
4478.3			1.0051716653037295
4479.2			0.9439124258113899
4480.1			0.8856431942299745
4481.0			0.8640012284548493
4481.9			0.8707246155440153
4482.8			0.9047291271676958
4483.7			0.9553171242856109
4484.6			0.998625162847992
4485.5			1.0
4486.4			1.0
4487.3			0.9910991211474999
4488.2			0.9389351056120621
4489.1			0.8671034071427289
4490.0			0.853921581470172
4490.9			0.9152757856615166
4491.8			0.9878177691622443
4492.7			1.0009728660893678
4493.6			1.0
4494.5			1.0
4495.4			1.0
4496.3			1.0
4497.2			1.0
4498.1			1.0
4499.0			1.0
4499.9			1.0
4500.8			1.0
4501.7			1.0
4502.6			1.0
4503.5			1.0
4504.4			1.0
4505.3			1.0
4506.2			1.0
4507.1			1.0
4508.0			1.0
4508.9			1.0
4509.8			1.0
4510.7			1.0
4511.6			1.0
4512.5			1.0
4513.4			1.0
4514.3			1.0
4515.2			1.0
4516.1			1.005974252858397
4517.0			0.9690250133247632
4517.9			0.9237957969445719
4518.8			0.955442670937115
4519.7			1.0019435065923907
4520.6			1.0
4521.5			1.0
4522.4			1.0
4523.3			0.9836192274498543
4524.2			0.9828701543180767
4525.1			0.9628769033297278
4526.0			0.9357069306267018
4526.9			0.9109204975418845
4527.8			0.8785404454059671
4528.7			0.865747657110338
4529.6			0.8832366156685602
4530.5			0.8969103094545081
4531.4			0.934566383447893
4532.3			0.961411750030554
4533.2			0.9302805478271149
4534.1			0.8898284689145363
4535.0			0.8581744601155364
4535.9			0.8930105600922233
4536.8			1.0018614251452695
4537.7			1.0728274690888595
4538.6			1.0738401704401186
4539.5			1.045620553501486
4540.4			1.0141626239825743
4541.3			1.009628580488116
4542.2			1.0326482190927584
4543.1			1.0361614486092252
4544.0			0.991903922697179
4544.9			0.9553922350707226
4545.8			1.0
4546.7			1.029055910319402
4547.6			1.020251081222436
4548.5			0.9665040249544097
4549.4			0.9254538809010219
4550.3			0.962024697444402
4551.2			1.0077333086073956
4552.1			1.002367244559271
4553.0			1.0
4553.9			1.0
4554.8			1.0
4555.7			1.0
4556.6			1.0
4557.5			1.0
4558.4			1.0
4559.3			1.0
4560.2			1.0
4561.1			1.0
4562.0			1.002504543523512
4562.9			0.9634877454571034
4563.8			0.9109648554257895
4564.7			0.8703235986900926
4565.6			0.8869778747625093
4566.5			0.9559996777553846
4567.4			1.0007940412981449
4568.3			1.0
4569.2			1.0
4570.1			1.0
4571.0			1.0
4571.9			0.9505439273120753
4572.8			1.0203088471903727
4573.7			1.0626796179020883
4574.6			1.0493163052121992
4575.5			1.035258984586106
4576.4			1.0508080262531188
4577.3			1.0568432641162584
4578.2			1.005880036231585
4579.1			0.9527532004152515
4580.0			0.9244545568164863
4580.9			0.9206636303396915
4581.8			0.9336953704697105
4582.7			0.9484788311207877
4583.6			0.9422097372426318
4584.5			0.9277184381674036
4585.4			0.9190967827926724
4586.3			0.9339066447857803
4587.2			0.9729839599497974
4588.1			0.9970310325482189
4589.0			1.0
4589.9			1.0
4590.8			1.0
4591.7			1.0
4592.6			1.0
4593.5			1.0
4594.4			1.0
4595.3			1.0
4596.2			1.0
4597.1			1.0
4598.0			1.0269303768140567
4598.9			1.0312533232793775
4599.8			0.9795367008459382
4600.7			0.9447614299164304
4601.6			0.9614144355923915
4602.5			0.987586466805126
4603.4			1.0007993777001556
4604.3			1.0
4605.2			1.0
4606.1			1.0
4607.0			1.0
4607.9			1.0
4608.8			1.0
4609.7			1.0
4610.6			1.0
4611.5			1.0
4612.4			1.0
4613.3			1.0
4614.2			1.0
4615.1			1.0
4616.0			1.0
4616.9			1.0
4617.8			1.0
4618.7			1.0
4619.6			1.0
4620.5			1.0
4621.4			1.0
4622.3			1.0
4623.2			1.0
4624.1			1.0
4625.0			1.0
4625.9			1.0
4626.8			1.0
4627.7			1.0
4628.6			1.0
4629.5			1.0
4630.4			1.0
4631.3			1.0
4632.2			1.0
4633.1			1.0
4634.0			1.0
4634.9			1.0
4635.8			1.0
4636.7			1.0
4637.6			1.0
4638.5			1.0
4639.4			1.0
4640.3			1.0
4641.2			1.0
4642.1			1.0087932048883352
4643.0			0.9985555907973537
4643.9			0.9921958716285026
4644.8			0.9689709752769524
4645.7			0.9324686951613573
4646.6			0.9040071319656388
4647.5			0.9069286396889739
4648.4			0.9334937215503449
4649.3			0.9703965080628859
4650.2			0.997819863561155
4651.1			1.0011711763562616
4652.0			1.0
4652.9			1.0
4653.8			1.0
4654.7			1.0
4655.6			1.0
4656.5			1.0
4657.4			1.0
4658.3			1.0
4659.2			1.0
4660.1			1.0
4661.0			1.0
4661.9			1.0
4662.8			1.0
4663.7			1.0
4664.6			1.0095330284442594
4665.5			0.9984061120162945
4666.4			0.9320014105557294
4667.3			0.8647146833934707
4668.2			0.855278147094701
4669.1			0.8915714389892166
4670.0			0.9368442582390593
4670.9			0.9801990385016145
4671.8			1.000820181451638
4672.7			1.0
4673.6			1.0
4674.5			1.0
4675.4			1.0
4676.3			1.0
4677.2			1.002480953496336
4678.1			0.9799574882161503
4679.0			0.9534463133664455
4679.9			0.9276945912447069
4680.8			0.9052491782864941
4681.7			0.9070220221486506
4682.6			0.9303647519635987
4683.5			0.969201678724265
4684.4			0.9997283041591608
4685.3			1.0
4686.2			1.0
4687.1			1.0
4688.0			1.0
4688.9			1.0
4689.8			1.0
4690.7			1.0
4691.6			1.0
4692.5			1.0
4693.4			1.0
4694.3			1.0
4695.2			1.0
4696.1			1.0
4697.0			1.0
4697.9			1.0
4698.8			1.0
4699.7			1.0
4700.6			1.0
4701.5			1.0
4702.4			1.0
4703.3			0.9863436888565845
4704.2			1.023982068321696
4705.1			1.043591902860864
4706.0			1.0250242210594245
4706.9			0.9909436241096549
4707.8			0.9529730548301925
4708.7			0.9345952927650149
4709.6			0.9466891299520228
4710.5			0.9793948607346725
4711.4			1.0202310336073945
4712.3			1.0411595992533682
4713.2			1.0251310052501317
4714.1			0.9956539233120062
4715.0			1.0
4715.9			1.0
4716.8			1.0
4717.7			1.0
4718.6			1.0
4719.5			1.0
4720.4			1.0
4721.3			1.0
4722.2			0.9980401750934181
4723.1			1.0214782212328875
4724.0			1.0390607326537142
4724.9			1.052030472940095
4725.8			1.045562187602991
4726.7			0.9964410030182467
4727.6			0.9392535844516634
4728.5			0.9331514931899688
4729.4			0.9583907165649485
4730.3			0.9685938796096852
4731.2			0.9792776117511096
4732.1			0.9764511004983445
4733.0			0.9772805813187636
4733.9			0.9936766466210246
4734.8			0.999744542660575
4735.7			1.0
4736.6			1.0
4737.5			1.0
4738.4			1.0
4739.3			1.0
4740.2			1.0
4741.1			1.0
4742.0			1.0
4742.9			1.0
4743.8			1.0
4744.7			1.0
4745.6			1.0
4746.5			1.0
4747.4			1.0
4748.3			1.0
4749.2			1.0
4750.1			1.0
4751.0			1.0
4751.9			1.0
4752.8			1.0
4753.7			1.0
4754.6			1.0
4755.5			0.9879544093104378
4756.4			0.9861245381484268
4757.3			0.9842142824581487
4758.2			0.9832554794336009
4759.1			0.9859608900563044
4760.0			0.9919114316640745
4760.9			0.9771732781383813
4761.8			0.9175082147546731
4762.7			0.8899507568727941
4763.6			0.8932838122432015
4764.5			0.893512545236069
4765.4			0.8953470669565333
4766.3			0.9153510043010881
4767.2			0.916327108020217
4768.1			0.9219412201081391
4769.0			0.9625933572115632
4769.9			0.9966076438145117
4770.8			1.0
4771.7			1.0
4772.6			1.0
4773.5			1.0
4774.4			1.0
4775.3			1.0
4776.2			1.0
4777.1			1.0
4778.0			1.0
4778.9			1.0
4779.8			0.9822725704101853
4780.7			0.9986999910361009
4781.6			1.004941417225103
4782.5			0.9752168079464748
4783.4			0.9640510444441811
4784.3			0.9909935214237372
4785.2			0.9888234011515383
4786.1			0.9315086662479677
4787.0			0.9181160940357312
4787.9			0.9458166874502784
4788.8			0.9400411924267629
4789.7			0.933697457324259
4790.6			0.9402409718744679
4791.5			0.9482834490055704
4792.4			0.9533196028235663
4793.3			0.9772002583731738
4794.2			0.999693718531712
4795.1			1.0
4796.0			1.0
4796.9			1.0
4797.8			1.0
4798.7			1.0
4799.6			1.0
4800.5			1.0
4801.4			1.0
4802.3			1.0
4803.2			1.0
4804.1			1.0
4805.0			1.0
4805.9			1.0
4806.8			1.0
4807.7			1.0
4808.6			1.0
4809.5			1.0
4810.4			1.0
4811.3			1.0
4812.2			1.0
4813.1			1.0
4814.0			1.0
4814.9			1.0
4815.8			1.0
4816.7			1.0
4817.6			1.0
4818.5			1.0
4819.4			1.0
4820.3			1.0
4821.2			1.0
4822.1			1.0
4823.0			1.0
4823.9			1.0
4824.8			1.0
4825.7			1.0
4826.6			1.0
4827.5			1.0
4828.4			1.0
4829.3			1.0
4830.2			1.0
4831.1			1.0
4832.0			1.0
4832.9			1.0
4833.8			1.0
4834.7			1.0
4835.6			1.0
4836.5			1.0
4837.4			1.003341796074427
4838.3			0.9950975278538263
4839.2			0.9595953968978533
4840.1			0.9273304193500682
4841.0			0.9584587643154245
4841.9			0.9970655000724946
4842.8			0.9984718618713947
4843.7			1.0
4844.6			1.0
4845.5			1.0
4846.4			1.0
4847.3			1.0
4848.2			1.0
4849.1			1.0
4850.0			1.0
4850.9			1.0
4851.8			1.0
4852.7			1.0
4853.6			1.0
4854.5			1.0
4855.4			1.0
4856.3			1.0
4857.2			1.0617012831673454
4858.1			1.0799540649150894
4859.0			1.0184931845405734
4859.9			0.8823566383228806
4860.8			0.7310321078998445
4861.7			0.729656971096725
4862.6			0.8736495779542695
4863.5			0.9755567145369254
4864.4			0.99811736373735
4865.3			1.0
4866.2			1.0
4867.1			1.0
4868.0			1.0
4868.9			1.0165493430394132
4869.8			1.0080326839046694
4870.7			0.9613070906106885
4871.6			0.9220671409489527
4872.5			0.9451503618796105
4873.4			0.9840226054534361
4874.3			1.0025896899288693
4875.2			1.0
4876.1			1.0
4877.0			1.0
4877.9			1.0
4878.8			1.0
4879.7			1.0
4880.6			1.0
4881.5			1.0
4882.4			1.0
4883.3			1.0091720818252512
4884.2			0.9816854321002234
4885.1			0.950893489265367
4886.0			0.9458508769422966
4886.9			0.9519680410843203
4887.8			0.9557732598377936
4888.7			0.9483593272446639
4889.6			0.9233202045915918
4890.5			0.8871597826873292
4891.4			0.8955726230834758
4892.3			0.9488902598678242
4893.2			0.9882919010037674
4894.1			1.0018907657513854
4895.0			1.0099325409938418
4895.9			1.017092425294968
4896.8			1.013129513626287
4897.7			1.0059658012351207
4898.6			1.0
4899.5			1.0
4900.4			1.0
4901.3			1.0
4902.2			1.0
4903.1			1.0
4904.0			1.0
4904.9			1.0
4905.8			1.0
4906.7			1.0
4907.6			1.0023411396953281
4908.5			0.9965788448998264
4909.4			0.9420217851022422
4910.3			0.8868779995671815
4911.2			0.9070158438791487
4912.1			0.9697427767344491
4913.0			1.0
4913.9			0.9989572083417724
4914.8			1.0317357111950378
4915.7			1.0586897733947076
4916.6			1.0568444139417037
4917.5			1.013862243328421
4918.4			0.9508501568449599
4919.3			0.8991585510540719
4920.2			0.8620523554210798
4921.1			0.8698593829286004
4922.0			0.9180616765157172
4922.9			0.9552706150560245
4923.8			0.9465452364991981
4924.7			0.9444492521864165
4925.6			0.9743780876650697
4926.5			1.0008019817559501
4927.4			1.0
4928.3			1.0
4929.2			1.0
4930.1			1.0
4931.0			1.0
4931.9			1.0
4932.8			1.0
4933.7			1.0
4934.6			1.0
4935.5			1.05086287705934
4936.4			1.037227926289389
4937.3			0.9620545957156655
4938.2			0.9080889816194823
4939.1			0.906102273978472
4940.0			0.9606745784505872
4940.9			0.999724494807257
4941.8			1.0
4942.7			1.0
4943.6			1.0
4944.5			1.0
4945.4			1.0
4946.3			1.0
4947.2			1.0
4948.1			1.0
4949.0			1.0
4949.9			1.0
4950.8			1.0
4951.7			1.0
4952.6			1.0
4953.5			1.0
4954.4			1.0
4955.3			1.0
4956.2			0.9529313827499206
4957.1			0.8730944367840194
4958.0			0.8661153842210836
4958.9			0.9398127664132218
4959.8			1.0007527341229294
4960.7			1.0
4961.6			1.0
4962.5			1.0
4963.4			1.0
4964.3			1.0
4965.2			1.0
4966.1			1.0
4967.0			1.0
4967.9			1.0
4968.8			1.0
4969.7			1.0
4970.6			1.0
4971.5			1.0
4972.4			1.0
4973.3			1.0
4974.2			1.0
4975.1			1.0
4976.0			1.0
4976.9			0.9901614113112047
4977.8			0.9880473742831407
4978.7			0.9838751604429319
4979.6			0.9810451328878032
4980.5			0.9662654824995703
4981.4			0.9363176072441267
4982.3			0.9099627055535994
4983.2			0.9164283129416047
4984.1			0.9240896303379442
4985.0			0.9209797256768885
4985.9			0.9545601114112438
4986.8			0.9963072609984904
4987.7			1.0000605630120172
4988.6			1.0
4989.5			1.0
4990.4			1.0
4991.3			1.0
4992.2			1.0
4993.1			1.0
4994.0			1.0
4994.9			1.0
4995.8			1.0
4996.7			1.0
4997.6			1.0
4998.5			1.0
4999.4			1.0
5000.3			1.0
5001.2			1.0
5002.1			1.0
5003.0			1.0
5003.9			1.0
5004.8			1.0
5005.7			1.0
5006.6			1.0
5007.5			1.0
5008.4			1.0606593212265791
5009.3			1.0452134863888336
5010.2			1.018755368020675
5011.1			1.0049615470580975
5012.0			0.9620258512324615
5012.9			0.9291500131970535
5013.8			0.9231264428891703
5014.7			0.9512492423730134
5015.6			1.0057005987023488
5016.5			1.0298681402660197
5017.4			1.0076218109984052
5018.3			0.9872470332207892
5019.2			1.0004823389988389
5020.1			1.0
5021.0			1.0
5021.9			1.0
5022.8			1.0
5023.7			1.0
5024.6			1.0
5025.5			1.0
5026.4			1.0
5027.3			1.0
5028.2			1.0
5029.1			1.0
5030.0			1.0
5030.9			1.0
5031.8			1.0
5032.7			1.0
5033.6			1.0
5034.5			1.0
5035.4			1.0
5036.3			0.9825473779517485
5037.2			0.9989852268652698
5038.1			0.9745826571989088
5039.0			0.9116777501695827
5039.9			0.851221923736164
5040.8			0.8092276555241169
5041.7			0.8380064279012965
5042.6			0.922367321239408
5043.5			0.9689369512883871
5044.4			0.9884218614832431
5045.3			0.9984043986977152
5046.2			1.0
5047.1			1.0
5048.0			1.0
5048.9			1.0
5049.8			1.0
5050.7			1.0
5051.6			1.0
5052.5			1.0
5053.4			1.0
5054.3			1.0
5055.2			1.0
5056.1			1.0
5057.0			1.0
5057.9			1.0
5058.8			1.0
5059.7			1.0
5060.6			1.0
5061.5			1.0
5062.4			1.0
5063.3			1.0
5064.2			1.0
5065.1			1.0
5066.0			1.0
5066.9			1.0
5067.8			1.0
5068.7			1.0
5069.6			1.0
5070.5			1.0
5071.4			1.0
5072.3			1.0
5073.2			1.0
5074.1			1.0038735661728617
5075.0			1.0021243362930141
5075.9			0.9985260548575731
5076.8			1.0021773248442696
5077.7			0.9987747630519125
5078.6			0.9347879248706155
5079.5			0.8583626943492014
5080.4			0.858364183753328
5081.3			0.9159919258984436
5082.2			0.9431713321763433
5083.1			0.9391514252719624
5084.0			0.957461090065964
5084.9			0.9985585226547206
5085.8			1.0
5086.7			1.0
5087.6			1.0
5088.5			1.0
5089.4			1.0
5090.3			1.0
5091.2			1.0
5092.1			1.0
5093.0			1.0
5093.9			1.0
5094.8			1.0
5095.7			0.9896173094143185
5096.6			0.9664104736600895
5097.5			0.926797375748424
5098.4			0.8859021808088634
5099.3			0.8884604726669917
5100.2			0.9520747202837915
5101.1			1.0213859308158497
5102.0			1.0288788785162388
5102.9			1.0044758681309813
5103.8			1.0
5104.7			1.0
5105.6			1.0
5106.5			1.0
5107.4			1.0
5108.3			1.0
5109.2			1.0
5110.1			1.0
5111.0			1.0
5111.9			1.0
5112.8			1.0
5113.7			1.0014777251858893
5114.6			0.9992510854420553
5115.5			0.992414276021223
5116.4			1.008077377788826
5117.3			1.0379984345557556
5118.2			1.0517035502053924
5119.1			1.045048584568047
5120.0			1.0225590923580228
5120.9			1.0100596841948015
5121.8			0.9985697355264308
5122.7			0.9530803100829851
5123.6			0.9161763870063856
5124.5			0.9189315806886004
5125.4			0.9371310856127344
5126.3			0.9627639073533689
5127.2			0.9670271612707804
5128.1			0.9488144377539786
5129.0			0.9442901067943396
5129.9			0.9582519581787218
5130.8			0.9559065419310093
5131.7			0.9613580825152404
5132.6			0.9744542000644792
5133.5			0.9988940596415694
5134.4			1.0
5135.3			1.0
5136.2			1.0
5137.1			1.0
5138.0			1.0
5138.9			1.0
5139.8			1.0182066602532827
5140.7			1.0592273076798928
5141.6			1.0043491374899132
5142.5			0.9398317015139025
5143.4			0.9767000134379865
5144.3			1.0115274104720746
5145.2			0.9926076651729597
5146.1			1.0
5147.0			1.0
5147.9			1.0
5148.8			1.0
5149.7			1.0
5150.6			1.0
5151.5			1.0
5152.4			1.0
5153.3			1.0
5154.2			1.0
5155.1			1.0
5156.0			1.0
5156.9			1.0
5157.8			1.0
5158.7			1.0
5159.6			1.0
5160.5			1.0
5161.4			1.0
5162.3			1.0
5163.2			1.0
5164.1			1.0
5165.0			1.0
5165.9			1.0
5166.8			1.0
5167.7			1.0
5168.6			1.0
5169.5			1.091386435812467
5170.4			1.1000377621411976
5171.3			0.9538800799171722
5172.2			0.7911616764956548
5173.1			0.8017425610698612
5174.0			0.9210056548336776
5174.9			1.0055066731755309
5175.8			1.0
5176.7			1.0
5177.6			1.0
5178.5			1.0
5179.4			1.0
5180.3			1.0
5181.2			0.9742325139401147
5182.1			0.8760434487360493
5183.0			0.718534748044997
5183.9			0.6881450630402886
5184.8			0.8070875628336408
5185.7			0.9375369315944388
5186.6			0.9979870524345388
5187.5			1.0
5188.4			1.0
5189.3			1.0
5190.2			1.0
5191.1			1.0
5192.0			1.0
5192.9			1.0
5193.8			1.0
5194.7			1.0
5195.6			1.0
5196.5			1.0
5197.4			1.0
5198.3			1.0
5199.2			1.0
5200.1			1.0135533872736473
5201.0			1.009633202550304
5201.9			1.0135694259867885
5202.8			1.0251150664932835
5203.7			0.9983167670432977
5204.6			0.9387387979775778
5205.5			0.9202261663193864
5206.4			0.9339562706620064
5207.3			0.9351465770543796
5208.2			0.9269648395568938
5209.1			0.9498780914163745
5210.0			0.9805571221534075
5210.9			0.9997634092815857
5211.8			1.0
5212.7			1.0
5213.6			1.0
5214.5			1.0
5215.4			1.0
5216.3			1.0
5217.2			1.0
5218.1			1.0
5219.0			1.0
5219.9			1.0
5220.8			1.0
5221.7			1.0
5222.6			0.9885463035654054
5223.5			0.9801959624794218
5224.4			0.9398579073644827
5225.3			0.8934034156606641
5226.2			0.8455710506434949
5227.1			0.859450380255459
5228.0			0.9314535918538961
5228.9			0.9911216049574014
5229.8			1.0026167371592616
5230.7			1.0
5231.6			1.0
5232.5			1.0
5233.4			1.0
5234.3			1.0
5235.2			1.0
5236.1			1.0
5237.0			1.0
5237.9			1.0
5238.8			1.0
5239.7			1.0
5240.6			1.0
5241.5			1.0107481429675165
5242.4			0.9935568750431312
5243.3			0.9901743275788994
5244.2			1.005226524307872
5245.1			1.0170070083312643
5246.0			0.9849791638169959
5246.9			0.9306154733298071
5247.8			0.9359141743839493
5248.7			0.9365139241151131
5249.6			0.9092385122728815
5250.5			0.8965986788090387
5251.4			0.9194083344874853
5252.3			0.9435891338276898
5253.2			0.951387583874479
5254.1			0.9400334066775953
5255.0			0.9215991647980939
5255.9			0.9541687357361465
5256.8			0.9943533504505384
5257.7			1.0157731197464759
5258.6			1.0121537354873054
5259.5			0.9998781531264657
5260.4			1.0
5261.3			1.0
5262.2			1.0
5263.1			1.0
5264.0			1.0
5264.9			1.0
5265.8			1.0
5266.7			1.0430869697567164
5267.6			1.0741765437539035
5268.5			0.9965652285268777
5269.4			0.8875367798407918
5270.3			0.8865903024251499
5271.2			0.987563930384322
5272.1			1.0090516368130868
5273.0			1.0
5273.9			1.0
5274.8			1.0
5275.7			1.0
5276.6			1.0
5277.5			1.0
5278.4			1.0
5279.3			0.9702373859041873
5280.2			0.9323968062619791
5281.1			0.917090686868767
5282.0			0.9154404882994063
5282.9			0.8996903274283974
5283.8			0.8986135313504313
5284.7			0.9354036690625384
5285.6			0.9782163293894224
5286.5			0.9984864455830534
5287.4			1.0022697617197394
5288.3			0.9964362451254613
5289.2			1.0
5290.1			1.0
5291.0			1.0
5291.9			1.0
5292.8			1.0
5293.7			1.0004287734831105
5294.6			1.0095765641194598
5295.5			0.9898046987864375
5296.4			0.9430574190193474
5297.3			0.9040982885528629
5298.2			0.9179349748613768
5299.1			0.9811560849831232
5300.0			1.0128439957367774
5300.9			1.0008237861856009
5301.8			1.0
5302.7			1.0
5303.6			1.0
5304.5			1.0
5305.4			1.0
5306.3			1.0
5307.2			1.0
5308.1			1.0
5309.0			1.0
5309.9			1.0
5310.8			1.0
5311.7			1.0
5312.6			1.0
5313.5			1.0
5314.4			1.0
5315.3			1.0
5316.2			1.0
5317.1			1.0
5318.0			1.0
5318.9			1.0
5319.8			1.0
5320.7			1.0
5321.6			1.0
5322.5			1.0
5323.4			1.0
5324.3			1.0
5325.2			1.0094433526082314
5326.1			1.018013674842151
5327.0			0.953651182435764
5327.9			0.8599887197659467
5328.8			0.8637890747099527
5329.7			0.943653278323093
5330.6			1.0038200257267895
5331.5			1.0
5332.4			1.0
5333.3			1.0
5334.2			1.0
5335.1			1.0
5336.0			1.0
5336.9			1.0
5337.8			0.9930877243932104
5338.7			0.9867244140805559
5339.6			0.9500296114350126
5340.5			0.91957410387301
5341.4			0.9445713367912698
5342.3			0.9902352039701324
5343.2			1.0003245150022815
5344.1			1.0
5345.0			1.0
5345.9			1.0
5346.8			1.0
5347.7			1.0
5348.6			1.0
5349.5			1.0
5350.4			1.0
5351.3			1.0
5352.2			1.0
5353.1			1.0
5354.0			1.0
5354.9			1.0
5355.8			1.0
5356.7			1.0
5357.6			1.0
5358.5			1.0
5359.4			1.0
5360.3			1.0
5361.2			1.0
5362.1			1.0
5363.0			1.0
5363.9			1.0
5364.8			1.0
5365.7			1.0
5366.6			1.0
5367.5			0.9993233726619971
5368.4			0.9772364912902036
5369.3			0.9527142739718722
5370.2			0.9082309107321082
5371.1			0.8841721789054952
5372.0			0.9126716396798341
5372.9			0.96248894900039
5373.8			0.9921899929154906
5374.7			1.0012004007272142
5375.6			1.0
5376.5			1.0
5377.4			1.0
5378.3			1.0
5379.2			1.0
5380.1			1.0
5381.0			1.0
5381.9			1.0
5382.8			1.0
5383.7			1.0
5384.6			1.0
5385.5			1.0
5386.4			1.0
5387.3			1.0
5388.2			1.0
5389.1			1.0
5390.0			1.0
5390.9			1.0
5391.8			1.0
5392.7			1.0
5393.6			1.0
5394.5			1.0
5395.4			1.0
5396.3			1.0
5397.2			1.0
5398.1			1.0
5399.0			1.0
5399.9			1.0
5400.8			1.0
5401.7			1.0074643862876396
5402.6			1.0083721514980661
5403.5			0.9724619455310578
5404.4			0.9361750190233242
5405.3			0.9231815761920374
5406.2			0.9485204939921847
5407.1			0.9958791329119514
5408.0			1.017564462630121
5408.9			0.9952998410028757
5409.8			1.0
5410.7			1.0
5411.6			1.0
5412.5			1.0
5413.4			1.0
5414.3			1.0
5415.2			1.0
5416.1			1.0
5417.0			1.0
5417.9			1.0
5418.8			1.0
5419.7			1.0
5420.6			1.0
5421.5			1.0
5422.4			1.0
5423.3			1.0
5424.2			1.0
5425.1			1.0
5426.0			1.0
5426.9			1.0
5427.8			0.9835966615898395
5428.7			0.9311206124705552
5429.6			0.9015320236669326
5430.5			0.9472530078698744
5431.4			0.9933998735179725
5432.3			1.0
5433.2			1.0
5434.1			1.0
5435.0			1.0
5435.9			1.0
5436.8			1.0
5437.7			1.0
5438.6			1.0
5439.5			1.0
5440.4			1.0
5441.3			1.0
5442.2			1.0
5443.1			1.0
5444.0			0.9776270571193495
5444.9			0.926204981097767
5445.8			0.887913982170319
5446.7			0.8789038875491961
5447.6			0.9133518429402394
5448.5			0.9703117405450146
5449.4			0.9973435786627481
5450.3			1.0
5451.2			1.0
5452.1			1.0
5453.0			1.0
5453.9			0.9720566581189302
5454.8			0.9234703776942641
5455.7			0.9028610437125063
5456.6			0.9484052546734916
5457.5			1.0010180578166645
5458.4			1.0
5459.3			1.0
5460.2			1.0
5461.1			1.0
5462.0			1.0
5462.9			1.0
5463.8			1.0
5464.7			1.0
5465.6			1.0
5466.5			1.0
5467.4			1.0
5468.3			1.0
5469.2			1.0
5470.1			1.0
5471.0			1.0
5471.9			1.0
5472.8			0.9872263449119396
5473.7			0.9845039790339934
5474.6			0.982934227635876
5475.5			0.948766918852195
5476.4			0.9054605599152716
5477.3			0.9250852156161108
5478.2			0.9782563007564367
5479.1			1.0060140751942142
5480.0			1.0003710110467285
5480.9			1.0
5481.8			1.0
5482.7			1.0
5483.6			1.0
5484.5			1.0
5485.4			1.0
5486.3			1.0
5487.2			1.0
5488.1			1.0
5489.0			1.0
5489.9			1.0
5490.8			1.0
5491.7			1.0
5492.6			1.0
5493.5			1.0
5494.4			1.0
5495.3			1.0
5496.2			1.0
5497.1			1.0
5498.0			1.0
5498.9			1.0
5499.8			1.0
5500.7			1.0
5501.6			1.0
5502.5			1.0
5503.4			1.0
5504.3			1.0
5505.2			1.0
5506.1			1.0
5507.0			1.0
5507.9			1.0
5508.8			1.0
5509.7			1.0
5510.6			1.0
5511.5			1.0
5512.4			1.0
5513.3			1.0
5514.2			1.0
5515.1			1.0
5516.0			1.0
5516.9			1.0
5517.8			1.0
5518.7			1.0
5519.6			1.0
5520.5			1.0
5521.4			1.0
5522.3			1.0
5523.2			1.0
5524.1			1.0014697655093043
5525.0			0.9776874206678727
5525.9			0.9439092619603472
5526.8			0.9272372662129725
5527.7			0.9133974590575233
5528.6			0.9267396074224126
5529.5			0.9712131114102526
5530.4			0.99662999807218
5531.3			0.9999632935279316
5532.2			1.0
5533.1			1.0
5534.0			1.0
5534.9			1.0
5535.8			1.0
5536.7			1.0
5537.6			1.0
5538.5			1.0
5539.4			1.0
5540.3			1.0
5541.2			1.0
5542.1			1.0
5543.0			1.0
5543.9			1.0
5544.8			1.0
5545.7			1.0
5546.6			1.0
5547.5			1.0
5548.4			1.0
5549.3			1.0
5550.200000000001			1.0
5551.1			1.0
5552.0			1.0
5552.9			1.0
5553.8			1.0
5554.700000000001			1.0
5555.6			1.0
5556.5			1.0
5557.4			1.0
5558.3			1.0
5559.200000000001			1.0
5560.1			1.0
5561.0			1.0
5561.9			1.0
5562.8			1.0
5563.700000000001			1.0
5564.6			1.0
5565.5			1.0
5566.4			1.0
5567.3			1.0
5568.200000000001			1.0
5569.1			0.9890879223426926
5570.0			0.9853292097857361
5570.9			1.0073662490905733
5571.8			0.989887703663502
5572.700000000001			0.9321208901337442
5573.6			0.93433918678892
5574.5			0.9872780503744476
5575.4			0.9995788274364812
5576.3			0.9988564852787842
5577.200000000001			1.0
5578.1			1.0
5579.0			1.0
5579.9			1.0
5580.8			0.9958864368797872
5581.700000000001			0.9690894528221693
5582.6			0.9588559686393541
5583.5			0.9802575737344013
5584.4			1.0014582574490611
5585.3			0.9930305306313111
5586.200000000001			0.9453438449940066
5587.1			0.9057350618604796
5588.0			0.9116955314574344
5588.9			0.9393635680026378
5589.8			0.9642339124049792
5590.700000000001			0.9744920011173783
5591.6			0.9898832443568647
5592.5			1.0073955630515303
5593.4			1.0010322688105333
5594.3			1.0
5595.200000000001			1.0
5596.1			1.0
5597.0			1.0
5597.9			1.0
5598.8			1.0
5599.700000000001			1.0
5600.6			1.0
5601.5			1.0
5602.4			1.0
5603.3			1.0
5604.200000000001			1.0
5605.1			1.0
5606.0			1.0
5606.9			1.0
5607.8			1.0
5608.700000000001			1.0
5609.6			1.0
5610.5			1.0
5611.4			1.0
5612.3			1.0
5613.200000000001			1.0116808173859964
5614.1			0.9744600768795688
5615.0			0.9246952784536114
5615.9			0.9360626536868034
5616.8			0.9950483225377246
5617.700000000001			1.0
5618.6			1.0
5619.5			1.0
5620.4			1.0
5621.3			1.0
5622.200000000001			1.0
5623.1			1.0
5624.0			1.0
5624.9			1.0
5625.8			1.0
5626.700000000001			1.0
5627.6			1.0
5628.5			1.0
5629.4			1.0
5630.3			1.0
5631.200000000001			1.0
5632.1			1.0
5633.0			1.0
5633.9			1.0
5634.8			1.0
5635.700000000001			1.0
5636.6			1.0
5637.5			1.0
5638.4			1.0
5639.3			1.0
5640.200000000001			1.0
5641.1			1.0
5642.0			1.0
5642.9			1.0
5643.8			1.0
5644.700000000001			1.0
5645.6			1.0
5646.5			1.0
5647.4			1.0
5648.3			1.0
5649.200000000001			1.0
5650.1			1.0
5651.0			1.0
5651.9			1.0
5652.8			1.00957929744157
5653.700000000001			0.9866416045709795
5654.6			0.956656015450548
5655.5			0.9503451217406758
5656.4			0.9712724414877071
5657.3			0.9607777713093516
5658.200000000001			0.9230951119810251
5659.1			0.9393258557530111
5660.0			1.0104883464251815
5660.9			1.0388819529259998
5661.8			1.0185636192933099
5662.700000000001			0.9998759283629692
5663.6			1.0059636896808062
5664.5			1.0
5665.4			1.0
5666.3			1.0
5667.200000000001			1.0
5668.1			1.0
5669.0			1.0
5669.9			1.0
5670.8			1.0
5671.700000000001			1.0
5672.6			1.0
5673.5			1.0
5674.4			1.0
5675.3			1.0
5676.200000000001			1.0
5677.1			1.0
5678.0			1.0
5678.9			1.0
5679.8			1.0
5680.700000000001			1.0
5681.6			1.0
5682.5			1.0
5683.4			1.0
5684.3			1.0
5685.200000000001			1.0
5686.1			1.0
5687.0			1.0
5687.9			1.0
5688.8			1.0
5689.700000000001			1.0
5690.6			1.0
5691.5			1.0
5692.4			1.0
5693.3			1.0
5694.200000000001			1.0
5695.1			1.0
5696.0			1.0
5696.9			1.0
5697.8			1.0
5698.700000000001			1.0
5699.6			1.0
5700.5			1.0
5701.4			1.0
5702.3			1.0
5703.200000000001			1.0
5704.1			1.0
5705.0			0.9843280931926564
5705.9			0.9419189078597046
5706.8			0.9141491606271603
5707.700000000001			0.9001448499684152
5708.6			0.9006736800757645
5709.5			0.9281625537483879
5710.4			0.9265769078222925
5711.3			0.8969084740332111
5712.200000000001			0.934031826131809
5713.1			0.9916610485075458
5714.0			0.9922379422894739
5714.9			0.9704121361082731
5715.8			0.957048663089067
5716.700000000001			0.9696639180023545
5717.6			0.9981268835018088
5718.5			1.0
5719.4			1.0
5720.3			1.0
5721.200000000001			1.0
5722.1			1.0
5723.0			1.0
5723.9			1.0
5724.8			1.0
5725.700000000001			1.0
5726.6			1.0
5727.5			1.0
5728.4			1.0
5729.3			1.0
5730.200000000001			1.0
5731.1			1.0
5732.0			1.0
5732.9			1.0
5733.8			1.0
5734.700000000001			1.0
5735.6			1.0
5736.5			1.0
5737.4			1.0
5738.3			1.0
5739.200000000001			1.0
5740.1			1.0
5741.0			1.0
5741.9			1.0
5742.8			1.0
5743.700000000001			1.0
5744.6			1.0
5745.5			1.0
5746.4			1.0
5747.3			1.0
5748.200000000001			1.0
5749.1			1.0
5750.0			1.0
5750.9			1.0
5751.8			1.0
5752.700000000001			1.0
5753.6			1.0
5754.5			1.0
5755.4			1.0
5756.3			1.0
5757.200000000001			1.0
5758.1			1.0
5759.0			1.0
5759.9			1.0
5760.8			1.0
5761.700000000001			1.0
5762.6			1.0
5763.5			1.0
5764.4			1.0
5765.3			1.0
5766.200000000001			1.0
5767.1			1.0
5768.0			1.0
5768.9			1.0
5769.8			1.0
5770.700000000001			1.0
5771.6			1.0
5772.5			1.0
5773.4			1.0
5774.3			1.0
5775.200000000001			1.0018802057281426
5776.1			0.9947224477624486
5777.0			0.9825687401069552
5777.9			0.9768282070918688
5778.8			0.9512666596836223
5779.700000000001			0.9129316725597402
5780.6			0.8995600797667876
5781.5			0.906807671843189
5782.4			0.9295697743552088
5783.3			0.9559997468658766
5784.200000000001			0.9803993740083484
5785.1			0.9992100408593538
5786.0			1.0000287213595769
5786.9			1.0
5787.8			1.0
5788.700000000001			1.0
5789.6			1.0
5790.5			1.0
5791.4			1.0
5792.3			1.0
5793.200000000001			1.0
5794.1			1.0
5795.0			1.0
5795.9			1.0
5796.8			1.0
5797.700000000001			1.0
5798.6			1.0
5799.5			1.0
5800.4			1.0
5801.3			1.0
5802.200000000001			1.0
5803.1			1.0
5804.0			1.0
5804.9			1.0
5805.8			1.0
5806.700000000001			1.0
5807.6			1.0
5808.5			1.0
5809.4			1.0
5810.3			1.0
5811.200000000001			1.0
5812.1			1.0
5813.0			1.0
5813.9			1.0
5814.8			1.0
5815.700000000001			1.0
5816.6			1.0
5817.5			1.0
5818.4			1.0
5819.3			1.0
5820.200000000001			1.0
5821.1			1.0
5822.0			1.0
5822.9			1.0
5823.8			1.0
5824.700000000001			1.0
5825.6			1.0
5826.5			1.0
5827.4			1.0
5828.3			1.0
5829.200000000001			1.0
5830.1			1.0
5831.0			1.0
5831.9			1.0
5832.8			1.0
5833.700000000001			1.0
5834.6			1.0
5835.5			1.0
5836.4			1.0
5837.3			1.0
5838.200000000001			1.0
5839.1			1.0
5840.0			1.0
5840.9			1.0
5841.8			1.0
5842.700000000001			1.0
5843.6			1.0
5844.5			1.0
5845.4			1.0
5846.3			1.0
5847.200000000001			1.0
5848.1			1.0
5849.0			1.0
5849.9			1.0
5850.8			1.0
5851.700000000001			1.0
5852.6			1.0
5853.5			1.0
5854.4			1.0
5855.3			1.0
5856.200000000001			1.0
5857.1			1.0
5858.0			1.0
5858.9			1.0
5859.8			1.0
5860.700000000001			1.0
5861.6			1.0
5862.5			1.0
5863.4			1.0
5864.3			1.0
5865.200000000001			1.0
5866.1			1.0
5867.0			1.0
5867.9			1.0
5868.8			1.0
5869.700000000001			1.0
5870.6			1.0
5871.5			1.0
5872.4			1.0
5873.3			1.0
5874.200000000001			1.0
5875.1			1.0
5876.0			1.0
5876.9			1.0
5877.8			1.0
5878.700000000001			1.0
5879.6			1.0
5880.5			1.0
5881.4			1.0
5882.3			1.0
5883.200000000001			1.0
5884.1			1.0
5885.0			1.0
5885.9			1.0
5886.8			1.0
5887.700000000001			0.9656549317440969
5888.6			0.8612386584825473
5889.5			0.7047044925822553
5890.4			0.6489900360882971
5891.3			0.7743159928439343
5892.200000000001			0.9338669051674293
5893.1			1.0021005890510135
5894.0			1.0
5894.9			1.0
5895.8			1.0
5896.700000000001			1.0
5897.6			1.0
5898.5			1.0
5899.4			1.0
5900.3			1.0
5901.200000000001			1.0
5902.1			1.0
5903.0			1.0
5903.9			1.0
5904.8			1.0
5905.700000000001			1.0
5906.6			1.0
5907.5			1.0
5908.4			1.0
5909.3			1.0
5910.200000000001			1.0
5911.1			1.0
5912.0			1.0
5912.9			1.0
5913.8			1.0
5914.700000000001			1.0
5915.6			1.0
5916.5			1.0
5917.4			1.0
5918.3			1.0
5919.200000000001			1.0
5920.1			1.0
5921.0			1.0
5921.9			1.0
5922.8			1.0
5923.700000000001			1.0
5924.6			1.0
5925.5			1.0
5926.4			1.0
5927.3			1.0
5928.200000000001			1.0
5929.1			1.0
5930.0			1.0
5930.9			1.0
5931.8			1.0
5932.700000000001			1.0
5933.6			1.0
5934.5			1.0
5935.4			1.0
5936.3			1.0
5937.200000000001			1.0
5938.1			1.0
5939.0			1.0
5939.9			1.0
5940.8			1.0
5941.700000000001			1.0
5942.6			1.0
5943.5			1.0
5944.4			1.0
5945.3			1.0
5946.200000000001			1.0
5947.1			1.0
5948.0			1.0
5948.9			1.0
5949.8			1.0
5950.700000000001			1.0
5951.6			1.0
5952.5			1.0
5953.4			1.0
5954.3			1.0
5955.200000000001			1.0
5956.1			1.0
5957.0			1.0
5957.9			1.0
5958.8			1.0
5959.700000000001			1.0
5960.6			1.0
5961.5			1.0
5962.4			1.0
5963.3			1.0
5964.200000000001			1.0
5965.1			1.0
5966.0			1.0
5966.9			1.0
5967.8			1.0
5968.700000000001			1.0
5969.6			1.0
5970.5			1.0
5971.4			1.0
5972.3			1.0
5973.200000000001			1.0
5974.1			1.0
5975.0			1.0
5975.9			1.0
5976.8			1.0
5977.700000000001			1.0
5978.6			1.0
5979.5			1.0
5980.4			1.0
5981.3			1.0
5982.200000000001			1.0
5983.1			1.0
5984.0			1.0
5984.9			1.0
5985.8			1.0
5986.700000000001			1.0
5987.6			1.0
5988.5			1.0
5989.4			1.0
5990.3			1.0
5991.200000000001			1.0
5992.1			1.0
5993.0			1.0
5993.9			1.0
5994.8			1.0
5995.700000000001			1.0
5996.6			1.0
5997.5			1.0
5998.4			1.0
5999.3			1.0
6000.200000000001			1.0
6001.1			1.0
6002.0			1.0
6002.9			1.0
6003.8			1.0
6004.700000000001			1.0
6005.6			1.0
6006.5			1.0
6007.4			1.0
6008.3			1.0
6009.200000000001			1.0
6010.1			1.0
6011.0			1.0
6011.9			1.0
6012.8			1.0
6013.700000000001			1.0
6014.6			1.0
6015.5			1.0
6016.4			1.0
6017.3			1.0
6018.200000000001			1.0
6019.1			1.0
6020.0			1.0
6020.9			1.0
6021.8			1.0
6022.700000000001			1.0
6023.6			1.0
6024.5			1.0
6025.4			1.0
6026.3			1.0
6027.200000000001			1.0
6028.1			1.0
6029.0			1.0
6029.9			1.0
6030.8			1.0
6031.700000000001			1.0
6032.6			1.0
6033.5			1.0
6034.4			1.0
6035.3			1.0
6036.200000000001			1.0
6037.1			1.0
6038.0			1.0
6038.9			1.0
6039.8			1.0
6040.700000000001			1.0
6041.6			1.0
6042.5			1.0
6043.4			1.0
6044.3			1.0
6045.200000000001			1.0
6046.1			1.0
6047.0			1.0
6047.9			1.0
6048.8			1.0
6049.700000000001			1.0
6050.6			1.0
6051.5			1.0
6052.4			1.0
6053.3			1.0
6054.200000000001			1.0
6055.1			1.0
6056.0			1.0
6056.9			1.0
6057.8			1.0
6058.700000000001			1.0
6059.6			1.0
6060.5			1.0
6061.4			1.0
6062.3			1.0
6063.200000000001			1.0
6064.1			1.0
6065.0			1.0
6065.9			1.0
6066.8			1.0
6067.700000000001			1.0
6068.6			1.0
6069.5			1.0
6070.4			1.0
6071.3			1.0
6072.200000000001			1.0
6073.1			1.0
6074.0			1.0
6074.9			1.0
6075.8			1.0
6076.700000000001			1.0
6077.6			1.0
6078.5			1.0
6079.4			1.0
6080.3			1.0
6081.200000000001			1.0
6082.1			1.0
6083.0			1.0
6083.9			1.0
6084.8			1.0
6085.700000000001			1.0
6086.6			1.0
6087.5			1.0
6088.4			1.0
6089.3			1.0
6090.200000000001			1.0
6091.1			1.0
6092.0			1.0
6092.9			1.0
6093.8			1.0
6094.700000000001			1.0
6095.6			1.0
6096.5			1.0
6097.4			1.0
6098.3			1.0
6099.200000000001			1.0
6100.1			1.0
6101.0			1.0
6101.9			1.0
6102.8			1.0
6103.700000000001			1.0
6104.6			1.0
6105.5			1.0
6106.4			1.0
6107.3			1.0
6108.200000000001			1.0
6109.1			1.0
6110.0			1.0
6110.9			1.0
6111.8			1.0
6112.700000000001			1.0
6113.6			1.0
6114.5			1.0
6115.4			1.0
6116.3			1.0
6117.200000000001			1.0
6118.1			0.9865697634827191
6119.0			0.9792089746187478
6119.9			0.9725968919724142
6120.8			0.9575941005100113
6121.700000000001			0.9356483089318374
6122.6			0.9346154313972803
6123.5			0.9727190086670431
6124.4			1.0101165622602108
6125.3			1.0111540361811713
6126.200000000001			0.9909429426818162
6127.1			0.99692158259581
6128.0			1.0
6128.9			1.0
6129.8			1.0
6130.700000000001			1.0
6131.6			1.0
6132.5			1.0
6133.4			1.0
6134.3			1.0
6135.200000000001			0.9635384325453252
6136.1			0.8880348548487097
6137.0			0.8567310429665467
6137.9			0.9175661362884266
6138.8			0.9973755135924054
6139.700000000001			1.0
6140.6			1.0
6141.5			1.0
6142.4			1.0
6143.3			1.0
6144.200000000001			1.0
6145.1			1.0
6146.0			1.0
6146.9			1.0
6147.8			1.0
6148.700000000001			1.0
6149.6			1.0
6150.5			1.0
6151.4			1.0
6152.3			1.0
6153.200000000001			1.0
6154.1			1.0
6155.0			1.0
6155.9			1.0
6156.8			1.0
6157.700000000001			1.0
6158.6			1.0
6159.5			1.0027210620641485
6160.4			0.9796644198578105
6161.3			0.9137532478032647
6162.200000000001			0.8629917803319999
6163.1			0.8894767824091763
6164.0			0.9499529352343697
6164.9			0.9986351036901541
6165.8			1.0
6166.700000000001			1.0
6167.6			1.0
6168.5			1.0
6169.4			1.0
6170.3			1.0
6171.200000000001			1.0
6172.1			1.0
6173.0			1.0
6173.9			1.0
6174.8			1.0
6175.700000000001			1.0
6176.6			1.0
6177.5			1.0
6178.4			1.0
6179.3			1.0
6180.200000000001			1.0
6181.1			1.0
6182.0			1.0
6182.9			1.0
6183.8			1.0
6184.700000000001			1.0
6185.6			1.0
6186.5			1.0
6187.4			1.0
6188.3			1.0
6189.200000000001			1.0
6190.1			1.0
6191.0			1.0
6191.9			1.0
6192.8			1.0
6193.700000000001			1.0
6194.6			1.0
6195.5			1.0
6196.4			1.0
6197.3			1.0
6198.200000000001			1.0
6199.1			1.0
6200.0			1.0
6200.9			1.0
6201.8			1.0
6202.700000000001			1.0
6203.6			1.0
6204.5			1.0
6205.4			1.0
6206.3			1.0
6207.200000000001			1.0
6208.1			1.0
6209.0			1.0
6209.9			1.0
6210.8			1.0
6211.700000000001			1.0
6212.6			1.0
6213.5			1.0
6214.4			1.0
6215.3			1.0
6216.200000000001			1.0
6217.1			1.0
6218.0			1.0
6218.9			1.0
6219.8			1.0
6220.700000000001			1.0
6221.6			1.0
6222.5			1.0
6223.4			1.0
6224.3			1.0
6225.200000000001			1.0
6226.1			1.0
6227.0			1.0
6227.9			1.0
6228.8			1.0
6229.700000000001			1.0
6230.6			1.0
6231.5			1.0
6232.4			1.0
6233.3			1.0
6234.200000000001			1.0
6235.1			1.0
6236.0			1.0
6236.9			1.0
6237.8			1.0
6238.700000000001			1.0
6239.6			1.0
6240.5			1.0
6241.4			1.0
6242.3			1.0
6243.200000000001			1.0
6244.1			1.0
6245.0			1.0
6245.9			1.0
6246.8			1.0
6247.700000000001			1.0
6248.6			1.0
6249.5			1.0
6250.4			1.0
6251.3			1.0
6252.200000000001			1.0
6253.1			1.0
6254.0			1.0
6254.9			1.0
6255.8			1.0
6256.700000000001			1.0
6257.6			1.0
6258.5			1.0
6259.4			1.0
6260.3			1.0
6261.200000000001			1.0
6262.1			1.0
6263.0			1.0
6263.9			1.0
6264.8			1.0
6265.700000000001			1.0
6266.6			1.0
6267.5			1.0
6268.4			1.0
6269.3			1.0
6270.200000000001			1.0
6271.1			1.0
6272.0			1.0
6272.9			1.012744282963247
6273.8			0.9871603765539246
6274.700000000001			0.9691766281812131
6275.6			0.9857095238353801
6276.5			0.9979037064989958
6277.4			0.9907018639730546
6278.3			0.992252889617432
6279.200000000001			0.9907158777347589
6280.1			0.9553704224330865
6281.0			0.9269136536489345
6281.9			0.9359239998291684
6282.8			0.9518015482857001
6283.700000000001			0.9524903362043748
6284.6			0.9512387578040685
6285.5			0.9381500654764251
6286.4			0.948771455430126
6287.3			1.0003774566333705
6288.200000000001			1.0246379829103514
6289.1			1.0011295930910171
6290.0			1.0
6290.9			1.0
6291.8			1.0
6292.700000000001			1.0
6293.6			1.0
6294.5			1.0
6295.4			1.0
6296.3			1.0
6297.200000000001			1.0
6298.1			1.0
6299.0			1.0
6299.9			1.0
6300.8			1.0
6301.700000000001			1.0
6302.6			1.0
6303.5			1.0
6304.4			1.0
6305.3			1.0
6306.200000000001			1.0
6307.1			1.0
6308.0			1.0
6308.9			1.0
6309.8			1.0
6310.700000000001			1.0
6311.6			1.0
6312.5			1.0
6313.4			1.0
6314.3			1.0
6315.200000000001			1.0
6316.1			1.0
6317.0			1.0
6317.9			1.0
6318.8			1.0
6319.700000000001			1.0
6320.6			1.0
6321.5			1.0
6322.4			1.0
6323.3			1.0
6324.200000000001			1.0
6325.1			1.0
6326.0			1.0
6326.9			1.0
6327.8			1.0
6328.700000000001			1.0
6329.6			1.0
6330.5			1.0
6331.4			1.0
6332.3			1.0
6333.200000000001			1.0
6334.1			1.0
6335.0			1.0
6335.9			1.0
6336.8			1.0
6337.700000000001			1.0
6338.6			1.0
6339.5			1.0
6340.4			1.0
6341.3			1.0
6342.200000000001			1.0
6343.1			1.0
6344.0			1.0
6344.9			1.0
6345.8			1.0
6346.700000000001			1.0
6347.6			1.0
6348.5			1.0
6349.4			1.0
6350.3			1.0
6351.200000000001			1.0
6352.1			1.0
6353.0			1.0
6353.9			1.0
6354.8			1.0
6355.700000000001			1.0
6356.6			1.0
6357.5			1.0
6358.4			1.0
6359.3			1.0
6360.200000000001			1.0
6361.1			1.0
6362.0			1.0
6362.9			1.0
6363.8			1.0
6364.700000000001			1.0
6365.6			1.0
6366.5			1.0
6367.4			1.0
6368.3			1.0
6369.200000000001			1.0
6370.1			1.0
6371.0			1.0
6371.9			1.0
6372.8			1.0
6373.700000000001			1.0
6374.6			1.0
6375.5			1.0
6376.4			1.0
6377.3			1.0
6378.200000000001			1.0
6379.1			1.0
6380.0			1.0
6380.9			1.0
6381.8			1.0
6382.700000000001			1.0
6383.6			1.0
6384.5			1.0
6385.4			1.0
6386.3			1.0
6387.200000000001			1.0
6388.1			1.0
6389.0			1.0
6389.9			1.0
6390.8			1.0
6391.700000000001			1.0
6392.6			1.0
6393.5			1.0
6394.4			1.0
6395.3			1.0
6396.200000000001			1.0
6397.1			1.0
6398.0			0.9926001692225926
6398.9			0.9806514227829245
6399.8			0.926048998558038
6400.700000000001			0.9013087450526054
6401.6			0.9405165027790842
6402.5			0.9818842268913593
6403.4			0.9946583558949377
6404.3			1.0
6405.200000000001			1.0
6406.1			1.0
6407.0			1.0
6407.9			1.0
6408.8			1.0
6409.700000000001			1.0
6410.6			1.0
6411.5			1.0
6412.4			1.0
6413.3			1.0
6414.200000000001			1.0
6415.1			1.0
6416.0			1.0
6416.9			1.0
6417.8			1.0
6418.700000000001			1.0
6419.6			1.0
6420.5			1.0
6421.4			1.0
6422.3			1.0
6423.200000000001			1.0
6424.1			1.0
6425.0			1.0
6425.9			1.0
6426.8			1.0
6427.700000000001			1.0
6428.6			1.0
6429.5			1.0
6430.4			1.0
6431.3			1.0
6432.200000000001			1.0
6433.1			1.0
6434.0			1.0
6434.9			1.0
6435.8			1.0
6436.700000000001			1.0
6437.6			1.0
6438.5			1.0
6439.4			1.0
6440.3			1.0
6441.200000000001			1.0
6442.1			1.0
6443.0			1.0
6443.9			1.0
6444.8			1.0
6445.700000000001			1.0
6446.6			1.0
6447.5			1.0
6448.4			0.9768069237160139
6449.3			0.9255151652233831
6450.200000000001			0.9053509208152453
6451.1			0.949864137122935
6452.0			0.9976248888461432
6452.9			1.0
6453.8			1.0
6454.700000000001			1.0
6455.6			1.0
6456.5			1.0
6457.4			1.0
6458.3			1.0
6459.200000000001			1.0
6460.1			1.0
6461.0			1.0
6461.9			1.0
6462.8			1.0
6463.700000000001			1.0
6464.6			1.0
6465.5			1.0
6466.4			1.0
6467.3			1.0
6468.200000000001			1.0
6469.1			1.0
6470.0			1.0
6470.9			1.0
6471.8			1.0
6472.700000000001			1.0
6473.6			1.0
6474.5			1.0
6475.4			1.0
6476.3			1.0
6477.200000000001			1.0
6478.1			1.0
6479.0			1.0
6479.9			1.0
6480.8			1.0
6481.700000000001			1.0
6482.6			1.0
6483.5			1.0
6484.4			1.0
6485.3			1.0
6486.200000000001			1.0
6487.1			0.9878422906675877
6488.0			0.9917598068100438
6488.9			0.9967215549568623
6489.8			0.9936285067652817
6490.700000000001			0.9816226299368365
6491.6			0.9624745409186081
6492.5			0.9302250180436453
6493.4			0.8796070546558269
6494.3			0.84426636282985
6495.200000000001			0.8484362411329007
6496.1			0.8768170629250418
6497.0			0.9095403395723068
6497.9			0.920837176126706
6498.8			0.9158305126824848
6499.700000000001			0.931836747067954
6500.6			0.9738527019181865
6501.5			0.999741573244137
6502.4			1.0
6503.3			1.0
6504.200000000001			1.0
6505.1			1.0
6506.0			1.0
6506.9			1.0
6507.8			1.0
6508.700000000001			1.0
6509.6			1.0
6510.5			1.0
6511.4			1.0
6512.3			1.0
6513.200000000001			1.0
6514.1			1.0
6515.0			1.0
6515.9			1.0
6516.8			1.0
6517.700000000001			1.0
6518.6			1.0
6519.5			1.0
6520.4			1.0
6521.3			1.0
6522.200000000001			1.0
6523.1			1.0
6524.0			1.0
6524.9			1.0
6525.8			1.0
6526.700000000001			1.0
6527.6			1.0
6528.5			1.0
6529.4			1.0
6530.3			1.0
6531.200000000001			1.0
6532.1			1.0
6533.0			1.0
6533.9			1.0
6534.8			1.0
6535.700000000001			1.0
6536.6			1.0
6537.5			1.0
6538.4			1.0
6539.3			1.0
6540.200000000001			1.0
6541.1			1.0
6542.0			1.0
6542.9			1.0
6543.8			1.0
6544.700000000001			1.0
6545.6			1.0
6546.5			1.0
6547.4			1.0
6548.3			1.0
6549.200000000001			1.0
6550.1			1.0
6551.0			1.0
6551.9			1.0
6552.8			1.0
6553.700000000001			1.0
6554.6			1.0
6555.5			1.0
6556.4			1.0
6557.3			1.0
6558.200000000001			1.0215850875671972
6559.1			1.0170392040747327
6560.0			0.9770238513268514
6560.9			0.8956241717960818
6561.8			0.757580485936356
6562.700000000001			0.6180684474650604
6563.6			0.6431649983179185
6564.5			0.8351835531324162
6565.4			0.9835765583722859
6566.3			1.0093601072598286
6567.200000000001			1.0001431048904865
6568.1			1.0
6569.0			1.0
6569.9			1.0
6570.8			1.0
6571.700000000001			1.0
6572.6			1.0
6573.5			1.0
6574.4			1.0
6575.3			1.0
6576.200000000001			1.0
6577.1			1.0
6578.0			1.0
6578.9			1.0
6579.8			1.0
6580.700000000001			1.0
6581.6			1.0
6582.5			1.0017945896249274
6583.4			0.9889044700860672
6584.3			0.9768230868221297
6585.200000000001			0.9829932878326179
6586.1			0.981643974683859
6587.0			0.9748502736400475
6587.9			0.9823803215581198
6588.8			0.9845256112031696
6589.700000000001			0.980510622193628
6590.6			0.9720651806410017
6591.5			0.9597692501804266
6592.4			0.9406301621450744
6593.3			0.926033972863189
6594.200000000001			0.9480770476685498
6595.1			0.9889651426149075
6596.0			0.9989497311838524
6596.9			0.9910355717522437
6597.8			0.9824980457137517
6598.700000000001			0.979505093336868
6599.6			0.9886867940197123
6600.5			1.0015095568000147
6601.4			1.0001686989227345
6602.3			0.995005357060002
6603.200000000001			0.9959637422778214
6604.1			1.0006259522884438
6605.0			1.0
6605.9			1.0
6606.8			1.0
6607.700000000001			1.0
6608.6			1.0
6609.5			1.0
6610.4			1.0
6611.3			1.0
6612.200000000001			1.0
6613.1			1.0
6614.0			1.0
6614.9			1.0
6615.8			1.0
6616.700000000001			1.0
6617.6			1.0
6618.5			1.0
6619.4			1.0
6620.3			1.0
6621.200000000001			1.0
6622.1			1.0
6623.0			1.0
6623.9			1.0
6624.8			1.0
6625.700000000001			1.0
6626.6			1.0
6627.5			1.0
6628.4			1.0
6629.3			1.0
6630.200000000001			1.0
6631.1			1.0
6632.0			1.0
6632.9			1.0
6633.8			1.0
6634.700000000001			1.0
6635.6			1.0
6636.5			1.0
6637.4			1.0
6638.3			1.0
6639.200000000001			1.0
6640.1			1.0
6641.0			1.0
6641.9			1.0
6642.8			1.0
6643.700000000001			1.0
6644.6			1.0
6645.5			1.0
6646.4			1.0
6647.3			1.0
6648.200000000001			1.0
6649.1			1.0
6650.0			1.0
6650.9			1.0
6651.8			1.0
6652.700000000001			1.0
6653.6			1.0
6654.5			1.0
6655.4			1.0
6656.3			1.0
6657.200000000001			1.0
6658.1			1.0
6659.0			1.0
6659.9			1.0
6660.8			1.0
6661.700000000001			1.0
6662.6			1.0
6663.5			1.0
6664.4			1.0
6665.3			1.0
6666.200000000001			1.0
6667.1			1.0
6668.0			1.0
6668.9			1.0
6669.8			1.0
6670.700000000001			1.0
6671.6			1.0
6672.5			1.0
6673.4			1.0
6674.3			1.0
6675.200000000001			1.0
6676.1			1.0
6677.0			1.0
6677.9			1.0
6678.8			1.0
6679.700000000001			1.0
6680.6			1.0
6681.5			1.0
6682.4			1.0
6683.3			1.0
6684.200000000001			1.0
6685.1			1.0
6686.0			1.0
6686.9			1.0
6687.8			1.0
6688.700000000001			1.0
6689.6			1.0
6690.5			1.0
6691.4			1.0
6692.3			1.0
6693.200000000001			1.0
6694.1			1.0
6695.0			1.0
6695.9			1.0
6696.8			1.0
6697.700000000001			1.0
6698.6			1.0
6699.5			1.0
6700.4			1.0
6701.3			1.0
6702.200000000001			1.0
6703.1			1.0
6704.0			1.0
6704.9			1.0
6705.8			1.0
6706.700000000001			1.0
6707.6			1.0
6708.5			1.0
6709.4			1.0
6710.3			1.0
6711.200000000001			1.0
6712.1			0.9984387285979188
6713.0			0.9916240944968083
6713.9			0.9667572474678188
6714.8			0.9529234854843489
6715.700000000001			0.9632282922987907
6716.6			0.9598910883711522
6717.5			0.9291384043569253
6718.4			0.9134647620218452
6719.3			0.9396556129512639
6720.200000000001			0.9697032766417573
6721.1			0.9694043387902821
6722.0			0.9565998277747549
6722.9			0.9636237244259577
6723.8			0.9853482200982594
6724.700000000001			0.999354170046157
6725.6			1.0
6726.5			1.0
6727.4			1.0
6728.3			1.0
6729.200000000001			1.0
6730.1			1.0
6731.0			1.0
6731.9			1.0
6732.8			1.0
6733.700000000001			1.0
6734.6			1.0
6735.5			1.0
6736.4			1.0
6737.3			1.0
6738.200000000001			1.0
6739.1			1.0
6740.0			1.0
6740.9			1.0
6741.8			1.0
6742.700000000001			1.0
6743.6			1.0
6744.5			1.0
6745.4			1.0
6746.3			1.0
6747.200000000001			1.0
6748.1			1.0
6749.0			1.0
6749.9			1.0
6750.8			1.0
6751.700000000001			1.0
6752.6			1.0
6753.5			1.0
6754.4			1.0
6755.3			1.0
6756.200000000001			1.0
6757.1			1.0
6758.0			1.0
6758.9			1.0
6759.8			1.0
6760.700000000001			1.0
6761.6			1.0
6762.5			1.0
6763.4			1.0
6764.3			1.0
6765.200000000001			1.0
6766.1			1.0
6767.0			1.0
6767.9			1.0
6768.8			1.0
6769.700000000001			1.0
6770.6			1.0
6771.5			1.0
6772.4			1.0
6773.3			1.0
6774.200000000001			1.0
6775.1			1.0
6776.0			1.0
6776.9			1.0
6777.8			1.0
6778.700000000001			1.0
6779.6			1.0
6780.5			1.0
6781.4			1.0
6782.3			1.0
6783.200000000001			1.0
6784.1			1.0
6785.0			1.0
6785.9			1.0
6786.8			1.0
6787.700000000001			1.0
6788.6			1.0
6789.5			1.0
6790.4			1.0
6791.3			1.0
6792.200000000001			1.0
6793.1			1.0
6794.0			1.0
6794.9			1.0
6795.8			1.0
6796.700000000001			1.0
6797.6			1.0
6798.5			1.0
6799.4			1.0
6800.3			1.0
6801.200000000001			1.0
6802.1			1.0
6803.0			1.0
6803.9			1.0
6804.8			1.0
6805.700000000001			1.0
6806.6			1.0
6807.5			1.0
6808.4			1.0
6809.3			1.0
6810.200000000001			1.0
6811.1			1.0
6812.0			1.0
6812.9			1.0
6813.8			1.0
6814.700000000001			1.0
6815.6			1.0
6816.5			1.0
6817.4			1.0
6818.3			1.0
6819.200000000001			1.0
6820.1			1.0
6821.0			1.0
6821.9			1.0
6822.8			1.0
6823.700000000001			1.0
6824.6			1.0
6825.5			1.0
6826.4			1.0
6827.3			1.0
6828.200000000001			1.0
6829.1			1.0
6830.0			1.0
6830.9			1.0
6831.8			1.0
6832.700000000001			1.0082320273216139
6833.6			0.9988164013834173
6834.5			0.9984379165961701
6835.4			1.021225263974504
6836.3			1.0271141436455529
6837.200000000001			1.0028047053927716
6838.1			0.973525125030606
6839.0			0.964698250665417
6839.9			0.9642244621869719
6840.8			0.9401249235639769
6841.700000000001			0.9314677098535131
6842.6			0.9515377543456428
6843.5			0.970340663025501
6844.4			0.9650399817243767
6845.3			0.9506111338709459
6846.200000000001			0.9657873746943533
6847.1			0.9965893568333617
6848.0			0.998033122314156
6848.9			0.9733092550274505
6849.8			0.9835342939633096
6850.700000000001			1.0000138620604693
6851.6			1.0
6852.5			1.0
6853.4			1.0
6854.3			1.0
6855.200000000001			1.0
6856.1			1.0
6857.0			0.9916927587453351
6857.9			0.9955144971083415
6858.8			1.0048764561412848
6859.700000000001			1.0303819543679016
6860.6			1.0531389987906803
6861.5			1.024606800269882
6862.4			0.9774695207227297
6863.3			0.9818769593421778
6864.200000000001			0.9986435582193586
6865.1			1.0
6866.0			1.0
6866.9			1.0
6867.8			1.0
6868.700000000001			1.0
6869.6			1.0
6870.5			1.0
6871.4			1.0
6872.3			1.0
6873.200000000001			1.0
6874.1			1.0
6875.0			1.0
6875.9			1.0
6876.8			1.0
6877.700000000001			1.0
6878.6			1.0
6879.5			1.0
6880.4			1.0
6881.3			1.0
6882.200000000001			1.0
6883.1			1.0
6884.0			1.0
6884.9			1.0
6885.8			1.0
6886.700000000001			1.0
6887.6			1.0
6888.5			1.0
6889.4			1.0
6890.3			1.0
6891.200000000001			1.0
6892.1			1.0
6893.0			1.0
6893.9			1.0143997827209734
6894.8			1.013975440774669
6895.700000000001			1.0127145169140588
6896.6			1.0278564506965244
6897.5			1.04272418831052
6898.4			1.019813814631469
6899.3			1.014223882844499
6900.200000000001			1.0401973306899706
6901.1			1.0475602805985411
6902.0			1.0240669885981597
6902.9			1.005995282722197
6903.8			1.0034463442926576
6904.700000000001			1.0140811958305842
6905.6			1.0031701890055262
6906.5			0.9796730471514861
6907.4			0.9997965433872361
6908.3			1.0440688671199125
6909.200000000001			1.0654270943170352
6910.1			1.0370424169459933
6911.0			1.0069792683330927
6911.9			1.0108471507254415
6912.8			1.0182725220730449
6913.700000000001			1.0163979586608678
6914.6			0.9843386207958275
6915.5			0.946104282977216
6916.4			0.9465950230058224
6917.3			0.959666104250194
6918.200000000001			0.9875914695114525
6919.1			1.0075434771357246
6920.0			0.9884019887905297
6920.9			0.9959470926531251
6921.8			1.155398716562327
6922.700000000001			1.3219872548803215
6923.6			1.1944221303956823
6924.5			1.018443184149449
6925.4			0.9807619189304138
6926.3			0.986946896434154
6927.200000000001			1.00538656545103
6928.1			1.0302892772789363
6929.0			1.0312177202811654
6929.9			1.0077760128386075
6930.8			0.9951999454545765
6931.700000000001			1.0056436771688753
6932.6			1.0297342231234632
6933.5			1.0395175090113227
6934.4			1.031131923675095
6935.3			1.0304140794841374
6936.200000000001			1.0194186902465998
6937.1			0.9980714294701437
6938.0			0.9764630714486288
6938.9			0.9685352066366663
6939.8			0.9748712667793183
6940.700000000001			0.9806930167686737
6941.6			0.9906212006225624
6942.5			0.9953105090537236
6943.4			0.9758852269991445
6944.3			0.9556792677190067
6945.200000000001			0.9502155338159791
6946.1			0.9560960342799567
6947.0			0.9695486874058518
6947.9			0.9830633849275967
6948.8			0.9922507728136123
6949.700000000001			0.9995027132550163
6950.6			1.005654202265455
6951.5			1.00002054271993
6952.4			1.0
6953.3			1.0
6954.200000000001			1.0
6955.1			1.0
6956.0			1.0
6956.9			1.0
6957.8			1.0
6958.700000000001			1.0
6959.6			1.0
6960.5			1.0
6961.4			1.0
6962.3			1.0
6963.200000000001			1.0
6964.1			1.0
6965.0			1.0
6965.9			1.0
6966.8			1.0
6967.700000000001			1.0
6968.6			1.0
6969.5			1.0
6970.4			1.0
6971.3			1.0
6972.200000000001			1.0
6973.1			1.0
6974.0			1.0
6974.9			1.0
6975.8			1.0
6976.700000000001			1.0
6977.6			1.0
6978.5			1.0
6979.4			1.0
6980.3			1.0
6981.200000000001			1.0
6982.1			1.0
6983.0			1.0
6983.9			1.0
6984.8			1.0
6985.700000000001			1.0
6986.6			1.0
6987.5			1.0
6988.4			1.0
6989.3			1.0
6990.200000000001			1.0
6991.1			1.0
6992.0			1.0
6992.9			1.0
6993.8			1.0
6994.700000000001			1.0
6995.6			1.0
6996.5			1.0
6997.4			1.0
6998.3			1.0
6999.200000000001			1.0
7000.1			1.0
7001.0			1.0
7001.9			1.0
7002.8			1.0
7003.700000000001			1.0
7004.6			1.0
7005.5			1.0
7006.4			1.0
7007.3			1.0
7008.200000000001			1.0
7009.1			1.0
7010.0			1.0
7010.9			1.0
7011.8			1.0
7012.700000000001			1.0
7013.6			1.0
7014.5			1.0
7015.4			1.0
7016.3			1.0
7017.200000000001			1.0
7018.1			1.0
7019.0			1.0
7019.9			1.0
7020.8			1.0
7021.700000000001			1.0
7022.6			1.0
7023.5			1.0
7024.4			1.0
7025.3			1.0
7026.200000000001			1.0
7027.1			1.0
7028.0			1.0
7028.9			1.0
7029.8			1.0
7030.700000000001			1.0
7031.6			1.0
7032.5			1.0
7033.4			1.0
7034.3			1.0
7035.200000000001			1.0
7036.1			1.0
7037.0			1.0
7037.9			1.0
7038.8			1.0
7039.700000000001			1.0
7040.6			1.0
7041.5			1.0
7042.4			1.0
7043.3			1.0
7044.200000000001			1.0
7045.1			1.0
7046.0			1.0
7046.9			1.0
7047.8			1.0
7048.700000000001			1.0
7049.6			1.0
7050.5			1.0
7051.4			1.0
7052.3			1.0
7053.200000000001			1.0
7054.1			1.0
7055.0			1.0
7055.9			1.0
7056.8			1.0
7057.700000000001			1.0
7058.6			1.0
7059.5			1.0
7060.4			1.0
7061.3			1.0
7062.200000000001			1.0
7063.1			1.0
7064.0			1.0
7064.9			1.0
7065.8			1.0
7066.700000000001			1.0
7067.6			1.0
7068.5			1.0
7069.4			1.0
7070.3			1.0
7071.200000000001			1.0
7072.1			1.0
7073.0			1.0
7073.9			1.0
7074.8			1.0
7075.700000000001			1.0
7076.6			1.0
7077.5			1.0
7078.4			1.0
7079.3			1.0
7080.200000000001			1.0
7081.1			1.0
7082.0			1.0
7082.9			1.0
7083.8			1.0
7084.700000000001			1.0
7085.6			1.0
7086.5			1.0
7087.4			1.0
7088.3			1.0
7089.200000000001			1.0
7090.1			1.0
7091.0			1.0
7091.9			1.0
7092.8			1.0
7093.700000000001			1.0
7094.6			1.0
7095.5			1.0
7096.4			1.0
7097.3			1.0
7098.200000000001			1.0
7099.1			1.0
7100.0			1.0
7100.9			1.0
7101.8			1.0
7102.700000000001			1.0
7103.6			1.0
7104.5			1.0
7105.4			1.0
7106.3			1.0
7107.200000000001			1.0
7108.1			1.0
7109.0			1.0
7109.9			1.0
7110.8			1.0
7111.700000000001			1.0
7112.6			1.0
7113.5			1.0
7114.4			1.0
7115.3			1.0
7116.200000000001			1.0
7117.1			1.0
7118.0			1.0
7118.9			1.0
7119.8			1.0
7120.700000000001			1.0
7121.6			1.0
7122.5			1.0
7123.4			1.0
7124.3			1.0
7125.200000000001			1.0
7126.1			1.0
7127.0			1.0
7127.9			1.0
7128.8			1.0
7129.700000000001			1.0
7130.6			1.0
7131.5			1.0
7132.4			1.0
7133.3			1.0
7134.200000000001			1.0
7135.1			1.0
7136.0			1.0
7136.9			1.0
7137.8			1.0
7138.700000000001			1.0
7139.6			1.0
7140.5			1.0
7141.4			1.0
7142.3			1.0
7143.200000000001			1.0
7144.1			1.0
7145.0			1.0
7145.9			1.0
7146.8			1.0
7147.700000000001			1.0
7148.6			1.0
7149.5			1.0
7150.4			1.0
7151.3			1.0
7152.200000000001			1.0
7153.1			1.0
7154.0			1.0
7154.9			1.0
7155.8			1.0
7156.700000000001			1.0
7157.6			1.0
7158.5			1.0
7159.4			1.0
7160.3			1.0
7161.200000000001			1.0
7162.1			1.0
7163.0			1.0
7163.9			1.0
7164.8			1.0
7165.700000000001			1.0
7166.6			1.0
7167.5			1.0
7168.4			1.0
7169.3			1.0
7170.200000000001			1.0
7171.1			1.0
7172.0			1.0
7172.9			1.0
7173.8			1.0
7174.700000000001			1.0
7175.6			1.0
7176.5			1.0
7177.4			1.0
7178.3			1.0
7179.200000000001			1.0
7180.1			1.0
7181.0			1.0
7181.9			1.0
7182.8			1.0
7183.700000000001			1.0
7184.6			1.0
7185.5			1.0
7186.4			1.0
7187.3			1.0
7188.200000000001			1.0
7189.1			1.0
7190.0			1.0
7190.9			1.0
7191.8			1.0
7192.700000000001			1.0
7193.6			1.0
7194.5			1.0
7195.4			1.0
7196.3			1.0
7197.200000000001			1.0
7198.1			1.0
7199.0			1.0
7199.9			1.0
7200.8			1.0
7201.700000000001			1.0
7202.6			1.0
7203.5			1.0
7204.4			1.0
7205.3			1.0
7206.200000000001			1.0
7207.1			1.0
7208.0			1.0
7208.9			1.0
7209.8			1.0
7210.700000000001			1.0
7211.6			1.0
7212.5			1.0
7213.4			1.0
7214.3			1.0
7215.200000000001			1.0
7216.1			1.0
7217.0			1.0
7217.9			1.0
7218.8			1.0
7219.700000000001			1.0
7220.6			1.0
7221.5			1.0
7222.4			1.0
7223.3			1.0
7224.200000000001			1.0
7225.1			1.0
7226.0			1.0
7226.9			1.0
7227.8			1.0
7228.700000000001			1.0
7229.6			1.0
7230.5			1.0
7231.4			1.0
7232.3			1.0
7233.200000000001			1.0
7234.1			1.0
7235.0			1.0
7235.9			1.0
7236.8			1.0
7237.700000000001			1.0
7238.6			1.0
7239.5			1.0
7240.4			1.0
7241.3			1.0
7242.200000000001			1.0
7243.1			1.0
7244.0			1.0
7244.9			1.0
7245.8			1.0
7246.700000000001			1.0
7247.6			1.0
7248.5			1.0
7249.4			1.0
7250.3			1.0
7251.200000000001			1.0
7252.1			1.0
7253.0			1.0
7253.9			1.0
7254.8			1.0
7255.700000000001			1.0
7256.6			1.0
7257.5			1.0
7258.4			1.0
7259.3			1.0
7260.200000000001			1.0
7261.1			1.0
7262.0			1.0
7262.9			1.0
7263.8			1.0
7264.700000000001			1.0
7265.6			1.0
7266.5			1.0
7267.4			1.0
7268.3			1.0
7269.200000000001			1.0
7270.1			1.0
7271.0			1.0
7271.9			1.0
7272.8			1.0
7273.700000000001			1.0
7274.6			1.0
7275.5			1.0
7276.4			1.0
7277.3			1.0
7278.200000000001			1.0
7279.1			1.0
7280.0			1.0
7280.9			1.0
7281.8			1.0
7282.700000000001			1.0
7283.6			1.0
7284.5			1.0
7285.4			1.0
7286.3			1.0
7287.200000000001			1.0
7288.1			1.0
7289.0			1.0
7289.9			1.0
7290.8			1.0
7291.700000000001			1.0
7292.6			1.0
7293.5			1.0
7294.4			1.0
7295.3			1.0
7296.200000000001			1.0
7297.1			1.0
7298.0			1.0
7298.9			1.0
7299.8			1.0
7300.700000000001			1.0
7301.6			1.0
7302.5			1.0
7303.4			1.0
7304.3			1.0
7305.200000000001			1.0
7306.1			1.0
7307.0			1.0
7307.9			1.0
7308.8			1.0
7309.700000000001			1.0
7310.6			1.0
7311.5			1.0
7312.4			1.0
7313.3			1.0
7314.200000000001			1.0
7315.1			1.0
7316.0			1.0
7316.9			1.0
7317.8			1.0
7318.700000000001			1.0
7319.6			1.0
7320.5			1.0
7321.4			1.0
7322.3			1.0
7323.200000000001			1.0
7324.1			1.0
7325.0			1.0
7325.9			1.0
7326.8			1.0
7327.700000000001			1.0
7328.6			1.0
7329.5			1.0
7330.4			1.0
7331.3			1.0
7332.200000000001			1.0
7333.1			1.0
7334.0			1.0
7334.9			1.0
7335.8			1.0
7336.700000000001			1.0
7337.6			1.0
7338.5			1.0
7339.4			1.0
7340.3			1.0
7341.200000000001			1.0
7342.1			1.0
7343.0			1.0
7343.9			1.0
7344.8			1.0
7345.700000000001			1.0
7346.6			1.0
7347.5			1.0
7348.4			1.0
7349.3			1.0
7350.200000000001			1.0
7351.1			1.0
7352.0			1.0
7352.9			1.0
7353.8			1.0
7354.700000000001			1.0
7355.6			1.0
7356.5			1.0
7357.4			1.0
7358.3			1.0
7359.200000000001			1.0
7360.1			1.0
7361.0			1.0
7361.9			1.0
7362.8			1.0
7363.700000000001			1.0
7364.6			1.0
7365.5			1.0
7366.4			1.0
7367.3			1.0
7368.200000000001			1.0
7369.1			1.0
7370.0			1.0
7370.9			1.0
7371.8			1.0
7372.700000000001			1.0
7373.6			1.0
7374.5			1.0
7375.4			1.0
7376.3			1.0
7377.200000000001			1.0
7378.1			1.0
7379.0			1.0
7379.9			1.0
7380.8			1.0
7381.700000000001			1.0
7382.6			1.0
7383.5			1.0
7384.4			1.0
7385.3			1.0
7386.200000000001			1.0
7387.1			1.0
7388.0			1.0
7388.9			1.0
7389.8			1.0
7390.700000000001			1.0
7391.6			1.0
7392.5			1.0
7393.4			1.0
7394.3			1.0
7395.200000000001			1.0
7396.1			1.0
7397.0			1.0
7397.9			1.0
7398.8			1.0
7399.700000000001			1.0
7400.6			1.0
7401.5			1.0
7402.4			1.0
7403.3			1.0
7404.200000000001			1.0
7405.1			1.0
7406.0			1.0
7406.9			1.0
7407.8			1.0
7408.700000000001			1.0
7409.6			1.0
7410.5			1.0
7411.4			1.0
7412.3			1.0
7413.200000000001			1.0
7414.1			1.0
7415.0			1.0
7415.9			1.0
7416.8			1.0
7417.700000000001			1.0
7418.6			1.0
7419.5			1.0
7420.4			1.0
7421.3			1.0
7422.200000000001			1.0
7423.1			1.0
7424.0			1.0
7424.9			1.0
7425.8			1.0
7426.700000000001			1.0
7427.6			1.0
7428.5			1.0
7429.4			1.0
