3500.0			1.0
3500.9			1.0
3501.8			1.0
3502.7			1.0
3503.6			1.0
3504.5			1.0
3505.4			1.0
3506.3			1.0
3507.2			1.0
3508.1			1.0
3509.0			1.0
3509.9			1.0
3510.8			1.0
3511.7			1.0
3512.6			1.0
3513.5			1.0
3514.4			1.0
3515.3			1.0
3516.2			1.0
3517.1			1.0
3518.0			1.0
3518.9			1.0
3519.8			1.0
3520.7			1.0
3521.6			1.0
3522.5			1.0
3523.4			1.0
3524.3			1.0
3525.2			1.0
3526.1			1.0
3527.0			1.0
3527.9			1.0
3528.8			1.0
3529.7			1.0
3530.6			1.0
3531.5			1.0
3532.4			1.0
3533.3			1.0
3534.2			1.0
3535.1			1.0
3536.0			1.0
3536.9			1.0
3537.8			1.0
3538.7			1.0
3539.6			1.0
3540.5			1.0
3541.4			1.0
3542.3			1.0
3543.2			1.0
3544.1			1.0
3545.0			1.0
3545.9			1.0
3546.8			1.0
3547.7			1.0
3548.6			1.0
3549.5			1.0
3550.4			1.0
3551.3			1.0
3552.2			1.0
3553.1			1.0
3554.0			1.0
3554.9			1.0
3555.8			1.0
3556.7			1.0
3557.6			1.0
3558.5			1.0
3559.4			1.0
3560.3			1.0
3561.2			1.0
3562.1			1.0
3563.0			1.0
3563.9			1.0
3564.8			1.0
3565.7			1.0
3566.6			1.0
3567.5			1.0
3568.4			1.0
3569.3			1.0
3570.2			1.0
3571.1			1.0
3572.0			1.0
3572.9			1.0
3573.8			1.0
3574.7			1.0
3575.6			1.0
3576.5			1.0
3577.4			1.0
3578.3			1.0
3579.2			1.0
3580.1			1.0
3581.0			1.0
3581.9			1.0
3582.8			1.0
3583.7			1.0
3584.6			1.0
3585.5			1.0
3586.4			1.0
3587.3			1.0
3588.2			1.0
3589.1			1.0
3590.0			1.0
3590.9			1.0
3591.8			1.0
3592.7			1.0
3593.6			1.0
3594.5			1.0
3595.4			1.0
3596.3			1.0
3597.2			1.0
3598.1			1.0
3599.0			1.0
3599.9			1.0
3600.8			1.0
3601.7			1.0
3602.6			1.0
3603.5			1.0
3604.4			1.0
3605.3			1.0
3606.2			1.0
3607.1			1.0
3608.0			1.0
3608.9			1.0
3609.8			1.0
3610.7			1.0
3611.6			1.0
3612.5			1.0
3613.4			1.0
3614.3			1.0
3615.2			1.0
3616.1			1.0
3617.0			1.0
3617.9			1.0
3618.8			1.0
3619.7			1.0
3620.6			1.0
3621.5			1.0
3622.4			1.0
3623.3			1.0
3624.2			1.0
3625.1			1.0
3626.0			1.0
3626.9			1.0
3627.8			1.0
3628.7			1.0
3629.6			1.0
3630.5			1.0
3631.4			1.0
3632.3			1.0
3633.2			1.0
3634.1			1.0
3635.0			1.0
3635.9			1.0
3636.8			1.0
3637.7			1.0
3638.6			1.0
3639.5			1.0
3640.4			1.0
3641.3			1.0
3642.2			1.0
3643.1			1.0
3644.0			1.0
3644.9			1.0
3645.8			1.0
3646.7			1.0
3647.6			1.0
3648.5			1.0
3649.4			1.0
3650.3			1.0
3651.2			1.0
3652.1			1.0
3653.0			1.0
3653.9			1.0
3654.8			1.0
3655.7			1.0
3656.6			1.0
3657.5			1.0
3658.4			1.0
3659.3			1.0
3660.2			1.0
3661.1			1.0
3662.0			1.0
3662.9			1.0
3663.8			1.0
3664.7			1.0
3665.6			1.0
3666.5			1.0
3667.4			1.0
3668.3			1.0
3669.2			1.0
3670.1			1.0
3671.0			1.0
3671.9			1.0
3672.8			1.0
3673.7			1.0
3674.6			1.0
3675.5			1.0
3676.4			1.0
3677.3			1.0
3678.2			1.0
3679.1			1.0
3680.0			1.0
3680.9			1.0
3681.8			1.0
3682.7			1.0
3683.6			1.0
3684.5			1.0
3685.4			1.0
3686.3			1.0
3687.2			1.0
3688.1			1.0
3689.0			1.0
3689.9			1.0
3690.8			1.0
3691.7			1.0
3692.6			1.0
3693.5			1.0
3694.4			1.0
3695.3			1.0
3696.2			1.0
3697.1			1.0
3698.0			1.0
3698.9			1.0
3699.8			1.0
3700.7			1.0
3701.6			1.0
3702.5			1.0
3703.4			1.0
3704.3			1.0
3705.2			1.0
3706.1			1.0
3707.0			1.0
3707.9			1.0
3708.8			1.0
3709.7			1.0
3710.6			1.0
3711.5			1.0
3712.4			1.0
3713.3			1.0
3714.2			1.0
3715.1			1.0
3716.0			1.0
3716.9			1.0
3717.8			1.0
3718.7			1.0
3719.6			1.0
3720.5			1.0
3721.4			1.0
3722.3			1.0
3723.2			1.0
3724.1			1.0
3725.0			1.0
3725.9			1.0
3726.8			1.0
3727.7			1.0
3728.6			1.0
3729.5			1.0
3730.4			1.0
3731.3			1.0
3732.2			1.0
3733.1			1.0
3734.0			1.0
3734.9			1.0
3735.8			1.0
3736.7			1.0
3737.6			1.0
3738.5			1.0
3739.4			1.0
3740.3			1.0
3741.2			1.0
3742.1			1.0
3743.0			1.0
3743.9			1.0
3744.8			1.0
3745.7			1.0
3746.6			1.0
3747.5			1.0
3748.4			1.0
3749.3			1.0
3750.2			1.0
3751.1			1.0
3752.0			1.0
3752.9			1.0
3753.8			1.0
3754.7			1.0
3755.6			1.0
3756.5			1.0
3757.4			1.0
3758.3			1.0
3759.2			1.0
3760.1			1.0
3761.0			1.0
3761.9			1.0
3762.8			1.0
3763.7			1.0
3764.6			1.0
3765.5			1.0
3766.4			1.0
3767.3			1.0
3768.2			1.0
3769.1			1.0
3770.0			1.0
3770.9			1.0
3771.8			1.0
3772.7			1.0
3773.6			1.0
3774.5			1.0
3775.4			1.0
3776.3			1.0
3777.2			1.0
3778.1			1.0
3779.0			1.0
3779.9			1.0
3780.8			1.0
3781.7			1.0
3782.6			1.0
3783.5			1.0
3784.4			1.0
3785.3			1.0
3786.2			1.0
3787.1			1.0
3788.0			1.0
3788.9			1.0
3789.8			1.0
3790.7			1.0
3791.6			1.0
3792.5			1.0
3793.4			1.0
3794.3			1.0
3795.2			1.0
3796.1			1.0
3797.0			1.0
3797.9			1.0
3798.8			1.0
3799.7			1.0
3800.6			1.0
3801.5			1.0
3802.4			1.0
3803.3			1.0
3804.2			1.0
3805.1			1.0
3806.0			1.0
3806.9			1.0
3807.8			1.0
3808.7			1.0
3809.6			1.0
3810.5			1.0
3811.4			1.0
3812.3			1.0
3813.2			1.0
3814.1			1.0
3815.0			1.0
3815.9			1.0
3816.8			1.0
3817.7			1.0
3818.6			1.0
3819.5			1.0
3820.4			1.0
3821.3			1.0
3822.2			1.0
3823.1			1.0
3824.0			1.0
3824.9			1.0
3825.8			1.0
3826.7			1.0
3827.6			1.0
3828.5			1.0
3829.4			1.0
3830.3			1.0
3831.2			1.0
3832.1			1.0
3833.0			1.0
3833.9			1.0
3834.8			1.0
3835.7			1.0
3836.6			1.0
3837.5			1.0
3838.4			1.0
3839.3			1.0
3840.2			1.0
3841.1			1.0
3842.0			1.0
3842.9			1.0
3843.8			1.0
3844.7			1.0
3845.6			1.0
3846.5			1.0
3847.4			1.0
3848.3			1.0
3849.2			1.0
3850.1			1.0
3851.0			1.0
3851.9			1.0
3852.8			1.0
3853.7			1.0
3854.6			1.0
3855.5			1.0
3856.4			1.0
3857.3			1.0
3858.2			1.0
3859.1			1.0
3860.0			1.0
3860.9			1.0
3861.8			1.0
3862.7			1.0
3863.6			1.0
3864.5			1.0
3865.4			1.0
3866.3			1.0
3867.2			1.0
3868.1			1.0
3869.0			1.0
3869.9			1.0
3870.8			1.0
3871.7			1.0
3872.6			1.0
3873.5			1.0
3874.4			1.0
3875.3			1.0
3876.2			1.0
3877.1			1.0
3878.0			1.0
3878.9			1.0
3879.8			1.0
3880.7			1.0
3881.6			1.0
3882.5			1.0
3883.4			1.0
3884.3			1.0
3885.2			1.0
3886.1			1.0
3887.0			1.0
3887.9			1.0
3888.8			1.0
3889.7			1.0
3890.6			1.0
3891.5			1.0
3892.4			1.0
3893.3			1.0
3894.2			1.0
3895.1			1.0
3896.0			1.0
3896.9			1.0
3897.8			1.0
3898.7			1.0
3899.6			1.0
3900.5			1.0
3901.4			1.0
3902.3			1.0
3903.2			1.0
3904.1			1.0
3905.0			1.0
3905.9			1.0
3906.8			1.0
3907.7			1.0
3908.6			1.0
3909.5			1.0
3910.4			1.0
3911.3			1.0
3912.2			1.0
3913.1			1.0
3914.0			1.0
3914.9			1.0
3915.8			1.0
3916.7			1.0
3917.6			1.0
3918.5			1.0
3919.4			1.0
3920.3			1.0
3921.2			1.0
3922.1			1.0
3923.0			1.0
3923.9			1.0
3924.8			1.0
3925.7			1.0
3926.6			1.0
3927.5			1.0
3928.4			1.0
3929.3			1.0
3930.2			1.0
3931.1			1.0
3932.0			1.0
3932.9			1.0
3933.8			1.0
3934.7			1.0
3935.6			1.0
3936.5			1.0
3937.4			1.0
3938.3			1.0
3939.2			1.0
3940.1			1.0
3941.0			1.0
3941.9			1.0
3942.8			1.0
3943.7			1.0
3944.6			1.0
3945.5			1.0
3946.4			1.0
3947.3			1.0
3948.2			1.0
3949.1			1.0
3950.0			1.0
3950.9			1.0
3951.8			1.0
3952.7			1.0
3953.6			1.0
3954.5			1.0
3955.4			1.0
3956.3			1.0
3957.2			1.0
3958.1			1.0
3959.0			1.0
3959.9			1.0
3960.8			1.0
3961.7			1.0
3962.6			1.0
3963.5			1.0
3964.4			1.0
3965.3			1.0
3966.2			1.0
3967.1			1.0
3968.0			1.0
3968.9			1.0
3969.8			1.0
3970.7			1.0
3971.6			1.0
3972.5			1.0
3973.4			1.0
3974.3			1.0
3975.2			1.0
3976.1			1.0
3977.0			1.0
3977.9			1.0
3978.8			1.0
3979.7			1.0
3980.6			1.0
3981.5			1.0
3982.4			1.0
3983.3			1.0
3984.2			1.0
3985.1			1.0
3986.0			1.0
3986.9			1.0
3987.8			1.0
3988.7			1.0
3989.6			1.0
3990.5			1.0
3991.4			1.0
3992.3			1.0
3993.2			1.0
3994.1			1.0
3995.0			1.0
3995.9			1.0
3996.8			1.0
3997.7			1.0
3998.6			1.0
3999.5			1.0
4000.4			1.0
4001.3			1.0
4002.2			1.0
4003.1			1.059060224384707
4004.0			0.9425345781871185
4004.9			0.7781895059390938
4005.8			0.7485532101974299
4006.7			0.8828648287566959
4007.6			1.0001304087235858
4008.5			1.005966273775824
4009.4			1.0
4010.3			1.0
4011.2			1.0
4012.1			1.0
4013.0			1.0
4013.9			1.0
4014.8			1.0
4015.7			1.0
4016.6			1.0
4017.5			1.0
4018.4			1.0
4019.3			1.0
4020.2			1.0
4021.1			1.0
4022.0			1.0
4022.9			1.0
4023.8			1.0
4024.7			1.0
4025.6			1.0
4026.5			1.0
4027.4			1.0686720495824846
4028.3			1.12594984210489
4029.2			1.1176849530602073
4030.1			0.9822193208665011
4031.0			0.819639662267052
4031.9			0.780412922453268
4032.8			0.8350601969180718
4033.7			0.8830670638575913
4034.6			0.9239522556212335
4035.5			0.9699604995326301
4036.4			1.0003039098354054
4037.3			1.0
4038.2			1.0
4039.1			1.0
4040.0			1.0
4040.9			1.0
4041.8			1.0
4042.7			1.0172631278893947
4043.6			0.9524081442558808
4044.5			0.7915838816718207
4045.4			0.6454724985014324
4046.3			0.7167149989189961
4047.2			0.9105631699497827
4048.1			1.000444876424351
4049.0			1.0
4049.9			1.0
4050.8			1.0
4051.7			1.0
4052.6			1.0
4053.5			1.0
4054.4			1.0
4055.3			1.0
4056.2			1.0
4057.1			1.0
4058.0			1.0
4058.9			1.0
4059.8			1.0
4060.7			1.1359309136643156
4061.6			1.11431122321183
4062.5			0.9327366115813461
4063.4			0.7395774605014606
4064.3			0.7669460066862805
4065.2			0.9299839263142766
4066.1			1.002233674059575
4067.0			1.0
4067.9			1.0
4068.8			1.0
4069.7			1.0
4070.6			1.0
4071.5			1.0
4072.4			1.0
4073.3			1.0832101357015502
4074.2			1.057971782258375
4075.1			0.9334224035971889
4076.0			0.7769567940868902
4076.9			0.685384897113282
4077.8			0.7052038737275593
4078.7			0.8178389250701192
4079.6			0.9241142471558402
4080.5			0.9934851641910357
4081.4			1.0
4082.3			1.0
4083.2			1.0
4084.1			1.0
4085.0			1.0
4085.9			1.0
4086.8			1.0
4087.7			1.0
4088.6			1.0
4089.5			1.0
4090.4			1.0
4091.3			1.0
4092.2			1.0
4093.1			1.0
4094.0			1.0
4094.9			1.0
4095.8			1.0
4096.7			1.0
4097.6			1.0385391707515088
4098.5			1.0364570069402812
4099.4			0.9803115772442127
4100.3			0.8543370072433537
4101.2			0.7738881186201453
4102.1			0.8066734760397121
4103.0			0.8904158405108077
4103.9			0.9441037117033884
4104.8			1.000014567934889
4105.7			1.0
4106.6			1.0
4107.5			1.0
4108.4			1.0
4109.3			1.0
4110.2			1.0
4111.1			1.0
4112.0			1.0
4112.9			1.0
4113.8			1.0
4114.7			1.0
4115.6			1.0
4116.5			1.0
4117.4			1.0
4118.3			1.0
4119.2			1.0
4120.1			1.0
4121.0			1.0
4121.9			1.0
4122.8			1.0
4123.7			1.0
4124.6			1.0
4125.5			1.033057367712343
4126.4			1.0126035044545583
4127.3			0.9831890323464547
4128.2			0.9221643640764755
4129.1			0.8715825915632444
4130.0			0.8801227680271069
4130.9			0.8518577348368728
4131.8			0.7832805971533306
4132.7			0.8198238376371573
4133.6			0.8227805682770326
4134.5			0.8377558596781806
4135.4			0.9261647681853136
4136.3			1.0012222484657642
4137.2			0.9589503908817557
4138.1			0.9950376263008512
4139.0			1.0
4139.9			1.0041407625366392
4140.8			0.9317117866173844
4141.7			0.8165789056184743
4142.6			0.678043227489539
4143.5			0.6410092663109509
4144.4			0.7504871584406381
4145.3			0.8883731467072842
4146.2			0.9510410535377554
4147.1			0.9862753149781712
4148.0			1.0
4148.9			1.0
4149.8			1.0
4150.7			1.0
4151.6			1.0
4152.5			1.0
4153.4			1.0
4154.3			1.0
4155.2			1.0
4156.1			1.0
4157.0			1.0
4157.9			1.0
4158.8			1.0
4159.7			1.0
4160.6			1.0
4161.5			1.0
4162.4			1.0
4163.3			1.0
4164.2			1.0
4165.1			1.0
4166.0			1.0
4166.9			1.0
4167.8			1.0
4168.7			1.0
4169.6			1.0
4170.5			1.0105481784176398
4171.4			0.9312918509405216
4172.3			0.8196614166978772
4173.2			0.7943297703508768
4174.1			0.8852832224295074
4175.0			0.9860762436907303
4175.9			1.0001463341522774
4176.8			1.0
4177.7			1.0
4178.6			1.0
4179.5			1.0
4180.4			1.0
4181.3			1.0
4182.2			1.0
4183.1			1.097293038236613
4184.0			1.1592136557536168
4184.9			1.2106411211216754
4185.8			1.1637026675367828
4186.7			0.975973012156686
4187.6			0.8799168793733632
4188.5			0.9194598601765115
4189.4			0.915460086400424
4190.3			0.8943104803420363
4191.2			1.0
4192.1			1.1107947239783345
4193.0			1.2270308814191144
4193.9			1.1947661877469766
4194.8			1.0443195858161598
4195.7			0.9099651401200376
4196.6			0.8560564616015457
4197.5			0.8859234203709445
4198.4			0.9387216047267108
4199.3			0.9894904906294377
4200.2			1.0389450753465
4201.1			0.9999358601321129
4202.0			1.0
4202.9			1.0
4203.8			1.0
4204.7			1.0
4205.6			1.0
4206.5			1.0
4207.4			1.0
4208.3			1.0
4209.2			1.0
4210.1			1.0
4211.0			1.0
4211.9			1.0
4212.8			1.0
4213.7			0.9208371230024657
4214.6			0.7971047330673792
4215.5			0.7044355024982761
4216.4			0.8345030214031934
4217.3			1.0198336557588292
4218.2			1.0
4219.1			1.0
4220.0			1.0
4220.9			1.0
4221.8			1.0
4222.7			0.950742143707438
4223.6			0.8927163040199624
4224.5			0.7931891352754515
4225.4			0.6483324584468322
4226.3			0.5038156599051614
4227.2			0.5389222175966949
4228.1			0.7645033781420756
4229.0			0.9389729350770007
4229.9			1.0057582681934099
4230.8			1.0
4231.7			0.995199353663867
4232.6			0.9160868209356609
4233.5			0.910334056139862
4234.4			0.9399433044572508
4235.3			0.8933602972116049
4236.2			0.8376951655025293
4237.1			0.8502554674479837
4238.0			0.861578159406006
4238.9			0.859789599929926
4239.8			0.9091093506593021
4240.7			0.9974773724214961
4241.6			1.0
4242.5			1.0
4243.4			1.0
4244.3			1.0
4245.2			1.0
4246.1			1.0
4247.0			1.0
4247.9			1.0
4248.8			1.0
4249.7			1.0
4250.6			1.0
4251.5			1.0
4252.4			1.0
4253.3			1.0
4254.2			1.0
4255.1			1.0
4256.0			1.0
4256.9			1.0585794233506811
4257.8			1.0112336081644844
4258.7			0.9097848111183592
4259.6			0.8450079632927917
4260.5			0.7874029383946356
4261.4			0.7989323825742399
4262.3			0.9198692341134604
4263.2			0.9761149250004272
4264.1			0.9878960772534975
4265.0			1.0
4265.9			0.994997219987729
4266.8			0.943046393414031
4267.7			0.9066824582424
4268.6			0.9171008009626802
4269.5			0.8704353832406738
4270.4			0.7677718541939249
4271.3			0.6533125959109363
4272.2			0.6789560921741055
4273.1			0.7684279902082284
4274.0			0.7694405762420795
4274.9			0.7740125663959716
4275.8			0.871069327120896
4276.7			1.0005396130514883
4277.6			1.0
4278.5			1.0
4279.4			1.0
4280.3			1.0
4281.2			1.0
4282.1			1.0
4283.0			1.0
4283.9			1.0
4284.8			1.0
4285.7			1.0
4286.6			1.0
4287.5			1.0404921380419698
4288.4			0.9649566898746347
4289.3			0.7959308570538246
4290.2			0.7264406037593757
4291.1			0.781075169232208
4292.0			1.0
4292.9			1.1213773043808566
4293.8			1.1077733237898688
4294.7			1.0860546191801175
4295.6			1.0768457170925332
4296.5			1.020143853647139
4297.4			0.9615799610830067
4298.3			0.8600653094272606
4299.2			0.7273204924611614
4300.1			0.7273913437529527
4301.0			0.8033941458855303
4301.9			0.8152101576815186
4302.8			0.8128592465827342
4303.7			0.8574038620100141
4304.6			0.8932768920799913
4305.5			0.8741080375737144
4306.4			0.8590471271276208
4307.3			0.8003776638296816
4308.2			0.706774390497953
4309.1			0.698999051014459
4310.0			0.799404640300845
4310.9			0.9178870918310611
4311.8			0.9912903316471668
4312.7			1.0521185684596965
4313.6			1.0867270610643605
4314.5			1.1645307713710848
4315.4			1.4012369366220492
4316.3			1.6358592470839053
4317.2			1.705061458492161
4318.1			1.691850200994368
4319.0			1.667567740502943
4319.9			1.5971416309720794
4320.8			1.0
4321.7			0.9708807813101608
4322.6			0.8961742625620733
4323.5			0.8008119822326517
4324.4			0.6922643847298896
4325.3			0.6087841324695256
4326.2			0.6665869230478983
4327.1			0.8325175332219603
4328.0			0.979916725131805
4328.9			1.002936795623364
4329.8			1.0
4330.7			1.0
4331.6			1.0
4332.5			1.0
4333.4			1.0
4334.3			1.0
4335.2			1.0608998416029884
4336.1			1.0242005878208034
4337.0			0.8796911871370611
4337.9			0.7954126227342081
4338.8			0.7565392911046417
4339.7			0.6986620276486877
4340.6			0.7189707018810798
4341.5			0.8494367336702929
4342.4			0.9699031328653661
4343.3			0.9833374195057345
4344.2			1.0000250916407913
4345.1			1.0
4346.0			1.0
4346.9			1.0
4347.8			1.0
4348.7			1.0
4349.6			1.0
4350.5			0.9035972152657344
4351.4			0.7703114273122992
4352.3			0.7508365691403577
4353.2			0.8930687435770991
4354.1			0.9871332389695738
4355.0			1.0
4355.9			1.0
4356.8			1.0
4357.7			1.0
4358.6			1.0
4359.5			1.0
4360.4			1.0
4361.3			1.0
4362.2			1.0
4363.1			1.0
4364.0			1.0
4364.9			1.0
4365.8			1.0
4366.7			1.0
4367.6			1.0
4368.5			1.0
4369.4			1.0
4370.3			1.0
4371.2			1.0
4372.1			0.9992476355861682
4373.0			0.9165704459659757
4373.9			0.8085559624181551
4374.8			0.7582045558934584
4375.7			0.8189169159748856
4376.6			0.9353699515528385
4377.5			0.99975608653486
4378.4			1.0
4379.3			1.0
4380.2			1.0
4381.1			1.0027309159274205
4382.0			0.9112750994664279
4382.9			0.6948337263516094
4383.8			0.5816275349359328
4384.7			0.6840664584025802
4385.6			0.8732680657325194
4386.5			0.9933992762649297
4387.4			1.0
4388.3			1.0
4389.2			1.0
4390.1			1.0
4391.0			1.0
4391.9			1.0
4392.8			1.0
4393.7			1.0
4394.6			1.0
4395.5			1.0
4396.4			1.0
4397.3			1.0
4398.2			1.0
4399.1			0.9193995821728177
4400.0			0.8329952645158409
4400.9			0.8474875128923596
4401.8			0.9536588660802992
4402.7			0.9842395717887138
4403.6			0.8825610414880682
4404.5			0.7728622315839252
4405.4			0.8059595345802759
4406.3			0.8890638230264042
4407.2			0.8743199642142354
4408.1			0.8213496179581758
4409.0			0.8653561117992676
4409.9			0.9993218045893317
4410.8			1.0
4411.7			1.0198332762217412
4412.6			1.0353694847902337
4413.5			0.9721114155982812
4414.4			0.86669140976074
4415.3			0.8156295792656887
4416.2			0.8365442779712539
4417.1			0.871687149956821
4418.0			0.930774232633348
4418.9			0.9999998679174511
4419.8			1.0
4420.7			1.0
4421.6			1.0
4422.5			1.0
4423.4			1.0
4424.3			1.0
4425.2			1.0
4426.1			1.0
4427.0			1.0
4427.9			1.0
4428.8			1.0
4429.7			1.0
4430.6			1.0
4431.5			1.0
4432.4			1.0184204115334083
4433.3			0.9401445035019422
4434.2			0.8410522917820799
4435.1			0.7839552245334617
4436.0			0.8151667115848339
4436.9			0.9155853629461775
4437.8			1.0077155073326087
4438.7			1.0
4439.6			1.0
4440.5			1.0
4441.4			1.0
4442.3			1.0
4443.2			1.0
4444.1			1.0
4445.0			1.0
4445.9			1.0
4446.8			1.0
4447.7			1.0
4448.6			1.0
4449.5			1.0
4450.4			1.0
4451.3			1.0
4452.2			1.011392274948666
4453.1			0.9958628229012483
4454.0			0.9516171394513367
4454.9			0.8953042389823664
4455.8			0.8978237680492573
4456.7			0.940405780186611
4457.6			0.9447985758423398
4458.5			0.9025167852071363
4459.4			0.8803380685687099
4460.3			0.8850112226079103
4461.2			0.844903988277354
4462.1			0.857163967716869
4463.0			0.981431586755274
4463.9			1.0619292109759724
4464.8			1.0664488904861211
4465.7			1.0625383137256117
4466.6			1.0429015389285667
4467.5			1.0133474551452666
4468.4			0.9743057775262169
4469.3			0.9673117537428209
4470.2			1.0022745006365332
4471.1			1.0
4472.0			1.0
4472.9			1.0
4473.8			1.0
4474.7			1.0
4475.6			1.0
4476.5			1.0
4477.4			1.0
4478.3			1.0
4479.2			1.0
4480.1			1.0
4481.0			1.0
4481.9			1.0
4482.8			1.0
4483.7			1.0
4484.6			1.0
4485.5			1.0
4486.4			1.0274254317918425
4487.3			0.9815209540136534
4488.2			0.8856377679734738
4489.1			0.8288971170998091
4490.0			0.8596429414653796
4490.9			0.9299385131073323
4491.8			0.9953405657798394
4492.7			1.0
4493.6			1.0
4494.5			1.0
4495.4			1.0
4496.3			1.0
4497.2			1.0
4498.1			1.0
4499.0			1.0
4499.9			1.0
4500.8			1.0
4501.7			1.0
4502.6			1.0
4503.5			1.0
4504.4			1.0
4505.3			1.0
4506.2			1.0
4507.1			1.0
4508.0			1.0
4508.9			1.0
4509.8			1.0
4510.7			1.0
4511.6			1.0
4512.5			1.0
4513.4			1.0
4514.3			1.0
4515.2			1.0
4516.1			1.0
4517.0			1.0
4517.9			1.0
4518.8			1.0
4519.7			1.0
4520.6			1.0
4521.5			1.0
4522.4			1.0
4523.3			1.0
4524.2			1.0
4525.1			1.0
4526.0			1.0
4526.9			1.0
4527.8			1.0
4528.7			1.0
4529.6			1.0
4530.5			1.0
4531.4			1.0302195440266217
4532.3			1.0351478433465153
4533.2			0.9647675314442146
4534.1			0.8607938110317164
4535.0			0.793784410189189
4535.9			0.8222936397215096
4536.8			0.9499484817565292
4537.7			1.0458852384650468
4538.6			1.0153291950599863
4539.5			1.0
4540.4			1.0
4541.3			1.0
4542.2			1.0
4543.1			1.0
4544.0			1.0
4544.9			1.0
4545.8			1.0
4546.7			1.0319281759309076
4547.6			1.0209711538159723
4548.5			0.9674763660031587
4549.4			0.9104005556322889
4550.3			0.9438418915346922
4551.2			1.028627252293297
4552.1			0.9994473652249839
4553.0			1.0
4553.9			1.0
4554.8			1.0
4555.7			1.0
4556.6			1.0
4557.5			1.0
4558.4			1.0
4559.3			1.0
4560.2			1.0
4561.1			1.0
4562.0			1.0
4562.9			1.0
4563.8			1.0
4564.7			1.0
4565.6			1.0
4566.5			1.0
4567.4			1.0
4568.3			1.0
4569.2			1.0
4570.1			0.9781557932175782
4571.0			0.9015251456359535
4571.9			1.0
4572.8			1.0628075958319207
4573.7			1.1388734804248763
4574.6			1.1323363009415253
4575.5			1.1132798268811566
4576.4			1.1032184818312938
4577.3			1.0620508802038744
4578.2			1.0130066888743934
4579.1			0.9821036769442965
4580.0			0.9354970219100734
4580.9			0.9092324428652888
4581.8			0.940085317961779
4582.7			0.9670222616472153
4583.6			0.9532295837290684
4584.5			0.9424363684519267
4585.4			0.9207359605689812
4586.3			0.9182657782131097
4587.2			0.9704791637112082
4588.1			1.0
4589.0			1.0148301980775105
4589.9			1.0469989645489797
4590.8			1.0283122299010619
4591.7			0.9751136676420905
4592.6			0.9497652538413067
4593.5			0.9579425275102672
4594.4			0.9493390495139044
4595.3			0.944120009374923
4596.2			0.9600769505586402
4597.1			0.9836526780115765
4598.0			1.005728847490474
4598.9			1.0339324038858746
4599.8			0.9941174634207002
4600.7			0.965893897079915
4601.6			0.997382664335778
4602.5			1.0
4603.4			1.0
4604.3			1.0
4605.2			1.0
4606.1			1.0
4607.0			1.0
4607.9			1.0
4608.8			1.0
4609.7			1.0
4610.6			1.0
4611.5			1.0
4612.4			1.0
4613.3			1.0
4614.2			1.0
4615.1			1.0
4616.0			1.0
4616.9			1.0
4617.8			1.0
4618.7			1.0
4619.6			1.0
4620.5			1.0
4621.4			1.0
4622.3			1.0
4623.2			1.0
4624.1			1.0
4625.0			1.0
4625.9			1.0
4626.8			1.0
4627.7			1.0
4628.6			1.0
4629.5			1.0
4630.4			1.0
4631.3			1.0
4632.2			1.0
4633.1			1.0
4634.0			1.0
4634.9			1.0
4635.8			1.0
4636.7			1.0
4637.6			1.0
4638.5			1.0
4639.4			1.0
4640.3			1.0
4641.2			1.0
4642.1			1.0
4643.0			0.9848588570138076
4643.9			0.9798223654353554
4644.8			0.9745819100739399
4645.7			0.9241512623918429
4646.6			0.8705539093520863
4647.5			0.8733568173508999
4648.4			0.9047146900399742
4649.3			0.9605871689409506
4650.2			0.9980079044562564
4651.1			0.994851834869137
4652.0			1.0029714621727417
4652.9			1.0
4653.8			1.0
4654.7			1.0
4655.6			1.0
4656.5			1.0
4657.4			1.0
4658.3			1.0
4659.2			1.0
4660.1			1.0
4661.0			1.0
4661.9			1.0
4662.8			0.9781822458577905
4663.7			0.9742667775903345
4664.6			0.9839231025246905
4665.5			0.97200587440851
4666.4			0.888980274078053
4667.3			0.8006417312139654
4668.2			0.8022500676949695
4669.1			0.8572178394044426
4670.0			0.9155025347293495
4670.9			0.9806107805452662
4671.8			0.9997068062661567
4672.7			1.0
4673.6			1.0
4674.5			1.0
4675.4			1.0
4676.3			1.0
4677.2			1.0157403355881747
4678.1			0.9871880792940645
4679.0			0.9524261357544682
4679.9			0.9031315552953877
4680.8			0.8804679179210652
4681.7			0.8894420289110965
4682.6			0.9240952452070021
4683.5			0.9758123317920981
4684.4			0.9999818618306573
4685.3			1.0
4686.2			1.0
4687.1			1.0
4688.0			1.0
4688.9			1.0
4689.8			1.0
4690.7			1.0
4691.6			1.0
4692.5			1.0
4693.4			1.0
4694.3			1.0
4695.2			1.0
4696.1			1.0192391743088396
4697.0			0.987364904028817
4697.9			0.9167108228387956
4698.8			0.8830027706435561
4699.7			0.9072431147859029
4700.6			0.9289373753659884
4701.5			0.9334523509106378
4702.4			0.9116405938710077
4703.3			0.9003724802585936
4704.2			0.9469853285481946
4705.1			1.0096148222015742
4706.0			1.008833810405549
4706.9			0.9646161320463775
4707.8			0.9598308641574408
4708.7			0.9654388506202847
4709.6			0.9703913514994383
4710.5			1.0072442424425276
4711.4			1.0
4712.3			1.0
4713.2			1.0
4714.1			1.0
4715.0			1.0
4715.9			1.0
4716.8			1.0
4717.7			1.0
4718.6			1.0
4719.5			1.0
4720.4			1.0
4721.3			1.0
4722.2			0.9891963790313083
4723.1			1.0046248666168942
4724.0			1.0470636928553276
4724.9			1.062769161222326
4725.8			1.0479063289329276
4726.7			0.9717141870750862
4727.6			0.8945074012954933
4728.5			0.8963319265669885
4729.4			0.9416355510594698
4730.3			0.9630216882063108
4731.2			0.9633767465561627
4732.1			0.9730225046805716
4733.0			0.9991383635028082
4733.9			1.0
4734.8			1.0
4735.7			1.0
4736.6			1.0
4737.5			1.0
4738.4			1.0
4739.3			1.0
4740.2			1.0
4741.1			1.0
4742.0			1.0
4742.9			1.0
4743.8			1.0
4744.7			1.0
4745.6			1.0
4746.5			1.0
4747.4			1.0
4748.3			1.0
4749.2			1.0
4750.1			1.0
4751.0			1.0
4751.9			1.0
4752.8			1.0
4753.7			1.0
4754.6			1.0
4755.5			1.0
4756.4			1.0
4757.3			1.0002505406429032
4758.2			0.9866425910387463
4759.1			1.0004081055447716
4760.0			1.0348047653128818
4760.9			1.0312866552878674
4761.8			0.9496624016318416
4762.7			0.8990323503119456
4763.6			0.8891818782944386
4764.5			0.8895335954695752
4765.4			0.8850653002997537
4766.3			0.9072244141325791
4767.2			0.9516551606461677
4768.1			0.9648816913131353
4769.0			0.9911853022587022
4769.9			1.0010479964952672
4770.8			1.0
4771.7			1.0
4772.6			1.0
4773.5			1.0
4774.4			1.0
4775.3			1.0
4776.2			1.0
4777.1			1.0
4778.0			1.0
4778.9			1.0
4779.8			0.9722495717265015
4780.7			0.966083935765289
4781.6			0.9644966563538664
4782.5			0.9704702489501802
4783.4			0.9579154467441849
4784.3			0.9718518019386543
4785.2			0.9643799167478473
4786.1			0.9201321148592476
4787.0			0.9373061774634209
4787.9			0.9428979940937521
4788.8			0.9249066455334823
4789.7			0.9493062104135295
4790.6			0.9903541781826928
4791.5			0.9910562309582283
4792.4			1.0001741272915379
4793.3			1.0555741651523411
4794.2			1.0
4795.1			1.017508772954081
4796.0			0.9958270652814056
4796.9			0.9540427641028726
4797.8			0.9046561096659163
4798.7			0.8779690023941029
4799.6			0.8909277778240231
4800.5			0.9272608582985413
4801.4			0.9822246094241269
4802.3			1.0021891162605419
4803.2			1.0
4804.1			1.0
4805.0			1.0
4805.9			1.0
4806.8			1.0
4807.7			1.0
4808.6			1.0
4809.5			1.0
4810.4			1.0
4811.3			1.0
4812.2			1.0
4813.1			1.0
4814.0			1.0
4814.9			1.0
4815.8			1.0
4816.7			1.0
4817.6			1.0
4818.5			1.0
4819.4			1.0
4820.3			1.0
4821.2			1.0
4822.1			1.0
4823.0			1.0
4823.9			1.0
4824.8			1.0
4825.7			1.0
4826.6			1.0
4827.5			1.0
4828.4			1.0
4829.3			0.9986767469008423
4830.2			0.983263365467938
4831.1			0.9284682128537786
4832.0			0.892678756963903
4832.9			0.9270040384039643
4833.8			0.9763549449078878
4834.7			1.0010236425877403
4835.6			1.0
4836.5			1.0
4837.4			1.0
4838.3			1.0
4839.2			1.0
4840.1			1.0
4841.0			1.0
4841.9			1.0
4842.8			1.0
4843.7			1.0
4844.6			1.0
4845.5			1.0
4846.4			1.0
4847.3			1.0
4848.2			1.0
4849.1			1.0
4850.0			1.0
4850.9			1.0
4851.8			1.0
4852.7			1.0
4853.6			1.0
4854.5			1.0
4855.4			1.0
4856.3			1.0
4857.2			1.0835166591046603
4858.1			1.072491634433065
4859.0			0.9894830396660713
4859.9			0.8559186861477448
4860.8			0.731341427086895
4861.7			0.7506476020186736
4862.6			0.9209580360760512
4863.5			1.0022978842602472
4864.4			1.0006687682623794
4865.3			1.0
4866.2			1.0
4867.1			1.0
4868.0			1.0
4868.9			1.0
4869.8			0.9744116041134543
4870.7			0.9149842592847088
4871.6			0.8624983852381265
4872.5			0.9106358793058131
4873.4			0.9930293320193104
4874.3			1.0
4875.2			1.0
4876.1			1.0
4877.0			1.0
4877.9			1.0
4878.8			1.0
4879.7			1.0
4880.6			1.0
4881.5			1.0
4882.4			1.0
4883.3			1.0
4884.2			1.0
4885.1			1.0
4886.0			1.0
4886.9			1.0274486298574694
4887.8			1.0343958667977666
4888.7			0.9836523278959726
4889.6			0.9192606406645514
4890.5			0.8768063901271437
4891.4			0.8753002390388775
4892.3			0.931264770766443
4893.2			0.9770737913913488
4894.1			0.9972498601191704
4895.0			1.0
4895.9			1.0
4896.8			1.0
4897.7			1.0
4898.6			1.0
4899.5			1.0
4900.4			1.0
4901.3			1.0
4902.2			1.0
4903.1			1.0
4904.0			0.9877085671275666
4904.9			1.0511141281416625
4905.8			1.0945930009623168
4906.7			1.0663998353042545
4907.6			1.0113267182284589
4908.5			0.9631218853077981
4909.4			0.92258353366416
4910.3			0.8960940354197033
4911.2			0.9080532126118623
4912.1			0.933793889253608
4913.0			0.9313128076393486
4913.9			0.9272837428644819
4914.8			0.9657685682477972
4915.7			1.0
4916.6			1.0055338365408109
4917.5			0.9439509620425665
4918.4			0.8551211990807571
4919.3			0.8057437837107514
4920.2			0.7979721536721263
4921.1			0.8555892880579536
4922.0			0.9486235950262959
4922.9			0.9943161844520398
4923.8			0.9864076322641592
4924.7			1.0
4925.6			1.0
4926.5			1.0
4927.4			1.0
4928.3			1.0
4929.2			1.0
4930.1			1.0
4931.0			1.0
4931.9			1.0
4932.8			1.0
4933.7			1.0
4934.6			1.0
4935.5			1.0
4936.4			0.9945455452532742
4937.3			0.9288354068756552
4938.2			0.8566396361931292
4939.1			0.8444525495716104
4940.0			0.9015207922198127
4940.9			0.9732452551766418
4941.8			1.00144231038408
4942.7			1.0
4943.6			1.0
4944.5			1.0
4945.4			1.0
4946.3			1.0
4947.2			1.0
4948.1			1.0
4949.0			1.0
4949.9			1.0
4950.8			1.0
4951.7			1.0
4952.6			1.0
4953.5			1.0
4954.4			1.0
4955.3			1.0
4956.2			0.9329064460121684
4957.1			0.8359350062296387
4958.0			0.8279883367314941
4958.9			0.9224164838141924
4959.8			1.0021109611396393
4960.7			1.0
4961.6			1.0
4962.5			1.0
4963.4			1.0
4964.3			1.0
4965.2			1.0
4966.1			1.0
4967.0			1.0
4967.9			1.0
4968.8			1.0
4969.7			1.0
4970.6			1.0
4971.5			1.0
4972.4			1.0
4973.3			1.0
4974.2			1.0
4975.1			1.0
4976.0			1.0
4976.9			1.0
4977.8			1.0
4978.7			1.0
4979.6			1.003422398508529
4980.5			1.0033299246196
4981.4			0.9450074233144927
4982.3			0.877946994032356
4983.2			0.8663276676669242
4984.1			0.9239089624472531
4985.0			0.9698591256290299
4985.9			0.9821522545108708
4986.8			0.9963298545872309
4987.7			1.0
4988.6			1.0
4989.5			1.0
4990.4			1.0
4991.3			1.0
4992.2			1.0
4993.1			1.0
4994.0			1.0
4994.9			1.0
4995.8			1.0
4996.7			1.0
4997.6			1.0
4998.5			1.0
4999.4			1.0
5000.3			1.0
5001.2			1.0
5002.1			1.0
5003.0			1.0
5003.9			1.0
5004.8			1.0
5005.7			1.0
5006.6			0.9836274744159313
5007.5			1.038594136772867
5008.4			1.1131451685899998
5009.3			1.1124605139020354
5010.2			1.0769207970187502
5011.1			1.041978429114713
5012.0			0.9724639302391245
5012.9			0.9180894191519141
5013.8			0.8988149820810196
5014.7			0.9288068981599541
5015.6			0.9898674122576832
5016.5			1.009758846842826
5017.4			0.9863108100895412
5018.3			0.9919590455799661
5019.2			1.0199049556377047
5020.1			1.0237212283378219
5021.0			0.9978881205777627
5021.9			1.0
5022.8			1.0
5023.7			1.0
5024.6			1.0
5025.5			1.0
5026.4			1.0
5027.3			1.0
5028.2			1.0
5029.1			1.0
5030.0			1.0
5030.9			1.0
5031.8			1.0
5032.7			1.0
5033.6			1.0
5034.5			1.0
5035.4			1.0
5036.3			1.0
5037.2			1.0310069378730824
5038.1			1.0122774765639857
5039.0			0.9396400804482405
5039.9			0.8509089690588243
5040.8			0.7714264644768194
5041.7			0.8029344095636606
5042.6			0.9150259182845586
5043.5			0.9765544557759047
5044.4			0.9919568775872136
5045.3			1.0
5046.2			1.0
5047.1			1.0
5048.0			1.0
5048.9			1.0
5049.8			1.0
5050.7			1.0
5051.6			1.0
5052.5			1.0
5053.4			1.0
5054.3			1.0
5055.2			1.0
5056.1			1.0
5057.0			1.0
5057.9			1.0
5058.8			1.0
5059.7			1.0
5060.6			1.0
5061.5			1.0
5062.4			1.0
5063.3			1.0
5064.2			1.0
5065.1			1.0
5066.0			1.0
5066.9			1.0
5067.8			1.0
5068.7			1.0
5069.6			1.0
5070.5			1.0
5071.4			1.0
5072.3			1.0
5073.2			1.0
5074.1			1.0282767765004348
5075.0			1.0084305864812515
5075.9			1.0052907892513099
5076.8			1.0286716575386947
5077.7			1.027622873789661
5078.6			0.9394045353468711
5079.5			0.8437415480918004
5080.4			0.8471098389089264
5081.3			0.9105174417389862
5082.2			0.9441567685136169
5083.1			0.9466625833474162
5084.0			0.9612962904151462
5084.9			0.9999668670782544
5085.8			1.0
5086.7			1.0
5087.6			1.0
5088.5			1.0
5089.4			1.0
5090.3			1.0
5091.2			1.0
5092.1			1.0
5093.0			1.0
5093.9			1.0
5094.8			1.0
5095.7			1.0
5096.6			0.9674140623280012
5097.5			0.9246881939467618
5098.4			0.8701263665352374
5099.3			0.858890686562406
5100.2			0.9251833967938117
5101.1			0.9951235064104941
5102.0			0.9999859534947796
5102.9			1.0
5103.8			1.0
5104.7			1.0
5105.6			1.0
5106.5			1.0
5107.4			1.0
5108.3			1.0
5109.2			1.0
5110.1			1.0
5111.0			1.0
5111.9			1.0
5112.8			1.0
5113.7			1.0
5114.6			0.9926983854327532
5115.5			0.9857316239874151
5116.4			1.025523171816212
5117.3			1.0608433152063967
5118.2			1.0486956380792711
5119.1			1.0212239650061914
5120.0			1.0087004297880149
5120.9			0.9962744775773013
5121.8			0.9795860246116932
5122.7			0.9363256291339292
5123.6			0.887501546446917
5124.5			0.8971720465347454
5125.4			0.9291725792215648
5126.3			0.9403907142029126
5127.2			0.9239252896063788
5128.1			0.9281644302031329
5129.0			0.9415256219351188
5129.9			0.9471851839442088
5130.8			0.9616618694488734
5131.7			0.9830207042478636
5132.6			0.9998675623677094
5133.5			1.0
5134.4			1.0
5135.3			1.0149816705531245
5136.2			0.9618678887261648
5137.1			0.9248071548952297
5138.0			0.9131170138313054
5138.9			0.8875092800958737
5139.8			0.9091207389305453
5140.7			0.9678636365307164
5141.6			0.9418242741469515
5142.5			0.8854309699335822
5143.4			0.9139499729698255
5144.3			0.960633281464395
5145.2			0.9734956436946546
5146.1			0.9640773127052219
5147.0			0.9549503848619907
5147.9			0.9690407401880887
5148.8			0.9982448356012367
5149.7			0.9989893384809583
5150.6			1.0
5151.5			1.0
5152.4			1.0
5153.3			1.0
5154.2			1.0
5155.1			1.0
5156.0			1.0
5156.9			1.0
5157.8			1.0
5158.7			1.0
5159.6			1.0
5160.5			1.0
5161.4			1.0
5162.3			1.0
5163.2			1.0
5164.1			1.0
5165.0			1.0
5165.9			1.0
5166.8			1.0
5167.7			1.0
5168.6			1.0
5169.5			1.0792326669907526
5170.4			1.0677267747954473
5171.3			0.906913634513492
5172.2			0.7264917632546665
5173.1			0.7269067252329854
5174.0			0.8868143283491262
5174.9			1.0018356411302265
5175.8			1.0
5176.7			1.0
5177.6			1.0
5178.5			1.0
5179.4			1.0
5180.3			1.0
5181.2			0.9607807575830319
5182.1			0.8491226575741587
5183.0			0.6797491209222014
5183.9			0.6355579522135582
5184.8			0.7903953497961469
5185.7			0.9507003848048133
5186.6			1.0000065926232762
5187.5			1.0
5188.4			1.0
5189.3			1.0
5190.2			1.0
5191.1			1.0
5192.0			1.0
5192.9			1.0
5193.8			1.0
5194.7			1.0
5195.6			1.0
5196.5			1.0
5197.4			1.0
5198.3			1.0
5199.2			1.0299182129628586
5200.1			1.0331580127421203
5201.0			1.0160551167589815
5201.9			0.9912105873039141
5202.8			0.9854920796427501
5203.7			0.9548619470271464
5204.6			0.8749428317804958
5205.5			0.8633335231363427
5206.4			0.9048818558726601
5207.3			0.9299885806934112
5208.2			0.8915467074909483
5209.1			0.9077081778984849
5210.0			0.9395576837373778
5210.9			0.9673147843293616
5211.8			1.0001060475784216
5212.7			1.0
5213.6			1.02033147557247
5214.5			0.9782238563466095
5215.4			0.9241848853509995
5216.3			0.9200360732108492
5217.2			0.948209459404988
5218.1			0.9845464016736368
5219.0			1.0000730496542267
5219.9			1.0
5220.8			1.0
5221.7			1.0
5222.6			1.0
5223.5			0.9475350797418204
5224.4			0.8873144040450641
5225.3			0.8549071233039527
5226.2			0.8132339066584046
5227.1			0.8046861474643326
5228.0			0.8961555414865583
5228.9			0.9699530336360979
5229.8			0.975952204105132
5230.7			1.0026558098015133
5231.6			1.0
5232.5			1.0
5233.4			1.0
5234.3			1.0
5235.2			1.0
5236.1			1.0
5237.0			1.0427019168766616
5237.9			1.047514782905385
5238.8			1.03576055044423
5239.7			1.0258559024181888
5240.6			1.0325630107053352
5241.5			1.024266248976738
5242.4			1.0118492645048647
5243.3			1.0356202993621977
5244.2			1.0585230008441893
5245.1			1.0305188529711784
5246.0			0.9595256772560161
5246.9			0.8789523951962812
5247.8			0.8914082388549353
5248.7			0.937990793856007
5249.6			0.9101644908615119
5250.5			0.870805189941556
5251.4			0.8782869938268392
5252.3			0.9065419922017396
5253.2			0.9236197399506909
5254.1			0.9075582585426022
5255.0			0.8863723846065207
5255.9			0.926148946221459
5256.8			0.9985721009688429
5257.7			1.0
5258.6			1.0
5259.5			1.0
5260.4			1.0
5261.3			1.0
5262.2			1.0
5263.1			1.0
5264.0			1.0
5264.9			1.0
5265.8			1.0
5266.7			1.0461525326365542
5267.6			1.0901136890803669
5268.5			0.9742155277558708
5269.4			0.8408171491574581
5270.3			0.8527436451959899
5271.2			0.9798509632284995
5272.1			1.0196011716488749
5273.0			1.0
5273.9			1.0
5274.8			1.0
5275.7			1.0
5276.6			1.0
5277.5			1.0
5278.4			1.0085129416487486
5279.3			0.9804964353271782
5280.2			0.9328830927013985
5281.1			0.9036282349234952
5282.0			0.8821141073760445
5282.9			0.8570162087296184
5283.8			0.8559929972022756
5284.7			0.9186757197895103
5285.6			0.9817638883740794
5286.5			1.0118034553713129
5287.4			0.9979839297699603
5288.3			1.0
5289.2			1.0
5290.1			1.0
5291.0			1.0
5291.9			1.0
5292.8			1.0
5293.7			0.9968671733575439
5294.6			1.0098435722868586
5295.5			0.9826512807644758
5296.4			0.9229751708190445
5297.3			0.8681221041771914
5298.2			0.8782694207395921
5299.1			0.9535760855910391
5300.0			1.0105238645931987
5300.9			1.00043746677075
5301.8			1.0
5302.7			1.0
5303.6			1.0
5304.5			1.0
5305.4			1.0
5306.3			1.0
5307.2			1.0
5308.1			1.0
5309.0			1.0
5309.9			1.0
5310.8			1.0
5311.7			1.0
5312.6			1.0
5313.5			1.0
5314.4			1.0
5315.3			1.0
5316.2			1.0
5317.1			1.0
5318.0			1.0
5318.9			1.0
5319.8			1.0
5320.7			1.0
5321.6			1.0
5322.5			1.0
5323.4			1.0
5324.3			1.0
5325.2			1.0313811322131414
5326.1			1.0137862743257244
5327.0			0.9148447813541127
5327.9			0.8129464731748346
5328.8			0.8220090387866259
5329.7			0.9361866169898136
5330.6			1.0040323644037892
5331.5			1.0
5332.4			1.0
5333.3			1.0
5334.2			1.0
5335.1			1.0
5336.0			1.0
5336.9			1.0
5337.8			1.0
5338.7			0.9942609379156025
5339.6			0.9516241579807729
5340.5			0.8998115513977583
5341.4			0.9300777821903164
5342.3			0.997420160506943
5343.2			1.0
5344.1			1.0
5345.0			1.0
5345.9			1.0
5346.8			1.0
5347.7			1.0
5348.6			1.0
5349.5			1.0
5350.4			1.0
5351.3			1.0
5352.2			1.0
5353.1			1.0
5354.0			1.0
5354.9			1.0
5355.8			1.0
5356.7			1.0
5357.6			1.0
5358.5			1.0
5359.4			1.0
5360.3			1.0
5361.2			1.0
5362.1			1.0
5363.0			1.0
5363.9			1.0
5364.8			1.0
5365.7			1.0
5366.6			1.0
5367.5			1.001755043996971
5368.4			0.9815098736727828
5369.3			0.9285127001857962
5370.2			0.8753146259360048
5371.1			0.8580033809597598
5372.0			0.8977092168861873
5372.9			0.9731348776553965
5373.8			1.0018509882521878
5374.7			0.9944759615853117
5375.6			1.0
5376.5			1.0
5377.4			1.0
5378.3			1.0
5379.2			1.0
5380.1			1.0
5381.0			1.0
5381.9			1.0
5382.8			1.0
5383.7			1.0
5384.6			1.0
5385.5			1.0
5386.4			1.0
5387.3			1.0
5388.2			1.0
5389.1			1.0
5390.0			1.0
5390.9			1.0
5391.8			1.0
5392.7			1.0
5393.6			1.0
5394.5			1.0
5395.4			1.0
5396.3			1.0
5397.2			0.9661544671298624
5398.1			1.019263978671189
5399.0			1.077054043412393
5399.9			1.0678000514902797
5400.8			1.052834543518051
5401.7			1.0504340644584396
5402.6			1.0367919748682304
5403.5			0.9769830978069034
5404.4			0.9142687678436493
5405.3			0.8795666533020706
5406.2			0.8919084289535871
5407.1			0.9464387347425026
5408.0			0.9733012389781964
5408.9			0.9315917729025659
5409.8			0.8898198299809073
5410.7			0.9142394888726959
5411.6			0.9714893880481448
5412.5			1.0115928329377901
5413.4			0.9986569590662161
5414.3			1.0
5415.2			1.0
5416.1			1.0
5417.0			1.0
5417.9			1.0
5418.8			1.0
5419.7			1.0
5420.6			1.0
5421.5			1.0
5422.4			1.0
5423.3			1.0
5424.2			1.0
5425.1			1.0
5426.0			1.0
5426.9			1.0412590761707432
5427.8			1.0229100634632882
5428.7			0.9465485559977075
5429.6			0.9123115202325293
5430.5			0.9634691617139207
5431.4			1.008821650358306
5432.3			1.0032751402794533
5433.2			1.0
5434.1			1.0
5435.0			1.0
5435.9			1.0
5436.8			1.0
5437.7			1.0
5438.6			1.0
5439.5			1.0
5440.4			1.0
5441.3			1.0
5442.2			1.0
5443.1			1.0
5444.0			0.977274939069245
5444.9			0.9356613359616939
5445.8			0.8909933293377875
5446.7			0.8617912901052556
5447.6			0.9184966692988138
5448.5			0.9796355977737029
5449.4			0.9997398732234073
5450.3			1.0
5451.2			1.0
5452.1			1.0
5453.0			1.0
5453.9			1.0
5454.8			1.0
5455.7			1.0
5456.6			1.0
5457.5			1.0
5458.4			1.0
5459.3			1.0
5460.2			1.0
5461.1			1.0
5462.0			1.0
5462.9			1.0
5463.8			1.0
5464.7			1.0
5465.6			1.0
5466.5			1.0
5467.4			1.0
5468.3			1.0
5469.2			1.0
5470.1			1.0
5471.0			0.9958941215139728
5471.9			0.9956323835625905
5472.8			0.9708317825401416
5473.7			0.973405018913814
5474.6			0.996091907942764
5475.5			0.9738072662314874
5476.4			0.9238492423641296
5477.3			0.9509742797682871
5478.2			1.037763071671467
5479.1			1.0827009751102514
5480.0			1.0578228107367253
5480.9			1.008544933667814
5481.8			0.9981932243927
5482.7			1.0
5483.6			1.0
5484.5			1.0
5485.4			1.0
5486.3			1.0
5487.2			1.0
5488.1			1.0
5489.0			1.0
5489.9			1.0
5490.8			1.0
5491.7			1.0
5492.6			1.0
5493.5			1.0
5494.4			1.0
5495.3			1.0
5496.2			1.0
5497.1			1.0
5498.0			1.0
5498.9			1.0
5499.8			1.0
5500.7			1.0
5501.6			1.0
5502.5			1.0
5503.4			1.0
5504.3			1.0
5505.2			1.0
5506.1			1.0
5507.0			1.0
5507.9			1.0
5508.8			1.0157021905548955
5509.7			1.0067809720547987
5510.6			0.9958901032914933
5511.5			0.9600041191518037
5512.4			0.9215293409237524
5513.3			0.9135026705744355
5514.2			0.9314130890563973
5515.1			0.9533415456349338
5516.0			0.9654905403880929
5516.9			0.973116724886943
5517.8			0.9978393242363941
5518.7			1.0
5519.6			1.0
5520.5			1.0
5521.4			1.0
5522.3			1.0
5523.2			1.0010690931811448
5524.1			0.9890679038759852
5525.0			0.9679839307603152
5525.9			0.9545312484354858
5526.8			0.9389890184571684
5527.7			0.9143933624062709
5528.6			0.9281044649706222
5529.5			0.9820543233679094
5530.4			1.0142163202077992
5531.3			1.0137624060157495
5532.2			1.0051662883933101
5533.1			1.0
5534.0			1.0
5534.9			1.0
5535.8			1.0
5536.7			1.0
5537.6			1.0
5538.5			1.0
5539.4			1.0
5540.3			1.0
5541.2			1.0
5542.1			1.0
5543.0			1.0
5543.9			1.0
5544.8			1.0
5545.7			1.0
5546.6			1.0
5547.5			1.0
5548.4			1.0
5549.3			1.0
5550.200000000001			1.0
5551.1			1.0
5552.0			1.0
5552.9			1.0
5553.8			1.0
5554.700000000001			1.0
5555.6			1.0
5556.5			1.0
5557.4			1.0
5558.3			1.0
5559.200000000001			1.0
5560.1			1.0
5561.0			0.9892247538223804
5561.9			0.9692183074263262
5562.8			0.9548246971121471
5563.700000000001			0.9558025555317021
5564.6			0.9498226301021583
5565.5			0.9283340959873184
5566.4			0.9250506529090805
5567.3			0.9531338619808092
5568.200000000001			0.9830941512647634
5569.1			0.9888773365247798
5570.0			0.9906889828113523
5570.9			1.0022803087384264
5571.8			1.0003001679047911
5572.700000000001			1.0
5573.6			1.0
5574.5			1.0
5575.4			1.0
5576.3			1.0
5577.200000000001			1.0
5578.1			1.0
5579.0			1.0122642829463733
5579.9			1.0258898611403597
5580.8			1.018836016424541
5581.700000000001			1.0083576626163862
5582.6			1.008922683694258
5583.5			1.0024074165651455
5584.4			0.9886174412146729
5585.3			0.9737271655044019
5586.200000000001			0.9366572882132341
5587.1			0.8916326660452637
5588.0			0.8767158056073382
5588.9			0.8818283420350084
5589.8			0.8887412194107673
5590.700000000001			0.9057166396002304
5591.6			0.9240884475719314
5592.5			0.9412394165466608
5593.4			0.9522431220292639
5594.3			0.9396000700351722
5595.200000000001			0.958494248670694
5596.1			1.0011355009576755
5597.0			0.9999263814623163
5597.9			1.0
5598.8			1.0
5599.700000000001			1.0
5600.6			1.0
5601.5			1.0
5602.4			1.0
5603.3			1.0
5604.200000000001			1.0
5605.1			1.0
5606.0			1.0
5606.9			1.0
5607.8			1.0
5608.700000000001			1.0
5609.6			1.0
5610.5			1.0
5611.4			1.0
5612.3			1.0
5613.200000000001			0.9978555736888696
5614.1			0.9462557048366749
5615.0			0.8847354767887202
5615.9			0.899613323503375
5616.8			0.9937461285262865
5617.700000000001			1.0
5618.6			1.0
5619.5			1.0
5620.4			1.0
5621.3			1.0
5622.200000000001			1.0028712835001075
5623.1			0.9668181390807937
5624.0			0.9160758255812138
5624.9			0.9017761590166292
5625.8			0.9398045578821745
5626.700000000001			0.9871567968598465
5627.6			0.9997178614350545
5628.5			1.0
5629.4			1.0
5630.3			1.0
5631.200000000001			1.0
5632.1			1.0
5633.0			1.0
5633.9			1.0
5634.8			1.0
5635.700000000001			1.0
5636.6			1.0
5637.5			1.0
5638.4			1.0
5639.3			1.0
5640.200000000001			1.0
5641.1			1.0
5642.0			1.0
5642.9			1.0
5643.8			1.0
5644.700000000001			1.0
5645.6			1.0
5646.5			1.0
5647.4			1.0
5648.3			1.0
5649.200000000001			1.0
5650.1			1.0
5651.0			1.0
5651.9			1.0
5652.8			1.0
5653.700000000001			1.0
5654.6			1.0044762221960095
5655.5			1.0072960979670063
5656.4			0.9820465724228644
5657.3			0.9229552845491489
5658.200000000001			0.8816582093708034
5659.1			0.9077150232148452
5660.0			0.978717566076186
5660.9			1.0178280869010166
5661.8			1.0072390371814817
5662.700000000001			1.0
5663.6			1.0
5664.5			1.0
5665.4			1.0
5666.3			1.0
5667.200000000001			1.0
5668.1			1.0
5669.0			1.0
5669.9			1.0
5670.8			1.0
5671.700000000001			1.0
5672.6			1.0
5673.5			1.0
5674.4			1.0
5675.3			1.0
5676.200000000001			1.0
5677.1			1.0
5678.0			1.0
5678.9			1.0
5679.8			1.0
5680.700000000001			1.0
5681.6			1.0
5682.5			1.0
5683.4			1.0
5684.3			1.0
5685.200000000001			1.0
5686.1			1.0
5687.0			1.0
5687.9			1.0
5688.8			1.0
5689.700000000001			1.0
5690.6			1.0
5691.5			1.0
5692.4			1.0
5693.3			1.0
5694.200000000001			1.0
5695.1			1.0
5696.0			1.0
5696.9			1.0
5697.8			1.0
5698.700000000001			1.0
5699.6			1.0
5700.5			1.0
5701.4			0.9854024004176275
5702.3			0.9961506492560641
5703.200000000001			1.0036146419039431
5704.1			1.0158545620923958
5705.0			1.0031861363565944
5705.9			0.9639592040397678
5706.8			0.9581222463173794
5707.700000000001			0.9522982766691709
5708.6			0.9141563524448485
5709.5			0.8886141190508031
5710.4			0.9010608805896623
5711.3			0.920339160865921
5712.200000000001			0.9607481352722059
5713.1			0.9994478965564115
5714.0			1.0080354507337188
5714.9			1.0109650439593658
5715.8			1.0156744937777902
5716.700000000001			1.0136988665295017
5717.6			0.9984808811102671
5718.5			1.0
5719.4			1.0
5720.3			1.0
5721.200000000001			1.0
5722.1			1.0
5723.0			1.0
5723.9			1.0
5724.8			1.0
5725.700000000001			1.0
5726.6			1.0
5727.5			1.0
5728.4			1.0
5729.3			1.0
5730.200000000001			1.0
5731.1			1.0
5732.0			1.0
5732.9			1.0
5733.8			1.0
5734.700000000001			1.0
5735.6			1.0
5736.5			1.0
5737.4			1.0
5738.3			1.0
5739.200000000001			1.0
5740.1			1.0
5741.0			1.0
5741.9			1.0
5742.8			1.0
5743.700000000001			1.0
5744.6			1.0
5745.5			1.0
5746.4			1.0
5747.3			1.0
5748.200000000001			1.0
5749.1			1.0
5750.0			1.017290360215938
5750.9			1.023919368795922
5751.8			0.9954016811955265
5752.700000000001			0.9470126429182106
5753.6			0.9085896074652469
5754.5			0.9068316106571948
5755.4			0.9432863825935991
5756.3			0.9758605816854067
5757.200000000001			0.9979129239290545
5758.1			1.0
5759.0			1.0
5759.9			0.9808126383832573
5760.8			0.9624235272271046
5761.700000000001			0.943352280008138
5762.6			0.9157870979470472
5763.5			0.9336655730556527
5764.4			0.9795721943661291
5765.3			1.0000169525007345
5766.200000000001			1.0
5767.1			1.0
5768.0			1.0
5768.9			1.0
5769.8			1.0
5770.700000000001			1.0
5771.6			1.0
5772.5			1.0
5773.4			1.0
5774.3			0.9974693871271844
5775.200000000001			0.9988824923422227
5776.1			1.0041520315241155
5777.0			1.0142014814894702
5777.9			1.0073514778675687
5778.8			0.9786131847221656
5779.700000000001			0.9243968419294262
5780.6			0.866180516951148
5781.5			0.8579793677825963
5782.4			0.9084409348531215
5783.3			0.9429543233207656
5784.200000000001			0.922810968229175
5785.1			0.8981762747426443
5786.0			0.9094293589021962
5786.9			0.956609701755831
5787.8			0.9930427267166217
5788.700000000001			1.0000239999934708
5789.6			1.0
5790.5			1.0
5791.4			1.0
5792.3			1.0
5793.200000000001			1.0
5794.1			1.0
5795.0			1.0
5795.9			1.0
5796.8			1.0
5797.700000000001			1.0
5798.6			1.0
5799.5			1.0
5800.4			1.0
5801.3			1.0
5802.200000000001			1.0
5803.1			1.0
5804.0			1.0
5804.9			1.0
5805.8			1.0
5806.700000000001			1.0
5807.6			1.0
5808.5			1.0
5809.4			1.0
5810.3			1.0
5811.200000000001			1.0
5812.1			1.0
5813.0			1.0
5813.9			1.0
5814.8			1.0
5815.700000000001			1.0
5816.6			1.0
5817.5			1.0
5818.4			1.0
5819.3			1.0
5820.200000000001			1.0
5821.1			1.0
5822.0			1.0
5822.9			1.0
5823.8			1.0
5824.700000000001			1.0
5825.6			1.0
5826.5			1.0
5827.4			1.0
5828.3			1.0
5829.200000000001			1.0
5830.1			1.0
5831.0			1.0
5831.9			1.0
5832.8			1.0
5833.700000000001			1.0
5834.6			1.0
5835.5			1.0
5836.4			1.0
5837.3			1.0
5838.200000000001			1.0
5839.1			1.0
5840.0			1.0
5840.9			1.0
5841.8			1.0
5842.700000000001			1.0
5843.6			1.0
5844.5			1.0
5845.4			1.0
5846.3			1.0
5847.200000000001			1.0
5848.1			1.0
5849.0			1.0
5849.9			1.0
5850.8			1.0
5851.700000000001			1.0
5852.6			1.0
5853.5			1.0
5854.4			1.015853127877401
5855.3			1.0273073306207334
5856.200000000001			0.9935962539865333
5857.1			0.9396872490745279
5858.0			0.9422645756082203
5858.9			0.9806526143270803
5859.8			1.0049315928701001
5860.700000000001			1.0
5861.6			1.0
5862.5			1.0
5863.4			1.0
5864.3			1.0
5865.200000000001			1.0
5866.1			1.0
5867.0			1.0
5867.9			1.0
5868.8			1.0
5869.700000000001			1.0
5870.6			1.0
5871.5			1.0
5872.4			1.0
5873.3			1.0
5874.200000000001			1.0
5875.1			1.0
5876.0			1.0
5876.9			1.0
5877.8			1.0
5878.700000000001			1.0
5879.6			1.0
5880.5			1.0
5881.4			1.0
5882.3			1.0
5883.200000000001			1.0
5884.1			1.0
5885.0			1.0
5885.9			1.0
5886.8			1.0
5887.700000000001			0.9767606789778676
5888.6			0.8424338296072658
5889.5			0.6677082346380911
5890.4			0.6485926285938454
5891.3			0.8096221980977139
5892.200000000001			0.9450151257041967
5893.1			1.0010967129638977
5894.0			1.0
5894.9			1.0
5895.8			1.0
5896.700000000001			1.0
5897.6			1.0
5898.5			1.0
5899.4			1.0
5900.3			1.0
5901.200000000001			1.0
5902.1			1.0
5903.0			1.0
5903.9			1.0
5904.8			1.0
5905.700000000001			1.0
5906.6			1.0
5907.5			1.0
5908.4			1.0
5909.3			1.0
5910.200000000001			1.0
5911.1			1.0
5912.0			1.0
5912.9			1.0
5913.8			1.0
5914.700000000001			1.0
5915.6			1.0
5916.5			1.0
5917.4			1.0
5918.3			1.0
5919.200000000001			1.0
5920.1			1.0
5921.0			1.0
5921.9			1.0
5922.8			1.0
5923.700000000001			1.0
5924.6			1.0
5925.5			1.0
5926.4			1.0
5927.3			1.0
5928.200000000001			1.0
5929.1			1.0
5930.0			1.0
5930.9			1.0
5931.8			1.0
5932.700000000001			1.0
5933.6			1.0
5934.5			1.0
5935.4			1.0
5936.3			1.0
5937.200000000001			1.0
5938.1			1.0
5939.0			1.0
5939.9			1.0
5940.8			1.0
5941.700000000001			1.0
5942.6			1.0
5943.5			1.0
5944.4			1.0
5945.3			1.0
5946.200000000001			1.0
5947.1			1.0
5948.0			1.0
5948.9			1.0
5949.8			1.0
5950.700000000001			1.0
5951.6			1.0
5952.5			1.0
5953.4			1.0
5954.3			1.023873474393689
5955.200000000001			1.0235465894916294
5956.1			0.9847261033167203
5957.0			0.9549434361194872
5957.9			0.9627843686917501
5958.8			0.9870301553698251
5959.700000000001			1.003927196427718
5960.6			1.0
5961.5			1.0
5962.4			1.0
5963.3			1.0
5964.200000000001			1.0
5965.1			1.0
5966.0			1.0
5966.9			1.0
5967.8			1.0
5968.700000000001			1.0
5969.6			1.0
5970.5			1.0
5971.4			1.0
5972.3			1.0
5973.200000000001			1.0
5974.1			1.0
5975.0			1.0
5975.9			1.0
5976.8			1.0
5977.700000000001			1.0
5978.6			1.0
5979.5			1.0
5980.4			1.0
5981.3			1.0
5982.200000000001			1.0
5983.1			1.0
5984.0			1.0
5984.9			1.0
5985.8			1.0
5986.700000000001			1.0
5987.6			1.0
5988.5			1.0
5989.4			1.0
5990.3			1.0
5991.200000000001			1.0
5992.1			1.0
5993.0			1.0
5993.9			1.0
5994.8			1.0145089247328896
5995.700000000001			1.0103126122463748
5996.6			0.9834967212440714
5997.5			0.9612379968350548
5998.4			0.9655935691456322
5999.3			0.9810737431218485
6000.200000000001			0.9923896474881204
6001.1			0.9987295474215456
6002.0			0.982894602857207
6002.9			0.9603276169570422
6003.8			0.9642042049370688
6004.700000000001			0.9738609183526794
6005.6			0.9716139831822862
6006.5			0.9687839557142399
6007.4			0.9612357332657637
6008.3			0.9645243592951819
6009.200000000001			0.9975487020206866
6010.1			1.0408339949593426
6011.0			1.0610830712969483
6011.9			1.0376178031428638
6012.8			0.9959322219243475
6013.700000000001			0.9900444264175307
6014.6			1.0169222022220774
6015.5			1.014062585996498
6016.4			0.9947948694498205
6017.3			1.0129890656866625
6018.200000000001			1.0306993647270524
6019.1			1.0176488752564272
6020.0			0.9993682160625238
6020.9			1.0
6021.8			1.0
6022.700000000001			1.0
6023.6			1.0
6024.5			1.0
6025.4			1.0
6026.3			1.0
6027.200000000001			1.0
6028.1			1.0
6029.0			1.0
6029.9			1.0
6030.8			1.0
6031.700000000001			1.0
6032.6			1.0
6033.5			1.0
6034.4			1.0
6035.3			1.0
6036.200000000001			1.0
6037.1			1.0
6038.0			1.0
6038.9			1.0
6039.8			1.0
6040.700000000001			1.0
6041.6			1.0
6042.5			1.0
6043.4			1.0
6044.3			1.0
6045.200000000001			1.0
6046.1			1.0
6047.0			1.0
6047.9			1.0
6048.8			1.0
6049.700000000001			1.0
6050.6			1.0
6051.5			1.0
6052.4			1.0
6053.3			1.0
6054.200000000001			1.0
6055.1			1.0
6056.0			1.0
6056.9			1.0
6057.8			1.0
6058.700000000001			1.0
6059.6			1.0
6060.5			1.0
6061.4			1.0
6062.3			0.9949465451838758
6063.200000000001			0.9865305232069556
6064.1			0.950598673270639
6065.0			0.9155152949065416
6065.9			0.9356564672047822
6066.8			0.9810656254747661
6067.700000000001			1.00023664828153
6068.6			1.0
6069.5			1.0
6070.4			1.0
6071.3			1.0
6072.200000000001			1.0
6073.1			1.0
6074.0			1.0
6074.9			1.0
6075.8			1.0
6076.700000000001			1.0
6077.6			1.0
6078.5			1.0
6079.4			1.0
6080.3			1.0
6081.200000000001			1.0
6082.1			1.0
6083.0			1.0
6083.9			1.0
6084.8			1.0
6085.700000000001			1.0
6086.6			1.0
6087.5			1.0
6088.4			1.0
6089.3			1.0
6090.200000000001			1.0
6091.1			1.0
6092.0			1.0
6092.9			1.0
6093.8			1.0
6094.700000000001			1.0
6095.6			1.0
6096.5			1.0
6097.4			1.0
6098.3			1.0
6099.200000000001			1.0
6100.1			0.9967120301210212
6101.0			0.9582839079705477
6101.9			0.9003610819463935
6102.8			0.8849216105395216
6103.700000000001			0.9360298098059804
6104.6			0.9856565660688209
6105.5			0.9991212554199445
6106.4			1.0
6107.3			1.0
6108.200000000001			1.0
6109.1			1.0
6110.0			1.0
6110.9			1.0
6111.8			1.0
6112.700000000001			1.0
6113.6			1.0
6114.5			1.0
6115.4			1.0
6116.3			1.0
6117.200000000001			1.0
6118.1			1.0
6119.0			1.0
6119.9			1.0
6120.8			1.0
6121.700000000001			1.0
6122.6			1.0
6123.5			1.0
6124.4			1.0
6125.3			1.0
6126.200000000001			1.0
6127.1			1.0
6128.0			1.0
6128.9			1.0
6129.8			1.0
6130.700000000001			1.0
6131.6			1.0
6132.5			1.0
6133.4			1.0
6134.3			0.978442603382406
6135.200000000001			0.9200644125656287
6136.1			0.8417306464365814
6137.0			0.8192097214311395
6137.9			0.8810100698260406
6138.8			0.9641902982824107
6139.700000000001			0.9990366892253759
6140.6			1.0
6141.5			1.0
6142.4			1.0
6143.3			1.0
6144.200000000001			1.0
6145.1			1.0
6146.0			1.0
6146.9			1.0
6147.8			1.0
6148.700000000001			1.0
6149.6			1.0
6150.5			1.0
6151.4			1.0
6152.3			1.0
6153.200000000001			1.0
6154.1			1.0
6155.0			1.0
6155.9			1.0
6156.8			1.0
6157.700000000001			1.0
6158.6			0.9985825986633318
6159.5			0.9799821899205396
6160.4			0.9393424405440186
6161.3			0.8917283016271907
6162.200000000001			0.8755020604559337
6163.1			0.9124543585193373
6164.0			0.9694371549599602
6164.9			0.9989977694311734
6165.8			1.0017389200165845
6166.700000000001			1.0
6167.6			1.0
6168.5			1.0
6169.4			1.0
6170.3			1.0
6171.200000000001			1.0
6172.1			1.0
6173.0			1.0
6173.9			1.0
6174.8			1.0
6175.700000000001			1.0
6176.6			1.0
6177.5			1.0
6178.4			1.0
6179.3			1.0
6180.200000000001			1.0
6181.1			1.0
6182.0			1.0
6182.9			1.0
6183.8			1.0
6184.700000000001			1.0
6185.6			1.0
6186.5			1.0
6187.4			1.0
6188.3			0.9874102103596208
6189.200000000001			0.9630085975614703
6190.1			0.9143893394536732
6191.0			0.8689051455948658
6191.9			0.8977482928882782
6192.8			0.969617062954982
6193.700000000001			1.0005865964339553
6194.6			1.0
6195.5			1.0
6196.4			1.0
6197.3			1.0
6198.200000000001			1.0
6199.1			1.0
6200.0			1.0
6200.9			1.0
6201.8			1.0
6202.700000000001			1.0
6203.6			1.0
6204.5			1.0
6205.4			1.0
6206.3			1.0
6207.200000000001			1.0
6208.1			1.0
6209.0			1.0
6209.9			1.0
6210.8			0.998545574510907
6211.700000000001			0.990264546293157
6212.6			0.9597524265044521
6213.5			0.9284956570901534
6214.4			0.9172436071567142
6215.3			0.9268592603919031
6216.200000000001			0.9575087819592724
6217.1			0.9962318643703587
6218.0			0.9999383525878089
6218.9			1.0
6219.8			1.0
6220.700000000001			1.0
6221.6			1.0
6222.5			1.0
6223.4			1.0
6224.3			1.0
6225.200000000001			1.0
6226.1			1.0
6227.0			0.9887757163355256
6227.9			0.9819659553559462
6228.8			0.96246919605548
6229.700000000001			0.9269898129255718
6230.6			0.9102229011040153
6231.5			0.9193923563086681
6232.4			0.9341611423590573
6233.3			0.9658515308410772
6234.200000000001			1.000386332165567
6235.1			1.0
6236.0			1.0
6236.9			1.0021965278161484
6237.8			0.9998981142824367
6238.700000000001			0.9824873299237098
6239.6			0.9510676471809195
6240.5			0.9361446310237546
6241.4			0.9320262758191136
6242.3			0.9137847625412149
6243.200000000001			0.9019886896691688
6244.1			0.915239625121096
6245.0			0.9258259177787816
6245.9			0.9359993623943809
6246.8			0.9627152629645266
6247.700000000001			1.0
6248.6			1.012569591384154
6249.5			1.0146851492158606
6250.4			0.9933551341638446
6251.3			0.9465101900284504
6252.200000000001			0.9139632178554365
6253.1			0.9268232179627753
6254.0			0.9567048594518242
6254.9			0.9549797539022621
6255.8			0.915543878393395
6256.700000000001			0.8810349050057795
6257.6			0.8685578294629085
6258.5			0.8840800139238715
6259.4			0.931191914337745
6260.3			0.9604238553487542
6261.200000000001			0.9751652467122172
6262.1			1.0099115676432204
6263.0			1.0299636982426232
6263.9			1.0031116406659863
6264.8			0.9689710671129085
6265.700000000001			0.9756788967031361
6266.6			1.0002254454519097
6267.5			1.0
6268.4			1.0
6269.3			1.0
6270.200000000001			1.0
6271.1			1.0
6272.0			1.0
6272.9			1.0
6273.8			1.0
6274.700000000001			1.0
6275.6			1.0
6276.5			1.010240188114155
6277.4			1.0026146484254757
6278.3			0.9891799532355651
6279.200000000001			0.9691285515462766
6280.1			0.9348805128034676
6281.0			0.9098422292234744
6281.9			0.9062708394891509
6282.8			0.9130290073723293
6283.700000000001			0.932511853032086
6284.6			0.9415626195975262
6285.5			0.9480316487217099
6286.4			0.9759693592980335
6287.3			1.0008327149718386
6288.200000000001			1.0
6289.1			1.0
6290.0			1.0
6290.9			1.0
6291.8			1.0
6292.700000000001			1.0
6293.6			1.0
6294.5			1.0062949899675857
6295.4			0.9750227654532528
6296.3			0.9359065929290262
6297.200000000001			0.9265506487349914
6298.1			0.9462038207527242
6299.0			0.9597259169025049
6299.9			0.9514052510784033
6300.8			0.9257033965833668
6301.700000000001			0.9133728076930645
6302.6			0.9396003564236582
6303.5			0.9877724839100482
6304.4			1.0138071087419802
6305.3			1.0100931563046276
6306.200000000001			1.0128201290867056
6307.1			1.0155185742646302
6308.0			1.0070102991146015
6308.9			1.0000146290975138
6309.8			1.0
6310.700000000001			1.0
6311.6			1.0
6312.5			1.0
6313.4			1.0
6314.3			1.0
6315.200000000001			1.0
6316.1			1.0
6317.0			1.0
6317.9			1.0
6318.8			1.0
6319.700000000001			1.0
6320.6			1.0
6321.5			1.0
6322.4			1.0
6323.3			1.0
6324.200000000001			1.0
6325.1			1.0
6326.0			1.0
6326.9			1.0
6327.8			1.0
6328.700000000001			1.0
6329.6			1.0
6330.5			1.0
6331.4			1.0
6332.3			1.0203196239368602
6333.200000000001			1.0209293791738876
6334.1			0.9853422896300679
6335.0			0.931598852979415
6335.9			0.9062017567348555
6336.8			0.9267892660669768
6337.700000000001			0.9587767535377593
6338.6			0.9755578984186934
6339.5			0.9973547094463041
6340.4			1.0
6341.3			1.0
6342.200000000001			1.0
6343.1			1.0
6344.0			1.0
6344.9			1.0
6345.8			1.0
6346.700000000001			1.0
6347.6			1.0
6348.5			1.0
6349.4			1.0
6350.3			1.0
6351.200000000001			1.0
6352.1			1.0
6353.0			1.0
6353.9			1.0
6354.8			1.0
6355.700000000001			1.0
6356.6			1.0
6357.5			1.0
6358.4			1.0
6359.3			1.0
6360.200000000001			1.0
6361.1			1.0
6362.0			1.0
6362.9			1.0
6363.8			1.0
6364.700000000001			1.0
6365.6			1.0
6366.5			1.0
6367.4			1.0
6368.3			1.0
6369.200000000001			1.0
6370.1			1.0
6371.0			1.0
6371.9			1.0
6372.8			1.0
6373.700000000001			1.0
6374.6			1.0
6375.5			1.0
6376.4			1.0
6377.3			1.0
6378.200000000001			1.0
6379.1			1.0
6380.0			1.0
6380.9			1.0
6381.8			1.0
6382.700000000001			1.0
6383.6			1.0
6384.5			1.0
6385.4			1.0
6386.3			1.0
6387.200000000001			1.0
6388.1			1.0
6389.0			1.0
6389.9			1.0
6390.8			1.0
6391.700000000001			1.0
6392.6			1.0
6393.5			1.0
6394.4			1.0
6395.3			1.0
6396.200000000001			1.0
6397.1			0.9881316464231584
6398.0			0.9675228721090775
6398.9			0.9156547093791233
6399.8			0.8795233835330842
6400.700000000001			0.9068461264164006
6401.6			0.962536961596379
6402.5			0.9987792165330193
6403.4			1.0
6404.3			1.0
6405.200000000001			1.0
6406.1			1.0
6407.0			1.0
6407.9			1.0
6408.8			1.0
6409.700000000001			1.0
6410.6			1.0
6411.5			1.0
6412.4			1.0
6413.3			1.0
6414.200000000001			1.0
6415.1			1.0
6416.0			1.0
6416.9			1.0
6417.8			1.0
6418.700000000001			1.0
6419.6			1.0
6420.5			1.0
6421.4			1.0
6422.3			1.0
6423.200000000001			1.0
6424.1			1.0
6425.0			1.0
6425.9			1.0
6426.8			1.0
6427.700000000001			1.0009383667594856
6428.6			0.9911564814493861
6429.5			0.9551410684733899
6430.4			0.9157524642078991
6431.3			0.9255274155846055
6432.200000000001			0.9714184109583666
6433.1			1.00131223490076
6434.0			1.0
6434.9			1.0
6435.8			1.0
6436.700000000001			1.0
6437.6			1.0
6438.5			1.0
6439.4			1.0
6440.3			1.0
6441.200000000001			1.0
6442.1			1.0
6443.0			1.0
6443.9			1.0
6444.8			1.0
6445.700000000001			1.0
6446.6			1.0134315321925902
6447.5			1.001441419183296
6448.4			0.9534409025093827
6449.3			0.8972413414802964
6450.200000000001			0.9085437945399575
6451.1			0.9643659070882049
6452.0			0.9989900163223622
6452.9			1.0
6453.8			1.0
6454.700000000001			1.0
6455.6			1.0
6456.5			1.0
6457.4			1.0
6458.3			1.0
6459.200000000001			1.0
6460.1			0.9933379387037142
6461.0			0.9605918259035312
6461.9			0.901767530332088
6462.8			0.8894337958290653
6463.700000000001			0.9330314564399002
6464.6			0.9754281425886063
6465.5			1.0032109682961001
6466.4			1.0
6467.3			1.0
6468.200000000001			1.0
6469.1			1.0
6470.0			1.0
6470.9			1.0
6471.8			1.0
6472.700000000001			1.0
6473.6			1.0
6474.5			1.0
6475.4			1.0
6476.3			1.0
6477.200000000001			1.0
6478.1			1.0
6479.0			1.0
6479.9			1.0
6480.8			1.0
6481.700000000001			1.0
6482.6			1.0
6483.5			1.0
6484.4			1.0
6485.3			1.0
6486.200000000001			1.0
6487.1			1.0
6488.0			1.0200162733193947
6488.9			1.017285813037446
6489.8			1.002750218149148
6490.700000000001			0.9822127008234823
6491.6			0.9678548533630879
6492.5			0.9376747853543357
6493.4			0.8759812992827976
6494.3			0.8338965242175048
6495.200000000001			0.8411085544923478
6496.1			0.8792746624558162
6497.0			0.9176964585226094
6497.9			0.9247876351505708
6498.8			0.918805726945603
6499.700000000001			0.9535183896514868
6500.6			0.9981377028577092
6501.5			1.0
6502.4			1.0
6503.3			1.0
6504.200000000001			1.0
6505.1			1.0
6506.0			1.0
6506.9			1.0
6507.8			1.0
6508.700000000001			1.0
6509.6			1.0
6510.5			1.0
6511.4			1.0
6512.3			1.0
6513.200000000001			1.0
6514.1			1.0
6515.0			1.0
6515.9			1.0
6516.8			1.0
6517.700000000001			1.0
6518.6			1.0
6519.5			1.0
6520.4			1.0
6521.3			1.0
6522.200000000001			1.0
6523.1			1.0
6524.0			1.0
6524.9			1.0
6525.8			1.0
6526.700000000001			1.0
6527.6			1.0
6528.5			1.0
6529.4			1.0
6530.3			1.0
6531.200000000001			1.0
6532.1			1.0
6533.0			1.0
6533.9			1.0
6534.8			1.0
6535.700000000001			1.0
6536.6			1.0
6537.5			1.0
6538.4			1.0
6539.3			1.0
6540.200000000001			1.0
6541.1			1.0
6542.0			1.0
6542.9			1.0
6543.8			1.0
6544.700000000001			1.0
6545.6			1.0
6546.5			1.0
6547.4			1.0
6548.3			1.0
6549.200000000001			1.0
6550.1			1.0
6551.0			1.0
6551.9			1.0
6552.8			1.0
6553.700000000001			1.0
6554.6			1.0
6555.5			1.0
6556.4			1.0
6557.3			1.0
6558.200000000001			1.0
6559.1			1.0
6560.0			0.966025951075103
6560.9			0.8648551340997829
6561.8			0.6937494512786391
6562.700000000001			0.6217479007381513
6563.6			0.747149770908177
6564.5			0.9190086587322235
6565.4			0.9998906276269853
6566.3			1.0
6567.200000000001			1.0
6568.1			1.0
6569.0			1.0
6569.9			1.0
6570.8			1.0
6571.700000000001			1.0
6572.6			1.0
6573.5			1.0
6574.4			1.0
6575.3			1.0
6576.200000000001			1.0
6577.1			1.0
6578.0			1.0
6578.9			1.0
6579.8			1.0
6580.700000000001			1.0
6581.6			1.0
6582.5			1.0
6583.4			1.0
6584.3			1.0
6585.200000000001			1.0
6586.1			1.0
6587.0			1.0
6587.9			1.0
6588.8			1.0
6589.700000000001			1.0
6590.6			0.9870495078905294
6591.5			0.949175196796341
6592.4			0.9055070602542737
6593.3			0.8967632945415895
6594.200000000001			0.938072082325858
6595.1			0.9826405056016237
6596.0			0.9995198509372288
6596.9			1.0
6597.8			1.0
6598.700000000001			1.0
6599.6			1.0
6600.5			1.0
6601.4			1.0
6602.3			1.0
6603.200000000001			1.0
6604.1			1.0
6605.0			1.0
6605.9			1.0
6606.8			1.0
6607.700000000001			1.0
6608.6			1.0
6609.5			1.0
6610.4			1.0
6611.3			1.0
6612.200000000001			1.0
6613.1			1.0
6614.0			1.0
6614.9			1.0
6615.8			1.0
6616.700000000001			1.0
6617.6			1.0
6618.5			1.0
6619.4			1.0
6620.3			1.0
6621.200000000001			1.0
6622.1			1.0
6623.0			1.0
6623.9			1.0
6624.8			1.0
6625.700000000001			1.0
6626.6			1.0
6627.5			1.0
6628.4			1.0
6629.3			1.0
6630.200000000001			1.0
6631.1			1.0
6632.0			1.0
6632.9			1.0
6633.8			1.0
6634.700000000001			1.0
6635.6			1.0
6636.5			1.0
6637.4			1.0
6638.3			1.0
6639.200000000001			1.0
6640.1			1.0
6641.0			1.0
6641.9			1.0
6642.8			1.0
6643.700000000001			1.0
6644.6			1.0
6645.5			1.0
6646.4			1.0
6647.3			1.0
6648.200000000001			1.0
6649.1			1.0
6650.0			1.0
6650.9			1.0
6651.8			1.0
6652.700000000001			1.0
6653.6			1.0
6654.5			1.0
6655.4			1.0
6656.3			1.0
6657.200000000001			1.0
6658.1			1.0
6659.0			1.0
6659.9			1.0
6660.8			1.0
6661.700000000001			1.0
6662.6			1.0
6663.5			1.0
6664.4			1.0
6665.3			1.0
6666.200000000001			1.0
6667.1			1.0
6668.0			1.0
6668.9			1.0
6669.8			1.0
6670.700000000001			1.0
6671.6			1.0
6672.5			1.0
6673.4			1.0
6674.3			1.0
6675.200000000001			0.9988659885916826
6676.1			0.9858996521393673
6677.0			0.9429114913553791
6677.9			0.9102918778605714
6678.8			0.9315479015221967
6679.700000000001			0.9766487600180984
6680.6			0.9979400554800493
6681.5			1.0
6682.4			1.0
6683.3			1.0
6684.200000000001			1.0
6685.1			1.0
6686.0			1.0
6686.9			1.0
6687.8			1.0
6688.700000000001			1.0
6689.6			1.0
6690.5			1.0
6691.4			1.0
6692.3			1.0
6693.200000000001			1.0
6694.1			1.0
6695.0			1.0
6695.9			1.0
6696.8			1.0
6697.700000000001			1.0
6698.6			1.0
6699.5			1.0
6700.4			1.0
6701.3			1.0
6702.200000000001			1.0
6703.1			1.0
6704.0			1.0
6704.9			1.0
6705.8			1.0
6706.700000000001			1.0
6707.6			1.0
6708.5			1.0
6709.4			1.0
6710.3			1.0
6711.200000000001			1.0
6712.1			1.0
6713.0			1.0
6713.9			0.9983485333679999
6714.8			0.9907460203831268
6715.700000000001			0.9737816792945991
6716.6			0.9442040920889692
6717.5			0.9357806205643051
6718.4			0.9761014648578129
6719.3			1.0110531812442227
6720.200000000001			1.010534176476932
6721.1			1.0020722208681376
6722.0			1.0
6722.9			1.0
6723.8			1.0
6724.700000000001			1.0
6725.6			1.0
6726.5			1.0
6727.4			1.0
6728.3			1.0
6729.200000000001			1.0
6730.1			1.0
6731.0			1.0
6731.9			1.0
6732.8			1.0
6733.700000000001			1.0
6734.6			1.0
6735.5			1.0
6736.4			1.0
6737.3			1.0
6738.200000000001			1.0
6739.1			1.0
6740.0			1.0
6740.9			1.0
6741.8			1.0
6742.700000000001			1.0
6743.6			1.0
6744.5			1.0
6745.4			1.0
6746.3			1.0
6747.200000000001			1.0
6748.1			1.0
6749.0			1.0
6749.9			1.0
6750.8			1.0
6751.700000000001			1.0
6752.6			1.0
6753.5			1.0
6754.4			1.0
6755.3			1.0
6756.200000000001			1.0
6757.1			1.0
6758.0			1.0
6758.9			1.0
6759.8			1.0
6760.700000000001			1.0
6761.6			1.0
6762.5			1.0
6763.4			1.0
6764.3			1.0
6765.200000000001			1.0
6766.1			1.0
6767.0			1.0
6767.9			1.0
6768.8			1.0
6769.700000000001			1.0
6770.6			1.0
6771.5			1.0
6772.4			0.9982182347250449
6773.3			1.0066111162777047
6774.200000000001			1.0174372590781366
6775.1			1.0321262787750936
6776.0			1.0342664942068913
6776.9			1.014279406896031
6777.8			0.9975244505498928
6778.700000000001			0.997614692694018
6779.6			0.9959995206230912
6780.5			1.0
6781.4			1.0
6782.3			1.0
6783.200000000001			1.0
6784.1			1.0
6785.0			1.0
6785.9			1.0
6786.8			1.0
6787.700000000001			1.0
6788.6			1.0
6789.5			1.0
6790.4			1.0
6791.3			1.0
6792.200000000001			1.0
6793.1			1.0
6794.0			1.0
6794.9			1.0
6795.8			1.0
6796.700000000001			1.0
6797.6			1.0
6798.5			1.0
6799.4			1.0
6800.3			1.0
6801.200000000001			1.0
6802.1			1.0
6803.0			1.0
6803.9			1.0
6804.8			1.0
6805.700000000001			1.0
6806.6			1.0
6807.5			1.0
6808.4			1.0
6809.3			1.0
6810.200000000001			1.0
6811.1			1.0
6812.0			1.0
6812.9			1.0
6813.8			1.0
6814.700000000001			1.0
6815.6			1.0
6816.5			1.0
6817.4			1.0
6818.3			1.0
6819.200000000001			1.0
6820.1			1.0
6821.0			1.0
6821.9			1.0
6822.8			1.0
6823.700000000001			1.0
6824.6			1.0
6825.5			1.0
6826.4			1.0
6827.3			1.0
6828.200000000001			1.0
6829.1			1.0
6830.0			1.0
6830.9			1.0
6831.8			1.0
6832.700000000001			1.0
6833.6			1.0
6834.5			1.0
6835.4			1.0
6836.3			1.0
6837.200000000001			1.0
6838.1			1.0
6839.0			1.0
6839.9			1.0
6840.8			1.0
6841.700000000001			1.0
6842.6			1.0
6843.5			1.0
6844.4			1.0
6845.3			1.0
6846.200000000001			1.0
6847.1			1.0
6848.0			1.0
6848.9			1.0
6849.8			1.0
6850.700000000001			1.0
6851.6			1.0
6852.5			1.0
6853.4			1.0
6854.3			1.0
6855.200000000001			1.0
6856.1			1.0
6857.0			1.0
6857.9			1.0
6858.8			1.0
6859.700000000001			1.0
6860.6			1.0
6861.5			1.0
6862.4			1.0
6863.3			1.0
6864.200000000001			1.0
6865.1			1.0
6866.0			1.0
6866.9			1.0
6867.8			1.0
6868.700000000001			1.0
6869.6			1.0
6870.5			1.0
6871.4			1.0
6872.3			1.0
6873.200000000001			1.0
6874.1			1.0
6875.0			1.0
6875.9			1.0
6876.8			1.0
6877.700000000001			1.0
6878.6			1.0
6879.5			1.0
6880.4			1.0
6881.3			1.0
6882.200000000001			1.0
6883.1			1.0
6884.0			1.0
6884.9			1.0
6885.8			1.0
6886.700000000001			1.0
6887.6			1.0
6888.5			1.0
6889.4			1.0
6890.3			1.0
6891.200000000001			1.0
6892.1			1.0
6893.0			1.0
6893.9			1.0
6894.8			1.0
6895.700000000001			1.0
6896.6			1.0
6897.5			1.0
6898.4			1.0
6899.3			1.0
6900.200000000001			1.0
6901.1			1.0
6902.0			1.0
6902.9			1.0
6903.8			1.0
6904.700000000001			1.0
6905.6			1.0
6906.5			1.0
6907.4			1.0
6908.3			1.0
6909.200000000001			1.0
6910.1			1.0
6911.0			1.0
6911.9			1.0
6912.8			1.0
6913.700000000001			1.0
6914.6			1.0
6915.5			1.0
6916.4			1.0
6917.3			1.0
6918.200000000001			1.0
6919.1			1.0
6920.0			1.0
6920.9			1.0
6921.8			1.0
6922.700000000001			1.0
6923.6			1.0
6924.5			1.0
6925.4			1.0
6926.3			1.0
6927.200000000001			1.0
6928.1			1.0
6929.0			1.0
6929.9			1.0
6930.8			1.0
6931.700000000001			1.0
6932.6			1.0
6933.5			1.0
6934.4			1.0
6935.3			1.0
6936.200000000001			1.0
6937.1			1.0
6938.0			1.0
6938.9			1.0
6939.8			1.0
6940.700000000001			1.0
6941.6			1.0
6942.5			1.0
6943.4			1.0
6944.3			1.0
6945.200000000001			1.0
6946.1			1.0
6947.0			1.0
6947.9			1.0
6948.8			1.0
6949.700000000001			1.0
6950.6			1.0
6951.5			1.0
6952.4			1.0
6953.3			1.0
6954.200000000001			1.0
6955.1			1.0
6956.0			1.0
6956.9			1.0
6957.8			1.0
6958.700000000001			1.0
6959.6			1.0
6960.5			1.0
6961.4			1.0
6962.3			1.0
6963.200000000001			1.0
6964.1			1.0
6965.0			1.0
6965.9			1.0
6966.8			1.0
6967.700000000001			1.0
6968.6			1.0
6969.5			1.0
6970.4			1.0
6971.3			1.0
6972.200000000001			1.0
6973.1			1.0
6974.0			1.0
6974.9			0.9778454984705229
6975.8			0.9551894121463017
6976.700000000001			0.9448058641323156
6977.6			0.9242963196233148
6978.5			0.9054098098257758
6979.4			0.928294663132737
6980.3			0.9682163157725571
6981.200000000001			0.9857553326567131
6982.1			0.9995023187771385
6983.0			1.0
6983.9			1.0
6984.8			1.0
6985.700000000001			1.0
6986.6			1.0
6987.5			1.0
6988.4			1.0
6989.3			1.0
6990.200000000001			1.0
6991.1			1.0
6992.0			1.0
6992.9			1.0
6993.8			1.0
6994.700000000001			1.0
6995.6			1.0
6996.5			1.0
6997.4			1.0
6998.3			1.0
6999.200000000001			1.0
7000.1			1.0
7001.0			1.0
7001.9			1.0
7002.8			1.0
7003.700000000001			1.0
7004.6			1.0
7005.5			1.0
7006.4			1.0
7007.3			1.0
7008.200000000001			1.0
7009.1			1.0
7010.0			1.0
7010.9			1.0
7011.8			1.0
7012.700000000001			1.0
7013.6			1.0
7014.5			1.0
7015.4			1.0
7016.3			1.0
7017.200000000001			1.0
7018.1			1.0
7019.0			1.0
7019.9			1.0
7020.8			1.0
7021.700000000001			1.0
7022.6			1.0
7023.5			1.0
7024.4			1.0
7025.3			1.0
7026.200000000001			1.0
7027.1			1.0
7028.0			1.0
7028.9			1.0
7029.8			1.0
7030.700000000001			1.0
7031.6			1.0
7032.5			1.0
7033.4			1.0
7034.3			1.0
7035.200000000001			1.0
7036.1			1.0
7037.0			1.0
7037.9			1.0
7038.8			1.0
7039.700000000001			1.0
7040.6			1.0
7041.5			1.0
7042.4			1.0
7043.3			1.0
7044.200000000001			1.0
7045.1			1.0
7046.0			1.0
7046.9			1.0
7047.8			1.0
7048.700000000001			1.0
7049.6			1.0
7050.5			1.0
7051.4			1.0
7052.3			1.0
7053.200000000001			1.0
7054.1			1.0
7055.0			1.0
7055.9			1.0
7056.8			1.0
7057.700000000001			1.0
7058.6			1.0
7059.5			1.0
7060.4			1.0
7061.3			1.0
7062.200000000001			1.0
7063.1			1.0
7064.0			1.0
7064.9			1.0
7065.8			1.0
7066.700000000001			1.0
7067.6			1.0
7068.5			1.0
7069.4			1.0
7070.3			1.0
7071.200000000001			1.0
7072.1			1.0
7073.0			1.0
7073.9			1.0
7074.8			1.0
7075.700000000001			1.0
7076.6			1.0
7077.5			1.0
7078.4			1.0
7079.3			1.0
7080.200000000001			1.0
7081.1			1.0
7082.0			1.0
7082.9			1.0
7083.8			1.0
7084.700000000001			1.0
7085.6			1.0
7086.5			1.0
7087.4			1.0
7088.3			1.0
7089.200000000001			1.0
7090.1			1.0
7091.0			1.0
7091.9			1.0
7092.8			1.0
7093.700000000001			1.0
7094.6			1.0
7095.5			1.0
7096.4			1.0
7097.3			1.0
7098.200000000001			1.0
7099.1			1.0
7100.0			1.0
7100.9			1.0
7101.8			1.0
7102.700000000001			1.0
7103.6			1.0
7104.5			1.0
7105.4			1.0
7106.3			1.0
7107.200000000001			1.0
7108.1			1.0
7109.0			1.0
7109.9			1.0
7110.8			1.0
7111.700000000001			1.0
7112.6			1.0
7113.5			1.0
7114.4			1.0
7115.3			1.0
7116.200000000001			1.0
7117.1			1.0
7118.0			1.0
7118.9			1.0
7119.8			1.0
7120.700000000001			1.0
7121.6			1.0
7122.5			1.0
7123.4			1.0
7124.3			1.0
7125.200000000001			1.0
7126.1			1.0
7127.0			1.0
7127.9			1.0
7128.8			1.0
7129.700000000001			1.0
7130.6			1.0
7131.5			1.0
7132.4			1.0
7133.3			1.0
7134.200000000001			1.0
7135.1			1.0
7136.0			1.0
7136.9			1.0
7137.8			1.0
7138.700000000001			1.0
7139.6			1.0
7140.5			1.0
7141.4			1.0
7142.3			1.0
7143.200000000001			1.0
7144.1			1.0
7145.0			1.0
7145.9			1.0
7146.8			1.0
7147.700000000001			1.0
7148.6			1.0
7149.5			1.0
7150.4			1.0
7151.3			1.0
7152.200000000001			1.0
7153.1			1.0
7154.0			1.0
7154.9			1.0
7155.8			1.0
7156.700000000001			1.0
7157.6			1.0
7158.5			1.0
7159.4			1.0
7160.3			1.0
7161.200000000001			1.0
7162.1			1.0
7163.0			1.0
7163.9			1.0
7164.8			1.0
7165.700000000001			1.0
7166.6			1.0
7167.5			1.0
7168.4			1.0
7169.3			1.0
7170.200000000001			1.0
7171.1			1.0
7172.0			1.0
7172.9			1.0
7173.8			1.0
7174.700000000001			1.0
7175.6			1.0
7176.5			1.0
7177.4			1.0
7178.3			1.0
7179.200000000001			1.0
7180.1			1.0
7181.0			1.0
7181.9			1.0
7182.8			1.0
7183.700000000001			1.0
7184.6			1.0
7185.5			1.0
7186.4			1.0
7187.3			1.0
7188.200000000001			1.0
7189.1			1.0
7190.0			1.0
7190.9			1.0
7191.8			1.0
7192.700000000001			1.0
7193.6			1.0
7194.5			1.0
7195.4			1.0
7196.3			1.0
7197.200000000001			1.0
7198.1			1.0
7199.0			1.0
7199.9			1.0
7200.8			1.0
7201.700000000001			1.0
7202.6			1.0
7203.5			1.0
7204.4			1.0
7205.3			1.0
7206.200000000001			1.0
7207.1			1.0
7208.0			1.0
7208.9			1.0
7209.8			1.0
7210.700000000001			1.0
7211.6			1.0
7212.5			1.0
7213.4			1.0
7214.3			1.0
7215.200000000001			1.0
7216.1			1.0
7217.0			1.0
7217.9			1.0
7218.8			1.0
7219.700000000001			1.0
7220.6			1.0
7221.5			1.0
7222.4			1.0
7223.3			1.0
7224.200000000001			1.0
7225.1			1.0
7226.0			1.0
7226.9			1.0
7227.8			1.0
7228.700000000001			1.0
7229.6			1.0
7230.5			1.0
7231.4			1.0
7232.3			1.0
7233.200000000001			1.0
7234.1			1.0
7235.0			1.0
7235.9			1.0
7236.8			1.0
7237.700000000001			1.0
7238.6			1.0
7239.5			1.0
7240.4			1.0
7241.3			1.0
7242.200000000001			1.0
7243.1			1.0
7244.0			1.0
7244.9			1.0
7245.8			1.0
7246.700000000001			1.0
7247.6			1.0
7248.5			1.0
7249.4			1.0
7250.3			1.0
7251.200000000001			1.0
7252.1			1.0
7253.0			1.0
7253.9			1.0
7254.8			1.0
7255.700000000001			1.0
7256.6			1.0
7257.5			1.0
7258.4			1.0
7259.3			1.0
7260.200000000001			1.0
7261.1			1.0
7262.0			1.0
7262.9			1.0
7263.8			1.0
7264.700000000001			1.0
7265.6			1.0
7266.5			1.0
7267.4			1.0
7268.3			1.0
7269.200000000001			1.0
7270.1			1.0
7271.0			1.0
7271.9			1.0
7272.8			1.0
7273.700000000001			1.0
7274.6			1.0
7275.5			1.0
7276.4			1.0
7277.3			1.0
7278.200000000001			1.0
7279.1			1.0
7280.0			1.0
7280.9			1.0
7281.8			1.0
7282.700000000001			1.0
7283.6			1.0
7284.5			1.0
7285.4			1.0
7286.3			1.0
7287.200000000001			1.0
7288.1			1.0
7289.0			1.0
7289.9			1.0
7290.8			1.0
7291.700000000001			1.0
7292.6			1.0
7293.5			1.0
7294.4			1.0
7295.3			1.0
7296.200000000001			1.0
7297.1			1.0
7298.0			1.0
7298.9			1.0
7299.8			1.0
7300.700000000001			1.0
7301.6			1.0
7302.5			1.0
7303.4			1.0
7304.3			1.0
7305.200000000001			1.0
7306.1			1.0
7307.0			1.0
7307.9			1.0
7308.8			1.0
7309.700000000001			1.0
7310.6			1.0
7311.5			1.0
7312.4			1.0
7313.3			1.0
7314.200000000001			1.0
7315.1			1.0
7316.0			1.0
7316.9			1.0
7317.8			1.0
7318.700000000001			1.0
7319.6			1.0
7320.5			1.0
7321.4			1.0
7322.3			1.0
7323.200000000001			1.0
7324.1			1.0
7325.0			1.0
7325.9			1.0
7326.8			1.0
7327.700000000001			1.0
7328.6			1.0
7329.5			1.0
7330.4			1.0
7331.3			1.0
7332.200000000001			1.0
7333.1			1.0
7334.0			1.0
7334.9			1.0
7335.8			1.0
7336.700000000001			1.0
7337.6			1.0
7338.5			1.0
7339.4			1.0
7340.3			1.0
7341.200000000001			1.0
7342.1			1.0
7343.0			1.0
7343.9			1.0
7344.8			1.0
7345.700000000001			1.0
7346.6			1.0
7347.5			1.0
7348.4			1.0
7349.3			1.0
7350.200000000001			1.0
7351.1			1.0
7352.0			1.0
7352.9			1.0
7353.8			1.0
7354.700000000001			1.0
7355.6			1.0
7356.5			1.0
7357.4			1.0
7358.3			1.0
7359.200000000001			1.0
7360.1			1.0
7361.0			1.0
7361.9			1.0
7362.8			1.0
7363.700000000001			1.0
7364.6			1.0
7365.5			1.0
7366.4			1.0
7367.3			1.0
7368.200000000001			1.0
7369.1			1.0
7370.0			1.0
7370.9			1.0
7371.8			1.0
7372.700000000001			1.0
7373.6			1.0
7374.5			1.0
7375.4			1.0
7376.3			1.0
7377.200000000001			1.0
7378.1			1.0
7379.0			1.0
7379.9			1.0
7380.8			1.0
7381.700000000001			1.0
7382.6			1.0
7383.5			1.0
7384.4			1.0
7385.3			1.0
7386.200000000001			1.0
7387.1			1.0
7388.0			1.0
7388.9			1.0
7389.8			1.0
7390.700000000001			1.0
7391.6			1.0
7392.5			1.0
7393.4			1.0
7394.3			1.0
7395.200000000001			1.0
7396.1			1.0
7397.0			1.0
7397.9			1.0
7398.8			1.0
7399.700000000001			1.0
7400.6			1.0
7401.5			1.0
7402.4			1.0
7403.3			1.0
7404.200000000001			1.0
7405.1			1.0
7406.0			1.0
7406.9			1.0
7407.8			1.0
7408.700000000001			1.0
7409.6			1.0
7410.5			1.0
7411.4			1.0
7412.3			1.0
7413.200000000001			1.0
7414.1			1.0
7415.0			1.0
7415.9			1.0
7416.8			1.0
7417.700000000001			1.0
7418.6			1.0
7419.5			1.0
7420.4			1.0
7421.3			1.0
7422.200000000001			1.0
7423.1			1.0
7424.0			1.0
7424.9			1.0
7425.8			1.0
7426.700000000001			1.0
7427.6			1.0
7428.5			1.0
7429.4			1.0
