3500.0			1.0
3500.9			1.0
3501.8			1.0
3502.7			1.0
3503.6			1.0
3504.5			1.0
3505.4			1.0
3506.3			1.0
3507.2			1.0
3508.1			1.0
3509.0			1.0
3509.9			1.0
3510.8			1.0
3511.7			1.0
3512.6			1.0
3513.5			1.0
3514.4			1.0
3515.3			1.0
3516.2			1.0
3517.1			1.0
3518.0			1.0
3518.9			1.0
3519.8			1.0
3520.7			1.0
3521.6			1.0
3522.5			1.0
3523.4			1.0
3524.3			1.0
3525.2			1.0
3526.1			1.0
3527.0			1.0
3527.9			1.0
3528.8			1.0
3529.7			1.0
3530.6			1.0
3531.5			1.0
3532.4			1.0
3533.3			1.0
3534.2			1.0
3535.1			1.0
3536.0			1.0
3536.9			1.0
3537.8			1.0
3538.7			1.0
3539.6			1.0
3540.5			1.0
3541.4			1.0
3542.3			1.0
3543.2			1.0
3544.1			1.0
3545.0			1.0
3545.9			1.0
3546.8			1.0
3547.7			1.0
3548.6			1.0
3549.5			1.0
3550.4			1.0
3551.3			1.0
3552.2			1.0
3553.1			1.0
3554.0			1.0
3554.9			1.0
3555.8			1.0
3556.7			1.0
3557.6			1.0
3558.5			1.0
3559.4			1.0
3560.3			1.0
3561.2			1.0
3562.1			1.0
3563.0			1.0
3563.9			1.0
3564.8			1.0
3565.7			1.0
3566.6			1.0
3567.5			1.0
3568.4			1.0
3569.3			1.0
3570.2			1.0
3571.1			1.0
3572.0			1.0
3572.9			1.0
3573.8			1.0
3574.7			1.0
3575.6			1.0
3576.5			1.0
3577.4			1.0
3578.3			1.0
3579.2			1.0
3580.1			1.0
3581.0			1.0
3581.9			1.0
3582.8			1.0
3583.7			1.0
3584.6			1.0
3585.5			1.0
3586.4			1.0
3587.3			1.0
3588.2			1.0
3589.1			1.0
3590.0			1.0
3590.9			1.0
3591.8			1.0
3592.7			1.0
3593.6			1.0
3594.5			1.0
3595.4			1.0
3596.3			1.0
3597.2			1.0
3598.1			1.0
3599.0			1.0
3599.9			1.0
3600.8			1.0
3601.7			1.0
3602.6			1.0
3603.5			1.0
3604.4			1.0
3605.3			1.0
3606.2			1.0
3607.1			1.0
3608.0			1.0
3608.9			1.0
3609.8			1.0
3610.7			1.0
3611.6			1.0
3612.5			1.0
3613.4			1.0
3614.3			1.0
3615.2			1.0
3616.1			1.0
3617.0			1.0
3617.9			1.0
3618.8			1.0
3619.7			1.0
3620.6			1.0
3621.5			1.0
3622.4			1.0
3623.3			1.0
3624.2			1.0
3625.1			1.0
3626.0			1.0
3626.9			1.0
3627.8			1.0
3628.7			1.0
3629.6			1.0
3630.5			1.0
3631.4			1.0
3632.3			1.0
3633.2			1.0
3634.1			1.0
3635.0			1.0
3635.9			1.0
3636.8			1.0
3637.7			1.0
3638.6			1.0
3639.5			1.0
3640.4			1.0
3641.3			1.0
3642.2			1.0
3643.1			1.0
3644.0			1.0
3644.9			1.0
3645.8			1.0
3646.7			1.0
3647.6			1.0
3648.5			1.0
3649.4			1.0
3650.3			1.0
3651.2			1.0
3652.1			1.0
3653.0			1.0
3653.9			1.0
3654.8			1.0
3655.7			1.0
3656.6			1.0
3657.5			1.0
3658.4			1.0
3659.3			1.0
3660.2			1.0
3661.1			1.0
3662.0			1.0
3662.9			1.0
3663.8			1.0
3664.7			1.0
3665.6			1.0
3666.5			1.0
3667.4			1.0
3668.3			1.0
3669.2			1.0
3670.1			1.0
3671.0			1.0
3671.9			1.0
3672.8			1.0
3673.7			1.0
3674.6			1.0
3675.5			1.0
3676.4			1.0
3677.3			1.0
3678.2			1.0
3679.1			1.0
3680.0			1.0
3680.9			1.0
3681.8			1.0
3682.7			1.0
3683.6			1.0
3684.5			1.0
3685.4			1.0
3686.3			1.0
3687.2			1.0
3688.1			1.0
3689.0			1.0
3689.9			1.0
3690.8			1.0
3691.7			1.0
3692.6			1.0
3693.5			1.0
3694.4			1.0
3695.3			1.0
3696.2			1.0
3697.1			1.0
3698.0			1.0
3698.9			1.0
3699.8			1.0
3700.7			1.0
3701.6			1.0
3702.5			1.0
3703.4			1.0
3704.3			1.0
3705.2			1.0
3706.1			1.0
3707.0			1.0
3707.9			1.0
3708.8			1.0
3709.7			1.0
3710.6			1.0
3711.5			1.0
3712.4			1.0
3713.3			1.0
3714.2			1.0
3715.1			1.0
3716.0			1.0
3716.9			1.0
3717.8			1.0
3718.7			1.0
3719.6			1.0
3720.5			1.0
3721.4			1.0
3722.3			1.0
3723.2			1.0
3724.1			1.0
3725.0			1.0
3725.9			1.0
3726.8			1.0
3727.7			1.0
3728.6			1.0
3729.5			1.0
3730.4			1.0
3731.3			1.0
3732.2			1.0
3733.1			1.0
3734.0			1.0
3734.9			1.0
3735.8			1.0
3736.7			1.0
3737.6			1.0
3738.5			1.0
3739.4			1.0
3740.3			1.0
3741.2			1.0
3742.1			1.0
3743.0			1.0
3743.9			1.0
3744.8			1.0
3745.7			1.0
3746.6			1.0
3747.5			1.0
3748.4			1.0
3749.3			1.0
3750.2			1.0
3751.1			1.0
3752.0			1.0
3752.9			1.0
3753.8			1.0
3754.7			1.0
3755.6			1.0
3756.5			1.0
3757.4			1.0
3758.3			1.0
3759.2			1.0
3760.1			1.0
3761.0			1.0
3761.9			1.0
3762.8			1.0
3763.7			1.0
3764.6			1.0
3765.5			1.0
3766.4			1.0
3767.3			1.0
3768.2			1.0
3769.1			1.0
3770.0			1.0
3770.9			1.0
3771.8			1.0
3772.7			1.0
3773.6			1.0
3774.5			1.0
3775.4			1.0
3776.3			1.0
3777.2			1.0
3778.1			1.0
3779.0			1.0
3779.9			1.0
3780.8			1.0
3781.7			1.0
3782.6			1.0
3783.5			1.0
3784.4			1.0
3785.3			1.0
3786.2			1.0
3787.1			1.0
3788.0			1.0
3788.9			1.0
3789.8			1.0
3790.7			1.0
3791.6			1.0
3792.5			1.0
3793.4			1.0
3794.3			1.0
3795.2			1.0
3796.1			1.0
3797.0			1.0
3797.9			1.0
3798.8			1.0
3799.7			1.0
3800.6			1.0
3801.5			1.0
3802.4			1.0
3803.3			1.0
3804.2			1.0
3805.1			1.0
3806.0			1.0
3806.9			1.0
3807.8			1.0
3808.7			1.0
3809.6			1.0
3810.5			1.0
3811.4			1.0
3812.3			1.0
3813.2			1.0
3814.1			1.0
3815.0			1.0
3815.9			1.0
3816.8			1.0
3817.7			1.0
3818.6			1.0
3819.5			1.0
3820.4			1.0
3821.3			1.0
3822.2			1.0
3823.1			1.0
3824.0			1.0
3824.9			1.0
3825.8			1.0
3826.7			1.0
3827.6			1.0
3828.5			1.0
3829.4			1.0
3830.3			1.0
3831.2			1.0
3832.1			1.0
3833.0			1.0
3833.9			1.0
3834.8			1.0
3835.7			1.0
3836.6			1.0
3837.5			1.0
3838.4			1.0
3839.3			1.0
3840.2			1.0
3841.1			1.0
3842.0			1.0
3842.9			1.0
3843.8			1.0
3844.7			1.0
3845.6			1.0
3846.5			1.0
3847.4			1.0
3848.3			1.0
3849.2			1.0
3850.1			1.0
3851.0			1.0
3851.9			1.0
3852.8			1.0
3853.7			1.0
3854.6			1.0
3855.5			1.0
3856.4			1.0
3857.3			1.0
3858.2			1.0
3859.1			1.0
3860.0			1.0
3860.9			1.0
3861.8			1.0
3862.7			1.0
3863.6			1.0
3864.5			1.0
3865.4			1.0
3866.3			1.0
3867.2			1.0
3868.1			1.0
3869.0			1.0
3869.9			1.0
3870.8			1.0
3871.7			1.0
3872.6			1.0
3873.5			1.0
3874.4			1.0
3875.3			1.0
3876.2			1.0
3877.1			1.0
3878.0			1.0
3878.9			1.0
3879.8			1.0
3880.7			1.0
3881.6			1.0
3882.5			1.0
3883.4			1.0
3884.3			1.0
3885.2			1.0
3886.1			1.0
3887.0			1.0
3887.9			1.0
3888.8			1.0
3889.7			1.0
3890.6			1.0
3891.5			1.0
3892.4			1.0
3893.3			1.0
3894.2			1.0
3895.1			1.0
3896.0			1.0
3896.9			1.0
3897.8			1.0
3898.7			1.0
3899.6			1.0
3900.5			1.0
3901.4			1.0
3902.3			1.0
3903.2			1.0
3904.1			1.0
3905.0			1.0
3905.9			1.0
3906.8			1.0
3907.7			1.0
3908.6			1.0
3909.5			1.0
3910.4			1.0
3911.3			1.0
3912.2			1.0
3913.1			1.0
3914.0			1.0
3914.9			1.0
3915.8			1.0
3916.7			1.0
3917.6			1.0
3918.5			1.0
3919.4			1.0
3920.3			1.0
3921.2			1.0
3922.1			1.0
3923.0			1.0
3923.9			1.0
3924.8			1.0
3925.7			1.0
3926.6			1.0
3927.5			1.0
3928.4			1.0
3929.3			1.0
3930.2			1.0
3931.1			1.0
3932.0			1.0
3932.9			1.0
3933.8			1.0
3934.7			1.0
3935.6			1.0
3936.5			1.0
3937.4			1.0
3938.3			1.0
3939.2			1.0
3940.1			1.0
3941.0			1.0
3941.9			1.0
3942.8			1.0
3943.7			1.0
3944.6			1.0
3945.5			1.0
3946.4			1.0
3947.3			1.0
3948.2			1.0
3949.1			1.0
3950.0			1.0
3950.9			1.0
3951.8			1.0
3952.7			1.0
3953.6			1.0
3954.5			1.0
3955.4			1.0
3956.3			1.0
3957.2			1.0
3958.1			1.0
3959.0			1.0
3959.9			1.0
3960.8			1.0
3961.7			1.0
3962.6			1.0
3963.5			1.0
3964.4			1.0
3965.3			1.0
3966.2			1.0
3967.1			1.0
3968.0			1.0
3968.9			1.0
3969.8			1.0
3970.7			1.0
3971.6			1.0
3972.5			1.0
3973.4			1.0
3974.3			1.0
3975.2			1.0
3976.1			1.0
3977.0			1.0
3977.9			1.0
3978.8			1.0
3979.7			1.0
3980.6			1.0
3981.5			1.0
3982.4			1.0
3983.3			1.0
3984.2			1.0
3985.1			1.0
3986.0			1.0
3986.9			1.0
3987.8			1.0
3988.7			1.0
3989.6			1.0
3990.5			1.0
3991.4			1.0
3992.3			1.0
3993.2			1.0
3994.1			1.0
3995.0			1.0
3995.9			1.0
3996.8			1.0
3997.7			1.0
3998.6			1.0
3999.5			1.0
4000.4			1.0
4001.3			1.0
4002.2			1.0153180577101493
4003.1			1.0462070350689294
4004.0			0.9441798939137445
4004.9			0.7646444810076749
4005.8			0.7080401436968204
4006.7			0.8001728744775831
4007.6			0.8810534847346896
4008.5			0.9542183847481486
4009.4			1.0041291459608994
4010.3			1.0
4011.2			1.0
4012.1			1.0
4013.0			1.0
4013.9			1.0
4014.8			1.0
4015.7			1.0
4016.6			1.0
4017.5			1.0
4018.4			1.0
4019.3			1.0
4020.2			1.0
4021.1			1.0
4022.0			1.0
4022.9			1.0
4023.8			1.0
4024.7			1.0
4025.6			1.0
4026.5			1.092373361583175
4027.4			1.1488041674981133
4028.3			1.1527793018935601
4029.2			1.0841420777604756
4030.1			0.9110136335975714
4031.0			0.7739296059027838
4031.9			0.7420372660394174
4032.8			0.7381414304631667
4033.7			0.7598318150939132
4034.6			0.7718854730728252
4035.5			0.8192656113606285
4036.4			0.9186145451042488
4037.3			1.0007774138774026
4038.2			1.0
4039.1			1.0
4040.0			1.0
4040.9			1.0
4041.8			1.0
4042.7			1.0255718127034512
4043.6			0.9532508844200235
4044.5			0.7389278782792366
4045.4			0.5918789227710453
4046.3			0.6703217812251916
4047.2			0.8557376635246678
4048.1			0.9974076454176128
4049.0			1.0
4049.9			1.0
4050.8			1.0
4051.7			1.0
4052.6			1.0
4053.5			1.0
4054.4			1.0
4055.3			1.0
4056.2			1.0
4057.1			1.0
4058.0			1.0
4058.9			1.0
4059.8			1.0
4060.7			1.0
4061.6			1.0
4062.5			1.0
4063.4			1.0
4064.3			1.0
4065.2			1.0
4066.1			1.0
4067.0			1.0
4067.9			1.0
4068.8			1.0
4069.7			1.0
4070.6			1.0
4071.5			1.0
4072.4			1.0
4073.3			1.0934512048786398
4074.2			1.085079716789274
4075.1			0.9729012915946113
4076.0			0.8417505307597798
4076.9			0.7648116817456511
4077.8			0.7671392488921844
4078.7			0.8390555541019068
4079.6			0.9372136915919339
4080.5			0.9995633443038988
4081.4			1.0
4082.3			1.0
4083.2			1.0
4084.1			1.0
4085.0			1.0
4085.9			1.0
4086.8			1.0
4087.7			1.0
4088.6			1.0
4089.5			1.0
4090.4			1.0
4091.3			1.0
4092.2			1.0
4093.1			1.0
4094.0			1.0
4094.9			1.0
4095.8			1.0
4096.7			1.0
4097.6			1.0
4098.5			1.0146849837397716
4099.4			1.0098051520684814
4100.3			0.9075759620346292
4101.2			0.7948333955748987
4102.1			0.7516478245545238
4103.0			0.7865370789002745
4103.9			0.8882133442937556
4104.8			0.9764097362547464
4105.7			1.0023681758595648
4106.6			1.0
4107.5			1.0
4108.4			1.0
4109.3			1.0
4110.2			1.0
4111.1			1.0
4112.0			1.0
4112.9			1.0
4113.8			1.0
4114.7			1.0
4115.6			1.0
4116.5			1.0
4117.4			1.0
4118.3			1.0
4119.2			1.0
4120.1			1.0
4121.0			1.0
4121.9			1.0
4122.8			1.0
4123.7			1.0
4124.6			1.0
4125.5			1.0
4126.4			1.0
4127.3			1.0
4128.2			1.0
4129.1			1.0
4130.0			1.0
4130.9			1.0
4131.8			1.0
4132.7			1.0
4133.6			1.0
4134.5			1.0
4135.4			1.0
4136.3			1.0
4137.2			1.0
4138.1			1.0
4139.0			1.0
4139.9			1.0
4140.8			0.9713486854550193
4141.7			0.8805433790952514
4142.6			0.7531393354037251
4143.5			0.6648520729025991
4144.4			0.7175372154181466
4145.3			0.8803886492268579
4146.2			0.9918827028045676
4147.1			1.0
4148.0			1.0
4148.9			1.0
4149.8			1.0
4150.7			1.0
4151.6			1.0
4152.5			1.0
4153.4			1.0
4154.3			1.0
4155.2			1.0
4156.1			1.0
4157.0			1.0
4157.9			1.0
4158.8			1.0
4159.7			1.0
4160.6			1.0
4161.5			1.0
4162.4			1.0
4163.3			1.0
4164.2			1.0
4165.1			1.0
4166.0			1.0
4166.9			1.0
4167.8			1.0
4168.7			1.0
4169.6			1.0525214045827647
4170.5			1.0690342472974328
4171.4			0.9648490354255992
4172.3			0.8154206508787214
4173.2			0.7977094863907577
4174.1			0.8939414382241394
4175.0			1.0016458064786684
4175.9			1.0435466548615735
4176.8			1.0013399300154342
4177.7			1.0
4178.6			1.0
4179.5			1.0
4180.4			1.0
4181.3			1.0
4182.2			1.0
4183.1			1.0
4184.0			1.0
4184.9			1.0
4185.8			1.0
4186.7			1.0
4187.6			1.0
4188.5			1.0
4189.4			1.0
4190.3			1.0
4191.2			1.0
4192.1			1.0
4193.0			1.0702102521514256
4193.9			1.0765386011956406
4194.8			0.9719744886208848
4195.7			0.8617047618770075
4196.6			0.8451274002614328
4197.5			0.8552193153630965
4198.4			0.8836308450611753
4199.3			0.9908815492184438
4200.2			1.0716236022305439
4201.1			1.0412557148161155
4202.0			1.0039234106155637
4202.9			1.0
4203.8			1.0
4204.7			1.0
4205.6			1.0
4206.5			1.0
4207.4			1.0
4208.3			1.0
4209.2			1.0
4210.1			1.0
4211.0			1.0
4211.9			1.0
4212.8			0.9421518110575139
4213.7			0.8215690790994653
4214.6			0.682315488342859
4215.5			0.6416752205581129
4216.4			0.7484356867386293
4217.3			0.9155492852907876
4218.2			0.9889768760643891
4219.1			1.0
4220.0			1.0
4220.9			1.0
4221.8			1.0
4222.7			1.0
4223.6			0.917794746179831
4224.5			0.8343028769448158
4225.4			0.6642189553455735
4226.3			0.5184442899893135
4227.2			0.5995709452042599
4228.1			0.8396581613344049
4229.0			0.9966380008393506
4229.9			1.0
4230.8			1.0
4231.7			0.9850461912474385
4232.6			0.8988437696240069
4233.5			0.874343338522637
4234.4			0.9051504335837293
4235.3			0.8530938648954088
4236.2			0.7753988456693258
4237.1			0.7880303603365593
4238.0			0.8498511511512281
4238.9			0.888126335687721
4239.8			0.935908393375919
4240.7			1.0003727456010822
4241.6			1.0
4242.5			1.0
4243.4			1.0
4244.3			1.0
4245.2			1.0
4246.1			1.0
4247.0			1.0
4247.9			1.0
4248.8			1.0
4249.7			1.0
4250.6			1.0
4251.5			1.0
4252.4			1.0
4253.3			1.0
4254.2			1.0
4255.1			1.0
4256.0			0.9975449741580373
4256.9			1.0324886564517348
4257.8			1.0080044126842473
4258.7			0.9057484784893848
4259.6			0.8240301531514648
4260.5			0.8003659548527665
4261.4			0.8280352701552314
4262.3			0.9049740170100785
4263.2			0.9589998884882632
4264.1			0.9626158188193599
4265.0			1.0
4265.9			1.0288726384459628
4266.8			0.989932558915963
4267.7			0.9318356587190952
4268.6			0.8910430803195607
4269.5			0.862771387206225
4270.4			0.7834948689194021
4271.3			0.7034415981819623
4272.2			0.7226558634258285
4273.1			0.7694924742233683
4274.0			0.7673597676254172
4274.9			0.790716956336027
4275.8			0.8911090653565304
4276.7			0.9965080959637187
4277.6			1.0
4278.5			1.0
4279.4			1.0
4280.3			1.0
4281.2			1.0
4282.1			1.0
4283.0			1.0
4283.9			1.0
4284.8			0.8910317477347189
4285.7			0.7829787659126459
4286.6			0.7921993189236161
4287.5			0.8635036901291552
4288.4			0.846965827924938
4289.3			0.7268949566572305
4290.2			0.6610615818568365
4291.1			0.7483907425599255
4292.0			0.8928454103982055
4292.9			0.9698731711880247
4293.8			0.9392241781853736
4294.7			0.8571141617062462
4295.6			0.8217332028040968
4296.5			0.7950854535541857
4297.4			0.7384338374876585
4298.3			0.6697545397728484
4299.2			0.5893566612258957
4300.1			0.5625422798977048
4301.0			0.6198926710966992
4301.9			0.6414003320063236
4302.8			0.6067261676694773
4303.7			0.6067217058187745
4304.6			0.623139603181197
4305.5			0.6355265096294792
4306.4			0.6378181734494116
4307.3			0.6014016891669876
4308.2			0.5464254144532359
4309.1			0.5432298580880371
4310.0			0.5745451212961709
4310.9			0.6090840149271746
4311.8			0.6732532946649238
4312.7			0.7252144010537561
4313.6			0.7607406617749821
4314.5			0.8325910337845068
4315.4			0.9966016871818557
4316.3			1.0
4317.2			1.0
4318.1			1.0
4319.0			1.0
4319.9			1.0
4320.8			1.0
4321.7			0.9405176545178591
4322.6			0.87424235211328
4323.5			0.7781110135693848
4324.4			0.6760789048081122
4325.3			0.6214792791211279
4326.2			0.6757898975275455
4327.1			0.8375290267107752
4328.0			0.9808820477651105
4328.9			1.0004927512979767
4329.8			1.0
4330.7			1.0
4331.6			1.0
4332.5			1.0
4333.4			1.0
4334.3			1.0
4335.2			1.0
4336.1			0.9552137591644474
4337.0			0.822482523194227
4337.9			0.7159134265210053
4338.8			0.7004964019401522
4339.7			0.6763196026581236
4340.6			0.6506119393610896
4341.5			0.7659630504904638
4342.4			0.9058767450275582
4343.3			0.9310997892195382
4344.2			0.9235339524645392
4345.1			1.0068256142062948
4346.0			1.0
4346.9			1.0
4347.8			1.0
4348.7			1.0
4349.6			1.043895553193857
4350.5			0.9274440792506121
4351.4			0.770294816806646
4352.3			0.7599251716330806
4353.2			0.8824565152387318
4354.1			0.9803364659072837
4355.0			1.0062611580795637
4355.9			1.0
4356.8			1.0
4357.7			1.0
4358.6			1.0
4359.5			1.0
4360.4			1.0
4361.3			1.0
4362.2			1.0
4363.1			1.0
4364.0			1.0
4364.9			1.0
4365.8			1.0
4366.7			1.0
4367.6			1.0
4368.5			1.0
4369.4			1.0
4370.3			1.0
4371.2			1.0
4372.1			1.0
4373.0			0.9660549398046484
4373.9			0.8745851915666973
4374.8			0.8079785698227637
4375.7			0.861701697285462
4376.6			0.9915075049646396
4377.5			1.0
4378.4			1.0
4379.3			1.0
4380.2			1.019989721636036
4381.1			1.041098360436654
4382.0			0.9616975552504509
4382.9			0.7686044058020673
4383.8			0.6405056911199737
4384.7			0.6989766661975841
4385.6			0.8678158583527232
4386.5			0.9933333251866526
4387.4			0.9975789339736412
4388.3			1.0
4389.2			1.0
4390.1			1.0
4391.0			1.0
4391.9			1.0
4392.8			1.0
4393.7			1.0
4394.6			1.0
4395.5			1.0
4396.4			1.0
4397.3			1.0
4398.2			1.0
4399.1			0.9358821011914945
4400.0			0.8657201291049516
4400.9			0.8725537371523042
4401.8			0.9382697545142185
4402.7			0.9686465124782005
4403.6			0.8969303414189177
4404.5			0.7964762655036003
4405.4			0.8124484951118489
4406.3			0.9026374713915236
4407.2			0.9227349347050189
4408.1			0.8803290355413492
4409.0			0.8874315160189808
4409.9			0.9972347332853565
4410.8			1.0
4411.7			1.0
4412.6			1.0
4413.5			1.0
4414.4			1.0
4415.3			1.0
4416.2			1.0
4417.1			1.0
4418.0			1.0
4418.9			1.0
4419.8			1.0
4420.7			1.0
4421.6			1.0
4422.5			1.0
4423.4			1.0
4424.3			1.0
4425.2			1.0
4426.1			1.0
4427.0			1.0
4427.9			1.0
4428.8			1.0
4429.7			1.0
4430.6			1.0
4431.5			1.0
4432.4			1.0063455631038742
4433.3			0.9358624729164154
4434.2			0.8390441941360981
4435.1			0.7782188556981249
4436.0			0.8156815526262835
4436.9			0.9261111013978648
4437.8			1.0080853043043383
4438.7			1.0
4439.6			1.0
4440.5			1.0
4441.4			1.0
4442.3			1.0
4443.2			1.0
4444.1			1.0
4445.0			1.0
4445.9			1.0
4446.8			1.0
4447.7			1.0
4448.6			1.0
4449.5			1.0
4450.4			1.0
4451.3			1.0758702745570463
4452.2			1.1455599753954506
4453.1			1.0952051803843537
4454.0			0.9966338132468227
4454.9			0.9384553861073545
4455.8			0.9557238157335137
4456.7			1.0171876960140516
4457.6			1.0225345493905569
4458.5			0.9994419664787247
4459.4			1.0
4460.3			1.0
4461.2			1.0
4462.1			1.0
4463.0			1.0
4463.9			1.0
4464.8			1.0
4465.7			1.0
4466.6			1.0
4467.5			1.0
4468.4			1.0
4469.3			1.0
4470.2			1.0
4471.1			1.0
4472.0			1.0
4472.9			1.0
4473.8			1.0
4474.7			1.0
4475.6			1.0
4476.5			1.0
4477.4			1.02056903979264
4478.3			1.0159971819250568
4479.2			0.9815698760908796
4480.1			0.9157512304184241
4481.0			0.8821097193000071
4481.9			0.8991002929525872
4482.8			0.9315933239906102
4483.7			0.9704105644305941
4484.6			1.002826798377905
4485.5			1.0
4486.4			1.0
4487.3			1.0
4488.2			1.0
4489.1			1.0
4490.0			1.0
4490.9			1.0
4491.8			1.0613274712993246
4492.7			1.0822893662333755
4493.6			1.0197673025428697
4494.5			0.9705642445055379
4495.4			0.9384404803584996
4496.3			0.935102051044941
4497.2			0.9881669343883707
4498.1			1.0349663569023309
4499.0			1.0637502701702533
4499.9			1.0539876789449956
4500.8			0.9996890387228986
4501.7			1.0
4502.6			1.0
4503.5			1.0
4504.4			1.0
4505.3			1.0
4506.2			1.0
4507.1			1.0
4508.0			1.0
4508.9			1.0
4509.8			1.0
4510.7			1.0
4511.6			1.0
4512.5			1.0
4513.4			1.0
4514.3			1.0
4515.2			1.0104823504939344
4516.1			1.0179372450063044
4517.0			0.9685670007902146
4517.9			0.9156011213052301
4518.8			0.9501584502216303
4519.7			0.9992653282998908
4520.6			1.0438568470710998
4521.5			1.0352611707975425
4522.4			0.9561448947064608
4523.3			0.936622339573424
4524.2			0.9492310220490054
4525.1			0.9387730385613492
4526.0			0.9321389167204904
4526.9			0.8989274503513525
4527.8			0.850020774142899
4528.7			0.8287555788756237
4529.6			0.8157772006575252
4530.5			0.8173413923758865
4531.4			0.863369442152058
4532.3			0.9091455338451753
4533.2			0.9182627021219506
4534.1			0.8934063401156149
4535.0			0.8451212289145557
4535.9			0.8662642805643653
4536.8			0.9702314781243284
4537.7			1.0456712994583448
4538.6			1.06176618781167
4539.5			1.0265452917332796
4540.4			0.9731439146032039
4541.3			0.9649641868180492
4542.2			1.0049904442440636
4543.1			1.0276431345458767
4544.0			0.9989625887644996
4544.9			1.0
4545.8			1.0
4546.7			1.017171296574946
4547.6			0.9972918928588524
4548.5			0.9398098317956791
4549.4			0.8939088850828943
4550.3			0.9220973898268369
4551.2			0.9605874856113138
4552.1			0.9371804382134361
4553.0			0.8991548741460623
4553.9			0.8777231321231618
4554.8			0.8875331696585848
4555.7			0.9335368852305332
4556.6			0.9682400329993107
4557.5			1.0024003846841945
4558.4			1.0284521079889037
4559.3			1.0245485476778684
4560.2			0.9967015880734843
4561.1			1.0
4562.0			1.0221029009747205
4562.9			0.9629155385661667
4563.8			0.887959164934803
4564.7			0.8626427285327144
4565.6			0.8921706367634881
4566.5			0.9542008572718226
4567.4			0.9996479323656647
4568.3			1.0
4569.2			1.0
4570.1			1.0
4571.0			1.0
4571.9			1.0
4572.8			1.0
4573.7			1.0
4574.6			1.0
4575.5			1.0
4576.4			1.0
4577.3			1.0
4578.2			0.9970658831382537
4579.1			0.9753944048240497
4580.0			0.9265805534403265
4580.9			0.9041549556714751
4581.8			0.9448738503475076
4582.7			0.9907704616560276
4583.6			0.99793855914318
4584.5			1.0
4585.4			1.0
4586.3			1.0
4587.2			1.0
4588.1			1.0
4589.0			1.0
4589.9			1.0
4590.8			1.0
4591.7			1.0
4592.6			1.0
4593.5			1.0
4594.4			1.0
4595.3			1.0
4596.2			1.0
4597.1			1.0
4598.0			1.0
4598.9			1.0
4599.8			1.0
4600.7			1.0
4601.6			1.0
4602.5			1.0
4603.4			1.0
4604.3			1.0
4605.2			1.0
4606.1			1.0
4607.0			1.0
4607.9			1.0
4608.8			1.0
4609.7			1.0
4610.6			1.0
4611.5			1.0
4612.4			1.0
4613.3			1.0
4614.2			1.0
4615.1			1.0
4616.0			1.0
4616.9			1.0
4617.8			1.0
4618.7			1.0
4619.6			1.0
4620.5			1.0
4621.4			1.0
4622.3			1.0
4623.2			1.0
4624.1			1.0
4625.0			1.0
4625.9			1.0
4626.8			1.0
4627.7			1.0
4628.6			1.0
4629.5			1.0
4630.4			1.0
4631.3			1.0
4632.2			1.0
4633.1			1.0
4634.0			1.0
4634.9			1.0
4635.8			1.0
4636.7			1.0
4637.6			1.0
4638.5			1.0
4639.4			1.0
4640.3			1.0105588279942703
4641.2			1.0604507350830343
4642.1			1.095704670927524
4643.0			1.0762280055607303
4643.9			1.0463114493338053
4644.8			1.0308001928619221
4645.7			1.0072974161188233
4646.6			0.9605795900718098
4647.5			0.9544404024687799
4648.4			0.9744715264377986
4649.3			0.9987539570943714
4650.2			1.0193231715936006
4651.1			1.0313197494036397
4652.0			1.0433890065598606
4652.9			1.0376483290266822
4653.8			1.0167601560817963
4654.7			0.9999929088893497
4655.6			1.0
4656.5			1.0
4657.4			1.0
4658.3			1.0
4659.2			1.0
4660.1			1.0
4661.0			1.0
4661.9			1.0
4662.8			1.0
4663.7			1.0
4664.6			1.0067676468691724
4665.5			0.9869787764464876
4666.4			0.9027523420319336
4667.3			0.8260277881155942
4668.2			0.8073541814023331
4669.1			0.8723062903000163
4670.0			0.9375664196641147
4670.9			0.9915354581603292
4671.8			0.998698437849287
4672.7			1.0
4673.6			1.0
4674.5			1.0
4675.4			1.0422230420850025
4676.3			1.1002278316068592
4677.2			1.0772579960131436
4678.1			1.0069961130895335
4679.0			0.9644646510732626
4679.9			0.9269966967810666
4680.8			0.9110252599460078
4681.7			0.9249873448468433
4682.6			0.960751612697859
4683.5			0.9793023030820417
4684.4			1.0077546376188242
4685.3			1.0201772080239646
4686.2			0.9972351503734296
4687.1			1.0
4688.0			1.0
4688.9			1.0
4689.8			1.0
4690.7			1.0
4691.6			1.0
4692.5			1.0
4693.4			1.0
4694.3			1.0
4695.2			1.0
4696.1			1.0
4697.0			1.0
4697.9			1.0
4698.8			1.0
4699.7			1.0
4700.6			1.0
4701.5			1.0
4702.4			1.0
4703.3			1.0
4704.2			1.018655897067934
4705.1			1.0294156704804496
4706.0			0.9873245396713738
4706.9			0.9542794050528827
4707.8			0.9353812049506756
4708.7			0.9076912544120245
4709.6			0.9231353184665775
4710.5			0.9795622150671467
4711.4			1.022103620612995
4712.3			1.018641590979807
4713.2			1.0038229767136362
4714.1			1.0
4715.0			1.0
4715.9			1.0
4716.8			1.0
4717.7			1.0
4718.6			1.0
4719.5			1.0
4720.4			1.0
4721.3			1.0
4722.2			1.0
4723.1			1.0063074041477407
4724.0			1.0405653004222717
4724.9			1.048001875839392
4725.8			1.0356876304689466
4726.7			0.9783603967036776
4727.6			0.903767167295505
4728.5			0.907340889595395
4729.4			0.9581010486898527
4730.3			0.9804210141784557
4731.2			0.9870738382671501
4732.1			0.9999734758027355
4733.0			1.0
4733.9			1.0
4734.8			1.0
4735.7			1.0
4736.6			1.0
4737.5			1.0
4738.4			1.0
4739.3			1.0
4740.2			1.0
4741.1			1.0
4742.0			1.0
4742.9			1.0
4743.8			1.0
4744.7			1.0
4745.6			1.0
4746.5			1.0
4747.4			1.0
4748.3			1.0
4749.2			1.0
4750.1			1.0
4751.0			1.0
4751.9			1.0
4752.8			1.0
4753.7			1.0
4754.6			1.0
4755.5			1.0
4756.4			1.0
4757.3			1.0
4758.2			1.0062943810569656
4759.1			1.0009581927380946
4760.0			1.0162748427832342
4760.9			1.0115370441850613
4761.8			0.9636682962784456
4762.7			0.9066008568043923
4763.6			0.8971032138277626
4764.5			0.9015482398315585
4765.4			0.889498236345469
4766.3			0.910231294740527
4767.2			0.9560175368982159
4768.1			0.9739428052267893
4769.0			0.9974217816620603
4769.9			1.0
4770.8			1.0
4771.7			1.0
4772.6			1.0
4773.5			1.0
4774.4			1.0
4775.3			1.0
4776.2			1.0
4777.1			1.0
4778.0			1.0
4778.9			1.0
4779.8			1.0
4780.7			1.0
4781.6			0.9981623336123804
4782.5			0.9700694486295961
4783.4			0.9539191270733461
4784.3			0.9757334619272229
4785.2			0.9864046090138483
4786.1			0.9346406323587005
4787.0			0.9089605409716297
4787.9			0.933159326393829
4788.8			0.9433811424523443
4789.7			0.946059574809955
4790.6			0.9612356711861068
4791.5			0.9756910936124964
4792.4			0.9996453930943635
4793.3			1.0
4794.2			1.0
4795.1			1.0
4796.0			1.0
4796.9			1.0
4797.8			1.0
4798.7			1.0
4799.6			1.0
4800.5			1.0
4801.4			1.0
4802.3			1.0
4803.2			1.0
4804.1			1.0
4805.0			1.0
4805.9			1.0
4806.8			1.0
4807.7			1.0
4808.6			1.0
4809.5			1.0
4810.4			1.0
4811.3			1.0
4812.2			1.0
4813.1			1.0
4814.0			1.0
4814.9			1.0
4815.8			1.0
4816.7			1.0
4817.6			1.0
4818.5			1.0
4819.4			1.0
4820.3			1.0
4821.2			1.0
4822.1			1.0
4823.0			1.0
4823.9			1.0
4824.8			1.0
4825.7			1.0
4826.6			1.0
4827.5			1.0
4828.4			1.0
4829.3			1.0
4830.2			1.0
4831.1			1.0
4832.0			1.0
4832.9			1.0
4833.8			1.0193008011207751
4834.7			1.0164402433359438
4835.6			1.0039390656637885
4836.5			1.0186234981948243
4837.4			1.026497249448018
4838.3			0.9907220846774858
4839.2			0.9292936503432015
4840.1			0.9054173042958106
4841.0			0.9253790440519579
4841.9			0.9447170788244735
4842.8			0.9419537043848087
4843.7			0.9319372595783958
4844.6			0.9459039576225681
4845.5			0.9772396967531514
4846.4			0.9996023152529502
4847.3			1.0
4848.2			1.0
4849.1			1.0
4850.0			1.0
4850.9			1.0
4851.8			1.0
4852.7			1.0
4853.6			1.0
4854.5			1.0
4855.4			1.0
4856.3			1.0
4857.2			1.0488103460402727
4858.1			1.0573268935059859
4859.0			1.003397763116561
4859.9			0.8753291452930926
4860.8			0.7484941031605274
4861.7			0.7572037648073128
4862.6			0.8623538424462749
4863.5			0.9497896752178253
4864.4			1.0003763408132398
4865.3			1.0
4866.2			1.0
4867.1			1.0
4868.0			1.0
4868.9			1.0
4869.8			0.9890011159526363
4870.7			0.9159279167168362
4871.6			0.8813145084061871
4872.5			0.9454586432952454
4873.4			1.0005807672215041
4874.3			1.0
4875.2			1.0
4876.1			1.0
4877.0			1.0
4877.9			1.0
4878.8			1.0
4879.7			1.0
4880.6			1.0
4881.5			1.0
4882.4			1.0
4883.3			1.0
4884.2			1.0
4885.1			1.0
4886.0			1.0
4886.9			1.003740955943252
4887.8			0.9926847437580627
4888.7			0.9615728746491172
4889.6			0.9137757509691773
4890.5			0.8656168172606981
4891.4			0.8668294665136967
4892.3			0.920124993260557
4893.2			0.9636378341442907
4894.1			0.9969923867310777
4895.0			1.0
4895.9			1.0
4896.8			1.0
4897.7			1.0
4898.6			1.0
4899.5			1.0
4900.4			1.0
4901.3			1.0
4902.2			1.0
4903.1			1.0
4904.0			1.0
4904.9			1.0
4905.8			1.0
4906.7			1.0019704137915513
4907.6			0.9684276649664453
4908.5			0.9307621480665329
4909.4			0.907522469888417
4910.3			0.8901941235492987
4911.2			0.9120981996041807
4912.1			0.9700050155248328
4913.0			1.00596109556497
4913.9			1.0000403177269186
4914.8			1.0
4915.7			1.02784700864193
4916.6			1.0189358724956186
4917.5			0.9732296433722288
4918.4			0.9048404538135887
4919.3			0.8501294182202244
4920.2			0.840448198441546
4921.1			0.88294544924825
4922.0			0.9534075638805726
4922.9			1.0019157163387815
4923.8			1.002415747989231
4924.7			1.0046849984436468
4925.6			1.0
4926.5			1.0
4927.4			1.0
4928.3			1.0
4929.2			1.0
4930.1			1.0
4931.0			1.0
4931.9			1.0
4932.8			1.0
4933.7			1.0
4934.6			1.0
4935.5			1.0
4936.4			0.9909455204672767
4937.3			0.9251484448841166
4938.2			0.8677743073540011
4939.1			0.8641792658806683
4940.0			0.9120575340232484
4940.9			0.9733962931824468
4941.8			1.0014178080221523
4942.7			1.0
4943.6			1.0
4944.5			1.0
4945.4			1.0
4946.3			1.0
4947.2			1.0
4948.1			1.0
4949.0			1.0
4949.9			1.0
4950.8			1.0
4951.7			1.0
4952.6			1.0
4953.5			1.0
4954.4			1.0
4955.3			1.0018191260870315
4956.2			0.9429396051997441
4957.1			0.8744350134655483
4958.0			0.8957147020061478
4958.9			0.9897120975151281
4959.8			1.0
4960.7			1.0
4961.6			1.0
4962.5			1.0
4963.4			1.0
4964.3			1.0
4965.2			1.0
4966.1			1.0
4967.0			1.0
4967.9			1.0
4968.8			1.0
4969.7			1.0
4970.6			1.0
4971.5			1.0
4972.4			1.0
4973.3			1.0
4974.2			1.0
4975.1			0.9908520554583665
4976.0			0.9706681134936248
4976.9			0.9703214866881377
4977.8			0.9599193486553347
4978.7			0.946730632618145
4979.6			0.9414945999859798
4980.5			0.9429689552848727
4981.4			0.8984236683491656
4982.3			0.8481608052197029
4983.2			0.8588969031263997
4984.1			0.8884093084081411
4985.0			0.9096208569639253
4985.9			0.949508277578321
4986.8			1.0117172091814945
4987.7			1.041593252525072
4988.6			1.0152594547240976
4989.5			0.9983380195734592
4990.4			1.0
4991.3			1.0
4992.2			1.0
4993.1			1.0
4994.0			1.0
4994.9			1.0
4995.8			1.0
4996.7			1.0
4997.6			1.0
4998.5			1.0
4999.4			1.0
5000.3			1.0
5001.2			1.0
5002.1			1.0
5003.0			1.0
5003.9			1.0
5004.8			1.0
5005.7			1.0
5006.6			1.0
5007.5			1.0
5008.4			1.0
5009.3			1.0
5010.2			0.9785157413542137
5011.1			0.9616267968542714
5012.0			0.9273887263596651
5012.9			0.9007542143258932
5013.8			0.8920977600336932
5014.7			0.9233290454326007
5015.6			0.9861122806378197
5016.5			1.0114261202152022
5017.4			1.0003873338521403
5018.3			1.0
5019.2			1.0
5020.1			1.0
5021.0			1.0
5021.9			1.0
5022.8			1.0
5023.7			1.0
5024.6			1.0
5025.5			1.0
5026.4			1.0
5027.3			1.0
5028.2			1.0
5029.1			1.0
5030.0			1.0
5030.9			1.0
5031.8			1.0
5032.7			1.0
5033.6			1.0
5034.5			1.0
5035.4			1.0
5036.3			1.0
5037.2			1.0308618669363634
5038.1			1.005065687548677
5039.0			0.9519659674485899
5039.9			0.857415237577693
5040.8			0.7720494670417161
5041.7			0.8010851012814089
5042.6			0.9009348568847877
5043.5			0.9722706114238957
5044.4			0.9942319483669417
5045.3			1.0
5046.2			1.0
5047.1			0.9903992314111375
5048.0			0.9488132810519784
5048.9			0.9105171556928064
5049.8			0.903574102361969
5050.7			0.8876919561746279
5051.6			0.8844185798950592
5052.5			0.9271969042556074
5053.4			0.9745551335036563
5054.3			1.0111582230891192
5055.2			1.0184501256168357
5056.1			1.0007691064718403
5057.0			1.0
5057.9			1.0
5058.8			1.0
5059.7			1.0
5060.6			1.0
5061.5			1.0
5062.4			1.0
5063.3			1.0
5064.2			1.0
5065.1			1.0
5066.0			1.0
5066.9			1.0
5067.8			1.0
5068.7			1.0
5069.6			1.0
5070.5			1.0
5071.4			1.0
5072.3			1.0
5073.2			1.0
5074.1			1.0
5075.0			1.0
5075.9			1.0222616987763513
5076.8			1.0547967507196954
5077.7			1.029072492900707
5078.6			0.9219197208091748
5079.5			0.8467691394789992
5080.4			0.889663486145592
5081.3			0.9684887409660885
5082.2			1.0097342153759088
5083.1			1.0063038502959425
5084.0			1.0
5084.9			1.0
5085.8			1.0
5086.7			1.0
5087.6			1.0
5088.5			1.0
5089.4			1.0
5090.3			1.0
5091.2			1.0
5092.1			1.0
5093.0			1.0
5093.9			1.0
5094.8			1.0
5095.7			0.9581655281692356
5096.6			0.9157164696487748
5097.5			0.8667139856902063
5098.4			0.8326639533795033
5099.3			0.8691614830754774
5100.2			0.9436758558339722
5101.1			0.998000499901987
5102.0			1.0
5102.9			1.0
5103.8			1.0
5104.7			1.0
5105.6			1.0
5106.5			1.0
5107.4			1.0
5108.3			1.0
5109.2			1.0
5110.1			1.0
5111.0			1.0
5111.9			1.0
5112.8			1.0
5113.7			1.0
5114.6			1.0
5115.5			1.0
5116.4			1.0
5117.3			1.0
5118.2			1.0
5119.1			1.0
5120.0			1.0
5120.9			1.0
5121.8			1.0
5122.7			0.9520372342491491
5123.6			0.9147181116634768
5124.5			0.9151624912348654
5125.4			0.935129541474602
5126.3			0.9489027319444159
5127.2			0.95318583969438
5128.1			0.9486500571984182
5129.0			0.9504192467693634
5129.9			0.9588527245356451
5130.8			0.933818878073471
5131.7			0.9164199185405872
5132.6			0.9432798969240298
5133.5			0.9702582898274661
5134.4			0.9887976321063717
5135.3			1.0135474603411367
5136.2			0.9769483729450978
5137.1			0.9147078249683598
5138.0			0.906652806117622
5138.9			0.9063838289606879
5139.8			0.9058307073020538
5140.7			0.9302157176301666
5141.6			0.9057572327212804
5142.5			0.844731748819184
5143.4			0.8742334940122451
5144.3			0.9445615987846296
5145.2			0.9446161968089031
5146.1			0.9078116946385267
5147.0			0.8860432269170484
5147.9			0.8986757086017882
5148.8			0.9309524952829169
5149.7			0.9382966564519547
5150.6			0.9011051688508559
5151.5			0.8810683565025421
5152.4			0.8969083024164946
5153.3			0.9164453882531906
5154.2			0.9221671883451946
5155.1			0.9224575183386271
5156.0			0.9374847781345387
5156.9			0.9653264665281894
5157.8			0.9890866126195402
5158.7			0.9869581127474174
5159.6			1.0167221023443298
5160.5			1.0484676577768586
5161.4			1.027472962318515
5162.3			1.0
5163.2			0.9958383641536944
5164.1			0.9745338002545944
5165.0			0.8927041198171681
5165.9			0.7877921698409825
5166.8			0.6961647701723858
5167.7			0.6872752028696678
5168.6			0.7590382761215732
5169.5			0.8584673084551843
5170.4			0.9029337615189346
5171.3			0.79999760283386
5172.2			0.6703811971462647
5173.1			0.685244207819545
5174.0			0.8333961495798877
5174.9			0.9752882226387447
5175.8			1.0202488546847446
5176.7			1.012597726382598
5177.6			1.0255478917533722
5178.5			1.0332538844476795
5179.4			1.015102575184863
5180.3			1.0176197163488852
5181.2			1.0
5182.1			0.8853277545627297
5183.0			0.7227221536570616
5183.9			0.7076733214308086
5184.8			0.8603851580899434
5185.7			0.9997693302093591
5186.6			1.0
5187.5			1.0
5188.4			1.0
5189.3			1.031005886508614
5190.2			1.054964572820786
5191.1			0.981277521494453
5192.0			0.906654849408883
5192.9			0.9020885974394441
5193.8			0.9378320015165806
5194.7			0.9489457525348717
5195.6			0.9677580911358457
5196.5			1.0018903510093713
5197.4			1.0
5198.3			1.0
5199.2			1.0
5200.1			1.0066941775379075
5201.0			1.0080803070347628
5201.9			0.9988962103708098
5202.8			0.9942825217908718
5203.7			0.9689067303034944
5204.6			0.9151043905440281
5205.5			0.879836717192526
5206.4			0.9082992258968409
5207.3			0.9359095562832289
5208.2			0.9083698678310861
5209.1			0.9054016801214492
5210.0			0.9455641428665221
5210.9			0.9984315355868858
5211.8			1.0
5212.7			1.0
5213.6			0.9992545012657911
5214.5			0.9813286767120618
5215.4			0.9438274127731916
5216.3			0.906864002427276
5217.2			0.9196855714277437
5218.1			0.9786010718993499
5219.0			1.0062324892436287
5219.9			1.0
5220.8			1.0
5221.7			1.0
5222.6			0.9827610009923631
5223.5			0.9462388181629544
5224.4			0.895245755625505
5225.3			0.8337682274143082
5226.2			0.7902901424008563
5227.1			0.8026532809384069
5228.0			0.9049933119919338
5228.9			0.9837059688861339
5229.8			1.0007157734453835
5230.7			1.0
5231.6			1.0
5232.5			1.0
5233.4			1.0
5234.3			1.0
5235.2			1.0
5236.1			1.0
5237.0			1.0
5237.9			1.0
5238.8			1.0
5239.7			1.0
5240.6			1.0
5241.5			0.9996465423919039
5242.4			0.9841534093583861
5243.3			0.9636724791921758
5244.2			0.9860727559709717
5245.1			1.007906302863394
5246.0			0.9596284179062761
5246.9			0.8899396563379782
5247.8			0.8918685275966397
5248.7			0.8991390426927702
5249.6			0.8628302767066276
5250.5			0.8551611440802657
5251.4			0.8895586961045089
5252.3			0.9175763742196542
5253.2			0.914642153023256
5254.1			0.8994509838967852
5255.0			0.8970583993081569
5255.9			0.9303001620158465
5256.8			0.9721000114852869
5257.7			0.9913903070771236
5258.6			0.9987783284260703
5259.5			0.9994114776235543
5260.4			1.0
5261.3			1.0
5262.2			1.0
5263.1			1.0
5264.0			1.0
5264.9			1.0
5265.8			1.0
5266.7			1.0551855289687195
5267.6			1.0724087729526883
5268.5			0.9736931187788911
5269.4			0.8647949237907888
5270.3			0.8798980225362905
5271.2			0.9698712708586075
5272.1			0.9979801017714431
5273.0			1.0
5273.9			1.0
5274.8			1.0
5275.7			1.0
5276.6			1.0
5277.5			1.0
5278.4			1.0
5279.3			1.0
5280.2			0.9701088045922488
5281.1			0.9363004130338486
5282.0			0.910238107580567
5282.9			0.8851368132280693
5283.8			0.8788111209352234
5284.7			0.9385682469379386
5285.6			0.9984951204275242
5286.5			1.0188625098966815
5287.4			1.0011840284064808
5288.3			1.0
5289.2			1.0
5290.1			1.0
5291.0			0.9950374739496175
5291.9			0.9796618558967816
5292.8			0.9710578831330325
5293.7			0.9712791709460681
5294.6			0.9644520496220121
5295.5			0.9191295273871977
5296.4			0.8701358246189209
5297.3			0.8282499332260332
5298.2			0.840284531979867
5299.1			0.9046193788709548
5300.0			0.9312794307986413
5300.9			0.9133924230627356
5301.8			0.908908584545795
5302.7			0.9475831663806911
5303.6			0.9968243596015843
5304.5			1.0
5305.4			1.0
5306.3			1.0
5307.2			1.0
5308.1			1.0
5309.0			1.0
5309.9			1.0
5310.8			1.0
5311.7			1.0
5312.6			1.0
5313.5			1.0
5314.4			1.0
5315.3			1.0
5316.2			1.0
5317.1			1.0
5318.0			1.0
5318.9			1.0
5319.8			1.0
5320.7			1.0
5321.6			1.0
5322.5			1.0
5323.4			1.0
5324.3			1.0
5325.2			1.0069483967576731
5326.1			1.0180572850754972
5327.0			0.9442440836870235
5327.9			0.8344104001088415
5328.8			0.8394442346589641
5329.7			0.9359189432721662
5330.6			1.0030746685861942
5331.5			1.0
5332.4			1.0
5333.3			1.0
5334.2			1.0
5335.1			1.0
5336.0			1.0
5336.9			1.0
5337.8			0.9965421582574265
5338.7			0.9790357406421141
5339.6			0.925380070942577
5340.5			0.8960109869752777
5341.4			0.9310990106476383
5342.3			0.9820230506558691
5343.2			0.9992974180251841
5344.1			1.0
5345.0			1.0
5345.9			1.0
5346.8			1.0
5347.7			1.0
5348.6			1.0
5349.5			1.0
5350.4			1.0
5351.3			1.0
5352.2			1.0
5353.1			1.0
5354.0			1.0
5354.9			1.0
5355.8			1.0
5356.7			1.0
5357.6			1.0
5358.5			1.0
5359.4			1.0
5360.3			1.0
5361.2			1.0
5362.1			1.0
5363.0			1.0
5363.9			1.0
5364.8			1.0
5365.7			1.0
5366.6			1.0
5367.5			1.000531870304023
5368.4			0.9844508470050624
5369.3			0.9356681448825452
5370.2			0.8819883860807486
5371.1			0.8627398888959413
5372.0			0.8984035428812828
5372.9			0.9594154037704955
5373.8			0.9926265391810875
5374.7			0.9968003432171741
5375.6			1.0
5376.5			1.0
5377.4			1.0
5378.3			1.0
5379.2			1.0
5380.1			1.0
5381.0			1.0
5381.9			1.0
5382.8			1.0
5383.7			1.0
5384.6			1.0
5385.5			1.0
5386.4			1.0
5387.3			1.0
5388.2			1.0
5389.1			1.0
5390.0			1.0
5390.9			1.0
5391.8			1.0
5392.7			1.0
5393.6			1.0
5394.5			1.0
5395.4			1.0
5396.3			1.0
5397.2			0.9870150461699527
5398.1			1.0376536220251538
5399.0			1.0810243559333284
5399.9			1.0724548340629498
5400.8			1.055136640336728
5401.7			1.0588120913446195
5402.6			1.0380894283472055
5403.5			0.9782545451351123
5404.4			0.916679833944277
5405.3			0.88735260182399
5406.2			0.9074035732259672
5407.1			0.948963512694717
5408.0			0.9540311734098809
5408.9			0.9187464869444356
5409.8			0.8952735004602385
5410.7			0.9141755677033759
5411.6			0.964590056350687
5412.5			1.0053622617442453
5413.4			1.0028951391534524
5414.3			1.0
5415.2			1.0
5416.1			1.0
5417.0			1.0
5417.9			1.0
5418.8			1.0
5419.7			1.0
5420.6			1.0
5421.5			1.0
5422.4			1.0
5423.3			1.0
5424.2			1.0
5425.1			1.0
5426.0			1.0
5426.9			1.0410405684568305
5427.8			1.0317384822784323
5428.7			0.9549355274508278
5429.6			0.9179124118998372
5430.5			0.9684721017795117
5431.4			1.0128264596120529
5432.3			1.0047521889304185
5433.2			1.0
5434.1			1.0
5435.0			1.0
5435.9			1.0
5436.8			1.0
5437.7			1.0
5438.6			1.0
5439.5			1.0
5440.4			1.0
5441.3			1.0
5442.2			1.0
5443.1			1.0
5444.0			0.9778770302676174
5444.9			0.930045287979726
5445.8			0.8670086557100943
5446.7			0.8432950011097772
5447.6			0.8898496743435318
5448.5			0.9612825750052336
5449.4			1.0006968536316732
5450.3			1.0
5451.2			1.0
5452.1			1.0
5453.0			0.9728716249655274
5453.9			0.9304316080833501
5454.8			0.8822748250355871
5455.7			0.873736600644737
5456.6			0.9256072275171817
5457.5			0.9767980945658578
5458.4			1.0000924646892058
5459.3			1.0
5460.2			1.0
5461.1			1.0
5462.0			1.0
5462.9			1.0
5463.8			1.0
5464.7			1.0
5465.6			1.0
5466.5			1.0
5467.4			1.0
5468.3			1.0
5469.2			1.0
5470.1			1.0
5471.0			1.0
5471.9			1.0
5472.8			1.0
5473.7			0.97926775681139
5474.6			0.9767524513896458
5475.5			0.9380274530907063
5476.4			0.8846862387030171
5477.3			0.8978267387500352
5478.2			0.9643840625362372
5479.1			1.0016118410903532
5480.0			1.0
5480.9			1.0
5481.8			1.0
5482.7			1.0
5483.6			1.0
5484.5			1.0
5485.4			1.0
5486.3			1.0
5487.2			1.0
5488.1			1.0
5489.0			1.0
5489.9			1.0
5490.8			1.0
5491.7			1.0
5492.6			1.0
5493.5			1.0
5494.4			1.0
5495.3			1.0
5496.2			1.0
5497.1			1.0
5498.0			1.0
5498.9			1.0
5499.8			1.0
5500.7			1.0
5501.6			1.0
5502.5			1.0
5503.4			1.0
5504.3			1.0
5505.2			1.0
5506.1			1.0
5507.0			1.0
5507.9			1.0
5508.8			1.0
5509.7			1.0020942988961357
5510.6			0.9984644776797232
5511.5			0.9625359570960238
5512.4			0.930181273278704
5513.3			0.9396746279028109
5514.2			0.9691540134349057
5515.1			0.9993420922179884
5516.0			1.0
5516.9			1.0
5517.8			1.0
5518.7			1.0
5519.6			1.0
5520.5			1.0
5521.4			1.0
5522.3			1.0
5523.2			1.0
5524.1			0.9948979665059008
5525.0			0.973981119767687
5525.9			0.9510174562278467
5526.8			0.9195582233609045
5527.7			0.8924978065871728
5528.6			0.9056336449784931
5529.5			0.9476826153813588
5530.4			0.9833619422081212
5531.3			0.9978492758127324
5532.2			1.0
5533.1			1.0
5534.0			1.0
5534.9			1.0
5535.8			1.0
5536.7			1.0
5537.6			1.0
5538.5			1.0
5539.4			1.0
5540.3			1.0
5541.2			1.0
5542.1			1.0
5543.0			1.0
5543.9			1.0
5544.8			1.0
5545.7			1.0
5546.6			1.0
5547.5			1.0
5548.4			1.0
5549.3			1.0
5550.200000000001			1.0
5551.1			1.0
5552.0			1.0
5552.9			1.0
5553.8			1.0
5554.700000000001			1.0
5555.6			1.0
5556.5			1.0
5557.4			1.0
5558.3			1.0
5559.200000000001			1.0
5560.1			0.9981226800873011
5561.0			0.9828546324688608
5561.9			0.9766213468732389
5562.8			0.9709737947910008
5563.700000000001			0.9641881667952261
5564.6			0.9500656326257381
5565.5			0.9328909493086417
5566.4			0.9376275370282472
5567.3			0.9588712024130011
5568.200000000001			0.9823841168214287
5569.1			1.000397424880471
5570.0			1.004393409182081
5570.9			1.0014082246134628
5571.8			1.0
5572.700000000001			1.0
5573.6			1.0
5574.5			1.0
5575.4			1.0
5576.3			1.0
5577.200000000001			1.0
5578.1			1.0
5579.0			1.0053159023260474
5579.9			1.0174213359310502
5580.8			1.0114180203138565
5581.700000000001			0.9882962521186445
5582.6			0.9734740496738864
5583.5			0.9738416205907174
5584.4			0.9795479887733576
5585.3			0.959366154555741
5586.200000000001			0.903615590164824
5587.1			0.8601519500680771
5588.0			0.8572327733567908
5588.9			0.8741175689113113
5589.8			0.8957751254654842
5590.700000000001			0.9257099851472411
5591.6			0.9353411233965591
5592.5			0.917482516047361
5593.4			0.9045325567940735
5594.3			0.9277745726756012
5595.200000000001			1.0
5596.1			1.0320900316898376
5597.0			1.0071402463805257
5597.9			0.9506284293566629
5598.8			0.9223784088514079
5599.700000000001			0.9248842406341428
5600.6			0.9202546354356405
5601.5			0.9022104483115636
5602.4			0.8864701906917625
5603.3			0.8985127121130896
5604.200000000001			0.9440856881166207
5605.1			0.9829852364166509
5606.0			1.0026988924559355
5606.9			1.004592491120677
5607.8			1.0003355030716692
5608.700000000001			0.9961907822161269
5609.6			1.0
5610.5			1.0
5611.4			1.0
5612.3			1.020078618522547
5613.200000000001			1.0323859261302049
5614.1			0.9818683235881465
5615.0			0.910061442858755
5615.9			0.9075730768423944
5616.8			0.9449443321355732
5617.700000000001			0.9689922653952049
5618.6			0.9839191266220492
5619.5			1.0
5620.4			1.016902266067975
5621.3			1.0335794827282057
5622.200000000001			1.0271213525343685
5623.1			0.9832932140859562
5624.0			0.9172300856280774
5624.9			0.8945304657561132
5625.8			0.91951251470009
5626.700000000001			0.9354407232127576
5627.6			0.9486641443656136
5628.5			0.977739199027706
5629.4			0.9975772318486856
5630.3			1.0
5631.200000000001			1.0
5632.1			1.0
5633.0			1.0
5633.9			1.0
5634.8			1.0
5635.700000000001			1.0
5636.6			1.0
5637.5			1.0
5638.4			1.0
5639.3			1.0
5640.200000000001			1.0
5641.1			1.0
5642.0			1.0
5642.9			1.0
5643.8			1.0
5644.700000000001			1.0
5645.6			1.0
5646.5			1.0
5647.4			1.0
5648.3			1.0
5649.200000000001			1.0
5650.1			1.0
5651.0			1.0
5651.9			1.0
5652.8			1.0
5653.700000000001			1.0
5654.6			1.0
5655.5			1.0073402729515264
5656.4			0.9978150086847553
5657.3			0.9437106790239699
5658.200000000001			0.8950061080403204
5659.1			0.9124241955642955
5660.0			0.975061609309441
5660.9			1.0000237683952242
5661.8			1.0
5662.700000000001			1.0
5663.6			1.0
5664.5			1.0
5665.4			1.0
5666.3			1.0
5667.200000000001			1.0
5668.1			1.0
5669.0			1.0
5669.9			1.0
5670.8			1.0
5671.700000000001			1.0
5672.6			1.0
5673.5			1.0
5674.4			1.0
5675.3			1.0
5676.200000000001			1.0
5677.1			1.0
5678.0			1.0
5678.9			1.0
5679.8			1.0119775152971162
5680.700000000001			1.0125903495315607
5681.6			0.9852201636017957
5682.5			0.9652147555960999
5683.4			0.9508369240424791
5684.3			0.9578599277849849
5685.200000000001			0.9676985045712797
5686.1			0.96219294948865
5687.0			0.9520948054083553
5687.9			0.9368669596726522
5688.8			0.9462298646634038
5689.700000000001			0.9728486543293418
5690.6			0.9880658684387689
5691.5			0.9930380148453272
5692.4			0.9847425707658174
5693.3			0.9808798503102104
5694.200000000001			0.9941854577442094
5695.1			1.007453206728987
5696.0			1.0000079622227707
5696.9			1.0
5697.8			1.0
5698.700000000001			1.0
5699.6			1.0
5700.5			0.9817460125206783
5701.4			0.9678416853437583
5702.3			0.9678453347949421
5703.200000000001			0.997222186339441
5704.1			1.017532355213218
5705.0			0.9978829614358868
5705.9			0.9575280236848974
5706.8			0.9233907500335472
5707.700000000001			0.9074865683588095
5708.6			0.8971468577808535
5709.5			0.9178139608489103
5710.4			0.9256888739910303
5711.3			0.8988468602526559
5712.200000000001			0.9105920821665434
5713.1			0.9719953860104146
5714.0			1.0045859875821304
5714.9			0.9928820430510573
5715.8			0.9947631481425853
5716.700000000001			1.0012179653664932
5717.6			1.0
5718.5			1.0
5719.4			1.0
5720.3			1.0
5721.200000000001			1.0
5722.1			1.0
5723.0			1.0
5723.9			1.0
5724.8			0.9949199655011162
5725.700000000001			0.96937547405397
5726.6			0.9235358805741434
5727.5			0.916660779618769
5728.4			0.962091023446858
5729.3			1.0066488378976886
5730.200000000001			1.0011823678355316
5731.1			1.0
5732.0			1.0
5732.9			1.0
5733.8			1.0
5734.700000000001			1.0
5735.6			1.0
5736.5			1.0
5737.4			1.0
5738.3			1.0
5739.200000000001			1.0
5740.1			1.0
5741.0			1.0
5741.9			1.0
5742.8			1.0
5743.700000000001			1.0
5744.6			1.0
5745.5			1.0
5746.4			1.0
5747.3			1.0
5748.200000000001			1.0
5749.1			1.0
5750.0			1.0
5750.9			1.0016948862894843
5751.8			0.9747322322195652
5752.700000000001			0.9277305486033897
5753.6			0.8914355370482103
5754.5			0.913683674621446
5755.4			0.9735949943944936
5756.3			1.0017136329704002
5757.200000000001			1.0
5758.1			1.0
5759.0			1.0
5759.9			1.0
5760.8			1.0
5761.700000000001			1.0
5762.6			1.0
5763.5			1.0
5764.4			1.0
5765.3			1.0
5766.200000000001			1.0
5767.1			1.0
5768.0			1.0
5768.9			1.0
5769.8			1.0
5770.700000000001			1.0
5771.6			1.0
5772.5			1.0
5773.4			0.9964765130324217
5774.3			0.9880047141124171
5775.200000000001			0.9936495906569444
5776.1			1.0031245492323302
5777.0			0.9914409234505986
5777.9			0.9850480646834741
5778.8			0.9664546294548714
5779.700000000001			0.9269748403962673
5780.6			0.8857518012829543
5781.5			0.8702651304191279
5782.4			0.8969977688485666
5783.3			0.9272485192752178
5784.200000000001			0.9180145786624114
5785.1			0.8966403294298609
5786.0			0.9259512479235548
5786.9			0.9610433090446132
5787.8			0.9768520589885026
5788.700000000001			0.996507914660791
5789.6			0.9984824063049457
5790.5			1.0
5791.4			1.0
5792.3			1.0
5793.200000000001			1.0
5794.1			1.0
5795.0			1.0
5795.9			1.0
5796.8			1.0
5797.700000000001			1.0
5798.6			1.0
5799.5			1.0
5800.4			1.0
5801.3			1.0
5802.200000000001			1.0
5803.1			1.0
5804.0			1.0
5804.9			1.0
5805.8			1.0
5806.700000000001			1.0
5807.6			1.0
5808.5			1.0
5809.4			1.0
5810.3			1.0
5811.200000000001			1.0
5812.1			1.0
5813.0			1.0
5813.9			1.0
5814.8			1.0
5815.700000000001			1.0
5816.6			1.0
5817.5			1.0
5818.4			1.0
5819.3			1.0
5820.200000000001			1.0
5821.1			1.0
5822.0			1.0
5822.9			1.0
5823.8			1.0
5824.700000000001			1.0
5825.6			1.0
5826.5			1.0
5827.4			1.0
5828.3			1.0
5829.200000000001			1.0
5830.1			1.0
5831.0			1.0
5831.9			1.0
5832.8			1.0
5833.700000000001			1.0
5834.6			1.0
5835.5			1.0
5836.4			1.0
5837.3			1.0
5838.200000000001			1.0
5839.1			1.0
5840.0			1.0
5840.9			1.0
5841.8			1.0
5842.700000000001			1.0
5843.6			1.0
5844.5			1.0
5845.4			1.0
5846.3			1.0
5847.200000000001			1.0
5848.1			1.0
5849.0			1.0
5849.9			1.0
5850.8			0.9978588729443404
5851.700000000001			0.9780907989921168
5852.6			0.9578770205663567
5853.5			0.9468714708366809
5854.4			0.9575341866738746
5855.3			0.9750253458751846
5856.200000000001			0.963289279011221
5857.1			0.9322868895668086
5858.0			0.9294789645715253
5858.9			0.9616604188234876
5859.8			1.00003662260986
5860.700000000001			1.0113637983262467
5861.6			0.995113620434202
5862.5			1.0019021645182642
5863.4			1.0222166376051116
5864.3			1.0245850370277143
5865.200000000001			1.0003321990391238
5866.1			1.0
5867.0			1.0
5867.9			1.0
5868.8			1.0
5869.700000000001			1.0
5870.6			1.0
5871.5			1.0
5872.4			1.0
5873.3			1.0
5874.200000000001			1.0
5875.1			1.0
5876.0			1.0
5876.9			1.0
5877.8			1.0
5878.700000000001			1.0
5879.6			1.0
5880.5			1.0
5881.4			1.0
5882.3			1.0
5883.200000000001			1.0
5884.1			1.0
5885.0			1.0
5885.9			1.0
5886.8			1.0
5887.700000000001			0.9577273767772974
5888.6			0.8164374372601994
5889.5			0.6435054385152629
5890.4			0.6372239931042584
5891.3			0.791755864522701
5892.200000000001			0.926827965285099
5893.1			0.9958875085059081
5894.0			1.0
5894.9			1.0
5895.8			1.0
5896.700000000001			1.0
5897.6			1.0
5898.5			1.0
5899.4			1.0
5900.3			1.0
5901.200000000001			1.0
5902.1			1.0
5903.0			1.0
5903.9			1.0
5904.8			1.0
5905.700000000001			1.0
5906.6			1.0
5907.5			1.0
5908.4			1.0
5909.3			1.0
5910.200000000001			1.0036438659327764
5911.1			1.0101333055309258
5912.0			1.0154157807455526
5912.9			0.9889357752857395
5913.8			0.935149426082332
5914.700000000001			0.917544063499336
5915.6			0.9339676166095102
5916.5			0.9568623818902098
5917.4			0.9708687127456965
5918.3			0.9787465609645284
5919.200000000001			0.9995999225809904
5920.1			1.0
5921.0			1.0
5921.9			1.0
5922.8			1.0
5923.700000000001			1.0
5924.6			1.0
5925.5			1.0
5926.4			1.0
5927.3			1.0
5928.200000000001			1.0
5929.1			1.0
5930.0			1.0
5930.9			1.0
5931.8			1.0
5932.700000000001			1.0
5933.6			1.0
5934.5			1.0
5935.4			1.0
5936.3			1.0
5937.200000000001			1.0
5938.1			1.0
5939.0			1.0056491115865007
5939.9			0.9749491807841715
5940.8			0.928858776426409
5941.700000000001			0.9222773303561829
5942.6			0.9533260955674375
5943.5			0.985776719262393
5944.4			1.000398986086488
5945.3			1.0
5946.200000000001			1.0
5947.1			1.0
5948.0			1.0
5948.9			1.0
5949.8			1.0
5950.700000000001			1.0
5951.6			1.0
5952.5			1.0
5953.4			1.0
5954.3			1.0
5955.200000000001			1.0
5956.1			1.0
5957.0			1.0
5957.9			1.0
5958.8			1.0
5959.700000000001			1.0
5960.6			1.0
5961.5			1.0
5962.4			1.0
5963.3			1.0
5964.200000000001			1.0
5965.1			1.0
5966.0			1.0
5966.9			1.0
5967.8			1.0
5968.700000000001			1.0
5969.6			1.0
5970.5			1.0
5971.4			1.0
5972.3			1.0
5973.200000000001			1.0
5974.1			1.0
5975.0			1.0
5975.9			1.0
5976.8			1.0
5977.700000000001			1.0
5978.6			1.0123891081728877
5979.5			1.035479025223658
5980.4			1.0419480968385955
5981.3			1.0422540095702977
5982.200000000001			1.0330035837716163
5983.1			0.986289573598256
5984.0			0.9443181594517289
5984.9			0.9477009896447545
5985.8			0.9625692053097216
5986.700000000001			0.9733948605258591
5987.6			0.9796114509308993
5988.5			0.9851801947042887
5989.4			0.9981729416314968
5990.3			1.0
5991.200000000001			1.0
5992.1			1.0
5993.0			1.0
5993.9			1.0
5994.8			1.0
5995.700000000001			1.0
5996.6			1.0
5997.5			1.0
5998.4			1.0
5999.3			1.0
6000.200000000001			1.0
6001.1			1.0
6002.0			1.0
6002.9			1.0
6003.8			1.0310965289738916
6004.700000000001			1.0379195708875577
6005.6			1.0022283630667674
6006.5			0.9574368291552579
6007.4			0.930322525741231
6008.3			0.9462664073426984
6009.200000000001			0.9833834530169521
6010.1			1.0038643973699692
6011.0			0.9998144096719218
6011.9			1.0
6012.8			1.0
6013.700000000001			1.0
6014.6			1.0
6015.5			1.0
6016.4			1.0
6017.3			1.0
6018.200000000001			1.0
6019.1			1.0
6020.0			1.0
6020.9			1.0
6021.8			1.0
6022.700000000001			1.0
6023.6			1.0
6024.5			1.0
6025.4			1.0
6026.3			1.0
6027.200000000001			1.0
6028.1			1.0
6029.0			1.0
6029.9			1.0
6030.8			1.0
6031.700000000001			1.0
6032.6			1.0
6033.5			1.0
6034.4			1.0
6035.3			1.0
6036.200000000001			1.0
6037.1			1.0
6038.0			1.0
6038.9			1.0
6039.8			1.0
6040.700000000001			1.0
6041.6			1.0
6042.5			1.0
6043.4			1.0
6044.3			1.0
6045.200000000001			1.0
6046.1			1.0
6047.0			1.0
6047.9			1.0
6048.8			1.0
6049.700000000001			1.0
6050.6			1.0
6051.5			1.0
6052.4			1.0
6053.3			1.0
6054.200000000001			1.0
6055.1			1.0
6056.0			1.0
6056.9			1.0
6057.8			1.0
6058.700000000001			1.0
6059.6			1.0
6060.5			1.0
6061.4			0.994540267598914
6062.3			0.9766075195133093
6063.200000000001			0.9512051814233347
6064.1			0.9246012945351579
6065.0			0.9097290945299945
6065.9			0.9207939432566177
6066.8			0.9581652601113227
6067.700000000001			0.9878712700845149
6068.6			1.000011525124311
6069.5			1.0
6070.4			1.0
6071.3			1.0
6072.200000000001			1.0
6073.1			1.0
6074.0			1.0
6074.9			1.0
6075.8			1.0
6076.700000000001			1.0
6077.6			1.0
6078.5			1.0
6079.4			1.0
6080.3			1.0
6081.200000000001			1.0
6082.1			1.0
6083.0			1.0
6083.9			1.0
6084.8			1.0
6085.700000000001			1.0
6086.6			1.0114390937236304
6087.5			1.021756158230598
6088.4			1.0056768083180287
6089.3			0.9732213339074878
6090.200000000001			0.9533353717401923
6091.1			0.9519944612463556
6092.0			0.9507258981284457
6092.9			0.9588164147777373
6093.8			0.9923714781094946
6094.700000000001			1.0317214778256856
6095.6			1.0443954736274883
6096.5			1.0221948588586034
6097.4			1.0001434232434185
6098.3			1.0
6099.200000000001			1.0
6100.1			1.0189863023700456
6101.0			0.982221962367672
6101.9			0.9131606746312777
6102.8			0.8827189689228335
6103.700000000001			0.923284236767478
6104.6			0.9800317770308197
6105.5			1.0038000333078965
6106.4			1.0
6107.3			1.0
6108.200000000001			1.0
6109.1			1.0
6110.0			1.0
6110.9			1.0
6111.8			1.0
6112.700000000001			1.0
6113.6			1.0
6114.5			1.0
6115.4			1.0
6116.3			1.0
6117.200000000001			1.0
6118.1			1.0025487659528824
6119.0			0.990013850655944
6119.9			0.9749510326829872
6120.8			0.9594445606420703
6121.700000000001			0.9409311777259085
6122.6			0.9539842983937387
6123.5			1.0028177582351376
6124.4			1.0226033536790664
6125.3			0.9999837683762014
6126.200000000001			1.0
6127.1			1.0
6128.0			1.0
6128.9			1.0
6129.8			1.0
6130.700000000001			1.0
6131.6			1.0
6132.5			1.0
6133.4			0.9867438351930146
6134.3			0.9552897561276465
6135.200000000001			0.9089309875777746
6136.1			0.8564694123705138
6137.0			0.8425277901183652
6137.9			0.902051439936648
6138.8			0.9902435134986086
6139.700000000001			1.0301962994431517
6140.6			1.004649465679826
6141.5			1.0
6142.4			1.0
6143.3			1.0
6144.200000000001			1.0
6145.1			1.0
6146.0			1.0
6146.9			1.0
6147.8			1.0
6148.700000000001			1.0
6149.6			1.0
6150.5			1.0
6151.4			1.0
6152.3			1.0
6153.200000000001			1.0
6154.1			1.0
6155.0			1.0
6155.9			1.0
6156.8			1.0
6157.700000000001			1.0
6158.6			1.005192984279154
6159.5			0.9829733906488861
6160.4			0.9280357077388075
6161.3			0.8747158019486739
6162.200000000001			0.862051848617399
6163.1			0.8908639283698004
6164.0			0.9369927600801939
6164.9			0.9771708646118449
6165.8			0.9969575667391911
6166.700000000001			1.0
6167.6			1.0
6168.5			1.0
6169.4			1.0
6170.3			1.0
6171.200000000001			1.0
6172.1			1.0
6173.0			1.0
6173.9			1.0
6174.8			1.0
6175.700000000001			1.0
6176.6			1.0
6177.5			1.0
6178.4			1.0
6179.3			1.0
6180.200000000001			1.0
6181.1			1.0
6182.0			1.0
6182.9			1.0
6183.8			1.0
6184.700000000001			0.9900600732981212
6185.6			0.9551518038629199
6186.5			0.9231983997846295
6187.4			0.9183619554977172
6188.3			0.9223818686480871
6189.200000000001			0.9146394330352445
6190.1			0.8925496485689082
6191.0			0.8677066774731075
6191.9			0.8890167191045425
6192.8			0.9472894682566738
6193.700000000001			0.9875364723034096
6194.6			1.0099126863448078
6195.5			1.0215799775379564
6196.4			1.0173445670184695
6197.3			1.0027721654429134
6198.200000000001			1.0
6199.1			1.0
6200.0			1.0
6200.9			1.0
6201.8			1.0
6202.700000000001			1.0
6203.6			1.0
6204.5			1.0
6205.4			1.0
6206.3			1.0
6207.200000000001			1.0
6208.1			1.0
6209.0			1.0
6209.9			1.0
6210.8			0.9822267820352949
6211.700000000001			0.9684589808508004
6212.6			0.9338802036779282
6213.5			0.9067648726326618
6214.4			0.9075650552509158
6215.3			0.9169818652952358
6216.200000000001			0.9396609823837904
6217.1			0.9833759084928759
6218.0			0.9993450609317622
6218.9			1.0
6219.8			1.0
6220.700000000001			1.0
6221.6			1.0
6222.5			1.0
6223.4			1.0
6224.3			1.0
6225.200000000001			1.0
6226.1			1.0
6227.0			1.001071249264624
6227.9			0.9806095956914205
6228.8			0.9409120518659397
6229.700000000001			0.8993319985504356
6230.6			0.8896097102363257
6231.5			0.9149046634421764
6232.4			0.9405025575548563
6233.3			0.9658811679834878
6234.200000000001			1.0007091839483522
6235.1			1.0
6236.0			1.0
6236.9			1.0
6237.8			0.9945936384050132
6238.700000000001			0.9630488463010338
6239.6			0.9163618708412682
6240.5			0.907241154227004
6241.4			0.9158562128712372
6242.3			0.8845997416254562
6243.200000000001			0.8594510359422494
6244.1			0.8906274379833016
6245.0			0.9319479769528477
6245.9			0.9597082639430677
6246.8			0.9922167347476681
6247.700000000001			1.0027318789281028
6248.6			1.0
6249.5			0.9958165990661128
6250.4			0.9804043422562526
6251.3			0.9492785006114351
6252.200000000001			0.9129424290057694
6253.1			0.9078140801575935
6254.0			0.9202896486846854
6254.9			0.9357360844918751
6255.8			0.9266032499228005
6256.700000000001			0.8916759622975002
6257.6			0.8490053029727994
6258.5			0.8381399079430933
6259.4			0.8948193465673587
6260.3			0.9485115922558183
6261.200000000001			0.964049034827292
6262.1			0.9809963296950764
6263.0			1.01778268810702
6263.9			1.0149614015898654
6264.8			0.9749812609387343
6265.700000000001			0.9587084779100982
6266.6			0.9833778184758386
6267.5			0.9985826544032476
6268.4			1.0
6269.3			1.0
6270.200000000001			1.0
6271.1			1.0
6272.0			1.0
6272.9			1.0
6273.8			1.0
6274.700000000001			1.0
6275.6			1.0
6276.5			1.0
6277.4			0.98796993908439
6278.3			0.9707902924162496
6279.200000000001			0.9416531560703313
6280.1			0.9184642698687567
6281.0			0.9225035086341203
6281.9			0.9277100427487079
6282.8			0.9174464115078369
6283.700000000001			0.9001111891345147
6284.6			0.8974687891585753
6285.5			0.9229933494200896
6286.4			0.9623649263092934
6287.3			0.9894900654661881
6288.200000000001			1.0004031578033596
6289.1			0.9975932790968909
6290.0			0.9841177492999279
6290.9			0.9922684822469165
6291.8			1.0014915279868055
6292.700000000001			1.0
6293.6			1.0063893038792762
6294.5			1.0156660763856347
6295.4			0.9753894749848471
6296.3			0.9281590614485418
6297.200000000001			0.9311207663991667
6298.1			0.9705072018831188
6299.0			1.0010294177668333
6299.9			1.0
6300.8			1.0
6301.700000000001			1.0
6302.6			1.0
6303.5			1.0
6304.4			1.0
6305.3			1.0
6306.200000000001			1.0
6307.1			1.0322890050926616
6308.0			1.0349068356292093
6308.9			1.007356965703988
6309.8			0.9769436303285031
6310.700000000001			0.9765357624282484
6311.6			0.9875696907254243
6312.5			1.0025243425336934
6313.4			1.0010544358016151
6314.3			0.9566069977551698
6315.200000000001			0.9427379859878858
6316.1			0.9699994912971958
6317.0			0.9727575587208421
6317.9			0.9560204015547973
6318.8			0.9570002598252312
6319.700000000001			0.9675197514069831
6320.6			0.9673427674924818
6321.5			0.9785220250309364
6322.4			0.9913231934457435
6323.3			0.9996966365781158
6324.200000000001			1.0
6325.1			1.0
6326.0			1.0
6326.9			1.0
6327.8			1.0
6328.700000000001			1.0
6329.6			1.0
6330.5			1.0
6331.4			1.0
6332.3			1.0
6333.200000000001			0.9915526961876154
6334.1			0.9591007105771301
6335.0			0.923761516995633
6335.9			0.9130030483095861
6336.8			0.9495539053721476
6337.700000000001			0.9962013790619195
6338.6			1.0055385558776964
6339.5			1.0
6340.4			1.0
6341.3			1.0
6342.200000000001			1.0
6343.1			1.0
6344.0			1.0
6344.9			1.0
6345.8			1.0
6346.700000000001			1.0
6347.6			1.0
6348.5			1.0
6349.4			1.0
6350.3			1.0
6351.200000000001			1.0
6352.1			1.0
6353.0			1.0
6353.9			0.9571186042432235
6354.8			0.9389835052136247
6355.700000000001			0.9661613042993249
6356.6			0.9875862979626459
6357.5			0.9648164141703519
6358.4			0.928044756527317
6359.3			0.9433191064003768
6360.200000000001			0.9552851252152755
6361.1			0.9263543445131042
6362.0			0.9134741447297663
6362.9			0.9112737399156707
6363.8			0.9164692787478704
6364.700000000001			0.9442164054571143
6365.6			0.9619941820804098
6366.5			0.9775651763960697
6367.4			0.992717408804912
6368.3			0.9929898525918844
6369.200000000001			0.9872995397704535
6370.1			0.9864336138929539
6371.0			0.9827307422559117
6371.9			0.9991849041918023
6372.8			1.0
6373.700000000001			1.0
6374.6			1.0
6375.5			1.0
6376.4			1.0
6377.3			1.0
6378.200000000001			1.0
6379.1			1.0
6380.0			1.0
6380.9			1.0
6381.8			1.0
6382.700000000001			1.0
6383.6			1.0
6384.5			1.0
6385.4			1.0
6386.3			1.0
6387.200000000001			1.0
6388.1			1.0
6389.0			1.0
6389.9			1.0
6390.8			1.0
6391.700000000001			1.0
6392.6			1.0
6393.5			1.0
6394.4			1.0
6395.3			1.0
6396.200000000001			1.0
6397.1			1.0
6398.0			0.9851939430908563
6398.9			0.9249145615636677
6399.8			0.8965570575617562
6400.700000000001			0.9452295590620491
6401.6			0.9994875974092591
6402.5			1.0
6403.4			1.0
6404.3			1.0
6405.200000000001			1.0
6406.1			1.0
6407.0			1.0
6407.9			1.0
6408.8			1.0
6409.700000000001			1.0
6410.6			1.0
6411.5			1.0
6412.4			1.0
6413.3			1.0
6414.200000000001			1.0
6415.1			1.0
6416.0			1.0
6416.9			0.9943337170541114
6417.8			0.9820067704328609
6418.700000000001			0.9592588737845569
6419.6			0.930003977235565
6420.5			0.9136441677192166
6421.4			0.9308029725150475
6422.3			0.9619619667007026
6423.200000000001			0.9775222374559157
6424.1			0.997931706205424
6425.0			1.0
6425.9			1.0
6426.8			1.0
6427.700000000001			1.0
6428.6			1.0
6429.5			1.0
6430.4			1.0
6431.3			1.0
6432.200000000001			1.0
6433.1			1.0
6434.0			1.0
6434.9			1.0
6435.8			1.0
6436.700000000001			1.0
6437.6			1.0
6438.5			1.0
6439.4			1.0
6440.3			1.0
6441.200000000001			1.0
6442.1			1.0
6443.0			1.0
6443.9			1.0
6444.8			1.0
6445.700000000001			1.0
6446.6			1.0
6447.5			0.9731328120974638
6448.4			0.9077695819208887
6449.3			0.8369720453288413
6450.200000000001			0.8362791963842569
6451.1			0.9065151771991709
6452.0			0.9743968483472576
6452.9			1.0028226538385978
6453.8			1.0
6454.700000000001			1.0
6455.6			1.0
6456.5			1.0
6457.4			1.0
6458.3			1.0
6459.200000000001			1.0
6460.1			0.9920493112591461
6461.0			0.9551201032615515
6461.9			0.905281325162194
6462.8			0.896752632813689
6463.700000000001			0.9339751434224633
6464.6			0.9779900398306601
6465.5			1.000666632787878
6466.4			1.0
6467.3			1.0
6468.200000000001			1.0
6469.1			1.0
6470.0			1.0
6470.9			1.0
6471.8			1.0
6472.700000000001			1.0
6473.6			1.0
6474.5			1.0
6475.4			1.0
6476.3			1.0
6477.200000000001			1.0
6478.1			1.0
6479.0			1.0
6479.9			0.990616980226202
6480.8			0.956206970847559
6481.700000000001			0.9203199212164078
6482.6			0.9177043760368965
6483.5			0.9437807277035329
6484.4			0.9775146899984609
6485.3			0.99997177350368
6486.200000000001			1.0
6487.1			1.0
6488.0			1.0032934131287072
6488.9			0.998549363566084
6489.8			0.9811592364561165
6490.700000000001			0.9707363938263427
6491.6			0.9576464142696294
6492.5			0.9260648994104662
6493.4			0.8851733010683253
6494.3			0.8552084571928157
6495.200000000001			0.845680344257236
6496.1			0.857073623436737
6497.0			0.8849608013568033
6497.9			0.9013289517650398
6498.8			0.9032807383682061
6499.700000000001			0.9283830722981441
6500.6			0.9675595034021638
6501.5			0.9894202668889998
6502.4			0.9985971814957174
6503.3			1.0
6504.200000000001			1.0
6505.1			1.0
6506.0			1.0
6506.9			1.0
6507.8			1.0
6508.700000000001			1.0
6509.6			1.0
6510.5			1.0
6511.4			1.0
6512.3			1.0
6513.200000000001			1.0
6514.1			1.0
6515.0			1.0
6515.9			1.0
6516.8			1.0
6517.700000000001			1.0
6518.6			1.0
6519.5			1.0
6520.4			1.0
6521.3			1.0
6522.200000000001			1.0
6523.1			1.0
6524.0			1.0
6524.9			1.0
6525.8			1.0
6526.700000000001			1.0
6527.6			1.0
6528.5			1.0
6529.4			1.0
6530.3			1.0
6531.200000000001			1.0
6532.1			1.0
6533.0			1.0
6533.9			1.0
6534.8			1.0
6535.700000000001			1.0
6536.6			1.0
6537.5			1.0
6538.4			1.0
6539.3			1.0
6540.200000000001			1.0
6541.1			1.0
6542.0			1.0
6542.9			1.0
6543.8			1.0
6544.700000000001			1.0
6545.6			1.0
6546.5			1.0
6547.4			1.0
6548.3			1.0
6549.200000000001			1.0
6550.1			1.0
6551.0			1.0
6551.9			1.0
6552.8			1.0
6553.700000000001			1.0
6554.6			1.0
6555.5			1.0
6556.4			1.0
6557.3			1.0
6558.200000000001			1.0
6559.1			1.0
6560.0			0.9555702801187808
6560.9			0.8496593402816129
6561.8			0.6896546081477809
6562.700000000001			0.6314957454014586
6563.6			0.7640266418617295
6564.5			0.9293743566348717
6565.4			0.9999209727316429
6566.3			1.0
6567.200000000001			1.0
6568.1			1.0
6569.0			1.0
6569.9			1.0
6570.8			0.9982186020252638
6571.700000000001			0.9561215872516255
6572.6			0.9107311607255999
6573.5			0.8914255961568924
6574.4			0.9013349954013421
6575.3			0.9461589660585077
6576.200000000001			0.9999499923096599
6577.1			1.0
6578.0			1.0
6578.9			1.0
6579.8			1.0
6580.700000000001			1.0
6581.6			1.0
6582.5			1.0
6583.4			1.0
6584.3			1.0
6585.200000000001			1.0
6586.1			1.0
6587.0			1.0
6587.9			1.0
6588.8			1.0
6589.700000000001			1.0025208393862226
6590.6			0.9931844898897995
6591.5			0.9548164728100001
6592.4			0.9053849539119041
6593.3			0.8935834247520265
6594.200000000001			0.9379766251241738
6595.1			0.9807309011425018
6596.0			0.997087980629927
6596.9			1.0005951113202773
6597.8			1.0
6598.700000000001			1.0
6599.6			1.0
6600.5			1.0
6601.4			1.0
6602.3			1.0
6603.200000000001			1.0
6604.1			1.0
6605.0			1.0
6605.9			1.0
6606.8			1.0
6607.700000000001			1.0
6608.6			1.0
6609.5			1.0
6610.4			1.0
6611.3			1.0
6612.200000000001			1.0
6613.1			1.0
6614.0			1.0
6614.9			1.0
6615.8			1.0
6616.700000000001			1.0
6617.6			1.0
6618.5			1.0
6619.4			1.0
6620.3			1.0
6621.200000000001			1.0
6622.1			1.0
6623.0			1.0
6623.9			1.0
6624.8			1.0
6625.700000000001			1.0
6626.6			1.0
6627.5			1.0
6628.4			1.0
6629.3			1.0
6630.200000000001			1.0
6631.1			1.0
6632.0			1.0
6632.9			1.0
6633.8			1.0
6634.700000000001			1.0
6635.6			1.0
6636.5			1.0
6637.4			1.0
6638.3			1.0
6639.200000000001			1.0
6640.1			1.0063717091373714
6641.0			1.0248980709205784
6641.9			1.0119732489325268
6642.8			0.9623568955974723
6643.700000000001			0.9368395033103445
6644.6			0.9529135495934902
6645.5			0.975013290814178
6646.4			0.9869970396676916
6647.3			1.0002712414902337
6648.200000000001			1.0
6649.1			1.0
6650.0			1.0
6650.9			1.0
6651.8			1.0
6652.700000000001			1.0
6653.6			1.0
6654.5			1.0
6655.4			1.0
6656.3			1.0
6657.200000000001			1.0
6658.1			1.0
6659.0			1.0
6659.9			1.0
6660.8			1.0
6661.700000000001			1.0
6662.6			1.0
6663.5			1.0
6664.4			1.0
6665.3			1.0
6666.200000000001			1.0
6667.1			1.0
6668.0			1.0
6668.9			1.0
6669.8			1.0
6670.700000000001			1.0
6671.6			1.0
6672.5			1.0
6673.4			1.0
6674.3			0.9993099664643482
6675.200000000001			0.9961385345720621
6676.1			0.9757216925702213
6677.0			0.934786920454998
6677.9			0.9157856811360009
6678.8			0.942882395059984
6679.700000000001			0.9684645915952329
6680.6			0.9832487414884458
6681.5			0.999527407190388
6682.4			1.0
6683.3			1.0
6684.200000000001			1.0
6685.1			1.0
6686.0			1.0
6686.9			1.0
6687.8			1.0
6688.700000000001			1.0
6689.6			1.0
6690.5			1.0
6691.4			1.0
6692.3			1.0
6693.200000000001			1.0
6694.1			1.0
6695.0			1.0
6695.9			1.0
6696.8			1.0
6697.700000000001			1.0
6698.6			1.0
6699.5			1.0
6700.4			1.0
6701.3			1.0
6702.200000000001			1.0
6703.1			1.0
6704.0			1.0
6704.9			1.0
6705.8			1.0
6706.700000000001			1.0
6707.6			1.0
6708.5			1.0
6709.4			1.0
6710.3			1.0
6711.200000000001			1.0054391154120035
6712.1			0.9953462114443858
6713.0			0.9775904661007894
6713.9			0.9690446068129569
6714.8			0.9678277553077492
6715.700000000001			0.9572375348361405
6716.6			0.9385216766207615
6717.5			0.9457843512035965
6718.4			0.9790051763102929
6719.3			0.997577096133046
6720.200000000001			0.995198205411496
6721.1			0.9952189131972926
6722.0			1.0007721671381435
6722.9			1.0
6723.8			1.0
6724.700000000001			1.0
6725.6			1.0
6726.5			1.0
6727.4			1.0
6728.3			1.0
6729.200000000001			1.0
6730.1			1.0
6731.0			1.0
6731.9			1.0
6732.8			1.0
6733.700000000001			1.0
6734.6			1.0
6735.5			1.0
6736.4			1.0
6737.3			1.0
6738.200000000001			1.0
6739.1			1.0
6740.0			1.0
6740.9			1.0
6741.8			1.0
6742.700000000001			1.0
6743.6			1.0
6744.5			1.018337872591782
6745.4			1.02053861493242
6746.3			1.0037513923113055
6747.200000000001			0.9930011210155968
6748.1			0.9939886803560583
6749.0			0.9889821980045631
6749.9			0.976718021334467
6750.8			0.9709165332934522
6751.700000000001			0.9612233495561562
6752.6			0.9420330574209207
6753.5			0.9374621561763885
6754.4			0.9525101827484576
6755.3			0.9678465306919064
6756.200000000001			0.9780519566965722
6757.1			0.9861164756192938
6758.0			0.9931409052367524
6758.9			0.9935589983980585
6759.8			0.9853548396029506
6760.700000000001			0.9831721407934144
6761.6			0.9940981752463308
6762.5			1.0018853306865916
6763.4			1.0
6764.3			1.0
6765.200000000001			1.0
6766.1			1.0
6767.0			1.0
6767.9			1.0
6768.8			1.0
6769.700000000001			1.0
6770.6			1.0
6771.5			1.0
6772.4			1.0
6773.3			1.0
6774.200000000001			1.0
6775.1			1.0
6776.0			1.0
6776.9			1.0
6777.8			1.0
6778.700000000001			1.0
6779.6			1.0
6780.5			1.0
6781.4			1.0
6782.3			1.0
6783.200000000001			1.0
6784.1			1.0
6785.0			1.0
6785.9			1.0
6786.8			1.0
6787.700000000001			1.0
6788.6			1.0
6789.5			1.0
6790.4			1.0
6791.3			1.0
6792.200000000001			1.0
6793.1			1.0
6794.0			1.0
6794.9			1.0
6795.8			1.0
6796.700000000001			1.0
6797.6			1.0
6798.5			1.0
6799.4			1.0
6800.3			1.0
6801.200000000001			1.0
6802.1			1.0
6803.0			1.0
6803.9			1.0
6804.8			1.0
6805.700000000001			1.0
6806.6			1.0
6807.5			1.0
6808.4			1.0
6809.3			1.0
6810.200000000001			1.0
6811.1			1.0
6812.0			1.0
6812.9			1.0
6813.8			1.0
6814.700000000001			1.0
6815.6			1.0
6816.5			1.0
6817.4			1.0
6818.3			1.0
6819.200000000001			1.0
6820.1			1.0
6821.0			1.0
6821.9			1.0
6822.8			1.0
6823.700000000001			1.0
6824.6			1.0
6825.5			1.0
6826.4			1.0
6827.3			1.0
6828.200000000001			1.0
6829.1			1.0
6830.0			1.0
6830.9			1.0
6831.8			1.0
6832.700000000001			1.0
6833.6			1.0
6834.5			1.0020512463250768
6835.4			1.0007979141351346
6836.3			0.9975266034604701
6837.200000000001			0.9765057281854612
6838.1			0.9606699143050298
6839.0			0.9599786468282686
6839.9			0.9385471360824575
6840.8			0.9115992913667332
6841.700000000001			0.9160872920641155
6842.6			0.9423853971175762
6843.5			0.956709599941079
6844.4			0.9650300803341318
6845.3			0.9849849219566743
6846.200000000001			1.0004702130711653
6847.1			1.0002250871573493
6848.0			1.0
6848.9			1.0
6849.8			1.0
6850.700000000001			1.0
6851.6			1.0
6852.5			1.0
6853.4			1.0
6854.3			1.0
6855.200000000001			1.0
6856.1			1.0
6857.0			1.0
6857.9			1.0
6858.8			1.0
6859.700000000001			1.0
6860.6			1.0
6861.5			1.0
6862.4			1.0
6863.3			1.0
6864.200000000001			1.0
6865.1			1.0
6866.0			1.0
6866.9			1.0
6867.8			1.0
6868.700000000001			1.0200596806560023
6869.6			1.033165414084272
6870.5			1.0106250369452712
6871.4			0.9795396884371028
6872.3			0.9660256520356736
6873.200000000001			0.9838351463926357
6874.1			1.0038645618966
6875.0			1.00114846811476
6875.9			0.9987240386202123
6876.8			1.0
6877.700000000001			1.0
6878.6			1.0
6879.5			1.0
6880.4			1.0
6881.3			1.0
6882.200000000001			1.0
6883.1			1.0
6884.0			1.0
6884.9			1.0
6885.8			1.0
6886.700000000001			1.0
6887.6			1.0
6888.5			1.0
6889.4			1.0
6890.3			1.0
6891.200000000001			1.0
6892.1			1.0
6893.0			1.0
6893.9			1.0
6894.8			1.0
6895.700000000001			1.0
6896.6			1.0
6897.5			1.0
6898.4			1.0
6899.3			1.0
6900.200000000001			1.0
6901.1			1.0
6902.0			1.0
6902.9			1.0
6903.8			1.0
6904.700000000001			1.0
6905.6			1.0
6906.5			1.0
6907.4			1.0
6908.3			1.0
6909.200000000001			1.0
6910.1			1.0
6911.0			1.0
6911.9			1.0
6912.8			1.0
6913.700000000001			1.0
6914.6			1.0
6915.5			1.0
6916.4			1.0
6917.3			1.0
6918.200000000001			1.0
6919.1			1.0
6920.0			1.0195520752303435
6920.9			1.0312870771988552
6921.8			1.029022946563859
6922.700000000001			1.0111185640910205
6923.6			0.9810942605270626
6924.5			0.9567841939177979
6925.4			0.9576045204949938
6926.3			0.9794017945258089
6927.200000000001			0.9983541794382229
6928.1			1.0048446990423723
6929.0			1.0001012200453423
6929.9			1.0
6930.8			1.0
6931.700000000001			1.0
6932.6			1.0
6933.5			1.0
6934.4			1.0
6935.3			1.0
6936.200000000001			1.0
6937.1			1.0
6938.0			1.0
6938.9			1.0
6939.8			1.0
6940.700000000001			1.0
6941.6			1.0
6942.5			1.0
6943.4			1.0
6944.3			1.0
6945.200000000001			1.0
6946.1			1.0
6947.0			1.0
6947.9			1.0
6948.8			1.0
6949.700000000001			1.0
6950.6			1.0
6951.5			1.0
6952.4			1.0
6953.3			1.0
6954.200000000001			1.0
6955.1			1.0
6956.0			1.0
6956.9			1.0
6957.8			1.0
6958.700000000001			1.0
6959.6			1.0
6960.5			1.0
6961.4			1.0
6962.3			1.0
6963.200000000001			1.0
6964.1			1.0
6965.0			1.0
6965.9			1.0
6966.8			1.0
6967.700000000001			1.0
6968.6			1.0
6969.5			1.0
6970.4			1.0
6971.3			1.0
6972.200000000001			1.0
6973.1			1.0
6974.0			1.0
6974.9			1.0
6975.8			0.9952080670476641
6976.700000000001			0.9699747812408233
6977.6			0.9268825423825252
6978.5			0.9052953786891336
6979.4			0.9336578132466714
6980.3			0.9781153822489361
6981.200000000001			1.0006689176124994
6982.1			1.0
6983.0			1.0
6983.9			1.0
6984.8			1.0
6985.700000000001			1.0
6986.6			1.0
6987.5			1.0
6988.4			1.0
6989.3			1.0
6990.200000000001			1.0
6991.1			1.0
6992.0			1.0
6992.9			1.0
6993.8			1.0
6994.700000000001			1.0
6995.6			1.0
6996.5			1.0
6997.4			1.0
6998.3			1.0
6999.200000000001			1.0
7000.1			1.0
7001.0			1.0
7001.9			1.0
7002.8			1.0
7003.700000000001			1.0
7004.6			1.0
7005.5			1.0
7006.4			1.0
7007.3			1.0
7008.200000000001			1.0
7009.1			1.0
7010.0			1.0
7010.9			1.0
7011.8			1.0
7012.700000000001			1.0
7013.6			1.0
7014.5			1.0
7015.4			1.0
7016.3			1.0
7017.200000000001			1.0
7018.1			1.0
7019.0			1.0
7019.9			1.0
7020.8			1.0
7021.700000000001			1.0
7022.6			1.0
7023.5			1.0
7024.4			1.0
7025.3			1.0
7026.200000000001			1.0
7027.1			1.0
7028.0			1.0
7028.9			1.0
7029.8			1.0
7030.700000000001			1.0
7031.6			1.0
7032.5			1.0
7033.4			1.0
7034.3			1.0
7035.200000000001			1.0
7036.1			1.0
7037.0			1.0
7037.9			1.0
7038.8			1.0
7039.700000000001			1.0
7040.6			1.0
7041.5			1.0
7042.4			1.0
7043.3			1.0
7044.200000000001			1.0
7045.1			1.0
7046.0			1.0
7046.9			1.0
7047.8			1.0
7048.700000000001			1.0
7049.6			1.0
7050.5			1.0
7051.4			1.0
7052.3			1.0
7053.200000000001			1.0
7054.1			1.0
7055.0			1.0
7055.9			1.0
7056.8			1.0
7057.700000000001			1.0
7058.6			1.0
7059.5			1.0
7060.4			1.0
7061.3			1.0
7062.200000000001			1.0
7063.1			1.0
7064.0			1.0
7064.9			1.0
7065.8			1.0
7066.700000000001			1.0
7067.6			1.0
7068.5			1.0
7069.4			1.0
7070.3			1.0
7071.200000000001			1.0
7072.1			1.0
7073.0			1.0
7073.9			1.0
7074.8			1.0
7075.700000000001			1.0
7076.6			1.0
7077.5			1.0
7078.4			1.0
7079.3			1.0
7080.200000000001			1.0
7081.1			1.0
7082.0			1.0
7082.9			1.0
7083.8			1.0
7084.700000000001			1.0
7085.6			1.0
7086.5			1.0
7087.4			1.0
7088.3			1.0
7089.200000000001			1.0
7090.1			1.0
7091.0			1.0
7091.9			1.0
7092.8			1.0
7093.700000000001			1.0
7094.6			1.0
7095.5			1.0
7096.4			1.0
7097.3			1.0
7098.200000000001			1.0
7099.1			1.0
7100.0			1.0
7100.9			1.0
7101.8			1.0
7102.700000000001			1.0
7103.6			1.0
7104.5			1.0
7105.4			1.0
7106.3			1.0
7107.200000000001			1.0
7108.1			1.0
7109.0			1.0
7109.9			1.0
7110.8			1.0
7111.700000000001			1.0
7112.6			1.0
7113.5			1.0
7114.4			1.0
7115.3			1.0
7116.200000000001			1.0
7117.1			1.0
7118.0			1.0
7118.9			1.0
7119.8			1.0
7120.700000000001			1.0
7121.6			1.0
7122.5			1.0
7123.4			1.0
7124.3			1.0
7125.200000000001			1.0
7126.1			1.0
7127.0			1.0
7127.9			1.0
7128.8			1.0
7129.700000000001			1.0
7130.6			1.0
7131.5			1.0
7132.4			1.0
7133.3			1.0
7134.200000000001			1.0
7135.1			1.0
7136.0			1.0
7136.9			1.0
7137.8			1.0
7138.700000000001			1.0
7139.6			1.0
7140.5			1.0
7141.4			1.0
7142.3			1.0
7143.200000000001			1.0
7144.1			1.0
7145.0			1.0
7145.9			1.0
7146.8			1.0
7147.700000000001			1.0
7148.6			1.0
7149.5			1.0
7150.4			1.0
7151.3			1.0
7152.200000000001			1.0
7153.1			1.0
7154.0			1.0
7154.9			1.0
7155.8			1.0
7156.700000000001			1.0
7157.6			1.0
7158.5			1.0
7159.4			1.0
7160.3			1.0
7161.200000000001			1.0
7162.1			1.0
7163.0			1.0
7163.9			1.0
7164.8			1.0
7165.700000000001			1.0
7166.6			1.0
7167.5			1.0
7168.4			1.0
7169.3			1.0
7170.200000000001			1.0
7171.1			1.0
7172.0			1.0
7172.9			1.0
7173.8			1.0
7174.700000000001			1.0
7175.6			1.0
7176.5			1.0
7177.4			1.0
7178.3			1.0
7179.200000000001			1.0
7180.1			1.0
7181.0			1.0
7181.9			1.0
7182.8			1.0
7183.700000000001			1.0
7184.6			1.0
7185.5			1.0
7186.4			1.0
7187.3			1.0
7188.200000000001			1.0
7189.1			1.0
7190.0			1.0
7190.9			1.0
7191.8			1.0
7192.700000000001			1.0
7193.6			1.0
7194.5			1.0
7195.4			1.0
7196.3			1.0
7197.200000000001			1.0
7198.1			1.0
7199.0			1.0
7199.9			1.0
7200.8			1.0
7201.700000000001			1.0
7202.6			1.0
7203.5			1.0
7204.4			1.0
7205.3			1.0
7206.200000000001			1.0
7207.1			1.0
7208.0			1.0
7208.9			1.0
7209.8			1.0
7210.700000000001			1.0
7211.6			1.0
7212.5			1.0
7213.4			1.0
7214.3			1.0
7215.200000000001			1.0
7216.1			1.0
7217.0			1.0
7217.9			1.0
7218.8			1.0
7219.700000000001			1.0
7220.6			1.0
7221.5			1.0
7222.4			1.0
7223.3			1.0
7224.200000000001			1.0
7225.1			1.0
7226.0			1.0
7226.9			1.0
7227.8			1.0
7228.700000000001			1.0
7229.6			1.0
7230.5			1.0
7231.4			1.0
7232.3			1.0
7233.200000000001			1.0
7234.1			1.0
7235.0			1.0
7235.9			1.0
7236.8			1.0
7237.700000000001			1.0
7238.6			1.0
7239.5			1.0
7240.4			1.0
7241.3			1.0
7242.200000000001			1.0
7243.1			1.0
7244.0			1.0
7244.9			1.0
7245.8			1.0
7246.700000000001			1.0
7247.6			1.0
7248.5			1.0
7249.4			1.0
7250.3			1.0
7251.200000000001			1.0
7252.1			1.0
7253.0			1.0
7253.9			1.0
7254.8			1.0
7255.700000000001			1.0
7256.6			1.0
7257.5			1.0
7258.4			1.0
7259.3			1.0
7260.200000000001			1.0
7261.1			1.0
7262.0			1.0
7262.9			1.0
7263.8			1.0
7264.700000000001			1.0
7265.6			1.0
7266.5			1.0
7267.4			1.0
7268.3			1.0
7269.200000000001			1.0
7270.1			1.0
7271.0			1.0
7271.9			1.0
7272.8			1.0
7273.700000000001			1.0
7274.6			1.0
7275.5			1.0
7276.4			1.0
7277.3			1.0
7278.200000000001			1.0
7279.1			1.0
7280.0			1.0
7280.9			1.0
7281.8			1.0
7282.700000000001			1.0
7283.6			1.0
7284.5			1.0
7285.4			1.0
7286.3			1.0
7287.200000000001			1.0
7288.1			1.0
7289.0			1.0
7289.9			1.0
7290.8			1.0
7291.700000000001			1.0
7292.6			1.0
7293.5			1.0
7294.4			1.0
7295.3			1.0
7296.200000000001			1.0
7297.1			1.0
7298.0			1.0
7298.9			1.0
7299.8			1.0
7300.700000000001			1.0
7301.6			1.0
7302.5			1.0
7303.4			1.0
7304.3			1.0
7305.200000000001			1.0
7306.1			1.0
7307.0			1.0
7307.9			1.0
7308.8			1.0
7309.700000000001			1.0
7310.6			1.0
7311.5			1.0
7312.4			1.0
7313.3			1.0
7314.200000000001			1.0
7315.1			1.0
7316.0			1.0
7316.9			1.0
7317.8			1.0
7318.700000000001			1.0
7319.6			1.0
7320.5			1.0
7321.4			1.0
7322.3			1.0
7323.200000000001			1.0
7324.1			1.0
7325.0			1.0
7325.9			1.0
7326.8			1.0
7327.700000000001			1.0
7328.6			1.0
7329.5			1.0
7330.4			1.0
7331.3			1.0
7332.200000000001			1.0
7333.1			1.0
7334.0			1.0
7334.9			1.0
7335.8			1.0
7336.700000000001			1.0
7337.6			1.0
7338.5			1.0
7339.4			1.0
7340.3			1.0
7341.200000000001			1.0
7342.1			1.0
7343.0			1.0
7343.9			1.0
7344.8			1.0
7345.700000000001			1.0
7346.6			1.0
7347.5			1.0
7348.4			1.0
7349.3			1.0
7350.200000000001			1.0
7351.1			1.0
7352.0			1.0
7352.9			1.0
7353.8			1.0
7354.700000000001			1.0
7355.6			1.0
7356.5			1.0
7357.4			1.0
7358.3			1.0
7359.200000000001			1.0
7360.1			1.0
7361.0			1.0
7361.9			1.0
7362.8			1.0
7363.700000000001			1.0
7364.6			1.0
7365.5			1.0
7366.4			1.0
7367.3			1.0
7368.200000000001			1.0
7369.1			1.0
7370.0			1.0
7370.9			1.0
7371.8			1.0
7372.700000000001			1.0
7373.6			1.0
7374.5			1.0
7375.4			1.0
7376.3			1.0
7377.200000000001			1.0
7378.1			1.0
7379.0			1.0
7379.9			1.0
7380.8			1.0
7381.700000000001			1.0
7382.6			1.0
7383.5			1.0
7384.4			1.0
7385.3			1.0
7386.200000000001			1.0
7387.1			1.0
7388.0			1.0
7388.9			1.0
7389.8			1.0
7390.700000000001			1.0
7391.6			1.0
7392.5			1.0
7393.4			1.0
7394.3			1.0
7395.200000000001			1.0
7396.1			1.0
7397.0			1.0
7397.9			1.0
7398.8			1.0
7399.700000000001			1.0
7400.6			1.0
7401.5			1.0
7402.4			1.0
7403.3			1.0
7404.200000000001			1.0
7405.1			1.0
7406.0			1.0
7406.9			1.0
7407.8			1.0
7408.700000000001			1.0
7409.6			1.0
7410.5			1.0
7411.4			1.0
7412.3			1.0
7413.200000000001			1.0
7414.1			1.0
7415.0			1.0
7415.9			1.0
7416.8			1.0
7417.700000000001			1.0
7418.6			1.0
7419.5			1.0
7420.4			1.0
7421.3			1.0
7422.200000000001			1.0
7423.1			1.0
7424.0			1.0
7424.9			1.0
7425.8			1.0
7426.700000000001			1.0
7427.6			1.0
7428.5			1.0
7429.4			1.0
