3500.0			1.0
3500.9			1.0
3501.8			1.0
3502.7			1.0
3503.6			1.0
3504.5			1.0
3505.4			1.0
3506.3			1.0
3507.2			1.0
3508.1			1.0
3509.0			1.0
3509.9			1.0
3510.8			1.0
3511.7			1.0
3512.6			1.0
3513.5			1.0
3514.4			1.0
3515.3			1.0
3516.2			1.0
3517.1			1.0
3518.0			1.0
3518.9			1.0
3519.8			1.0
3520.7			1.0
3521.6			1.0
3522.5			1.0
3523.4			1.0
3524.3			1.0
3525.2			1.0
3526.1			1.0
3527.0			1.0
3527.9			1.0
3528.8			1.0
3529.7			1.0
3530.6			1.0
3531.5			1.0
3532.4			1.0
3533.3			1.0
3534.2			1.0
3535.1			1.0
3536.0			1.0
3536.9			1.0
3537.8			1.0
3538.7			1.0
3539.6			1.0
3540.5			1.0
3541.4			1.0
3542.3			1.0
3543.2			1.0
3544.1			1.0
3545.0			1.0
3545.9			1.0
3546.8			1.0
3547.7			1.0
3548.6			1.0
3549.5			1.0
3550.4			1.0
3551.3			1.0
3552.2			1.0
3553.1			1.0
3554.0			1.0
3554.9			1.0
3555.8			1.0
3556.7			1.0
3557.6			1.0
3558.5			1.0
3559.4			1.0
3560.3			1.0
3561.2			1.0
3562.1			1.0
3563.0			1.0
3563.9			1.0
3564.8			1.0
3565.7			1.0
3566.6			1.0
3567.5			1.0
3568.4			1.0
3569.3			1.0
3570.2			1.0
3571.1			1.0
3572.0			1.0
3572.9			1.0
3573.8			1.0
3574.7			1.0
3575.6			1.0
3576.5			1.0
3577.4			1.0
3578.3			1.0
3579.2			1.0
3580.1			1.0
3581.0			1.0
3581.9			1.0
3582.8			1.0
3583.7			1.0
3584.6			1.0
3585.5			1.0
3586.4			1.0
3587.3			1.0
3588.2			1.0
3589.1			1.0
3590.0			1.0
3590.9			1.0
3591.8			1.0
3592.7			1.0
3593.6			1.0
3594.5			1.0
3595.4			1.0
3596.3			1.0
3597.2			1.0
3598.1			1.0
3599.0			1.0
3599.9			1.0
3600.8			1.0
3601.7			1.0
3602.6			1.0
3603.5			1.0
3604.4			1.0
3605.3			1.0
3606.2			1.0
3607.1			1.0
3608.0			1.0
3608.9			1.0
3609.8			1.0
3610.7			1.0
3611.6			1.0
3612.5			1.0
3613.4			1.0
3614.3			1.0
3615.2			1.0
3616.1			1.0
3617.0			1.0
3617.9			1.0
3618.8			1.0
3619.7			1.0
3620.6			1.0
3621.5			1.0
3622.4			1.0
3623.3			1.0
3624.2			1.0
3625.1			1.0
3626.0			1.0
3626.9			1.0
3627.8			1.0
3628.7			1.0
3629.6			1.0
3630.5			1.0
3631.4			1.0
3632.3			1.0
3633.2			1.0
3634.1			1.0
3635.0			1.0
3635.9			1.0
3636.8			1.0
3637.7			1.0
3638.6			1.0
3639.5			1.0
3640.4			1.0
3641.3			1.0
3642.2			1.0
3643.1			1.0
3644.0			1.0
3644.9			1.0
3645.8			1.0
3646.7			1.0
3647.6			1.0
3648.5			1.0
3649.4			1.0
3650.3			1.0
3651.2			1.0
3652.1			1.0
3653.0			1.0
3653.9			1.0
3654.8			1.0
3655.7			1.0
3656.6			1.0
3657.5			1.0
3658.4			1.0
3659.3			1.0
3660.2			1.0
3661.1			1.0
3662.0			1.0
3662.9			1.0
3663.8			1.0
3664.7			1.0
3665.6			1.0
3666.5			1.0
3667.4			1.0
3668.3			1.0
3669.2			1.0
3670.1			1.0
3671.0			1.0
3671.9			1.0
3672.8			1.0
3673.7			1.0
3674.6			1.0
3675.5			1.0
3676.4			1.0
3677.3			1.0
3678.2			1.0
3679.1			1.0
3680.0			1.0
3680.9			1.0
3681.8			1.0
3682.7			1.0
3683.6			1.0
3684.5			1.0
3685.4			1.0
3686.3			1.0
3687.2			1.0
3688.1			1.0
3689.0			1.0
3689.9			1.0
3690.8			1.0
3691.7			1.0
3692.6			1.0
3693.5			1.0
3694.4			1.0
3695.3			1.0
3696.2			1.0
3697.1			1.0
3698.0			1.0
3698.9			1.0
3699.8			1.0
3700.7			1.0
3701.6			1.0
3702.5			1.0
3703.4			1.0
3704.3			1.0
3705.2			1.0
3706.1			1.0
3707.0			1.0
3707.9			1.0
3708.8			1.0
3709.7			1.0
3710.6			1.0
3711.5			1.0
3712.4			1.0
3713.3			1.0
3714.2			1.0
3715.1			1.0
3716.0			1.0
3716.9			1.0
3717.8			1.0
3718.7			1.0
3719.6			1.0
3720.5			1.0
3721.4			1.0
3722.3			1.0
3723.2			1.0
3724.1			1.0
3725.0			1.0
3725.9			1.0
3726.8			1.0
3727.7			1.0
3728.6			1.0
3729.5			1.0
3730.4			1.0
3731.3			1.0
3732.2			1.0
3733.1			1.0
3734.0			1.0
3734.9			1.0
3735.8			1.0
3736.7			1.0
3737.6			1.0
3738.5			1.0
3739.4			1.0
3740.3			1.0
3741.2			1.0
3742.1			1.0
3743.0			1.0
3743.9			1.0
3744.8			1.0
3745.7			1.0
3746.6			1.0
3747.5			1.0
3748.4			1.0
3749.3			1.0
3750.2			1.0
3751.1			1.0
3752.0			1.0
3752.9			1.0
3753.8			1.0
3754.7			1.0
3755.6			1.0
3756.5			1.0
3757.4			1.0
3758.3			1.0
3759.2			1.0
3760.1			1.0
3761.0			1.0
3761.9			1.0
3762.8			1.0
3763.7			1.0
3764.6			1.0
3765.5			1.0
3766.4			1.0
3767.3			1.0
3768.2			1.0
3769.1			1.0
3770.0			1.0
3770.9			1.0
3771.8			1.0
3772.7			1.0
3773.6			1.0
3774.5			1.0
3775.4			1.0
3776.3			1.0
3777.2			1.0
3778.1			1.0
3779.0			1.0
3779.9			1.0
3780.8			1.0
3781.7			1.0
3782.6			1.0
3783.5			1.0
3784.4			1.0
3785.3			1.0
3786.2			1.0
3787.1			1.0
3788.0			1.0
3788.9			1.0
3789.8			1.0
3790.7			1.0
3791.6			1.0
3792.5			1.0
3793.4			1.0
3794.3			1.0
3795.2			1.0
3796.1			1.0
3797.0			1.0
3797.9			1.0
3798.8			1.0
3799.7			1.0
3800.6			1.0
3801.5			1.0
3802.4			1.0
3803.3			1.0
3804.2			1.0
3805.1			1.0
3806.0			1.0
3806.9			1.0
3807.8			1.0
3808.7			1.0
3809.6			1.0
3810.5			1.0
3811.4			1.0
3812.3			1.0
3813.2			1.0
3814.1			1.0
3815.0			1.0
3815.9			1.0
3816.8			1.0
3817.7			1.0
3818.6			1.0
3819.5			1.0
3820.4			1.0
3821.3			1.0
3822.2			1.0
3823.1			1.0
3824.0			1.0
3824.9			1.0
3825.8			1.0
3826.7			1.0
3827.6			1.0
3828.5			1.0
3829.4			1.0
3830.3			1.0
3831.2			1.0
3832.1			1.0
3833.0			1.0
3833.9			1.0
3834.8			1.0
3835.7			1.0
3836.6			1.0
3837.5			1.0
3838.4			1.0
3839.3			1.0
3840.2			1.0
3841.1			1.0
3842.0			1.0
3842.9			1.0
3843.8			1.0
3844.7			1.0
3845.6			1.0
3846.5			1.0
3847.4			1.0
3848.3			1.0
3849.2			1.0
3850.1			1.0
3851.0			1.0
3851.9			1.0
3852.8			1.0
3853.7			1.0
3854.6			1.0
3855.5			1.0
3856.4			1.0
3857.3			1.0
3858.2			1.0
3859.1			1.0
3860.0			1.0
3860.9			1.0
3861.8			1.0
3862.7			1.0
3863.6			1.0
3864.5			1.0
3865.4			1.0
3866.3			1.0
3867.2			1.0
3868.1			1.0
3869.0			1.0
3869.9			1.0
3870.8			1.0
3871.7			1.0
3872.6			1.0
3873.5			1.0
3874.4			1.0
3875.3			1.0
3876.2			1.0
3877.1			1.0
3878.0			1.0
3878.9			1.0
3879.8			1.0
3880.7			1.0
3881.6			1.0
3882.5			1.0
3883.4			1.0
3884.3			1.0
3885.2			1.0
3886.1			1.0
3887.0			1.0
3887.9			1.0
3888.8			1.0
3889.7			1.0
3890.6			1.0
3891.5			1.0
3892.4			1.0
3893.3			1.0
3894.2			1.0
3895.1			1.0
3896.0			1.0
3896.9			1.0
3897.8			1.0
3898.7			1.0
3899.6			1.0
3900.5			1.0
3901.4			1.0
3902.3			1.0
3903.2			1.0
3904.1			1.0
3905.0			1.0
3905.9			1.0
3906.8			1.0
3907.7			1.0
3908.6			1.0
3909.5			1.0
3910.4			1.0
3911.3			1.0
3912.2			1.0
3913.1			1.0
3914.0			1.0
3914.9			1.0
3915.8			1.0
3916.7			1.0
3917.6			1.0
3918.5			1.0
3919.4			1.0
3920.3			1.0
3921.2			1.0
3922.1			1.0
3923.0			1.0
3923.9			1.0
3924.8			1.0
3925.7			1.0
3926.6			1.0
3927.5			1.0
3928.4			1.0
3929.3			1.0
3930.2			1.0
3931.1			1.0
3932.0			1.0
3932.9			1.0
3933.8			1.0
3934.7			1.0
3935.6			1.0
3936.5			1.0
3937.4			1.0
3938.3			1.0
3939.2			1.0
3940.1			1.0
3941.0			1.0
3941.9			1.0
3942.8			1.0
3943.7			1.0
3944.6			1.0
3945.5			1.0
3946.4			1.0
3947.3			1.0
3948.2			1.0
3949.1			1.0
3950.0			1.0
3950.9			1.0
3951.8			1.0
3952.7			1.0
3953.6			1.0
3954.5			1.0
3955.4			1.0
3956.3			1.0
3957.2			1.0
3958.1			1.0
3959.0			1.0
3959.9			1.0
3960.8			1.0
3961.7			1.0
3962.6			1.0
3963.5			1.0
3964.4			1.0
3965.3			1.0
3966.2			1.0
3967.1			1.0
3968.0			1.0
3968.9			1.0
3969.8			1.0
3970.7			1.0
3971.6			1.0
3972.5			1.0
3973.4			1.0
3974.3			1.0
3975.2			1.0
3976.1			1.0
3977.0			1.0
3977.9			1.0
3978.8			1.0
3979.7			1.0
3980.6			1.0
3981.5			1.0
3982.4			1.0
3983.3			1.0
3984.2			1.0
3985.1			1.0
3986.0			1.0
3986.9			1.0
3987.8			1.0
3988.7			1.0
3989.6			1.0
3990.5			1.0
3991.4			1.0
3992.3			1.0
3993.2			1.0
3994.1			1.0
3995.0			1.0
3995.9			1.0
3996.8			1.0
3997.7			1.0
3998.6			1.0
3999.5			1.0
4000.4			1.0
4001.3			1.0
4002.2			1.0
4003.1			1.0
4004.0			1.0
4004.9			1.0
4005.8			1.0
4006.7			1.0
4007.6			1.0
4008.5			1.0
4009.4			1.0
4010.3			1.0
4011.2			1.0
4012.1			1.0
4013.0			1.0
4013.9			1.0
4014.8			1.0
4015.7			1.0
4016.6			1.0
4017.5			1.0
4018.4			1.0
4019.3			1.0
4020.2			1.0
4021.1			1.0
4022.0			1.0
4022.9			1.0
4023.8			1.0
4024.7			1.0
4025.6			1.0
4026.5			1.0
4027.4			1.0
4028.3			1.0900236740747657
4029.2			1.0433501678589703
4030.1			0.8078644221665192
4031.0			0.6160945446159962
4031.9			0.5690404382339234
4032.8			0.5253397219530072
4033.7			0.5017795724766313
4034.6			0.5631189701101426
4035.5			0.7037179437515527
4036.4			0.9055504191163724
4037.3			1.047359221645588
4038.2			1.0662689232586395
4039.1			1.0007729678340702
4040.0			1.0
4040.9			1.0
4041.8			1.0
4042.7			1.009644322928724
4043.6			0.8998738814447479
4044.5			0.6590842855280796
4045.4			0.42843491896475616
4046.3			0.4179749404136745
4047.2			0.6240865741933499
4048.1			0.8178781349319191
4049.0			0.914334078302082
4049.9			0.9993414008456323
4050.8			1.0
4051.7			1.0
4052.6			1.0
4053.5			1.0
4054.4			1.0
4055.3			1.0
4056.2			1.0
4057.1			1.0
4058.0			1.0
4058.9			1.0
4059.8			1.0
4060.7			1.0943954650530658
4061.6			1.03345690211341
4062.5			0.7958709975350974
4063.4			0.5680761829265467
4064.3			0.6116559434526682
4065.2			0.8522200981630268
4066.1			0.9964408409697056
4067.0			1.0
4067.9			1.0
4068.8			1.0
4069.7			1.0
4070.6			1.0
4071.5			1.0
4072.4			1.0
4073.3			1.0
4074.2			1.0
4075.1			0.9565921679541383
4076.0			0.7660091589488711
4076.9			0.5914583968162448
4077.8			0.5595483784639569
4078.7			0.6736456834049102
4079.6			0.8441458993968667
4080.5			1.0013461044663508
4081.4			1.0
4082.3			1.0
4083.2			1.0
4084.1			1.0
4085.0			1.0
4085.9			1.0
4086.8			1.0
4087.7			1.0
4088.6			1.0
4089.5			1.0
4090.4			1.0
4091.3			1.0
4092.2			1.0
4093.1			1.0204006020674434
4094.0			1.0722427429530461
4094.9			0.9871777040075198
4095.8			0.8039388923292251
4096.7			0.7198806697912802
4097.6			0.7728727401837474
4098.5			0.840850385779325
4099.4			0.8127166373223077
4100.3			0.7155662577723382
4101.2			0.6801967396913244
4102.1			0.740399698159104
4103.0			0.8385752604057319
4103.9			0.8965630452233836
4104.8			0.9397705586732377
4105.7			1.058982533990576
4106.6			1.136931447209132
4107.5			1.111563960073888
4108.4			1.0670406121979443
4109.3			0.9990567204934597
4110.2			1.0
4111.1			1.0
4112.0			1.0
4112.9			1.0
4113.8			1.0
4114.7			1.0
4115.6			1.0
4116.5			1.0
4117.4			1.0
4118.3			1.0
4119.2			1.0
4120.1			1.0
4121.0			1.0
4121.9			1.0
4122.8			1.0
4123.7			1.0
4124.6			1.0
4125.5			1.0
4126.4			1.0
4127.3			1.0
4128.2			1.0
4129.1			1.0
4130.0			1.0
4130.9			1.0
4131.8			1.0
4132.7			1.0
4133.6			1.0
4134.5			1.0
4135.4			1.0
4136.3			1.0
4137.2			1.0
4138.1			1.0205649145609006
4139.0			1.039324077134449
4139.9			1.0146174112402104
4140.8			0.9963876587314592
4141.7			0.8996309535468549
4142.6			0.6702590343710022
4143.5			0.509483468780242
4144.4			0.5871949298415023
4145.3			0.7880710110610608
4146.2			0.9508218155343566
4147.1			1.0367488379019123
4148.0			1.055870743860167
4148.9			1.008375083424904
4149.8			1.0
4150.7			1.0
4151.6			1.0
4152.5			1.0
4153.4			1.0
4154.3			1.0
4155.2			1.0
4156.1			1.0
4157.0			1.0
4157.9			1.0
4158.8			1.0
4159.7			1.0
4160.6			1.0
4161.5			1.0
4162.4			1.0
4163.3			1.0
4164.2			1.0
4165.1			1.0
4166.0			0.9666408643915784
4166.9			0.9435571661076051
4167.8			0.9312288619836754
4168.7			0.9798176913138067
4169.6			1.0665530099302487
4170.5			1.1129758779337398
4171.4			0.995451498388634
4172.3			0.7898292424151726
4173.2			0.6965184368750574
4174.1			0.7530812579070492
4175.0			0.8432820432912801
4175.9			0.9117982180011115
4176.8			0.9298029610331121
4177.7			0.9014498224881563
4178.6			0.9228694172159309
4179.5			0.9897170456183528
4180.4			1.0001811888727759
4181.3			1.0
4182.2			1.0
4183.1			1.0
4184.0			1.0
4184.9			1.0
4185.8			1.0
4186.7			1.0
4187.6			1.0
4188.5			1.0
4189.4			1.0
4190.3			1.0
4191.2			1.0
4192.1			1.0
4193.0			1.0
4193.9			1.028242118726755
4194.8			0.9580005890763356
4195.7			0.8469334165929039
4196.6			0.7606940735292074
4197.5			0.716159207150022
4198.4			0.7164074248178701
4199.3			0.7660073415670573
4200.2			0.8045362099920768
4201.1			0.7641699740432728
4202.0			0.7009489808006019
4202.9			0.7568592121181615
4203.8			0.8599675102496821
4204.7			0.8796695763422485
4205.6			0.9072082710556432
4206.5			0.9792332493374655
4207.4			1.0579794968987906
4208.3			1.113323239130975
4209.2			1.0785260356075548
4210.1			0.9995658029800305
4211.0			1.0
4211.9			1.0
4212.8			1.0
4213.7			0.8790906785393667
4214.6			0.7097642468542893
4215.5			0.6387353172244494
4216.4			0.7999695513740365
4217.3			1.0147485972096573
4218.2			1.0
4219.1			1.0
4220.0			1.0
4220.9			1.0
4221.8			1.0
4222.7			0.8681140462217052
4223.6			0.7129950896590092
4224.5			0.5552777183293759
4225.4			0.3730807089788148
4226.3			0.21862905722201864
4227.2			0.18917736397427828
4228.1			0.3326730612417496
4229.0			0.5582941456016675
4229.9			0.7576859805087031
4230.8			0.9360744303144569
4231.7			0.994332722122077
4232.6			1.0
4233.5			1.0
4234.4			1.0
4235.3			1.0
4236.2			1.0
4237.1			1.0
4238.0			1.0
4238.9			1.0
4239.8			1.0
4240.7			1.0
4241.6			1.0
4242.5			1.0
4243.4			1.0
4244.3			1.0
4245.2			1.0
4246.1			1.0
4247.0			0.8970487946065298
4247.9			0.8328485975935018
4248.8			0.7912381821109474
4249.7			0.6930526159535009
4250.6			0.5881077721071235
4251.5			0.6049721125956417
4252.4			0.6969963365557116
4253.3			0.6868492583855769
4254.2			0.5804011061241551
4255.1			0.5571665338247248
4256.0			0.7013367640250489
4256.9			0.8796443373288184
4257.8			0.9126251845872241
4258.7			0.8234286185565315
4259.6			0.7090200755192242
4260.5			0.63438933709651
4261.4			0.6744939090145556
4262.3			0.8325644286654956
4263.2			1.0035122565578487
4264.1			1.0
4265.0			1.0
4265.9			1.0002906343569686
4266.8			0.9397135599077235
4267.7			0.8482051649259784
4268.6			0.774063907453163
4269.5			0.7076661216440788
4270.4			0.5834728850999129
4271.3			0.43228808353882847
4272.2			0.38669053389788927
4273.1			0.45340973050390376
4274.0			0.49550104501411385
4274.9			0.5041910231177379
4275.8			0.5968858334460329
4276.7			0.7706021741757432
4277.6			0.9299498735664938
4278.5			1.0030487291919954
4279.4			1.0
4280.3			1.0
4281.2			1.0
4282.1			1.0
4283.0			1.0
4283.9			1.0
4284.8			1.0
4285.7			1.0
4286.6			1.0
4287.5			1.0371123535710474
4288.4			0.9353931335177856
4289.3			0.7339769306361191
4290.2			0.6225444571595382
4291.1			0.6833656183646316
4292.0			0.8557224322870322
4292.9			0.997941758401533
4293.8			1.0
4294.7			1.0
4295.6			1.0596547644098167
4296.5			1.0924969322734983
4297.4			1.0288339477446717
4298.3			0.86473595967976
4299.2			0.6640182036088379
4300.1			0.5827458912425421
4301.0			0.6505710937736368
4301.9			0.7033966726012918
4302.8			0.7015616317134095
4303.7			0.7365144839228126
4304.6			0.7413044307962683
4305.5			0.6689742332779984
4306.4			0.571073095278147
4307.3			0.46575864258498334
4308.2			0.3955978129837142
4309.1			0.4296594278539166
4310.0			0.5657925123335948
4310.9			0.7089536418606684
4311.8			0.7998716412229436
4312.7			0.8644246819121282
4313.6			0.8598623334245966
4314.5			0.8523071120566024
4315.4			1.0079762438442001
4316.3			1.2238231706525216
4317.2			1.3114913344298398
4318.1			1.2502263780915404
4319.0			1.162754978580746
4319.9			1.0929570056764428
4320.8			1.008699922000945
4321.7			1.0
4322.6			0.9745881573051923
4323.5			0.8355148645459032
4324.4			0.6277461514080516
4325.3			0.45398531660230185
4326.2			0.43830626249090776
4327.1			0.6335363979221245
4328.0			0.9031876898431989
4328.9			1.045807091409074
4329.8			1.0033712960878316
4330.7			1.0
4331.6			1.0
4332.5			1.0
4333.4			1.0
4334.3			1.0
4335.2			1.0798921185767643
4336.1			1.0539673984905682
4337.0			0.8637889535507979
4337.9			0.6987780803400612
4338.8			0.6655885415933583
4339.7			0.6477196262459602
4340.6			0.6319577609888876
4341.5			0.7263259502584326
4342.4			0.8799385602640593
4343.3			0.9383269409417319
4344.2			0.9374880898518023
4345.1			0.9799602327628839
4346.0			1.0048888366083368
4346.9			1.0
4347.8			1.0
4348.7			1.1299723740856948
4349.6			1.1794565261653456
4350.5			1.0148455759425408
4351.4			0.7744457228426933
4352.3			0.696123860749212
4353.2			0.7897436515626344
4354.1			0.8872754646800948
4355.0			0.9306738947357486
4355.9			1.000028551817078
4356.8			1.0
4357.7			1.0
4358.6			1.0
4359.5			1.0
4360.4			1.0
4361.3			1.0
4362.2			1.0
4363.1			1.0
4364.0			1.0
4364.9			1.0
4365.8			1.0
4366.7			1.0
4367.6			1.0
4368.5			1.0
4369.4			1.0
4370.3			1.0
4371.2			1.0
4372.1			1.0009426811540758
4373.0			0.9374000588031286
4373.9			0.8077973416082386
4374.8			0.6964995860699675
4375.7			0.7062175004202726
4376.6			0.847248224359454
4377.5			1.001682449755501
4378.4			1.0
4379.3			0.9671591293506399
4380.2			0.907913876427975
4381.1			0.8564160059695775
4382.0			0.7244149158722266
4382.9			0.49846626623962387
4383.8			0.3366477584750915
4384.7			0.41301250446321247
4385.6			0.6862108328108576
4386.5			0.9204938329055645
4387.4			1.0087428017932838
4388.3			1.0240670553251197
4389.2			1.0
4390.1			1.0
4391.0			1.0
4391.9			1.0
4392.8			1.0
4393.7			1.0
4394.6			1.0
4395.5			1.0
4396.4			1.0
4397.3			1.0
4398.2			1.0
4399.1			1.0
4400.0			0.8797328082091413
4400.9			0.8522262904360624
4401.8			0.9615470517738046
4402.7			0.9827191574139504
4403.6			0.7630620033372473
4404.5			0.504839085703112
4405.4			0.4494868714046558
4406.3			0.5658022206993313
4407.2			0.6489629863816194
4408.1			0.6444383495890796
4409.0			0.7075312811745041
4409.9			0.8734037200208109
4410.8			0.9993880466985443
4411.7			1.0
4412.6			1.028634100853631
4413.5			0.9668707642320895
4414.4			0.7717973958194488
4415.3			0.6428810102247048
4416.2			0.7152527645786383
4417.1			0.8674208033903468
4418.0			1.0020344121856626
4418.9			1.0
4419.8			1.0
4420.7			1.0
4421.6			1.0
4422.5			1.0
4423.4			1.0
4424.3			1.0
4425.2			1.0
4426.1			1.0
4427.0			1.0
4427.9			1.0
4428.8			1.0
4429.7			1.0
4430.6			1.0
4431.5			1.0
4432.4			1.0838490644078727
4433.3			0.9850044259165532
4434.2			0.8253162254465571
4435.1			0.7258170863993925
4436.0			0.7438581853434382
4436.9			0.8750309132860715
4437.8			1.0071609209089831
4438.7			1.0
4439.6			1.0
4440.5			1.0
4441.4			1.0
4442.3			1.0
4443.2			1.0
4444.1			1.0
4445.0			1.0
4445.9			1.0
4446.8			1.0
4447.7			1.0
4448.6			1.0
4449.5			1.0
4450.4			1.0
4451.3			1.0
4452.2			1.0
4453.1			0.9473436552070171
4454.0			0.8609940817757985
4454.9			0.7742141757007857
4455.8			0.7609290895826373
4456.7			0.8252072589035829
4457.6			0.8456343391807697
4458.5			0.8001892840537655
4459.4			0.7652051054823538
4460.3			0.7508164033473518
4461.2			0.705195970382457
4462.1			0.6915384011992305
4463.0			0.8214716234222678
4463.9			0.9740253555172116
4464.8			0.984848449185429
4465.7			0.9350794825637601
4466.6			0.9459560794606096
4467.5			0.9730051934119773
4468.4			0.9410247793195435
4469.3			0.9122820915040236
4470.2			0.9494913467255892
4471.1			0.9985612147866694
4472.0			1.0
4472.9			1.0
4473.8			1.0
4474.7			1.0
4475.6			1.0
4476.5			1.0
4477.4			1.0
4478.3			0.9873869144278405
4479.2			0.8952327240244887
4480.1			0.775101111664623
4481.0			0.7037924699311174
4481.9			0.6984444482315533
4482.8			0.7625247932145209
4483.7			0.8728290974723556
4484.6			0.9561287964325359
4485.5			0.9993173604551653
4486.4			1.0
4487.3			1.0
4488.2			1.0
4489.1			1.0
4490.0			1.0
4490.9			1.0
4491.8			1.0905013908932322
4492.7			1.0946051222553408
4493.6			0.9701008555139531
4494.5			0.8131364868775118
4495.4			0.7387105473894183
4496.3			0.757559943062631
4497.2			0.8473304704116698
4498.1			0.9506673026659999
4499.0			1.0139326195732226
4499.9			1.0
4500.8			1.0
4501.7			1.0
4502.6			1.0
4503.5			1.0
4504.4			1.0
4505.3			1.0
4506.2			1.0
4507.1			1.0
4508.0			1.0
4508.9			1.0
4509.8			1.0
4510.7			1.0119268517360387
4511.6			0.9822593773789123
4512.5			0.9379085923743032
4513.4			0.9148316810290124
4514.3			0.9061344595290505
4515.2			1.0
4516.1			1.039149049495674
4517.0			1.0238216005072684
4517.9			0.9814560825268066
4518.8			1.0050631454555385
4519.7			1.0920427894121914
4520.6			1.1830883520318654
4521.5			1.194710349503931
4522.4			1.0973147784414254
4523.3			1.019837428439354
4524.2			1.0261208853270238
4525.1			1.010931357718966
4526.0			0.924669612807279
4526.9			0.8363570285174089
4527.8			0.7706675829301477
4528.7			0.7544687048701597
4529.6			0.7988087412607365
4530.5			0.8445652834706716
4531.4			0.9182041070297322
4532.3			1.001948456073495
4533.2			1.0090650567793593
4534.1			0.9342356965373025
4535.0			0.855373342028053
4535.9			0.912369762404911
4536.8			1.1221414672582022
4537.7			1.2752150641617692
4538.6			1.0
4539.5			0.9125229777149036
4540.4			0.8215072664593164
4541.3			0.8033763549086287
4542.2			0.8947694621320829
4543.1			0.9969207368059884
4544.0			1.0
4544.9			1.0
4545.8			1.0
4546.7			1.0
4547.6			1.0
4548.5			1.0
4549.4			1.0
4550.3			1.0
4551.2			1.0236023260712983
4552.1			0.9544595843744594
4553.0			0.8611461037651669
4553.9			0.7986025545088453
4554.8			0.7725853132226628
4555.7			0.8198802556869682
4556.6			0.92681113027165
4557.5			0.9953659534887009
4558.4			0.9967476022509801
4559.3			1.0
4560.2			1.0
4561.1			1.0
4562.0			1.017272281027519
4562.9			0.9544674593690552
4563.8			0.8536022424106948
4564.7			0.7927893694607899
4565.6			0.7962032224614006
4566.5			0.8906575781907418
4567.4			1.0034523389133492
4568.3			1.0
4569.2			1.0
4570.1			1.0
4571.0			1.0
4571.9			1.0
4572.8			1.0
4573.7			1.0
4574.6			1.0
4575.5			1.0
4576.4			1.0301967395739984
4577.3			1.0415030030015706
4578.2			0.9982917112143406
4579.1			1.0
4580.0			0.9164257076475276
4580.9			0.92945938214203
4581.8			1.0130218675922944
4582.7			1.064202850415898
4583.6			1.0473243487837736
4584.5			1.0160975938816854
4585.4			0.9836954478349473
4586.3			0.9675218236976069
4587.2			1.0311037664036238
4588.1			1.130687869226181
4589.0			1.171669940690097
4589.9			1.1382498712649431
4590.8			1.0512483068480676
4591.7			0.966265794270369
4592.6			0.9341819283292517
4593.5			0.9151673455809315
4594.4			0.878308345665158
4595.3			0.8596424923229837
4596.2			0.8783731946319058
4597.1			0.8909576336280911
4598.0			0.8993879072921827
4598.9			0.9349637531845052
4599.8			0.9259409579966907
4600.7			0.8853879256340288
4601.6			0.8909890916973919
4602.5			0.9006717022232381
4603.4			0.8860174810990101
4604.3			0.8549831769988403
4605.2			0.8135429934423294
4606.1			0.8140934248313981
4607.0			0.8931129953693783
4607.9			1.0184739124907032
4608.8			1.1080326469071127
4609.7			1.089709129747967
4610.6			1.002965063849976
4611.5			1.0
4612.4			1.0
4613.3			1.0
4614.2			1.0
4615.1			1.0
4616.0			1.0
4616.9			1.0
4617.8			1.0
4618.7			1.0
4619.6			1.0
4620.5			1.0
4621.4			1.0
4622.3			1.0
4623.2			1.0
4624.1			1.0
4625.0			1.0
4625.9			1.0
4626.8			1.0
4627.7			1.0
4628.6			1.0
4629.5			1.0
4630.4			1.0
4631.3			1.0
4632.2			1.0
4633.1			1.0
4634.0			1.0
4634.9			1.0
4635.8			1.0
4636.7			1.0
4637.6			1.0
4638.5			1.0
4639.4			1.0
4640.3			1.0
4641.2			1.0861696872781506
4642.1			1.165689245544572
4643.0			1.1342260448070682
4643.9			1.0659971950762148
4644.8			0.9863759628976803
4645.7			0.8650735179480381
4646.6			0.7704298844203801
4647.5			0.7751593321949042
4648.4			0.8364276995260164
4649.3			0.9057761981062877
4650.2			0.9685626842111896
4651.1			0.9950005652579252
4652.0			1.0
4652.9			1.001016683393833
4653.8			0.9419174169209867
4654.7			0.8575733659687776
4655.6			0.8121353138923102
4656.5			0.8201610858797906
4657.4			0.8943402633591042
4658.3			0.9963246437921351
4659.2			1.0
4660.1			1.0
4661.0			1.0
4661.9			0.9257250968636381
4662.8			0.8621629171002951
4663.7			0.8496484931634432
4664.6			0.8697828553542223
4665.5			0.8456702954188349
4666.4			0.7456131683866395
4667.3			0.6610052440346876
4668.2			0.6813333133230272
4669.1			0.7673599757850299
4670.0			0.8639665686758008
4670.9			0.9588332320969088
4671.8			1.0071666500200571
4672.7			1.0037487655064146
4673.6			1.0
4674.5			1.0
4675.4			1.0
4676.3			1.0
4677.2			1.0
4678.1			0.9619439750126718
4679.0			0.908871505547455
4679.9			0.8627389050362012
4680.8			0.8292992777044039
4681.7			0.8292520282958776
4682.6			0.9036198445020146
4683.5			0.9851957087551193
4684.4			1.004184354766268
4685.3			1.0
4686.2			0.9680470596243607
4687.1			0.9080055192969553
4688.0			0.8854668313650877
4688.9			0.9255835034512694
4689.8			0.9535656220021131
4690.7			0.9262707263199468
4691.6			0.9100591410251808
4692.5			0.9262783379807759
4693.4			0.9430803989000951
4694.3			0.9829238402570691
4695.2			1.0509027269166447
4696.1			1.08625984142906
4697.0			1.0347293334793997
4697.9			0.9155125133615054
4698.8			0.8326165220137562
4699.7			0.8448624270472592
4700.6			0.8911941670355269
4701.5			0.9087275015472505
4702.4			0.8939557965345913
4703.3			0.8952758379343324
4704.2			0.9272637425900985
4705.1			0.9568927516012018
4706.0			0.9389822883047299
4706.9			0.8950677138820837
4707.8			0.8769436337754856
4708.7			0.859301311346124
4709.6			0.858456937911373
4710.5			0.9308792829480372
4711.4			1.0000012461224843
4712.3			1.0
4713.2			1.0
4714.1			1.0
4715.0			1.0
4715.9			1.0
4716.8			1.0
4717.7			1.0
4718.6			1.0
4719.5			1.0
4720.4			1.0
4721.3			1.0
4722.2			1.0
4723.1			0.9832515798133111
4724.0			1.0372079813864092
4724.9			1.0984334829130564
4725.8			1.0860641226714842
4726.7			0.9696316217439335
4727.6			0.8233459940467578
4728.5			0.7681333333498349
4729.4			0.8018400897937437
4730.3			0.8564145347188719
4731.2			0.8973849804088764
4732.1			0.9465247451358481
4733.0			0.9768392999770901
4733.9			0.9949924203714299
4734.8			1.0
4735.7			1.0
4736.6			1.0
4737.5			1.0
4738.4			1.0
4739.3			1.0
4740.2			1.0
4741.1			1.0
4742.0			1.0
4742.9			1.0
4743.8			1.0
4744.7			1.0
4745.6			1.0
4746.5			1.0
4747.4			1.0
4748.3			1.0
4749.2			1.0
4750.1			1.0
4751.0			1.0
4751.9			1.0
4752.8			1.0
4753.7			1.0
4754.6			1.0
4755.5			1.0
4756.4			1.0
4757.3			1.0
4758.2			1.0
4759.1			1.0
4760.0			1.0
4760.9			0.9987130593572303
4761.8			0.9538468976023344
4762.7			0.926714608063134
4763.6			0.9248076407467507
4764.5			0.9011233241183586
4765.4			0.8581483979048922
4766.3			0.8487939771782264
4767.2			0.8918920274467956
4768.1			0.9548988942480588
4769.0			1.025356047909575
4769.9			1.0768749314455779
4770.8			1.054401376667002
4771.7			0.9969222070584085
4772.6			1.0
4773.5			1.051727104305802
4774.4			1.1148308213281566
4775.3			1.1184621559579246
4776.2			1.094352510956518
4777.1			1.0982026675554168
4778.0			1.099116277370536
4778.9			1.0717675075092965
4779.8			1.0329435739735806
4780.7			0.9965262444564504
4781.6			0.9609476367926341
4782.5			0.9063373328837833
4783.4			0.8664397225464052
4784.3			0.8949096769470088
4785.2			0.9244677402279059
4786.1			0.8990756787284504
4787.0			0.8834017373650128
4787.9			0.9047875398196681
4788.8			0.8978519208411778
4789.7			0.8683516566844552
4790.6			0.8736118975536991
4791.5			0.9038006597124207
4792.4			0.9453293891056639
4793.3			1.0028205736813989
4794.2			1.0
4795.1			1.0
4796.0			0.9633203825937305
4796.9			0.9110002813277572
4797.8			0.8729813027409408
4798.7			0.8399919231578351
4799.6			0.8181530611573749
4800.5			0.8410370909897382
4801.4			0.9094959311963395
4802.3			0.9769470077508978
4803.2			0.9995066685561412
4804.1			1.0
4805.0			1.0
4805.9			1.0
4806.8			1.0
4807.7			1.0
4808.6			1.0
4809.5			1.0
4810.4			1.0
4811.3			1.0
4812.2			1.0
4813.1			1.0
4814.0			1.0
4814.9			1.0
4815.8			1.0
4816.7			1.0
4817.6			1.0
4818.5			1.0
4819.4			1.0
4820.3			1.0
4821.2			1.0
4822.1			1.0
4823.0			1.0
4823.9			1.0
4824.8			1.0
4825.7			1.0
4826.6			1.0
4827.5			1.0
4828.4			1.0
4829.3			1.0148538265292744
4830.2			1.023159735212099
4831.1			0.9556149390172873
4832.0			0.8744274941929057
4832.9			0.8869171385527437
4833.8			0.9621778873710131
4834.7			0.9948335451564287
4835.6			1.0
4836.5			1.0
4837.4			1.0
4838.3			1.0
4839.2			1.0
4840.1			1.0
4841.0			1.0
4841.9			1.0047010813938464
4842.8			0.9396414198671856
4843.7			0.9015629512853314
4844.6			0.94732151908814
4845.5			1.0043456236611492
4846.4			1.0
4847.3			1.0
4848.2			1.0
4849.1			1.0
4850.0			1.0
4850.9			1.0
4851.8			1.0
4852.7			1.0
4853.6			1.0
4854.5			1.0
4855.4			0.9280979975997893
4856.3			0.9840719827656478
4857.2			1.0741088470222009
4858.1			1.077529087778163
4859.0			1.0058650971651073
4859.9			0.8954318313417082
4860.8			0.7886301283917051
4861.7			0.7916155203151506
4862.6			0.8918100231767576
4863.5			0.9411587765906866
4864.4			0.9314950439414834
4865.3			0.9590326210062425
4866.2			1.0023932537995974
4867.1			1.0
4868.0			1.0
4868.9			1.0
4869.8			0.9931618014544576
4870.7			0.8947691831946909
4871.6			0.8287739625088744
4872.5			0.8911544806067178
4873.4			0.9934262336242559
4874.3			1.0
4875.2			1.0
4876.1			1.0
4877.0			1.0
4877.9			1.0
4878.8			1.0
4879.7			1.0
4880.6			1.0
4881.5			1.0
4882.4			1.0
4883.3			1.0
4884.2			1.0
4885.1			1.0
4886.0			1.0
4886.9			1.0
4887.8			1.0290175523590765
4888.7			1.0161119470726916
4889.6			0.9373378114543762
4890.5			0.8029382621545341
4891.4			0.7498708198737786
4892.3			0.8319506616714919
4893.2			0.9143092209340897
4894.1			0.9543627278196939
4895.0			0.9816818028562578
4895.9			1.0
4896.8			1.0
4897.7			1.0
4898.6			1.0
4899.5			1.0
4900.4			1.0
4901.3			1.0
4902.2			1.0
4903.1			1.0
4904.0			1.0
4904.9			1.0599928173777473
4905.8			1.13228998683345
4906.7			1.1233192078120484
4907.6			1.0454978859686128
4908.5			0.9578462682097247
4909.4			0.8955104282501742
4910.3			0.8724232941428778
4911.2			0.8799551598354304
4912.1			0.9035374262390755
4913.0			0.9172940413681842
4913.9			0.931251510552341
4914.8			0.9659534454234171
4915.7			1.0
4916.6			1.0058660291796695
4917.5			0.9401954424617616
4918.4			0.8234021323576771
4919.3			0.7141974993236402
4920.2			0.6717720469875742
4921.1			0.7431152356852998
4922.0			0.8868053603708985
4922.9			0.9868807078708646
4923.8			0.9869931277185765
4924.7			1.0
4925.6			1.0
4926.5			1.0
4927.4			1.0
4928.3			1.0
4929.2			1.0
4930.1			1.0
4931.0			1.0
4931.9			1.0
4932.8			1.0
4933.7			1.0
4934.6			1.0
4935.5			1.0682394167921285
4936.4			1.0407961585797532
4937.3			0.919980774117531
4938.2			0.7995274478601213
4939.1			0.7864754147734938
4940.0			0.872917396535071
4940.9			0.9596177490692656
4941.8			0.9881952736731903
4942.7			0.9876690528013711
4943.6			1.0
4944.5			1.0
4945.4			1.0
4946.3			1.0
4947.2			1.0
4948.1			1.0
4949.0			1.0
4949.9			1.0
4950.8			1.0
4951.7			1.0
4952.6			1.0
4953.5			1.0
4954.4			1.0
4955.3			1.0
4956.2			0.9108534051560924
4957.1			0.731350029681054
4958.0			0.6946648912558984
4958.9			0.8449966469962468
4959.8			0.9988362420764056
4960.7			1.0
4961.6			1.0
4962.5			1.0
4963.4			1.0
4964.3			1.0
4965.2			1.0
4966.1			1.0
4967.0			1.0
4967.9			1.0
4968.8			1.0
4969.7			1.0
4970.6			1.0
4971.5			1.0
4972.4			1.0
4973.3			1.0
4974.2			1.0
4975.1			1.0
4976.0			1.0
4976.9			1.0
4977.8			1.0
4978.7			0.9563139642530407
4979.6			0.971737442961405
4980.5			0.9716079812794305
4981.4			0.8953833026975168
4982.3			0.8077520316621035
4983.2			0.7977872925659614
4984.1			0.8540389900512143
4985.0			0.8970498280760297
4985.9			0.9146388197546956
4986.8			0.9564975490743314
4987.7			0.9987119800538563
4988.6			1.0
4989.5			1.0
4990.4			1.0
4991.3			1.0
4992.2			1.0
4993.1			1.0
4994.0			1.0
4994.9			1.0
4995.8			1.0
4996.7			1.0
4997.6			1.0
4998.5			1.0
4999.4			1.0
5000.3			1.0
5001.2			1.0231518469440835
5002.1			1.0536569012941797
5003.0			1.0571453831103181
5003.9			1.0297614828214674
5004.8			0.9768629543070538
5005.7			0.9132548222732169
5006.6			0.908427031887443
5007.5			1.0020011503690147
5008.4			1.0986659298106887
5009.3			1.1001667218969646
5010.2			1.0681663616975063
5011.1			1.0310573133542138
5012.0			0.9511999571404838
5012.9			0.8724014319328579
5013.8			0.8256097562963098
5014.7			0.8440351241305223
5015.6			0.9382800319291581
5016.5			1.0016743358262763
5017.4			0.9837872777583522
5018.3			0.9626193108176858
5019.2			0.969960743164231
5020.1			0.968393420214579
5021.0			0.9413773222348559
5021.9			0.8996072596347879
5022.8			0.9112176885363368
5023.7			0.9887609935568631
5024.6			1.0352790748630216
5025.5			1.0363688116996606
5026.4			1.0020024862986963
5027.3			1.0
5028.2			1.0
5029.1			1.0
5030.0			1.0
5030.9			1.0
5031.8			1.0
5032.7			1.0
5033.6			1.0
5034.5			1.0
5035.4			1.0
5036.3			1.0
5037.2			1.0321049963597453
5038.1			1.026218062149988
5039.0			0.9208771395268421
5039.9			0.7728183260016105
5040.8			0.6687251091555559
5041.7			0.7149540710672964
5042.6			0.8594818807901324
5043.5			1.0
5044.4			1.059844555241575
5045.3			1.1174081034888856
5046.2			1.1450566419676615
5047.1			1.0938095696833916
5048.0			0.9770254073841133
5048.9			0.8775012667030812
5049.8			0.8577320706875743
5050.7			0.8778643090072438
5051.6			0.8843829281400963
5052.5			0.9004474464018261
5053.4			0.9406907566258338
5054.3			0.9800859298130614
5055.2			1.0020931962717643
5056.1			1.0
5057.0			1.0
5057.9			1.0
5058.8			1.0
5059.7			1.0
5060.6			1.0
5061.5			1.0
5062.4			1.0
5063.3			0.9465736207580565
5064.2			0.8463776732718095
5065.1			0.8179343498314058
5066.0			0.9072247383844839
5066.9			0.9877410086765174
5067.8			1.0
5068.7			1.0
5069.6			1.0
5070.5			1.0
5071.4			1.0
5072.3			1.0
5073.2			1.0
5074.1			1.0
5075.0			0.9804954810425526
5075.9			0.9381300944740903
5076.8			0.966188917859485
5077.7			0.990795804411895
5078.6			0.8988543289504779
5079.5			0.7704963391739286
5080.4			0.7552057488570892
5081.3			0.8296112611087751
5082.2			0.8794245495158901
5083.1			0.8914960500191396
5084.0			0.9214462809897459
5084.9			0.9680036806750232
5085.8			0.9971310352785513
5086.7			1.0
5087.6			1.0
5088.5			1.0
5089.4			1.0
5090.3			1.0
5091.2			1.0
5092.1			1.0
5093.0			1.0
5093.9			1.0
5094.8			1.0
5095.7			0.9581965023133723
5096.6			0.9446996135233865
5097.5			0.9217561215368095
5098.4			0.8540415977361266
5099.3			0.8245229730843004
5100.2			0.8983262857539712
5101.1			0.9940149902148565
5102.0			1.0
5102.9			0.9699499140110809
5103.8			0.9393615462996887
5104.7			0.9294068976289174
5105.6			0.923107348476361
5106.5			0.8939569326626191
5107.4			0.861597800648419
5108.3			0.8565202136597903
5109.2			0.8504874697532618
5110.1			0.8320462597000187
5111.0			0.8444353444165699
5111.9			0.8697389331771783
5112.8			0.8698509424602027
5113.7			1.0
5114.6			1.0528724343677125
5115.5			1.0810486176902856
5116.4			1.1032275551413657
5117.3			1.13767669159082
5118.2			1.1424188584411785
5119.1			1.1111219904732441
5120.0			1.0681983364966
5120.9			1.0299719259024334
5121.8			0.9845807441666474
5122.7			0.8953940852922486
5123.6			0.814733151214296
5124.5			0.8312723851199888
5125.4			0.8989359504225269
5126.3			0.9225100954446296
5127.2			0.9037594222769649
5128.1			0.88342785265109
5129.0			0.8621745626200344
5129.9			0.8694586682625356
5130.8			0.9277514666430258
5131.7			0.9861954719786094
5132.6			0.9993277420164052
5133.5			1.0
5134.4			1.0
5135.3			1.0
5136.2			1.0
5137.1			1.0
5138.0			1.0
5138.9			1.0
5139.8			1.0421246608427832
5140.7			1.1319572331224257
5141.6			1.106077440805434
5142.5			1.014621151703373
5143.4			1.0367488836638383
5144.3			1.125687181118895
5145.2			1.135903274966998
5146.1			1.100635386318425
5147.0			1.0883295316289812
5147.9			1.1166470729572526
5148.8			1.1703820883848017
5149.7			1.1946830913998472
5150.6			1.1814144810640812
5151.5			1.1556278567859979
5152.4			1.137509353858946
5153.3			1.1443042512926778
5154.2			1.1942629191231016
5155.1			1.2948001044504849
5156.0			1.4185580022649675
5156.9			1.5314060745747142
5157.8			1.6018407700370536
5158.7			1.5955238125833382
5159.6			1.590981234457393
5160.5			1.6571473998974864
5161.4			1.6774495638677576
5162.3			1.621621337795908
5163.2			1.6082326103236855
5164.1			1.6048502712392814
5165.0			1.4775388017992195
5165.9			1.2338903928663285
5166.8			1.0098496579338894
5167.7			1.0
5168.6			1.0
5169.5			1.0
5170.4			1.0338607420320896
5171.3			0.846115434709234
5172.2			0.6178862315848755
5173.1			0.5883588167064232
5174.0			0.7685778415456904
5174.9			0.950081258866148
5175.8			1.000559696980277
5176.7			1.0
5177.6			1.0
5178.5			1.0
5179.4			1.0
5180.3			0.9464726465882509
5181.2			0.8618798841111329
5182.1			0.712684409390716
5183.0			0.5420332350698374
5183.9			0.5078911141877165
5184.8			0.6712987680897579
5185.7			0.883144766317699
5186.6			1.0017381227518907
5187.5			1.010897668304175
5188.4			1.0
5189.3			1.0469432494909874
5190.2			1.0790776456605382
5191.1			0.9698941978103909
5192.0			0.808559168132049
5192.9			0.7820562148317047
5193.8			0.8655824078102431
5194.7			0.9197736795702907
5195.6			0.9425825572830314
5196.5			0.9977129728220507
5197.4			1.0
5198.3			1.0
5199.2			1.0
5200.1			1.0
5201.0			1.0
5201.9			1.0
5202.8			0.984761430959755
5203.7			0.9148689916206616
5204.6			0.7876276851938553
5205.5			0.6980753864238737
5206.4			0.7007958762991412
5207.3			0.7069175794822175
5208.2			0.6646147390542834
5209.1			0.6601117309525915
5210.0			0.7328040392949027
5210.9			0.8514014976450742
5211.8			0.9767125073001607
5212.7			1.0658531790555792
5213.6			1.09779859421881
5214.5			1.0620538322999826
5215.4			0.9992408712958497
5216.3			1.0
5217.2			1.0
5218.1			1.0
5219.0			1.0
5219.9			1.0
5220.8			1.0
5221.7			1.0
5222.6			0.9530646736092488
5223.5			0.8651368670139967
5224.4			0.7788037261400806
5225.3			0.719408616401337
5226.2			0.6715052179532162
5227.1			0.6819876313491269
5228.0			0.8073353101118923
5228.9			0.9455715865595836
5229.8			0.9985831172409855
5230.7			1.0
5231.6			1.0
5232.5			1.0
5233.4			1.0
5234.3			1.0
5235.2			1.0
5236.1			1.0
5237.0			1.0
5237.9			1.0
5238.8			1.0
5239.7			1.0
5240.6			1.0082370912917578
5241.5			1.023874967268161
5242.4			1.0305385343102251
5243.3			1.0560290929014338
5244.2			1.1088164051202023
5245.1			1.100432563609294
5246.0			0.9640690886902665
5246.9			0.8212303058827326
5247.8			0.8350289620903317
5248.7			0.921735581822708
5249.6			0.9071861446119673
5250.5			0.8405797231392935
5251.4			0.8545751110926798
5252.3			0.940124216234248
5253.2			0.9960013173678266
5254.1			1.0
5255.0			1.0
5255.9			1.0
5256.8			1.0
5257.7			1.0
5258.6			1.0
5259.5			1.0
5260.4			1.0
5261.3			1.0
5262.2			1.0
5263.1			1.0
5264.0			1.0
5264.9			1.0
5265.8			1.0
5266.7			1.0761950190746268
5267.6			1.148426973323083
5268.5			0.9835661559547061
5269.4			0.7247530036614072
5270.3			0.6986804113170604
5271.2			0.8815803662962192
5272.1			1.0167357110038893
5273.0			1.0327992693295034
5273.9			0.9990116195288257
5274.8			1.0
5275.7			1.0
5276.6			1.0
5277.5			1.0
5278.4			1.0
5279.3			0.9779625372705215
5280.2			0.9203713053033653
5281.1			0.8707145732774122
5282.0			0.8475441566941257
5282.9			0.8249931440177419
5283.8			0.8182847163884626
5284.7			0.8861362423766556
5285.6			0.9962023601888654
5286.5			1.0577521554173797
5287.4			1.043313540797785
5288.3			1.002411830787739
5289.2			1.0
5290.1			1.0
5291.0			1.0267436589719252
5291.9			1.0136776939351688
5292.8			0.9740711454062835
5293.7			0.961362183583916
5294.6			0.968857470630299
5295.5			0.9306368451711855
5296.4			0.8293900133478691
5297.3			0.7308978250225595
5298.2			0.7346259350933141
5299.1			0.830096298017132
5300.0			0.8908298413379108
5300.9			0.8763303906845573
5301.8			0.8695064883968461
5302.7			0.9188777543389716
5303.6			1.0005683537295853
5304.5			1.0
5305.4			1.0
5306.3			1.0
5307.2			1.0
5308.1			1.0
5309.0			1.0
5309.9			1.0
5310.8			1.0
5311.7			1.0
5312.6			1.0
5313.5			1.0
5314.4			1.0
5315.3			1.0
5316.2			1.0
5317.1			1.0
5318.0			1.0
5318.9			1.0
5319.8			1.0
5320.7			1.0
5321.6			1.0
5322.5			1.0
5323.4			1.0
5324.3			1.0
5325.2			1.0281724934834051
5326.1			1.024322494722631
5327.0			0.8729534340501581
5327.9			0.6731786378239021
5328.8			0.6519315293633081
5329.7			0.8076870494101318
5330.6			0.9593888814473146
5331.5			1.01044538957097
5332.4			0.9935381526544969
5333.3			1.0
5334.2			1.0
5335.1			1.0
5336.0			1.0
5336.9			1.0
5337.8			1.004814704274877
5338.7			0.9862085983494213
5339.6			0.8953400620046368
5340.5			0.8200760769451729
5341.4			0.8639736503424228
5342.3			0.954036612495785
5343.2			1.0018478080253401
5344.1			1.0
5345.0			1.0
5345.9			1.0
5346.8			1.0
5347.7			0.9779613390651098
5348.6			0.9131936666847186
5349.5			0.8886006770174255
5350.4			0.9386315891606802
5351.3			1.007857022684969
5352.2			1.0
5353.1			1.0
5354.0			1.0
5354.9			1.0
5355.8			1.0
5356.7			1.0
5357.6			1.0
5358.5			1.0
5359.4			1.0
5360.3			1.0
5361.2			1.0
5362.1			1.0
5363.0			1.0
5363.9			1.0
5364.8			1.0
5365.7			1.0
5366.6			1.0
5367.5			1.0
5368.4			0.9755304070331229
5369.3			0.900924529565575
5370.2			0.7899000631532628
5371.1			0.7188173754045715
5372.0			0.7804062687943796
5372.9			0.9146964639725101
5373.8			1.002822493778693
5374.7			1.0
5375.6			1.0
5376.5			1.0
5377.4			1.0
5378.3			1.0
5379.2			1.0
5380.1			1.0
5381.0			1.0
5381.9			1.0
5382.8			1.0
5383.7			1.0
5384.6			1.0
5385.5			1.0
5386.4			1.0
5387.3			1.0
5388.2			1.0
5389.1			1.0
5390.0			1.0
5390.9			1.0
5391.8			1.0
5392.7			1.0
5393.6			1.0
5394.5			1.0
5395.4			1.0
5396.3			1.0
5397.2			1.0
5398.1			1.0970513096027343
5399.0			1.205124790181273
5399.9			1.1903997054768711
5400.8			1.1423876094564769
5401.7			1.1484849313394294
5402.6			1.1469098546837744
5403.5			1.0605763563518897
5404.4			0.9189483861889274
5405.3			0.814920448725449
5406.2			0.8167571287491525
5407.1			0.8913823702641417
5408.0			0.930309996025506
5408.9			0.8850721580026911
5409.8			0.838601008783143
5410.7			0.882817091717718
5411.6			0.9672339714864728
5412.5			1.0017008870176296
5413.4			1.0
5414.3			1.0
5415.2			1.0
5416.1			1.0
5417.0			1.0
5417.9			1.0
5418.8			1.0
5419.7			1.0
5420.6			1.0
5421.5			1.0372749099762055
5422.4			1.0672735373393392
5423.3			1.0315351347784403
5424.2			0.9878383506851586
5425.1			1.0088485931209321
5426.0			1.0706354097826087
5426.9			1.122933965717624
5427.8			1.0889953547950788
5428.7			0.942866998097467
5429.6			0.8391054839715771
5430.5			0.895443755042651
5431.4			0.9779277985814964
5432.3			0.9662461385420144
5433.2			0.9150373931617382
5434.1			0.8753458970011633
5435.0			0.8651827649384852
5435.9			0.885639146452905
5436.8			0.9322038003045782
5437.7			1.0001346014549424
5438.6			1.0
5439.5			1.0
5440.4			1.0
5441.3			1.0
5442.2			1.0
5443.1			1.0
5444.0			0.9837238897951192
5444.9			0.9213887375453886
5445.8			0.8135800544254636
5446.7			0.7447131111011176
5447.6			0.8026140037196609
5448.5			0.9191340122456234
5449.4			0.9994413295513531
5450.3			1.0
5451.2			1.0
5452.1			1.0
5453.0			0.9643356903168807
5453.9			0.9031510941650449
5454.8			0.8145072535146309
5455.7			0.7773529615238288
5456.6			0.8424861788686501
5457.5			0.9431317405812802
5458.4			0.9983867042439948
5459.3			1.0
5460.2			1.0
5461.1			1.0
5462.0			1.0
5462.9			1.0
5463.8			1.0
5464.7			1.0
5465.6			1.0
5466.5			1.0
5467.4			1.0
5468.3			1.0
5469.2			1.0
5470.1			1.0
5471.0			1.0149311783868953
5471.9			1.0422576353033222
5472.8			1.0110820998986234
5473.7			0.9888893310226232
5474.6			1.0239640178340559
5475.5			1.006895144581901
5476.4			0.9295529104148909
5477.3			0.9503032922158005
5478.2			1.0876185595721004
5479.1			1.182372735945493
5480.0			1.1343363752827456
5480.9			1.0262937441702151
5481.8			1.0017831553119234
5482.7			1.0
5483.6			1.0706340679893067
5484.5			1.1270202249054337
5485.4			1.135893267049614
5486.3			1.0719739882314263
5487.2			0.9863297952679531
5488.1			0.9721379154867208
5489.0			0.9939269274799685
5489.9			0.9830975376728701
5490.8			0.9918411861091669
5491.7			1.0172950577728286
5492.6			0.992989729861906
5493.5			1.0
5494.4			1.0
5495.3			1.0
5496.2			1.0
5497.1			1.0
5498.0			1.0
5498.9			1.0
5499.8			1.0
5500.7			1.0
5501.6			1.0
5502.5			1.0
5503.4			1.0
5504.3			1.0
5505.2			1.0
5506.1			0.9403568400655696
5507.0			0.959573328180916
5507.9			1.027807048686733
5508.8			1.0477738680548196
5509.7			1.021219703927213
5510.6			0.9756742984575316
5511.5			0.9055953147229231
5512.4			0.8555583655542391
5513.3			0.8493002901594803
5514.2			0.8544404348395684
5515.1			0.865719535858265
5516.0			0.8785328824331968
5516.9			0.9055337428537528
5517.8			0.9596643998891699
5518.7			0.9948708208971709
5519.6			1.0
5520.5			1.0
5521.4			1.0
5522.3			1.0
5523.2			1.0
5524.1			1.0
5525.0			0.9929120116331231
5525.9			0.9762037847009396
5526.8			0.935250748672142
5527.7			0.8849035227044275
5528.6			0.8909615595439072
5529.5			0.9533271675666505
5530.4			0.9992750058626808
5531.3			1.0
5532.2			1.0
5533.1			1.0
5534.0			1.0
5534.9			1.0
5535.8			1.0
5536.7			1.0
5537.6			1.0
5538.5			1.0
5539.4			1.0
5540.3			1.0
5541.2			1.0
5542.1			0.9621817227550177
5543.0			0.9278277704811694
5543.9			0.9320556106261861
5544.8			0.9382678689603194
5545.7			0.9190651205697764
5546.6			0.9176834944903448
5547.5			0.9596551497671384
5548.4			0.9943423160414978
5549.3			0.9981773580950616
5550.200000000001			0.9975461285855781
5551.1			1.00020052968394
5552.0			1.0
5552.9			1.0
5553.8			1.0
5554.700000000001			1.0
5555.6			1.0
5556.5			1.0
5557.4			0.9779666812923542
5558.3			0.9731991257892751
5559.200000000001			0.985017602123115
5560.1			0.988738186389879
5561.0			0.9761034943998407
5561.9			0.9579630089670841
5562.8			0.9508737338917527
5563.700000000001			0.9593962688651342
5564.6			0.9583304313277987
5565.5			0.9348739358052138
5566.4			0.9216813311823958
5567.3			0.9400412869920648
5568.200000000001			0.9511053090822427
5569.1			0.9378816010885098
5570.0			0.9478413668752623
5570.9			0.9803340338765395
5571.8			0.9749245828264617
5572.700000000001			0.9498721499205015
5573.6			0.9702524260826518
5574.5			1.004499357046556
5575.4			0.9996695824055695
5576.3			1.0
5577.200000000001			1.0
5578.1			1.0
5579.0			0.9957940326568226
5579.9			1.0187213032999731
5580.8			1.0236098364640789
5581.700000000001			1.0016775987715105
5582.6			0.9920223553127338
5583.5			0.9890673939609517
5584.4			0.9698392984896806
5585.3			0.9321941228496333
5586.200000000001			0.8766398867262344
5587.1			0.825089968215501
5588.0			0.8065364594372829
5588.9			0.8237468915199962
5589.8			0.8605920831259393
5590.700000000001			0.8877088406210999
5591.6			0.8906267933134936
5592.5			0.8854996155097008
5593.4			0.8850791711257924
5594.3			0.9020828576242557
5595.200000000001			0.9541341416164216
5596.1			1.0063118322328068
5597.0			1.0
5597.9			0.9504029598403558
5598.8			0.9180818609484405
5599.700000000001			0.8969458078681705
5600.6			0.8658599871049865
5601.5			0.8384256518180496
5602.4			0.8321319260396337
5603.3			0.8596966710960442
5604.200000000001			0.9137154945268182
5605.1			0.9681664285121745
5606.0			1.0010681545185913
5606.9			1.0027820909552725
5607.8			1.0
5608.700000000001			1.0
5609.6			1.0
5610.5			1.0
5611.4			1.0
5612.3			1.0
5613.200000000001			0.9999569605793186
5614.1			0.9317721270167071
5615.0			0.8575786024571679
5615.9			0.8750671266741264
5616.8			0.9579703575862534
5617.700000000001			1.0137840329922096
5618.6			1.0190639637755825
5619.5			1.0
5620.4			1.0
5621.3			1.0446737819773217
5622.200000000001			1.0614798054672627
5623.1			1.0050867502568528
5624.0			0.9093277266781744
5624.9			0.8669628985100661
5625.8			1.0
5626.700000000001			1.0505576285603457
5627.6			1.0795478043782272
5628.5			1.117091956795969
5629.4			1.1553152692537438
5630.3			1.1683023113660924
5631.200000000001			1.1616552321952804
5632.1			1.1484868633728795
5633.0			1.1338392125283085
5633.9			1.1168514466656643
5634.8			1.0971473824857825
5635.700000000001			1.0618247881198655
5636.6			1.0250530112446907
5637.5			1.0134340400050825
5638.4			1.0309264734384322
5639.3			1.0458755388167458
5640.200000000001			1.0249971423679063
5641.1			0.9910321997443271
5642.0			0.9879810701587424
5642.9			1.0027057720756563
5643.8			1.0084863267047508
5644.700000000001			1.0075713673048337
5645.6			1.0014775227463448
5646.5			1.0013663314068886
5647.4			1.0085970205731392
5648.3			1.0055257551481867
5649.200000000001			0.994963477841234
5650.1			1.0005215840986008
5651.0			1.0304114616063458
5651.9			1.0592419880817254
5652.8			1.0584897470932983
5653.700000000001			1.0
5654.6			0.9800979363798267
5655.5			1.0085064208846362
5656.4			1.0229510645648558
5657.3			0.9525541599109667
5658.200000000001			0.87532497658271
5659.1			0.9108392098386571
5660.0			1.0102648430721966
5660.9			1.0420374319949122
5661.8			1.0070686631955663
5662.700000000001			1.0
5663.6			1.0
5664.5			1.0
5665.4			1.0
5666.3			1.0
5667.200000000001			1.0
5668.1			1.0
5669.0			1.0
5669.9			1.0
5670.8			1.0
5671.700000000001			1.0
5672.6			1.0
5673.5			1.0
5674.4			1.0
5675.3			1.0
5676.200000000001			1.0
5677.1			1.0
5678.0			1.0
5678.9			1.0
5679.8			1.0
5680.700000000001			1.0
5681.6			1.0
5682.5			1.0
5683.4			1.0022803902237598
5684.3			1.022047492974055
5685.200000000001			1.0128692985113281
5686.1			0.9724059462195177
5687.0			0.9335478804192032
5687.9			0.9180857547250866
5688.8			0.9326379426382994
5689.700000000001			0.959415998777423
5690.6			0.9753929397619545
5691.5			0.9847068624277558
5692.4			0.9913687001731024
5693.3			1.0
5694.200000000001			1.0
5695.1			1.0
5696.0			1.0
5696.9			1.0
5697.8			1.0
5698.700000000001			1.0
5699.6			1.0
5700.5			1.0
5701.4			0.9605091281243479
5702.3			0.9531144487130443
5703.200000000001			0.9901862477445197
5704.1			1.026806624457687
5705.0			1.0144577731621196
5705.9			0.9674824625891216
5706.8			0.9250115271405013
5707.700000000001			0.8846706523861794
5708.6			0.8529642249977941
5709.5			0.8680722110624035
5710.4			0.8919111602596831
5711.3			0.8792841898698532
5712.200000000001			0.8909598411623293
5713.1			0.9523786766198719
5714.0			0.9986083374395339
5714.9			1.0045641939642187
5715.8			1.0040681276274386
5716.700000000001			1.0
5717.6			1.0
5718.5			1.0
5719.4			1.0
5720.3			1.0
5721.200000000001			1.0
5722.1			1.0
5723.0			1.0
5723.9			1.0
5724.8			0.998854748619279
5725.700000000001			0.9777175636710305
5726.6			0.931921315976032
5727.5			0.9221017906910641
5728.4			0.9759668726852645
5729.3			1.0227550140531358
5730.200000000001			1.0050335679964288
5731.1			1.0
5732.0			1.0
5732.9			1.0
5733.8			1.0
5734.700000000001			1.0
5735.6			1.0
5736.5			1.0
5737.4			1.0
5738.3			1.0
5739.200000000001			1.0
5740.1			1.0
5741.0			1.0
5741.9			1.0
5742.8			1.0
5743.700000000001			1.0
5744.6			1.0
5745.5			1.0
5746.4			1.0
5747.3			1.0
5748.200000000001			1.0
5749.1			1.0
5750.0			1.0
5750.9			1.00929257248612
5751.8			0.967162570581
5752.700000000001			0.9032279224236058
5753.6			0.8664485600315937
5754.5			0.8884282500136435
5755.4			0.9490029764924363
5756.3			1.0012206509361135
5757.200000000001			1.0
5758.1			1.0
5759.0			1.0
5759.9			1.0
5760.8			1.0
5761.700000000001			1.0
5762.6			1.0
5763.5			1.0
5764.4			1.0
5765.3			1.0
5766.200000000001			1.0
5767.1			1.0
5768.0			1.0
5768.9			1.0
5769.8			1.0
5770.700000000001			1.0
5771.6			1.0
5772.5			1.0
5773.4			1.0
5774.3			0.9915605157017531
5775.200000000001			0.991282868190643
5776.1			1.0032911244418048
5777.0			1.0191501322254415
5777.9			1.0305846635890805
5778.8			1.0120992720034352
5779.700000000001			0.9319501179413815
5780.6			0.8285886789281924
5781.5			0.7881040735651191
5782.4			0.8294457972077118
5783.3			0.8713317083179464
5784.200000000001			0.8544140302756457
5785.1			0.8307299079720358
5786.0			0.8664037673836361
5786.9			0.9344715188608084
5787.8			0.9802858306407062
5788.700000000001			1.0005888431364076
5789.6			1.0
5790.5			1.0
5791.4			1.0
5792.3			1.0
5793.200000000001			1.0
5794.1			1.0
5795.0			1.0
5795.9			0.9726216849393982
5796.8			0.9068649806372767
5797.700000000001			0.8669919717020701
5798.6			0.9106457778509612
5799.5			0.9953450294978654
5800.4			1.0
5801.3			1.0
5802.200000000001			1.0
5803.1			1.0
5804.0			1.0
5804.9			1.0
5805.8			1.0
5806.700000000001			1.0
5807.6			1.0
5808.5			1.0
5809.4			1.0
5810.3			1.0
5811.200000000001			1.0
5812.1			1.0
5813.0			0.9861560166867566
5813.9			0.9651171529841939
5814.8			0.9283734301205299
5815.700000000001			0.8994321572982019
5816.6			0.913811208783753
5817.5			0.9631158304977762
5818.4			1.0009455227600024
5819.3			1.0
5820.200000000001			1.0
5821.1			1.0
5822.0			1.0
5822.9			1.0
5823.8			1.0
5824.700000000001			1.0
5825.6			1.0
5826.5			1.0
5827.4			1.0
5828.3			1.0
5829.200000000001			1.0
5830.1			1.0
5831.0			1.0
5831.9			0.9981112869220046
5832.8			0.9896356764411948
5833.700000000001			0.965025458206524
5834.6			0.9543365744092968
5835.5			0.9831013900353146
5836.4			1.0124973871680834
5837.3			0.9994059511536079
5838.200000000001			1.0
5839.1			1.0
5840.0			1.0
5840.9			1.0
5841.8			1.0
5842.700000000001			1.0
5843.6			1.0
5844.5			1.0
5845.4			1.0
5846.3			1.0
5847.200000000001			1.0
5848.1			1.0
5849.0			1.0
5849.9			1.0
5850.8			1.0
5851.700000000001			1.0
5852.6			1.0
5853.5			1.0
5854.4			1.03069285340831
5855.3			1.0446220165306819
5856.200000000001			1.0028131093606627
5857.1			0.9409224806645007
5858.0			0.9181411075774485
5858.9			0.9430525293828164
5859.8			0.9856513614972329
5860.700000000001			1.0111607571125032
5861.6			1.0000150171957984
5862.5			1.0
5863.4			1.0
5864.3			1.0
5865.200000000001			1.0
5866.1			1.0
5867.0			1.0
5867.9			1.0
5868.8			1.0
5869.700000000001			1.0
5870.6			1.0
5871.5			1.0
5872.4			1.0
5873.3			1.0
5874.200000000001			1.0
5875.1			1.0
5876.0			1.0
5876.9			1.0
5877.8			1.0
5878.700000000001			1.0
5879.6			1.0
5880.5			1.0
5881.4			1.0
5882.3			1.0
5883.200000000001			1.0
5884.1			1.0
5885.0			1.0
5885.9			1.0
5886.8			0.9953766012798797
5887.700000000001			0.9059520495811638
5888.6			0.7002017514762162
5889.5			0.47319371447860176
5890.4			0.44008495970936123
5891.3			0.6419632328893348
5892.200000000001			0.8785089263991035
5893.1			1.0144681750893068
5894.0			1.0099704343540703
5894.9			1.0
5895.8			1.0
5896.700000000001			1.0
5897.6			1.0
5898.5			1.0
5899.4			1.0
5900.3			1.0
5901.200000000001			1.0
5902.1			1.0
5903.0			1.0
5903.9			1.0
5904.8			1.0
5905.700000000001			1.0
5906.6			1.0
5907.5			1.0
5908.4			1.0
5909.3			1.0
5910.200000000001			1.000594989757578
5911.1			1.0175371944069473
5912.0			1.0126872629168202
5912.9			0.968898753132178
5913.8			0.9276069170195341
5914.700000000001			0.9115530365813603
5915.6			0.9127551500647976
5916.5			0.9324615324260888
5917.4			0.9601732421066498
5918.3			0.978230186381816
5919.200000000001			1.0002160576848915
5920.1			1.0
5921.0			1.0
5921.9			1.0
5922.8			1.0
5923.700000000001			1.0
5924.6			1.0
5925.5			1.0
5926.4			1.0
5927.3			1.0
5928.200000000001			1.0
5929.1			1.0
5930.0			1.0
5930.9			1.0
5931.8			1.0333650171413074
5932.700000000001			1.0288030631833873
5933.6			0.9804168640408436
5934.5			0.935094189809912
5935.4			0.9426029206693232
5936.3			0.9781648952490428
5937.200000000001			0.9995452498726874
5938.1			1.0
5939.0			1.0
5939.9			1.0
5940.8			1.0
5941.700000000001			1.0
5942.6			1.0
5943.5			1.0
5944.4			1.0
5945.3			1.0
5946.200000000001			1.0
5947.1			1.0
5948.0			1.0
5948.9			1.0
5949.8			1.019897250554259
5950.700000000001			1.0442241263524996
5951.6			1.020492221162248
5952.5			0.9747255168003787
5953.4			0.9745422173756988
5954.3			1.0051135885313667
5955.200000000001			1.0042232519124021
5956.1			0.9711119345704652
5957.0			0.9480029054579889
5957.9			0.9548585911313335
5958.8			0.9796754439153904
5959.700000000001			1.0063316289647735
5960.6			1.0286554920436024
5961.5			1.0398895144718119
5962.4			1.0327916531906198
5963.3			1.0176792408462356
5964.200000000001			1.0007291853236726
5965.1			1.0
5966.0			1.0
5966.9			1.0
5967.8			1.0
5968.700000000001			1.0
5969.6			1.0
5970.5			1.0
5971.4			1.0
5972.3			1.0
5973.200000000001			1.0
5974.1			1.0
5975.0			1.0
5975.9			1.0
5976.8			1.0
5977.700000000001			1.0
5978.6			1.0
5979.5			1.0
5980.4			1.0151802889941466
5981.3			1.0101683840568307
5982.200000000001			0.9882655716011052
5983.1			0.9417505025491691
5984.0			0.901986763023695
5984.9			0.9195605389967381
5985.8			0.9746724991376365
5986.700000000001			1.003731036911761
5987.6			0.9997068499078263
5988.5			1.0
5989.4			1.0
5990.3			1.0
5991.200000000001			1.0
5992.1			1.0
5993.0			1.0
5993.9			1.0
5994.8			1.0
5995.700000000001			1.0
5996.6			1.0
5997.5			1.0
5998.4			1.0
5999.3			1.0
6000.200000000001			1.0
6001.1			1.0
6002.0			1.0
6002.9			1.0
6003.8			1.0
6004.700000000001			1.0
6005.6			0.9823440856815556
6006.5			0.946789335059735
6007.4			0.9054882104390741
6008.3			0.9003659206884573
6009.200000000001			0.9518748749007526
6010.1			1.0052493835026253
6011.0			1.0025419336080068
6011.9			1.0
6012.8			1.0
6013.700000000001			1.0
6014.6			1.0
6015.5			1.0
6016.4			1.0
6017.3			1.0
6018.200000000001			1.0
6019.1			1.0
6020.0			1.0
6020.9			1.0
6021.8			1.0
6022.700000000001			1.0
6023.6			1.0
6024.5			1.0
6025.4			1.0
6026.3			1.0
6027.200000000001			1.0
6028.1			1.0
6029.0			1.0
6029.9			1.0
6030.8			1.0
6031.700000000001			1.0
6032.6			1.0
6033.5			1.0
6034.4			1.0
6035.3			1.0
6036.200000000001			1.0
6037.1			1.0
6038.0			1.0
6038.9			1.0
6039.8			1.0
6040.700000000001			1.0
6041.6			1.0
6042.5			1.0
6043.4			1.0
6044.3			1.0
6045.200000000001			1.0
6046.1			1.0
6047.0			1.0
6047.9			1.0
6048.8			1.0
6049.700000000001			1.0
6050.6			1.0
6051.5			1.0
6052.4			1.0
6053.3			1.0
6054.200000000001			1.0
6055.1			1.0
6056.0			1.0
6056.9			1.0
6057.8			1.0
6058.700000000001			1.0
6059.6			1.0
6060.5			1.0
6061.4			0.9803000805489195
6062.3			0.9475045523274044
6063.200000000001			0.9207743506343018
6064.1			0.8914217842747413
6065.0			0.8673596221683574
6065.9			0.8919689017734747
6066.8			0.9505412571799385
6067.700000000001			0.9901379860783205
6068.6			1.000371329046267
6069.5			1.0
6070.4			1.0
6071.3			1.0
6072.200000000001			1.0
6073.1			1.0
6074.0			1.0
6074.9			1.0
6075.8			1.0
6076.700000000001			1.0
6077.6			1.0
6078.5			1.0
6079.4			1.0
6080.3			1.0
6081.200000000001			1.0
6082.1			1.0
6083.0			1.0
6083.9			1.0
6084.8			1.0
6085.700000000001			0.9882164230211711
6086.6			1.0005667265508529
6087.5			1.0218489069249426
6088.4			1.0137464456329919
6089.3			0.9642741342814835
6090.200000000001			0.9250898108000059
6091.1			0.9280032057450647
6092.0			0.9423818518651558
6092.9			0.9449743591371875
6093.8			0.9644476267944873
6094.700000000001			1.0007056541132129
6095.6			1.0
6096.5			1.0
6097.4			1.0
6098.3			1.0
6099.200000000001			1.0
6100.1			1.016929156600858
6101.0			0.9769963465766373
6101.9			0.8896533269106344
6102.8			0.8508975565411921
6103.700000000001			0.9049731080229005
6104.6			0.9766781511302443
6105.5			1.0009537503258301
6106.4			1.0
6107.3			1.0
6108.200000000001			1.0
6109.1			1.0
6110.0			1.0
6110.9			1.0
6111.8			1.0
6112.700000000001			1.0
6113.6			1.0
6114.5			1.0
6115.4			1.0
6116.3			1.0
6117.200000000001			1.0
6118.1			1.0130011020807619
6119.0			0.9852520628043456
6119.9			0.9395651960956104
6120.8			0.9024195520026865
6121.700000000001			0.8836044003095069
6122.6			0.9176227332726281
6123.5			0.9885121020595228
6124.4			1.0217212706631826
6125.3			1.0000971044794993
6126.200000000001			1.0
6127.1			1.0
6128.0			1.0
6128.9			1.0
6129.8			1.0
6130.700000000001			1.0
6131.6			1.0
6132.5			1.0
6133.4			1.0
6134.3			0.944929912217101
6135.200000000001			0.8624061524699713
6136.1			0.7722929241603866
6137.0			0.739125139894951
6137.9			0.8156202428510592
6138.8			0.9386720955823212
6139.700000000001			0.9993615209719772
6140.6			1.0
6141.5			1.0
6142.4			1.0
6143.3			1.0
6144.200000000001			1.0
6145.1			1.0
6146.0			1.0
6146.9			1.0
6147.8			1.0
6148.700000000001			1.0
6149.6			1.0
6150.5			1.0
6151.4			1.0
6152.3			1.0
6153.200000000001			1.0
6154.1			1.0
6155.0			1.0
6155.9			1.0
6156.8			1.0
6157.700000000001			1.0
6158.6			1.0225733160386512
6159.5			1.004952934427166
6160.4			0.924333698280217
6161.3			0.8363911799022153
6162.200000000001			0.8090653212491216
6163.1			0.8525065250738076
6164.0			0.9269308584621447
6164.9			0.9785367890371681
6165.8			1.0002353900294845
6166.700000000001			1.0
6167.6			1.0
6168.5			1.0
6169.4			1.0
6170.3			1.0
6171.200000000001			1.0
6172.1			1.0
6173.0			1.0
6173.9			1.0
6174.8			1.0
6175.700000000001			1.0
6176.6			1.0
6177.5			1.0
6178.4			1.0
6179.3			1.0
6180.200000000001			1.0
6181.1			1.0
6182.0			1.0
6182.9			1.0
6183.8			1.0
6184.700000000001			1.0
6185.6			1.0
6186.5			0.9628951907915144
6187.4			0.9361682760876117
6188.3			0.9248657235522604
6189.200000000001			0.9225702985804148
6190.1			0.8917796305443865
6191.0			0.8327462827404124
6191.9			0.833384317042671
6192.8			0.9101998624643329
6193.700000000001			0.9780825485104062
6194.6			0.999840842846495
6195.5			1.0021003732007598
6196.4			1.0
6197.3			1.0002424380054018
6198.200000000001			0.953044980218246
6199.1			0.8887809138472937
6200.0			0.8788831054265744
6200.9			0.929122779475691
6201.8			0.9821738371760939
6202.700000000001			1.0022211950089
6203.6			1.0
6204.5			1.0
6205.4			1.0
6206.3			1.0
6207.200000000001			1.0
6208.1			1.0
6209.0			1.0
6209.9			1.0
6210.8			0.9936685272937091
6211.700000000001			0.9816692193093025
6212.6			0.9291787618385012
6213.5			0.8702801736321573
6214.4			0.8521258291253493
6215.3			0.8683839182843174
6216.200000000001			0.913735169375251
6217.1			0.9765993587757519
6218.0			1.000721146559947
6218.9			1.0
6219.8			1.0
6220.700000000001			1.0
6221.6			1.0
6222.5			1.0
6223.4			1.0
6224.3			1.0
6225.200000000001			1.0
6226.1			1.0
6227.0			1.003694478171652
6227.9			0.9946135770409716
6228.8			0.951204956133562
6229.700000000001			0.8722036179984777
6230.6			0.8254720553943341
6231.5			0.8440950592109866
6232.4			0.8837302043004336
6233.3			0.933499549966055
6234.200000000001			1.000644690631247
6235.1			1.0
6236.0			1.000523708459787
6236.9			0.9826107922607421
6237.8			0.9490686062674794
6238.700000000001			0.8861892754085565
6239.6			0.8365124933944127
6240.5			0.8587172424087169
6241.4			0.8920386756528187
6242.3			0.8594226713461407
6243.200000000001			0.8302953536172376
6244.1			0.8657933718592442
6245.0			0.9018231044384287
6245.9			0.919275598075172
6246.8			0.9661627235726857
6247.700000000001			1.0
6248.6			1.0074453061081892
6249.5			0.99862036812397
6250.4			0.9808240953762855
6251.3			0.9278949715825913
6252.200000000001			0.8769009513610015
6253.1			0.8794226318245699
6254.0			0.9143327235282461
6254.9			0.9280691012999551
6255.8			0.8910083593269177
6256.700000000001			0.8212869710814948
6257.6			0.765175312648518
6258.5			0.7828394484588194
6259.4			0.8694048948613204
6260.3			0.9328516054255074
6261.200000000001			0.956141862881556
6262.1			1.004992360816559
6263.0			1.0619815669877402
6263.9			1.0444553743848382
6264.8			0.9766120015991472
6265.700000000001			0.9577172775186263
6266.6			0.9981770287045854
6267.5			1.0
6268.4			1.0
6269.3			1.0
6270.200000000001			1.0
6271.1			1.0
6272.0			1.0
6272.9			1.0
6273.8			1.0
6274.700000000001			0.9905662618529202
6275.6			1.0057396540515293
6276.5			1.0189664350680507
6277.4			1.0210799803882178
6278.3			1.0131715528369385
6279.200000000001			0.9821959429915755
6280.1			0.9425137004411231
6281.0			0.9249447889162277
6281.9			0.9307565876704713
6282.8			0.9427584326952282
6283.700000000001			0.9436771596720404
6284.6			0.9285728869558434
6285.5			0.9294566283021752
6286.4			0.9594915349844494
6287.3			0.9989990474768243
6288.200000000001			1.0
6289.1			1.0
6290.0			1.0
6290.9			1.0
6291.8			1.0
6292.700000000001			1.0
6293.6			1.0213967560212018
6294.5			1.0355597311499456
6295.4			0.9978626049836075
6296.3			0.9427693044732508
6297.200000000001			0.9384370690122046
6298.1			0.9887522910849148
6299.0			1.0288376203125629
6299.9			1.0258136654583339
6300.8			1.0012879066294291
6301.700000000001			1.0
6302.6			1.0
6303.5			1.0
6304.4			1.0
6305.3			1.0
6306.200000000001			1.0
6307.1			1.057257798679202
6308.0			1.0862346316205589
6308.9			1.0687491724328775
6309.8			1.0240981654661603
6310.700000000001			0.9796939185290344
6311.6			0.9633458369078501
6312.5			0.9804421163226716
6313.4			0.9855302645109864
6314.3			0.9527209634423399
6315.200000000001			0.934639047941759
6316.1			0.9502767805356285
6317.0			0.9375517404743299
6317.9			0.8962533826761945
6318.8			0.8945301666522416
6319.700000000001			0.9350472150396697
6320.6			0.9649240149270236
6321.5			0.9639802980827951
6322.4			0.96714362044243
6323.3			0.9850514522824115
6324.200000000001			0.9939901399888059
6325.1			0.9872745926101475
6326.0			0.9712126455309101
6326.9			0.9607501926997135
6327.8			0.9787167071093175
6328.700000000001			0.9998580392542923
6329.6			1.0
6330.5			1.0
6331.4			1.0
6332.3			1.0
6333.200000000001			1.0156048829777953
6334.1			0.9741643344609698
6335.0			0.903369592752724
6335.9			0.8823746735621095
6336.8			0.9336762506268883
6337.700000000001			0.987742212438166
6338.6			1.003444000448441
6339.5			1.0
6340.4			1.0
6341.3			1.0
6342.200000000001			1.0
6343.1			1.0
6344.0			1.0
6344.9			1.0
6345.8			1.0
6346.700000000001			1.0
6347.6			1.0
6348.5			1.0
6349.4			1.0
6350.3			1.0
6351.200000000001			1.0
6352.1			1.0
6353.0			1.0
6353.9			0.9481748456360998
6354.8			0.9279281954446166
6355.700000000001			0.957407367778377
6356.6			0.9779913400194582
6357.5			0.9394286828304984
6358.4			0.8804514301245672
6359.3			0.8594460824861329
6360.200000000001			0.8662896568957968
6361.1			0.8635523034529436
6362.0			0.851315146924571
6362.9			0.8540364704290175
6363.8			0.8747211369744028
6364.700000000001			0.9002902005110552
6365.6			0.9274620878452554
6366.5			0.9622122181472179
6367.4			1.0003243587366313
6368.3			1.0189811510335662
6369.200000000001			1.0111823547932512
6370.1			1.0000207925346547
6371.0			1.0
6371.9			1.0
6372.8			1.0
6373.700000000001			1.0
6374.6			0.9868347121457262
6375.5			0.9861476692806551
6376.4			0.9854173437546949
6377.3			0.9701001859235375
6378.200000000001			0.9459937737395725
6379.1			0.9363699897937551
6380.0			0.9424472664929319
6380.9			0.9583948255357543
6381.8			0.9854775780867993
6382.700000000001			1.0057641780548807
6383.6			1.0022382758184634
6384.5			1.0
6385.4			1.0
6386.3			1.0
6387.200000000001			1.0
6388.1			1.0
6389.0			1.0
6389.9			1.0
6390.8			1.0
6391.700000000001			1.0
6392.6			1.0
6393.5			1.0
6394.4			1.0
6395.3			1.0
6396.200000000001			1.0
6397.1			1.0
6398.0			0.9837053616061854
6398.9			0.9129764412416843
6399.8			0.8549240785243067
6400.700000000001			0.898152629591685
6401.6			0.9945574993882104
6402.5			1.0
6403.4			1.0
6404.3			1.0
6405.200000000001			1.0
6406.1			1.0
6407.0			1.0
6407.9			0.9837546963285483
6408.8			1.0199579811615918
6409.700000000001			1.0392474813247108
6410.6			0.9985616699823915
6411.5			0.9570196114725552
6412.4			0.9526952659909403
6413.3			0.9581666805070508
6414.200000000001			0.9720753747759204
6415.1			1.0002715383939969
6416.0			1.0
6416.9			0.9883890070001787
6417.8			0.9618083594606741
6418.700000000001			0.9330588346468565
6419.6			0.9004625000683674
6420.5			0.8817276298628196
6421.4			0.9098355847573216
6422.3			0.9762419407341518
6423.200000000001			1.0156857535107817
6424.1			0.9992010750859696
6425.0			1.0
6425.9			1.0
6426.8			1.0
6427.700000000001			1.0131355277565657
6428.6			0.9892189179760401
6429.5			0.9265785577833124
6430.4			0.871071321758123
6431.3			0.8859777407970291
6432.200000000001			0.9525832860002987
6433.1			1.0003174824120016
6434.0			1.0
6434.9			1.0
6435.8			1.0
6436.700000000001			1.0
6437.6			1.0
6438.5			1.0
6439.4			1.0
6440.3			1.0
6441.200000000001			1.0
6442.1			1.0
6443.0			1.0
6443.9			1.0
6444.8			1.0
6445.700000000001			1.0
6446.6			1.0
6447.5			0.979666570287586
6448.4			0.8945243762642784
6449.3			0.7918366484077766
6450.200000000001			0.7781084686717419
6451.1			0.8548626557480171
6452.0			0.939797683291067
6452.9			0.9965792099277834
6453.8			1.0
6454.700000000001			1.0
6455.6			1.0
6456.5			1.0
6457.4			1.0
6458.3			1.0
6459.200000000001			1.0
6460.1			1.006693070256715
6461.0			0.9625425147566932
6461.9			0.8854502460054388
6462.8			0.8632415004986846
6463.700000000001			0.9138365920241928
6464.6			0.9731058497781475
6465.5			1.0073251195906774
6466.4			1.0
6467.3			1.0
6468.200000000001			1.0
6469.1			1.0
6470.0			1.0
6470.9			1.0
6471.8			1.0
6472.700000000001			1.0
6473.6			1.0
6474.5			1.0
6475.4			1.0
6476.3			1.0
6477.200000000001			1.0
6478.1			1.0
6479.0			1.0
6479.9			0.9946984682329542
6480.8			0.9471874536886951
6481.700000000001			0.8907200069461949
6482.6			0.886098552329713
6483.5			0.9319054526726963
6484.4			0.978181943071466
6485.3			1.0018000633438324
6486.200000000001			1.0
6487.1			1.0
6488.0			1.0
6488.9			0.9783235990651614
6489.8			0.9516966317955361
6490.700000000001			0.9483300262159078
6491.6			0.9605132629893288
6492.5			0.9352737674347298
6493.4			0.8530685606378298
6494.3			0.7763384555306404
6495.200000000001			0.7705259572212614
6496.1			0.8099683833657646
6497.0			0.8481155322979349
6497.9			0.8735900956056201
6498.8			0.8923539420400076
6499.700000000001			0.928044109485194
6500.6			0.9705322215531709
6501.5			0.9990276711820857
6502.4			1.0
6503.3			1.0
6504.200000000001			1.0
6505.1			1.0
6506.0			1.0
6506.9			1.0
6507.8			1.0
6508.700000000001			1.0
6509.6			1.0
6510.5			1.0
6511.4			1.0
6512.3			1.0
6513.200000000001			1.0
6514.1			1.0
6515.0			1.0
6515.9			1.0
6516.8			1.0
6517.700000000001			1.0
6518.6			1.0
6519.5			1.0
6520.4			1.0
6521.3			1.0
6522.200000000001			1.0
6523.1			1.0
6524.0			1.0
6524.9			1.0
6525.8			1.0
6526.700000000001			1.0
6527.6			1.0
6528.5			1.0189448391514546
6529.4			1.0283697857985348
6530.3			1.013818962149518
6531.200000000001			0.9815747438369581
6532.1			0.949880415447376
6533.0			0.9439365758850067
6533.9			0.9702385747220236
6534.8			0.9980446330402198
6535.700000000001			0.9940785452670661
6536.6			1.0
6537.5			1.0
6538.4			1.0
6539.3			1.0
6540.200000000001			1.0
6541.1			1.0
6542.0			1.0
6542.9			1.0
6543.8			1.0
6544.700000000001			0.9822878008709764
6545.6			0.9406256029658463
6546.5			0.9289245151259957
6547.4			0.964944632198558
6548.3			1.0013093463279361
6549.200000000001			1.0
6550.1			1.0
6551.0			1.0
6551.9			1.0
6552.8			1.0
6553.700000000001			1.0
6554.6			1.0
6555.5			1.0
6556.4			1.0
6557.3			1.0
6558.200000000001			1.0
6559.1			1.0
6560.0			0.9983106455789544
6560.9			0.905616565993957
6561.8			0.7084695536940091
6562.700000000001			0.6007538784235776
6563.6			0.7193079309731906
6564.5			0.9056857927162207
6565.4			1.00025740671601
6566.3			1.0
6567.200000000001			1.0
6568.1			1.0
6569.0			1.0
6569.9			0.995936824584494
6570.8			1.0036387598002
6571.700000000001			0.9740617261447827
6572.6			0.9260296849935942
6573.5			0.8934797371862532
6574.4			0.889043676464733
6575.3			0.919444317669628
6576.200000000001			0.9673903983966914
6577.1			1.0016476398879155
6578.0			1.0
6578.9			1.0
6579.8			1.0
6580.700000000001			1.0
6581.6			1.0
6582.5			1.0
6583.4			1.0
6584.3			1.0
6585.200000000001			1.0
6586.1			1.0
6587.0			1.0
6587.9			1.0
6588.8			1.0
6589.700000000001			1.0
6590.6			0.9831566316405689
6591.5			0.9311583893330276
6592.4			0.8678033294457654
6593.3			0.860080384707882
6594.200000000001			0.9203176076236608
6595.1			0.9798177065318661
6596.0			0.9988787441759216
6596.9			1.0
6597.8			1.0
6598.700000000001			1.0
6599.6			1.0
6600.5			1.0
6601.4			1.0
6602.3			1.0
6603.200000000001			1.0
6604.1			0.9821338534641998
6605.0			0.9634061339528407
6605.9			0.9529812422314766
6606.8			0.9479226409482772
6607.700000000001			0.9249850797119248
6608.6			0.8966441947532582
6609.5			0.9241416935034652
6610.4			1.0030522650576277
6611.3			1.0540218207307968
6612.200000000001			1.0411933339030701
6613.1			0.9993315245201088
6614.0			1.0
6614.9			1.0
6615.8			1.0
6616.700000000001			1.0
6617.6			1.0
6618.5			1.0
6619.4			1.0
6620.3			1.0
6621.200000000001			1.0
6622.1			1.0
6623.0			0.9593058461836524
6623.9			0.9144086765736207
6624.8			0.9164024821021407
6625.700000000001			0.9635535019939996
6626.6			0.9984574296070535
6627.5			1.0
6628.4			1.0
6629.3			0.9837057596618729
6630.200000000001			0.9718387797286918
6631.1			0.9651422222712218
6632.0			0.9452490789024739
6632.9			0.9157886017823849
6633.8			0.9135649785306711
6634.700000000001			0.9530954574817284
6635.6			0.9980041761004653
6636.5			1.0180488920484039
6637.4			1.01905697836017
6638.3			1.0000096971773809
6639.200000000001			1.0
6640.1			1.0
6641.0			1.0
6641.9			0.9918195987431232
6642.8			0.944490401840649
6643.700000000001			0.9277317562462357
6644.6			0.9672811980899468
6645.5			0.9988866529466506
6646.4			1.0
6647.3			1.0
6648.200000000001			1.0
6649.1			1.0
6650.0			1.0
6650.9			1.0
6651.8			1.0
6652.700000000001			1.0
6653.6			1.0
6654.5			1.0
6655.4			1.0
6656.3			1.0
6657.200000000001			0.99700893599443
6658.1			1.0009195525525982
6659.0			0.9941544471016792
6659.9			0.9817539330446983
6660.8			0.9736180434125344
6661.700000000001			0.9573928541938718
6662.6			0.9236822072282572
6663.5			0.9110063793125056
6664.4			0.930460614936259
6665.3			0.935285109689339
6666.200000000001			0.9230518572465547
6667.1			0.9180584549392226
6668.0			0.9346186136979179
6668.9			0.9700381309590969
6669.8			1.000226150507436
6670.700000000001			1.0
6671.6			1.0
6672.5			1.0
6673.4			1.0
6674.3			1.0
6675.200000000001			1.0018517936433344
6676.1			0.971399834033461
6677.0			0.8999929907640712
6677.9			0.8597303650366156
6678.8			0.9074178898185076
6679.700000000001			0.9761404328881388
6680.6			1.0002180642269487
6681.5			1.0
6682.4			1.0
6683.3			1.0
6684.200000000001			1.0
6685.1			1.0
6686.0			1.0
6686.9			1.0
6687.8			1.0
6688.700000000001			1.0
6689.6			1.0
6690.5			1.0
6691.4			1.0
6692.3			1.0
6693.200000000001			1.0
6694.1			1.0
6695.0			1.0
6695.9			1.0
6696.8			1.0
6697.700000000001			1.0
6698.6			1.0
6699.5			1.0
6700.4			1.0
6701.3			1.0
6702.200000000001			1.0
6703.1			1.0
6704.0			1.0
6704.9			1.0
6705.8			1.0
6706.700000000001			1.0
6707.6			1.0
6708.5			1.0
6709.4			1.0
6710.3			1.0
6711.200000000001			1.0
6712.1			1.0072452338331774
6713.0			1.002755073359616
6713.9			0.9833464777356673
6714.8			0.9535941425045726
6715.700000000001			0.9259843044495456
6716.6			0.9073357912540471
6717.5			0.9189671813969338
6718.4			0.9713546859049413
6719.3			1.016258436920538
6720.200000000001			1.0171475157359
6721.1			0.9979242748957656
6722.0			1.0
6722.9			1.0
6723.8			1.0
6724.700000000001			1.0
6725.6			1.0
6726.5			1.0
6727.4			1.0147279917288168
6728.3			1.0307634584879846
6729.200000000001			1.0422273446311754
6730.1			1.0451873339181446
6731.0			1.0379620204417712
6731.9			1.0265402916303732
6732.8			1.014516623855169
6733.700000000001			1.007995711120951
6734.6			1.0156729164465015
6735.5			1.032642233973201
6736.4			1.0309663891183183
6737.3			1.0038732676246367
6738.200000000001			0.9719495097292419
6739.1			0.9645289982635882
6740.0			0.9870902765351701
6740.9			1.0056412020249452
6741.8			0.987480706888701
6742.700000000001			0.9613911750729754
6743.6			0.9708027593558157
6744.5			1.0
6745.4			0.9989309610512734
6746.3			0.9934704291977419
6747.200000000001			1.0029578135636814
6748.1			1.0147335826025525
6749.0			1.0070842764508254
6749.9			1.0015114102434324
6750.8			1.0043634293648174
6751.700000000001			0.9808666867809516
6752.6			0.9512548330817069
6753.5			0.9674995405650497
6754.4			1.0041983553176572
6755.3			1.028291483504302
6756.200000000001			1.0553856830709245
6757.1			1.0778804915805138
6758.0			1.081060946745513
6758.9			1.0783233060376636
6759.8			1.0783156544176504
6760.700000000001			1.063292149746829
6761.6			1.0400685091882085
6762.5			1.0356636350639237
6763.4			1.045914935441041
6764.3			1.04593203491003
6765.200000000001			1.0185285277461713
6766.1			0.9763525011337756
6767.0			0.9597630067660251
6767.9			0.981495367035578
6768.8			1.0032256058546458
6769.700000000001			0.9930665758814591
6770.6			0.9713988260839009
6771.5			0.9763226753901197
6772.4			1.0067547325615624
6773.3			1.030101000108584
6774.200000000001			1.0435020857156718
6775.1			1.0530692668961814
6776.0			1.048875380586675
6776.9			1.039864787153074
6777.8			1.0498543266852696
6778.700000000001			1.0680375407038942
6779.6			1.0713117096995652
6780.5			1.0655928510705168
6781.4			1.0471964328709173
6782.3			1.0106450468128942
6783.200000000001			0.9733912309952208
6784.1			0.9579449450051213
6785.0			0.9656814366185051
6785.9			0.9895245115636999
6786.8			1.0259882236436526
6787.700000000001			1.0519497697076396
6788.6			1.046681340734221
6789.5			1.0298682390633367
6790.4			1.0319424959549115
6791.3			1.042625530780589
6792.200000000001			1.029978418930349
6793.1			1.0029128351365415
6794.0			0.9963888887799875
6794.9			1.0049041925384001
6795.8			1.0145565030137502
6796.700000000001			1.0257661111875376
6797.6			1.0324956406636026
6798.5			1.0341714895389196
6799.4			1.0372295535414562
6800.3			1.0380872359082547
6801.200000000001			1.0384725121525933
6802.1			1.038026776182482
6803.0			1.0323725772294043
6803.9			1.031340607017591
6804.8			1.0361030051187812
6805.700000000001			1.028621058279095
6806.6			1.0218729785364624
6807.5			1.031723973779225
6808.4			1.0343788860831191
6809.3			1.0180989116044001
6810.200000000001			1.0089623274678445
6811.1			1.0184190945735605
6812.0			1.0306178279376998
6812.9			1.0299870478638329
6813.8			1.0112355125659478
6814.700000000001			1.0003207037454716
6815.6			1.0201188453790282
6816.5			1.0522286735839337
6817.4			1.063444337897055
6818.3			1.0498155651567092
6819.200000000001			1.0250471212213879
6820.1			1.0166269968398298
6821.0			1.0361047639903418
6821.9			1.0602824454641013
6822.8			1.0734029811453007
6823.700000000001			1.0748777089472694
6824.6			1.0722974817883837
6825.5			1.0667450934982106
6826.4			1.054512627085084
6827.3			1.0299374026238375
6828.200000000001			1.008610605376614
6829.1			1.0160666988095162
6830.0			1.0412713325252796
6830.9			1.0532890151065157
6831.8			1.0391174778802927
6832.700000000001			1.0218681531319442
6833.6			1.0301286028405052
6834.5			1.0528733660175138
6835.4			1.0617882688732552
6836.3			1.049452603852039
6837.200000000001			1.0313413973257715
6838.1			1.009488492764777
6839.0			0.9829332696783608
6839.9			0.9586306190828885
6840.8			0.93990467088883
6841.700000000001			0.9367795635744421
6842.6			0.9579071654502427
6843.5			0.9918010720919938
6844.4			1.0131312448870782
6845.3			1.0171917263964403
6846.200000000001			1.0165833950436711
6847.1			1.0228320235001527
6848.0			1.0319812550318845
6848.9			1.039861455566957
6849.8			1.0395854091344703
6850.700000000001			1.0310852329703672
6851.6			1.0336134445195395
6852.5			1.0426507248338501
6853.4			1.0264107705647292
6854.3			0.9845524078105337
6855.200000000001			0.9695736273996383
6856.1			0.9921195621190775
6857.0			1.0135315572344998
6857.9			1.0225544712188557
6858.8			1.0216700380403907
6859.700000000001			0.9951658293962311
6860.6			0.9496745275897436
6861.5			0.9384020268235426
6862.4			0.9843841881893093
6863.3			1.037953462655529
6864.200000000001			1.0550966576821572
6865.1			1.0524760366783927
6866.0			1.0561617171834254
6866.9			1.0492422042752434
6867.8			1.010579059100031
6868.700000000001			0.9637577357276269
6869.6			0.9661397774505768
6870.5			1.0074607531466166
6871.4			1.0047580296242724
6872.3			0.9891417089353841
6873.200000000001			1.0112388388392566
6874.1			1.0383459820671213
6875.0			1.0335106649962087
6875.9			1.0227839260854332
6876.8			1.0362420608409135
6877.700000000001			1.052855536078121
6878.6			1.0537800933194925
6879.5			1.0428644702686427
6880.4			1.0173299537687575
6881.3			0.9866136012572662
6882.200000000001			0.982728268042336
6883.1			1.0100946526949122
6884.0			1.0357117973678562
6884.9			1.0370517747614547
6885.8			1.027629036982022
6886.700000000001			1.0278528081376235
6887.6			1.0534478952773922
6888.5			1.0912685900370953
6889.4			1.0922866790786183
6890.3			1.072449130233846
6891.200000000001			1.0846046625836159
6892.1			1.1013613700682987
6893.0			1.072730158927741
6893.9			1.039383303201618
6894.8			1.0568060044764322
6895.700000000001			1.0790085128796427
6896.6			1.0523011307667287
6897.5			1.0232229449062602
6898.4			1.0400842921083107
6899.3			1.058488487603666
6900.200000000001			1.0363824127178973
6901.1			1.017424840412277
6902.0			1.0483296312481671
6902.9			1.0941775991656957
6903.8			1.087100257298987
6904.700000000001			1.0318841069394653
6905.6			1.0022353791122873
6906.5			1.0394332212288602
6907.4			1.0908961960126349
6908.3			1.0955307352106753
6909.200000000001			1.0550157265373556
6910.1			1.0163583643012224
6911.0			1.0223954752174635
6911.9			1.0454507108549238
6912.8			1.025524804957773
6913.700000000001			0.9779121050079795
6914.6			0.9670825602466512
6915.5			0.9990752250055355
6916.4			1.0303454286726663
6917.3			1.04894202215046
6918.200000000001			1.0566759217482495
6919.1			1.0496484548736558
6920.0			1.0528075439885765
6920.9			1.080832799780302
6921.8			1.0997445201361125
6922.700000000001			1.0817081171478873
6923.6			1.0234258452890732
6924.5			0.9660560731631928
6925.4			0.9602941672829766
6926.3			1.000076555689464
6927.200000000001			1.0367024462034242
6928.1			1.0454832108604621
6929.0			1.0414171173936715
6929.9			1.0352897329077366
6930.8			1.0304864744194369
6931.700000000001			1.0150708212372985
6932.6			0.9933235259479881
6933.5			0.9922434122975011
6934.4			1.0161780616622578
6935.3			1.0296647113610935
6936.200000000001			1.0232989591838997
6937.1			1.018294580572273
6938.0			1.020439545611852
6938.9			1.030632299429833
6939.8			1.046609329706127
6940.700000000001			1.0545216092444643
6941.6			1.0408211734596633
6942.5			1.0178208895951015
6943.4			0.9952436826943004
6944.3			0.9677487792268252
6945.200000000001			0.9647376698780795
6946.1			0.9970909155252734
6947.0			1.0219519598844227
6947.9			1.0287458551405357
6948.8			1.0380660300433426
6949.700000000001			1.033441423590836
6950.6			1.006159095107243
6951.5			0.9907336348178669
6952.4			0.9859989979987255
6953.3			0.9762442214639856
6954.200000000001			0.9773560191175422
6955.1			1.0072704799471661
6956.0			1.0420899468477516
6956.9			1.0504695034071194
6957.8			1.0465490339104375
6958.700000000001			1.044287977069837
6959.6			1.0396742111580854
6960.5			1.0392050565857585
6961.4			1.0458645460133804
6962.3			1.0512982932285713
6963.200000000001			1.0609344917394679
6964.1			1.0615800495672323
6965.0			1.036752798053932
6965.9			1.0208403891223021
6966.8			1.0412711541499478
6967.700000000001			1.0650669412212825
6968.6			1.0676894514933488
6969.5			1.0466573200749325
6970.4			1.0105509349328534
6971.3			0.999587313555104
6972.200000000001			1.0264279501100673
6973.1			1.0413905157413679
6974.0			1.0196357964753189
6974.9			0.9967965458740241
6975.8			0.9837741823595351
6976.700000000001			0.949463344923705
6977.6			0.881939010417452
6978.5			0.8444477188362046
6979.4			0.8939449462837241
6980.3			0.9684700037407852
6981.200000000001			1.0046116159749856
6982.1			1.0224960909043215
6983.0			1.0363110770566486
6983.9			1.0390948083880789
6984.8			1.0341668042538605
6985.700000000001			1.0318499620019614
6986.6			1.0321102737453691
6987.5			1.0238521612061917
6988.4			1.0063440070336558
6989.3			0.9957925251646844
6990.200000000001			1.008178781446883
6991.1			1.040604240493132
6992.0			1.0625982654655872
6992.9			1.0534315929263107
6993.8			1.0354182379875068
6994.700000000001			1.0352458745785058
6995.6			1.046189245066555
6996.5			1.0509441163464042
6997.4			1.0486151273163822
6998.3			1.0255596631920352
6999.200000000001			0.9892123004478772
7000.1			1.0
7001.0			1.0
7001.9			1.0
7002.8			1.0
7003.700000000001			1.0
7004.6			1.0
7005.5			1.0
7006.4			1.0
7007.3			1.0
7008.200000000001			1.0
7009.1			1.0
7010.0			1.0
7010.9			1.0
7011.8			1.0
7012.700000000001			1.0
7013.6			1.0
7014.5			1.0
7015.4			1.0
7016.3			1.0
7017.200000000001			1.0
7018.1			1.0
7019.0			1.0
7019.9			1.0
7020.8			1.0
7021.700000000001			1.0
7022.6			1.0
7023.5			1.0
7024.4			1.0
7025.3			1.0
7026.200000000001			1.0
7027.1			1.0
7028.0			1.0
7028.9			1.0
7029.8			1.0
7030.700000000001			1.0
7031.6			1.0
7032.5			1.0
7033.4			1.0
7034.3			1.0
7035.200000000001			1.0
7036.1			1.0
7037.0			1.0
7037.9			1.0
7038.8			1.0
7039.700000000001			1.0
7040.6			1.0
7041.5			1.0
7042.4			1.0
7043.3			1.0
7044.200000000001			1.0
7045.1			1.0
7046.0			1.0
7046.9			1.0
7047.8			1.0
7048.700000000001			1.0
7049.6			1.0
7050.5			1.0
7051.4			1.0
7052.3			1.0
7053.200000000001			1.0
7054.1			1.0
7055.0			1.0
7055.9			1.0
7056.8			1.0
7057.700000000001			1.0
7058.6			1.0
7059.5			1.0
7060.4			1.0
7061.3			1.0
7062.200000000001			1.0
7063.1			1.0
7064.0			1.0
7064.9			1.0
7065.8			1.0
7066.700000000001			1.0
7067.6			1.0
7068.5			1.0
7069.4			1.0
7070.3			1.0
7071.200000000001			1.0
7072.1			1.0
7073.0			1.0
7073.9			1.0
7074.8			1.0
7075.700000000001			1.0
7076.6			1.0
7077.5			1.0
7078.4			1.0
7079.3			1.0
7080.200000000001			1.0
7081.1			1.0
7082.0			1.0
7082.9			1.0
7083.8			1.0
7084.700000000001			1.0
7085.6			1.0
7086.5			1.0
7087.4			1.0
7088.3			1.0
7089.200000000001			1.0
7090.1			1.0
7091.0			1.0
7091.9			1.0
7092.8			1.0
7093.700000000001			1.0
7094.6			1.0
7095.5			1.0
7096.4			1.0
7097.3			1.0
7098.200000000001			1.0
7099.1			1.0
7100.0			1.0
7100.9			1.0
7101.8			1.0
7102.700000000001			1.0
7103.6			1.0
7104.5			1.0
7105.4			1.0
7106.3			1.0
7107.200000000001			1.0
7108.1			1.0
7109.0			1.0
7109.9			1.0
7110.8			1.0
7111.700000000001			1.0
7112.6			1.0
7113.5			1.0
7114.4			1.0
7115.3			1.0
7116.200000000001			1.0
7117.1			1.0
7118.0			1.0
7118.9			1.0
7119.8			1.0
7120.700000000001			1.0
7121.6			1.0
7122.5			1.0
7123.4			1.0
7124.3			1.0
7125.200000000001			1.0
7126.1			1.0
7127.0			1.0
7127.9			1.0
7128.8			1.0
7129.700000000001			1.0
7130.6			1.0
7131.5			1.0
7132.4			1.0
7133.3			1.0
7134.200000000001			1.0
7135.1			1.0
7136.0			1.0
7136.9			1.0
7137.8			1.0
7138.700000000001			1.0
7139.6			1.0
7140.5			1.0
7141.4			1.0
7142.3			1.0
7143.200000000001			1.0
7144.1			1.0
7145.0			1.0
7145.9			1.0
7146.8			1.0
7147.700000000001			1.0
7148.6			1.0
7149.5			1.0
7150.4			1.0
7151.3			1.0
7152.200000000001			1.0
7153.1			1.0
7154.0			1.0
7154.9			1.0
7155.8			1.0
7156.700000000001			1.0
7157.6			1.0
7158.5			1.0
7159.4			1.0
7160.3			1.0
7161.200000000001			1.0
7162.1			1.0
7163.0			1.0
7163.9			1.0
7164.8			1.0
7165.700000000001			1.0
7166.6			1.0
7167.5			1.0
7168.4			1.0
7169.3			1.0
7170.200000000001			1.0
7171.1			1.0
7172.0			1.0
7172.9			1.0
7173.8			1.0
7174.700000000001			1.0
7175.6			1.0
7176.5			1.0
7177.4			1.0
7178.3			1.0
7179.200000000001			1.0
7180.1			1.0
7181.0			1.0
7181.9			1.0
7182.8			1.0
7183.700000000001			1.0
7184.6			1.0
7185.5			1.0
7186.4			1.0
7187.3			1.0
7188.200000000001			1.0
7189.1			1.0
7190.0			1.0
7190.9			1.0
7191.8			1.0
7192.700000000001			1.0
7193.6			1.0
7194.5			1.0
7195.4			1.0
7196.3			1.0
7197.200000000001			1.0
7198.1			1.0
7199.0			1.0
7199.9			1.0
7200.8			1.0
7201.700000000001			1.0
7202.6			1.0
7203.5			1.0
7204.4			1.0
7205.3			1.0
7206.200000000001			1.0
7207.1			1.0
7208.0			1.0
7208.9			1.0
7209.8			1.0
7210.700000000001			1.0
7211.6			1.0
7212.5			1.0
7213.4			1.0
7214.3			1.0
7215.200000000001			1.0
7216.1			1.0
7217.0			1.0
7217.9			1.0
7218.8			1.0
7219.700000000001			1.0
7220.6			1.0
7221.5			1.0
7222.4			1.0
7223.3			1.0
7224.200000000001			1.0
7225.1			1.0
7226.0			1.0
7226.9			1.0
7227.8			1.0
7228.700000000001			1.0
7229.6			1.0
7230.5			1.0
7231.4			1.0
7232.3			1.0
7233.200000000001			1.0
7234.1			1.0
7235.0			1.0
7235.9			1.0
7236.8			1.0
7237.700000000001			1.0
7238.6			1.0
7239.5			1.0
7240.4			1.0
7241.3			1.0
7242.200000000001			1.0
7243.1			1.0
7244.0			1.0
7244.9			1.0
7245.8			1.0
7246.700000000001			1.0
7247.6			1.0
7248.5			1.0
7249.4			1.0
7250.3			1.0
7251.200000000001			1.0
7252.1			1.0
7253.0			1.0
7253.9			1.0
7254.8			1.0
7255.700000000001			1.0
7256.6			1.0
7257.5			1.0
7258.4			1.0
7259.3			1.0
7260.200000000001			1.0
7261.1			1.0
7262.0			1.0
7262.9			1.0
7263.8			1.0
7264.700000000001			1.0
7265.6			1.0
7266.5			1.0
7267.4			1.0
7268.3			1.0
7269.200000000001			1.0
7270.1			1.0
7271.0			1.0
7271.9			1.0
7272.8			1.0
7273.700000000001			1.0
7274.6			1.0
7275.5			1.0
7276.4			1.0
7277.3			1.0
7278.200000000001			1.0
7279.1			1.0
7280.0			1.0
7280.9			1.0
7281.8			1.0
7282.700000000001			1.0
7283.6			1.0
7284.5			1.0
7285.4			1.0
7286.3			1.0
7287.200000000001			1.0
7288.1			1.0
7289.0			1.0
7289.9			1.0
7290.8			1.0
7291.700000000001			1.0
7292.6			1.0
7293.5			1.0
7294.4			1.0
7295.3			1.0
7296.200000000001			1.0
7297.1			1.0
7298.0			1.0
7298.9			1.0
7299.8			1.0
7300.700000000001			1.0
7301.6			1.0
7302.5			1.0
7303.4			1.0
7304.3			1.0
7305.200000000001			1.0
7306.1			1.0
7307.0			1.0
7307.9			1.0
7308.8			1.0
7309.700000000001			1.0
7310.6			1.0
7311.5			1.0
7312.4			1.0
7313.3			1.0
7314.200000000001			1.0
7315.1			1.0
7316.0			1.0
7316.9			1.0
7317.8			1.0
7318.700000000001			1.0
7319.6			1.0
7320.5			1.0
7321.4			1.0
7322.3			1.0
7323.200000000001			1.0
7324.1			1.0
7325.0			1.0
7325.9			1.0
7326.8			1.0
7327.700000000001			1.0
7328.6			1.0
7329.5			1.0
7330.4			1.0
7331.3			1.0
7332.200000000001			1.0
7333.1			1.0
7334.0			1.0
7334.9			1.0
7335.8			1.0
7336.700000000001			1.0
7337.6			1.0
7338.5			1.0
7339.4			1.0
7340.3			1.0
7341.200000000001			1.0
7342.1			1.0
7343.0			1.0
7343.9			1.0
7344.8			1.0
7345.700000000001			1.0
7346.6			1.0
7347.5			1.0
7348.4			1.0
7349.3			1.0
7350.200000000001			1.0
7351.1			1.0
7352.0			1.0
7352.9			1.0
7353.8			1.0
7354.700000000001			1.0
7355.6			1.0
7356.5			1.0
7357.4			1.0
7358.3			1.0
7359.200000000001			1.0
7360.1			1.0
7361.0			1.0
7361.9			1.0
7362.8			1.0
7363.700000000001			1.0
7364.6			1.0
7365.5			1.0
7366.4			1.0
7367.3			1.0
7368.200000000001			1.0
7369.1			1.0
7370.0			1.0
7370.9			1.0
7371.8			1.0
7372.700000000001			1.0
7373.6			1.0
7374.5			1.0
7375.4			1.0
7376.3			1.0
7377.200000000001			1.0
7378.1			1.0
7379.0			1.0
7379.9			1.0
7380.8			1.0
7381.700000000001			1.0
7382.6			1.0
7383.5			1.0
7384.4			1.0
7385.3			1.0
7386.200000000001			1.0
7387.1			1.0
7388.0			1.0
7388.9			1.0
7389.8			1.0
7390.700000000001			1.0
7391.6			1.0
7392.5			1.0
7393.4			1.0
7394.3			1.0
7395.200000000001			1.0
7396.1			1.0
7397.0			1.0
7397.9			1.0
7398.8			1.0
7399.700000000001			1.0
7400.6			1.0
7401.5			1.0
7402.4			1.0
7403.3			1.0
7404.200000000001			1.0
7405.1			1.0
7406.0			1.0
7406.9			1.0
7407.8			1.0
7408.700000000001			1.0
7409.6			1.0
7410.5			1.0
7411.4			1.0
7412.3			1.0
7413.200000000001			1.0
7414.1			1.0
7415.0			1.0
7415.9			1.0
7416.8			1.0
7417.700000000001			1.0
7418.6			1.0
7419.5			1.0
7420.4			1.0
7421.3			1.0
7422.200000000001			1.0
7423.1			1.0
7424.0			1.0
7424.9			1.0
7425.8			1.0
7426.700000000001			1.0
7427.6			1.0
7428.5			1.0
7429.4			1.0
